iter,cost,return,par,move,X,Z,Q,max_iter,mem_size,mem_consider,sigma,port_n,k,seed,tag
1,0.05433272230937002,0.009452498669527855,0.4,8.058708007550177,[0.         0.         0.         0.         0.8341126  0.         0.         0.         0.         0.01789103 0.         0.         0.         0.         0.         0.03575244 0.         0.01919542 0.         0.01160476 0.         0.01126605 0.         0.         0.         0.01125884 0.         0.03596008 0.         0.01143302 0.01152576],[0. 0. 0. 0. 1. 0. 0. 0. 0. 1. 0. 0. 0. 0. 0. 1. 0. 1. 0. 1. 0. 1. 0. 0. 0. 1. 0. 1. 0. 1. 1.],10.0,10000,30,0.6,10,1,10,,problem_solving
100,0.05433272230937002,0.009452498669527855,0.4,1.5406742172648769,[0.         0.         0.         0.         0.8341126  0.         0.         0.         0.         0.01789103 0.         0.         0.         0.         0.         0.03575244 0.         0.01919542 0.         0.01160476 0.         0.01126605 0.         0.         0.         0.01125884 0.         0.03596008 0.         0.01143302 0.01152576],[0. 0. 0. 0. 1. 0. 0. 0. 0. 1. 0. 0. 0. 0. 0. 1. 0. 1. 0. 1. 0. 1. 0. 0. 0. 1. 0. 1. 0. 1. 1.],10.0,10000,30,0.6,10,1,10,,problem_solving
200,0.05433272230937002,0.009452498669527855,0.4,5.957182077981342,[0.         0.         0.         0.         0.8341126  0.         0.         0.         0.         0.01789103 0.         0.         0.         0.         0.         0.03575244 0.         0.01919542 0.         0.01160476 0.         0.01126605 0.         0.         0.         0.01125884 0.         0.03596008 0.         0.01143302 0.01152576],[0. 0. 0. 0. 1. 0. 0. 0. 0. 1. 0. 0. 0. 0. 0. 1. 0. 1. 0. 1. 0. 1. 0. 0. 0. 1. 0. 1. 0. 1. 1.],10.0,10000,30,0.6,10,1,10,,problem_solving
300,0.05433272230937002,0.009452498669527855,0.4,3.5011104845915164,[0.         0.         0.         0.         0.8341126  0.         0.         0.         0.         0.01789103 0.         0.         0.         0.         0.         0.03575244 0.         0.01919542 0.         0.01160476 0.         0.01126605 0.         0.         0.         0.01125884 0.         0.03596008 0.         0.01143302 0.01152576],[0. 0. 0. 0. 1. 0. 0. 0. 0. 1. 0. 0. 0. 0. 0. 1. 0. 1. 0. 1. 0. 1. 0. 0. 0. 1. 0. 1. 0. 1. 1.],10.0,10000,30,0.6,10,1,10,,problem_solving
400,0.05433272230937002,0.009452498669527855,0.4,-4.175956278248797,[0.         0.         0.         0.         0.8341126  0.         0.         0.         0.         0.01789103 0.         0.         0.         0.         0.         0.03575244 0.         0.01919542 0.         0.01160476 0.         0.01126605 0.         0.         0.         0.01125884 0.         0.03596008 0.         0.01143302 0.01152576],[0. 0. 0. 0. 1. 0. 0. 0. 0. 1. 0. 0. 0. 0. 0. 1. 0. 1. 0. 1. 0. 1. 0. 0. 0. 1. 0. 1. 0. 1. 1.],10.0,10000,30,0.6,10,1,10,,problem_solving
500,0.05433272230937002,0.009452498669527855,0.4,-11.753087029279744,[0.         0.         0.         0.         0.8341126  0.         0.         0.         0.         0.01789103 0.         0.         0.         0.         0.         0.03575244 0.         0.01919542 0.         0.01160476 0.         0.01126605 0.         0.         0.         0.01125884 0.         0.03596008 0.         0.01143302 0.01152576],[0. 0. 0. 0. 1. 0. 0. 0. 0. 1. 0. 0. 0. 0. 0. 1. 0. 1. 0. 1. 0. 1. 0. 0. 0. 1. 0. 1. 0. 1. 1.],10.0,10000,30,0.6,10,1,10,,problem_solving
600,0.05433272230937002,0.009452498669527855,0.4,1.1875319588676225,[0.         0.         0.         0.         0.8341126  0.         0.         0.         0.         0.01789103 0.         0.         0.         0.         0.         0.03575244 0.         0.01919542 0.         0.01160476 0.         0.01126605 0.         0.         0.         0.01125884 0.         0.03596008 0.         0.01143302 0.01152576],[0. 0. 0. 0. 1. 0. 0. 0. 0. 1. 0. 0. 0. 0. 0. 1. 0. 1. 0. 1. 0. 1. 0. 0. 0. 1. 0. 1. 0. 1. 1.],10.0,10000,30,0.6,10,1,10,,problem_solving
700,0.04784093442467112,0.006695993762432125,0.4,11.227770482967035,[0.         0.         0.         0.01156846 0.859836   0.         0.01095366 0.         0.02167702 0.         0.         0.         0.         0.01550632 0.         0.         0.         0.         0.         0.         0.         0.01076143 0.0188463  0.01655645 0.         0.02026146 0.         0.         0.01403291 0.         0.        ],[0. 0. 0. 1. 1. 0. 1. 0. 1. 0. 0. 0. 0. 1. 0. 0. 0. 0. 0. 0. 0. 1. 1. 1. 0. 1. 0. 0. 1. 0. 0.],10.0,10000,30,0.6,10,1,10,,problem_solving
800,0.041692013953585384,0.00991364392257158,0.4,3.231374286966657,[0.         0.01822997 0.         0.         0.87582683 0.         0.         0.         0.         0.         0.         0.         0.         0.         0.01527189 0.         0.01043613 0.         0.01504458 0.         0.01053656 0.         0.01165181 0.         0.         0.         0.         0.01187077 0.         0.01540721 0.01572427],[0. 1. 0. 0. 1. 0. 0. 0. 0. 0. 0. 0. 0. 0. 1. 0. 1. 0. 1. 0. 1. 0. 1. 0. 0. 0. 0. 1. 0. 1. 1.],10.0,10000,30,0.6,10,1,10,,problem_solving
900,0.041692013953585384,0.00991364392257158,0.4,-9.30945026339746,[0.         0.01822997 0.         0.         0.87582683 0.         0.         0.         0.         0.         0.         0.         0.         0.         0.01527189 0.         0.01043613 0.         0.01504458 0.         0.01053656 0.         0.01165181 0.         0.         0.         0.         0.01187077 0.         0.01540721 0.01572427],[0. 1. 0. 0. 1. 0. 0. 0. 0. 0. 0. 0. 0. 0. 1. 0. 1. 0. 1. 0. 1. 0. 1. 0. 0. 0. 0. 1. 0. 1. 1.],10.0,10000,30,0.6,10,1,10,,problem_solving
1000,0.041692013953585384,0.00991364392257158,0.4,-2.8733075780354707,[0.         0.01822997 0.         0.         0.87582683 0.         0.         0.         0.         0.         0.         0.         0.         0.         0.01527189 0.         0.01043613 0.         0.01504458 0.         0.01053656 0.         0.01165181 0.         0.         0.         0.         0.01187077 0.         0.01540721 0.01572427],[0. 1. 0. 0. 1. 0. 0. 0. 0. 0. 0. 0. 0. 0. 1. 0. 1. 0. 1. 0. 1. 0. 1. 0. 0. 0. 0. 1. 0. 1. 1.],10.0,10000,30,0.6,10,1,10,,problem_solving
1100,0.041692013953585384,0.00991364392257158,0.4,-6.288458520828552,[0.         0.01822997 0.         0.         0.87582683 0.         0.         0.         0.         0.         0.         0.         0.         0.         0.01527189 0.         0.01043613 0.         0.01504458 0.         0.01053656 0.         0.01165181 0.         0.         0.         0.         0.01187077 0.         0.01540721 0.01572427],[0. 1. 0. 0. 1. 0. 0. 0. 0. 0. 0. 0. 0. 0. 1. 0. 1. 0. 1. 0. 1. 0. 1. 0. 0. 0. 0. 1. 0. 1. 1.],10.0,10000,30,0.6,10,1,10,,problem_solving
1200,0.041692013953585384,0.00991364392257158,0.4,11.552040607583361,[0.         0.01822997 0.         0.         0.87582683 0.         0.         0.         0.         0.         0.         0.         0.         0.         0.01527189 0.         0.01043613 0.         0.01504458 0.         0.01053656 0.         0.01165181 0.         0.         0.         0.         0.01187077 0.         0.01540721 0.01572427],[0. 1. 0. 0. 1. 0. 0. 0. 0. 0. 0. 0. 0. 0. 1. 0. 1. 0. 1. 0. 1. 0. 1. 0. 0. 0. 0. 1. 0. 1. 1.],10.0,10000,30,0.6,10,1,10,,problem_solving
1300,0.041692013953585384,0.00991364392257158,0.4,7.576254415339071,[0.         0.01822997 0.         0.         0.87582683 0.         0.         0.         0.         0.         0.         0.         0.         0.         0.01527189 0.         0.01043613 0.         0.01504458 0.         0.01053656 0.         0.01165181 0.         0.         0.         0.         0.01187077 0.         0.01540721 0.01572427],[0. 1. 0. 0. 1. 0. 0. 0. 0. 0. 0. 0. 0. 0. 1. 0. 1. 0. 1. 0. 1. 0. 1. 0. 0. 0. 0. 1. 0. 1. 1.],10.0,10000,30,0.6,10,1,10,,problem_solving
1400,0.03540249197536847,0.009915398225999923,0.4,-5.706084495774406,[0.         0.01058027 0.         0.         0.87545678 0.         0.         0.         0.         0.01381859 0.01743854 0.         0.         0.01056478 0.01053801 0.         0.         0.         0.         0.         0.         0.         0.         0.         0.         0.01818473 0.01550915 0.01417029 0.         0.01373886 0.        ],[0. 1. 0. 0. 1. 0. 0. 0. 0. 1. 1. 0. 0. 1. 1. 0. 0. 0. 0. 0. 0. 0. 0. 0. 0. 1. 1. 1. 0. 1. 0.],10.0,10000,30,0.6,10,1,10,,problem_solving
1500,0.03540249197536847,0.009915398225999923,0.4,-23.10364989450751,[0.         0.01058027 0.         0.         0.87545678 0.         0.         0.         0.         0.01381859 0.01743854 0.         0.         0.01056478 0.01053801 0.         0.         0.         0.         0.         0.         0.         0.         0.         0.         0.01818473 0.01550915 0.01417029 0.         0.01373886 0.        ],[0. 1. 0. 0. 1. 0. 0. 0. 0. 1. 1. 0. 0. 1. 1. 0. 0. 0. 0. 0. 0. 0. 0. 0. 0. 1. 1. 1. 0. 1. 0.],10.0,10000,30,0.6,10,1,10,,problem_solving
1600,0.03540249197536847,0.009915398225999923,0.4,12.229419992645024,[0.         0.01058027 0.         0.         0.87545678 0.         0.         0.         0.         0.01381859 0.01743854 0.         0.         0.01056478 0.01053801 0.         0.         0.         0.         0.         0.         0.         0.         0.         0.         0.01818473 0.01550915 0.01417029 0.         0.01373886 0.        ],[0. 1. 0. 0. 1. 0. 0. 0. 0. 1. 1. 0. 0. 1. 1. 0. 0. 0. 0. 0. 0. 0. 0. 0. 0. 1. 1. 1. 0. 1. 0.],10.0,10000,30,0.6,10,1,10,,problem_solving
1700,0.03540249197536847,0.009915398225999923,0.4,-3.472258538720946,[0.         0.01058027 0.         0.         0.87545678 0.         0.         0.         0.         0.01381859 0.01743854 0.         0.         0.01056478 0.01053801 0.         0.         0.         0.         0.         0.         0.         0.         0.         0.         0.01818473 0.01550915 0.01417029 0.         0.01373886 0.        ],[0. 1. 0. 0. 1. 0. 0. 0. 0. 1. 1. 0. 0. 1. 1. 0. 0. 0. 0. 0. 0. 0. 0. 0. 0. 1. 1. 1. 0. 1. 0.],10.0,10000,30,0.6,10,1,10,,problem_solving
1800,0.03540249197536847,0.009915398225999923,0.4,-6.762467285565517,[0.         0.01058027 0.         0.         0.87545678 0.         0.         0.         0.         0.01381859 0.01743854 0.         0.         0.01056478 0.01053801 0.         0.         0.         0.         0.         0.         0.         0.         0.         0.         0.01818473 0.01550915 0.01417029 0.         0.01373886 0.        ],[0. 1. 0. 0. 1. 0. 0. 0. 0. 1. 1. 0. 0. 1. 1. 0. 0. 0. 0. 0. 0. 0. 0. 0. 0. 1. 1. 1. 0. 1. 0.],10.0,10000,30,0.6,10,1,10,,problem_solving
1900,0.03540249197536847,0.009915398225999923,0.4,-10.26770208066871,[0.         0.01058027 0.         0.         0.87545678 0.         0.         0.         0.         0.01381859 0.01743854 0.         0.         0.01056478 0.01053801 0.         0.         0.         0.         0.         0.         0.         0.         0.         0.         0.01818473 0.01550915 0.01417029 0.         0.01373886 0.        ],[0. 1. 0. 0. 1. 0. 0. 0. 0. 1. 1. 0. 0. 1. 1. 0. 0. 0. 0. 0. 0. 0. 0. 0. 0. 1. 1. 1. 0. 1. 0.],10.0,10000,30,0.6,10,1,10,,problem_solving
2000,0.03540249197536847,0.009915398225999923,0.4,0.40721908546393093,[0.         0.01058027 0.         0.         0.87545678 0.         0.         0.         0.         0.01381859 0.01743854 0.         0.         0.01056478 0.01053801 0.         0.         0.         0.         0.         0.         0.         0.         0.         0.         0.01818473 0.01550915 0.01417029 0.         0.01373886 0.        ],[0. 1. 0. 0. 1. 0. 0. 0. 0. 1. 1. 0. 0. 1. 1. 0. 0. 0. 0. 0. 0. 0. 0. 0. 0. 1. 1. 1. 0. 1. 0.],10.0,10000,30,0.6,10,1,10,,problem_solving
2100,0.03540249197536847,0.009915398225999923,0.4,14.99972308072863,[0.         0.01058027 0.         0.         0.87545678 0.         0.         0.         0.         0.01381859 0.01743854 0.         0.         0.01056478 0.01053801 0.         0.         0.         0.         0.         0.         0.         0.         0.         0.         0.01818473 0.01550915 0.01417029 0.         0.01373886 0.        ],[0. 1. 0. 0. 1. 0. 0. 0. 0. 1. 1. 0. 0. 1. 1. 0. 0. 0. 0. 0. 0. 0. 0. 0. 0. 1. 1. 1. 0. 1. 0.],10.0,10000,30,0.6,10,1,10,,problem_solving
2200,0.03540249197536847,0.009915398225999923,0.4,-5.950408269825914,[0.         0.01058027 0.         0.         0.87545678 0.         0.         0.         0.         0.01381859 0.01743854 0.         0.         0.01056478 0.01053801 0.         0.         0.         0.         0.         0.         0.         0.         0.         0.         0.01818473 0.01550915 0.01417029 0.         0.01373886 0.        ],[0. 1. 0. 0. 1. 0. 0. 0. 0. 1. 1. 0. 0. 1. 1. 0. 0. 0. 0. 0. 0. 0. 0. 0. 0. 1. 1. 1. 0. 1. 0.],10.0,10000,30,0.6,10,1,10,,problem_solving
2300,0.03540249197536847,0.009915398225999923,0.4,15.198830410743335,[0.         0.01058027 0.         0.         0.87545678 0.         0.         0.         0.         0.01381859 0.01743854 0.         0.         0.01056478 0.01053801 0.         0.         0.         0.         0.         0.         0.         0.         0.         0.         0.01818473 0.01550915 0.01417029 0.         0.01373886 0.        ],[0. 1. 0. 0. 1. 0. 0. 0. 0. 1. 1. 0. 0. 1. 1. 0. 0. 0. 0. 0. 0. 0. 0. 0. 0. 1. 1. 1. 0. 1. 0.],10.0,10000,30,0.6,10,1,10,,problem_solving
2400,0.03540249197536847,0.009915398225999923,0.4,7.157169375879455,[0.         0.01058027 0.         0.         0.87545678 0.         0.         0.         0.         0.01381859 0.01743854 0.         0.         0.01056478 0.01053801 0.         0.         0.         0.         0.         0.         0.         0.         0.         0.         0.01818473 0.01550915 0.01417029 0.         0.01373886 0.        ],[0. 1. 0. 0. 1. 0. 0. 0. 0. 1. 1. 0. 0. 1. 1. 0. 0. 0. 0. 0. 0. 0. 0. 0. 0. 1. 1. 1. 0. 1. 0.],10.0,10000,30,0.6,10,1,10,,problem_solving
2500,0.03540249197536847,0.009915398225999923,0.4,12.465862643226743,[0.         0.01058027 0.         0.         0.87545678 0.         0.         0.         0.         0.01381859 0.01743854 0.         0.         0.01056478 0.01053801 0.         0.         0.         0.         0.         0.         0.         0.         0.         0.         0.01818473 0.01550915 0.01417029 0.         0.01373886 0.        ],[0. 1. 0. 0. 1. 0. 0. 0. 0. 1. 1. 0. 0. 1. 1. 0. 0. 0. 0. 0. 0. 0. 0. 0. 0. 1. 1. 1. 0. 1. 0.],10.0,10000,30,0.6,10,1,10,,problem_solving
2600,0.03540249197536847,0.009915398225999923,0.4,-12.63154270859927,[0.         0.01058027 0.         0.         0.87545678 0.         0.         0.         0.         0.01381859 0.01743854 0.         0.         0.01056478 0.01053801 0.         0.         0.         0.         0.         0.         0.         0.         0.         0.         0.01818473 0.01550915 0.01417029 0.         0.01373886 0.        ],[0. 1. 0. 0. 1. 0. 0. 0. 0. 1. 1. 0. 0. 1. 1. 0. 0. 0. 0. 0. 0. 0. 0. 0. 0. 1. 1. 1. 0. 1. 0.],10.0,10000,30,0.6,10,1,10,,problem_solving
2700,0.03540249197536847,0.009915398225999923,0.4,14.127304248387535,[0.         0.01058027 0.         0.         0.87545678 0.         0.         0.         0.         0.01381859 0.01743854 0.         0.         0.01056478 0.01053801 0.         0.         0.         0.         0.         0.         0.         0.         0.         0.         0.01818473 0.01550915 0.01417029 0.         0.01373886 0.        ],[0. 1. 0. 0. 1. 0. 0. 0. 0. 1. 1. 0. 0. 1. 1. 0. 0. 0. 0. 0. 0. 0. 0. 0. 0. 1. 1. 1. 0. 1. 0.],10.0,10000,30,0.6,10,1,10,,problem_solving
2800,0.03540249197536847,0.009915398225999923,0.4,8.450067866917442,[0.         0.01058027 0.         0.         0.87545678 0.         0.         0.         0.         0.01381859 0.01743854 0.         0.         0.01056478 0.01053801 0.         0.         0.         0.         0.         0.         0.         0.         0.         0.         0.01818473 0.01550915 0.01417029 0.         0.01373886 0.        ],[0. 1. 0. 0. 1. 0. 0. 0. 0. 1. 1. 0. 0. 1. 1. 0. 0. 0. 0. 0. 0. 0. 0. 0. 0. 1. 1. 1. 0. 1. 0.],10.0,10000,30,0.6,10,1,10,,problem_solving
2900,0.03540249197536847,0.009915398225999923,0.4,-12.167224612494081,[0.         0.01058027 0.         0.         0.87545678 0.         0.         0.         0.         0.01381859 0.01743854 0.         0.         0.01056478 0.01053801 0.         0.         0.         0.         0.         0.         0.         0.         0.         0.         0.01818473 0.01550915 0.01417029 0.         0.01373886 0.        ],[0. 1. 0. 0. 1. 0. 0. 0. 0. 1. 1. 0. 0. 1. 1. 0. 0. 0. 0. 0. 0. 0. 0. 0. 0. 1. 1. 1. 0. 1. 0.],10.0,10000,30,0.6,10,1,10,,problem_solving
3000,0.03540249197536847,0.009915398225999923,0.4,1.5286204669257462,[0.         0.01058027 0.         0.         0.87545678 0.         0.         0.         0.         0.01381859 0.01743854 0.         0.         0.01056478 0.01053801 0.         0.         0.         0.         0.         0.         0.         0.         0.         0.         0.01818473 0.01550915 0.01417029 0.         0.01373886 0.        ],[0. 1. 0. 0. 1. 0. 0. 0. 0. 1. 1. 0. 0. 1. 1. 0. 0. 0. 0. 0. 0. 0. 0. 0. 0. 1. 1. 1. 0. 1. 0.],10.0,10000,30,0.6,10,1,10,,problem_solving
3100,0.03540249197536847,0.009915398225999923,0.4,-8.253736953839702,[0.         0.01058027 0.         0.         0.87545678 0.         0.         0.         0.         0.01381859 0.01743854 0.         0.         0.01056478 0.01053801 0.         0.         0.         0.         0.         0.         0.         0.         0.         0.         0.01818473 0.01550915 0.01417029 0.         0.01373886 0.        ],[0. 1. 0. 0. 1. 0. 0. 0. 0. 1. 1. 0. 0. 1. 1. 0. 0. 0. 0. 0. 0. 0. 0. 0. 0. 1. 1. 1. 0. 1. 0.],10.0,10000,30,0.6,10,1,10,,problem_solving
3200,0.03540249197536847,0.009915398225999923,0.4,10.183049146090182,[0.         0.01058027 0.         0.         0.87545678 0.         0.         0.         0.         0.01381859 0.01743854 0.         0.         0.01056478 0.01053801 0.         0.         0.         0.         0.         0.         0.         0.         0.         0.         0.01818473 0.01550915 0.01417029 0.         0.01373886 0.        ],[0. 1. 0. 0. 1. 0. 0. 0. 0. 1. 1. 0. 0. 1. 1. 0. 0. 0. 0. 0. 0. 0. 0. 0. 0. 1. 1. 1. 0. 1. 0.],10.0,10000,30,0.6,10,1,10,,problem_solving
3300,0.03540249197536847,0.009915398225999923,0.4,-2.241204454548117,[0.         0.01058027 0.         0.         0.87545678 0.         0.         0.         0.         0.01381859 0.01743854 0.         0.         0.01056478 0.01053801 0.         0.         0.         0.         0.         0.         0.         0.         0.         0.         0.01818473 0.01550915 0.01417029 0.         0.01373886 0.        ],[0. 1. 0. 0. 1. 0. 0. 0. 0. 1. 1. 0. 0. 1. 1. 0. 0. 0. 0. 0. 0. 0. 0. 0. 0. 1. 1. 1. 0. 1. 0.],10.0,10000,30,0.6,10,1,10,,problem_solving
3400,0.03540249197536847,0.009915398225999923,0.4,6.4547997327362685,[0.         0.01058027 0.         0.         0.87545678 0.         0.         0.         0.         0.01381859 0.01743854 0.         0.         0.01056478 0.01053801 0.         0.         0.         0.         0.         0.         0.         0.         0.         0.         0.01818473 0.01550915 0.01417029 0.         0.01373886 0.        ],[0. 1. 0. 0. 1. 0. 0. 0. 0. 1. 1. 0. 0. 1. 1. 0. 0. 0. 0. 0. 0. 0. 0. 0. 0. 1. 1. 1. 0. 1. 0.],10.0,10000,30,0.6,10,1,10,,problem_solving
3500,0.03540249197536847,0.009915398225999923,0.4,16.982631589381988,[0.         0.01058027 0.         0.         0.87545678 0.         0.         0.         0.         0.01381859 0.01743854 0.         0.         0.01056478 0.01053801 0.         0.         0.         0.         0.         0.         0.         0.         0.         0.         0.01818473 0.01550915 0.01417029 0.         0.01373886 0.        ],[0. 1. 0. 0. 1. 0. 0. 0. 0. 1. 1. 0. 0. 1. 1. 0. 0. 0. 0. 0. 0. 0. 0. 0. 0. 1. 1. 1. 0. 1. 0.],10.0,10000,30,0.6,10,1,10,,problem_solving
3600,0.03540249197536847,0.009915398225999923,0.4,-4.40012671990837,[0.         0.01058027 0.         0.         0.87545678 0.         0.         0.         0.         0.01381859 0.01743854 0.         0.         0.01056478 0.01053801 0.         0.         0.         0.         0.         0.         0.         0.         0.         0.         0.01818473 0.01550915 0.01417029 0.         0.01373886 0.        ],[0. 1. 0. 0. 1. 0. 0. 0. 0. 1. 1. 0. 0. 1. 1. 0. 0. 0. 0. 0. 0. 0. 0. 0. 0. 1. 1. 1. 0. 1. 0.],10.0,10000,30,0.6,10,1,10,,problem_solving
3700,0.03540249197536847,0.009915398225999923,0.4,-12.204133204508308,[0.         0.01058027 0.         0.         0.87545678 0.         0.         0.         0.         0.01381859 0.01743854 0.         0.         0.01056478 0.01053801 0.         0.         0.         0.         0.         0.         0.         0.         0.         0.         0.01818473 0.01550915 0.01417029 0.         0.01373886 0.        ],[0. 1. 0. 0. 1. 0. 0. 0. 0. 1. 1. 0. 0. 1. 1. 0. 0. 0. 0. 0. 0. 0. 0. 0. 0. 1. 1. 1. 0. 1. 0.],10.0,10000,30,0.6,10,1,10,,problem_solving
3800,0.03540249197536847,0.009915398225999923,0.4,-2.971644109112151,[0.         0.01058027 0.         0.         0.87545678 0.         0.         0.         0.         0.01381859 0.01743854 0.         0.         0.01056478 0.01053801 0.         0.         0.         0.         0.         0.         0.         0.         0.         0.         0.01818473 0.01550915 0.01417029 0.         0.01373886 0.        ],[0. 1. 0. 0. 1. 0. 0. 0. 0. 1. 1. 0. 0. 1. 1. 0. 0. 0. 0. 0. 0. 0. 0. 0. 0. 1. 1. 1. 0. 1. 0.],10.0,10000,30,0.6,10,1,10,,problem_solving
3900,0.03540249197536847,0.009915398225999923,0.4,-10.797143942190083,[0.         0.01058027 0.         0.         0.87545678 0.         0.         0.         0.         0.01381859 0.01743854 0.         0.         0.01056478 0.01053801 0.         0.         0.         0.         0.         0.         0.         0.         0.         0.         0.01818473 0.01550915 0.01417029 0.         0.01373886 0.        ],[0. 1. 0. 0. 1. 0. 0. 0. 0. 1. 1. 0. 0. 1. 1. 0. 0. 0. 0. 0. 0. 0. 0. 0. 0. 1. 1. 1. 0. 1. 0.],10.0,10000,30,0.6,10,1,10,,problem_solving
4000,0.03540249197536847,0.009915398225999923,0.4,-1.507236679887941,[0.         0.01058027 0.         0.         0.87545678 0.         0.         0.         0.         0.01381859 0.01743854 0.         0.         0.01056478 0.01053801 0.         0.         0.         0.         0.         0.         0.         0.         0.         0.         0.01818473 0.01550915 0.01417029 0.         0.01373886 0.        ],[0. 1. 0. 0. 1. 0. 0. 0. 0. 1. 1. 0. 0. 1. 1. 0. 0. 0. 0. 0. 0. 0. 0. 0. 0. 1. 1. 1. 0. 1. 0.],10.0,10000,30,0.6,10,1,10,,problem_solving
4100,0.03540249197536847,0.009915398225999923,0.4,-10.10104402339427,[0.         0.01058027 0.         0.         0.87545678 0.         0.         0.         0.         0.01381859 0.01743854 0.         0.         0.01056478 0.01053801 0.         0.         0.         0.         0.         0.         0.         0.         0.         0.         0.01818473 0.01550915 0.01417029 0.         0.01373886 0.        ],[0. 1. 0. 0. 1. 0. 0. 0. 0. 1. 1. 0. 0. 1. 1. 0. 0. 0. 0. 0. 0. 0. 0. 0. 0. 1. 1. 1. 0. 1. 0.],10.0,10000,30,0.6,10,1,10,,problem_solving
4200,0.03540249197536847,0.009915398225999923,0.4,5.047652500012622,[0.         0.01058027 0.         0.         0.87545678 0.         0.         0.         0.         0.01381859 0.01743854 0.         0.         0.01056478 0.01053801 0.         0.         0.         0.         0.         0.         0.         0.         0.         0.         0.01818473 0.01550915 0.01417029 0.         0.01373886 0.        ],[0. 1. 0. 0. 1. 0. 0. 0. 0. 1. 1. 0. 0. 1. 1. 0. 0. 0. 0. 0. 0. 0. 0. 0. 0. 1. 1. 1. 0. 1. 0.],10.0,10000,30,0.6,10,1,10,,problem_solving
4300,0.03540249197536847,0.009915398225999923,0.4,-0.9198309062899537,[0.         0.01058027 0.         0.         0.87545678 0.         0.         0.         0.         0.01381859 0.01743854 0.         0.         0.01056478 0.01053801 0.         0.         0.         0.         0.         0.         0.         0.         0.         0.         0.01818473 0.01550915 0.01417029 0.         0.01373886 0.        ],[0. 1. 0. 0. 1. 0. 0. 0. 0. 1. 1. 0. 0. 1. 1. 0. 0. 0. 0. 0. 0. 0. 0. 0. 0. 1. 1. 1. 0. 1. 0.],10.0,10000,30,0.6,10,1,10,,problem_solving
4400,0.03540249197536847,0.009915398225999923,0.4,-7.686199414030462,[0.         0.01058027 0.         0.         0.87545678 0.         0.         0.         0.         0.01381859 0.01743854 0.         0.         0.01056478 0.01053801 0.         0.         0.         0.         0.         0.         0.         0.         0.         0.         0.01818473 0.01550915 0.01417029 0.         0.01373886 0.        ],[0. 1. 0. 0. 1. 0. 0. 0. 0. 1. 1. 0. 0. 1. 1. 0. 0. 0. 0. 0. 0. 0. 0. 0. 0. 1. 1. 1. 0. 1. 0.],10.0,10000,30,0.6,10,1,10,,problem_solving
4500,0.03540249197536847,0.009915398225999923,0.4,-8.190302170722374,[0.         0.01058027 0.         0.         0.87545678 0.         0.         0.         0.         0.01381859 0.01743854 0.         0.         0.01056478 0.01053801 0.         0.         0.         0.         0.         0.         0.         0.         0.         0.         0.01818473 0.01550915 0.01417029 0.         0.01373886 0.        ],[0. 1. 0. 0. 1. 0. 0. 0. 0. 1. 1. 0. 0. 1. 1. 0. 0. 0. 0. 0. 0. 0. 0. 0. 0. 1. 1. 1. 0. 1. 0.],10.0,10000,30,0.6,10,1,10,,problem_solving
4600,0.03540249197536847,0.009915398225999923,0.4,-2.8901920991253323,[0.         0.01058027 0.         0.         0.87545678 0.         0.         0.         0.         0.01381859 0.01743854 0.         0.         0.01056478 0.01053801 0.         0.         0.         0.         0.         0.         0.         0.         0.         0.         0.01818473 0.01550915 0.01417029 0.         0.01373886 0.        ],[0. 1. 0. 0. 1. 0. 0. 0. 0. 1. 1. 0. 0. 1. 1. 0. 0. 0. 0. 0. 0. 0. 0. 0. 0. 1. 1. 1. 0. 1. 0.],10.0,10000,30,0.6,10,1,10,,problem_solving
4700,0.03540249197536847,0.009915398225999923,0.4,14.292716767590207,[0.         0.01058027 0.         0.         0.87545678 0.         0.         0.         0.         0.01381859 0.01743854 0.         0.         0.01056478 0.01053801 0.         0.         0.         0.         0.         0.         0.         0.         0.         0.         0.01818473 0.01550915 0.01417029 0.         0.01373886 0.        ],[0. 1. 0. 0. 1. 0. 0. 0. 0. 1. 1. 0. 0. 1. 1. 0. 0. 0. 0. 0. 0. 0. 0. 0. 0. 1. 1. 1. 0. 1. 0.],10.0,10000,30,0.6,10,1,10,,problem_solving
4800,0.03540249197536847,0.009915398225999923,0.4,-1.0387935969079585,[0.         0.01058027 0.         0.         0.87545678 0.         0.         0.         0.         0.01381859 0.01743854 0.         0.         0.01056478 0.01053801 0.         0.         0.         0.         0.         0.         0.         0.         0.         0.         0.01818473 0.01550915 0.01417029 0.         0.01373886 0.        ],[0. 1. 0. 0. 1. 0. 0. 0. 0. 1. 1. 0. 0. 1. 1. 0. 0. 0. 0. 0. 0. 0. 0. 0. 0. 1. 1. 1. 0. 1. 0.],10.0,10000,30,0.6,10,1,10,,problem_solving
4900,0.03540249197536847,0.009915398225999923,0.4,0.4126548777426764,[0.         0.01058027 0.         0.         0.87545678 0.         0.         0.         0.         0.01381859 0.01743854 0.         0.         0.01056478 0.01053801 0.         0.         0.         0.         0.         0.         0.         0.         0.         0.         0.01818473 0.01550915 0.01417029 0.         0.01373886 0.        ],[0. 1. 0. 0. 1. 0. 0. 0. 0. 1. 1. 0. 0. 1. 1. 0. 0. 0. 0. 0. 0. 0. 0. 0. 0. 1. 1. 1. 0. 1. 0.],10.0,10000,30,0.6,10,1,10,,problem_solving
5000,0.03540249197536847,0.009915398225999923,0.4,-4.25679948847384,[0.         0.01058027 0.         0.         0.87545678 0.         0.         0.         0.         0.01381859 0.01743854 0.         0.         0.01056478 0.01053801 0.         0.         0.         0.         0.         0.         0.         0.         0.         0.         0.01818473 0.01550915 0.01417029 0.         0.01373886 0.        ],[0. 1. 0. 0. 1. 0. 0. 0. 0. 1. 1. 0. 0. 1. 1. 0. 0. 0. 0. 0. 0. 0. 0. 0. 0. 1. 1. 1. 0. 1. 0.],10.0,10000,30,0.6,10,1,10,,problem_solving
5100,0.03540249197536847,0.009915398225999923,0.4,6.619247404583901,[0.         0.01058027 0.         0.         0.87545678 0.         0.         0.         0.         0.01381859 0.01743854 0.         0.         0.01056478 0.01053801 0.         0.         0.         0.         0.         0.         0.         0.         0.         0.         0.01818473 0.01550915 0.01417029 0.         0.01373886 0.        ],[0. 1. 0. 0. 1. 0. 0. 0. 0. 1. 1. 0. 0. 1. 1. 0. 0. 0. 0. 0. 0. 0. 0. 0. 0. 1. 1. 1. 0. 1. 0.],10.0,10000,30,0.6,10,1,10,,problem_solving
5200,0.03540249197536847,0.009915398225999923,0.4,6.099959229975514,[0.         0.01058027 0.         0.         0.87545678 0.         0.         0.         0.         0.01381859 0.01743854 0.         0.         0.01056478 0.01053801 0.         0.         0.         0.         0.         0.         0.         0.         0.         0.         0.01818473 0.01550915 0.01417029 0.         0.01373886 0.        ],[0. 1. 0. 0. 1. 0. 0. 0. 0. 1. 1. 0. 0. 1. 1. 0. 0. 0. 0. 0. 0. 0. 0. 0. 0. 1. 1. 1. 0. 1. 0.],10.0,10000,30,0.6,10,1,10,,problem_solving
5300,0.03540249197536847,0.009915398225999923,0.4,-5.901357128515123,[0.         0.01058027 0.         0.         0.87545678 0.         0.         0.         0.         0.01381859 0.01743854 0.         0.         0.01056478 0.01053801 0.         0.         0.         0.         0.         0.         0.         0.         0.         0.         0.01818473 0.01550915 0.01417029 0.         0.01373886 0.        ],[0. 1. 0. 0. 1. 0. 0. 0. 0. 1. 1. 0. 0. 1. 1. 0. 0. 0. 0. 0. 0. 0. 0. 0. 0. 1. 1. 1. 0. 1. 0.],10.0,10000,30,0.6,10,1,10,,problem_solving
5400,0.03540249197536847,0.009915398225999923,0.4,6.431601264269489,[0.         0.01058027 0.         0.         0.87545678 0.         0.         0.         0.         0.01381859 0.01743854 0.         0.         0.01056478 0.01053801 0.         0.         0.         0.         0.         0.         0.         0.         0.         0.         0.01818473 0.01550915 0.01417029 0.         0.01373886 0.        ],[0. 1. 0. 0. 1. 0. 0. 0. 0. 1. 1. 0. 0. 1. 1. 0. 0. 0. 0. 0. 0. 0. 0. 0. 0. 1. 1. 1. 0. 1. 0.],10.0,10000,30,0.6,10,1,10,,problem_solving
5500,0.03540249197536847,0.009915398225999923,0.4,0.0033892364994809934,[0.         0.01058027 0.         0.         0.87545678 0.         0.         0.         0.         0.01381859 0.01743854 0.         0.         0.01056478 0.01053801 0.         0.         0.         0.         0.         0.         0.         0.         0.         0.         0.01818473 0.01550915 0.01417029 0.         0.01373886 0.        ],[0. 1. 0. 0. 1. 0. 0. 0. 0. 1. 1. 0. 0. 1. 1. 0. 0. 0. 0. 0. 0. 0. 0. 0. 0. 1. 1. 1. 0. 1. 0.],10.0,10000,30,0.6,10,1,10,,problem_solving
5600,0.03540249197536847,0.009915398225999923,0.4,2.341506058102307,[0.         0.01058027 0.         0.         0.87545678 0.         0.         0.         0.         0.01381859 0.01743854 0.         0.         0.01056478 0.01053801 0.         0.         0.         0.         0.         0.         0.         0.         0.         0.         0.01818473 0.01550915 0.01417029 0.         0.01373886 0.        ],[0. 1. 0. 0. 1. 0. 0. 0. 0. 1. 1. 0. 0. 1. 1. 0. 0. 0. 0. 0. 0. 0. 0. 0. 0. 1. 1. 1. 0. 1. 0.],10.0,10000,30,0.6,10,1,10,,problem_solving
5700,0.03540249197536847,0.009915398225999923,0.4,-20.966846986873023,[0.         0.01058027 0.         0.         0.87545678 0.         0.         0.         0.         0.01381859 0.01743854 0.         0.         0.01056478 0.01053801 0.         0.         0.         0.         0.         0.         0.         0.         0.         0.         0.01818473 0.01550915 0.01417029 0.         0.01373886 0.        ],[0. 1. 0. 0. 1. 0. 0. 0. 0. 1. 1. 0. 0. 1. 1. 0. 0. 0. 0. 0. 0. 0. 0. 0. 0. 1. 1. 1. 0. 1. 0.],10.0,10000,30,0.6,10,1,10,,problem_solving
5800,0.03540249197536847,0.009915398225999923,0.4,-4.333469426538174,[0.         0.01058027 0.         0.         0.87545678 0.         0.         0.         0.         0.01381859 0.01743854 0.         0.         0.01056478 0.01053801 0.         0.         0.         0.         0.         0.         0.         0.         0.         0.         0.01818473 0.01550915 0.01417029 0.         0.01373886 0.        ],[0. 1. 0. 0. 1. 0. 0. 0. 0. 1. 1. 0. 0. 1. 1. 0. 0. 0. 0. 0. 0. 0. 0. 0. 0. 1. 1. 1. 0. 1. 0.],10.0,10000,30,0.6,10,1,10,,problem_solving
5900,0.03540249197536847,0.009915398225999923,0.4,18.40455532051765,[0.         0.01058027 0.         0.         0.87545678 0.         0.         0.         0.         0.01381859 0.01743854 0.         0.         0.01056478 0.01053801 0.         0.         0.         0.         0.         0.         0.         0.         0.         0.         0.01818473 0.01550915 0.01417029 0.         0.01373886 0.        ],[0. 1. 0. 0. 1. 0. 0. 0. 0. 1. 1. 0. 0. 1. 1. 0. 0. 0. 0. 0. 0. 0. 0. 0. 0. 1. 1. 1. 0. 1. 0.],10.0,10000,30,0.6,10,1,10,,problem_solving
6000,0.03540249197536847,0.009915398225999923,0.4,13.916172339096715,[0.         0.01058027 0.         0.         0.87545678 0.         0.         0.         0.         0.01381859 0.01743854 0.         0.         0.01056478 0.01053801 0.         0.         0.         0.         0.         0.         0.         0.         0.         0.         0.01818473 0.01550915 0.01417029 0.         0.01373886 0.        ],[0. 1. 0. 0. 1. 0. 0. 0. 0. 1. 1. 0. 0. 1. 1. 0. 0. 0. 0. 0. 0. 0. 0. 0. 0. 1. 1. 1. 0. 1. 0.],10.0,10000,30,0.6,10,1,10,,problem_solving
6100,0.03540249197536847,0.009915398225999923,0.4,4.512922664716975,[0.         0.01058027 0.         0.         0.87545678 0.         0.         0.         0.         0.01381859 0.01743854 0.         0.         0.01056478 0.01053801 0.         0.         0.         0.         0.         0.         0.         0.         0.         0.         0.01818473 0.01550915 0.01417029 0.         0.01373886 0.        ],[0. 1. 0. 0. 1. 0. 0. 0. 0. 1. 1. 0. 0. 1. 1. 0. 0. 0. 0. 0. 0. 0. 0. 0. 0. 1. 1. 1. 0. 1. 0.],10.0,10000,30,0.6,10,1,10,,problem_solving
6200,0.03540249197536847,0.009915398225999923,0.4,-8.095315692105977,[0.         0.01058027 0.         0.         0.87545678 0.         0.         0.         0.         0.01381859 0.01743854 0.         0.         0.01056478 0.01053801 0.         0.         0.         0.         0.         0.         0.         0.         0.         0.         0.01818473 0.01550915 0.01417029 0.         0.01373886 0.        ],[0. 1. 0. 0. 1. 0. 0. 0. 0. 1. 1. 0. 0. 1. 1. 0. 0. 0. 0. 0. 0. 0. 0. 0. 0. 1. 1. 1. 0. 1. 0.],10.0,10000,30,0.6,10,1,10,,problem_solving
6300,0.03540249197536847,0.009915398225999923,0.4,-9.825484535483655,[0.         0.01058027 0.         0.         0.87545678 0.         0.         0.         0.         0.01381859 0.01743854 0.         0.         0.01056478 0.01053801 0.         0.         0.         0.         0.         0.         0.         0.         0.         0.         0.01818473 0.01550915 0.01417029 0.         0.01373886 0.        ],[0. 1. 0. 0. 1. 0. 0. 0. 0. 1. 1. 0. 0. 1. 1. 0. 0. 0. 0. 0. 0. 0. 0. 0. 0. 1. 1. 1. 0. 1. 0.],10.0,10000,30,0.6,10,1,10,,problem_solving
6400,0.03540249197536847,0.009915398225999923,0.4,4.8815899575820865,[0.         0.01058027 0.         0.         0.87545678 0.         0.         0.         0.         0.01381859 0.01743854 0.         0.         0.01056478 0.01053801 0.         0.         0.         0.         0.         0.         0.         0.         0.         0.         0.01818473 0.01550915 0.01417029 0.         0.01373886 0.        ],[0. 1. 0. 0. 1. 0. 0. 0. 0. 1. 1. 0. 0. 1. 1. 0. 0. 0. 0. 0. 0. 0. 0. 0. 0. 1. 1. 1. 0. 1. 0.],10.0,10000,30,0.6,10,1,10,,problem_solving
6500,0.034724684747399925,0.010063649304210972,0.4,-8.619722709811876,[0.         0.01266658 0.         0.         0.88742053 0.         0.         0.         0.01032281 0.         0.         0.         0.         0.         0.         0.         0.01320526 0.         0.01282505 0.         0.         0.         0.         0.         0.01307976 0.0131285  0.         0.01300545 0.01224178 0.01210428 0.        ],[0. 1. 0. 0. 1. 0. 0. 0. 1. 0. 0. 0. 0. 0. 0. 0. 1. 0. 1. 0. 0. 0. 0. 0. 1. 1. 0. 1. 1. 1. 0.],10.0,10000,30,0.6,10,1,10,,problem_solving
6600,0.034724684747399925,0.010063649304210972,0.4,-27.18936356253291,[0.         0.01266658 0.         0.         0.88742053 0.         0.         0.         0.01032281 0.         0.         0.         0.         0.         0.         0.         0.01320526 0.         0.01282505 0.         0.         0.         0.         0.         0.01307976 0.0131285  0.         0.01300545 0.01224178 0.01210428 0.        ],[0. 1. 0. 0. 1. 0. 0. 0. 1. 0. 0. 0. 0. 0. 0. 0. 1. 0. 1. 0. 0. 0. 0. 0. 1. 1. 0. 1. 1. 1. 0.],10.0,10000,30,0.6,10,1,10,,problem_solving
6700,0.034724684747399925,0.010063649304210972,0.4,-13.66984526317232,[0.         0.01266658 0.         0.         0.88742053 0.         0.         0.         0.01032281 0.         0.         0.         0.         0.         0.         0.         0.01320526 0.         0.01282505 0.         0.         0.         0.         0.         0.01307976 0.0131285  0.         0.01300545 0.01224178 0.01210428 0.        ],[0. 1. 0. 0. 1. 0. 0. 0. 1. 0. 0. 0. 0. 0. 0. 0. 1. 0. 1. 0. 0. 0. 0. 0. 1. 1. 0. 1. 1. 1. 0.],10.0,10000,30,0.6,10,1,10,,problem_solving
6800,0.034724684747399925,0.010063649304210972,0.4,-0.017338513963848338,[0.         0.01266658 0.         0.         0.88742053 0.         0.         0.         0.01032281 0.         0.         0.         0.         0.         0.         0.         0.01320526 0.         0.01282505 0.         0.         0.         0.         0.         0.01307976 0.0131285  0.         0.01300545 0.01224178 0.01210428 0.        ],[0. 1. 0. 0. 1. 0. 0. 0. 1. 0. 0. 0. 0. 0. 0. 0. 1. 0. 1. 0. 0. 0. 0. 0. 1. 1. 0. 1. 1. 1. 0.],10.0,10000,30,0.6,10,1,10,,problem_solving
6900,0.034724684747399925,0.010063649304210972,0.4,5.80844417177058,[0.         0.01266658 0.         0.         0.88742053 0.         0.         0.         0.01032281 0.         0.         0.         0.         0.         0.         0.         0.01320526 0.         0.01282505 0.         0.         0.         0.         0.         0.01307976 0.0131285  0.         0.01300545 0.01224178 0.01210428 0.        ],[0. 1. 0. 0. 1. 0. 0. 0. 1. 0. 0. 0. 0. 0. 0. 0. 1. 0. 1. 0. 0. 0. 0. 0. 1. 1. 0. 1. 1. 1. 0.],10.0,10000,30,0.6,10,1,10,,problem_solving
7000,0.034724684747399925,0.010063649304210972,0.4,-20.893434025735043,[0.         0.01266658 0.         0.         0.88742053 0.         0.         0.         0.01032281 0.         0.         0.         0.         0.         0.         0.         0.01320526 0.         0.01282505 0.         0.         0.         0.         0.         0.01307976 0.0131285  0.         0.01300545 0.01224178 0.01210428 0.        ],[0. 1. 0. 0. 1. 0. 0. 0. 1. 0. 0. 0. 0. 0. 0. 0. 1. 0. 1. 0. 0. 0. 0. 0. 1. 1. 0. 1. 1. 1. 0.],10.0,10000,30,0.6,10,1,10,,problem_solving
7100,0.034724684747399925,0.010063649304210972,0.4,1.1152305365676876,[0.         0.01266658 0.         0.         0.88742053 0.         0.         0.         0.01032281 0.         0.         0.         0.         0.         0.         0.         0.01320526 0.         0.01282505 0.         0.         0.         0.         0.         0.01307976 0.0131285  0.         0.01300545 0.01224178 0.01210428 0.        ],[0. 1. 0. 0. 1. 0. 0. 0. 1. 0. 0. 0. 0. 0. 0. 0. 1. 0. 1. 0. 0. 0. 0. 0. 1. 1. 0. 1. 1. 1. 0.],10.0,10000,30,0.6,10,1,10,,problem_solving
7200,0.034724684747399925,0.010063649304210972,0.4,0.3098195554251611,[0.         0.01266658 0.         0.         0.88742053 0.         0.         0.         0.01032281 0.         0.         0.         0.         0.         0.         0.         0.01320526 0.         0.01282505 0.         0.         0.         0.         0.         0.01307976 0.0131285  0.         0.01300545 0.01224178 0.01210428 0.        ],[0. 1. 0. 0. 1. 0. 0. 0. 1. 0. 0. 0. 0. 0. 0. 0. 1. 0. 1. 0. 0. 0. 0. 0. 1. 1. 0. 1. 1. 1. 0.],10.0,10000,30,0.6,10,1,10,,problem_solving
7300,0.034724684747399925,0.010063649304210972,0.4,-16.54359892494555,[0.         0.01266658 0.         0.         0.88742053 0.         0.         0.         0.01032281 0.         0.         0.         0.         0.         0.         0.         0.01320526 0.         0.01282505 0.         0.         0.         0.         0.         0.01307976 0.0131285  0.         0.01300545 0.01224178 0.01210428 0.        ],[0. 1. 0. 0. 1. 0. 0. 0. 1. 0. 0. 0. 0. 0. 0. 0. 1. 0. 1. 0. 0. 0. 0. 0. 1. 1. 0. 1. 1. 1. 0.],10.0,10000,30,0.6,10,1,10,,problem_solving
7400,0.034724684747399925,0.010063649304210972,0.4,-1.5364469643388114,[0.         0.01266658 0.         0.         0.88742053 0.         0.         0.         0.01032281 0.         0.         0.         0.         0.         0.         0.         0.01320526 0.         0.01282505 0.         0.         0.         0.         0.         0.01307976 0.0131285  0.         0.01300545 0.01224178 0.01210428 0.        ],[0. 1. 0. 0. 1. 0. 0. 0. 1. 0. 0. 0. 0. 0. 0. 0. 1. 0. 1. 0. 0. 0. 0. 0. 1. 1. 0. 1. 1. 1. 0.],10.0,10000,30,0.6,10,1,10,,problem_solving
7500,0.034724684747399925,0.010063649304210972,0.4,-29.478609601193995,[0.         0.01266658 0.         0.         0.88742053 0.         0.         0.         0.01032281 0.         0.         0.         0.         0.         0.         0.         0.01320526 0.         0.01282505 0.         0.         0.         0.         0.         0.01307976 0.0131285  0.         0.01300545 0.01224178 0.01210428 0.        ],[0. 1. 0. 0. 1. 0. 0. 0. 1. 0. 0. 0. 0. 0. 0. 0. 1. 0. 1. 0. 0. 0. 0. 0. 1. 1. 0. 1. 1. 1. 0.],10.0,10000,30,0.6,10,1,10,,problem_solving
7600,0.034724684747399925,0.010063649304210972,0.4,-17.025936144160138,[0.         0.01266658 0.         0.         0.88742053 0.         0.         0.         0.01032281 0.         0.         0.         0.         0.         0.         0.         0.01320526 0.         0.01282505 0.         0.         0.         0.         0.         0.01307976 0.0131285  0.         0.01300545 0.01224178 0.01210428 0.        ],[0. 1. 0. 0. 1. 0. 0. 0. 1. 0. 0. 0. 0. 0. 0. 0. 1. 0. 1. 0. 0. 0. 0. 0. 1. 1. 0. 1. 1. 1. 0.],10.0,10000,30,0.6,10,1,10,,problem_solving
7700,0.034724684747399925,0.010063649304210972,0.4,7.394409752800895,[0.         0.01266658 0.         0.         0.88742053 0.         0.         0.         0.01032281 0.         0.         0.         0.         0.         0.         0.         0.01320526 0.         0.01282505 0.         0.         0.         0.         0.         0.01307976 0.0131285  0.         0.01300545 0.01224178 0.01210428 0.        ],[0. 1. 0. 0. 1. 0. 0. 0. 1. 0. 0. 0. 0. 0. 0. 0. 1. 0. 1. 0. 0. 0. 0. 0. 1. 1. 0. 1. 1. 1. 0.],10.0,10000,30,0.6,10,1,10,,problem_solving
7800,0.034724684747399925,0.010063649304210972,0.4,-19.738611448843567,[0.         0.01266658 0.         0.         0.88742053 0.         0.         0.         0.01032281 0.         0.         0.         0.         0.         0.         0.         0.01320526 0.         0.01282505 0.         0.         0.         0.         0.         0.01307976 0.0131285  0.         0.01300545 0.01224178 0.01210428 0.        ],[0. 1. 0. 0. 1. 0. 0. 0. 1. 0. 0. 0. 0. 0. 0. 0. 1. 0. 1. 0. 0. 0. 0. 0. 1. 1. 0. 1. 1. 1. 0.],10.0,10000,30,0.6,10,1,10,,problem_solving
7900,0.034724684747399925,0.010063649304210972,0.4,7.664734679825082,[0.         0.01266658 0.         0.         0.88742053 0.         0.         0.         0.01032281 0.         0.         0.         0.         0.         0.         0.         0.01320526 0.         0.01282505 0.         0.         0.         0.         0.         0.01307976 0.0131285  0.         0.01300545 0.01224178 0.01210428 0.        ],[0. 1. 0. 0. 1. 0. 0. 0. 1. 0. 0. 0. 0. 0. 0. 0. 1. 0. 1. 0. 0. 0. 0. 0. 1. 1. 0. 1. 1. 1. 0.],10.0,10000,30,0.6,10,1,10,,problem_solving
8000,0.034724684747399925,0.010063649304210972,0.4,-8.932900196524134,[0.         0.01266658 0.         0.         0.88742053 0.         0.         0.         0.01032281 0.         0.         0.         0.         0.         0.         0.         0.01320526 0.         0.01282505 0.         0.         0.         0.         0.         0.01307976 0.0131285  0.         0.01300545 0.01224178 0.01210428 0.        ],[0. 1. 0. 0. 1. 0. 0. 0. 1. 0. 0. 0. 0. 0. 0. 0. 1. 0. 1. 0. 0. 0. 0. 0. 1. 1. 0. 1. 1. 1. 0.],10.0,10000,30,0.6,10,1,10,,problem_solving
8100,0.034724684747399925,0.010063649304210972,0.4,-1.946373652520992,[0.         0.01266658 0.         0.         0.88742053 0.         0.         0.         0.01032281 0.         0.         0.         0.         0.         0.         0.         0.01320526 0.         0.01282505 0.         0.         0.         0.         0.         0.01307976 0.0131285  0.         0.01300545 0.01224178 0.01210428 0.        ],[0. 1. 0. 0. 1. 0. 0. 0. 1. 0. 0. 0. 0. 0. 0. 0. 1. 0. 1. 0. 0. 0. 0. 0. 1. 1. 0. 1. 1. 1. 0.],10.0,10000,30,0.6,10,1,10,,problem_solving
8200,0.034724684747399925,0.010063649304210972,0.4,5.95683099753227,[0.         0.01266658 0.         0.         0.88742053 0.         0.         0.         0.01032281 0.         0.         0.         0.         0.         0.         0.         0.01320526 0.         0.01282505 0.         0.         0.         0.         0.         0.01307976 0.0131285  0.         0.01300545 0.01224178 0.01210428 0.        ],[0. 1. 0. 0. 1. 0. 0. 0. 1. 0. 0. 0. 0. 0. 0. 0. 1. 0. 1. 0. 0. 0. 0. 0. 1. 1. 0. 1. 1. 1. 0.],10.0,10000,30,0.6,10,1,10,,problem_solving
8300,0.034724684747399925,0.010063649304210972,0.4,11.931851557514154,[0.         0.01266658 0.         0.         0.88742053 0.         0.         0.         0.01032281 0.         0.         0.         0.         0.         0.         0.         0.01320526 0.         0.01282505 0.         0.         0.         0.         0.         0.01307976 0.0131285  0.         0.01300545 0.01224178 0.01210428 0.        ],[0. 1. 0. 0. 1. 0. 0. 0. 1. 0. 0. 0. 0. 0. 0. 0. 1. 0. 1. 0. 0. 0. 0. 0. 1. 1. 0. 1. 1. 1. 0.],10.0,10000,30,0.6,10,1,10,,problem_solving
8400,0.034724684747399925,0.010063649304210972,0.4,-14.59386690442271,[0.         0.01266658 0.         0.         0.88742053 0.         0.         0.         0.01032281 0.         0.         0.         0.         0.         0.         0.         0.01320526 0.         0.01282505 0.         0.         0.         0.         0.         0.01307976 0.0131285  0.         0.01300545 0.01224178 0.01210428 0.        ],[0. 1. 0. 0. 1. 0. 0. 0. 1. 0. 0. 0. 0. 0. 0. 0. 1. 0. 1. 0. 0. 0. 0. 0. 1. 1. 0. 1. 1. 1. 0.],10.0,10000,30,0.6,10,1,10,,problem_solving
8500,0.034724684747399925,0.010063649304210972,0.4,-7.497297496756693,[0.         0.01266658 0.         0.         0.88742053 0.         0.         0.         0.01032281 0.         0.         0.         0.         0.         0.         0.         0.01320526 0.         0.01282505 0.         0.         0.         0.         0.         0.01307976 0.0131285  0.         0.01300545 0.01224178 0.01210428 0.        ],[0. 1. 0. 0. 1. 0. 0. 0. 1. 0. 0. 0. 0. 0. 0. 0. 1. 0. 1. 0. 0. 0. 0. 0. 1. 1. 0. 1. 1. 1. 0.],10.0,10000,30,0.6,10,1,10,,problem_solving
8600,0.034724684747399925,0.010063649304210972,0.4,-3.2065915973096133,[0.         0.01266658 0.         0.         0.88742053 0.         0.         0.         0.01032281 0.         0.         0.         0.         0.         0.         0.         0.01320526 0.         0.01282505 0.         0.         0.         0.         0.         0.01307976 0.0131285  0.         0.01300545 0.01224178 0.01210428 0.        ],[0. 1. 0. 0. 1. 0. 0. 0. 1. 0. 0. 0. 0. 0. 0. 0. 1. 0. 1. 0. 0. 0. 0. 0. 1. 1. 0. 1. 1. 1. 0.],10.0,10000,30,0.6,10,1,10,,problem_solving
8700,0.034724684747399925,0.010063649304210972,0.4,5.24582822544721,[0.         0.01266658 0.         0.         0.88742053 0.         0.         0.         0.01032281 0.         0.         0.         0.         0.         0.         0.         0.01320526 0.         0.01282505 0.         0.         0.         0.         0.         0.01307976 0.0131285  0.         0.01300545 0.01224178 0.01210428 0.        ],[0. 1. 0. 0. 1. 0. 0. 0. 1. 0. 0. 0. 0. 0. 0. 0. 1. 0. 1. 0. 0. 0. 0. 0. 1. 1. 0. 1. 1. 1. 0.],10.0,10000,30,0.6,10,1,10,,problem_solving
8800,0.034724684747399925,0.010063649304210972,0.4,11.40282959734255,[0.         0.01266658 0.         0.         0.88742053 0.         0.         0.         0.01032281 0.         0.         0.         0.         0.         0.         0.         0.01320526 0.         0.01282505 0.         0.         0.         0.         0.         0.01307976 0.0131285  0.         0.01300545 0.01224178 0.01210428 0.        ],[0. 1. 0. 0. 1. 0. 0. 0. 1. 0. 0. 0. 0. 0. 0. 0. 1. 0. 1. 0. 0. 0. 0. 0. 1. 1. 0. 1. 1. 1. 0.],10.0,10000,30,0.6,10,1,10,,problem_solving
8900,0.034724684747399925,0.010063649304210972,0.4,6.157161823813224,[0.         0.01266658 0.         0.         0.88742053 0.         0.         0.         0.01032281 0.         0.         0.         0.         0.         0.         0.         0.01320526 0.         0.01282505 0.         0.         0.         0.         0.         0.01307976 0.0131285  0.         0.01300545 0.01224178 0.01210428 0.        ],[0. 1. 0. 0. 1. 0. 0. 0. 1. 0. 0. 0. 0. 0. 0. 0. 1. 0. 1. 0. 0. 0. 0. 0. 1. 1. 0. 1. 1. 1. 0.],10.0,10000,30,0.6,10,1,10,,problem_solving
9000,0.034724684747399925,0.010063649304210972,0.4,-7.0875574157212915,[0.         0.01266658 0.         0.         0.88742053 0.         0.         0.         0.01032281 0.         0.         0.         0.         0.         0.         0.         0.01320526 0.         0.01282505 0.         0.         0.         0.         0.         0.01307976 0.0131285  0.         0.01300545 0.01224178 0.01210428 0.        ],[0. 1. 0. 0. 1. 0. 0. 0. 1. 0. 0. 0. 0. 0. 0. 0. 1. 0. 1. 0. 0. 0. 0. 0. 1. 1. 0. 1. 1. 1. 0.],10.0,10000,30,0.6,10,1,10,,problem_solving
9100,0.034724684747399925,0.010063649304210972,0.4,-1.0814854144236343,[0.         0.01266658 0.         0.         0.88742053 0.         0.         0.         0.01032281 0.         0.         0.         0.         0.         0.         0.         0.01320526 0.         0.01282505 0.         0.         0.         0.         0.         0.01307976 0.0131285  0.         0.01300545 0.01224178 0.01210428 0.        ],[0. 1. 0. 0. 1. 0. 0. 0. 1. 0. 0. 0. 0. 0. 0. 0. 1. 0. 1. 0. 0. 0. 0. 0. 1. 1. 0. 1. 1. 1. 0.],10.0,10000,30,0.6,10,1,10,,problem_solving
9200,0.034724684747399925,0.010063649304210972,0.4,13.41211394258518,[0.         0.01266658 0.         0.         0.88742053 0.         0.         0.         0.01032281 0.         0.         0.         0.         0.         0.         0.         0.01320526 0.         0.01282505 0.         0.         0.         0.         0.         0.01307976 0.0131285  0.         0.01300545 0.01224178 0.01210428 0.        ],[0. 1. 0. 0. 1. 0. 0. 0. 1. 0. 0. 0. 0. 0. 0. 0. 1. 0. 1. 0. 0. 0. 0. 0. 1. 1. 0. 1. 1. 1. 0.],10.0,10000,30,0.6,10,1,10,,problem_solving
9300,0.034724684747399925,0.010063649304210972,0.4,8.194839843506571,[0.         0.01266658 0.         0.         0.88742053 0.         0.         0.         0.01032281 0.         0.         0.         0.         0.         0.         0.         0.01320526 0.         0.01282505 0.         0.         0.         0.         0.         0.01307976 0.0131285  0.         0.01300545 0.01224178 0.01210428 0.        ],[0. 1. 0. 0. 1. 0. 0. 0. 1. 0. 0. 0. 0. 0. 0. 0. 1. 0. 1. 0. 0. 0. 0. 0. 1. 1. 0. 1. 1. 1. 0.],10.0,10000,30,0.6,10,1,10,,problem_solving
9400,0.034724684747399925,0.010063649304210972,0.4,-4.892780380094511,[0.         0.01266658 0.         0.         0.88742053 0.         0.         0.         0.01032281 0.         0.         0.         0.         0.         0.         0.         0.01320526 0.         0.01282505 0.         0.         0.         0.         0.         0.01307976 0.0131285  0.         0.01300545 0.01224178 0.01210428 0.        ],[0. 1. 0. 0. 1. 0. 0. 0. 1. 0. 0. 0. 0. 0. 0. 0. 1. 0. 1. 0. 0. 0. 0. 0. 1. 1. 0. 1. 1. 1. 0.],10.0,10000,30,0.6,10,1,10,,problem_solving
9500,0.034724684747399925,0.010063649304210972,0.4,3.0126724939937057,[0.         0.01266658 0.         0.         0.88742053 0.         0.         0.         0.01032281 0.         0.         0.         0.         0.         0.         0.         0.01320526 0.         0.01282505 0.         0.         0.         0.         0.         0.01307976 0.0131285  0.         0.01300545 0.01224178 0.01210428 0.        ],[0. 1. 0. 0. 1. 0. 0. 0. 1. 0. 0. 0. 0. 0. 0. 0. 1. 0. 1. 0. 0. 0. 0. 0. 1. 1. 0. 1. 1. 1. 0.],10.0,10000,30,0.6,10,1,10,,problem_solving
9600,0.034724684747399925,0.010063649304210972,0.4,-0.6735504738319789,[0.         0.01266658 0.         0.         0.88742053 0.         0.         0.         0.01032281 0.         0.         0.         0.         0.         0.         0.         0.01320526 0.         0.01282505 0.         0.         0.         0.         0.         0.01307976 0.0131285  0.         0.01300545 0.01224178 0.01210428 0.        ],[0. 1. 0. 0. 1. 0. 0. 0. 1. 0. 0. 0. 0. 0. 0. 0. 1. 0. 1. 0. 0. 0. 0. 0. 1. 1. 0. 1. 1. 1. 0.],10.0,10000,30,0.6,10,1,10,,problem_solving
9700,0.034724684747399925,0.010063649304210972,0.4,2.369387435164609,[0.         0.01266658 0.         0.         0.88742053 0.         0.         0.         0.01032281 0.         0.         0.         0.         0.         0.         0.         0.01320526 0.         0.01282505 0.         0.         0.         0.         0.         0.01307976 0.0131285  0.         0.01300545 0.01224178 0.01210428 0.        ],[0. 1. 0. 0. 1. 0. 0. 0. 1. 0. 0. 0. 0. 0. 0. 0. 1. 0. 1. 0. 0. 0. 0. 0. 1. 1. 0. 1. 1. 1. 0.],10.0,10000,30,0.6,10,1,10,,problem_solving
9800,0.034724684747399925,0.010063649304210972,0.4,-9.739527526346325,[0.         0.01266658 0.         0.         0.88742053 0.         0.         0.         0.01032281 0.         0.         0.         0.         0.         0.         0.         0.01320526 0.         0.01282505 0.         0.         0.         0.         0.         0.01307976 0.0131285  0.         0.01300545 0.01224178 0.01210428 0.        ],[0. 1. 0. 0. 1. 0. 0. 0. 1. 0. 0. 0. 0. 0. 0. 0. 1. 0. 1. 0. 0. 0. 0. 0. 1. 1. 0. 1. 1. 1. 0.],10.0,10000,30,0.6,10,1,10,,problem_solving
9900,0.034724684747399925,0.010063649304210972,0.4,-14.400775097726434,[0.         0.01266658 0.         0.         0.88742053 0.         0.         0.         0.01032281 0.         0.         0.         0.         0.         0.         0.         0.01320526 0.         0.01282505 0.         0.         0.         0.         0.         0.01307976 0.0131285  0.         0.01300545 0.01224178 0.01210428 0.        ],[0. 1. 0. 0. 1. 0. 0. 0. 1. 0. 0. 0. 0. 0. 0. 0. 1. 0. 1. 0. 0. 0. 0. 0. 1. 1. 0. 1. 1. 1. 0.],10.0,10000,30,0.6,10,1,10,,problem_solving
9999,0.034724684747399925,0.010063649304210972,0.4,-1.4234407366386967,[0.         0.01266658 0.         0.         0.88742053 0.         0.         0.         0.01032281 0.         0.         0.         0.         0.         0.         0.         0.01320526 0.         0.01282505 0.         0.         0.         0.         0.         0.01307976 0.0131285  0.         0.01300545 0.01224178 0.01210428 0.        ],[0. 1. 0. 0. 1. 0. 0. 0. 1. 0. 0. 0. 0. 0. 0. 0. 1. 0. 1. 0. 0. 0. 0. 0. 1. 1. 0. 1. 1. 1. 0.],10.0,10000,30,0.6,10,1,10,,problem_solving
