iter,cost,return,par,move,X,Z,Q,max_iter,mem_size,mem_consider,sigma,port_n,k,seed,tag
1,0.015140630888500007,0.010377114874069773,0.4,-10.136930780429214,[0.         0.         0.         0.         0.95341496 0.         0.         0.         0.         0.         0.         0.         0.         0.         0.         0.         0.         0.04658504 0.         0.         0.         0.         0.         0.         0.         0.         0.         0.         0.         0.         0.        ],[0. 0. 0. 0. 1. 0. 0. 0. 0. 0. 0. 0. 0. 0. 0. 0. 0. 1. 0. 0. 0. 0. 0. 0. 0. 0. 0. 0. 0. 0. 0.],2.0,1000,30,0.6,10,1,2,,problem_solving
10,0.015140630888500007,0.010377114874069773,0.4,5.8943796933612305,[0.         0.         0.         0.         0.95341496 0.         0.         0.         0.         0.         0.         0.         0.         0.         0.         0.         0.         0.04658504 0.         0.         0.         0.         0.         0.         0.         0.         0.         0.         0.         0.         0.        ],[0. 0. 0. 0. 1. 0. 0. 0. 0. 0. 0. 0. 0. 0. 0. 0. 0. 1. 0. 0. 0. 0. 0. 0. 0. 0. 0. 0. 0. 0. 0.],2.0,1000,30,0.6,10,1,2,,problem_solving
20,0.015140630888500007,0.010377114874069773,0.4,-1.934156307956901,[0.         0.         0.         0.         0.95341496 0.         0.         0.         0.         0.         0.         0.         0.         0.         0.         0.         0.         0.04658504 0.         0.         0.         0.         0.         0.         0.         0.         0.         0.         0.         0.         0.        ],[0. 0. 0. 0. 1. 0. 0. 0. 0. 0. 0. 0. 0. 0. 0. 0. 0. 1. 0. 0. 0. 0. 0. 0. 0. 0. 0. 0. 0. 0. 0.],2.0,1000,30,0.6,10,1,2,,problem_solving
30,0.015140630888500007,0.010377114874069773,0.4,9.121385449218524,[0.         0.         0.         0.         0.95341496 0.         0.         0.         0.         0.         0.         0.         0.         0.         0.         0.         0.         0.04658504 0.         0.         0.         0.         0.         0.         0.         0.         0.         0.         0.         0.         0.        ],[0. 0. 0. 0. 1. 0. 0. 0. 0. 0. 0. 0. 0. 0. 0. 0. 0. 1. 0. 0. 0. 0. 0. 0. 0. 0. 0. 0. 0. 0. 0.],2.0,1000,30,0.6,10,1,2,,problem_solving
40,0.015140630888500007,0.010377114874069773,0.4,6.606906139680166,[0.         0.         0.         0.         0.95341496 0.         0.         0.         0.         0.         0.         0.         0.         0.         0.         0.         0.         0.04658504 0.         0.         0.         0.         0.         0.         0.         0.         0.         0.         0.         0.         0.        ],[0. 0. 0. 0. 1. 0. 0. 0. 0. 0. 0. 0. 0. 0. 0. 0. 0. 1. 0. 0. 0. 0. 0. 0. 0. 0. 0. 0. 0. 0. 0.],2.0,1000,30,0.6,10,1,2,,problem_solving
50,0.015140630888500007,0.010377114874069773,0.4,0.6755509870191518,[0.         0.         0.         0.         0.95341496 0.         0.         0.         0.         0.         0.         0.         0.         0.         0.         0.         0.         0.04658504 0.         0.         0.         0.         0.         0.         0.         0.         0.         0.         0.         0.         0.        ],[0. 0. 0. 0. 1. 0. 0. 0. 0. 0. 0. 0. 0. 0. 0. 0. 0. 1. 0. 0. 0. 0. 0. 0. 0. 0. 0. 0. 0. 0. 0.],2.0,1000,30,0.6,10,1,2,,problem_solving
60,0.015140630888500007,0.010377114874069773,0.4,9.562661755585664,[0.         0.         0.         0.         0.95341496 0.         0.         0.         0.         0.         0.         0.         0.         0.         0.         0.         0.         0.04658504 0.         0.         0.         0.         0.         0.         0.         0.         0.         0.         0.         0.         0.        ],[0. 0. 0. 0. 1. 0. 0. 0. 0. 0. 0. 0. 0. 0. 0. 0. 0. 1. 0. 0. 0. 0. 0. 0. 0. 0. 0. 0. 0. 0. 0.],2.0,1000,30,0.6,10,1,2,,problem_solving
70,0.015140630888500007,0.010377114874069773,0.4,-0.6552654287312603,[0.         0.         0.         0.         0.95341496 0.         0.         0.         0.         0.         0.         0.         0.         0.         0.         0.         0.         0.04658504 0.         0.         0.         0.         0.         0.         0.         0.         0.         0.         0.         0.         0.        ],[0. 0. 0. 0. 1. 0. 0. 0. 0. 0. 0. 0. 0. 0. 0. 0. 0. 1. 0. 0. 0. 0. 0. 0. 0. 0. 0. 0. 0. 0. 0.],2.0,1000,30,0.6,10,1,2,,problem_solving
80,0.015140630888500007,0.010377114874069773,0.4,11.891774233265632,[0.         0.         0.         0.         0.95341496 0.         0.         0.         0.         0.         0.         0.         0.         0.         0.         0.         0.         0.04658504 0.         0.         0.         0.         0.         0.         0.         0.         0.         0.         0.         0.         0.        ],[0. 0. 0. 0. 1. 0. 0. 0. 0. 0. 0. 0. 0. 0. 0. 0. 0. 1. 0. 0. 0. 0. 0. 0. 0. 0. 0. 0. 0. 0. 0.],2.0,1000,30,0.6,10,1,2,,problem_solving
90,0.015140630888500007,0.010377114874069773,0.4,0.5163069982236267,[0.         0.         0.         0.         0.95341496 0.         0.         0.         0.         0.         0.         0.         0.         0.         0.         0.         0.         0.04658504 0.         0.         0.         0.         0.         0.         0.         0.         0.         0.         0.         0.         0.        ],[0. 0. 0. 0. 1. 0. 0. 0. 0. 0. 0. 0. 0. 0. 0. 0. 0. 1. 0. 0. 0. 0. 0. 0. 0. 0. 0. 0. 0. 0. 0.],2.0,1000,30,0.6,10,1,2,,problem_solving
100,0.015140630888500007,0.010377114874069773,0.4,12.917576578443237,[0.         0.         0.         0.         0.95341496 0.         0.         0.         0.         0.         0.         0.         0.         0.         0.         0.         0.         0.04658504 0.         0.         0.         0.         0.         0.         0.         0.         0.         0.         0.         0.         0.        ],[0. 0. 0. 0. 1. 0. 0. 0. 0. 0. 0. 0. 0. 0. 0. 0. 0. 1. 0. 0. 0. 0. 0. 0. 0. 0. 0. 0. 0. 0. 0.],2.0,1000,30,0.6,10,1,2,,problem_solving
110,0.015140630888500007,0.010377114874069773,0.4,-5.521584166166517,[0.         0.         0.         0.         0.95341496 0.         0.         0.         0.         0.         0.         0.         0.         0.         0.         0.         0.         0.04658504 0.         0.         0.         0.         0.         0.         0.         0.         0.         0.         0.         0.         0.        ],[0. 0. 0. 0. 1. 0. 0. 0. 0. 0. 0. 0. 0. 0. 0. 0. 0. 1. 0. 0. 0. 0. 0. 0. 0. 0. 0. 0. 0. 0. 0.],2.0,1000,30,0.6,10,1,2,,problem_solving
120,0.015140630888500007,0.010377114874069773,0.4,2.8204744860935755,[0.         0.         0.         0.         0.95341496 0.         0.         0.         0.         0.         0.         0.         0.         0.         0.         0.         0.         0.04658504 0.         0.         0.         0.         0.         0.         0.         0.         0.         0.         0.         0.         0.        ],[0. 0. 0. 0. 1. 0. 0. 0. 0. 0. 0. 0. 0. 0. 0. 0. 0. 1. 0. 0. 0. 0. 0. 0. 0. 0. 0. 0. 0. 0. 0.],2.0,1000,30,0.6,10,1,2,,problem_solving
130,0.015140630888500007,0.010377114874069773,0.4,-16.719646663830215,[0.         0.         0.         0.         0.95341496 0.         0.         0.         0.         0.         0.         0.         0.         0.         0.         0.         0.         0.04658504 0.         0.         0.         0.         0.         0.         0.         0.         0.         0.         0.         0.         0.        ],[0. 0. 0. 0. 1. 0. 0. 0. 0. 0. 0. 0. 0. 0. 0. 0. 0. 1. 0. 0. 0. 0. 0. 0. 0. 0. 0. 0. 0. 0. 0.],2.0,1000,30,0.6,10,1,2,,problem_solving
140,0.015140630888500007,0.010377114874069773,0.4,3.1348097193034477,[0.         0.         0.         0.         0.95341496 0.         0.         0.         0.         0.         0.         0.         0.         0.         0.         0.         0.         0.04658504 0.         0.         0.         0.         0.         0.         0.         0.         0.         0.         0.         0.         0.        ],[0. 0. 0. 0. 1. 0. 0. 0. 0. 0. 0. 0. 0. 0. 0. 0. 0. 1. 0. 0. 0. 0. 0. 0. 0. 0. 0. 0. 0. 0. 0.],2.0,1000,30,0.6,10,1,2,,problem_solving
150,0.015140630888500007,0.010377114874069773,0.4,2.2628293641851256,[0.         0.         0.         0.         0.95341496 0.         0.         0.         0.         0.         0.         0.         0.         0.         0.         0.         0.         0.04658504 0.         0.         0.         0.         0.         0.         0.         0.         0.         0.         0.         0.         0.        ],[0. 0. 0. 0. 1. 0. 0. 0. 0. 0. 0. 0. 0. 0. 0. 0. 0. 1. 0. 0. 0. 0. 0. 0. 0. 0. 0. 0. 0. 0. 0.],2.0,1000,30,0.6,10,1,2,,problem_solving
160,0.015140630888500007,0.010377114874069773,0.4,14.652889465011814,[0.         0.         0.         0.         0.95341496 0.         0.         0.         0.         0.         0.         0.         0.         0.         0.         0.         0.         0.04658504 0.         0.         0.         0.         0.         0.         0.         0.         0.         0.         0.         0.         0.        ],[0. 0. 0. 0. 1. 0. 0. 0. 0. 0. 0. 0. 0. 0. 0. 0. 0. 1. 0. 0. 0. 0. 0. 0. 0. 0. 0. 0. 0. 0. 0.],2.0,1000,30,0.6,10,1,2,,problem_solving
170,0.015140630888500007,0.010377114874069773,0.4,-17.34977271793429,[0.         0.         0.         0.         0.95341496 0.         0.         0.         0.         0.         0.         0.         0.         0.         0.         0.         0.         0.04658504 0.         0.         0.         0.         0.         0.         0.         0.         0.         0.         0.         0.         0.        ],[0. 0. 0. 0. 1. 0. 0. 0. 0. 0. 0. 0. 0. 0. 0. 0. 0. 1. 0. 0. 0. 0. 0. 0. 0. 0. 0. 0. 0. 0. 0.],2.0,1000,30,0.6,10,1,2,,problem_solving
180,0.015140630888500007,0.010377114874069773,0.4,10.735086988530107,[0.         0.         0.         0.         0.95341496 0.         0.         0.         0.         0.         0.         0.         0.         0.         0.         0.         0.         0.04658504 0.         0.         0.         0.         0.         0.         0.         0.         0.         0.         0.         0.         0.        ],[0. 0. 0. 0. 1. 0. 0. 0. 0. 0. 0. 0. 0. 0. 0. 0. 0. 1. 0. 0. 0. 0. 0. 0. 0. 0. 0. 0. 0. 0. 0.],2.0,1000,30,0.6,10,1,2,,problem_solving
190,0.015140630888500007,0.010377114874069773,0.4,-2.952139356034925,[0.         0.         0.         0.         0.95341496 0.         0.         0.         0.         0.         0.         0.         0.         0.         0.         0.         0.         0.04658504 0.         0.         0.         0.         0.         0.         0.         0.         0.         0.         0.         0.         0.        ],[0. 0. 0. 0. 1. 0. 0. 0. 0. 0. 0. 0. 0. 0. 0. 0. 0. 1. 0. 0. 0. 0. 0. 0. 0. 0. 0. 0. 0. 0. 0.],2.0,1000,30,0.6,10,1,2,,problem_solving
200,0.015140630888500007,0.010377114874069773,0.4,-15.60955237141513,[0.         0.         0.         0.         0.95341496 0.         0.         0.         0.         0.         0.         0.         0.         0.         0.         0.         0.         0.04658504 0.         0.         0.         0.         0.         0.         0.         0.         0.         0.         0.         0.         0.        ],[0. 0. 0. 0. 1. 0. 0. 0. 0. 0. 0. 0. 0. 0. 0. 0. 0. 1. 0. 0. 0. 0. 0. 0. 0. 0. 0. 0. 0. 0. 0.],2.0,1000,30,0.6,10,1,2,,problem_solving
210,0.015140630888500007,0.010377114874069773,0.4,1.041159814246599,[0.         0.         0.         0.         0.95341496 0.         0.         0.         0.         0.         0.         0.         0.         0.         0.         0.         0.         0.04658504 0.         0.         0.         0.         0.         0.         0.         0.         0.         0.         0.         0.         0.        ],[0. 0. 0. 0. 1. 0. 0. 0. 0. 0. 0. 0. 0. 0. 0. 0. 0. 1. 0. 0. 0. 0. 0. 0. 0. 0. 0. 0. 0. 0. 0.],2.0,1000,30,0.6,10,1,2,,problem_solving
220,0.015140630888500007,0.010377114874069773,0.4,-7.7894262584052,[0.         0.         0.         0.         0.95341496 0.         0.         0.         0.         0.         0.         0.         0.         0.         0.         0.         0.         0.04658504 0.         0.         0.         0.         0.         0.         0.         0.         0.         0.         0.         0.         0.        ],[0. 0. 0. 0. 1. 0. 0. 0. 0. 0. 0. 0. 0. 0. 0. 0. 0. 1. 0. 0. 0. 0. 0. 0. 0. 0. 0. 0. 0. 0. 0.],2.0,1000,30,0.6,10,1,2,,problem_solving
230,0.015140630888500007,0.010377114874069773,0.4,-8.783997498069136,[0.         0.         0.         0.         0.95341496 0.         0.         0.         0.         0.         0.         0.         0.         0.         0.         0.         0.         0.04658504 0.         0.         0.         0.         0.         0.         0.         0.         0.         0.         0.         0.         0.        ],[0. 0. 0. 0. 1. 0. 0. 0. 0. 0. 0. 0. 0. 0. 0. 0. 0. 1. 0. 0. 0. 0. 0. 0. 0. 0. 0. 0. 0. 0. 0.],2.0,1000,30,0.6,10,1,2,,problem_solving
240,0.015140630888500007,0.010377114874069773,0.4,-6.818782604564108,[0.         0.         0.         0.         0.95341496 0.         0.         0.         0.         0.         0.         0.         0.         0.         0.         0.         0.         0.04658504 0.         0.         0.         0.         0.         0.         0.         0.         0.         0.         0.         0.         0.        ],[0. 0. 0. 0. 1. 0. 0. 0. 0. 0. 0. 0. 0. 0. 0. 0. 0. 1. 0. 0. 0. 0. 0. 0. 0. 0. 0. 0. 0. 0. 0.],2.0,1000,30,0.6,10,1,2,,problem_solving
250,0.015140630888500007,0.010377114874069773,0.4,-16.012649416373673,[0.         0.         0.         0.         0.95341496 0.         0.         0.         0.         0.         0.         0.         0.         0.         0.         0.         0.         0.04658504 0.         0.         0.         0.         0.         0.         0.         0.         0.         0.         0.         0.         0.        ],[0. 0. 0. 0. 1. 0. 0. 0. 0. 0. 0. 0. 0. 0. 0. 0. 0. 1. 0. 0. 0. 0. 0. 0. 0. 0. 0. 0. 0. 0. 0.],2.0,1000,30,0.6,10,1,2,,problem_solving
260,0.00639648391411857,0.004673746077767846,0.4,-2.263132453076109,[0.         0.         0.         0.         0.         0.         0.         0.         0.         0.         0.         0.         0.         0.         0.         0.         0.02643625 0.         0.         0.         0.         0.         0.         0.         0.         0.97356375 0.         0.         0.         0.         0.        ],[0. 0. 0. 0. 0. 0. 0. 0. 0. 0. 0. 0. 0. 0. 0. 0. 1. 0. 0. 0. 0. 0. 0. 0. 0. 1. 0. 0. 0. 0. 0.],2.0,1000,30,0.6,10,1,2,,problem_solving
270,0.00639648391411857,0.004673746077767846,0.4,4.063283830285556,[0.         0.         0.         0.         0.         0.         0.         0.         0.         0.         0.         0.         0.         0.         0.         0.         0.02643625 0.         0.         0.         0.         0.         0.         0.         0.         0.97356375 0.         0.         0.         0.         0.        ],[0. 0. 0. 0. 0. 0. 0. 0. 0. 0. 0. 0. 0. 0. 0. 0. 1. 0. 0. 0. 0. 0. 0. 0. 0. 1. 0. 0. 0. 0. 0.],2.0,1000,30,0.6,10,1,2,,problem_solving
280,0.00639648391411857,0.004673746077767846,0.4,1.0347817901111447,[0.         0.         0.         0.         0.         0.         0.         0.         0.         0.         0.         0.         0.         0.         0.         0.         0.02643625 0.         0.         0.         0.         0.         0.         0.         0.         0.97356375 0.         0.         0.         0.         0.        ],[0. 0. 0. 0. 0. 0. 0. 0. 0. 0. 0. 0. 0. 0. 0. 0. 1. 0. 0. 0. 0. 0. 0. 0. 0. 1. 0. 0. 0. 0. 0.],2.0,1000,30,0.6,10,1,2,,problem_solving
290,0.00639648391411857,0.004673746077767846,0.4,30.126990476140342,[0.         0.         0.         0.         0.         0.         0.         0.         0.         0.         0.         0.         0.         0.         0.         0.         0.02643625 0.         0.         0.         0.         0.         0.         0.         0.         0.97356375 0.         0.         0.         0.         0.        ],[0. 0. 0. 0. 0. 0. 0. 0. 0. 0. 0. 0. 0. 0. 0. 0. 1. 0. 0. 0. 0. 0. 0. 0. 0. 1. 0. 0. 0. 0. 0.],2.0,1000,30,0.6,10,1,2,,problem_solving
300,0.00639648391411857,0.004673746077767846,0.4,3.3674439914312444,[0.         0.         0.         0.         0.         0.         0.         0.         0.         0.         0.         0.         0.         0.         0.         0.         0.02643625 0.         0.         0.         0.         0.         0.         0.         0.         0.97356375 0.         0.         0.         0.         0.        ],[0. 0. 0. 0. 0. 0. 0. 0. 0. 0. 0. 0. 0. 0. 0. 0. 1. 0. 0. 0. 0. 0. 0. 0. 0. 1. 0. 0. 0. 0. 0.],2.0,1000,30,0.6,10,1,2,,problem_solving
310,0.00639648391411857,0.004673746077767846,0.4,0.47463252214089413,[0.         0.         0.         0.         0.         0.         0.         0.         0.         0.         0.         0.         0.         0.         0.         0.         0.02643625 0.         0.         0.         0.         0.         0.         0.         0.         0.97356375 0.         0.         0.         0.         0.        ],[0. 0. 0. 0. 0. 0. 0. 0. 0. 0. 0. 0. 0. 0. 0. 0. 1. 0. 0. 0. 0. 0. 0. 0. 0. 1. 0. 0. 0. 0. 0.],2.0,1000,30,0.6,10,1,2,,problem_solving
320,0.00639648391411857,0.004673746077767846,0.4,-6.220028024851994,[0.         0.         0.         0.         0.         0.         0.         0.         0.         0.         0.         0.         0.         0.         0.         0.         0.02643625 0.         0.         0.         0.         0.         0.         0.         0.         0.97356375 0.         0.         0.         0.         0.        ],[0. 0. 0. 0. 0. 0. 0. 0. 0. 0. 0. 0. 0. 0. 0. 0. 1. 0. 0. 0. 0. 0. 0. 0. 0. 1. 0. 0. 0. 0. 0.],2.0,1000,30,0.6,10,1,2,,problem_solving
330,0.00639648391411857,0.004673746077767846,0.4,-6.704988479675796,[0.         0.         0.         0.         0.         0.         0.         0.         0.         0.         0.         0.         0.         0.         0.         0.         0.02643625 0.         0.         0.         0.         0.         0.         0.         0.         0.97356375 0.         0.         0.         0.         0.        ],[0. 0. 0. 0. 0. 0. 0. 0. 0. 0. 0. 0. 0. 0. 0. 0. 1. 0. 0. 0. 0. 0. 0. 0. 0. 1. 0. 0. 0. 0. 0.],2.0,1000,30,0.6,10,1,2,,problem_solving
340,0.00639648391411857,0.004673746077767846,0.4,7.105850147026771,[0.         0.         0.         0.         0.         0.         0.         0.         0.         0.         0.         0.         0.         0.         0.         0.         0.02643625 0.         0.         0.         0.         0.         0.         0.         0.         0.97356375 0.         0.         0.         0.         0.        ],[0. 0. 0. 0. 0. 0. 0. 0. 0. 0. 0. 0. 0. 0. 0. 0. 1. 0. 0. 0. 0. 0. 0. 0. 0. 1. 0. 0. 0. 0. 0.],2.0,1000,30,0.6,10,1,2,,problem_solving
350,0.00639648391411857,0.004673746077767846,0.4,20.901750069587976,[0.         0.         0.         0.         0.         0.         0.         0.         0.         0.         0.         0.         0.         0.         0.         0.         0.02643625 0.         0.         0.         0.         0.         0.         0.         0.         0.97356375 0.         0.         0.         0.         0.        ],[0. 0. 0. 0. 0. 0. 0. 0. 0. 0. 0. 0. 0. 0. 0. 0. 1. 0. 0. 0. 0. 0. 0. 0. 0. 1. 0. 0. 0. 0. 0.],2.0,1000,30,0.6,10,1,2,,problem_solving
360,0.00639648391411857,0.004673746077767846,0.4,-25.185404924179934,[0.         0.         0.         0.         0.         0.         0.         0.         0.         0.         0.         0.         0.         0.         0.         0.         0.02643625 0.         0.         0.         0.         0.         0.         0.         0.         0.97356375 0.         0.         0.         0.         0.        ],[0. 0. 0. 0. 0. 0. 0. 0. 0. 0. 0. 0. 0. 0. 0. 0. 1. 0. 0. 0. 0. 0. 0. 0. 0. 1. 0. 0. 0. 0. 0.],2.0,1000,30,0.6,10,1,2,,problem_solving
370,0.00639648391411857,0.004673746077767846,0.4,-1.5297296095734976,[0.         0.         0.         0.         0.         0.         0.         0.         0.         0.         0.         0.         0.         0.         0.         0.         0.02643625 0.         0.         0.         0.         0.         0.         0.         0.         0.97356375 0.         0.         0.         0.         0.        ],[0. 0. 0. 0. 0. 0. 0. 0. 0. 0. 0. 0. 0. 0. 0. 0. 1. 0. 0. 0. 0. 0. 0. 0. 0. 1. 0. 0. 0. 0. 0.],2.0,1000,30,0.6,10,1,2,,problem_solving
380,0.00639648391411857,0.004673746077767846,0.4,2.841784336835484,[0.         0.         0.         0.         0.         0.         0.         0.         0.         0.         0.         0.         0.         0.         0.         0.         0.02643625 0.         0.         0.         0.         0.         0.         0.         0.         0.97356375 0.         0.         0.         0.         0.        ],[0. 0. 0. 0. 0. 0. 0. 0. 0. 0. 0. 0. 0. 0. 0. 0. 1. 0. 0. 0. 0. 0. 0. 0. 0. 1. 0. 0. 0. 0. 0.],2.0,1000,30,0.6,10,1,2,,problem_solving
390,0.00639648391411857,0.004673746077767846,0.4,-21.45955198591553,[0.         0.         0.         0.         0.         0.         0.         0.         0.         0.         0.         0.         0.         0.         0.         0.         0.02643625 0.         0.         0.         0.         0.         0.         0.         0.         0.97356375 0.         0.         0.         0.         0.        ],[0. 0. 0. 0. 0. 0. 0. 0. 0. 0. 0. 0. 0. 0. 0. 0. 1. 0. 0. 0. 0. 0. 0. 0. 0. 1. 0. 0. 0. 0. 0.],2.0,1000,30,0.6,10,1,2,,problem_solving
400,0.00639648391411857,0.004673746077767846,0.4,3.74314733563285,[0.         0.         0.         0.         0.         0.         0.         0.         0.         0.         0.         0.         0.         0.         0.         0.         0.02643625 0.         0.         0.         0.         0.         0.         0.         0.         0.97356375 0.         0.         0.         0.         0.        ],[0. 0. 0. 0. 0. 0. 0. 0. 0. 0. 0. 0. 0. 0. 0. 0. 1. 0. 0. 0. 0. 0. 0. 0. 0. 1. 0. 0. 0. 0. 0.],2.0,1000,30,0.6,10,1,2,,problem_solving
410,0.00639648391411857,0.004673746077767846,0.4,-13.572171150390076,[0.         0.         0.         0.         0.         0.         0.         0.         0.         0.         0.         0.         0.         0.         0.         0.         0.02643625 0.         0.         0.         0.         0.         0.         0.         0.         0.97356375 0.         0.         0.         0.         0.        ],[0. 0. 0. 0. 0. 0. 0. 0. 0. 0. 0. 0. 0. 0. 0. 0. 1. 0. 0. 0. 0. 0. 0. 0. 0. 1. 0. 0. 0. 0. 0.],2.0,1000,30,0.6,10,1,2,,problem_solving
420,0.00639648391411857,0.004673746077767846,0.4,4.263952007571922,[0.         0.         0.         0.         0.         0.         0.         0.         0.         0.         0.         0.         0.         0.         0.         0.         0.02643625 0.         0.         0.         0.         0.         0.         0.         0.         0.97356375 0.         0.         0.         0.         0.        ],[0. 0. 0. 0. 0. 0. 0. 0. 0. 0. 0. 0. 0. 0. 0. 0. 1. 0. 0. 0. 0. 0. 0. 0. 0. 1. 0. 0. 0. 0. 0.],2.0,1000,30,0.6,10,1,2,,problem_solving
430,0.00639648391411857,0.004673746077767846,0.4,0.14132012435180483,[0.         0.         0.         0.         0.         0.         0.         0.         0.         0.         0.         0.         0.         0.         0.         0.         0.02643625 0.         0.         0.         0.         0.         0.         0.         0.         0.97356375 0.         0.         0.         0.         0.        ],[0. 0. 0. 0. 0. 0. 0. 0. 0. 0. 0. 0. 0. 0. 0. 0. 1. 0. 0. 0. 0. 0. 0. 0. 0. 1. 0. 0. 0. 0. 0.],2.0,1000,30,0.6,10,1,2,,problem_solving
440,0.00639648391411857,0.004673746077767846,0.4,0.8827244760369017,[0.         0.         0.         0.         0.         0.         0.         0.         0.         0.         0.         0.         0.         0.         0.         0.         0.02643625 0.         0.         0.         0.         0.         0.         0.         0.         0.97356375 0.         0.         0.         0.         0.        ],[0. 0. 0. 0. 0. 0. 0. 0. 0. 0. 0. 0. 0. 0. 0. 0. 1. 0. 0. 0. 0. 0. 0. 0. 0. 1. 0. 0. 0. 0. 0.],2.0,1000,30,0.6,10,1,2,,problem_solving
450,0.00639648391411857,0.004673746077767846,0.4,-5.4755964199599365,[0.         0.         0.         0.         0.         0.         0.         0.         0.         0.         0.         0.         0.         0.         0.         0.         0.02643625 0.         0.         0.         0.         0.         0.         0.         0.         0.97356375 0.         0.         0.         0.         0.        ],[0. 0. 0. 0. 0. 0. 0. 0. 0. 0. 0. 0. 0. 0. 0. 0. 1. 0. 0. 0. 0. 0. 0. 0. 0. 1. 0. 0. 0. 0. 0.],2.0,1000,30,0.6,10,1,2,,problem_solving
460,0.00639648391411857,0.004673746077767846,0.4,7.864898095112728,[0.         0.         0.         0.         0.         0.         0.         0.         0.         0.         0.         0.         0.         0.         0.         0.         0.02643625 0.         0.         0.         0.         0.         0.         0.         0.         0.97356375 0.         0.         0.         0.         0.        ],[0. 0. 0. 0. 0. 0. 0. 0. 0. 0. 0. 0. 0. 0. 0. 0. 1. 0. 0. 0. 0. 0. 0. 0. 0. 1. 0. 0. 0. 0. 0.],2.0,1000,30,0.6,10,1,2,,problem_solving
470,0.00639648391411857,0.004673746077767846,0.4,-7.511151125986213,[0.         0.         0.         0.         0.         0.         0.         0.         0.         0.         0.         0.         0.         0.         0.         0.         0.02643625 0.         0.         0.         0.         0.         0.         0.         0.         0.97356375 0.         0.         0.         0.         0.        ],[0. 0. 0. 0. 0. 0. 0. 0. 0. 0. 0. 0. 0. 0. 0. 0. 1. 0. 0. 0. 0. 0. 0. 0. 0. 1. 0. 0. 0. 0. 0.],2.0,1000,30,0.6,10,1,2,,problem_solving
480,0.00639648391411857,0.004673746077767846,0.4,8.230322660291868,[0.         0.         0.         0.         0.         0.         0.         0.         0.         0.         0.         0.         0.         0.         0.         0.         0.02643625 0.         0.         0.         0.         0.         0.         0.         0.         0.97356375 0.         0.         0.         0.         0.        ],[0. 0. 0. 0. 0. 0. 0. 0. 0. 0. 0. 0. 0. 0. 0. 0. 1. 0. 0. 0. 0. 0. 0. 0. 0. 1. 0. 0. 0. 0. 0.],2.0,1000,30,0.6,10,1,2,,problem_solving
490,0.00639648391411857,0.004673746077767846,0.4,2.45899989551487,[0.         0.         0.         0.         0.         0.         0.         0.         0.         0.         0.         0.         0.         0.         0.         0.         0.02643625 0.         0.         0.         0.         0.         0.         0.         0.         0.97356375 0.         0.         0.         0.         0.        ],[0. 0. 0. 0. 0. 0. 0. 0. 0. 0. 0. 0. 0. 0. 0. 0. 1. 0. 0. 0. 0. 0. 0. 0. 0. 1. 0. 0. 0. 0. 0.],2.0,1000,30,0.6,10,1,2,,problem_solving
500,0.00639648391411857,0.004673746077767846,0.4,-8.404971904352074,[0.         0.         0.         0.         0.         0.         0.         0.         0.         0.         0.         0.         0.         0.         0.         0.         0.02643625 0.         0.         0.         0.         0.         0.         0.         0.         0.97356375 0.         0.         0.         0.         0.        ],[0. 0. 0. 0. 0. 0. 0. 0. 0. 0. 0. 0. 0. 0. 0. 0. 1. 0. 0. 0. 0. 0. 0. 0. 0. 1. 0. 0. 0. 0. 0.],2.0,1000,30,0.6,10,1,2,,problem_solving
510,0.00639648391411857,0.004673746077767846,0.4,22.69628297980221,[0.         0.         0.         0.         0.         0.         0.         0.         0.         0.         0.         0.         0.         0.         0.         0.         0.02643625 0.         0.         0.         0.         0.         0.         0.         0.         0.97356375 0.         0.         0.         0.         0.        ],[0. 0. 0. 0. 0. 0. 0. 0. 0. 0. 0. 0. 0. 0. 0. 0. 1. 0. 0. 0. 0. 0. 0. 0. 0. 1. 0. 0. 0. 0. 0.],2.0,1000,30,0.6,10,1,2,,problem_solving
520,0.00639648391411857,0.004673746077767846,0.4,-8.497064306631776,[0.         0.         0.         0.         0.         0.         0.         0.         0.         0.         0.         0.         0.         0.         0.         0.         0.02643625 0.         0.         0.         0.         0.         0.         0.         0.         0.97356375 0.         0.         0.         0.         0.        ],[0. 0. 0. 0. 0. 0. 0. 0. 0. 0. 0. 0. 0. 0. 0. 0. 1. 0. 0. 0. 0. 0. 0. 0. 0. 1. 0. 0. 0. 0. 0.],2.0,1000,30,0.6,10,1,2,,problem_solving
530,0.00639648391411857,0.004673746077767846,0.4,8.404119553383282,[0.         0.         0.         0.         0.         0.         0.         0.         0.         0.         0.         0.         0.         0.         0.         0.         0.02643625 0.         0.         0.         0.         0.         0.         0.         0.         0.97356375 0.         0.         0.         0.         0.        ],[0. 0. 0. 0. 0. 0. 0. 0. 0. 0. 0. 0. 0. 0. 0. 0. 1. 0. 0. 0. 0. 0. 0. 0. 0. 1. 0. 0. 0. 0. 0.],2.0,1000,30,0.6,10,1,2,,problem_solving
540,0.00639648391411857,0.004673746077767846,0.4,-0.06214619111370348,[0.         0.         0.         0.         0.         0.         0.         0.         0.         0.         0.         0.         0.         0.         0.         0.         0.02643625 0.         0.         0.         0.         0.         0.         0.         0.         0.97356375 0.         0.         0.         0.         0.        ],[0. 0. 0. 0. 0. 0. 0. 0. 0. 0. 0. 0. 0. 0. 0. 0. 1. 0. 0. 0. 0. 0. 0. 0. 0. 1. 0. 0. 0. 0. 0.],2.0,1000,30,0.6,10,1,2,,problem_solving
550,0.00639648391411857,0.004673746077767846,0.4,11.017345633860549,[0.         0.         0.         0.         0.         0.         0.         0.         0.         0.         0.         0.         0.         0.         0.         0.         0.02643625 0.         0.         0.         0.         0.         0.         0.         0.         0.97356375 0.         0.         0.         0.         0.        ],[0. 0. 0. 0. 0. 0. 0. 0. 0. 0. 0. 0. 0. 0. 0. 0. 1. 0. 0. 0. 0. 0. 0. 0. 0. 1. 0. 0. 0. 0. 0.],2.0,1000,30,0.6,10,1,2,,problem_solving
560,0.00639648391411857,0.004673746077767846,0.4,7.974215027753036,[0.         0.         0.         0.         0.         0.         0.         0.         0.         0.         0.         0.         0.         0.         0.         0.         0.02643625 0.         0.         0.         0.         0.         0.         0.         0.         0.97356375 0.         0.         0.         0.         0.        ],[0. 0. 0. 0. 0. 0. 0. 0. 0. 0. 0. 0. 0. 0. 0. 0. 1. 0. 0. 0. 0. 0. 0. 0. 0. 1. 0. 0. 0. 0. 0.],2.0,1000,30,0.6,10,1,2,,problem_solving
570,0.00639648391411857,0.004673746077767846,0.4,-20.31622622521713,[0.         0.         0.         0.         0.         0.         0.         0.         0.         0.         0.         0.         0.         0.         0.         0.         0.02643625 0.         0.         0.         0.         0.         0.         0.         0.         0.97356375 0.         0.         0.         0.         0.        ],[0. 0. 0. 0. 0. 0. 0. 0. 0. 0. 0. 0. 0. 0. 0. 0. 1. 0. 0. 0. 0. 0. 0. 0. 0. 1. 0. 0. 0. 0. 0.],2.0,1000,30,0.6,10,1,2,,problem_solving
580,0.00639648391411857,0.004673746077767846,0.4,-17.481636576077726,[0.         0.         0.         0.         0.         0.         0.         0.         0.         0.         0.         0.         0.         0.         0.         0.         0.02643625 0.         0.         0.         0.         0.         0.         0.         0.         0.97356375 0.         0.         0.         0.         0.        ],[0. 0. 0. 0. 0. 0. 0. 0. 0. 0. 0. 0. 0. 0. 0. 0. 1. 0. 0. 0. 0. 0. 0. 0. 0. 1. 0. 0. 0. 0. 0.],2.0,1000,30,0.6,10,1,2,,problem_solving
590,0.00639648391411857,0.004673746077767846,0.4,2.3289306839414943,[0.         0.         0.         0.         0.         0.         0.         0.         0.         0.         0.         0.         0.         0.         0.         0.         0.02643625 0.         0.         0.         0.         0.         0.         0.         0.         0.97356375 0.         0.         0.         0.         0.        ],[0. 0. 0. 0. 0. 0. 0. 0. 0. 0. 0. 0. 0. 0. 0. 0. 1. 0. 0. 0. 0. 0. 0. 0. 0. 1. 0. 0. 0. 0. 0.],2.0,1000,30,0.6,10,1,2,,problem_solving
600,0.00639648391411857,0.004673746077767846,0.4,8.666394926071643,[0.         0.         0.         0.         0.         0.         0.         0.         0.         0.         0.         0.         0.         0.         0.         0.         0.02643625 0.         0.         0.         0.         0.         0.         0.         0.         0.97356375 0.         0.         0.         0.         0.        ],[0. 0. 0. 0. 0. 0. 0. 0. 0. 0. 0. 0. 0. 0. 0. 0. 1. 0. 0. 0. 0. 0. 0. 0. 0. 1. 0. 0. 0. 0. 0.],2.0,1000,30,0.6,10,1,2,,problem_solving
610,0.00639648391411857,0.004673746077767846,0.4,6.246284380977163,[0.         0.         0.         0.         0.         0.         0.         0.         0.         0.         0.         0.         0.         0.         0.         0.         0.02643625 0.         0.         0.         0.         0.         0.         0.         0.         0.97356375 0.         0.         0.         0.         0.        ],[0. 0. 0. 0. 0. 0. 0. 0. 0. 0. 0. 0. 0. 0. 0. 0. 1. 0. 0. 0. 0. 0. 0. 0. 0. 1. 0. 0. 0. 0. 0.],2.0,1000,30,0.6,10,1,2,,problem_solving
620,0.00639648391411857,0.004673746077767846,0.4,13.35238750051258,[0.         0.         0.         0.         0.         0.         0.         0.         0.         0.         0.         0.         0.         0.         0.         0.         0.02643625 0.         0.         0.         0.         0.         0.         0.         0.         0.97356375 0.         0.         0.         0.         0.        ],[0. 0. 0. 0. 0. 0. 0. 0. 0. 0. 0. 0. 0. 0. 0. 0. 1. 0. 0. 0. 0. 0. 0. 0. 0. 1. 0. 0. 0. 0. 0.],2.0,1000,30,0.6,10,1,2,,problem_solving
630,0.00639648391411857,0.004673746077767846,0.4,-2.236361494621538,[0.         0.         0.         0.         0.         0.         0.         0.         0.         0.         0.         0.         0.         0.         0.         0.         0.02643625 0.         0.         0.         0.         0.         0.         0.         0.         0.97356375 0.         0.         0.         0.         0.        ],[0. 0. 0. 0. 0. 0. 0. 0. 0. 0. 0. 0. 0. 0. 0. 0. 1. 0. 0. 0. 0. 0. 0. 0. 0. 1. 0. 0. 0. 0. 0.],2.0,1000,30,0.6,10,1,2,,problem_solving
640,0.00639648391411857,0.004673746077767846,0.4,-5.961506486321161,[0.         0.         0.         0.         0.         0.         0.         0.         0.         0.         0.         0.         0.         0.         0.         0.         0.02643625 0.         0.         0.         0.         0.         0.         0.         0.         0.97356375 0.         0.         0.         0.         0.        ],[0. 0. 0. 0. 0. 0. 0. 0. 0. 0. 0. 0. 0. 0. 0. 0. 1. 0. 0. 0. 0. 0. 0. 0. 0. 1. 0. 0. 0. 0. 0.],2.0,1000,30,0.6,10,1,2,,problem_solving
650,0.00639648391411857,0.004673746077767846,0.4,1.3677035811857055,[0.         0.         0.         0.         0.         0.         0.         0.         0.         0.         0.         0.         0.         0.         0.         0.         0.02643625 0.         0.         0.         0.         0.         0.         0.         0.         0.97356375 0.         0.         0.         0.         0.        ],[0. 0. 0. 0. 0. 0. 0. 0. 0. 0. 0. 0. 0. 0. 0. 0. 1. 0. 0. 0. 0. 0. 0. 0. 0. 1. 0. 0. 0. 0. 0.],2.0,1000,30,0.6,10,1,2,,problem_solving
660,0.00639648391411857,0.004673746077767846,0.4,-4.265657932082084,[0.         0.         0.         0.         0.         0.         0.         0.         0.         0.         0.         0.         0.         0.         0.         0.         0.02643625 0.         0.         0.         0.         0.         0.         0.         0.         0.97356375 0.         0.         0.         0.         0.        ],[0. 0. 0. 0. 0. 0. 0. 0. 0. 0. 0. 0. 0. 0. 0. 0. 1. 0. 0. 0. 0. 0. 0. 0. 0. 1. 0. 0. 0. 0. 0.],2.0,1000,30,0.6,10,1,2,,problem_solving
670,0.00639648391411857,0.004673746077767846,0.4,-2.376366563565582,[0.         0.         0.         0.         0.         0.         0.         0.         0.         0.         0.         0.         0.         0.         0.         0.         0.02643625 0.         0.         0.         0.         0.         0.         0.         0.         0.97356375 0.         0.         0.         0.         0.        ],[0. 0. 0. 0. 0. 0. 0. 0. 0. 0. 0. 0. 0. 0. 0. 0. 1. 0. 0. 0. 0. 0. 0. 0. 0. 1. 0. 0. 0. 0. 0.],2.0,1000,30,0.6,10,1,2,,problem_solving
680,0.00639648391411857,0.004673746077767846,0.4,15.564888835346293,[0.         0.         0.         0.         0.         0.         0.         0.         0.         0.         0.         0.         0.         0.         0.         0.         0.02643625 0.         0.         0.         0.         0.         0.         0.         0.         0.97356375 0.         0.         0.         0.         0.        ],[0. 0. 0. 0. 0. 0. 0. 0. 0. 0. 0. 0. 0. 0. 0. 0. 1. 0. 0. 0. 0. 0. 0. 0. 0. 1. 0. 0. 0. 0. 0.],2.0,1000,30,0.6,10,1,2,,problem_solving
690,0.00639648391411857,0.004673746077767846,0.4,-12.590154858397076,[0.         0.         0.         0.         0.         0.         0.         0.         0.         0.         0.         0.         0.         0.         0.         0.         0.02643625 0.         0.         0.         0.         0.         0.         0.         0.         0.97356375 0.         0.         0.         0.         0.        ],[0. 0. 0. 0. 0. 0. 0. 0. 0. 0. 0. 0. 0. 0. 0. 0. 1. 0. 0. 0. 0. 0. 0. 0. 0. 1. 0. 0. 0. 0. 0.],2.0,1000,30,0.6,10,1,2,,problem_solving
700,0.00639648391411857,0.004673746077767846,0.4,-9.021604174140506,[0.         0.         0.         0.         0.         0.         0.         0.         0.         0.         0.         0.         0.         0.         0.         0.         0.02643625 0.         0.         0.         0.         0.         0.         0.         0.         0.97356375 0.         0.         0.         0.         0.        ],[0. 0. 0. 0. 0. 0. 0. 0. 0. 0. 0. 0. 0. 0. 0. 0. 1. 0. 0. 0. 0. 0. 0. 0. 0. 1. 0. 0. 0. 0. 0.],2.0,1000,30,0.6,10,1,2,,problem_solving
710,0.00639648391411857,0.004673746077767846,0.4,-9.365381747029975,[0.         0.         0.         0.         0.         0.         0.         0.         0.         0.         0.         0.         0.         0.         0.         0.         0.02643625 0.         0.         0.         0.         0.         0.         0.         0.         0.97356375 0.         0.         0.         0.         0.        ],[0. 0. 0. 0. 0. 0. 0. 0. 0. 0. 0. 0. 0. 0. 0. 0. 1. 0. 0. 0. 0. 0. 0. 0. 0. 1. 0. 0. 0. 0. 0.],2.0,1000,30,0.6,10,1,2,,problem_solving
720,0.00639648391411857,0.004673746077767846,0.4,8.414509718877039,[0.         0.         0.         0.         0.         0.         0.         0.         0.         0.         0.         0.         0.         0.         0.         0.         0.02643625 0.         0.         0.         0.         0.         0.         0.         0.         0.97356375 0.         0.         0.         0.         0.        ],[0. 0. 0. 0. 0. 0. 0. 0. 0. 0. 0. 0. 0. 0. 0. 0. 1. 0. 0. 0. 0. 0. 0. 0. 0. 1. 0. 0. 0. 0. 0.],2.0,1000,30,0.6,10,1,2,,problem_solving
730,0.00639648391411857,0.004673746077767846,0.4,-5.334458567108023,[0.         0.         0.         0.         0.         0.         0.         0.         0.         0.         0.         0.         0.         0.         0.         0.         0.02643625 0.         0.         0.         0.         0.         0.         0.         0.         0.97356375 0.         0.         0.         0.         0.        ],[0. 0. 0. 0. 0. 0. 0. 0. 0. 0. 0. 0. 0. 0. 0. 0. 1. 0. 0. 0. 0. 0. 0. 0. 0. 1. 0. 0. 0. 0. 0.],2.0,1000,30,0.6,10,1,2,,problem_solving
740,0.00639648391411857,0.004673746077767846,0.4,-2.9373534604781977,[0.         0.         0.         0.         0.         0.         0.         0.         0.         0.         0.         0.         0.         0.         0.         0.         0.02643625 0.         0.         0.         0.         0.         0.         0.         0.         0.97356375 0.         0.         0.         0.         0.        ],[0. 0. 0. 0. 0. 0. 0. 0. 0. 0. 0. 0. 0. 0. 0. 0. 1. 0. 0. 0. 0. 0. 0. 0. 0. 1. 0. 0. 0. 0. 0.],2.0,1000,30,0.6,10,1,2,,problem_solving
750,0.00639648391411857,0.004673746077767846,0.4,-16.67744224060982,[0.         0.         0.         0.         0.         0.         0.         0.         0.         0.         0.         0.         0.         0.         0.         0.         0.02643625 0.         0.         0.         0.         0.         0.         0.         0.         0.97356375 0.         0.         0.         0.         0.        ],[0. 0. 0. 0. 0. 0. 0. 0. 0. 0. 0. 0. 0. 0. 0. 0. 1. 0. 0. 0. 0. 0. 0. 0. 0. 1. 0. 0. 0. 0. 0.],2.0,1000,30,0.6,10,1,2,,problem_solving
760,0.00639648391411857,0.004673746077767846,0.4,-1.6596626377860657,[0.         0.         0.         0.         0.         0.         0.         0.         0.         0.         0.         0.         0.         0.         0.         0.         0.02643625 0.         0.         0.         0.         0.         0.         0.         0.         0.97356375 0.         0.         0.         0.         0.        ],[0. 0. 0. 0. 0. 0. 0. 0. 0. 0. 0. 0. 0. 0. 0. 0. 1. 0. 0. 0. 0. 0. 0. 0. 0. 1. 0. 0. 0. 0. 0.],2.0,1000,30,0.6,10,1,2,,problem_solving
770,0.00639648391411857,0.004673746077767846,0.4,-0.05455805011130445,[0.         0.         0.         0.         0.         0.         0.         0.         0.         0.         0.         0.         0.         0.         0.         0.         0.02643625 0.         0.         0.         0.         0.         0.         0.         0.         0.97356375 0.         0.         0.         0.         0.        ],[0. 0. 0. 0. 0. 0. 0. 0. 0. 0. 0. 0. 0. 0. 0. 0. 1. 0. 0. 0. 0. 0. 0. 0. 0. 1. 0. 0. 0. 0. 0.],2.0,1000,30,0.6,10,1,2,,problem_solving
780,0.00639648391411857,0.004673746077767846,0.4,-2.756256424209834,[0.         0.         0.         0.         0.         0.         0.         0.         0.         0.         0.         0.         0.         0.         0.         0.         0.02643625 0.         0.         0.         0.         0.         0.         0.         0.         0.97356375 0.         0.         0.         0.         0.        ],[0. 0. 0. 0. 0. 0. 0. 0. 0. 0. 0. 0. 0. 0. 0. 0. 1. 0. 0. 0. 0. 0. 0. 0. 0. 1. 0. 0. 0. 0. 0.],2.0,1000,30,0.6,10,1,2,,problem_solving
790,0.005669693095908651,0.005749358225361911,0.4,2.9970656810066654,[0.         0.         0.         0.         0.         0.         0.         0.         0.         0.         0.         0.         0.         0.         0.         0.01191716 0.         0.         0.         0.         0.         0.         0.         0.         0.         0.         0.         0.         0.98808284 0.         0.        ],[0. 0. 0. 0. 0. 0. 0. 0. 0. 0. 0. 0. 0. 0. 0. 1. 0. 0. 0. 0. 0. 0. 0. 0. 0. 0. 0. 0. 1. 0. 0.],2.0,1000,30,0.6,10,1,2,,problem_solving
800,0.005669693095908651,0.005749358225361911,0.4,5.655248813192491,[0.         0.         0.         0.         0.         0.         0.         0.         0.         0.         0.         0.         0.         0.         0.         0.01191716 0.         0.         0.         0.         0.         0.         0.         0.         0.         0.         0.         0.         0.98808284 0.         0.        ],[0. 0. 0. 0. 0. 0. 0. 0. 0. 0. 0. 0. 0. 0. 0. 1. 0. 0. 0. 0. 0. 0. 0. 0. 0. 0. 0. 0. 1. 0. 0.],2.0,1000,30,0.6,10,1,2,,problem_solving
810,0.005669693095908651,0.005749358225361911,0.4,0.5926373371713742,[0.         0.         0.         0.         0.         0.         0.         0.         0.         0.         0.         0.         0.         0.         0.         0.01191716 0.         0.         0.         0.         0.         0.         0.         0.         0.         0.         0.         0.         0.98808284 0.         0.        ],[0. 0. 0. 0. 0. 0. 0. 0. 0. 0. 0. 0. 0. 0. 0. 1. 0. 0. 0. 0. 0. 0. 0. 0. 0. 0. 0. 0. 1. 0. 0.],2.0,1000,30,0.6,10,1,2,,problem_solving
820,0.005669693095908651,0.005749358225361911,0.4,19.904741121808577,[0.         0.         0.         0.         0.         0.         0.         0.         0.         0.         0.         0.         0.         0.         0.         0.01191716 0.         0.         0.         0.         0.         0.         0.         0.         0.         0.         0.         0.         0.98808284 0.         0.        ],[0. 0. 0. 0. 0. 0. 0. 0. 0. 0. 0. 0. 0. 0. 0. 1. 0. 0. 0. 0. 0. 0. 0. 0. 0. 0. 0. 0. 1. 0. 0.],2.0,1000,30,0.6,10,1,2,,problem_solving
830,0.005669693095908651,0.005749358225361911,0.4,-0.5110410618685896,[0.         0.         0.         0.         0.         0.         0.         0.         0.         0.         0.         0.         0.         0.         0.         0.01191716 0.         0.         0.         0.         0.         0.         0.         0.         0.         0.         0.         0.         0.98808284 0.         0.        ],[0. 0. 0. 0. 0. 0. 0. 0. 0. 0. 0. 0. 0. 0. 0. 1. 0. 0. 0. 0. 0. 0. 0. 0. 0. 0. 0. 0. 1. 0. 0.],2.0,1000,30,0.6,10,1,2,,problem_solving
840,0.005669693095908651,0.005749358225361911,0.4,-15.688060785968682,[0.         0.         0.         0.         0.         0.         0.         0.         0.         0.         0.         0.         0.         0.         0.         0.01191716 0.         0.         0.         0.         0.         0.         0.         0.         0.         0.         0.         0.         0.98808284 0.         0.        ],[0. 0. 0. 0. 0. 0. 0. 0. 0. 0. 0. 0. 0. 0. 0. 1. 0. 0. 0. 0. 0. 0. 0. 0. 0. 0. 0. 0. 1. 0. 0.],2.0,1000,30,0.6,10,1,2,,problem_solving
850,0.005669693095908651,0.005749358225361911,0.4,6.486854295795791,[0.         0.         0.         0.         0.         0.         0.         0.         0.         0.         0.         0.         0.         0.         0.         0.01191716 0.         0.         0.         0.         0.         0.         0.         0.         0.         0.         0.         0.         0.98808284 0.         0.        ],[0. 0. 0. 0. 0. 0. 0. 0. 0. 0. 0. 0. 0. 0. 0. 1. 0. 0. 0. 0. 0. 0. 0. 0. 0. 0. 0. 0. 1. 0. 0.],2.0,1000,30,0.6,10,1,2,,problem_solving
860,0.005669693095908651,0.005749358225361911,0.4,12.212103749333032,[0.         0.         0.         0.         0.         0.         0.         0.         0.         0.         0.         0.         0.         0.         0.         0.01191716 0.         0.         0.         0.         0.         0.         0.         0.         0.         0.         0.         0.         0.98808284 0.         0.        ],[0. 0. 0. 0. 0. 0. 0. 0. 0. 0. 0. 0. 0. 0. 0. 1. 0. 0. 0. 0. 0. 0. 0. 0. 0. 0. 0. 0. 1. 0. 0.],2.0,1000,30,0.6,10,1,2,,problem_solving
870,0.005669693095908651,0.005749358225361911,0.4,-21.389625213068825,[0.         0.         0.         0.         0.         0.         0.         0.         0.         0.         0.         0.         0.         0.         0.         0.01191716 0.         0.         0.         0.         0.         0.         0.         0.         0.         0.         0.         0.         0.98808284 0.         0.        ],[0. 0. 0. 0. 0. 0. 0. 0. 0. 0. 0. 0. 0. 0. 0. 1. 0. 0. 0. 0. 0. 0. 0. 0. 0. 0. 0. 0. 1. 0. 0.],2.0,1000,30,0.6,10,1,2,,problem_solving
880,0.005669693095908651,0.005749358225361911,0.4,11.93370883791124,[0.         0.         0.         0.         0.         0.         0.         0.         0.         0.         0.         0.         0.         0.         0.         0.01191716 0.         0.         0.         0.         0.         0.         0.         0.         0.         0.         0.         0.         0.98808284 0.         0.        ],[0. 0. 0. 0. 0. 0. 0. 0. 0. 0. 0. 0. 0. 0. 0. 1. 0. 0. 0. 0. 0. 0. 0. 0. 0. 0. 0. 0. 1. 0. 0.],2.0,1000,30,0.6,10,1,2,,problem_solving
890,0.005669693095908651,0.005749358225361911,0.4,-2.4433549370807053,[0.         0.         0.         0.         0.         0.         0.         0.         0.         0.         0.         0.         0.         0.         0.         0.01191716 0.         0.         0.         0.         0.         0.         0.         0.         0.         0.         0.         0.         0.98808284 0.         0.        ],[0. 0. 0. 0. 0. 0. 0. 0. 0. 0. 0. 0. 0. 0. 0. 1. 0. 0. 0. 0. 0. 0. 0. 0. 0. 0. 0. 0. 1. 0. 0.],2.0,1000,30,0.6,10,1,2,,problem_solving
900,0.005669693095908651,0.005749358225361911,0.4,-6.016251346194053,[0.         0.         0.         0.         0.         0.         0.         0.         0.         0.         0.         0.         0.         0.         0.         0.01191716 0.         0.         0.         0.         0.         0.         0.         0.         0.         0.         0.         0.         0.98808284 0.         0.        ],[0. 0. 0. 0. 0. 0. 0. 0. 0. 0. 0. 0. 0. 0. 0. 1. 0. 0. 0. 0. 0. 0. 0. 0. 0. 0. 0. 0. 1. 0. 0.],2.0,1000,30,0.6,10,1,2,,problem_solving
910,0.005669693095908651,0.005749358225361911,0.4,16.55814441980345,[0.         0.         0.         0.         0.         0.         0.         0.         0.         0.         0.         0.         0.         0.         0.         0.01191716 0.         0.         0.         0.         0.         0.         0.         0.         0.         0.         0.         0.         0.98808284 0.         0.        ],[0. 0. 0. 0. 0. 0. 0. 0. 0. 0. 0. 0. 0. 0. 0. 1. 0. 0. 0. 0. 0. 0. 0. 0. 0. 0. 0. 0. 1. 0. 0.],2.0,1000,30,0.6,10,1,2,,problem_solving
920,0.005669693095908651,0.005749358225361911,0.4,-22.484648674750463,[0.         0.         0.         0.         0.         0.         0.         0.         0.         0.         0.         0.         0.         0.         0.         0.01191716 0.         0.         0.         0.         0.         0.         0.         0.         0.         0.         0.         0.         0.98808284 0.         0.        ],[0. 0. 0. 0. 0. 0. 0. 0. 0. 0. 0. 0. 0. 0. 0. 1. 0. 0. 0. 0. 0. 0. 0. 0. 0. 0. 0. 0. 1. 0. 0.],2.0,1000,30,0.6,10,1,2,,problem_solving
930,0.005669693095908651,0.005749358225361911,0.4,13.479821045557214,[0.         0.         0.         0.         0.         0.         0.         0.         0.         0.         0.         0.         0.         0.         0.         0.01191716 0.         0.         0.         0.         0.         0.         0.         0.         0.         0.         0.         0.         0.98808284 0.         0.        ],[0. 0. 0. 0. 0. 0. 0. 0. 0. 0. 0. 0. 0. 0. 0. 1. 0. 0. 0. 0. 0. 0. 0. 0. 0. 0. 0. 0. 1. 0. 0.],2.0,1000,30,0.6,10,1,2,,problem_solving
940,0.005669693095908651,0.005749358225361911,0.4,-2.9407176002901365,[0.         0.         0.         0.         0.         0.         0.         0.         0.         0.         0.         0.         0.         0.         0.         0.01191716 0.         0.         0.         0.         0.         0.         0.         0.         0.         0.         0.         0.         0.98808284 0.         0.        ],[0. 0. 0. 0. 0. 0. 0. 0. 0. 0. 0. 0. 0. 0. 0. 1. 0. 0. 0. 0. 0. 0. 0. 0. 0. 0. 0. 0. 1. 0. 0.],2.0,1000,30,0.6,10,1,2,,problem_solving
950,0.005669693095908651,0.005749358225361911,0.4,-18.973463547953198,[0.         0.         0.         0.         0.         0.         0.         0.         0.         0.         0.         0.         0.         0.         0.         0.01191716 0.         0.         0.         0.         0.         0.         0.         0.         0.         0.         0.         0.         0.98808284 0.         0.        ],[0. 0. 0. 0. 0. 0. 0. 0. 0. 0. 0. 0. 0. 0. 0. 1. 0. 0. 0. 0. 0. 0. 0. 0. 0. 0. 0. 0. 1. 0. 0.],2.0,1000,30,0.6,10,1,2,,problem_solving
960,0.005669693095908651,0.005749358225361911,0.4,1.206451326165054,[0.         0.         0.         0.         0.         0.         0.         0.         0.         0.         0.         0.         0.         0.         0.         0.01191716 0.         0.         0.         0.         0.         0.         0.         0.         0.         0.         0.         0.         0.98808284 0.         0.        ],[0. 0. 0. 0. 0. 0. 0. 0. 0. 0. 0. 0. 0. 0. 0. 1. 0. 0. 0. 0. 0. 0. 0. 0. 0. 0. 0. 0. 1. 0. 0.],2.0,1000,30,0.6,10,1,2,,problem_solving
970,0.005669693095908651,0.005749358225361911,0.4,4.585646670898199,[0.         0.         0.         0.         0.         0.         0.         0.         0.         0.         0.         0.         0.         0.         0.         0.01191716 0.         0.         0.         0.         0.         0.         0.         0.         0.         0.         0.         0.         0.98808284 0.         0.        ],[0. 0. 0. 0. 0. 0. 0. 0. 0. 0. 0. 0. 0. 0. 0. 1. 0. 0. 0. 0. 0. 0. 0. 0. 0. 0. 0. 0. 1. 0. 0.],2.0,1000,30,0.6,10,1,2,,problem_solving
980,0.005669693095908651,0.005749358225361911,0.4,14.557385908724992,[0.         0.         0.         0.         0.         0.         0.         0.         0.         0.         0.         0.         0.         0.         0.         0.01191716 0.         0.         0.         0.         0.         0.         0.         0.         0.         0.         0.         0.         0.98808284 0.         0.        ],[0. 0. 0. 0. 0. 0. 0. 0. 0. 0. 0. 0. 0. 0. 0. 1. 0. 0. 0. 0. 0. 0. 0. 0. 0. 0. 0. 0. 1. 0. 0.],2.0,1000,30,0.6,10,1,2,,problem_solving
990,0.005669693095908651,0.005749358225361911,0.4,2.8942991975305157,[0.         0.         0.         0.         0.         0.         0.         0.         0.         0.         0.         0.         0.         0.         0.         0.01191716 0.         0.         0.         0.         0.         0.         0.         0.         0.         0.         0.         0.         0.98808284 0.         0.        ],[0. 0. 0. 0. 0. 0. 0. 0. 0. 0. 0. 0. 0. 0. 0. 1. 0. 0. 0. 0. 0. 0. 0. 0. 0. 0. 0. 0. 1. 0. 0.],2.0,1000,30,0.6,10,1,2,,problem_solving
999,0.005669693095908651,0.005749358225361911,0.4,-1.4848021670726619,[0.         0.         0.         0.         0.         0.         0.         0.         0.         0.         0.         0.         0.         0.         0.         0.01191716 0.         0.         0.         0.         0.         0.         0.         0.         0.         0.         0.         0.         0.98808284 0.         0.        ],[0. 0. 0. 0. 0. 0. 0. 0. 0. 0. 0. 0. 0. 0. 0. 1. 0. 0. 0. 0. 0. 0. 0. 0. 0. 0. 0. 0. 1. 0. 0.],2.0,1000,30,0.6,10,1,2,,problem_solving
