iter,cost,return,par,move,X,Z,Q,max_iter,mem_size,mem_consider,sigma,port_n,k,seed,tag
1,0.1594245491814213,0.005100744389799794,0.4,13.57790025470424,[0.         0.         0.         0.01084008 0.86170293 0.         0.         0.01595775 0.         0.         0.         0.         0.         0.01852804 0.01070146 0.01163693 0.         0.         0.         0.         0.01827502 0.01621298 0.01639533 0.         0.         0.         0.         0.01974949 0.         0.         0.        ],[0. 0. 0. 1. 1. 0. 0. 1. 0. 0. 0. 0. 0. 1. 1. 1. 0. 0. 0. 0. 1. 1. 1. 0. 0. 0. 0. 1. 0. 0. 0.],10.0,10000,30,0.6,10,1,10,,problem_solving
100,0.05118952692445322,0.005202594574920343,0.4,-1.3017610143404474,[0.01408648 0.         0.         0.01094773 0.85705135 0.         0.         0.         0.         0.         0.         0.         0.02119479 0.01281479 0.         0.         0.         0.01898205 0.         0.         0.01716908 0.         0.         0.01093643 0.         0.02253348 0.         0.01428383 0.         0.         0.        ],[1. 0. 0. 1. 1. 0. 0. 0. 0. 0. 0. 0. 1. 1. 0. 0. 0. 1. 0. 0. 1. 0. 0. 1. 0. 1. 0. 1. 0. 0. 0.],10.0,10000,30,0.6,10,1,10,,problem_solving
200,0.05118952692445322,0.005202594574920343,0.4,4.585899455533166,[0.01408648 0.         0.         0.01094773 0.85705135 0.         0.         0.         0.         0.         0.         0.         0.02119479 0.01281479 0.         0.         0.         0.01898205 0.         0.         0.01716908 0.         0.         0.01093643 0.         0.02253348 0.         0.01428383 0.         0.         0.        ],[1. 0. 0. 1. 1. 0. 0. 0. 0. 0. 0. 0. 1. 1. 0. 0. 0. 1. 0. 0. 1. 0. 0. 1. 0. 1. 0. 1. 0. 0. 0.],10.0,10000,30,0.6,10,1,10,,problem_solving
300,0.04500164832703446,0.00963285170813143,0.4,2.2866956390636966,[0.01079856 0.         0.         0.01923775 0.8648007  0.         0.         0.         0.         0.         0.         0.         0.01068527 0.         0.         0.01070701 0.01351979 0.02003757 0.         0.         0.         0.01764817 0.         0.         0.01526658 0.         0.         0.         0.         0.         0.0172986 ],[1. 0. 0. 1. 1. 0. 0. 0. 0. 0. 0. 0. 1. 0. 0. 1. 1. 1. 0. 0. 0. 1. 0. 0. 1. 0. 0. 0. 0. 0. 1.],10.0,10000,30,0.6,10,1,10,,problem_solving
400,0.04500164832703446,0.00963285170813143,0.4,-6.322650216681549,[0.01079856 0.         0.         0.01923775 0.8648007  0.         0.         0.         0.         0.         0.         0.         0.01068527 0.         0.         0.01070701 0.01351979 0.02003757 0.         0.         0.         0.01764817 0.         0.         0.01526658 0.         0.         0.         0.         0.         0.0172986 ],[1. 0. 0. 1. 1. 0. 0. 0. 0. 0. 0. 0. 1. 0. 0. 1. 1. 1. 0. 0. 0. 1. 0. 0. 1. 0. 0. 0. 0. 0. 1.],10.0,10000,30,0.6,10,1,10,,problem_solving
500,0.04500164832703446,0.00963285170813143,0.4,-9.62611058300155,[0.01079856 0.         0.         0.01923775 0.8648007  0.         0.         0.         0.         0.         0.         0.         0.01068527 0.         0.         0.01070701 0.01351979 0.02003757 0.         0.         0.         0.01764817 0.         0.         0.01526658 0.         0.         0.         0.         0.         0.0172986 ],[1. 0. 0. 1. 1. 0. 0. 0. 0. 0. 0. 0. 1. 0. 0. 1. 1. 1. 0. 0. 0. 1. 0. 0. 1. 0. 0. 0. 0. 0. 1.],10.0,10000,30,0.6,10,1,10,,problem_solving
600,0.04500164832703446,0.00963285170813143,0.4,-17.970387979706864,[0.01079856 0.         0.         0.01923775 0.8648007  0.         0.         0.         0.         0.         0.         0.         0.01068527 0.         0.         0.01070701 0.01351979 0.02003757 0.         0.         0.         0.01764817 0.         0.         0.01526658 0.         0.         0.         0.         0.         0.0172986 ],[1. 0. 0. 1. 1. 0. 0. 0. 0. 0. 0. 0. 1. 0. 0. 1. 1. 1. 0. 0. 0. 1. 0. 0. 1. 0. 0. 0. 0. 0. 1.],10.0,10000,30,0.6,10,1,10,,problem_solving
700,0.04500164832703446,0.00963285170813143,0.4,-1.6022801475638506,[0.01079856 0.         0.         0.01923775 0.8648007  0.         0.         0.         0.         0.         0.         0.         0.01068527 0.         0.         0.01070701 0.01351979 0.02003757 0.         0.         0.         0.01764817 0.         0.         0.01526658 0.         0.         0.         0.         0.         0.0172986 ],[1. 0. 0. 1. 1. 0. 0. 0. 0. 0. 0. 0. 1. 0. 0. 1. 1. 1. 0. 0. 0. 1. 0. 0. 1. 0. 0. 0. 0. 0. 1.],10.0,10000,30,0.6,10,1,10,,problem_solving
800,0.04453906497605765,0.00968763878308253,0.4,3.506962430380457,[0.         0.         0.01401273 0.01598713 0.87507949 0.         0.         0.01648735 0.01666887 0.01048516 0.01053006 0.         0.         0.         0.         0.01471845 0.         0.         0.         0.         0.         0.01417052 0.         0.         0.         0.         0.01186023 0.         0.         0.         0.        ],[0. 0. 1. 1. 1. 0. 0. 1. 1. 1. 1. 0. 0. 0. 0. 1. 0. 0. 0. 0. 0. 1. 0. 0. 0. 0. 1. 0. 0. 0. 0.],10.0,10000,30,0.6,10,1,10,,problem_solving
900,0.04453906497605765,0.00968763878308253,0.4,-8.734531392724524,[0.         0.         0.01401273 0.01598713 0.87507949 0.         0.         0.01648735 0.01666887 0.01048516 0.01053006 0.         0.         0.         0.         0.01471845 0.         0.         0.         0.         0.         0.01417052 0.         0.         0.         0.         0.01186023 0.         0.         0.         0.        ],[0. 0. 1. 1. 1. 0. 0. 1. 1. 1. 1. 0. 0. 0. 0. 1. 0. 0. 0. 0. 0. 1. 0. 0. 0. 0. 1. 0. 0. 0. 0.],10.0,10000,30,0.6,10,1,10,,problem_solving
1000,0.04453906497605765,0.00968763878308253,0.4,14.956650683606998,[0.         0.         0.01401273 0.01598713 0.87507949 0.         0.         0.01648735 0.01666887 0.01048516 0.01053006 0.         0.         0.         0.         0.01471845 0.         0.         0.         0.         0.         0.01417052 0.         0.         0.         0.         0.01186023 0.         0.         0.         0.        ],[0. 0. 1. 1. 1. 0. 0. 1. 1. 1. 1. 0. 0. 0. 0. 1. 0. 0. 0. 0. 0. 1. 0. 0. 0. 0. 1. 0. 0. 0. 0.],10.0,10000,30,0.6,10,1,10,,problem_solving
1100,0.04414163206741168,0.009950305001576483,0.4,11.767143857644427,[0.         0.         0.         0.         0.86226519 0.         0.         0.         0.         0.         0.         0.02237083 0.         0.         0.         0.01288226 0.01575896 0.         0.01085096 0.01080495 0.         0.02093094 0.         0.         0.         0.0108954  0.         0.         0.         0.01402814 0.01921239],[0. 0. 0. 0. 1. 0. 0. 0. 0. 0. 0. 1. 0. 0. 0. 1. 1. 0. 1. 1. 0. 1. 0. 0. 0. 1. 0. 0. 0. 1. 1.],10.0,10000,30,0.6,10,1,10,,problem_solving
1200,0.04414163206741168,0.009950305001576483,0.4,9.70383352344946,[0.         0.         0.         0.         0.86226519 0.         0.         0.         0.         0.         0.         0.02237083 0.         0.         0.         0.01288226 0.01575896 0.         0.01085096 0.01080495 0.         0.02093094 0.         0.         0.         0.0108954  0.         0.         0.         0.01402814 0.01921239],[0. 0. 0. 0. 1. 0. 0. 0. 0. 0. 0. 1. 0. 0. 0. 1. 1. 0. 1. 1. 0. 1. 0. 0. 0. 1. 0. 0. 0. 1. 1.],10.0,10000,30,0.6,10,1,10,,problem_solving
1300,0.04414163206741168,0.009950305001576483,0.4,14.349614342051385,[0.         0.         0.         0.         0.86226519 0.         0.         0.         0.         0.         0.         0.02237083 0.         0.         0.         0.01288226 0.01575896 0.         0.01085096 0.01080495 0.         0.02093094 0.         0.         0.         0.0108954  0.         0.         0.         0.01402814 0.01921239],[0. 0. 0. 0. 1. 0. 0. 0. 0. 0. 0. 1. 0. 0. 0. 1. 1. 0. 1. 1. 0. 1. 0. 0. 0. 1. 0. 0. 0. 1. 1.],10.0,10000,30,0.6,10,1,10,,problem_solving
1400,0.04414163206741168,0.009950305001576483,0.4,3.920996207152714,[0.         0.         0.         0.         0.86226519 0.         0.         0.         0.         0.         0.         0.02237083 0.         0.         0.         0.01288226 0.01575896 0.         0.01085096 0.01080495 0.         0.02093094 0.         0.         0.         0.0108954  0.         0.         0.         0.01402814 0.01921239],[0. 0. 0. 0. 1. 0. 0. 0. 0. 0. 0. 1. 0. 0. 0. 1. 1. 0. 1. 1. 0. 1. 0. 0. 0. 1. 0. 0. 0. 1. 1.],10.0,10000,30,0.6,10,1,10,,problem_solving
1500,0.04414163206741168,0.009950305001576483,0.4,-18.228150890567413,[0.         0.         0.         0.         0.86226519 0.         0.         0.         0.         0.         0.         0.02237083 0.         0.         0.         0.01288226 0.01575896 0.         0.01085096 0.01080495 0.         0.02093094 0.         0.         0.         0.0108954  0.         0.         0.         0.01402814 0.01921239],[0. 0. 0. 0. 1. 0. 0. 0. 0. 0. 0. 1. 0. 0. 0. 1. 1. 0. 1. 1. 0. 1. 0. 0. 0. 1. 0. 0. 0. 1. 1.],10.0,10000,30,0.6,10,1,10,,problem_solving
1600,0.042685050757172105,0.009900427690963007,0.4,8.296734872729552,[0.         0.         0.         0.01308878 0.84803301 0.         0.         0.01682069 0.02097239 0.         0.         0.         0.         0.         0.01570586 0.         0.         0.         0.         0.01378958 0.         0.         0.01813394 0.         0.         0.02297321 0.         0.01231953 0.         0.         0.01816302],[0. 0. 0. 1. 1. 0. 0. 1. 1. 0. 0. 0. 0. 0. 1. 0. 0. 0. 0. 1. 0. 0. 1. 0. 0. 1. 0. 1. 0. 0. 1.],10.0,10000,30,0.6,10,1,10,,problem_solving
1700,0.042685050757172105,0.009900427690963007,0.4,7.323020292998433,[0.         0.         0.         0.01308878 0.84803301 0.         0.         0.01682069 0.02097239 0.         0.         0.         0.         0.         0.01570586 0.         0.         0.         0.         0.01378958 0.         0.         0.01813394 0.         0.         0.02297321 0.         0.01231953 0.         0.         0.01816302],[0. 0. 0. 1. 1. 0. 0. 1. 1. 0. 0. 0. 0. 0. 1. 0. 0. 0. 0. 1. 0. 0. 1. 0. 0. 1. 0. 1. 0. 0. 1.],10.0,10000,30,0.6,10,1,10,,problem_solving
1800,0.03816706135925116,0.009803202385449636,0.4,7.474323119987524,[0.         0.         0.         0.         0.86724396 0.         0.         0.         0.01884117 0.01377046 0.         0.         0.         0.         0.         0.         0.01660569 0.01454532 0.         0.01148341 0.         0.         0.         0.         0.01705751 0.         0.         0.01141841 0.         0.01170357 0.01733051],[0. 0. 0. 0. 1. 0. 0. 0. 1. 1. 0. 0. 0. 0. 0. 0. 1. 1. 0. 1. 0. 0. 0. 0. 1. 0. 0. 1. 0. 1. 1.],10.0,10000,30,0.6,10,1,10,,problem_solving
1900,0.03816706135925116,0.009803202385449636,0.4,-2.379022959447137,[0.         0.         0.         0.         0.86724396 0.         0.         0.         0.01884117 0.01377046 0.         0.         0.         0.         0.         0.         0.01660569 0.01454532 0.         0.01148341 0.         0.         0.         0.         0.01705751 0.         0.         0.01141841 0.         0.01170357 0.01733051],[0. 0. 0. 0. 1. 0. 0. 0. 1. 1. 0. 0. 0. 0. 0. 0. 1. 1. 0. 1. 0. 0. 0. 0. 1. 0. 0. 1. 0. 1. 1.],10.0,10000,30,0.6,10,1,10,,problem_solving
2000,0.0375415996163124,0.009955980456983128,0.4,0.27963461197811373,[0.         0.         0.         0.         0.87464817 0.01053549 0.         0.01063176 0.         0.         0.0204783  0.         0.01298316 0.         0.01060146 0.         0.         0.         0.         0.         0.         0.         0.         0.02601463 0.         0.01081747 0.         0.         0.01057329 0.01271627 0.        ],[0. 0. 0. 0. 1. 1. 0. 1. 0. 0. 1. 0. 1. 0. 1. 0. 0. 0. 0. 0. 0. 0. 0. 1. 0. 1. 0. 0. 1. 1. 0.],10.0,10000,30,0.6,10,1,10,,problem_solving
2100,0.03594122636297515,0.010001804763246204,0.4,-12.143202493616123,[0.         0.         0.         0.         0.87700662 0.         0.         0.         0.01057633 0.01208481 0.         0.         0.         0.         0.         0.         0.01233801 0.         0.         0.         0.         0.         0.01645254 0.01965068 0.01457892 0.01054451 0.         0.01197741 0.01479017 0.         0.        ],[0. 0. 0. 0. 1. 0. 0. 0. 1. 1. 0. 0. 0. 0. 0. 0. 1. 0. 0. 0. 0. 0. 1. 1. 1. 1. 0. 1. 1. 0. 0.],10.0,10000,30,0.6,10,1,10,,problem_solving
2200,0.03594122636297515,0.010001804763246204,0.4,8.289341035988738,[0.         0.         0.         0.         0.87700662 0.         0.         0.         0.01057633 0.01208481 0.         0.         0.         0.         0.         0.         0.01233801 0.         0.         0.         0.         0.         0.01645254 0.01965068 0.01457892 0.01054451 0.         0.01197741 0.01479017 0.         0.        ],[0. 0. 0. 0. 1. 0. 0. 0. 1. 1. 0. 0. 0. 0. 0. 0. 1. 0. 0. 0. 0. 0. 1. 1. 1. 1. 0. 1. 1. 0. 0.],10.0,10000,30,0.6,10,1,10,,problem_solving
2300,0.03594122636297515,0.010001804763246204,0.4,-0.9044836313991103,[0.         0.         0.         0.         0.87700662 0.         0.         0.         0.01057633 0.01208481 0.         0.         0.         0.         0.         0.         0.01233801 0.         0.         0.         0.         0.         0.01645254 0.01965068 0.01457892 0.01054451 0.         0.01197741 0.01479017 0.         0.        ],[0. 0. 0. 0. 1. 0. 0. 0. 1. 1. 0. 0. 0. 0. 0. 0. 1. 0. 0. 0. 0. 0. 1. 1. 1. 1. 0. 1. 1. 0. 0.],10.0,10000,30,0.6,10,1,10,,problem_solving
2400,0.03594122636297515,0.010001804763246204,0.4,-8.866057161818585,[0.         0.         0.         0.         0.87700662 0.         0.         0.         0.01057633 0.01208481 0.         0.         0.         0.         0.         0.         0.01233801 0.         0.         0.         0.         0.         0.01645254 0.01965068 0.01457892 0.01054451 0.         0.01197741 0.01479017 0.         0.        ],[0. 0. 0. 0. 1. 0. 0. 0. 1. 1. 0. 0. 0. 0. 0. 0. 1. 0. 0. 0. 0. 0. 1. 1. 1. 1. 0. 1. 1. 0. 0.],10.0,10000,30,0.6,10,1,10,,problem_solving
2500,0.03594122636297515,0.010001804763246204,0.4,1.8999123136382048,[0.         0.         0.         0.         0.87700662 0.         0.         0.         0.01057633 0.01208481 0.         0.         0.         0.         0.         0.         0.01233801 0.         0.         0.         0.         0.         0.01645254 0.01965068 0.01457892 0.01054451 0.         0.01197741 0.01479017 0.         0.        ],[0. 0. 0. 0. 1. 0. 0. 0. 1. 1. 0. 0. 0. 0. 0. 0. 1. 0. 0. 0. 0. 0. 1. 1. 1. 1. 0. 1. 1. 0. 0.],10.0,10000,30,0.6,10,1,10,,problem_solving
2600,0.03594122636297515,0.010001804763246204,0.4,1.0880578653222368,[0.         0.         0.         0.         0.87700662 0.         0.         0.         0.01057633 0.01208481 0.         0.         0.         0.         0.         0.         0.01233801 0.         0.         0.         0.         0.         0.01645254 0.01965068 0.01457892 0.01054451 0.         0.01197741 0.01479017 0.         0.        ],[0. 0. 0. 0. 1. 0. 0. 0. 1. 1. 0. 0. 0. 0. 0. 0. 1. 0. 0. 0. 0. 0. 1. 1. 1. 1. 0. 1. 1. 0. 0.],10.0,10000,30,0.6,10,1,10,,problem_solving
2700,0.03594122636297515,0.010001804763246204,0.4,-14.017528217669401,[0.         0.         0.         0.         0.87700662 0.         0.         0.         0.01057633 0.01208481 0.         0.         0.         0.         0.         0.         0.01233801 0.         0.         0.         0.         0.         0.01645254 0.01965068 0.01457892 0.01054451 0.         0.01197741 0.01479017 0.         0.        ],[0. 0. 0. 0. 1. 0. 0. 0. 1. 1. 0. 0. 0. 0. 0. 0. 1. 0. 0. 0. 0. 0. 1. 1. 1. 1. 0. 1. 1. 0. 0.],10.0,10000,30,0.6,10,1,10,,problem_solving
2800,0.03594122636297515,0.010001804763246204,0.4,-5.097063950314091,[0.         0.         0.         0.         0.87700662 0.         0.         0.         0.01057633 0.01208481 0.         0.         0.         0.         0.         0.         0.01233801 0.         0.         0.         0.         0.         0.01645254 0.01965068 0.01457892 0.01054451 0.         0.01197741 0.01479017 0.         0.        ],[0. 0. 0. 0. 1. 0. 0. 0. 1. 1. 0. 0. 0. 0. 0. 0. 1. 0. 0. 0. 0. 0. 1. 1. 1. 1. 0. 1. 1. 0. 0.],10.0,10000,30,0.6,10,1,10,,problem_solving
2900,0.03594122636297515,0.010001804763246204,0.4,-2.511714512112974,[0.         0.         0.         0.         0.87700662 0.         0.         0.         0.01057633 0.01208481 0.         0.         0.         0.         0.         0.         0.01233801 0.         0.         0.         0.         0.         0.01645254 0.01965068 0.01457892 0.01054451 0.         0.01197741 0.01479017 0.         0.        ],[0. 0. 0. 0. 1. 0. 0. 0. 1. 1. 0. 0. 0. 0. 0. 0. 1. 0. 0. 0. 0. 0. 1. 1. 1. 1. 0. 1. 1. 0. 0.],10.0,10000,30,0.6,10,1,10,,problem_solving
3000,0.03594122636297515,0.010001804763246204,0.4,1.6025740418922017,[0.         0.         0.         0.         0.87700662 0.         0.         0.         0.01057633 0.01208481 0.         0.         0.         0.         0.         0.         0.01233801 0.         0.         0.         0.         0.         0.01645254 0.01965068 0.01457892 0.01054451 0.         0.01197741 0.01479017 0.         0.        ],[0. 0. 0. 0. 1. 0. 0. 0. 1. 1. 0. 0. 0. 0. 0. 0. 1. 0. 0. 0. 0. 0. 1. 1. 1. 1. 0. 1. 1. 0. 0.],10.0,10000,30,0.6,10,1,10,,problem_solving
3100,0.03594122636297515,0.010001804763246204,0.4,7.151871857665269,[0.         0.         0.         0.         0.87700662 0.         0.         0.         0.01057633 0.01208481 0.         0.         0.         0.         0.         0.         0.01233801 0.         0.         0.         0.         0.         0.01645254 0.01965068 0.01457892 0.01054451 0.         0.01197741 0.01479017 0.         0.        ],[0. 0. 0. 0. 1. 0. 0. 0. 1. 1. 0. 0. 0. 0. 0. 0. 1. 0. 0. 0. 0. 0. 1. 1. 1. 1. 0. 1. 1. 0. 0.],10.0,10000,30,0.6,10,1,10,,problem_solving
3200,0.03594122636297515,0.010001804763246204,0.4,-0.4239933356374758,[0.         0.         0.         0.         0.87700662 0.         0.         0.         0.01057633 0.01208481 0.         0.         0.         0.         0.         0.         0.01233801 0.         0.         0.         0.         0.         0.01645254 0.01965068 0.01457892 0.01054451 0.         0.01197741 0.01479017 0.         0.        ],[0. 0. 0. 0. 1. 0. 0. 0. 1. 1. 0. 0. 0. 0. 0. 0. 1. 0. 0. 0. 0. 0. 1. 1. 1. 1. 0. 1. 1. 0. 0.],10.0,10000,30,0.6,10,1,10,,problem_solving
3300,0.03594122636297515,0.010001804763246204,0.4,10.72592619928784,[0.         0.         0.         0.         0.87700662 0.         0.         0.         0.01057633 0.01208481 0.         0.         0.         0.         0.         0.         0.01233801 0.         0.         0.         0.         0.         0.01645254 0.01965068 0.01457892 0.01054451 0.         0.01197741 0.01479017 0.         0.        ],[0. 0. 0. 0. 1. 0. 0. 0. 1. 1. 0. 0. 0. 0. 0. 0. 1. 0. 0. 0. 0. 0. 1. 1. 1. 1. 0. 1. 1. 0. 0.],10.0,10000,30,0.6,10,1,10,,problem_solving
3400,0.03594122636297515,0.010001804763246204,0.4,0.513429120767131,[0.         0.         0.         0.         0.87700662 0.         0.         0.         0.01057633 0.01208481 0.         0.         0.         0.         0.         0.         0.01233801 0.         0.         0.         0.         0.         0.01645254 0.01965068 0.01457892 0.01054451 0.         0.01197741 0.01479017 0.         0.        ],[0. 0. 0. 0. 1. 0. 0. 0. 1. 1. 0. 0. 0. 0. 0. 0. 1. 0. 0. 0. 0. 0. 1. 1. 1. 1. 0. 1. 1. 0. 0.],10.0,10000,30,0.6,10,1,10,,problem_solving
3500,0.03594122636297515,0.010001804763246204,0.4,14.195525977242667,[0.         0.         0.         0.         0.87700662 0.         0.         0.         0.01057633 0.01208481 0.         0.         0.         0.         0.         0.         0.01233801 0.         0.         0.         0.         0.         0.01645254 0.01965068 0.01457892 0.01054451 0.         0.01197741 0.01479017 0.         0.        ],[0. 0. 0. 0. 1. 0. 0. 0. 1. 1. 0. 0. 0. 0. 0. 0. 1. 0. 0. 0. 0. 0. 1. 1. 1. 1. 0. 1. 1. 0. 0.],10.0,10000,30,0.6,10,1,10,,problem_solving
3600,0.03594122636297515,0.010001804763246204,0.4,-1.3960017853769313,[0.         0.         0.         0.         0.87700662 0.         0.         0.         0.01057633 0.01208481 0.         0.         0.         0.         0.         0.         0.01233801 0.         0.         0.         0.         0.         0.01645254 0.01965068 0.01457892 0.01054451 0.         0.01197741 0.01479017 0.         0.        ],[0. 0. 0. 0. 1. 0. 0. 0. 1. 1. 0. 0. 0. 0. 0. 0. 1. 0. 0. 0. 0. 0. 1. 1. 1. 1. 0. 1. 1. 0. 0.],10.0,10000,30,0.6,10,1,10,,problem_solving
3700,0.03594122636297515,0.010001804763246204,0.4,5.945629321468683,[0.         0.         0.         0.         0.87700662 0.         0.         0.         0.01057633 0.01208481 0.         0.         0.         0.         0.         0.         0.01233801 0.         0.         0.         0.         0.         0.01645254 0.01965068 0.01457892 0.01054451 0.         0.01197741 0.01479017 0.         0.        ],[0. 0. 0. 0. 1. 0. 0. 0. 1. 1. 0. 0. 0. 0. 0. 0. 1. 0. 0. 0. 0. 0. 1. 1. 1. 1. 0. 1. 1. 0. 0.],10.0,10000,30,0.6,10,1,10,,problem_solving
3800,0.03594122636297515,0.010001804763246204,0.4,-4.414347458058329,[0.         0.         0.         0.         0.87700662 0.         0.         0.         0.01057633 0.01208481 0.         0.         0.         0.         0.         0.         0.01233801 0.         0.         0.         0.         0.         0.01645254 0.01965068 0.01457892 0.01054451 0.         0.01197741 0.01479017 0.         0.        ],[0. 0. 0. 0. 1. 0. 0. 0. 1. 1. 0. 0. 0. 0. 0. 0. 1. 0. 0. 0. 0. 0. 1. 1. 1. 1. 0. 1. 1. 0. 0.],10.0,10000,30,0.6,10,1,10,,problem_solving
3900,0.03594122636297515,0.010001804763246204,0.4,-7.267506104661817,[0.         0.         0.         0.         0.87700662 0.         0.         0.         0.01057633 0.01208481 0.         0.         0.         0.         0.         0.         0.01233801 0.         0.         0.         0.         0.         0.01645254 0.01965068 0.01457892 0.01054451 0.         0.01197741 0.01479017 0.         0.        ],[0. 0. 0. 0. 1. 0. 0. 0. 1. 1. 0. 0. 0. 0. 0. 0. 1. 0. 0. 0. 0. 0. 1. 1. 1. 1. 0. 1. 1. 0. 0.],10.0,10000,30,0.6,10,1,10,,problem_solving
4000,0.03594122636297515,0.010001804763246204,0.4,11.308826013144738,[0.         0.         0.         0.         0.87700662 0.         0.         0.         0.01057633 0.01208481 0.         0.         0.         0.         0.         0.         0.01233801 0.         0.         0.         0.         0.         0.01645254 0.01965068 0.01457892 0.01054451 0.         0.01197741 0.01479017 0.         0.        ],[0. 0. 0. 0. 1. 0. 0. 0. 1. 1. 0. 0. 0. 0. 0. 0. 1. 0. 0. 0. 0. 0. 1. 1. 1. 1. 0. 1. 1. 0. 0.],10.0,10000,30,0.6,10,1,10,,problem_solving
4100,0.03594122636297515,0.010001804763246204,0.4,-26.8776566738787,[0.         0.         0.         0.         0.87700662 0.         0.         0.         0.01057633 0.01208481 0.         0.         0.         0.         0.         0.         0.01233801 0.         0.         0.         0.         0.         0.01645254 0.01965068 0.01457892 0.01054451 0.         0.01197741 0.01479017 0.         0.        ],[0. 0. 0. 0. 1. 0. 0. 0. 1. 1. 0. 0. 0. 0. 0. 0. 1. 0. 0. 0. 0. 0. 1. 1. 1. 1. 0. 1. 1. 0. 0.],10.0,10000,30,0.6,10,1,10,,problem_solving
4200,0.03594122636297515,0.010001804763246204,0.4,6.726065630897461,[0.         0.         0.         0.         0.87700662 0.         0.         0.         0.01057633 0.01208481 0.         0.         0.         0.         0.         0.         0.01233801 0.         0.         0.         0.         0.         0.01645254 0.01965068 0.01457892 0.01054451 0.         0.01197741 0.01479017 0.         0.        ],[0. 0. 0. 0. 1. 0. 0. 0. 1. 1. 0. 0. 0. 0. 0. 0. 1. 0. 0. 0. 0. 0. 1. 1. 1. 1. 0. 1. 1. 0. 0.],10.0,10000,30,0.6,10,1,10,,problem_solving
4300,0.03594122636297515,0.010001804763246204,0.4,7.68171437398281,[0.         0.         0.         0.         0.87700662 0.         0.         0.         0.01057633 0.01208481 0.         0.         0.         0.         0.         0.         0.01233801 0.         0.         0.         0.         0.         0.01645254 0.01965068 0.01457892 0.01054451 0.         0.01197741 0.01479017 0.         0.        ],[0. 0. 0. 0. 1. 0. 0. 0. 1. 1. 0. 0. 0. 0. 0. 0. 1. 0. 0. 0. 0. 0. 1. 1. 1. 1. 0. 1. 1. 0. 0.],10.0,10000,30,0.6,10,1,10,,problem_solving
4400,0.03594122636297515,0.010001804763246204,0.4,-24.450121177542925,[0.         0.         0.         0.         0.87700662 0.         0.         0.         0.01057633 0.01208481 0.         0.         0.         0.         0.         0.         0.01233801 0.         0.         0.         0.         0.         0.01645254 0.01965068 0.01457892 0.01054451 0.         0.01197741 0.01479017 0.         0.        ],[0. 0. 0. 0. 1. 0. 0. 0. 1. 1. 0. 0. 0. 0. 0. 0. 1. 0. 0. 0. 0. 0. 1. 1. 1. 1. 0. 1. 1. 0. 0.],10.0,10000,30,0.6,10,1,10,,problem_solving
4500,0.03594122636297515,0.010001804763246204,0.4,-6.0710271668525095,[0.         0.         0.         0.         0.87700662 0.         0.         0.         0.01057633 0.01208481 0.         0.         0.         0.         0.         0.         0.01233801 0.         0.         0.         0.         0.         0.01645254 0.01965068 0.01457892 0.01054451 0.         0.01197741 0.01479017 0.         0.        ],[0. 0. 0. 0. 1. 0. 0. 0. 1. 1. 0. 0. 0. 0. 0. 0. 1. 0. 0. 0. 0. 0. 1. 1. 1. 1. 0. 1. 1. 0. 0.],10.0,10000,30,0.6,10,1,10,,problem_solving
4600,0.03594122636297515,0.010001804763246204,0.4,-20.472125790575596,[0.         0.         0.         0.         0.87700662 0.         0.         0.         0.01057633 0.01208481 0.         0.         0.         0.         0.         0.         0.01233801 0.         0.         0.         0.         0.         0.01645254 0.01965068 0.01457892 0.01054451 0.         0.01197741 0.01479017 0.         0.        ],[0. 0. 0. 0. 1. 0. 0. 0. 1. 1. 0. 0. 0. 0. 0. 0. 1. 0. 0. 0. 0. 0. 1. 1. 1. 1. 0. 1. 1. 0. 0.],10.0,10000,30,0.6,10,1,10,,problem_solving
4700,0.03594122636297515,0.010001804763246204,0.4,8.604760566753134,[0.         0.         0.         0.         0.87700662 0.         0.         0.         0.01057633 0.01208481 0.         0.         0.         0.         0.         0.         0.01233801 0.         0.         0.         0.         0.         0.01645254 0.01965068 0.01457892 0.01054451 0.         0.01197741 0.01479017 0.         0.        ],[0. 0. 0. 0. 1. 0. 0. 0. 1. 1. 0. 0. 0. 0. 0. 0. 1. 0. 0. 0. 0. 0. 1. 1. 1. 1. 0. 1. 1. 0. 0.],10.0,10000,30,0.6,10,1,10,,problem_solving
4800,0.03594122636297515,0.010001804763246204,0.4,7.118430550483687,[0.         0.         0.         0.         0.87700662 0.         0.         0.         0.01057633 0.01208481 0.         0.         0.         0.         0.         0.         0.01233801 0.         0.         0.         0.         0.         0.01645254 0.01965068 0.01457892 0.01054451 0.         0.01197741 0.01479017 0.         0.        ],[0. 0. 0. 0. 1. 0. 0. 0. 1. 1. 0. 0. 0. 0. 0. 0. 1. 0. 0. 0. 0. 0. 1. 1. 1. 1. 0. 1. 1. 0. 0.],10.0,10000,30,0.6,10,1,10,,problem_solving
4900,0.03594122636297515,0.010001804763246204,0.4,-3.2847536086656715,[0.         0.         0.         0.         0.87700662 0.         0.         0.         0.01057633 0.01208481 0.         0.         0.         0.         0.         0.         0.01233801 0.         0.         0.         0.         0.         0.01645254 0.01965068 0.01457892 0.01054451 0.         0.01197741 0.01479017 0.         0.        ],[0. 0. 0. 0. 1. 0. 0. 0. 1. 1. 0. 0. 0. 0. 0. 0. 1. 0. 0. 0. 0. 0. 1. 1. 1. 1. 0. 1. 1. 0. 0.],10.0,10000,30,0.6,10,1,10,,problem_solving
5000,0.03594122636297515,0.010001804763246204,0.4,-1.4965269233602174,[0.         0.         0.         0.         0.87700662 0.         0.         0.         0.01057633 0.01208481 0.         0.         0.         0.         0.         0.         0.01233801 0.         0.         0.         0.         0.         0.01645254 0.01965068 0.01457892 0.01054451 0.         0.01197741 0.01479017 0.         0.        ],[0. 0. 0. 0. 1. 0. 0. 0. 1. 1. 0. 0. 0. 0. 0. 0. 1. 0. 0. 0. 0. 0. 1. 1. 1. 1. 0. 1. 1. 0. 0.],10.0,10000,30,0.6,10,1,10,,problem_solving
5100,0.03594122636297515,0.010001804763246204,0.4,-1.741509283687095,[0.         0.         0.         0.         0.87700662 0.         0.         0.         0.01057633 0.01208481 0.         0.         0.         0.         0.         0.         0.01233801 0.         0.         0.         0.         0.         0.01645254 0.01965068 0.01457892 0.01054451 0.         0.01197741 0.01479017 0.         0.        ],[0. 0. 0. 0. 1. 0. 0. 0. 1. 1. 0. 0. 0. 0. 0. 0. 1. 0. 0. 0. 0. 0. 1. 1. 1. 1. 0. 1. 1. 0. 0.],10.0,10000,30,0.6,10,1,10,,problem_solving
5200,0.03594122636297515,0.010001804763246204,0.4,9.39303319560771,[0.         0.         0.         0.         0.87700662 0.         0.         0.         0.01057633 0.01208481 0.         0.         0.         0.         0.         0.         0.01233801 0.         0.         0.         0.         0.         0.01645254 0.01965068 0.01457892 0.01054451 0.         0.01197741 0.01479017 0.         0.        ],[0. 0. 0. 0. 1. 0. 0. 0. 1. 1. 0. 0. 0. 0. 0. 0. 1. 0. 0. 0. 0. 0. 1. 1. 1. 1. 0. 1. 1. 0. 0.],10.0,10000,30,0.6,10,1,10,,problem_solving
5300,0.03594122636297515,0.010001804763246204,0.4,-10.2467179714561,[0.         0.         0.         0.         0.87700662 0.         0.         0.         0.01057633 0.01208481 0.         0.         0.         0.         0.         0.         0.01233801 0.         0.         0.         0.         0.         0.01645254 0.01965068 0.01457892 0.01054451 0.         0.01197741 0.01479017 0.         0.        ],[0. 0. 0. 0. 1. 0. 0. 0. 1. 1. 0. 0. 0. 0. 0. 0. 1. 0. 0. 0. 0. 0. 1. 1. 1. 1. 0. 1. 1. 0. 0.],10.0,10000,30,0.6,10,1,10,,problem_solving
5400,0.03594122636297515,0.010001804763246204,0.4,-7.501252258467991,[0.         0.         0.         0.         0.87700662 0.         0.         0.         0.01057633 0.01208481 0.         0.         0.         0.         0.         0.         0.01233801 0.         0.         0.         0.         0.         0.01645254 0.01965068 0.01457892 0.01054451 0.         0.01197741 0.01479017 0.         0.        ],[0. 0. 0. 0. 1. 0. 0. 0. 1. 1. 0. 0. 0. 0. 0. 0. 1. 0. 0. 0. 0. 0. 1. 1. 1. 1. 0. 1. 1. 0. 0.],10.0,10000,30,0.6,10,1,10,,problem_solving
5500,0.03594122636297515,0.010001804763246204,0.4,-5.079527162400651,[0.         0.         0.         0.         0.87700662 0.         0.         0.         0.01057633 0.01208481 0.         0.         0.         0.         0.         0.         0.01233801 0.         0.         0.         0.         0.         0.01645254 0.01965068 0.01457892 0.01054451 0.         0.01197741 0.01479017 0.         0.        ],[0. 0. 0. 0. 1. 0. 0. 0. 1. 1. 0. 0. 0. 0. 0. 0. 1. 0. 0. 0. 0. 0. 1. 1. 1. 1. 0. 1. 1. 0. 0.],10.0,10000,30,0.6,10,1,10,,problem_solving
5600,0.03594122636297515,0.010001804763246204,0.4,-7.345742779816668,[0.         0.         0.         0.         0.87700662 0.         0.         0.         0.01057633 0.01208481 0.         0.         0.         0.         0.         0.         0.01233801 0.         0.         0.         0.         0.         0.01645254 0.01965068 0.01457892 0.01054451 0.         0.01197741 0.01479017 0.         0.        ],[0. 0. 0. 0. 1. 0. 0. 0. 1. 1. 0. 0. 0. 0. 0. 0. 1. 0. 0. 0. 0. 0. 1. 1. 1. 1. 0. 1. 1. 0. 0.],10.0,10000,30,0.6,10,1,10,,problem_solving
5700,0.03594122636297515,0.010001804763246204,0.4,11.4654148414177,[0.         0.         0.         0.         0.87700662 0.         0.         0.         0.01057633 0.01208481 0.         0.         0.         0.         0.         0.         0.01233801 0.         0.         0.         0.         0.         0.01645254 0.01965068 0.01457892 0.01054451 0.         0.01197741 0.01479017 0.         0.        ],[0. 0. 0. 0. 1. 0. 0. 0. 1. 1. 0. 0. 0. 0. 0. 0. 1. 0. 0. 0. 0. 0. 1. 1. 1. 1. 0. 1. 1. 0. 0.],10.0,10000,30,0.6,10,1,10,,problem_solving
5800,0.03594122636297515,0.010001804763246204,0.4,17.01064219797428,[0.         0.         0.         0.         0.87700662 0.         0.         0.         0.01057633 0.01208481 0.         0.         0.         0.         0.         0.         0.01233801 0.         0.         0.         0.         0.         0.01645254 0.01965068 0.01457892 0.01054451 0.         0.01197741 0.01479017 0.         0.        ],[0. 0. 0. 0. 1. 0. 0. 0. 1. 1. 0. 0. 0. 0. 0. 0. 1. 0. 0. 0. 0. 0. 1. 1. 1. 1. 0. 1. 1. 0. 0.],10.0,10000,30,0.6,10,1,10,,problem_solving
5900,0.03594122636297515,0.010001804763246204,0.4,5.5974150549003205,[0.         0.         0.         0.         0.87700662 0.         0.         0.         0.01057633 0.01208481 0.         0.         0.         0.         0.         0.         0.01233801 0.         0.         0.         0.         0.         0.01645254 0.01965068 0.01457892 0.01054451 0.         0.01197741 0.01479017 0.         0.        ],[0. 0. 0. 0. 1. 0. 0. 0. 1. 1. 0. 0. 0. 0. 0. 0. 1. 0. 0. 0. 0. 0. 1. 1. 1. 1. 0. 1. 1. 0. 0.],10.0,10000,30,0.6,10,1,10,,problem_solving
6000,0.03594122636297515,0.010001804763246204,0.4,-2.6564504015359502,[0.         0.         0.         0.         0.87700662 0.         0.         0.         0.01057633 0.01208481 0.         0.         0.         0.         0.         0.         0.01233801 0.         0.         0.         0.         0.         0.01645254 0.01965068 0.01457892 0.01054451 0.         0.01197741 0.01479017 0.         0.        ],[0. 0. 0. 0. 1. 0. 0. 0. 1. 1. 0. 0. 0. 0. 0. 0. 1. 0. 0. 0. 0. 0. 1. 1. 1. 1. 0. 1. 1. 0. 0.],10.0,10000,30,0.6,10,1,10,,problem_solving
6100,0.03594122636297515,0.010001804763246204,0.4,5.366648308518148,[0.         0.         0.         0.         0.87700662 0.         0.         0.         0.01057633 0.01208481 0.         0.         0.         0.         0.         0.         0.01233801 0.         0.         0.         0.         0.         0.01645254 0.01965068 0.01457892 0.01054451 0.         0.01197741 0.01479017 0.         0.        ],[0. 0. 0. 0. 1. 0. 0. 0. 1. 1. 0. 0. 0. 0. 0. 0. 1. 0. 0. 0. 0. 0. 1. 1. 1. 1. 0. 1. 1. 0. 0.],10.0,10000,30,0.6,10,1,10,,problem_solving
6200,0.03594122636297515,0.010001804763246204,0.4,-0.3292071852315902,[0.         0.         0.         0.         0.87700662 0.         0.         0.         0.01057633 0.01208481 0.         0.         0.         0.         0.         0.         0.01233801 0.         0.         0.         0.         0.         0.01645254 0.01965068 0.01457892 0.01054451 0.         0.01197741 0.01479017 0.         0.        ],[0. 0. 0. 0. 1. 0. 0. 0. 1. 1. 0. 0. 0. 0. 0. 0. 1. 0. 0. 0. 0. 0. 1. 1. 1. 1. 0. 1. 1. 0. 0.],10.0,10000,30,0.6,10,1,10,,problem_solving
6300,0.03594122636297515,0.010001804763246204,0.4,14.00188948007665,[0.         0.         0.         0.         0.87700662 0.         0.         0.         0.01057633 0.01208481 0.         0.         0.         0.         0.         0.         0.01233801 0.         0.         0.         0.         0.         0.01645254 0.01965068 0.01457892 0.01054451 0.         0.01197741 0.01479017 0.         0.        ],[0. 0. 0. 0. 1. 0. 0. 0. 1. 1. 0. 0. 0. 0. 0. 0. 1. 0. 0. 0. 0. 0. 1. 1. 1. 1. 0. 1. 1. 0. 0.],10.0,10000,30,0.6,10,1,10,,problem_solving
6400,0.03594122636297515,0.010001804763246204,0.4,10.206066872926197,[0.         0.         0.         0.         0.87700662 0.         0.         0.         0.01057633 0.01208481 0.         0.         0.         0.         0.         0.         0.01233801 0.         0.         0.         0.         0.         0.01645254 0.01965068 0.01457892 0.01054451 0.         0.01197741 0.01479017 0.         0.        ],[0. 0. 0. 0. 1. 0. 0. 0. 1. 1. 0. 0. 0. 0. 0. 0. 1. 0. 0. 0. 0. 0. 1. 1. 1. 1. 0. 1. 1. 0. 0.],10.0,10000,30,0.6,10,1,10,,problem_solving
6500,0.03594122636297515,0.010001804763246204,0.4,4.603769837366428,[0.         0.         0.         0.         0.87700662 0.         0.         0.         0.01057633 0.01208481 0.         0.         0.         0.         0.         0.         0.01233801 0.         0.         0.         0.         0.         0.01645254 0.01965068 0.01457892 0.01054451 0.         0.01197741 0.01479017 0.         0.        ],[0. 0. 0. 0. 1. 0. 0. 0. 1. 1. 0. 0. 0. 0. 0. 0. 1. 0. 0. 0. 0. 0. 1. 1. 1. 1. 0. 1. 1. 0. 0.],10.0,10000,30,0.6,10,1,10,,problem_solving
6600,0.03594122636297515,0.010001804763246204,0.4,8.801370354482618,[0.         0.         0.         0.         0.87700662 0.         0.         0.         0.01057633 0.01208481 0.         0.         0.         0.         0.         0.         0.01233801 0.         0.         0.         0.         0.         0.01645254 0.01965068 0.01457892 0.01054451 0.         0.01197741 0.01479017 0.         0.        ],[0. 0. 0. 0. 1. 0. 0. 0. 1. 1. 0. 0. 0. 0. 0. 0. 1. 0. 0. 0. 0. 0. 1. 1. 1. 1. 0. 1. 1. 0. 0.],10.0,10000,30,0.6,10,1,10,,problem_solving
6700,0.03594122636297515,0.010001804763246204,0.4,2.7485486489775273,[0.         0.         0.         0.         0.87700662 0.         0.         0.         0.01057633 0.01208481 0.         0.         0.         0.         0.         0.         0.01233801 0.         0.         0.         0.         0.         0.01645254 0.01965068 0.01457892 0.01054451 0.         0.01197741 0.01479017 0.         0.        ],[0. 0. 0. 0. 1. 0. 0. 0. 1. 1. 0. 0. 0. 0. 0. 0. 1. 0. 0. 0. 0. 0. 1. 1. 1. 1. 0. 1. 1. 0. 0.],10.0,10000,30,0.6,10,1,10,,problem_solving
6800,0.03594122636297515,0.010001804763246204,0.4,-13.960620278769323,[0.         0.         0.         0.         0.87700662 0.         0.         0.         0.01057633 0.01208481 0.         0.         0.         0.         0.         0.         0.01233801 0.         0.         0.         0.         0.         0.01645254 0.01965068 0.01457892 0.01054451 0.         0.01197741 0.01479017 0.         0.        ],[0. 0. 0. 0. 1. 0. 0. 0. 1. 1. 0. 0. 0. 0. 0. 0. 1. 0. 0. 0. 0. 0. 1. 1. 1. 1. 0. 1. 1. 0. 0.],10.0,10000,30,0.6,10,1,10,,problem_solving
6900,0.03594122636297515,0.010001804763246204,0.4,2.061662002044157,[0.         0.         0.         0.         0.87700662 0.         0.         0.         0.01057633 0.01208481 0.         0.         0.         0.         0.         0.         0.01233801 0.         0.         0.         0.         0.         0.01645254 0.01965068 0.01457892 0.01054451 0.         0.01197741 0.01479017 0.         0.        ],[0. 0. 0. 0. 1. 0. 0. 0. 1. 1. 0. 0. 0. 0. 0. 0. 1. 0. 0. 0. 0. 0. 1. 1. 1. 1. 0. 1. 1. 0. 0.],10.0,10000,30,0.6,10,1,10,,problem_solving
7000,0.03594122636297515,0.010001804763246204,0.4,-1.1516708772609658,[0.         0.         0.         0.         0.87700662 0.         0.         0.         0.01057633 0.01208481 0.         0.         0.         0.         0.         0.         0.01233801 0.         0.         0.         0.         0.         0.01645254 0.01965068 0.01457892 0.01054451 0.         0.01197741 0.01479017 0.         0.        ],[0. 0. 0. 0. 1. 0. 0. 0. 1. 1. 0. 0. 0. 0. 0. 0. 1. 0. 0. 0. 0. 0. 1. 1. 1. 1. 0. 1. 1. 0. 0.],10.0,10000,30,0.6,10,1,10,,problem_solving
7100,0.03594122636297515,0.010001804763246204,0.4,-1.272131691622063,[0.         0.         0.         0.         0.87700662 0.         0.         0.         0.01057633 0.01208481 0.         0.         0.         0.         0.         0.         0.01233801 0.         0.         0.         0.         0.         0.01645254 0.01965068 0.01457892 0.01054451 0.         0.01197741 0.01479017 0.         0.        ],[0. 0. 0. 0. 1. 0. 0. 0. 1. 1. 0. 0. 0. 0. 0. 0. 1. 0. 0. 0. 0. 0. 1. 1. 1. 1. 0. 1. 1. 0. 0.],10.0,10000,30,0.6,10,1,10,,problem_solving
7200,0.03594122636297515,0.010001804763246204,0.4,6.345661814567524,[0.         0.         0.         0.         0.87700662 0.         0.         0.         0.01057633 0.01208481 0.         0.         0.         0.         0.         0.         0.01233801 0.         0.         0.         0.         0.         0.01645254 0.01965068 0.01457892 0.01054451 0.         0.01197741 0.01479017 0.         0.        ],[0. 0. 0. 0. 1. 0. 0. 0. 1. 1. 0. 0. 0. 0. 0. 0. 1. 0. 0. 0. 0. 0. 1. 1. 1. 1. 0. 1. 1. 0. 0.],10.0,10000,30,0.6,10,1,10,,problem_solving
7300,0.03594122636297515,0.010001804763246204,0.4,3.3613056477291603,[0.         0.         0.         0.         0.87700662 0.         0.         0.         0.01057633 0.01208481 0.         0.         0.         0.         0.         0.         0.01233801 0.         0.         0.         0.         0.         0.01645254 0.01965068 0.01457892 0.01054451 0.         0.01197741 0.01479017 0.         0.        ],[0. 0. 0. 0. 1. 0. 0. 0. 1. 1. 0. 0. 0. 0. 0. 0. 1. 0. 0. 0. 0. 0. 1. 1. 1. 1. 0. 1. 1. 0. 0.],10.0,10000,30,0.6,10,1,10,,problem_solving
7400,0.03594122636297515,0.010001804763246204,0.4,-20.78242730184492,[0.         0.         0.         0.         0.87700662 0.         0.         0.         0.01057633 0.01208481 0.         0.         0.         0.         0.         0.         0.01233801 0.         0.         0.         0.         0.         0.01645254 0.01965068 0.01457892 0.01054451 0.         0.01197741 0.01479017 0.         0.        ],[0. 0. 0. 0. 1. 0. 0. 0. 1. 1. 0. 0. 0. 0. 0. 0. 1. 0. 0. 0. 0. 0. 1. 1. 1. 1. 0. 1. 1. 0. 0.],10.0,10000,30,0.6,10,1,10,,problem_solving
7500,0.03594122636297515,0.010001804763246204,0.4,-13.94573444625792,[0.         0.         0.         0.         0.87700662 0.         0.         0.         0.01057633 0.01208481 0.         0.         0.         0.         0.         0.         0.01233801 0.         0.         0.         0.         0.         0.01645254 0.01965068 0.01457892 0.01054451 0.         0.01197741 0.01479017 0.         0.        ],[0. 0. 0. 0. 1. 0. 0. 0. 1. 1. 0. 0. 0. 0. 0. 0. 1. 0. 0. 0. 0. 0. 1. 1. 1. 1. 0. 1. 1. 0. 0.],10.0,10000,30,0.6,10,1,10,,problem_solving
7600,0.03594122636297515,0.010001804763246204,0.4,11.129742862691092,[0.         0.         0.         0.         0.87700662 0.         0.         0.         0.01057633 0.01208481 0.         0.         0.         0.         0.         0.         0.01233801 0.         0.         0.         0.         0.         0.01645254 0.01965068 0.01457892 0.01054451 0.         0.01197741 0.01479017 0.         0.        ],[0. 0. 0. 0. 1. 0. 0. 0. 1. 1. 0. 0. 0. 0. 0. 0. 1. 0. 0. 0. 0. 0. 1. 1. 1. 1. 0. 1. 1. 0. 0.],10.0,10000,30,0.6,10,1,10,,problem_solving
7700,0.03594122636297515,0.010001804763246204,0.4,4.115566998632719,[0.         0.         0.         0.         0.87700662 0.         0.         0.         0.01057633 0.01208481 0.         0.         0.         0.         0.         0.         0.01233801 0.         0.         0.         0.         0.         0.01645254 0.01965068 0.01457892 0.01054451 0.         0.01197741 0.01479017 0.         0.        ],[0. 0. 0. 0. 1. 0. 0. 0. 1. 1. 0. 0. 0. 0. 0. 0. 1. 0. 0. 0. 0. 0. 1. 1. 1. 1. 0. 1. 1. 0. 0.],10.0,10000,30,0.6,10,1,10,,problem_solving
7800,0.03594122636297515,0.010001804763246204,0.4,12.452285396661587,[0.         0.         0.         0.         0.87700662 0.         0.         0.         0.01057633 0.01208481 0.         0.         0.         0.         0.         0.         0.01233801 0.         0.         0.         0.         0.         0.01645254 0.01965068 0.01457892 0.01054451 0.         0.01197741 0.01479017 0.         0.        ],[0. 0. 0. 0. 1. 0. 0. 0. 1. 1. 0. 0. 0. 0. 0. 0. 1. 0. 0. 0. 0. 0. 1. 1. 1. 1. 0. 1. 1. 0. 0.],10.0,10000,30,0.6,10,1,10,,problem_solving
7900,0.03594122636297515,0.010001804763246204,0.4,8.233740292433097,[0.         0.         0.         0.         0.87700662 0.         0.         0.         0.01057633 0.01208481 0.         0.         0.         0.         0.         0.         0.01233801 0.         0.         0.         0.         0.         0.01645254 0.01965068 0.01457892 0.01054451 0.         0.01197741 0.01479017 0.         0.        ],[0. 0. 0. 0. 1. 0. 0. 0. 1. 1. 0. 0. 0. 0. 0. 0. 1. 0. 0. 0. 0. 0. 1. 1. 1. 1. 0. 1. 1. 0. 0.],10.0,10000,30,0.6,10,1,10,,problem_solving
8000,0.03594122636297515,0.010001804763246204,0.4,7.371003640021741,[0.         0.         0.         0.         0.87700662 0.         0.         0.         0.01057633 0.01208481 0.         0.         0.         0.         0.         0.         0.01233801 0.         0.         0.         0.         0.         0.01645254 0.01965068 0.01457892 0.01054451 0.         0.01197741 0.01479017 0.         0.        ],[0. 0. 0. 0. 1. 0. 0. 0. 1. 1. 0. 0. 0. 0. 0. 0. 1. 0. 0. 0. 0. 0. 1. 1. 1. 1. 0. 1. 1. 0. 0.],10.0,10000,30,0.6,10,1,10,,problem_solving
8100,0.03594122636297515,0.010001804763246204,0.4,-8.451206394249077,[0.         0.         0.         0.         0.87700662 0.         0.         0.         0.01057633 0.01208481 0.         0.         0.         0.         0.         0.         0.01233801 0.         0.         0.         0.         0.         0.01645254 0.01965068 0.01457892 0.01054451 0.         0.01197741 0.01479017 0.         0.        ],[0. 0. 0. 0. 1. 0. 0. 0. 1. 1. 0. 0. 0. 0. 0. 0. 1. 0. 0. 0. 0. 0. 1. 1. 1. 1. 0. 1. 1. 0. 0.],10.0,10000,30,0.6,10,1,10,,problem_solving
8200,0.03594122636297515,0.010001804763246204,0.4,10.85733544877823,[0.         0.         0.         0.         0.87700662 0.         0.         0.         0.01057633 0.01208481 0.         0.         0.         0.         0.         0.         0.01233801 0.         0.         0.         0.         0.         0.01645254 0.01965068 0.01457892 0.01054451 0.         0.01197741 0.01479017 0.         0.        ],[0. 0. 0. 0. 1. 0. 0. 0. 1. 1. 0. 0. 0. 0. 0. 0. 1. 0. 0. 0. 0. 0. 1. 1. 1. 1. 0. 1. 1. 0. 0.],10.0,10000,30,0.6,10,1,10,,problem_solving
8300,0.03594122636297515,0.010001804763246204,0.4,-0.03922619088448534,[0.         0.         0.         0.         0.87700662 0.         0.         0.         0.01057633 0.01208481 0.         0.         0.         0.         0.         0.         0.01233801 0.         0.         0.         0.         0.         0.01645254 0.01965068 0.01457892 0.01054451 0.         0.01197741 0.01479017 0.         0.        ],[0. 0. 0. 0. 1. 0. 0. 0. 1. 1. 0. 0. 0. 0. 0. 0. 1. 0. 0. 0. 0. 0. 1. 1. 1. 1. 0. 1. 1. 0. 0.],10.0,10000,30,0.6,10,1,10,,problem_solving
8400,0.03594122636297515,0.010001804763246204,0.4,-2.0090243841553725,[0.         0.         0.         0.         0.87700662 0.         0.         0.         0.01057633 0.01208481 0.         0.         0.         0.         0.         0.         0.01233801 0.         0.         0.         0.         0.         0.01645254 0.01965068 0.01457892 0.01054451 0.         0.01197741 0.01479017 0.         0.        ],[0. 0. 0. 0. 1. 0. 0. 0. 1. 1. 0. 0. 0. 0. 0. 0. 1. 0. 0. 0. 0. 0. 1. 1. 1. 1. 0. 1. 1. 0. 0.],10.0,10000,30,0.6,10,1,10,,problem_solving
8500,0.03594122636297515,0.010001804763246204,0.4,23.018285921743626,[0.         0.         0.         0.         0.87700662 0.         0.         0.         0.01057633 0.01208481 0.         0.         0.         0.         0.         0.         0.01233801 0.         0.         0.         0.         0.         0.01645254 0.01965068 0.01457892 0.01054451 0.         0.01197741 0.01479017 0.         0.        ],[0. 0. 0. 0. 1. 0. 0. 0. 1. 1. 0. 0. 0. 0. 0. 0. 1. 0. 0. 0. 0. 0. 1. 1. 1. 1. 0. 1. 1. 0. 0.],10.0,10000,30,0.6,10,1,10,,problem_solving
8600,0.03594122636297515,0.010001804763246204,0.4,-16.6577222525011,[0.         0.         0.         0.         0.87700662 0.         0.         0.         0.01057633 0.01208481 0.         0.         0.         0.         0.         0.         0.01233801 0.         0.         0.         0.         0.         0.01645254 0.01965068 0.01457892 0.01054451 0.         0.01197741 0.01479017 0.         0.        ],[0. 0. 0. 0. 1. 0. 0. 0. 1. 1. 0. 0. 0. 0. 0. 0. 1. 0. 0. 0. 0. 0. 1. 1. 1. 1. 0. 1. 1. 0. 0.],10.0,10000,30,0.6,10,1,10,,problem_solving
8700,0.03594122636297515,0.010001804763246204,0.4,-8.835708928145726,[0.         0.         0.         0.         0.87700662 0.         0.         0.         0.01057633 0.01208481 0.         0.         0.         0.         0.         0.         0.01233801 0.         0.         0.         0.         0.         0.01645254 0.01965068 0.01457892 0.01054451 0.         0.01197741 0.01479017 0.         0.        ],[0. 0. 0. 0. 1. 0. 0. 0. 1. 1. 0. 0. 0. 0. 0. 0. 1. 0. 0. 0. 0. 0. 1. 1. 1. 1. 0. 1. 1. 0. 0.],10.0,10000,30,0.6,10,1,10,,problem_solving
8800,0.03594122636297515,0.010001804763246204,0.4,-14.417632377976034,[0.         0.         0.         0.         0.87700662 0.         0.         0.         0.01057633 0.01208481 0.         0.         0.         0.         0.         0.         0.01233801 0.         0.         0.         0.         0.         0.01645254 0.01965068 0.01457892 0.01054451 0.         0.01197741 0.01479017 0.         0.        ],[0. 0. 0. 0. 1. 0. 0. 0. 1. 1. 0. 0. 0. 0. 0. 0. 1. 0. 0. 0. 0. 0. 1. 1. 1. 1. 0. 1. 1. 0. 0.],10.0,10000,30,0.6,10,1,10,,problem_solving
8900,0.03594122636297515,0.010001804763246204,0.4,-11.43601298914114,[0.         0.         0.         0.         0.87700662 0.         0.         0.         0.01057633 0.01208481 0.         0.         0.         0.         0.         0.         0.01233801 0.         0.         0.         0.         0.         0.01645254 0.01965068 0.01457892 0.01054451 0.         0.01197741 0.01479017 0.         0.        ],[0. 0. 0. 0. 1. 0. 0. 0. 1. 1. 0. 0. 0. 0. 0. 0. 1. 0. 0. 0. 0. 0. 1. 1. 1. 1. 0. 1. 1. 0. 0.],10.0,10000,30,0.6,10,1,10,,problem_solving
9000,0.03594122636297515,0.010001804763246204,0.4,-18.05660764155064,[0.         0.         0.         0.         0.87700662 0.         0.         0.         0.01057633 0.01208481 0.         0.         0.         0.         0.         0.         0.01233801 0.         0.         0.         0.         0.         0.01645254 0.01965068 0.01457892 0.01054451 0.         0.01197741 0.01479017 0.         0.        ],[0. 0. 0. 0. 1. 0. 0. 0. 1. 1. 0. 0. 0. 0. 0. 0. 1. 0. 0. 0. 0. 0. 1. 1. 1. 1. 0. 1. 1. 0. 0.],10.0,10000,30,0.6,10,1,10,,problem_solving
9100,0.03594122636297515,0.010001804763246204,0.4,1.3235188819001404,[0.         0.         0.         0.         0.87700662 0.         0.         0.         0.01057633 0.01208481 0.         0.         0.         0.         0.         0.         0.01233801 0.         0.         0.         0.         0.         0.01645254 0.01965068 0.01457892 0.01054451 0.         0.01197741 0.01479017 0.         0.        ],[0. 0. 0. 0. 1. 0. 0. 0. 1. 1. 0. 0. 0. 0. 0. 0. 1. 0. 0. 0. 0. 0. 1. 1. 1. 1. 0. 1. 1. 0. 0.],10.0,10000,30,0.6,10,1,10,,problem_solving
9200,0.03594122636297515,0.010001804763246204,0.4,8.922450832202331,[0.         0.         0.         0.         0.87700662 0.         0.         0.         0.01057633 0.01208481 0.         0.         0.         0.         0.         0.         0.01233801 0.         0.         0.         0.         0.         0.01645254 0.01965068 0.01457892 0.01054451 0.         0.01197741 0.01479017 0.         0.        ],[0. 0. 0. 0. 1. 0. 0. 0. 1. 1. 0. 0. 0. 0. 0. 0. 1. 0. 0. 0. 0. 0. 1. 1. 1. 1. 0. 1. 1. 0. 0.],10.0,10000,30,0.6,10,1,10,,problem_solving
9300,0.03594122636297515,0.010001804763246204,0.4,9.233982422324198,[0.         0.         0.         0.         0.87700662 0.         0.         0.         0.01057633 0.01208481 0.         0.         0.         0.         0.         0.         0.01233801 0.         0.         0.         0.         0.         0.01645254 0.01965068 0.01457892 0.01054451 0.         0.01197741 0.01479017 0.         0.        ],[0. 0. 0. 0. 1. 0. 0. 0. 1. 1. 0. 0. 0. 0. 0. 0. 1. 0. 0. 0. 0. 0. 1. 1. 1. 1. 0. 1. 1. 0. 0.],10.0,10000,30,0.6,10,1,10,,problem_solving
9400,0.03594122636297515,0.010001804763246204,0.4,12.717374010486553,[0.         0.         0.         0.         0.87700662 0.         0.         0.         0.01057633 0.01208481 0.         0.         0.         0.         0.         0.         0.01233801 0.         0.         0.         0.         0.         0.01645254 0.01965068 0.01457892 0.01054451 0.         0.01197741 0.01479017 0.         0.        ],[0. 0. 0. 0. 1. 0. 0. 0. 1. 1. 0. 0. 0. 0. 0. 0. 1. 0. 0. 0. 0. 0. 1. 1. 1. 1. 0. 1. 1. 0. 0.],10.0,10000,30,0.6,10,1,10,,problem_solving
9500,0.03594122636297515,0.010001804763246204,0.4,-8.913816931922634,[0.         0.         0.         0.         0.87700662 0.         0.         0.         0.01057633 0.01208481 0.         0.         0.         0.         0.         0.         0.01233801 0.         0.         0.         0.         0.         0.01645254 0.01965068 0.01457892 0.01054451 0.         0.01197741 0.01479017 0.         0.        ],[0. 0. 0. 0. 1. 0. 0. 0. 1. 1. 0. 0. 0. 0. 0. 0. 1. 0. 0. 0. 0. 0. 1. 1. 1. 1. 0. 1. 1. 0. 0.],10.0,10000,30,0.6,10,1,10,,problem_solving
9600,0.03594122636297515,0.010001804763246204,0.4,-0.4444634350960947,[0.         0.         0.         0.         0.87700662 0.         0.         0.         0.01057633 0.01208481 0.         0.         0.         0.         0.         0.         0.01233801 0.         0.         0.         0.         0.         0.01645254 0.01965068 0.01457892 0.01054451 0.         0.01197741 0.01479017 0.         0.        ],[0. 0. 0. 0. 1. 0. 0. 0. 1. 1. 0. 0. 0. 0. 0. 0. 1. 0. 0. 0. 0. 0. 1. 1. 1. 1. 0. 1. 1. 0. 0.],10.0,10000,30,0.6,10,1,10,,problem_solving
9700,0.03594122636297515,0.010001804763246204,0.4,11.49850576870984,[0.         0.         0.         0.         0.87700662 0.         0.         0.         0.01057633 0.01208481 0.         0.         0.         0.         0.         0.         0.01233801 0.         0.         0.         0.         0.         0.01645254 0.01965068 0.01457892 0.01054451 0.         0.01197741 0.01479017 0.         0.        ],[0. 0. 0. 0. 1. 0. 0. 0. 1. 1. 0. 0. 0. 0. 0. 0. 1. 0. 0. 0. 0. 0. 1. 1. 1. 1. 0. 1. 1. 0. 0.],10.0,10000,30,0.6,10,1,10,,problem_solving
9800,0.03594122636297515,0.010001804763246204,0.4,-2.963582961569994,[0.         0.         0.         0.         0.87700662 0.         0.         0.         0.01057633 0.01208481 0.         0.         0.         0.         0.         0.         0.01233801 0.         0.         0.         0.         0.         0.01645254 0.01965068 0.01457892 0.01054451 0.         0.01197741 0.01479017 0.         0.        ],[0. 0. 0. 0. 1. 0. 0. 0. 1. 1. 0. 0. 0. 0. 0. 0. 1. 0. 0. 0. 0. 0. 1. 1. 1. 1. 0. 1. 1. 0. 0.],10.0,10000,30,0.6,10,1,10,,problem_solving
9900,0.03594122636297515,0.010001804763246204,0.4,-22.21983034890737,[0.         0.         0.         0.         0.87700662 0.         0.         0.         0.01057633 0.01208481 0.         0.         0.         0.         0.         0.         0.01233801 0.         0.         0.         0.         0.         0.01645254 0.01965068 0.01457892 0.01054451 0.         0.01197741 0.01479017 0.         0.        ],[0. 0. 0. 0. 1. 0. 0. 0. 1. 1. 0. 0. 0. 0. 0. 0. 1. 0. 0. 0. 0. 0. 1. 1. 1. 1. 0. 1. 1. 0. 0.],10.0,10000,30,0.6,10,1,10,,problem_solving
9999,0.03594122636297515,0.010001804763246204,0.4,0.5036411705282998,[0.         0.         0.         0.         0.87700662 0.         0.         0.         0.01057633 0.01208481 0.         0.         0.         0.         0.         0.         0.01233801 0.         0.         0.         0.         0.         0.01645254 0.01965068 0.01457892 0.01054451 0.         0.01197741 0.01479017 0.         0.        ],[0. 0. 0. 0. 1. 0. 0. 0. 1. 1. 0. 0. 0. 0. 0. 0. 1. 0. 0. 0. 0. 0. 1. 1. 1. 1. 0. 1. 1. 0. 0.],10.0,10000,30,0.6,10,1,10,,problem_solving
