iter,cost,return,par,move,X,Z,Q,max_iter,mem_size,mem_consider,sigma,port_n,k,seed,tag
1,0.06097027218430332,0.009520175440163522,0.4,6.435441069938051,[0.         0.         0.01572246 0.         0.87497934 0.01867949 0.         0.         0.         0.01167708 0.         0.         0.         0.01913202 0.         0.         0.01485302 0.         0.         0.01064351 0.         0.         0.         0.         0.         0.02002547 0.         0.01428761 0.         0.         0.        ],[0. 0. 1. 0. 1. 1. 0. 0. 0. 1. 0. 0. 0. 1. 0. 0. 1. 0. 0. 1. 0. 0. 0. 0. 0. 1. 0. 1. 0. 0. 0.],9.0,10000,30,0.6,10,1,9,,problem_solving
100,0.03912680745762959,0.009984772853934515,0.4,-19.477331784104518,[0.         0.         0.         0.         0.88193128 0.         0.01338757 0.01397685 0.         0.         0.         0.         0.         0.01155708 0.01553749 0.         0.         0.         0.         0.         0.01635683 0.         0.         0.01647688 0.         0.         0.01584902 0.         0.         0.         0.01492699],[0. 0. 0. 0. 1. 0. 1. 1. 0. 0. 0. 0. 0. 1. 1. 0. 0. 0. 0. 0. 1. 0. 0. 1. 0. 0. 1. 0. 0. 0. 1.],9.0,10000,30,0.6,10,1,9,,problem_solving
200,0.03912680745762959,0.009984772853934515,0.4,6.1890028153171395,[0.         0.         0.         0.         0.88193128 0.         0.01338757 0.01397685 0.         0.         0.         0.         0.         0.01155708 0.01553749 0.         0.         0.         0.         0.         0.01635683 0.         0.         0.01647688 0.         0.         0.01584902 0.         0.         0.         0.01492699],[0. 0. 0. 0. 1. 0. 1. 1. 0. 0. 0. 0. 0. 1. 1. 0. 0. 0. 0. 0. 1. 0. 0. 1. 0. 0. 1. 0. 0. 0. 1.],9.0,10000,30,0.6,10,1,9,,problem_solving
300,0.03912680745762959,0.009984772853934515,0.4,16.907381049853363,[0.         0.         0.         0.         0.88193128 0.         0.01338757 0.01397685 0.         0.         0.         0.         0.         0.01155708 0.01553749 0.         0.         0.         0.         0.         0.01635683 0.         0.         0.01647688 0.         0.         0.01584902 0.         0.         0.         0.01492699],[0. 0. 0. 0. 1. 0. 1. 1. 0. 0. 0. 0. 0. 1. 1. 0. 0. 0. 0. 0. 1. 0. 0. 1. 0. 0. 1. 0. 0. 0. 1.],9.0,10000,30,0.6,10,1,9,,problem_solving
400,0.03912680745762959,0.009984772853934515,0.4,-3.1583093486633484,[0.         0.         0.         0.         0.88193128 0.         0.01338757 0.01397685 0.         0.         0.         0.         0.         0.01155708 0.01553749 0.         0.         0.         0.         0.         0.01635683 0.         0.         0.01647688 0.         0.         0.01584902 0.         0.         0.         0.01492699],[0. 0. 0. 0. 1. 0. 1. 1. 0. 0. 0. 0. 0. 1. 1. 0. 0. 0. 0. 0. 1. 0. 0. 1. 0. 0. 1. 0. 0. 0. 1.],9.0,10000,30,0.6,10,1,9,,problem_solving
500,0.03912680745762959,0.009984772853934515,0.4,-21.470687277527052,[0.         0.         0.         0.         0.88193128 0.         0.01338757 0.01397685 0.         0.         0.         0.         0.         0.01155708 0.01553749 0.         0.         0.         0.         0.         0.01635683 0.         0.         0.01647688 0.         0.         0.01584902 0.         0.         0.         0.01492699],[0. 0. 0. 0. 1. 0. 1. 1. 0. 0. 0. 0. 0. 1. 1. 0. 0. 0. 0. 0. 1. 0. 0. 1. 0. 0. 1. 0. 0. 0. 1.],9.0,10000,30,0.6,10,1,9,,problem_solving
600,0.03912680745762959,0.009984772853934515,0.4,0.7201972350625836,[0.         0.         0.         0.         0.88193128 0.         0.01338757 0.01397685 0.         0.         0.         0.         0.         0.01155708 0.01553749 0.         0.         0.         0.         0.         0.01635683 0.         0.         0.01647688 0.         0.         0.01584902 0.         0.         0.         0.01492699],[0. 0. 0. 0. 1. 0. 1. 1. 0. 0. 0. 0. 0. 1. 1. 0. 0. 0. 0. 0. 1. 0. 0. 1. 0. 0. 1. 0. 0. 0. 1.],9.0,10000,30,0.6,10,1,9,,problem_solving
700,0.03912680745762959,0.009984772853934515,0.4,-0.18127098851773793,[0.         0.         0.         0.         0.88193128 0.         0.01338757 0.01397685 0.         0.         0.         0.         0.         0.01155708 0.01553749 0.         0.         0.         0.         0.         0.01635683 0.         0.         0.01647688 0.         0.         0.01584902 0.         0.         0.         0.01492699],[0. 0. 0. 0. 1. 0. 1. 1. 0. 0. 0. 0. 0. 1. 1. 0. 0. 0. 0. 0. 1. 0. 0. 1. 0. 0. 1. 0. 0. 0. 1.],9.0,10000,30,0.6,10,1,9,,problem_solving
800,0.03912680745762959,0.009984772853934515,0.4,10.766809530543167,[0.         0.         0.         0.         0.88193128 0.         0.01338757 0.01397685 0.         0.         0.         0.         0.         0.01155708 0.01553749 0.         0.         0.         0.         0.         0.01635683 0.         0.         0.01647688 0.         0.         0.01584902 0.         0.         0.         0.01492699],[0. 0. 0. 0. 1. 0. 1. 1. 0. 0. 0. 0. 0. 1. 1. 0. 0. 0. 0. 0. 1. 0. 0. 1. 0. 0. 1. 0. 0. 0. 1.],9.0,10000,30,0.6,10,1,9,,problem_solving
900,0.03912680745762959,0.009984772853934515,0.4,-4.756765792306785,[0.         0.         0.         0.         0.88193128 0.         0.01338757 0.01397685 0.         0.         0.         0.         0.         0.01155708 0.01553749 0.         0.         0.         0.         0.         0.01635683 0.         0.         0.01647688 0.         0.         0.01584902 0.         0.         0.         0.01492699],[0. 0. 0. 0. 1. 0. 1. 1. 0. 0. 0. 0. 0. 1. 1. 0. 0. 0. 0. 0. 1. 0. 0. 1. 0. 0. 1. 0. 0. 0. 1.],9.0,10000,30,0.6,10,1,9,,problem_solving
1000,0.03912680745762959,0.009984772853934515,0.4,-5.538296741992128,[0.         0.         0.         0.         0.88193128 0.         0.01338757 0.01397685 0.         0.         0.         0.         0.         0.01155708 0.01553749 0.         0.         0.         0.         0.         0.01635683 0.         0.         0.01647688 0.         0.         0.01584902 0.         0.         0.         0.01492699],[0. 0. 0. 0. 1. 0. 1. 1. 0. 0. 0. 0. 0. 1. 1. 0. 0. 0. 0. 0. 1. 0. 0. 1. 0. 0. 1. 0. 0. 0. 1.],9.0,10000,30,0.6,10,1,9,,problem_solving
1100,0.03912680745762959,0.009984772853934515,0.4,2.486527055017173,[0.         0.         0.         0.         0.88193128 0.         0.01338757 0.01397685 0.         0.         0.         0.         0.         0.01155708 0.01553749 0.         0.         0.         0.         0.         0.01635683 0.         0.         0.01647688 0.         0.         0.01584902 0.         0.         0.         0.01492699],[0. 0. 0. 0. 1. 0. 1. 1. 0. 0. 0. 0. 0. 1. 1. 0. 0. 0. 0. 0. 1. 0. 0. 1. 0. 0. 1. 0. 0. 0. 1.],9.0,10000,30,0.6,10,1,9,,problem_solving
1200,0.036062634519724836,0.009978973930050277,0.4,-10.325625085157599,[0.         0.         0.         0.         0.87454087 0.         0.         0.         0.01493862 0.         0.         0.         0.         0.         0.         0.         0.         0.         0.         0.0205702  0.01815871 0.         0.         0.01132154 0.02094689 0.01436316 0.         0.01217454 0.         0.01298548 0.        ],[0. 0. 0. 0. 1. 0. 0. 0. 1. 0. 0. 0. 0. 0. 0. 0. 0. 0. 0. 1. 1. 0. 0. 1. 1. 1. 0. 1. 0. 1. 0.],9.0,10000,30,0.6,10,1,9,,problem_solving
1300,0.036062634519724836,0.009978973930050277,0.4,-15.972213715169117,[0.         0.         0.         0.         0.87454087 0.         0.         0.         0.01493862 0.         0.         0.         0.         0.         0.         0.         0.         0.         0.         0.0205702  0.01815871 0.         0.         0.01132154 0.02094689 0.01436316 0.         0.01217454 0.         0.01298548 0.        ],[0. 0. 0. 0. 1. 0. 0. 0. 1. 0. 0. 0. 0. 0. 0. 0. 0. 0. 0. 1. 1. 0. 0. 1. 1. 1. 0. 1. 0. 1. 0.],9.0,10000,30,0.6,10,1,9,,problem_solving
1400,0.033978773712226656,0.010036380912367405,0.4,5.423913119642113,[0.         0.         0.         0.         0.88922038 0.         0.01567856 0.01548599 0.         0.         0.         0.         0.01323327 0.         0.         0.         0.         0.01215802 0.         0.         0.         0.01053371 0.01594679 0.         0.         0.01409396 0.         0.01364933 0.         0.         0.        ],[0. 0. 0. 0. 1. 0. 1. 1. 0. 0. 0. 0. 1. 0. 0. 0. 0. 1. 0. 0. 0. 1. 1. 0. 0. 1. 0. 1. 0. 0. 0.],9.0,10000,30,0.6,10,1,9,,problem_solving
1500,0.033978773712226656,0.010036380912367405,0.4,-9.257802050350843,[0.         0.         0.         0.         0.88922038 0.         0.01567856 0.01548599 0.         0.         0.         0.         0.01323327 0.         0.         0.         0.         0.01215802 0.         0.         0.         0.01053371 0.01594679 0.         0.         0.01409396 0.         0.01364933 0.         0.         0.        ],[0. 0. 0. 0. 1. 0. 1. 1. 0. 0. 0. 0. 1. 0. 0. 0. 0. 1. 0. 0. 0. 1. 1. 0. 0. 1. 0. 1. 0. 0. 0.],9.0,10000,30,0.6,10,1,9,,problem_solving
1600,0.033978773712226656,0.010036380912367405,0.4,3.620425490137826,[0.         0.         0.         0.         0.88922038 0.         0.01567856 0.01548599 0.         0.         0.         0.         0.01323327 0.         0.         0.         0.         0.01215802 0.         0.         0.         0.01053371 0.01594679 0.         0.         0.01409396 0.         0.01364933 0.         0.         0.        ],[0. 0. 0. 0. 1. 0. 1. 1. 0. 0. 0. 0. 1. 0. 0. 0. 0. 1. 0. 0. 0. 1. 1. 0. 0. 1. 0. 1. 0. 0. 0.],9.0,10000,30,0.6,10,1,9,,problem_solving
1700,0.033978773712226656,0.010036380912367405,0.4,0.27746584080957404,[0.         0.         0.         0.         0.88922038 0.         0.01567856 0.01548599 0.         0.         0.         0.         0.01323327 0.         0.         0.         0.         0.01215802 0.         0.         0.         0.01053371 0.01594679 0.         0.         0.01409396 0.         0.01364933 0.         0.         0.        ],[0. 0. 0. 0. 1. 0. 1. 1. 0. 0. 0. 0. 1. 0. 0. 0. 0. 1. 0. 0. 0. 1. 1. 0. 0. 1. 0. 1. 0. 0. 0.],9.0,10000,30,0.6,10,1,9,,problem_solving
1800,0.033978773712226656,0.010036380912367405,0.4,5.940828237473536,[0.         0.         0.         0.         0.88922038 0.         0.01567856 0.01548599 0.         0.         0.         0.         0.01323327 0.         0.         0.         0.         0.01215802 0.         0.         0.         0.01053371 0.01594679 0.         0.         0.01409396 0.         0.01364933 0.         0.         0.        ],[0. 0. 0. 0. 1. 0. 1. 1. 0. 0. 0. 0. 1. 0. 0. 0. 0. 1. 0. 0. 0. 1. 1. 0. 0. 1. 0. 1. 0. 0. 0.],9.0,10000,30,0.6,10,1,9,,problem_solving
1900,0.033978773712226656,0.010036380912367405,0.4,-1.5287289819492846,[0.         0.         0.         0.         0.88922038 0.         0.01567856 0.01548599 0.         0.         0.         0.         0.01323327 0.         0.         0.         0.         0.01215802 0.         0.         0.         0.01053371 0.01594679 0.         0.         0.01409396 0.         0.01364933 0.         0.         0.        ],[0. 0. 0. 0. 1. 0. 1. 1. 0. 0. 0. 0. 1. 0. 0. 0. 0. 1. 0. 0. 0. 1. 1. 0. 0. 1. 0. 1. 0. 0. 0.],9.0,10000,30,0.6,10,1,9,,problem_solving
2000,0.033978773712226656,0.010036380912367405,0.4,-1.5347163815116507,[0.         0.         0.         0.         0.88922038 0.         0.01567856 0.01548599 0.         0.         0.         0.         0.01323327 0.         0.         0.         0.         0.01215802 0.         0.         0.         0.01053371 0.01594679 0.         0.         0.01409396 0.         0.01364933 0.         0.         0.        ],[0. 0. 0. 0. 1. 0. 1. 1. 0. 0. 0. 0. 1. 0. 0. 0. 0. 1. 0. 0. 0. 1. 1. 0. 0. 1. 0. 1. 0. 0. 0.],9.0,10000,30,0.6,10,1,9,,problem_solving
2100,0.033978773712226656,0.010036380912367405,0.4,-10.606798980147179,[0.         0.         0.         0.         0.88922038 0.         0.01567856 0.01548599 0.         0.         0.         0.         0.01323327 0.         0.         0.         0.         0.01215802 0.         0.         0.         0.01053371 0.01594679 0.         0.         0.01409396 0.         0.01364933 0.         0.         0.        ],[0. 0. 0. 0. 1. 0. 1. 1. 0. 0. 0. 0. 1. 0. 0. 0. 0. 1. 0. 0. 0. 1. 1. 0. 0. 1. 0. 1. 0. 0. 0.],9.0,10000,30,0.6,10,1,9,,problem_solving
2200,0.033978773712226656,0.010036380912367405,0.4,6.5834099982099845,[0.         0.         0.         0.         0.88922038 0.         0.01567856 0.01548599 0.         0.         0.         0.         0.01323327 0.         0.         0.         0.         0.01215802 0.         0.         0.         0.01053371 0.01594679 0.         0.         0.01409396 0.         0.01364933 0.         0.         0.        ],[0. 0. 0. 0. 1. 0. 1. 1. 0. 0. 0. 0. 1. 0. 0. 0. 0. 1. 0. 0. 0. 1. 1. 0. 0. 1. 0. 1. 0. 0. 0.],9.0,10000,30,0.6,10,1,9,,problem_solving
2300,0.033978773712226656,0.010036380912367405,0.4,-2.1274515130510587,[0.         0.         0.         0.         0.88922038 0.         0.01567856 0.01548599 0.         0.         0.         0.         0.01323327 0.         0.         0.         0.         0.01215802 0.         0.         0.         0.01053371 0.01594679 0.         0.         0.01409396 0.         0.01364933 0.         0.         0.        ],[0. 0. 0. 0. 1. 0. 1. 1. 0. 0. 0. 0. 1. 0. 0. 0. 0. 1. 0. 0. 0. 1. 1. 0. 0. 1. 0. 1. 0. 0. 0.],9.0,10000,30,0.6,10,1,9,,problem_solving
2400,0.033978773712226656,0.010036380912367405,0.4,1.0629468758632739,[0.         0.         0.         0.         0.88922038 0.         0.01567856 0.01548599 0.         0.         0.         0.         0.01323327 0.         0.         0.         0.         0.01215802 0.         0.         0.         0.01053371 0.01594679 0.         0.         0.01409396 0.         0.01364933 0.         0.         0.        ],[0. 0. 0. 0. 1. 0. 1. 1. 0. 0. 0. 0. 1. 0. 0. 0. 0. 1. 0. 0. 0. 1. 1. 0. 0. 1. 0. 1. 0. 0. 0.],9.0,10000,30,0.6,10,1,9,,problem_solving
2500,0.033978773712226656,0.010036380912367405,0.4,10.841266132650947,[0.         0.         0.         0.         0.88922038 0.         0.01567856 0.01548599 0.         0.         0.         0.         0.01323327 0.         0.         0.         0.         0.01215802 0.         0.         0.         0.01053371 0.01594679 0.         0.         0.01409396 0.         0.01364933 0.         0.         0.        ],[0. 0. 0. 0. 1. 0. 1. 1. 0. 0. 0. 0. 1. 0. 0. 0. 0. 1. 0. 0. 0. 1. 1. 0. 0. 1. 0. 1. 0. 0. 0.],9.0,10000,30,0.6,10,1,9,,problem_solving
2600,0.033978773712226656,0.010036380912367405,0.4,-6.753273649217216,[0.         0.         0.         0.         0.88922038 0.         0.01567856 0.01548599 0.         0.         0.         0.         0.01323327 0.         0.         0.         0.         0.01215802 0.         0.         0.         0.01053371 0.01594679 0.         0.         0.01409396 0.         0.01364933 0.         0.         0.        ],[0. 0. 0. 0. 1. 0. 1. 1. 0. 0. 0. 0. 1. 0. 0. 0. 0. 1. 0. 0. 0. 1. 1. 0. 0. 1. 0. 1. 0. 0. 0.],9.0,10000,30,0.6,10,1,9,,problem_solving
2700,0.033978773712226656,0.010036380912367405,0.4,-10.114454449389829,[0.         0.         0.         0.         0.88922038 0.         0.01567856 0.01548599 0.         0.         0.         0.         0.01323327 0.         0.         0.         0.         0.01215802 0.         0.         0.         0.01053371 0.01594679 0.         0.         0.01409396 0.         0.01364933 0.         0.         0.        ],[0. 0. 0. 0. 1. 0. 1. 1. 0. 0. 0. 0. 1. 0. 0. 0. 0. 1. 0. 0. 0. 1. 1. 0. 0. 1. 0. 1. 0. 0. 0.],9.0,10000,30,0.6,10,1,9,,problem_solving
2800,0.033978773712226656,0.010036380912367405,0.4,-19.270287349888914,[0.         0.         0.         0.         0.88922038 0.         0.01567856 0.01548599 0.         0.         0.         0.         0.01323327 0.         0.         0.         0.         0.01215802 0.         0.         0.         0.01053371 0.01594679 0.         0.         0.01409396 0.         0.01364933 0.         0.         0.        ],[0. 0. 0. 0. 1. 0. 1. 1. 0. 0. 0. 0. 1. 0. 0. 0. 0. 1. 0. 0. 0. 1. 1. 0. 0. 1. 0. 1. 0. 0. 0.],9.0,10000,30,0.6,10,1,9,,problem_solving
2900,0.03327791285079706,0.010123501529013344,0.4,5.966724909666139,[0.01390744 0.01316127 0.         0.0107562  0.89389611 0.         0.         0.         0.01194942 0.         0.         0.         0.0148491  0.         0.         0.         0.         0.         0.         0.         0.         0.         0.         0.         0.01441563 0.0146001  0.         0.01246474 0.         0.         0.        ],[1. 1. 0. 1. 1. 0. 0. 0. 1. 0. 0. 0. 1. 0. 0. 0. 0. 0. 0. 0. 0. 0. 0. 0. 1. 1. 0. 1. 0. 0. 0.],9.0,10000,30,0.6,10,1,9,,problem_solving
3000,0.03327791285079706,0.010123501529013344,0.4,-12.188086462774283,[0.01390744 0.01316127 0.         0.0107562  0.89389611 0.         0.         0.         0.01194942 0.         0.         0.         0.0148491  0.         0.         0.         0.         0.         0.         0.         0.         0.         0.         0.         0.01441563 0.0146001  0.         0.01246474 0.         0.         0.        ],[1. 1. 0. 1. 1. 0. 0. 0. 1. 0. 0. 0. 1. 0. 0. 0. 0. 0. 0. 0. 0. 0. 0. 0. 1. 1. 0. 1. 0. 0. 0.],9.0,10000,30,0.6,10,1,9,,problem_solving
3100,0.03327791285079706,0.010123501529013344,0.4,-12.364568554188802,[0.01390744 0.01316127 0.         0.0107562  0.89389611 0.         0.         0.         0.01194942 0.         0.         0.         0.0148491  0.         0.         0.         0.         0.         0.         0.         0.         0.         0.         0.         0.01441563 0.0146001  0.         0.01246474 0.         0.         0.        ],[1. 1. 0. 1. 1. 0. 0. 0. 1. 0. 0. 0. 1. 0. 0. 0. 0. 0. 0. 0. 0. 0. 0. 0. 1. 1. 0. 1. 0. 0. 0.],9.0,10000,30,0.6,10,1,9,,problem_solving
3200,0.03327791285079706,0.010123501529013344,0.4,-13.098733579582564,[0.01390744 0.01316127 0.         0.0107562  0.89389611 0.         0.         0.         0.01194942 0.         0.         0.         0.0148491  0.         0.         0.         0.         0.         0.         0.         0.         0.         0.         0.         0.01441563 0.0146001  0.         0.01246474 0.         0.         0.        ],[1. 1. 0. 1. 1. 0. 0. 0. 1. 0. 0. 0. 1. 0. 0. 0. 0. 0. 0. 0. 0. 0. 0. 0. 1. 1. 0. 1. 0. 0. 0.],9.0,10000,30,0.6,10,1,9,,problem_solving
3300,0.03327791285079706,0.010123501529013344,0.4,-7.75088903275018,[0.01390744 0.01316127 0.         0.0107562  0.89389611 0.         0.         0.         0.01194942 0.         0.         0.         0.0148491  0.         0.         0.         0.         0.         0.         0.         0.         0.         0.         0.         0.01441563 0.0146001  0.         0.01246474 0.         0.         0.        ],[1. 1. 0. 1. 1. 0. 0. 0. 1. 0. 0. 0. 1. 0. 0. 0. 0. 0. 0. 0. 0. 0. 0. 0. 1. 1. 0. 1. 0. 0. 0.],9.0,10000,30,0.6,10,1,9,,problem_solving
3400,0.03327791285079706,0.010123501529013344,0.4,5.003593613897522,[0.01390744 0.01316127 0.         0.0107562  0.89389611 0.         0.         0.         0.01194942 0.         0.         0.         0.0148491  0.         0.         0.         0.         0.         0.         0.         0.         0.         0.         0.         0.01441563 0.0146001  0.         0.01246474 0.         0.         0.        ],[1. 1. 0. 1. 1. 0. 0. 0. 1. 0. 0. 0. 1. 0. 0. 0. 0. 0. 0. 0. 0. 0. 0. 0. 1. 1. 0. 1. 0. 0. 0.],9.0,10000,30,0.6,10,1,9,,problem_solving
3500,0.03327791285079706,0.010123501529013344,0.4,5.249577090423852,[0.01390744 0.01316127 0.         0.0107562  0.89389611 0.         0.         0.         0.01194942 0.         0.         0.         0.0148491  0.         0.         0.         0.         0.         0.         0.         0.         0.         0.         0.         0.01441563 0.0146001  0.         0.01246474 0.         0.         0.        ],[1. 1. 0. 1. 1. 0. 0. 0. 1. 0. 0. 0. 1. 0. 0. 0. 0. 0. 0. 0. 0. 0. 0. 0. 1. 1. 0. 1. 0. 0. 0.],9.0,10000,30,0.6,10,1,9,,problem_solving
3600,0.03327791285079706,0.010123501529013344,0.4,19.07472504150013,[0.01390744 0.01316127 0.         0.0107562  0.89389611 0.         0.         0.         0.01194942 0.         0.         0.         0.0148491  0.         0.         0.         0.         0.         0.         0.         0.         0.         0.         0.         0.01441563 0.0146001  0.         0.01246474 0.         0.         0.        ],[1. 1. 0. 1. 1. 0. 0. 0. 1. 0. 0. 0. 1. 0. 0. 0. 0. 0. 0. 0. 0. 0. 0. 0. 1. 1. 0. 1. 0. 0. 0.],9.0,10000,30,0.6,10,1,9,,problem_solving
3700,0.03327791285079706,0.010123501529013344,0.4,-6.1289522255410676,[0.01390744 0.01316127 0.         0.0107562  0.89389611 0.         0.         0.         0.01194942 0.         0.         0.         0.0148491  0.         0.         0.         0.         0.         0.         0.         0.         0.         0.         0.         0.01441563 0.0146001  0.         0.01246474 0.         0.         0.        ],[1. 1. 0. 1. 1. 0. 0. 0. 1. 0. 0. 0. 1. 0. 0. 0. 0. 0. 0. 0. 0. 0. 0. 0. 1. 1. 0. 1. 0. 0. 0.],9.0,10000,30,0.6,10,1,9,,problem_solving
3800,0.03327791285079706,0.010123501529013344,0.4,-19.154693746325517,[0.01390744 0.01316127 0.         0.0107562  0.89389611 0.         0.         0.         0.01194942 0.         0.         0.         0.0148491  0.         0.         0.         0.         0.         0.         0.         0.         0.         0.         0.         0.01441563 0.0146001  0.         0.01246474 0.         0.         0.        ],[1. 1. 0. 1. 1. 0. 0. 0. 1. 0. 0. 0. 1. 0. 0. 0. 0. 0. 0. 0. 0. 0. 0. 0. 1. 1. 0. 1. 0. 0. 0.],9.0,10000,30,0.6,10,1,9,,problem_solving
3900,0.03327791285079706,0.010123501529013344,0.4,-2.4464562091007944,[0.01390744 0.01316127 0.         0.0107562  0.89389611 0.         0.         0.         0.01194942 0.         0.         0.         0.0148491  0.         0.         0.         0.         0.         0.         0.         0.         0.         0.         0.         0.01441563 0.0146001  0.         0.01246474 0.         0.         0.        ],[1. 1. 0. 1. 1. 0. 0. 0. 1. 0. 0. 0. 1. 0. 0. 0. 0. 0. 0. 0. 0. 0. 0. 0. 1. 1. 0. 1. 0. 0. 0.],9.0,10000,30,0.6,10,1,9,,problem_solving
4000,0.03327791285079706,0.010123501529013344,0.4,10.61450787537696,[0.01390744 0.01316127 0.         0.0107562  0.89389611 0.         0.         0.         0.01194942 0.         0.         0.         0.0148491  0.         0.         0.         0.         0.         0.         0.         0.         0.         0.         0.         0.01441563 0.0146001  0.         0.01246474 0.         0.         0.        ],[1. 1. 0. 1. 1. 0. 0. 0. 1. 0. 0. 0. 1. 0. 0. 0. 0. 0. 0. 0. 0. 0. 0. 0. 1. 1. 0. 1. 0. 0. 0.],9.0,10000,30,0.6,10,1,9,,problem_solving
4100,0.03327791285079706,0.010123501529013344,0.4,-2.2281632131101814,[0.01390744 0.01316127 0.         0.0107562  0.89389611 0.         0.         0.         0.01194942 0.         0.         0.         0.0148491  0.         0.         0.         0.         0.         0.         0.         0.         0.         0.         0.         0.01441563 0.0146001  0.         0.01246474 0.         0.         0.        ],[1. 1. 0. 1. 1. 0. 0. 0. 1. 0. 0. 0. 1. 0. 0. 0. 0. 0. 0. 0. 0. 0. 0. 0. 1. 1. 0. 1. 0. 0. 0.],9.0,10000,30,0.6,10,1,9,,problem_solving
4200,0.03327791285079706,0.010123501529013344,0.4,-4.079466698006013,[0.01390744 0.01316127 0.         0.0107562  0.89389611 0.         0.         0.         0.01194942 0.         0.         0.         0.0148491  0.         0.         0.         0.         0.         0.         0.         0.         0.         0.         0.         0.01441563 0.0146001  0.         0.01246474 0.         0.         0.        ],[1. 1. 0. 1. 1. 0. 0. 0. 1. 0. 0. 0. 1. 0. 0. 0. 0. 0. 0. 0. 0. 0. 0. 0. 1. 1. 0. 1. 0. 0. 0.],9.0,10000,30,0.6,10,1,9,,problem_solving
4300,0.03327791285079706,0.010123501529013344,0.4,-10.475120322545585,[0.01390744 0.01316127 0.         0.0107562  0.89389611 0.         0.         0.         0.01194942 0.         0.         0.         0.0148491  0.         0.         0.         0.         0.         0.         0.         0.         0.         0.         0.         0.01441563 0.0146001  0.         0.01246474 0.         0.         0.        ],[1. 1. 0. 1. 1. 0. 0. 0. 1. 0. 0. 0. 1. 0. 0. 0. 0. 0. 0. 0. 0. 0. 0. 0. 1. 1. 0. 1. 0. 0. 0.],9.0,10000,30,0.6,10,1,9,,problem_solving
4400,0.03327791285079706,0.010123501529013344,0.4,4.374069311290121,[0.01390744 0.01316127 0.         0.0107562  0.89389611 0.         0.         0.         0.01194942 0.         0.         0.         0.0148491  0.         0.         0.         0.         0.         0.         0.         0.         0.         0.         0.         0.01441563 0.0146001  0.         0.01246474 0.         0.         0.        ],[1. 1. 0. 1. 1. 0. 0. 0. 1. 0. 0. 0. 1. 0. 0. 0. 0. 0. 0. 0. 0. 0. 0. 0. 1. 1. 0. 1. 0. 0. 0.],9.0,10000,30,0.6,10,1,9,,problem_solving
4500,0.03327791285079706,0.010123501529013344,0.4,-8.94678863164868,[0.01390744 0.01316127 0.         0.0107562  0.89389611 0.         0.         0.         0.01194942 0.         0.         0.         0.0148491  0.         0.         0.         0.         0.         0.         0.         0.         0.         0.         0.         0.01441563 0.0146001  0.         0.01246474 0.         0.         0.        ],[1. 1. 0. 1. 1. 0. 0. 0. 1. 0. 0. 0. 1. 0. 0. 0. 0. 0. 0. 0. 0. 0. 0. 0. 1. 1. 0. 1. 0. 0. 0.],9.0,10000,30,0.6,10,1,9,,problem_solving
4600,0.03327791285079706,0.010123501529013344,0.4,5.844277304803745,[0.01390744 0.01316127 0.         0.0107562  0.89389611 0.         0.         0.         0.01194942 0.         0.         0.         0.0148491  0.         0.         0.         0.         0.         0.         0.         0.         0.         0.         0.         0.01441563 0.0146001  0.         0.01246474 0.         0.         0.        ],[1. 1. 0. 1. 1. 0. 0. 0. 1. 0. 0. 0. 1. 0. 0. 0. 0. 0. 0. 0. 0. 0. 0. 0. 1. 1. 0. 1. 0. 0. 0.],9.0,10000,30,0.6,10,1,9,,problem_solving
4700,0.03327791285079706,0.010123501529013344,0.4,0.14442637985948628,[0.01390744 0.01316127 0.         0.0107562  0.89389611 0.         0.         0.         0.01194942 0.         0.         0.         0.0148491  0.         0.         0.         0.         0.         0.         0.         0.         0.         0.         0.         0.01441563 0.0146001  0.         0.01246474 0.         0.         0.        ],[1. 1. 0. 1. 1. 0. 0. 0. 1. 0. 0. 0. 1. 0. 0. 0. 0. 0. 0. 0. 0. 0. 0. 0. 1. 1. 0. 1. 0. 0. 0.],9.0,10000,30,0.6,10,1,9,,problem_solving
4800,0.03327791285079706,0.010123501529013344,0.4,1.119422462092691,[0.01390744 0.01316127 0.         0.0107562  0.89389611 0.         0.         0.         0.01194942 0.         0.         0.         0.0148491  0.         0.         0.         0.         0.         0.         0.         0.         0.         0.         0.         0.01441563 0.0146001  0.         0.01246474 0.         0.         0.        ],[1. 1. 0. 1. 1. 0. 0. 0. 1. 0. 0. 0. 1. 0. 0. 0. 0. 0. 0. 0. 0. 0. 0. 0. 1. 1. 0. 1. 0. 0. 0.],9.0,10000,30,0.6,10,1,9,,problem_solving
4900,0.03327791285079706,0.010123501529013344,0.4,-0.5913506192144936,[0.01390744 0.01316127 0.         0.0107562  0.89389611 0.         0.         0.         0.01194942 0.         0.         0.         0.0148491  0.         0.         0.         0.         0.         0.         0.         0.         0.         0.         0.         0.01441563 0.0146001  0.         0.01246474 0.         0.         0.        ],[1. 1. 0. 1. 1. 0. 0. 0. 1. 0. 0. 0. 1. 0. 0. 0. 0. 0. 0. 0. 0. 0. 0. 0. 1. 1. 0. 1. 0. 0. 0.],9.0,10000,30,0.6,10,1,9,,problem_solving
5000,0.03327791285079706,0.010123501529013344,0.4,14.432541773565585,[0.01390744 0.01316127 0.         0.0107562  0.89389611 0.         0.         0.         0.01194942 0.         0.         0.         0.0148491  0.         0.         0.         0.         0.         0.         0.         0.         0.         0.         0.         0.01441563 0.0146001  0.         0.01246474 0.         0.         0.        ],[1. 1. 0. 1. 1. 0. 0. 0. 1. 0. 0. 0. 1. 0. 0. 0. 0. 0. 0. 0. 0. 0. 0. 0. 1. 1. 0. 1. 0. 0. 0.],9.0,10000,30,0.6,10,1,9,,problem_solving
5100,0.03327791285079706,0.010123501529013344,0.4,-24.29398453289361,[0.01390744 0.01316127 0.         0.0107562  0.89389611 0.         0.         0.         0.01194942 0.         0.         0.         0.0148491  0.         0.         0.         0.         0.         0.         0.         0.         0.         0.         0.         0.01441563 0.0146001  0.         0.01246474 0.         0.         0.        ],[1. 1. 0. 1. 1. 0. 0. 0. 1. 0. 0. 0. 1. 0. 0. 0. 0. 0. 0. 0. 0. 0. 0. 0. 1. 1. 0. 1. 0. 0. 0.],9.0,10000,30,0.6,10,1,9,,problem_solving
5200,0.03327791285079706,0.010123501529013344,0.4,8.21550375142355,[0.01390744 0.01316127 0.         0.0107562  0.89389611 0.         0.         0.         0.01194942 0.         0.         0.         0.0148491  0.         0.         0.         0.         0.         0.         0.         0.         0.         0.         0.         0.01441563 0.0146001  0.         0.01246474 0.         0.         0.        ],[1. 1. 0. 1. 1. 0. 0. 0. 1. 0. 0. 0. 1. 0. 0. 0. 0. 0. 0. 0. 0. 0. 0. 0. 1. 1. 0. 1. 0. 0. 0.],9.0,10000,30,0.6,10,1,9,,problem_solving
5300,0.03327791285079706,0.010123501529013344,0.4,-2.395150160892987,[0.01390744 0.01316127 0.         0.0107562  0.89389611 0.         0.         0.         0.01194942 0.         0.         0.         0.0148491  0.         0.         0.         0.         0.         0.         0.         0.         0.         0.         0.         0.01441563 0.0146001  0.         0.01246474 0.         0.         0.        ],[1. 1. 0. 1. 1. 0. 0. 0. 1. 0. 0. 0. 1. 0. 0. 0. 0. 0. 0. 0. 0. 0. 0. 0. 1. 1. 0. 1. 0. 0. 0.],9.0,10000,30,0.6,10,1,9,,problem_solving
5400,0.03327791285079706,0.010123501529013344,0.4,-0.9810440287511951,[0.01390744 0.01316127 0.         0.0107562  0.89389611 0.         0.         0.         0.01194942 0.         0.         0.         0.0148491  0.         0.         0.         0.         0.         0.         0.         0.         0.         0.         0.         0.01441563 0.0146001  0.         0.01246474 0.         0.         0.        ],[1. 1. 0. 1. 1. 0. 0. 0. 1. 0. 0. 0. 1. 0. 0. 0. 0. 0. 0. 0. 0. 0. 0. 0. 1. 1. 0. 1. 0. 0. 0.],9.0,10000,30,0.6,10,1,9,,problem_solving
5500,0.03327791285079706,0.010123501529013344,0.4,-16.854072706456396,[0.01390744 0.01316127 0.         0.0107562  0.89389611 0.         0.         0.         0.01194942 0.         0.         0.         0.0148491  0.         0.         0.         0.         0.         0.         0.         0.         0.         0.         0.         0.01441563 0.0146001  0.         0.01246474 0.         0.         0.        ],[1. 1. 0. 1. 1. 0. 0. 0. 1. 0. 0. 0. 1. 0. 0. 0. 0. 0. 0. 0. 0. 0. 0. 0. 1. 1. 0. 1. 0. 0. 0.],9.0,10000,30,0.6,10,1,9,,problem_solving
5600,0.03327791285079706,0.010123501529013344,0.4,7.577186748701459,[0.01390744 0.01316127 0.         0.0107562  0.89389611 0.         0.         0.         0.01194942 0.         0.         0.         0.0148491  0.         0.         0.         0.         0.         0.         0.         0.         0.         0.         0.         0.01441563 0.0146001  0.         0.01246474 0.         0.         0.        ],[1. 1. 0. 1. 1. 0. 0. 0. 1. 0. 0. 0. 1. 0. 0. 0. 0. 0. 0. 0. 0. 0. 0. 0. 1. 1. 0. 1. 0. 0. 0.],9.0,10000,30,0.6,10,1,9,,problem_solving
5700,0.03327791285079706,0.010123501529013344,0.4,-0.010680995920564755,[0.01390744 0.01316127 0.         0.0107562  0.89389611 0.         0.         0.         0.01194942 0.         0.         0.         0.0148491  0.         0.         0.         0.         0.         0.         0.         0.         0.         0.         0.         0.01441563 0.0146001  0.         0.01246474 0.         0.         0.        ],[1. 1. 0. 1. 1. 0. 0. 0. 1. 0. 0. 0. 1. 0. 0. 0. 0. 0. 0. 0. 0. 0. 0. 0. 1. 1. 0. 1. 0. 0. 0.],9.0,10000,30,0.6,10,1,9,,problem_solving
5800,0.03327791285079706,0.010123501529013344,0.4,-6.226611251965258,[0.01390744 0.01316127 0.         0.0107562  0.89389611 0.         0.         0.         0.01194942 0.         0.         0.         0.0148491  0.         0.         0.         0.         0.         0.         0.         0.         0.         0.         0.         0.01441563 0.0146001  0.         0.01246474 0.         0.         0.        ],[1. 1. 0. 1. 1. 0. 0. 0. 1. 0. 0. 0. 1. 0. 0. 0. 0. 0. 0. 0. 0. 0. 0. 0. 1. 1. 0. 1. 0. 0. 0.],9.0,10000,30,0.6,10,1,9,,problem_solving
5900,0.03327791285079706,0.010123501529013344,0.4,-10.398456437009491,[0.01390744 0.01316127 0.         0.0107562  0.89389611 0.         0.         0.         0.01194942 0.         0.         0.         0.0148491  0.         0.         0.         0.         0.         0.         0.         0.         0.         0.         0.         0.01441563 0.0146001  0.         0.01246474 0.         0.         0.        ],[1. 1. 0. 1. 1. 0. 0. 0. 1. 0. 0. 0. 1. 0. 0. 0. 0. 0. 0. 0. 0. 0. 0. 0. 1. 1. 0. 1. 0. 0. 0.],9.0,10000,30,0.6,10,1,9,,problem_solving
6000,0.03327791285079706,0.010123501529013344,0.4,-9.834446448732608,[0.01390744 0.01316127 0.         0.0107562  0.89389611 0.         0.         0.         0.01194942 0.         0.         0.         0.0148491  0.         0.         0.         0.         0.         0.         0.         0.         0.         0.         0.         0.01441563 0.0146001  0.         0.01246474 0.         0.         0.        ],[1. 1. 0. 1. 1. 0. 0. 0. 1. 0. 0. 0. 1. 0. 0. 0. 0. 0. 0. 0. 0. 0. 0. 0. 1. 1. 0. 1. 0. 0. 0.],9.0,10000,30,0.6,10,1,9,,problem_solving
6100,0.03327791285079706,0.010123501529013344,0.4,-8.345755277337478,[0.01390744 0.01316127 0.         0.0107562  0.89389611 0.         0.         0.         0.01194942 0.         0.         0.         0.0148491  0.         0.         0.         0.         0.         0.         0.         0.         0.         0.         0.         0.01441563 0.0146001  0.         0.01246474 0.         0.         0.        ],[1. 1. 0. 1. 1. 0. 0. 0. 1. 0. 0. 0. 1. 0. 0. 0. 0. 0. 0. 0. 0. 0. 0. 0. 1. 1. 0. 1. 0. 0. 0.],9.0,10000,30,0.6,10,1,9,,problem_solving
6200,0.03327791285079706,0.010123501529013344,0.4,-0.8593609764143602,[0.01390744 0.01316127 0.         0.0107562  0.89389611 0.         0.         0.         0.01194942 0.         0.         0.         0.0148491  0.         0.         0.         0.         0.         0.         0.         0.         0.         0.         0.         0.01441563 0.0146001  0.         0.01246474 0.         0.         0.        ],[1. 1. 0. 1. 1. 0. 0. 0. 1. 0. 0. 0. 1. 0. 0. 0. 0. 0. 0. 0. 0. 0. 0. 0. 1. 1. 0. 1. 0. 0. 0.],9.0,10000,30,0.6,10,1,9,,problem_solving
6300,0.03327791285079706,0.010123501529013344,0.4,-0.42042327480782493,[0.01390744 0.01316127 0.         0.0107562  0.89389611 0.         0.         0.         0.01194942 0.         0.         0.         0.0148491  0.         0.         0.         0.         0.         0.         0.         0.         0.         0.         0.         0.01441563 0.0146001  0.         0.01246474 0.         0.         0.        ],[1. 1. 0. 1. 1. 0. 0. 0. 1. 0. 0. 0. 1. 0. 0. 0. 0. 0. 0. 0. 0. 0. 0. 0. 1. 1. 0. 1. 0. 0. 0.],9.0,10000,30,0.6,10,1,9,,problem_solving
6400,0.03327791285079706,0.010123501529013344,0.4,-8.739669220135744,[0.01390744 0.01316127 0.         0.0107562  0.89389611 0.         0.         0.         0.01194942 0.         0.         0.         0.0148491  0.         0.         0.         0.         0.         0.         0.         0.         0.         0.         0.         0.01441563 0.0146001  0.         0.01246474 0.         0.         0.        ],[1. 1. 0. 1. 1. 0. 0. 0. 1. 0. 0. 0. 1. 0. 0. 0. 0. 0. 0. 0. 0. 0. 0. 0. 1. 1. 0. 1. 0. 0. 0.],9.0,10000,30,0.6,10,1,9,,problem_solving
6500,0.03327791285079706,0.010123501529013344,0.4,8.94714552546518,[0.01390744 0.01316127 0.         0.0107562  0.89389611 0.         0.         0.         0.01194942 0.         0.         0.         0.0148491  0.         0.         0.         0.         0.         0.         0.         0.         0.         0.         0.         0.01441563 0.0146001  0.         0.01246474 0.         0.         0.        ],[1. 1. 0. 1. 1. 0. 0. 0. 1. 0. 0. 0. 1. 0. 0. 0. 0. 0. 0. 0. 0. 0. 0. 0. 1. 1. 0. 1. 0. 0. 0.],9.0,10000,30,0.6,10,1,9,,problem_solving
6600,0.03327791285079706,0.010123501529013344,0.4,-2.4618392364614503,[0.01390744 0.01316127 0.         0.0107562  0.89389611 0.         0.         0.         0.01194942 0.         0.         0.         0.0148491  0.         0.         0.         0.         0.         0.         0.         0.         0.         0.         0.         0.01441563 0.0146001  0.         0.01246474 0.         0.         0.        ],[1. 1. 0. 1. 1. 0. 0. 0. 1. 0. 0. 0. 1. 0. 0. 0. 0. 0. 0. 0. 0. 0. 0. 0. 1. 1. 0. 1. 0. 0. 0.],9.0,10000,30,0.6,10,1,9,,problem_solving
6700,0.03327791285079706,0.010123501529013344,0.4,11.939135923005555,[0.01390744 0.01316127 0.         0.0107562  0.89389611 0.         0.         0.         0.01194942 0.         0.         0.         0.0148491  0.         0.         0.         0.         0.         0.         0.         0.         0.         0.         0.         0.01441563 0.0146001  0.         0.01246474 0.         0.         0.        ],[1. 1. 0. 1. 1. 0. 0. 0. 1. 0. 0. 0. 1. 0. 0. 0. 0. 0. 0. 0. 0. 0. 0. 0. 1. 1. 0. 1. 0. 0. 0.],9.0,10000,30,0.6,10,1,9,,problem_solving
6800,0.03327791285079706,0.010123501529013344,0.4,-15.039433073464297,[0.01390744 0.01316127 0.         0.0107562  0.89389611 0.         0.         0.         0.01194942 0.         0.         0.         0.0148491  0.         0.         0.         0.         0.         0.         0.         0.         0.         0.         0.         0.01441563 0.0146001  0.         0.01246474 0.         0.         0.        ],[1. 1. 0. 1. 1. 0. 0. 0. 1. 0. 0. 0. 1. 0. 0. 0. 0. 0. 0. 0. 0. 0. 0. 0. 1. 1. 0. 1. 0. 0. 0.],9.0,10000,30,0.6,10,1,9,,problem_solving
6900,0.03327791285079706,0.010123501529013344,0.4,0.12308356267295005,[0.01390744 0.01316127 0.         0.0107562  0.89389611 0.         0.         0.         0.01194942 0.         0.         0.         0.0148491  0.         0.         0.         0.         0.         0.         0.         0.         0.         0.         0.         0.01441563 0.0146001  0.         0.01246474 0.         0.         0.        ],[1. 1. 0. 1. 1. 0. 0. 0. 1. 0. 0. 0. 1. 0. 0. 0. 0. 0. 0. 0. 0. 0. 0. 0. 1. 1. 0. 1. 0. 0. 0.],9.0,10000,30,0.6,10,1,9,,problem_solving
7000,0.03327791285079706,0.010123501529013344,0.4,-9.441193077890214,[0.01390744 0.01316127 0.         0.0107562  0.89389611 0.         0.         0.         0.01194942 0.         0.         0.         0.0148491  0.         0.         0.         0.         0.         0.         0.         0.         0.         0.         0.         0.01441563 0.0146001  0.         0.01246474 0.         0.         0.        ],[1. 1. 0. 1. 1. 0. 0. 0. 1. 0. 0. 0. 1. 0. 0. 0. 0. 0. 0. 0. 0. 0. 0. 0. 1. 1. 0. 1. 0. 0. 0.],9.0,10000,30,0.6,10,1,9,,problem_solving
7100,0.03327791285079706,0.010123501529013344,0.4,-3.4537119915373324,[0.01390744 0.01316127 0.         0.0107562  0.89389611 0.         0.         0.         0.01194942 0.         0.         0.         0.0148491  0.         0.         0.         0.         0.         0.         0.         0.         0.         0.         0.         0.01441563 0.0146001  0.         0.01246474 0.         0.         0.        ],[1. 1. 0. 1. 1. 0. 0. 0. 1. 0. 0. 0. 1. 0. 0. 0. 0. 0. 0. 0. 0. 0. 0. 0. 1. 1. 0. 1. 0. 0. 0.],9.0,10000,30,0.6,10,1,9,,problem_solving
7200,0.03327791285079706,0.010123501529013344,0.4,-0.7817719454334426,[0.01390744 0.01316127 0.         0.0107562  0.89389611 0.         0.         0.         0.01194942 0.         0.         0.         0.0148491  0.         0.         0.         0.         0.         0.         0.         0.         0.         0.         0.         0.01441563 0.0146001  0.         0.01246474 0.         0.         0.        ],[1. 1. 0. 1. 1. 0. 0. 0. 1. 0. 0. 0. 1. 0. 0. 0. 0. 0. 0. 0. 0. 0. 0. 0. 1. 1. 0. 1. 0. 0. 0.],9.0,10000,30,0.6,10,1,9,,problem_solving
7300,0.03327791285079706,0.010123501529013344,0.4,3.577581786692731,[0.01390744 0.01316127 0.         0.0107562  0.89389611 0.         0.         0.         0.01194942 0.         0.         0.         0.0148491  0.         0.         0.         0.         0.         0.         0.         0.         0.         0.         0.         0.01441563 0.0146001  0.         0.01246474 0.         0.         0.        ],[1. 1. 0. 1. 1. 0. 0. 0. 1. 0. 0. 0. 1. 0. 0. 0. 0. 0. 0. 0. 0. 0. 0. 0. 1. 1. 0. 1. 0. 0. 0.],9.0,10000,30,0.6,10,1,9,,problem_solving
7400,0.03327791285079706,0.010123501529013344,0.4,2.3620279361846723,[0.01390744 0.01316127 0.         0.0107562  0.89389611 0.         0.         0.         0.01194942 0.         0.         0.         0.0148491  0.         0.         0.         0.         0.         0.         0.         0.         0.         0.         0.         0.01441563 0.0146001  0.         0.01246474 0.         0.         0.        ],[1. 1. 0. 1. 1. 0. 0. 0. 1. 0. 0. 0. 1. 0. 0. 0. 0. 0. 0. 0. 0. 0. 0. 0. 1. 1. 0. 1. 0. 0. 0.],9.0,10000,30,0.6,10,1,9,,problem_solving
7500,0.03327791285079706,0.010123501529013344,0.4,4.472716814666043,[0.01390744 0.01316127 0.         0.0107562  0.89389611 0.         0.         0.         0.01194942 0.         0.         0.         0.0148491  0.         0.         0.         0.         0.         0.         0.         0.         0.         0.         0.         0.01441563 0.0146001  0.         0.01246474 0.         0.         0.        ],[1. 1. 0. 1. 1. 0. 0. 0. 1. 0. 0. 0. 1. 0. 0. 0. 0. 0. 0. 0. 0. 0. 0. 0. 1. 1. 0. 1. 0. 0. 0.],9.0,10000,30,0.6,10,1,9,,problem_solving
7600,0.03327791285079706,0.010123501529013344,0.4,25.821065985864866,[0.01390744 0.01316127 0.         0.0107562  0.89389611 0.         0.         0.         0.01194942 0.         0.         0.         0.0148491  0.         0.         0.         0.         0.         0.         0.         0.         0.         0.         0.         0.01441563 0.0146001  0.         0.01246474 0.         0.         0.        ],[1. 1. 0. 1. 1. 0. 0. 0. 1. 0. 0. 0. 1. 0. 0. 0. 0. 0. 0. 0. 0. 0. 0. 0. 1. 1. 0. 1. 0. 0. 0.],9.0,10000,30,0.6,10,1,9,,problem_solving
7700,0.03327791285079706,0.010123501529013344,0.4,8.699835053508234,[0.01390744 0.01316127 0.         0.0107562  0.89389611 0.         0.         0.         0.01194942 0.         0.         0.         0.0148491  0.         0.         0.         0.         0.         0.         0.         0.         0.         0.         0.         0.01441563 0.0146001  0.         0.01246474 0.         0.         0.        ],[1. 1. 0. 1. 1. 0. 0. 0. 1. 0. 0. 0. 1. 0. 0. 0. 0. 0. 0. 0. 0. 0. 0. 0. 1. 1. 0. 1. 0. 0. 0.],9.0,10000,30,0.6,10,1,9,,problem_solving
7800,0.032453722801788425,0.010000066241595664,0.4,-1.6185851522946104,[0.01913419 0.01717951 0.         0.         0.88113097 0.         0.         0.         0.01090758 0.         0.         0.         0.         0.         0.         0.         0.01085952 0.         0.         0.         0.         0.         0.         0.         0.         0.01295587 0.         0.01071632 0.02141825 0.         0.01569777],[1. 1. 0. 0. 1. 0. 0. 0. 1. 0. 0. 0. 0. 0. 0. 0. 1. 0. 0. 0. 0. 0. 0. 0. 0. 1. 0. 1. 1. 0. 1.],9.0,10000,30,0.6,10,1,9,,problem_solving
7900,0.032453722801788425,0.010000066241595664,0.4,-14.477627287236675,[0.01913419 0.01717951 0.         0.         0.88113097 0.         0.         0.         0.01090758 0.         0.         0.         0.         0.         0.         0.         0.01085952 0.         0.         0.         0.         0.         0.         0.         0.         0.01295587 0.         0.01071632 0.02141825 0.         0.01569777],[1. 1. 0. 0. 1. 0. 0. 0. 1. 0. 0. 0. 0. 0. 0. 0. 1. 0. 0. 0. 0. 0. 0. 0. 0. 1. 0. 1. 1. 0. 1.],9.0,10000,30,0.6,10,1,9,,problem_solving
8000,0.032453722801788425,0.010000066241595664,0.4,3.1958063226890534,[0.01913419 0.01717951 0.         0.         0.88113097 0.         0.         0.         0.01090758 0.         0.         0.         0.         0.         0.         0.         0.01085952 0.         0.         0.         0.         0.         0.         0.         0.         0.01295587 0.         0.01071632 0.02141825 0.         0.01569777],[1. 1. 0. 0. 1. 0. 0. 0. 1. 0. 0. 0. 0. 0. 0. 0. 1. 0. 0. 0. 0. 0. 0. 0. 0. 1. 0. 1. 1. 0. 1.],9.0,10000,30,0.6,10,1,9,,problem_solving
8100,0.032453722801788425,0.010000066241595664,0.4,-10.872529988366518,[0.01913419 0.01717951 0.         0.         0.88113097 0.         0.         0.         0.01090758 0.         0.         0.         0.         0.         0.         0.         0.01085952 0.         0.         0.         0.         0.         0.         0.         0.         0.01295587 0.         0.01071632 0.02141825 0.         0.01569777],[1. 1. 0. 0. 1. 0. 0. 0. 1. 0. 0. 0. 0. 0. 0. 0. 1. 0. 0. 0. 0. 0. 0. 0. 0. 1. 0. 1. 1. 0. 1.],9.0,10000,30,0.6,10,1,9,,problem_solving
8200,0.032453722801788425,0.010000066241595664,0.4,-3.365958609788642,[0.01913419 0.01717951 0.         0.         0.88113097 0.         0.         0.         0.01090758 0.         0.         0.         0.         0.         0.         0.         0.01085952 0.         0.         0.         0.         0.         0.         0.         0.         0.01295587 0.         0.01071632 0.02141825 0.         0.01569777],[1. 1. 0. 0. 1. 0. 0. 0. 1. 0. 0. 0. 0. 0. 0. 0. 1. 0. 0. 0. 0. 0. 0. 0. 0. 1. 0. 1. 1. 0. 1.],9.0,10000,30,0.6,10,1,9,,problem_solving
8300,0.032453722801788425,0.010000066241595664,0.4,-4.938032249874277,[0.01913419 0.01717951 0.         0.         0.88113097 0.         0.         0.         0.01090758 0.         0.         0.         0.         0.         0.         0.         0.01085952 0.         0.         0.         0.         0.         0.         0.         0.         0.01295587 0.         0.01071632 0.02141825 0.         0.01569777],[1. 1. 0. 0. 1. 0. 0. 0. 1. 0. 0. 0. 0. 0. 0. 0. 1. 0. 0. 0. 0. 0. 0. 0. 0. 1. 0. 1. 1. 0. 1.],9.0,10000,30,0.6,10,1,9,,problem_solving
8400,0.032453722801788425,0.010000066241595664,0.4,-13.15385908602366,[0.01913419 0.01717951 0.         0.         0.88113097 0.         0.         0.         0.01090758 0.         0.         0.         0.         0.         0.         0.         0.01085952 0.         0.         0.         0.         0.         0.         0.         0.         0.01295587 0.         0.01071632 0.02141825 0.         0.01569777],[1. 1. 0. 0. 1. 0. 0. 0. 1. 0. 0. 0. 0. 0. 0. 0. 1. 0. 0. 0. 0. 0. 0. 0. 0. 1. 0. 1. 1. 0. 1.],9.0,10000,30,0.6,10,1,9,,problem_solving
8500,0.032453722801788425,0.010000066241595664,0.4,-2.7873041818661277,[0.01913419 0.01717951 0.         0.         0.88113097 0.         0.         0.         0.01090758 0.         0.         0.         0.         0.         0.         0.         0.01085952 0.         0.         0.         0.         0.         0.         0.         0.         0.01295587 0.         0.01071632 0.02141825 0.         0.01569777],[1. 1. 0. 0. 1. 0. 0. 0. 1. 0. 0. 0. 0. 0. 0. 0. 1. 0. 0. 0. 0. 0. 0. 0. 0. 1. 0. 1. 1. 0. 1.],9.0,10000,30,0.6,10,1,9,,problem_solving
8600,0.032453722801788425,0.010000066241595664,0.4,-17.023066957613054,[0.01913419 0.01717951 0.         0.         0.88113097 0.         0.         0.         0.01090758 0.         0.         0.         0.         0.         0.         0.         0.01085952 0.         0.         0.         0.         0.         0.         0.         0.         0.01295587 0.         0.01071632 0.02141825 0.         0.01569777],[1. 1. 0. 0. 1. 0. 0. 0. 1. 0. 0. 0. 0. 0. 0. 0. 1. 0. 0. 0. 0. 0. 0. 0. 0. 1. 0. 1. 1. 0. 1.],9.0,10000,30,0.6,10,1,9,,problem_solving
8700,0.032453722801788425,0.010000066241595664,0.4,1.2641730282497334,[0.01913419 0.01717951 0.         0.         0.88113097 0.         0.         0.         0.01090758 0.         0.         0.         0.         0.         0.         0.         0.01085952 0.         0.         0.         0.         0.         0.         0.         0.         0.01295587 0.         0.01071632 0.02141825 0.         0.01569777],[1. 1. 0. 0. 1. 0. 0. 0. 1. 0. 0. 0. 0. 0. 0. 0. 1. 0. 0. 0. 0. 0. 0. 0. 0. 1. 0. 1. 1. 0. 1.],9.0,10000,30,0.6,10,1,9,,problem_solving
8800,0.032453722801788425,0.010000066241595664,0.4,-5.985622786113872,[0.01913419 0.01717951 0.         0.         0.88113097 0.         0.         0.         0.01090758 0.         0.         0.         0.         0.         0.         0.         0.01085952 0.         0.         0.         0.         0.         0.         0.         0.         0.01295587 0.         0.01071632 0.02141825 0.         0.01569777],[1. 1. 0. 0. 1. 0. 0. 0. 1. 0. 0. 0. 0. 0. 0. 0. 1. 0. 0. 0. 0. 0. 0. 0. 0. 1. 0. 1. 1. 0. 1.],9.0,10000,30,0.6,10,1,9,,problem_solving
8900,0.032453722801788425,0.010000066241595664,0.4,-11.297200350574021,[0.01913419 0.01717951 0.         0.         0.88113097 0.         0.         0.         0.01090758 0.         0.         0.         0.         0.         0.         0.         0.01085952 0.         0.         0.         0.         0.         0.         0.         0.         0.01295587 0.         0.01071632 0.02141825 0.         0.01569777],[1. 1. 0. 0. 1. 0. 0. 0. 1. 0. 0. 0. 0. 0. 0. 0. 1. 0. 0. 0. 0. 0. 0. 0. 0. 1. 0. 1. 1. 0. 1.],9.0,10000,30,0.6,10,1,9,,problem_solving
9000,0.032453722801788425,0.010000066241595664,0.4,8.202813674536744,[0.01913419 0.01717951 0.         0.         0.88113097 0.         0.         0.         0.01090758 0.         0.         0.         0.         0.         0.         0.         0.01085952 0.         0.         0.         0.         0.         0.         0.         0.         0.01295587 0.         0.01071632 0.02141825 0.         0.01569777],[1. 1. 0. 0. 1. 0. 0. 0. 1. 0. 0. 0. 0. 0. 0. 0. 1. 0. 0. 0. 0. 0. 0. 0. 0. 1. 0. 1. 1. 0. 1.],9.0,10000,30,0.6,10,1,9,,problem_solving
9100,0.032453722801788425,0.010000066241595664,0.4,2.1096361794754235,[0.01913419 0.01717951 0.         0.         0.88113097 0.         0.         0.         0.01090758 0.         0.         0.         0.         0.         0.         0.         0.01085952 0.         0.         0.         0.         0.         0.         0.         0.         0.01295587 0.         0.01071632 0.02141825 0.         0.01569777],[1. 1. 0. 0. 1. 0. 0. 0. 1. 0. 0. 0. 0. 0. 0. 0. 1. 0. 0. 0. 0. 0. 0. 0. 0. 1. 0. 1. 1. 0. 1.],9.0,10000,30,0.6,10,1,9,,problem_solving
9200,0.032453722801788425,0.010000066241595664,0.4,-17.16940260752686,[0.01913419 0.01717951 0.         0.         0.88113097 0.         0.         0.         0.01090758 0.         0.         0.         0.         0.         0.         0.         0.01085952 0.         0.         0.         0.         0.         0.         0.         0.         0.01295587 0.         0.01071632 0.02141825 0.         0.01569777],[1. 1. 0. 0. 1. 0. 0. 0. 1. 0. 0. 0. 0. 0. 0. 0. 1. 0. 0. 0. 0. 0. 0. 0. 0. 1. 0. 1. 1. 0. 1.],9.0,10000,30,0.6,10,1,9,,problem_solving
9300,0.032453722801788425,0.010000066241595664,0.4,1.6468479605233388,[0.01913419 0.01717951 0.         0.         0.88113097 0.         0.         0.         0.01090758 0.         0.         0.         0.         0.         0.         0.         0.01085952 0.         0.         0.         0.         0.         0.         0.         0.         0.01295587 0.         0.01071632 0.02141825 0.         0.01569777],[1. 1. 0. 0. 1. 0. 0. 0. 1. 0. 0. 0. 0. 0. 0. 0. 1. 0. 0. 0. 0. 0. 0. 0. 0. 1. 0. 1. 1. 0. 1.],9.0,10000,30,0.6,10,1,9,,problem_solving
9400,0.032453722801788425,0.010000066241595664,0.4,23.713948313197694,[0.01913419 0.01717951 0.         0.         0.88113097 0.         0.         0.         0.01090758 0.         0.         0.         0.         0.         0.         0.         0.01085952 0.         0.         0.         0.         0.         0.         0.         0.         0.01295587 0.         0.01071632 0.02141825 0.         0.01569777],[1. 1. 0. 0. 1. 0. 0. 0. 1. 0. 0. 0. 0. 0. 0. 0. 1. 0. 0. 0. 0. 0. 0. 0. 0. 1. 0. 1. 1. 0. 1.],9.0,10000,30,0.6,10,1,9,,problem_solving
9500,0.032453722801788425,0.010000066241595664,0.4,7.884660900878747,[0.01913419 0.01717951 0.         0.         0.88113097 0.         0.         0.         0.01090758 0.         0.         0.         0.         0.         0.         0.         0.01085952 0.         0.         0.         0.         0.         0.         0.         0.         0.01295587 0.         0.01071632 0.02141825 0.         0.01569777],[1. 1. 0. 0. 1. 0. 0. 0. 1. 0. 0. 0. 0. 0. 0. 0. 1. 0. 0. 0. 0. 0. 0. 0. 0. 1. 0. 1. 1. 0. 1.],9.0,10000,30,0.6,10,1,9,,problem_solving
9600,0.032453722801788425,0.010000066241595664,0.4,-9.785284730079152,[0.01913419 0.01717951 0.         0.         0.88113097 0.         0.         0.         0.01090758 0.         0.         0.         0.         0.         0.         0.         0.01085952 0.         0.         0.         0.         0.         0.         0.         0.         0.01295587 0.         0.01071632 0.02141825 0.         0.01569777],[1. 1. 0. 0. 1. 0. 0. 0. 1. 0. 0. 0. 0. 0. 0. 0. 1. 0. 0. 0. 0. 0. 0. 0. 0. 1. 0. 1. 1. 0. 1.],9.0,10000,30,0.6,10,1,9,,problem_solving
9700,0.032453722801788425,0.010000066241595664,0.4,18.19860370968728,[0.01913419 0.01717951 0.         0.         0.88113097 0.         0.         0.         0.01090758 0.         0.         0.         0.         0.         0.         0.         0.01085952 0.         0.         0.         0.         0.         0.         0.         0.         0.01295587 0.         0.01071632 0.02141825 0.         0.01569777],[1. 1. 0. 0. 1. 0. 0. 0. 1. 0. 0. 0. 0. 0. 0. 0. 1. 0. 0. 0. 0. 0. 0. 0. 0. 1. 0. 1. 1. 0. 1.],9.0,10000,30,0.6,10,1,9,,problem_solving
9800,0.032453722801788425,0.010000066241595664,0.4,-7.244503739872066,[0.01913419 0.01717951 0.         0.         0.88113097 0.         0.         0.         0.01090758 0.         0.         0.         0.         0.         0.         0.         0.01085952 0.         0.         0.         0.         0.         0.         0.         0.         0.01295587 0.         0.01071632 0.02141825 0.         0.01569777],[1. 1. 0. 0. 1. 0. 0. 0. 1. 0. 0. 0. 0. 0. 0. 0. 1. 0. 0. 0. 0. 0. 0. 0. 0. 1. 0. 1. 1. 0. 1.],9.0,10000,30,0.6,10,1,9,,problem_solving
9900,0.032453722801788425,0.010000066241595664,0.4,8.62810755856515,[0.01913419 0.01717951 0.         0.         0.88113097 0.         0.         0.         0.01090758 0.         0.         0.         0.         0.         0.         0.         0.01085952 0.         0.         0.         0.         0.         0.         0.         0.         0.01295587 0.         0.01071632 0.02141825 0.         0.01569777],[1. 1. 0. 0. 1. 0. 0. 0. 1. 0. 0. 0. 0. 0. 0. 0. 1. 0. 0. 0. 0. 0. 0. 0. 0. 1. 0. 1. 1. 0. 1.],9.0,10000,30,0.6,10,1,9,,problem_solving
9999,0.032453722801788425,0.010000066241595664,0.4,6.506049499013159,[0.01913419 0.01717951 0.         0.         0.88113097 0.         0.         0.         0.01090758 0.         0.         0.         0.         0.         0.         0.         0.01085952 0.         0.         0.         0.         0.         0.         0.         0.         0.01295587 0.         0.01071632 0.02141825 0.         0.01569777],[1. 1. 0. 0. 1. 0. 0. 0. 1. 0. 0. 0. 0. 0. 0. 0. 1. 0. 0. 0. 0. 0. 0. 0. 0. 1. 0. 1. 1. 0. 1.],9.0,10000,30,0.6,10,1,9,,problem_solving
