iter,cost,return,par,move,X,Z,Q,max_iter,mem_size,mem_consider,sigma,port_n,k,seed,tag
1,0.049010995899861874,0.00421068439600459,0.4,14.091516014352427,[0.         0.         0.01705912 0.         0.         0.         0.         0.02189371 0.         0.         0.         0.         0.         0.         0.01983142 0.         0.01708575 0.         0.         0.         0.         0.         0.0107165  0.         0.01489718 0.89851631 0.         0.         0.         0.         0.        ],[0. 0. 1. 0. 0. 0. 0. 1. 0. 0. 0. 0. 0. 0. 1. 0. 1. 0. 0. 0. 0. 0. 1. 0. 1. 1. 0. 0. 0. 0. 0.],7.0,10000,30,0.6,10,1,7,,problem_solving
100,0.03842895522116217,0.0026061662340033822,0.4,-1.8238053100984708,[0.         0.         0.         0.         0.         0.         0.         0.01317272 0.         0.01061405 0.         0.         0.         0.         0.         0.01998668 0.01865606 0.         0.         0.         0.         0.         0.         0.01575434 0.         0.90246977 0.         0.         0.         0.01934638 0.        ],[0. 0. 0. 0. 0. 0. 0. 1. 0. 1. 0. 0. 0. 0. 0. 1. 1. 0. 0. 0. 0. 0. 0. 1. 0. 1. 0. 0. 0. 1. 0.],7.0,10000,30,0.6,10,1,7,,problem_solving
200,0.03608993460816643,0.010097831208722638,0.4,-3.0474799064716143,[0.         0.         0.01914639 0.01309603 0.         0.         0.01331679 0.         0.02386658 0.         0.         0.         0.         0.         0.         0.         0.         0.         0.         0.         0.01838277 0.         0.         0.01074474 0.         0.9014467  0.         0.         0.         0.         0.        ],[0. 0. 1. 1. 0. 0. 1. 0. 1. 0. 0. 0. 0. 0. 0. 0. 0. 0. 0. 0. 1. 0. 0. 1. 0. 1. 0. 0. 0. 0. 0.],7.0,10000,30,0.6,10,1,7,,problem_solving
300,0.03608993460816643,0.010097831208722638,0.4,1.9917192216067332,[0.         0.         0.01914639 0.01309603 0.         0.         0.01331679 0.         0.02386658 0.         0.         0.         0.         0.         0.         0.         0.         0.         0.         0.         0.01838277 0.         0.         0.01074474 0.         0.9014467  0.         0.         0.         0.         0.        ],[0. 0. 1. 1. 0. 0. 1. 0. 1. 0. 0. 0. 0. 0. 0. 0. 0. 0. 0. 0. 1. 0. 0. 1. 0. 1. 0. 0. 0. 0. 0.],7.0,10000,30,0.6,10,1,7,,problem_solving
400,0.03608993460816643,0.010097831208722638,0.4,-0.6731083707449543,[0.         0.         0.01914639 0.01309603 0.         0.         0.01331679 0.         0.02386658 0.         0.         0.         0.         0.         0.         0.         0.         0.         0.         0.         0.01838277 0.         0.         0.01074474 0.         0.9014467  0.         0.         0.         0.         0.        ],[0. 0. 1. 1. 0. 0. 1. 0. 1. 0. 0. 0. 0. 0. 0. 0. 0. 0. 0. 0. 1. 0. 0. 1. 0. 1. 0. 0. 0. 0. 0.],7.0,10000,30,0.6,10,1,7,,problem_solving
500,0.03608993460816643,0.010097831208722638,0.4,-0.4097886331209213,[0.         0.         0.01914639 0.01309603 0.         0.         0.01331679 0.         0.02386658 0.         0.         0.         0.         0.         0.         0.         0.         0.         0.         0.         0.01838277 0.         0.         0.01074474 0.         0.9014467  0.         0.         0.         0.         0.        ],[0. 0. 1. 1. 0. 0. 1. 0. 1. 0. 0. 0. 0. 0. 0. 0. 0. 0. 0. 0. 1. 0. 0. 1. 0. 1. 0. 0. 0. 0. 0.],7.0,10000,30,0.6,10,1,7,,problem_solving
600,0.03163130130661113,0.00512191568638326,0.4,8.802010838094814,[0.         0.         0.01774546 0.         0.01133851 0.         0.         0.         0.01564049 0.         0.03254271 0.         0.         0.         0.         0.         0.         0.         0.03164437 0.         0.         0.         0.         0.         0.         0.88014979 0.         0.01093866 0.         0.         0.        ],[0. 0. 1. 0. 1. 0. 0. 0. 1. 0. 1. 0. 0. 0. 0. 0. 0. 0. 1. 0. 0. 0. 0. 0. 0. 1. 0. 1. 0. 0. 0.],7.0,10000,30,0.6,10,1,7,,problem_solving
700,0.03163130130661113,0.00512191568638326,0.4,-4.369914874842188,[0.         0.         0.01774546 0.         0.01133851 0.         0.         0.         0.01564049 0.         0.03254271 0.         0.         0.         0.         0.         0.         0.         0.03164437 0.         0.         0.         0.         0.         0.         0.88014979 0.         0.01093866 0.         0.         0.        ],[0. 0. 1. 0. 1. 0. 0. 0. 1. 0. 1. 0. 0. 0. 0. 0. 0. 0. 1. 0. 0. 0. 0. 0. 0. 1. 0. 1. 0. 0. 0.],7.0,10000,30,0.6,10,1,7,,problem_solving
800,0.03163130130661113,0.00512191568638326,0.4,0.2367868425083068,[0.         0.         0.01774546 0.         0.01133851 0.         0.         0.         0.01564049 0.         0.03254271 0.         0.         0.         0.         0.         0.         0.         0.03164437 0.         0.         0.         0.         0.         0.         0.88014979 0.         0.01093866 0.         0.         0.        ],[0. 0. 1. 0. 1. 0. 0. 0. 1. 0. 1. 0. 0. 0. 0. 0. 0. 0. 1. 0. 0. 0. 0. 0. 0. 1. 0. 1. 0. 0. 0.],7.0,10000,30,0.6,10,1,7,,problem_solving
900,0.03163130130661113,0.00512191568638326,0.4,1.865415164044724,[0.         0.         0.01774546 0.         0.01133851 0.         0.         0.         0.01564049 0.         0.03254271 0.         0.         0.         0.         0.         0.         0.         0.03164437 0.         0.         0.         0.         0.         0.         0.88014979 0.         0.01093866 0.         0.         0.        ],[0. 0. 1. 0. 1. 0. 0. 0. 1. 0. 1. 0. 0. 0. 0. 0. 0. 0. 1. 0. 0. 0. 0. 0. 0. 1. 0. 1. 0. 0. 0.],7.0,10000,30,0.6,10,1,7,,problem_solving
1000,0.03163130130661113,0.00512191568638326,0.4,13.150244023024236,[0.         0.         0.01774546 0.         0.01133851 0.         0.         0.         0.01564049 0.         0.03254271 0.         0.         0.         0.         0.         0.         0.         0.03164437 0.         0.         0.         0.         0.         0.         0.88014979 0.         0.01093866 0.         0.         0.        ],[0. 0. 1. 0. 1. 0. 0. 0. 1. 0. 1. 0. 0. 0. 0. 0. 0. 0. 1. 0. 0. 0. 0. 0. 0. 1. 0. 1. 0. 0. 0.],7.0,10000,30,0.6,10,1,7,,problem_solving
1100,0.03163130130661113,0.00512191568638326,0.4,-9.044905936694176,[0.         0.         0.01774546 0.         0.01133851 0.         0.         0.         0.01564049 0.         0.03254271 0.         0.         0.         0.         0.         0.         0.         0.03164437 0.         0.         0.         0.         0.         0.         0.88014979 0.         0.01093866 0.         0.         0.        ],[0. 0. 1. 0. 1. 0. 0. 0. 1. 0. 1. 0. 0. 0. 0. 0. 0. 0. 1. 0. 0. 0. 0. 0. 0. 1. 0. 1. 0. 0. 0.],7.0,10000,30,0.6,10,1,7,,problem_solving
1200,0.030835326573151634,0.004615539630567733,0.4,-6.6769900450535244,[0.         0.01377117 0.         0.01847043 0.         0.         0.         0.         0.01855953 0.         0.         0.01551312 0.         0.         0.01900235 0.         0.         0.         0.         0.         0.         0.         0.         0.         0.         0.90411586 0.         0.         0.         0.         0.01056752],[0. 1. 0. 1. 0. 0. 0. 0. 1. 0. 0. 1. 0. 0. 1. 0. 0. 0. 0. 0. 0. 0. 0. 0. 0. 1. 0. 0. 0. 0. 1.],7.0,10000,30,0.6,10,1,7,,problem_solving
1300,0.030835326573151634,0.004615539630567733,0.4,2.7537413345161275,[0.         0.01377117 0.         0.01847043 0.         0.         0.         0.         0.01855953 0.         0.         0.01551312 0.         0.         0.01900235 0.         0.         0.         0.         0.         0.         0.         0.         0.         0.         0.90411586 0.         0.         0.         0.         0.01056752],[0. 1. 0. 1. 0. 0. 0. 0. 1. 0. 0. 1. 0. 0. 1. 0. 0. 0. 0. 0. 0. 0. 0. 0. 0. 1. 0. 0. 0. 0. 1.],7.0,10000,30,0.6,10,1,7,,problem_solving
1400,0.030835326573151634,0.004615539630567733,0.4,-1.6701414330453357,[0.         0.01377117 0.         0.01847043 0.         0.         0.         0.         0.01855953 0.         0.         0.01551312 0.         0.         0.01900235 0.         0.         0.         0.         0.         0.         0.         0.         0.         0.         0.90411586 0.         0.         0.         0.         0.01056752],[0. 1. 0. 1. 0. 0. 0. 0. 1. 0. 0. 1. 0. 0. 1. 0. 0. 0. 0. 0. 0. 0. 0. 0. 0. 1. 0. 0. 0. 0. 1.],7.0,10000,30,0.6,10,1,7,,problem_solving
1500,0.030835326573151634,0.004615539630567733,0.4,10.637268782349036,[0.         0.01377117 0.         0.01847043 0.         0.         0.         0.         0.01855953 0.         0.         0.01551312 0.         0.         0.01900235 0.         0.         0.         0.         0.         0.         0.         0.         0.         0.         0.90411586 0.         0.         0.         0.         0.01056752],[0. 1. 0. 1. 0. 0. 0. 0. 1. 0. 0. 1. 0. 0. 1. 0. 0. 0. 0. 0. 0. 0. 0. 0. 0. 1. 0. 0. 0. 0. 1.],7.0,10000,30,0.6,10,1,7,,problem_solving
1600,0.030835326573151634,0.004615539630567733,0.4,-8.347804682089366,[0.         0.01377117 0.         0.01847043 0.         0.         0.         0.         0.01855953 0.         0.         0.01551312 0.         0.         0.01900235 0.         0.         0.         0.         0.         0.         0.         0.         0.         0.         0.90411586 0.         0.         0.         0.         0.01056752],[0. 1. 0. 1. 0. 0. 0. 0. 1. 0. 0. 1. 0. 0. 1. 0. 0. 0. 0. 0. 0. 0. 0. 0. 0. 1. 0. 0. 0. 0. 1.],7.0,10000,30,0.6,10,1,7,,problem_solving
1700,0.029428907601552725,0.010201323146820904,0.4,-24.569025962372073,[0.         0.         0.01865633 0.         0.         0.         0.01445719 0.         0.         0.         0.         0.01050054 0.         0.         0.         0.         0.01680833 0.         0.0136378  0.         0.         0.         0.         0.         0.         0.91189312 0.         0.0140467  0.         0.         0.        ],[0. 0. 1. 0. 0. 0. 1. 0. 0. 0. 0. 1. 0. 0. 0. 0. 1. 0. 1. 0. 0. 0. 0. 0. 0. 1. 0. 1. 0. 0. 0.],7.0,10000,30,0.6,10,1,7,,problem_solving
1800,0.022384253785291377,0.010174905381052545,0.4,-12.49590850388305,[0.         0.         0.         0.         0.9094395  0.         0.         0.         0.         0.         0.01637953 0.         0.         0.         0.         0.         0.         0.         0.         0.01512092 0.         0.01613116 0.         0.01112499 0.         0.01583979 0.         0.         0.         0.         0.01596412],[0. 0. 0. 0. 1. 0. 0. 0. 0. 0. 1. 0. 0. 0. 0. 0. 0. 0. 0. 1. 0. 1. 0. 1. 0. 1. 0. 0. 0. 0. 1.],7.0,10000,30,0.6,10,1,7,,problem_solving
1900,0.022384253785291377,0.010174905381052545,0.4,-1.2523414230698402,[0.         0.         0.         0.         0.9094395  0.         0.         0.         0.         0.         0.01637953 0.         0.         0.         0.         0.         0.         0.         0.         0.01512092 0.         0.01613116 0.         0.01112499 0.         0.01583979 0.         0.         0.         0.         0.01596412],[0. 0. 0. 0. 1. 0. 0. 0. 0. 0. 1. 0. 0. 0. 0. 0. 0. 0. 0. 1. 0. 1. 0. 1. 0. 1. 0. 0. 0. 0. 1.],7.0,10000,30,0.6,10,1,7,,problem_solving
2000,0.022384253785291377,0.010174905381052545,0.4,-6.445778768682197,[0.         0.         0.         0.         0.9094395  0.         0.         0.         0.         0.         0.01637953 0.         0.         0.         0.         0.         0.         0.         0.         0.01512092 0.         0.01613116 0.         0.01112499 0.         0.01583979 0.         0.         0.         0.         0.01596412],[0. 0. 0. 0. 1. 0. 0. 0. 0. 0. 1. 0. 0. 0. 0. 0. 0. 0. 0. 1. 0. 1. 0. 1. 0. 1. 0. 0. 0. 0. 1.],7.0,10000,30,0.6,10,1,7,,problem_solving
2100,0.022384253785291377,0.010174905381052545,0.4,3.751880085714906,[0.         0.         0.         0.         0.9094395  0.         0.         0.         0.         0.         0.01637953 0.         0.         0.         0.         0.         0.         0.         0.         0.01512092 0.         0.01613116 0.         0.01112499 0.         0.01583979 0.         0.         0.         0.         0.01596412],[0. 0. 0. 0. 1. 0. 0. 0. 0. 0. 1. 0. 0. 0. 0. 0. 0. 0. 0. 1. 0. 1. 0. 1. 0. 1. 0. 0. 0. 0. 1.],7.0,10000,30,0.6,10,1,7,,problem_solving
2200,0.021968520670347075,0.004802571175590567,0.4,-6.962079443938572,[0.         0.01773568 0.         0.         0.01051038 0.         0.         0.         0.01600017 0.         0.         0.         0.         0.         0.01125789 0.         0.         0.         0.         0.         0.01785323 0.01156919 0.         0.         0.         0.91507346 0.         0.         0.         0.         0.        ],[0. 1. 0. 0. 1. 0. 0. 0. 1. 0. 0. 0. 0. 0. 1. 0. 0. 0. 0. 0. 1. 1. 0. 0. 0. 1. 0. 0. 0. 0. 0.],7.0,10000,30,0.6,10,1,7,,problem_solving
2300,0.021968520670347075,0.004802571175590567,0.4,12.242062612559515,[0.         0.01773568 0.         0.         0.01051038 0.         0.         0.         0.01600017 0.         0.         0.         0.         0.         0.01125789 0.         0.         0.         0.         0.         0.01785323 0.01156919 0.         0.         0.         0.91507346 0.         0.         0.         0.         0.        ],[0. 1. 0. 0. 1. 0. 0. 0. 1. 0. 0. 0. 0. 0. 1. 0. 0. 0. 0. 0. 1. 1. 0. 0. 0. 1. 0. 0. 0. 0. 0.],7.0,10000,30,0.6,10,1,7,,problem_solving
2400,0.021968520670347075,0.004802571175590567,0.4,3.935025562268728,[0.         0.01773568 0.         0.         0.01051038 0.         0.         0.         0.01600017 0.         0.         0.         0.         0.         0.01125789 0.         0.         0.         0.         0.         0.01785323 0.01156919 0.         0.         0.         0.91507346 0.         0.         0.         0.         0.        ],[0. 1. 0. 0. 1. 0. 0. 0. 1. 0. 0. 0. 0. 0. 1. 0. 0. 0. 0. 0. 1. 1. 0. 0. 0. 1. 0. 0. 0. 0. 0.],7.0,10000,30,0.6,10,1,7,,problem_solving
2500,0.021968520670347075,0.004802571175590567,0.4,3.4138541608606703,[0.         0.01773568 0.         0.         0.01051038 0.         0.         0.         0.01600017 0.         0.         0.         0.         0.         0.01125789 0.         0.         0.         0.         0.         0.01785323 0.01156919 0.         0.         0.         0.91507346 0.         0.         0.         0.         0.        ],[0. 1. 0. 0. 1. 0. 0. 0. 1. 0. 0. 0. 0. 0. 1. 0. 0. 0. 0. 0. 1. 1. 0. 0. 0. 1. 0. 0. 0. 0. 0.],7.0,10000,30,0.6,10,1,7,,problem_solving
2600,0.021968520670347075,0.004802571175590567,0.4,-18.66069026430125,[0.         0.01773568 0.         0.         0.01051038 0.         0.         0.         0.01600017 0.         0.         0.         0.         0.         0.01125789 0.         0.         0.         0.         0.         0.01785323 0.01156919 0.         0.         0.         0.91507346 0.         0.         0.         0.         0.        ],[0. 1. 0. 0. 1. 0. 0. 0. 1. 0. 0. 0. 0. 0. 1. 0. 0. 0. 0. 0. 1. 1. 0. 0. 0. 1. 0. 0. 0. 0. 0.],7.0,10000,30,0.6,10,1,7,,problem_solving
2700,0.021968520670347075,0.004802571175590567,0.4,-4.13370268149249,[0.         0.01773568 0.         0.         0.01051038 0.         0.         0.         0.01600017 0.         0.         0.         0.         0.         0.01125789 0.         0.         0.         0.         0.         0.01785323 0.01156919 0.         0.         0.         0.91507346 0.         0.         0.         0.         0.        ],[0. 1. 0. 0. 1. 0. 0. 0. 1. 0. 0. 0. 0. 0. 1. 0. 0. 0. 0. 0. 1. 1. 0. 0. 0. 1. 0. 0. 0. 0. 0.],7.0,10000,30,0.6,10,1,7,,problem_solving
2800,0.021968520670347075,0.004802571175590567,0.4,-9.174317522518969,[0.         0.01773568 0.         0.         0.01051038 0.         0.         0.         0.01600017 0.         0.         0.         0.         0.         0.01125789 0.         0.         0.         0.         0.         0.01785323 0.01156919 0.         0.         0.         0.91507346 0.         0.         0.         0.         0.        ],[0. 1. 0. 0. 1. 0. 0. 0. 1. 0. 0. 0. 0. 0. 1. 0. 0. 0. 0. 0. 1. 1. 0. 0. 0. 1. 0. 0. 0. 0. 0.],7.0,10000,30,0.6,10,1,7,,problem_solving
2900,0.021968520670347075,0.004802571175590567,0.4,11.59659026111487,[0.         0.01773568 0.         0.         0.01051038 0.         0.         0.         0.01600017 0.         0.         0.         0.         0.         0.01125789 0.         0.         0.         0.         0.         0.01785323 0.01156919 0.         0.         0.         0.91507346 0.         0.         0.         0.         0.        ],[0. 1. 0. 0. 1. 0. 0. 0. 1. 0. 0. 0. 0. 0. 1. 0. 0. 0. 0. 0. 1. 1. 0. 0. 0. 1. 0. 0. 0. 0. 0.],7.0,10000,30,0.6,10,1,7,,problem_solving
3000,0.021968520670347075,0.004802571175590567,0.4,17.907188943906874,[0.         0.01773568 0.         0.         0.01051038 0.         0.         0.         0.01600017 0.         0.         0.         0.         0.         0.01125789 0.         0.         0.         0.         0.         0.01785323 0.01156919 0.         0.         0.         0.91507346 0.         0.         0.         0.         0.        ],[0. 1. 0. 0. 1. 0. 0. 0. 1. 0. 0. 0. 0. 0. 1. 0. 0. 0. 0. 0. 1. 1. 0. 0. 0. 1. 0. 0. 0. 0. 0.],7.0,10000,30,0.6,10,1,7,,problem_solving
3100,0.021968520670347075,0.004802571175590567,0.4,12.232642662702158,[0.         0.01773568 0.         0.         0.01051038 0.         0.         0.         0.01600017 0.         0.         0.         0.         0.         0.01125789 0.         0.         0.         0.         0.         0.01785323 0.01156919 0.         0.         0.         0.91507346 0.         0.         0.         0.         0.        ],[0. 1. 0. 0. 1. 0. 0. 0. 1. 0. 0. 0. 0. 0. 1. 0. 0. 0. 0. 0. 1. 1. 0. 0. 0. 1. 0. 0. 0. 0. 0.],7.0,10000,30,0.6,10,1,7,,problem_solving
3200,0.021968520670347075,0.004802571175590567,0.4,13.55706880462963,[0.         0.01773568 0.         0.         0.01051038 0.         0.         0.         0.01600017 0.         0.         0.         0.         0.         0.01125789 0.         0.         0.         0.         0.         0.01785323 0.01156919 0.         0.         0.         0.91507346 0.         0.         0.         0.         0.        ],[0. 1. 0. 0. 1. 0. 0. 0. 1. 0. 0. 0. 0. 0. 1. 0. 0. 0. 0. 0. 1. 1. 0. 0. 0. 1. 0. 0. 0. 0. 0.],7.0,10000,30,0.6,10,1,7,,problem_solving
3300,0.021968520670347075,0.004802571175590567,0.4,-19.97523189020916,[0.         0.01773568 0.         0.         0.01051038 0.         0.         0.         0.01600017 0.         0.         0.         0.         0.         0.01125789 0.         0.         0.         0.         0.         0.01785323 0.01156919 0.         0.         0.         0.91507346 0.         0.         0.         0.         0.        ],[0. 1. 0. 0. 1. 0. 0. 0. 1. 0. 0. 0. 0. 0. 1. 0. 0. 0. 0. 0. 1. 1. 0. 0. 0. 1. 0. 0. 0. 0. 0.],7.0,10000,30,0.6,10,1,7,,problem_solving
3400,0.021968520670347075,0.004802571175590567,0.4,19.797635379598432,[0.         0.01773568 0.         0.         0.01051038 0.         0.         0.         0.01600017 0.         0.         0.         0.         0.         0.01125789 0.         0.         0.         0.         0.         0.01785323 0.01156919 0.         0.         0.         0.91507346 0.         0.         0.         0.         0.        ],[0. 1. 0. 0. 1. 0. 0. 0. 1. 0. 0. 0. 0. 0. 1. 0. 0. 0. 0. 0. 1. 1. 0. 0. 0. 1. 0. 0. 0. 0. 0.],7.0,10000,30,0.6,10,1,7,,problem_solving
3500,0.021968520670347075,0.004802571175590567,0.4,2.3705705940585315,[0.         0.01773568 0.         0.         0.01051038 0.         0.         0.         0.01600017 0.         0.         0.         0.         0.         0.01125789 0.         0.         0.         0.         0.         0.01785323 0.01156919 0.         0.         0.         0.91507346 0.         0.         0.         0.         0.        ],[0. 1. 0. 0. 1. 0. 0. 0. 1. 0. 0. 0. 0. 0. 1. 0. 0. 0. 0. 0. 1. 1. 0. 0. 0. 1. 0. 0. 0. 0. 0.],7.0,10000,30,0.6,10,1,7,,problem_solving
3600,0.021968520670347075,0.004802571175590567,0.4,0.6563438709274687,[0.         0.01773568 0.         0.         0.01051038 0.         0.         0.         0.01600017 0.         0.         0.         0.         0.         0.01125789 0.         0.         0.         0.         0.         0.01785323 0.01156919 0.         0.         0.         0.91507346 0.         0.         0.         0.         0.        ],[0. 1. 0. 0. 1. 0. 0. 0. 1. 0. 0. 0. 0. 0. 1. 0. 0. 0. 0. 0. 1. 1. 0. 0. 0. 1. 0. 0. 0. 0. 0.],7.0,10000,30,0.6,10,1,7,,problem_solving
3700,0.021968520670347075,0.004802571175590567,0.4,-2.4772434874970197,[0.         0.01773568 0.         0.         0.01051038 0.         0.         0.         0.01600017 0.         0.         0.         0.         0.         0.01125789 0.         0.         0.         0.         0.         0.01785323 0.01156919 0.         0.         0.         0.91507346 0.         0.         0.         0.         0.        ],[0. 1. 0. 0. 1. 0. 0. 0. 1. 0. 0. 0. 0. 0. 1. 0. 0. 0. 0. 0. 1. 1. 0. 0. 0. 1. 0. 0. 0. 0. 0.],7.0,10000,30,0.6,10,1,7,,problem_solving
3800,0.021968520670347075,0.004802571175590567,0.4,-16.338320588391827,[0.         0.01773568 0.         0.         0.01051038 0.         0.         0.         0.01600017 0.         0.         0.         0.         0.         0.01125789 0.         0.         0.         0.         0.         0.01785323 0.01156919 0.         0.         0.         0.91507346 0.         0.         0.         0.         0.        ],[0. 1. 0. 0. 1. 0. 0. 0. 1. 0. 0. 0. 0. 0. 1. 0. 0. 0. 0. 0. 1. 1. 0. 0. 0. 1. 0. 0. 0. 0. 0.],7.0,10000,30,0.6,10,1,7,,problem_solving
3900,0.021968520670347075,0.004802571175590567,0.4,8.395506182619528,[0.         0.01773568 0.         0.         0.01051038 0.         0.         0.         0.01600017 0.         0.         0.         0.         0.         0.01125789 0.         0.         0.         0.         0.         0.01785323 0.01156919 0.         0.         0.         0.91507346 0.         0.         0.         0.         0.        ],[0. 1. 0. 0. 1. 0. 0. 0. 1. 0. 0. 0. 0. 0. 1. 0. 0. 0. 0. 0. 1. 1. 0. 0. 0. 1. 0. 0. 0. 0. 0.],7.0,10000,30,0.6,10,1,7,,problem_solving
4000,0.021968520670347075,0.004802571175590567,0.4,-4.700617768425178,[0.         0.01773568 0.         0.         0.01051038 0.         0.         0.         0.01600017 0.         0.         0.         0.         0.         0.01125789 0.         0.         0.         0.         0.         0.01785323 0.01156919 0.         0.         0.         0.91507346 0.         0.         0.         0.         0.        ],[0. 1. 0. 0. 1. 0. 0. 0. 1. 0. 0. 0. 0. 0. 1. 0. 0. 0. 0. 0. 1. 1. 0. 0. 0. 1. 0. 0. 0. 0. 0.],7.0,10000,30,0.6,10,1,7,,problem_solving
4100,0.021968520670347075,0.004802571175590567,0.4,-4.958578244877742,[0.         0.01773568 0.         0.         0.01051038 0.         0.         0.         0.01600017 0.         0.         0.         0.         0.         0.01125789 0.         0.         0.         0.         0.         0.01785323 0.01156919 0.         0.         0.         0.91507346 0.         0.         0.         0.         0.        ],[0. 1. 0. 0. 1. 0. 0. 0. 1. 0. 0. 0. 0. 0. 1. 0. 0. 0. 0. 0. 1. 1. 0. 0. 0. 1. 0. 0. 0. 0. 0.],7.0,10000,30,0.6,10,1,7,,problem_solving
4200,0.021968520670347075,0.004802571175590567,0.4,4.886747502166761,[0.         0.01773568 0.         0.         0.01051038 0.         0.         0.         0.01600017 0.         0.         0.         0.         0.         0.01125789 0.         0.         0.         0.         0.         0.01785323 0.01156919 0.         0.         0.         0.91507346 0.         0.         0.         0.         0.        ],[0. 1. 0. 0. 1. 0. 0. 0. 1. 0. 0. 0. 0. 0. 1. 0. 0. 0. 0. 0. 1. 1. 0. 0. 0. 1. 0. 0. 0. 0. 0.],7.0,10000,30,0.6,10,1,7,,problem_solving
4300,0.021968520670347075,0.004802571175590567,0.4,10.839043172806686,[0.         0.01773568 0.         0.         0.01051038 0.         0.         0.         0.01600017 0.         0.         0.         0.         0.         0.01125789 0.         0.         0.         0.         0.         0.01785323 0.01156919 0.         0.         0.         0.91507346 0.         0.         0.         0.         0.        ],[0. 1. 0. 0. 1. 0. 0. 0. 1. 0. 0. 0. 0. 0. 1. 0. 0. 0. 0. 0. 1. 1. 0. 0. 0. 1. 0. 0. 0. 0. 0.],7.0,10000,30,0.6,10,1,7,,problem_solving
4400,0.021968520670347075,0.004802571175590567,0.4,0.30681208695580503,[0.         0.01773568 0.         0.         0.01051038 0.         0.         0.         0.01600017 0.         0.         0.         0.         0.         0.01125789 0.         0.         0.         0.         0.         0.01785323 0.01156919 0.         0.         0.         0.91507346 0.         0.         0.         0.         0.        ],[0. 1. 0. 0. 1. 0. 0. 0. 1. 0. 0. 0. 0. 0. 1. 0. 0. 0. 0. 0. 1. 1. 0. 0. 0. 1. 0. 0. 0. 0. 0.],7.0,10000,30,0.6,10,1,7,,problem_solving
4500,0.021968520670347075,0.004802571175590567,0.4,-9.963258517223816,[0.         0.01773568 0.         0.         0.01051038 0.         0.         0.         0.01600017 0.         0.         0.         0.         0.         0.01125789 0.         0.         0.         0.         0.         0.01785323 0.01156919 0.         0.         0.         0.91507346 0.         0.         0.         0.         0.        ],[0. 1. 0. 0. 1. 0. 0. 0. 1. 0. 0. 0. 0. 0. 1. 0. 0. 0. 0. 0. 1. 1. 0. 0. 0. 1. 0. 0. 0. 0. 0.],7.0,10000,30,0.6,10,1,7,,problem_solving
4600,0.021968520670347075,0.004802571175590567,0.4,1.0732171263995818,[0.         0.01773568 0.         0.         0.01051038 0.         0.         0.         0.01600017 0.         0.         0.         0.         0.         0.01125789 0.         0.         0.         0.         0.         0.01785323 0.01156919 0.         0.         0.         0.91507346 0.         0.         0.         0.         0.        ],[0. 1. 0. 0. 1. 0. 0. 0. 1. 0. 0. 0. 0. 0. 1. 0. 0. 0. 0. 0. 1. 1. 0. 0. 0. 1. 0. 0. 0. 0. 0.],7.0,10000,30,0.6,10,1,7,,problem_solving
4700,0.021968520670347075,0.004802571175590567,0.4,14.989658588417944,[0.         0.01773568 0.         0.         0.01051038 0.         0.         0.         0.01600017 0.         0.         0.         0.         0.         0.01125789 0.         0.         0.         0.         0.         0.01785323 0.01156919 0.         0.         0.         0.91507346 0.         0.         0.         0.         0.        ],[0. 1. 0. 0. 1. 0. 0. 0. 1. 0. 0. 0. 0. 0. 1. 0. 0. 0. 0. 0. 1. 1. 0. 0. 0. 1. 0. 0. 0. 0. 0.],7.0,10000,30,0.6,10,1,7,,problem_solving
4800,0.021968520670347075,0.004802571175590567,0.4,20.33715781709347,[0.         0.01773568 0.         0.         0.01051038 0.         0.         0.         0.01600017 0.         0.         0.         0.         0.         0.01125789 0.         0.         0.         0.         0.         0.01785323 0.01156919 0.         0.         0.         0.91507346 0.         0.         0.         0.         0.        ],[0. 1. 0. 0. 1. 0. 0. 0. 1. 0. 0. 0. 0. 0. 1. 0. 0. 0. 0. 0. 1. 1. 0. 0. 0. 1. 0. 0. 0. 0. 0.],7.0,10000,30,0.6,10,1,7,,problem_solving
4900,0.021968520670347075,0.004802571175590567,0.4,-1.7903058772837812,[0.         0.01773568 0.         0.         0.01051038 0.         0.         0.         0.01600017 0.         0.         0.         0.         0.         0.01125789 0.         0.         0.         0.         0.         0.01785323 0.01156919 0.         0.         0.         0.91507346 0.         0.         0.         0.         0.        ],[0. 1. 0. 0. 1. 0. 0. 0. 1. 0. 0. 0. 0. 0. 1. 0. 0. 0. 0. 0. 1. 1. 0. 0. 0. 1. 0. 0. 0. 0. 0.],7.0,10000,30,0.6,10,1,7,,problem_solving
5000,0.021968520670347075,0.004802571175590567,0.4,-22.498169415825128,[0.         0.01773568 0.         0.         0.01051038 0.         0.         0.         0.01600017 0.         0.         0.         0.         0.         0.01125789 0.         0.         0.         0.         0.         0.01785323 0.01156919 0.         0.         0.         0.91507346 0.         0.         0.         0.         0.        ],[0. 1. 0. 0. 1. 0. 0. 0. 1. 0. 0. 0. 0. 0. 1. 0. 0. 0. 0. 0. 1. 1. 0. 0. 0. 1. 0. 0. 0. 0. 0.],7.0,10000,30,0.6,10,1,7,,problem_solving
5100,0.021968520670347075,0.004802571175590567,0.4,-10.314390745708778,[0.         0.01773568 0.         0.         0.01051038 0.         0.         0.         0.01600017 0.         0.         0.         0.         0.         0.01125789 0.         0.         0.         0.         0.         0.01785323 0.01156919 0.         0.         0.         0.91507346 0.         0.         0.         0.         0.        ],[0. 1. 0. 0. 1. 0. 0. 0. 1. 0. 0. 0. 0. 0. 1. 0. 0. 0. 0. 0. 1. 1. 0. 0. 0. 1. 0. 0. 0. 0. 0.],7.0,10000,30,0.6,10,1,7,,problem_solving
5200,0.021968520670347075,0.004802571175590567,0.4,-1.0045967856010143,[0.         0.01773568 0.         0.         0.01051038 0.         0.         0.         0.01600017 0.         0.         0.         0.         0.         0.01125789 0.         0.         0.         0.         0.         0.01785323 0.01156919 0.         0.         0.         0.91507346 0.         0.         0.         0.         0.        ],[0. 1. 0. 0. 1. 0. 0. 0. 1. 0. 0. 0. 0. 0. 1. 0. 0. 0. 0. 0. 1. 1. 0. 0. 0. 1. 0. 0. 0. 0. 0.],7.0,10000,30,0.6,10,1,7,,problem_solving
5300,0.021968520670347075,0.004802571175590567,0.4,2.767706556753613,[0.         0.01773568 0.         0.         0.01051038 0.         0.         0.         0.01600017 0.         0.         0.         0.         0.         0.01125789 0.         0.         0.         0.         0.         0.01785323 0.01156919 0.         0.         0.         0.91507346 0.         0.         0.         0.         0.        ],[0. 1. 0. 0. 1. 0. 0. 0. 1. 0. 0. 0. 0. 0. 1. 0. 0. 0. 0. 0. 1. 1. 0. 0. 0. 1. 0. 0. 0. 0. 0.],7.0,10000,30,0.6,10,1,7,,problem_solving
5400,0.021968520670347075,0.004802571175590567,0.4,-4.951689595282546,[0.         0.01773568 0.         0.         0.01051038 0.         0.         0.         0.01600017 0.         0.         0.         0.         0.         0.01125789 0.         0.         0.         0.         0.         0.01785323 0.01156919 0.         0.         0.         0.91507346 0.         0.         0.         0.         0.        ],[0. 1. 0. 0. 1. 0. 0. 0. 1. 0. 0. 0. 0. 0. 1. 0. 0. 0. 0. 0. 1. 1. 0. 0. 0. 1. 0. 0. 0. 0. 0.],7.0,10000,30,0.6,10,1,7,,problem_solving
5500,0.021968520670347075,0.004802571175590567,0.4,-3.214086646198818,[0.         0.01773568 0.         0.         0.01051038 0.         0.         0.         0.01600017 0.         0.         0.         0.         0.         0.01125789 0.         0.         0.         0.         0.         0.01785323 0.01156919 0.         0.         0.         0.91507346 0.         0.         0.         0.         0.        ],[0. 1. 0. 0. 1. 0. 0. 0. 1. 0. 0. 0. 0. 0. 1. 0. 0. 0. 0. 0. 1. 1. 0. 0. 0. 1. 0. 0. 0. 0. 0.],7.0,10000,30,0.6,10,1,7,,problem_solving
5600,0.021968520670347075,0.004802571175590567,0.4,1.2215377110508474,[0.         0.01773568 0.         0.         0.01051038 0.         0.         0.         0.01600017 0.         0.         0.         0.         0.         0.01125789 0.         0.         0.         0.         0.         0.01785323 0.01156919 0.         0.         0.         0.91507346 0.         0.         0.         0.         0.        ],[0. 1. 0. 0. 1. 0. 0. 0. 1. 0. 0. 0. 0. 0. 1. 0. 0. 0. 0. 0. 1. 1. 0. 0. 0. 1. 0. 0. 0. 0. 0.],7.0,10000,30,0.6,10,1,7,,problem_solving
5700,0.021968520670347075,0.004802571175590567,0.4,-1.5960014163882186,[0.         0.01773568 0.         0.         0.01051038 0.         0.         0.         0.01600017 0.         0.         0.         0.         0.         0.01125789 0.         0.         0.         0.         0.         0.01785323 0.01156919 0.         0.         0.         0.91507346 0.         0.         0.         0.         0.        ],[0. 1. 0. 0. 1. 0. 0. 0. 1. 0. 0. 0. 0. 0. 1. 0. 0. 0. 0. 0. 1. 1. 0. 0. 0. 1. 0. 0. 0. 0. 0.],7.0,10000,30,0.6,10,1,7,,problem_solving
5800,0.021968520670347075,0.004802571175590567,0.4,12.9301687974707,[0.         0.01773568 0.         0.         0.01051038 0.         0.         0.         0.01600017 0.         0.         0.         0.         0.         0.01125789 0.         0.         0.         0.         0.         0.01785323 0.01156919 0.         0.         0.         0.91507346 0.         0.         0.         0.         0.        ],[0. 1. 0. 0. 1. 0. 0. 0. 1. 0. 0. 0. 0. 0. 1. 0. 0. 0. 0. 0. 1. 1. 0. 0. 0. 1. 0. 0. 0. 0. 0.],7.0,10000,30,0.6,10,1,7,,problem_solving
5900,0.021968520670347075,0.004802571175590567,0.4,-0.12131440976545552,[0.         0.01773568 0.         0.         0.01051038 0.         0.         0.         0.01600017 0.         0.         0.         0.         0.         0.01125789 0.         0.         0.         0.         0.         0.01785323 0.01156919 0.         0.         0.         0.91507346 0.         0.         0.         0.         0.        ],[0. 1. 0. 0. 1. 0. 0. 0. 1. 0. 0. 0. 0. 0. 1. 0. 0. 0. 0. 0. 1. 1. 0. 0. 0. 1. 0. 0. 0. 0. 0.],7.0,10000,30,0.6,10,1,7,,problem_solving
6000,0.021968520670347075,0.004802571175590567,0.4,5.149854226446152,[0.         0.01773568 0.         0.         0.01051038 0.         0.         0.         0.01600017 0.         0.         0.         0.         0.         0.01125789 0.         0.         0.         0.         0.         0.01785323 0.01156919 0.         0.         0.         0.91507346 0.         0.         0.         0.         0.        ],[0. 1. 0. 0. 1. 0. 0. 0. 1. 0. 0. 0. 0. 0. 1. 0. 0. 0. 0. 0. 1. 1. 0. 0. 0. 1. 0. 0. 0. 0. 0.],7.0,10000,30,0.6,10,1,7,,problem_solving
6100,0.021968520670347075,0.004802571175590567,0.4,-1.9561156886539741,[0.         0.01773568 0.         0.         0.01051038 0.         0.         0.         0.01600017 0.         0.         0.         0.         0.         0.01125789 0.         0.         0.         0.         0.         0.01785323 0.01156919 0.         0.         0.         0.91507346 0.         0.         0.         0.         0.        ],[0. 1. 0. 0. 1. 0. 0. 0. 1. 0. 0. 0. 0. 0. 1. 0. 0. 0. 0. 0. 1. 1. 0. 0. 0. 1. 0. 0. 0. 0. 0.],7.0,10000,30,0.6,10,1,7,,problem_solving
6200,0.021968520670347075,0.004802571175590567,0.4,-11.790348058089702,[0.         0.01773568 0.         0.         0.01051038 0.         0.         0.         0.01600017 0.         0.         0.         0.         0.         0.01125789 0.         0.         0.         0.         0.         0.01785323 0.01156919 0.         0.         0.         0.91507346 0.         0.         0.         0.         0.        ],[0. 1. 0. 0. 1. 0. 0. 0. 1. 0. 0. 0. 0. 0. 1. 0. 0. 0. 0. 0. 1. 1. 0. 0. 0. 1. 0. 0. 0. 0. 0.],7.0,10000,30,0.6,10,1,7,,problem_solving
6300,0.021968520670347075,0.004802571175590567,0.4,2.2418495785721637,[0.         0.01773568 0.         0.         0.01051038 0.         0.         0.         0.01600017 0.         0.         0.         0.         0.         0.01125789 0.         0.         0.         0.         0.         0.01785323 0.01156919 0.         0.         0.         0.91507346 0.         0.         0.         0.         0.        ],[0. 1. 0. 0. 1. 0. 0. 0. 1. 0. 0. 0. 0. 0. 1. 0. 0. 0. 0. 0. 1. 1. 0. 0. 0. 1. 0. 0. 0. 0. 0.],7.0,10000,30,0.6,10,1,7,,problem_solving
6400,0.021968520670347075,0.004802571175590567,0.4,-2.6362355606572625,[0.         0.01773568 0.         0.         0.01051038 0.         0.         0.         0.01600017 0.         0.         0.         0.         0.         0.01125789 0.         0.         0.         0.         0.         0.01785323 0.01156919 0.         0.         0.         0.91507346 0.         0.         0.         0.         0.        ],[0. 1. 0. 0. 1. 0. 0. 0. 1. 0. 0. 0. 0. 0. 1. 0. 0. 0. 0. 0. 1. 1. 0. 0. 0. 1. 0. 0. 0. 0. 0.],7.0,10000,30,0.6,10,1,7,,problem_solving
6500,0.021968520670347075,0.004802571175590567,0.4,11.054073198697875,[0.         0.01773568 0.         0.         0.01051038 0.         0.         0.         0.01600017 0.         0.         0.         0.         0.         0.01125789 0.         0.         0.         0.         0.         0.01785323 0.01156919 0.         0.         0.         0.91507346 0.         0.         0.         0.         0.        ],[0. 1. 0. 0. 1. 0. 0. 0. 1. 0. 0. 0. 0. 0. 1. 0. 0. 0. 0. 0. 1. 1. 0. 0. 0. 1. 0. 0. 0. 0. 0.],7.0,10000,30,0.6,10,1,7,,problem_solving
6600,0.021968520670347075,0.004802571175590567,0.4,-3.780742322465074,[0.         0.01773568 0.         0.         0.01051038 0.         0.         0.         0.01600017 0.         0.         0.         0.         0.         0.01125789 0.         0.         0.         0.         0.         0.01785323 0.01156919 0.         0.         0.         0.91507346 0.         0.         0.         0.         0.        ],[0. 1. 0. 0. 1. 0. 0. 0. 1. 0. 0. 0. 0. 0. 1. 0. 0. 0. 0. 0. 1. 1. 0. 0. 0. 1. 0. 0. 0. 0. 0.],7.0,10000,30,0.6,10,1,7,,problem_solving
6700,0.021968520670347075,0.004802571175590567,0.4,4.538122857957348,[0.         0.01773568 0.         0.         0.01051038 0.         0.         0.         0.01600017 0.         0.         0.         0.         0.         0.01125789 0.         0.         0.         0.         0.         0.01785323 0.01156919 0.         0.         0.         0.91507346 0.         0.         0.         0.         0.        ],[0. 1. 0. 0. 1. 0. 0. 0. 1. 0. 0. 0. 0. 0. 1. 0. 0. 0. 0. 0. 1. 1. 0. 0. 0. 1. 0. 0. 0. 0. 0.],7.0,10000,30,0.6,10,1,7,,problem_solving
6800,0.021968520670347075,0.004802571175590567,0.4,2.006701047012645,[0.         0.01773568 0.         0.         0.01051038 0.         0.         0.         0.01600017 0.         0.         0.         0.         0.         0.01125789 0.         0.         0.         0.         0.         0.01785323 0.01156919 0.         0.         0.         0.91507346 0.         0.         0.         0.         0.        ],[0. 1. 0. 0. 1. 0. 0. 0. 1. 0. 0. 0. 0. 0. 1. 0. 0. 0. 0. 0. 1. 1. 0. 0. 0. 1. 0. 0. 0. 0. 0.],7.0,10000,30,0.6,10,1,7,,problem_solving
6900,0.021968520670347075,0.004802571175590567,0.4,-0.9455075892108488,[0.         0.01773568 0.         0.         0.01051038 0.         0.         0.         0.01600017 0.         0.         0.         0.         0.         0.01125789 0.         0.         0.         0.         0.         0.01785323 0.01156919 0.         0.         0.         0.91507346 0.         0.         0.         0.         0.        ],[0. 1. 0. 0. 1. 0. 0. 0. 1. 0. 0. 0. 0. 0. 1. 0. 0. 0. 0. 0. 1. 1. 0. 0. 0. 1. 0. 0. 0. 0. 0.],7.0,10000,30,0.6,10,1,7,,problem_solving
7000,0.021968520670347075,0.004802571175590567,0.4,8.821056655458886,[0.         0.01773568 0.         0.         0.01051038 0.         0.         0.         0.01600017 0.         0.         0.         0.         0.         0.01125789 0.         0.         0.         0.         0.         0.01785323 0.01156919 0.         0.         0.         0.91507346 0.         0.         0.         0.         0.        ],[0. 1. 0. 0. 1. 0. 0. 0. 1. 0. 0. 0. 0. 0. 1. 0. 0. 0. 0. 0. 1. 1. 0. 0. 0. 1. 0. 0. 0. 0. 0.],7.0,10000,30,0.6,10,1,7,,problem_solving
7100,0.021968520670347075,0.004802571175590567,0.4,5.9436356797028,[0.         0.01773568 0.         0.         0.01051038 0.         0.         0.         0.01600017 0.         0.         0.         0.         0.         0.01125789 0.         0.         0.         0.         0.         0.01785323 0.01156919 0.         0.         0.         0.91507346 0.         0.         0.         0.         0.        ],[0. 1. 0. 0. 1. 0. 0. 0. 1. 0. 0. 0. 0. 0. 1. 0. 0. 0. 0. 0. 1. 1. 0. 0. 0. 1. 0. 0. 0. 0. 0.],7.0,10000,30,0.6,10,1,7,,problem_solving
7200,0.021968520670347075,0.004802571175590567,0.4,-3.793920283661196,[0.         0.01773568 0.         0.         0.01051038 0.         0.         0.         0.01600017 0.         0.         0.         0.         0.         0.01125789 0.         0.         0.         0.         0.         0.01785323 0.01156919 0.         0.         0.         0.91507346 0.         0.         0.         0.         0.        ],[0. 1. 0. 0. 1. 0. 0. 0. 1. 0. 0. 0. 0. 0. 1. 0. 0. 0. 0. 0. 1. 1. 0. 0. 0. 1. 0. 0. 0. 0. 0.],7.0,10000,30,0.6,10,1,7,,problem_solving
7300,0.021968520670347075,0.004802571175590567,0.4,2.3391840260800425,[0.         0.01773568 0.         0.         0.01051038 0.         0.         0.         0.01600017 0.         0.         0.         0.         0.         0.01125789 0.         0.         0.         0.         0.         0.01785323 0.01156919 0.         0.         0.         0.91507346 0.         0.         0.         0.         0.        ],[0. 1. 0. 0. 1. 0. 0. 0. 1. 0. 0. 0. 0. 0. 1. 0. 0. 0. 0. 0. 1. 1. 0. 0. 0. 1. 0. 0. 0. 0. 0.],7.0,10000,30,0.6,10,1,7,,problem_solving
7400,0.021968520670347075,0.004802571175590567,0.4,8.071940792468462,[0.         0.01773568 0.         0.         0.01051038 0.         0.         0.         0.01600017 0.         0.         0.         0.         0.         0.01125789 0.         0.         0.         0.         0.         0.01785323 0.01156919 0.         0.         0.         0.91507346 0.         0.         0.         0.         0.        ],[0. 1. 0. 0. 1. 0. 0. 0. 1. 0. 0. 0. 0. 0. 1. 0. 0. 0. 0. 0. 1. 1. 0. 0. 0. 1. 0. 0. 0. 0. 0.],7.0,10000,30,0.6,10,1,7,,problem_solving
7500,0.021968520670347075,0.004802571175590567,0.4,-4.2520535248164695,[0.         0.01773568 0.         0.         0.01051038 0.         0.         0.         0.01600017 0.         0.         0.         0.         0.         0.01125789 0.         0.         0.         0.         0.         0.01785323 0.01156919 0.         0.         0.         0.91507346 0.         0.         0.         0.         0.        ],[0. 1. 0. 0. 1. 0. 0. 0. 1. 0. 0. 0. 0. 0. 1. 0. 0. 0. 0. 0. 1. 1. 0. 0. 0. 1. 0. 0. 0. 0. 0.],7.0,10000,30,0.6,10,1,7,,problem_solving
7600,0.021968520670347075,0.004802571175590567,0.4,-9.141078644694826,[0.         0.01773568 0.         0.         0.01051038 0.         0.         0.         0.01600017 0.         0.         0.         0.         0.         0.01125789 0.         0.         0.         0.         0.         0.01785323 0.01156919 0.         0.         0.         0.91507346 0.         0.         0.         0.         0.        ],[0. 1. 0. 0. 1. 0. 0. 0. 1. 0. 0. 0. 0. 0. 1. 0. 0. 0. 0. 0. 1. 1. 0. 0. 0. 1. 0. 0. 0. 0. 0.],7.0,10000,30,0.6,10,1,7,,problem_solving
7700,0.021968520670347075,0.004802571175590567,0.4,6.631889781526969,[0.         0.01773568 0.         0.         0.01051038 0.         0.         0.         0.01600017 0.         0.         0.         0.         0.         0.01125789 0.         0.         0.         0.         0.         0.01785323 0.01156919 0.         0.         0.         0.91507346 0.         0.         0.         0.         0.        ],[0. 1. 0. 0. 1. 0. 0. 0. 1. 0. 0. 0. 0. 0. 1. 0. 0. 0. 0. 0. 1. 1. 0. 0. 0. 1. 0. 0. 0. 0. 0.],7.0,10000,30,0.6,10,1,7,,problem_solving
7800,0.021968520670347075,0.004802571175590567,0.4,0.9068088831140018,[0.         0.01773568 0.         0.         0.01051038 0.         0.         0.         0.01600017 0.         0.         0.         0.         0.         0.01125789 0.         0.         0.         0.         0.         0.01785323 0.01156919 0.         0.         0.         0.91507346 0.         0.         0.         0.         0.        ],[0. 1. 0. 0. 1. 0. 0. 0. 1. 0. 0. 0. 0. 0. 1. 0. 0. 0. 0. 0. 1. 1. 0. 0. 0. 1. 0. 0. 0. 0. 0.],7.0,10000,30,0.6,10,1,7,,problem_solving
7900,0.021968520670347075,0.004802571175590567,0.4,4.21841413662561,[0.         0.01773568 0.         0.         0.01051038 0.         0.         0.         0.01600017 0.         0.         0.         0.         0.         0.01125789 0.         0.         0.         0.         0.         0.01785323 0.01156919 0.         0.         0.         0.91507346 0.         0.         0.         0.         0.        ],[0. 1. 0. 0. 1. 0. 0. 0. 1. 0. 0. 0. 0. 0. 1. 0. 0. 0. 0. 0. 1. 1. 0. 0. 0. 1. 0. 0. 0. 0. 0.],7.0,10000,30,0.6,10,1,7,,problem_solving
8000,0.021968520670347075,0.004802571175590567,0.4,-25.19356009423721,[0.         0.01773568 0.         0.         0.01051038 0.         0.         0.         0.01600017 0.         0.         0.         0.         0.         0.01125789 0.         0.         0.         0.         0.         0.01785323 0.01156919 0.         0.         0.         0.91507346 0.         0.         0.         0.         0.        ],[0. 1. 0. 0. 1. 0. 0. 0. 1. 0. 0. 0. 0. 0. 1. 0. 0. 0. 0. 0. 1. 1. 0. 0. 0. 1. 0. 0. 0. 0. 0.],7.0,10000,30,0.6,10,1,7,,problem_solving
8100,0.021968520670347075,0.004802571175590567,0.4,17.27775160040245,[0.         0.01773568 0.         0.         0.01051038 0.         0.         0.         0.01600017 0.         0.         0.         0.         0.         0.01125789 0.         0.         0.         0.         0.         0.01785323 0.01156919 0.         0.         0.         0.91507346 0.         0.         0.         0.         0.        ],[0. 1. 0. 0. 1. 0. 0. 0. 1. 0. 0. 0. 0. 0. 1. 0. 0. 0. 0. 0. 1. 1. 0. 0. 0. 1. 0. 0. 0. 0. 0.],7.0,10000,30,0.6,10,1,7,,problem_solving
8200,0.021968520670347075,0.004802571175590567,0.4,-11.889021139676823,[0.         0.01773568 0.         0.         0.01051038 0.         0.         0.         0.01600017 0.         0.         0.         0.         0.         0.01125789 0.         0.         0.         0.         0.         0.01785323 0.01156919 0.         0.         0.         0.91507346 0.         0.         0.         0.         0.        ],[0. 1. 0. 0. 1. 0. 0. 0. 1. 0. 0. 0. 0. 0. 1. 0. 0. 0. 0. 0. 1. 1. 0. 0. 0. 1. 0. 0. 0. 0. 0.],7.0,10000,30,0.6,10,1,7,,problem_solving
8300,0.021968520670347075,0.004802571175590567,0.4,2.3081648439447253,[0.         0.01773568 0.         0.         0.01051038 0.         0.         0.         0.01600017 0.         0.         0.         0.         0.         0.01125789 0.         0.         0.         0.         0.         0.01785323 0.01156919 0.         0.         0.         0.91507346 0.         0.         0.         0.         0.        ],[0. 1. 0. 0. 1. 0. 0. 0. 1. 0. 0. 0. 0. 0. 1. 0. 0. 0. 0. 0. 1. 1. 0. 0. 0. 1. 0. 0. 0. 0. 0.],7.0,10000,30,0.6,10,1,7,,problem_solving
8400,0.021968520670347075,0.004802571175590567,0.4,-0.03239562380646356,[0.         0.01773568 0.         0.         0.01051038 0.         0.         0.         0.01600017 0.         0.         0.         0.         0.         0.01125789 0.         0.         0.         0.         0.         0.01785323 0.01156919 0.         0.         0.         0.91507346 0.         0.         0.         0.         0.        ],[0. 1. 0. 0. 1. 0. 0. 0. 1. 0. 0. 0. 0. 0. 1. 0. 0. 0. 0. 0. 1. 1. 0. 0. 0. 1. 0. 0. 0. 0. 0.],7.0,10000,30,0.6,10,1,7,,problem_solving
8500,0.021968520670347075,0.004802571175590567,0.4,-2.7621044061157547,[0.         0.01773568 0.         0.         0.01051038 0.         0.         0.         0.01600017 0.         0.         0.         0.         0.         0.01125789 0.         0.         0.         0.         0.         0.01785323 0.01156919 0.         0.         0.         0.91507346 0.         0.         0.         0.         0.        ],[0. 1. 0. 0. 1. 0. 0. 0. 1. 0. 0. 0. 0. 0. 1. 0. 0. 0. 0. 0. 1. 1. 0. 0. 0. 1. 0. 0. 0. 0. 0.],7.0,10000,30,0.6,10,1,7,,problem_solving
8600,0.021968520670347075,0.004802571175590567,0.4,-5.06177956688855,[0.         0.01773568 0.         0.         0.01051038 0.         0.         0.         0.01600017 0.         0.         0.         0.         0.         0.01125789 0.         0.         0.         0.         0.         0.01785323 0.01156919 0.         0.         0.         0.91507346 0.         0.         0.         0.         0.        ],[0. 1. 0. 0. 1. 0. 0. 0. 1. 0. 0. 0. 0. 0. 1. 0. 0. 0. 0. 0. 1. 1. 0. 0. 0. 1. 0. 0. 0. 0. 0.],7.0,10000,30,0.6,10,1,7,,problem_solving
8700,0.021968520670347075,0.004802571175590567,0.4,-11.638620099581615,[0.         0.01773568 0.         0.         0.01051038 0.         0.         0.         0.01600017 0.         0.         0.         0.         0.         0.01125789 0.         0.         0.         0.         0.         0.01785323 0.01156919 0.         0.         0.         0.91507346 0.         0.         0.         0.         0.        ],[0. 1. 0. 0. 1. 0. 0. 0. 1. 0. 0. 0. 0. 0. 1. 0. 0. 0. 0. 0. 1. 1. 0. 0. 0. 1. 0. 0. 0. 0. 0.],7.0,10000,30,0.6,10,1,7,,problem_solving
8800,0.021968520670347075,0.004802571175590567,0.4,8.16075550352515,[0.         0.01773568 0.         0.         0.01051038 0.         0.         0.         0.01600017 0.         0.         0.         0.         0.         0.01125789 0.         0.         0.         0.         0.         0.01785323 0.01156919 0.         0.         0.         0.91507346 0.         0.         0.         0.         0.        ],[0. 1. 0. 0. 1. 0. 0. 0. 1. 0. 0. 0. 0. 0. 1. 0. 0. 0. 0. 0. 1. 1. 0. 0. 0. 1. 0. 0. 0. 0. 0.],7.0,10000,30,0.6,10,1,7,,problem_solving
8900,0.021968520670347075,0.004802571175590567,0.4,21.507341461141763,[0.         0.01773568 0.         0.         0.01051038 0.         0.         0.         0.01600017 0.         0.         0.         0.         0.         0.01125789 0.         0.         0.         0.         0.         0.01785323 0.01156919 0.         0.         0.         0.91507346 0.         0.         0.         0.         0.        ],[0. 1. 0. 0. 1. 0. 0. 0. 1. 0. 0. 0. 0. 0. 1. 0. 0. 0. 0. 0. 1. 1. 0. 0. 0. 1. 0. 0. 0. 0. 0.],7.0,10000,30,0.6,10,1,7,,problem_solving
9000,0.021968520670347075,0.004802571175590567,0.4,7.507609600097494,[0.         0.01773568 0.         0.         0.01051038 0.         0.         0.         0.01600017 0.         0.         0.         0.         0.         0.01125789 0.         0.         0.         0.         0.         0.01785323 0.01156919 0.         0.         0.         0.91507346 0.         0.         0.         0.         0.        ],[0. 1. 0. 0. 1. 0. 0. 0. 1. 0. 0. 0. 0. 0. 1. 0. 0. 0. 0. 0. 1. 1. 0. 0. 0. 1. 0. 0. 0. 0. 0.],7.0,10000,30,0.6,10,1,7,,problem_solving
9100,0.021968520670347075,0.004802571175590567,0.4,-6.611008683617977,[0.         0.01773568 0.         0.         0.01051038 0.         0.         0.         0.01600017 0.         0.         0.         0.         0.         0.01125789 0.         0.         0.         0.         0.         0.01785323 0.01156919 0.         0.         0.         0.91507346 0.         0.         0.         0.         0.        ],[0. 1. 0. 0. 1. 0. 0. 0. 1. 0. 0. 0. 0. 0. 1. 0. 0. 0. 0. 0. 1. 1. 0. 0. 0. 1. 0. 0. 0. 0. 0.],7.0,10000,30,0.6,10,1,7,,problem_solving
9200,0.021968520670347075,0.004802571175590567,0.4,1.209667327272279,[0.         0.01773568 0.         0.         0.01051038 0.         0.         0.         0.01600017 0.         0.         0.         0.         0.         0.01125789 0.         0.         0.         0.         0.         0.01785323 0.01156919 0.         0.         0.         0.91507346 0.         0.         0.         0.         0.        ],[0. 1. 0. 0. 1. 0. 0. 0. 1. 0. 0. 0. 0. 0. 1. 0. 0. 0. 0. 0. 1. 1. 0. 0. 0. 1. 0. 0. 0. 0. 0.],7.0,10000,30,0.6,10,1,7,,problem_solving
9300,0.021968520670347075,0.004802571175590567,0.4,-3.839166466418971,[0.         0.01773568 0.         0.         0.01051038 0.         0.         0.         0.01600017 0.         0.         0.         0.         0.         0.01125789 0.         0.         0.         0.         0.         0.01785323 0.01156919 0.         0.         0.         0.91507346 0.         0.         0.         0.         0.        ],[0. 1. 0. 0. 1. 0. 0. 0. 1. 0. 0. 0. 0. 0. 1. 0. 0. 0. 0. 0. 1. 1. 0. 0. 0. 1. 0. 0. 0. 0. 0.],7.0,10000,30,0.6,10,1,7,,problem_solving
9400,0.021968520670347075,0.004802571175590567,0.4,-0.7106678825089665,[0.         0.01773568 0.         0.         0.01051038 0.         0.         0.         0.01600017 0.         0.         0.         0.         0.         0.01125789 0.         0.         0.         0.         0.         0.01785323 0.01156919 0.         0.         0.         0.91507346 0.         0.         0.         0.         0.        ],[0. 1. 0. 0. 1. 0. 0. 0. 1. 0. 0. 0. 0. 0. 1. 0. 0. 0. 0. 0. 1. 1. 0. 0. 0. 1. 0. 0. 0. 0. 0.],7.0,10000,30,0.6,10,1,7,,problem_solving
9500,0.021968520670347075,0.004802571175590567,0.4,9.427747460298704,[0.         0.01773568 0.         0.         0.01051038 0.         0.         0.         0.01600017 0.         0.         0.         0.         0.         0.01125789 0.         0.         0.         0.         0.         0.01785323 0.01156919 0.         0.         0.         0.91507346 0.         0.         0.         0.         0.        ],[0. 1. 0. 0. 1. 0. 0. 0. 1. 0. 0. 0. 0. 0. 1. 0. 0. 0. 0. 0. 1. 1. 0. 0. 0. 1. 0. 0. 0. 0. 0.],7.0,10000,30,0.6,10,1,7,,problem_solving
9600,0.021968520670347075,0.004802571175590567,0.4,17.79442189856446,[0.         0.01773568 0.         0.         0.01051038 0.         0.         0.         0.01600017 0.         0.         0.         0.         0.         0.01125789 0.         0.         0.         0.         0.         0.01785323 0.01156919 0.         0.         0.         0.91507346 0.         0.         0.         0.         0.        ],[0. 1. 0. 0. 1. 0. 0. 0. 1. 0. 0. 0. 0. 0. 1. 0. 0. 0. 0. 0. 1. 1. 0. 0. 0. 1. 0. 0. 0. 0. 0.],7.0,10000,30,0.6,10,1,7,,problem_solving
9700,0.021968520670347075,0.004802571175590567,0.4,6.971049602613785,[0.         0.01773568 0.         0.         0.01051038 0.         0.         0.         0.01600017 0.         0.         0.         0.         0.         0.01125789 0.         0.         0.         0.         0.         0.01785323 0.01156919 0.         0.         0.         0.91507346 0.         0.         0.         0.         0.        ],[0. 1. 0. 0. 1. 0. 0. 0. 1. 0. 0. 0. 0. 0. 1. 0. 0. 0. 0. 0. 1. 1. 0. 0. 0. 1. 0. 0. 0. 0. 0.],7.0,10000,30,0.6,10,1,7,,problem_solving
9800,0.021968520670347075,0.004802571175590567,0.4,-9.563061728644566,[0.         0.01773568 0.         0.         0.01051038 0.         0.         0.         0.01600017 0.         0.         0.         0.         0.         0.01125789 0.         0.         0.         0.         0.         0.01785323 0.01156919 0.         0.         0.         0.91507346 0.         0.         0.         0.         0.        ],[0. 1. 0. 0. 1. 0. 0. 0. 1. 0. 0. 0. 0. 0. 1. 0. 0. 0. 0. 0. 1. 1. 0. 0. 0. 1. 0. 0. 0. 0. 0.],7.0,10000,30,0.6,10,1,7,,problem_solving
9900,0.021968520670347075,0.004802571175590567,0.4,-4.739748468131294,[0.         0.01773568 0.         0.         0.01051038 0.         0.         0.         0.01600017 0.         0.         0.         0.         0.         0.01125789 0.         0.         0.         0.         0.         0.01785323 0.01156919 0.         0.         0.         0.91507346 0.         0.         0.         0.         0.        ],[0. 1. 0. 0. 1. 0. 0. 0. 1. 0. 0. 0. 0. 0. 1. 0. 0. 0. 0. 0. 1. 1. 0. 0. 0. 1. 0. 0. 0. 0. 0.],7.0,10000,30,0.6,10,1,7,,problem_solving
9999,0.021968520670347075,0.004802571175590567,0.4,-2.597929748817891,[0.         0.01773568 0.         0.         0.01051038 0.         0.         0.         0.01600017 0.         0.         0.         0.         0.         0.01125789 0.         0.         0.         0.         0.         0.01785323 0.01156919 0.         0.         0.         0.91507346 0.         0.         0.         0.         0.        ],[0. 1. 0. 0. 1. 0. 0. 0. 1. 0. 0. 0. 0. 0. 1. 0. 0. 0. 0. 0. 1. 1. 0. 0. 0. 1. 0. 0. 0. 0. 0.],7.0,10000,30,0.6,10,1,7,,problem_solving
