iter,cost,return,par,move,X,Z,Q,max_iter,mem_size,mem_consider,sigma,port_n,k,seed,tag
1,0.03821759191033282,0.0021614194972616406,0.4,20.671926434382296,[0.         0.         0.         0.         0.         0.         0.         0.         0.         0.         0.         0.         0.         0.         0.         0.         0.01205407 0.         0.         0.         0.         0.         0.         0.         0.         0.98794593 0.         0.         0.         0.         0.        ],[0. 0. 0. 0. 0. 0. 0. 0. 0. 0. 0. 0. 0. 0. 0. 0. 1. 0. 0. 0. 0. 0. 0. 0. 0. 1. 0. 0. 0. 0. 0.],2.0,10000,30,0.6,10,1,2,,problem_solving
100,0.009136193059867894,0.002731983320684459,0.4,12.831203204047121,[0.         0.         0.         0.         0.         0.         0.         0.         0.03059655 0.         0.         0.         0.         0.         0.         0.         0.         0.         0.         0.         0.         0.         0.         0.         0.         0.96940345 0.         0.         0.         0.         0.        ],[0. 0. 0. 0. 0. 0. 0. 0. 1. 0. 0. 0. 0. 0. 0. 0. 0. 0. 0. 0. 0. 0. 0. 0. 0. 1. 0. 0. 0. 0. 0.],2.0,10000,30,0.6,10,1,2,,problem_solving
200,0.008393641615033247,0.002101161420396335,0.4,3.1490212362979078,[0.        0.        0.        0.        0.        0.        0.        0.        0.        0.        0.        0.        0.        0.        0.0231381 0.        0.        0.        0.        0.        0.        0.        0.        0.        0.        0.9768619 0.        0.        0.        0.        0.       ],[0. 0. 0. 0. 0. 0. 0. 0. 0. 0. 0. 0. 0. 0. 1. 0. 0. 0. 0. 0. 0. 0. 0. 0. 0. 1. 0. 0. 0. 0. 0.],2.0,10000,30,0.6,10,1,2,,problem_solving
300,0.005283428908165426,0.004790493092134639,0.4,5.283172405200465,[0.        0.        0.        0.        0.        0.        0.        0.        0.        0.        0.        0.        0.        0.        0.        0.        0.        0.        0.        0.        0.        0.        0.0182986 0.        0.        0.9817014 0.        0.        0.        0.        0.       ],[0. 0. 0. 0. 0. 0. 0. 0. 0. 0. 0. 0. 0. 0. 0. 0. 0. 0. 0. 0. 0. 0. 1. 0. 0. 1. 0. 0. 0. 0. 0.],2.0,10000,30,0.6,10,1,2,,problem_solving
400,0.005283428908165426,0.004790493092134639,0.4,-1.4326511527427517,[0.        0.        0.        0.        0.        0.        0.        0.        0.        0.        0.        0.        0.        0.        0.        0.        0.        0.        0.        0.        0.        0.        0.0182986 0.        0.        0.9817014 0.        0.        0.        0.        0.       ],[0. 0. 0. 0. 0. 0. 0. 0. 0. 0. 0. 0. 0. 0. 0. 0. 0. 0. 0. 0. 0. 0. 1. 0. 0. 1. 0. 0. 0. 0. 0.],2.0,10000,30,0.6,10,1,2,,problem_solving
500,0.005283428908165426,0.004790493092134639,0.4,1.4353878831170863,[0.        0.        0.        0.        0.        0.        0.        0.        0.        0.        0.        0.        0.        0.        0.        0.        0.        0.        0.        0.        0.        0.        0.0182986 0.        0.        0.9817014 0.        0.        0.        0.        0.       ],[0. 0. 0. 0. 0. 0. 0. 0. 0. 0. 0. 0. 0. 0. 0. 0. 0. 0. 0. 0. 0. 0. 1. 0. 0. 1. 0. 0. 0. 0. 0.],2.0,10000,30,0.6,10,1,2,,problem_solving
600,0.005283428908165426,0.004790493092134639,0.4,-3.636185285229614,[0.        0.        0.        0.        0.        0.        0.        0.        0.        0.        0.        0.        0.        0.        0.        0.        0.        0.        0.        0.        0.        0.        0.0182986 0.        0.        0.9817014 0.        0.        0.        0.        0.       ],[0. 0. 0. 0. 0. 0. 0. 0. 0. 0. 0. 0. 0. 0. 0. 0. 0. 0. 0. 0. 0. 0. 1. 0. 0. 1. 0. 0. 0. 0. 0.],2.0,10000,30,0.6,10,1,2,,problem_solving
700,0.005283428908165426,0.004790493092134639,0.4,-14.27017954347338,[0.        0.        0.        0.        0.        0.        0.        0.        0.        0.        0.        0.        0.        0.        0.        0.        0.        0.        0.        0.        0.        0.        0.0182986 0.        0.        0.9817014 0.        0.        0.        0.        0.       ],[0. 0. 0. 0. 0. 0. 0. 0. 0. 0. 0. 0. 0. 0. 0. 0. 0. 0. 0. 0. 0. 0. 1. 0. 0. 1. 0. 0. 0. 0. 0.],2.0,10000,30,0.6,10,1,2,,problem_solving
800,0.005283428908165426,0.004790493092134639,0.4,0.3254730288342954,[0.        0.        0.        0.        0.        0.        0.        0.        0.        0.        0.        0.        0.        0.        0.        0.        0.        0.        0.        0.        0.        0.        0.0182986 0.        0.        0.9817014 0.        0.        0.        0.        0.       ],[0. 0. 0. 0. 0. 0. 0. 0. 0. 0. 0. 0. 0. 0. 0. 0. 0. 0. 0. 0. 0. 0. 1. 0. 0. 1. 0. 0. 0. 0. 0.],2.0,10000,30,0.6,10,1,2,,problem_solving
900,0.005283428908165426,0.004790493092134639,0.4,-6.622161989911986,[0.        0.        0.        0.        0.        0.        0.        0.        0.        0.        0.        0.        0.        0.        0.        0.        0.        0.        0.        0.        0.        0.        0.0182986 0.        0.        0.9817014 0.        0.        0.        0.        0.       ],[0. 0. 0. 0. 0. 0. 0. 0. 0. 0. 0. 0. 0. 0. 0. 0. 0. 0. 0. 0. 0. 0. 1. 0. 0. 1. 0. 0. 0. 0. 0.],2.0,10000,30,0.6,10,1,2,,problem_solving
1000,0.005283428908165426,0.004790493092134639,0.4,-10.84695167445495,[0.        0.        0.        0.        0.        0.        0.        0.        0.        0.        0.        0.        0.        0.        0.        0.        0.        0.        0.        0.        0.        0.        0.0182986 0.        0.        0.9817014 0.        0.        0.        0.        0.       ],[0. 0. 0. 0. 0. 0. 0. 0. 0. 0. 0. 0. 0. 0. 0. 0. 0. 0. 0. 0. 0. 0. 1. 0. 0. 1. 0. 0. 0. 0. 0.],2.0,10000,30,0.6,10,1,2,,problem_solving
1100,0.004077752027864073,0.0024169962165270812,0.4,8.57063306300371,[0.         0.         0.         0.         0.         0.         0.         0.         0.         0.         0.         0.         0.         0.         0.         0.         0.         0.         0.         0.         0.         0.         0.         0.         0.         0.01533204 0.         0.         0.         0.         0.98466796],[0. 0. 0. 0. 0. 0. 0. 0. 0. 0. 0. 0. 0. 0. 0. 0. 0. 0. 0. 0. 0. 0. 0. 0. 0. 1. 0. 0. 0. 0. 1.],2.0,10000,30,0.6,10,1,2,,problem_solving
1200,0.004077752027864073,0.0024169962165270812,0.4,-1.3526672825420691,[0.         0.         0.         0.         0.         0.         0.         0.         0.         0.         0.         0.         0.         0.         0.         0.         0.         0.         0.         0.         0.         0.         0.         0.         0.         0.01533204 0.         0.         0.         0.         0.98466796],[0. 0. 0. 0. 0. 0. 0. 0. 0. 0. 0. 0. 0. 0. 0. 0. 0. 0. 0. 0. 0. 0. 0. 0. 0. 1. 0. 0. 0. 0. 1.],2.0,10000,30,0.6,10,1,2,,problem_solving
1300,0.004077752027864073,0.0024169962165270812,0.4,4.417544733065736,[0.         0.         0.         0.         0.         0.         0.         0.         0.         0.         0.         0.         0.         0.         0.         0.         0.         0.         0.         0.         0.         0.         0.         0.         0.         0.01533204 0.         0.         0.         0.         0.98466796],[0. 0. 0. 0. 0. 0. 0. 0. 0. 0. 0. 0. 0. 0. 0. 0. 0. 0. 0. 0. 0. 0. 0. 0. 0. 1. 0. 0. 0. 0. 1.],2.0,10000,30,0.6,10,1,2,,problem_solving
1400,0.004077752027864073,0.0024169962165270812,0.4,1.3033251203115643,[0.         0.         0.         0.         0.         0.         0.         0.         0.         0.         0.         0.         0.         0.         0.         0.         0.         0.         0.         0.         0.         0.         0.         0.         0.         0.01533204 0.         0.         0.         0.         0.98466796],[0. 0. 0. 0. 0. 0. 0. 0. 0. 0. 0. 0. 0. 0. 0. 0. 0. 0. 0. 0. 0. 0. 0. 0. 0. 1. 0. 0. 0. 0. 1.],2.0,10000,30,0.6,10,1,2,,problem_solving
1500,0.004077752027864073,0.0024169962165270812,0.4,4.514161727358045,[0.         0.         0.         0.         0.         0.         0.         0.         0.         0.         0.         0.         0.         0.         0.         0.         0.         0.         0.         0.         0.         0.         0.         0.         0.         0.01533204 0.         0.         0.         0.         0.98466796],[0. 0. 0. 0. 0. 0. 0. 0. 0. 0. 0. 0. 0. 0. 0. 0. 0. 0. 0. 0. 0. 0. 0. 0. 0. 1. 0. 0. 0. 0. 1.],2.0,10000,30,0.6,10,1,2,,problem_solving
1600,0.004077752027864073,0.0024169962165270812,0.4,8.364114329750675,[0.         0.         0.         0.         0.         0.         0.         0.         0.         0.         0.         0.         0.         0.         0.         0.         0.         0.         0.         0.         0.         0.         0.         0.         0.         0.01533204 0.         0.         0.         0.         0.98466796],[0. 0. 0. 0. 0. 0. 0. 0. 0. 0. 0. 0. 0. 0. 0. 0. 0. 0. 0. 0. 0. 0. 0. 0. 0. 1. 0. 0. 0. 0. 1.],2.0,10000,30,0.6,10,1,2,,problem_solving
1700,0.004077752027864073,0.0024169962165270812,0.4,-2.709286871613296,[0.         0.         0.         0.         0.         0.         0.         0.         0.         0.         0.         0.         0.         0.         0.         0.         0.         0.         0.         0.         0.         0.         0.         0.         0.         0.01533204 0.         0.         0.         0.         0.98466796],[0. 0. 0. 0. 0. 0. 0. 0. 0. 0. 0. 0. 0. 0. 0. 0. 0. 0. 0. 0. 0. 0. 0. 0. 0. 1. 0. 0. 0. 0. 1.],2.0,10000,30,0.6,10,1,2,,problem_solving
1800,0.004077752027864073,0.0024169962165270812,0.4,8.159331549944572,[0.         0.         0.         0.         0.         0.         0.         0.         0.         0.         0.         0.         0.         0.         0.         0.         0.         0.         0.         0.         0.         0.         0.         0.         0.         0.01533204 0.         0.         0.         0.         0.98466796],[0. 0. 0. 0. 0. 0. 0. 0. 0. 0. 0. 0. 0. 0. 0. 0. 0. 0. 0. 0. 0. 0. 0. 0. 0. 1. 0. 0. 0. 0. 1.],2.0,10000,30,0.6,10,1,2,,problem_solving
1900,0.004077752027864073,0.0024169962165270812,0.4,3.6502264218418734,[0.         0.         0.         0.         0.         0.         0.         0.         0.         0.         0.         0.         0.         0.         0.         0.         0.         0.         0.         0.         0.         0.         0.         0.         0.         0.01533204 0.         0.         0.         0.         0.98466796],[0. 0. 0. 0. 0. 0. 0. 0. 0. 0. 0. 0. 0. 0. 0. 0. 0. 0. 0. 0. 0. 0. 0. 0. 0. 1. 0. 0. 0. 0. 1.],2.0,10000,30,0.6,10,1,2,,problem_solving
2000,0.003773989228086623,0.01076689695699875,0.4,-5.05215614093345,[0.        0.        0.        0.        0.9879864 0.        0.        0.        0.        0.        0.        0.        0.        0.        0.        0.        0.        0.        0.        0.        0.0120136 0.        0.        0.        0.        0.        0.        0.        0.        0.        0.       ],[0. 0. 0. 0. 1. 0. 0. 0. 0. 0. 0. 0. 0. 0. 0. 0. 0. 0. 0. 0. 1. 0. 0. 0. 0. 0. 0. 0. 0. 0. 0.],2.0,10000,30,0.6,10,1,2,,problem_solving
2100,0.003773989228086623,0.01076689695699875,0.4,-12.79186580676155,[0.        0.        0.        0.        0.9879864 0.        0.        0.        0.        0.        0.        0.        0.        0.        0.        0.        0.        0.        0.        0.        0.0120136 0.        0.        0.        0.        0.        0.        0.        0.        0.        0.       ],[0. 0. 0. 0. 1. 0. 0. 0. 0. 0. 0. 0. 0. 0. 0. 0. 0. 0. 0. 0. 1. 0. 0. 0. 0. 0. 0. 0. 0. 0. 0.],2.0,10000,30,0.6,10,1,2,,problem_solving
2200,0.003773989228086623,0.01076689695699875,0.4,-18.317581106596062,[0.        0.        0.        0.        0.9879864 0.        0.        0.        0.        0.        0.        0.        0.        0.        0.        0.        0.        0.        0.        0.        0.0120136 0.        0.        0.        0.        0.        0.        0.        0.        0.        0.       ],[0. 0. 0. 0. 1. 0. 0. 0. 0. 0. 0. 0. 0. 0. 0. 0. 0. 0. 0. 0. 1. 0. 0. 0. 0. 0. 0. 0. 0. 0. 0.],2.0,10000,30,0.6,10,1,2,,problem_solving
2300,0.003773989228086623,0.01076689695699875,0.4,-3.7695117663053983,[0.        0.        0.        0.        0.9879864 0.        0.        0.        0.        0.        0.        0.        0.        0.        0.        0.        0.        0.        0.        0.        0.0120136 0.        0.        0.        0.        0.        0.        0.        0.        0.        0.       ],[0. 0. 0. 0. 1. 0. 0. 0. 0. 0. 0. 0. 0. 0. 0. 0. 0. 0. 0. 0. 1. 0. 0. 0. 0. 0. 0. 0. 0. 0. 0.],2.0,10000,30,0.6,10,1,2,,problem_solving
2400,0.003773989228086623,0.01076689695699875,0.4,4.073006796505677,[0.        0.        0.        0.        0.9879864 0.        0.        0.        0.        0.        0.        0.        0.        0.        0.        0.        0.        0.        0.        0.        0.0120136 0.        0.        0.        0.        0.        0.        0.        0.        0.        0.       ],[0. 0. 0. 0. 1. 0. 0. 0. 0. 0. 0. 0. 0. 0. 0. 0. 0. 0. 0. 0. 1. 0. 0. 0. 0. 0. 0. 0. 0. 0. 0.],2.0,10000,30,0.6,10,1,2,,problem_solving
2500,0.003773989228086623,0.01076689695699875,0.4,-8.730187945686463,[0.        0.        0.        0.        0.9879864 0.        0.        0.        0.        0.        0.        0.        0.        0.        0.        0.        0.        0.        0.        0.        0.0120136 0.        0.        0.        0.        0.        0.        0.        0.        0.        0.       ],[0. 0. 0. 0. 1. 0. 0. 0. 0. 0. 0. 0. 0. 0. 0. 0. 0. 0. 0. 0. 1. 0. 0. 0. 0. 0. 0. 0. 0. 0. 0.],2.0,10000,30,0.6,10,1,2,,problem_solving
2600,0.003773989228086623,0.01076689695699875,0.4,12.217311868530416,[0.        0.        0.        0.        0.9879864 0.        0.        0.        0.        0.        0.        0.        0.        0.        0.        0.        0.        0.        0.        0.        0.0120136 0.        0.        0.        0.        0.        0.        0.        0.        0.        0.       ],[0. 0. 0. 0. 1. 0. 0. 0. 0. 0. 0. 0. 0. 0. 0. 0. 0. 0. 0. 0. 1. 0. 0. 0. 0. 0. 0. 0. 0. 0. 0.],2.0,10000,30,0.6,10,1,2,,problem_solving
2700,0.003773989228086623,0.01076689695699875,0.4,2.0538178082942915,[0.        0.        0.        0.        0.9879864 0.        0.        0.        0.        0.        0.        0.        0.        0.        0.        0.        0.        0.        0.        0.        0.0120136 0.        0.        0.        0.        0.        0.        0.        0.        0.        0.       ],[0. 0. 0. 0. 1. 0. 0. 0. 0. 0. 0. 0. 0. 0. 0. 0. 0. 0. 0. 0. 1. 0. 0. 0. 0. 0. 0. 0. 0. 0. 0.],2.0,10000,30,0.6,10,1,2,,problem_solving
2800,0.003773989228086623,0.01076689695699875,0.4,-7.42021663131233,[0.        0.        0.        0.        0.9879864 0.        0.        0.        0.        0.        0.        0.        0.        0.        0.        0.        0.        0.        0.        0.        0.0120136 0.        0.        0.        0.        0.        0.        0.        0.        0.        0.       ],[0. 0. 0. 0. 1. 0. 0. 0. 0. 0. 0. 0. 0. 0. 0. 0. 0. 0. 0. 0. 1. 0. 0. 0. 0. 0. 0. 0. 0. 0. 0.],2.0,10000,30,0.6,10,1,2,,problem_solving
2900,0.003773989228086623,0.01076689695699875,0.4,-13.907541553115102,[0.        0.        0.        0.        0.9879864 0.        0.        0.        0.        0.        0.        0.        0.        0.        0.        0.        0.        0.        0.        0.        0.0120136 0.        0.        0.        0.        0.        0.        0.        0.        0.        0.       ],[0. 0. 0. 0. 1. 0. 0. 0. 0. 0. 0. 0. 0. 0. 0. 0. 0. 0. 0. 0. 1. 0. 0. 0. 0. 0. 0. 0. 0. 0. 0.],2.0,10000,30,0.6,10,1,2,,problem_solving
3000,0.003773989228086623,0.01076689695699875,0.4,-22.348451077318266,[0.        0.        0.        0.        0.9879864 0.        0.        0.        0.        0.        0.        0.        0.        0.        0.        0.        0.        0.        0.        0.        0.0120136 0.        0.        0.        0.        0.        0.        0.        0.        0.        0.       ],[0. 0. 0. 0. 1. 0. 0. 0. 0. 0. 0. 0. 0. 0. 0. 0. 0. 0. 0. 0. 1. 0. 0. 0. 0. 0. 0. 0. 0. 0. 0.],2.0,10000,30,0.6,10,1,2,,problem_solving
3100,0.003773989228086623,0.01076689695699875,0.4,3.2641710945330464,[0.        0.        0.        0.        0.9879864 0.        0.        0.        0.        0.        0.        0.        0.        0.        0.        0.        0.        0.        0.        0.        0.0120136 0.        0.        0.        0.        0.        0.        0.        0.        0.        0.       ],[0. 0. 0. 0. 1. 0. 0. 0. 0. 0. 0. 0. 0. 0. 0. 0. 0. 0. 0. 0. 1. 0. 0. 0. 0. 0. 0. 0. 0. 0. 0.],2.0,10000,30,0.6,10,1,2,,problem_solving
3200,0.003773989228086623,0.01076689695699875,0.4,-5.70106704288717,[0.        0.        0.        0.        0.9879864 0.        0.        0.        0.        0.        0.        0.        0.        0.        0.        0.        0.        0.        0.        0.        0.0120136 0.        0.        0.        0.        0.        0.        0.        0.        0.        0.       ],[0. 0. 0. 0. 1. 0. 0. 0. 0. 0. 0. 0. 0. 0. 0. 0. 0. 0. 0. 0. 1. 0. 0. 0. 0. 0. 0. 0. 0. 0. 0.],2.0,10000,30,0.6,10,1,2,,problem_solving
3300,0.003773989228086623,0.01076689695699875,0.4,-0.2781250233325713,[0.        0.        0.        0.        0.9879864 0.        0.        0.        0.        0.        0.        0.        0.        0.        0.        0.        0.        0.        0.        0.        0.0120136 0.        0.        0.        0.        0.        0.        0.        0.        0.        0.       ],[0. 0. 0. 0. 1. 0. 0. 0. 0. 0. 0. 0. 0. 0. 0. 0. 0. 0. 0. 0. 1. 0. 0. 0. 0. 0. 0. 0. 0. 0. 0.],2.0,10000,30,0.6,10,1,2,,problem_solving
3400,0.003773989228086623,0.01076689695699875,0.4,-16.649172225730855,[0.        0.        0.        0.        0.9879864 0.        0.        0.        0.        0.        0.        0.        0.        0.        0.        0.        0.        0.        0.        0.        0.0120136 0.        0.        0.        0.        0.        0.        0.        0.        0.        0.       ],[0. 0. 0. 0. 1. 0. 0. 0. 0. 0. 0. 0. 0. 0. 0. 0. 0. 0. 0. 0. 1. 0. 0. 0. 0. 0. 0. 0. 0. 0. 0.],2.0,10000,30,0.6,10,1,2,,problem_solving
3500,0.003621778457842945,0.004729352729421932,0.4,-13.587823345142954,[0.        0.        0.        0.        0.        0.        0.        0.        0.        0.        0.        0.        0.        0.        0.        0.0136817 0.        0.        0.        0.        0.        0.        0.        0.        0.        0.9863183 0.        0.        0.        0.        0.       ],[0. 0. 0. 0. 0. 0. 0. 0. 0. 0. 0. 0. 0. 0. 0. 1. 0. 0. 0. 0. 0. 0. 0. 0. 0. 1. 0. 0. 0. 0. 0.],2.0,10000,30,0.6,10,1,2,,problem_solving
3600,0.003621778457842945,0.004729352729421932,0.4,5.229396795229434,[0.        0.        0.        0.        0.        0.        0.        0.        0.        0.        0.        0.        0.        0.        0.        0.0136817 0.        0.        0.        0.        0.        0.        0.        0.        0.        0.9863183 0.        0.        0.        0.        0.       ],[0. 0. 0. 0. 0. 0. 0. 0. 0. 0. 0. 0. 0. 0. 0. 1. 0. 0. 0. 0. 0. 0. 0. 0. 0. 1. 0. 0. 0. 0. 0.],2.0,10000,30,0.6,10,1,2,,problem_solving
3700,0.003621778457842945,0.004729352729421932,0.4,-3.212597244966335,[0.        0.        0.        0.        0.        0.        0.        0.        0.        0.        0.        0.        0.        0.        0.        0.0136817 0.        0.        0.        0.        0.        0.        0.        0.        0.        0.9863183 0.        0.        0.        0.        0.       ],[0. 0. 0. 0. 0. 0. 0. 0. 0. 0. 0. 0. 0. 0. 0. 1. 0. 0. 0. 0. 0. 0. 0. 0. 0. 1. 0. 0. 0. 0. 0.],2.0,10000,30,0.6,10,1,2,,problem_solving
3800,0.003621778457842945,0.004729352729421932,0.4,16.651870001696373,[0.        0.        0.        0.        0.        0.        0.        0.        0.        0.        0.        0.        0.        0.        0.        0.0136817 0.        0.        0.        0.        0.        0.        0.        0.        0.        0.9863183 0.        0.        0.        0.        0.       ],[0. 0. 0. 0. 0. 0. 0. 0. 0. 0. 0. 0. 0. 0. 0. 1. 0. 0. 0. 0. 0. 0. 0. 0. 0. 1. 0. 0. 0. 0. 0.],2.0,10000,30,0.6,10,1,2,,problem_solving
3900,0.003621778457842945,0.004729352729421932,0.4,-2.4655952521453086,[0.        0.        0.        0.        0.        0.        0.        0.        0.        0.        0.        0.        0.        0.        0.        0.0136817 0.        0.        0.        0.        0.        0.        0.        0.        0.        0.9863183 0.        0.        0.        0.        0.       ],[0. 0. 0. 0. 0. 0. 0. 0. 0. 0. 0. 0. 0. 0. 0. 1. 0. 0. 0. 0. 0. 0. 0. 0. 0. 1. 0. 0. 0. 0. 0.],2.0,10000,30,0.6,10,1,2,,problem_solving
4000,0.003621778457842945,0.004729352729421932,0.4,0.5131842811509941,[0.        0.        0.        0.        0.        0.        0.        0.        0.        0.        0.        0.        0.        0.        0.        0.0136817 0.        0.        0.        0.        0.        0.        0.        0.        0.        0.9863183 0.        0.        0.        0.        0.       ],[0. 0. 0. 0. 0. 0. 0. 0. 0. 0. 0. 0. 0. 0. 0. 1. 0. 0. 0. 0. 0. 0. 0. 0. 0. 1. 0. 0. 0. 0. 0.],2.0,10000,30,0.6,10,1,2,,problem_solving
4100,0.003621778457842945,0.004729352729421932,0.4,-14.366260608674043,[0.        0.        0.        0.        0.        0.        0.        0.        0.        0.        0.        0.        0.        0.        0.        0.0136817 0.        0.        0.        0.        0.        0.        0.        0.        0.        0.9863183 0.        0.        0.        0.        0.       ],[0. 0. 0. 0. 0. 0. 0. 0. 0. 0. 0. 0. 0. 0. 0. 1. 0. 0. 0. 0. 0. 0. 0. 0. 0. 1. 0. 0. 0. 0. 0.],2.0,10000,30,0.6,10,1,2,,problem_solving
4200,0.003621778457842945,0.004729352729421932,0.4,-8.394420529511367,[0.        0.        0.        0.        0.        0.        0.        0.        0.        0.        0.        0.        0.        0.        0.        0.0136817 0.        0.        0.        0.        0.        0.        0.        0.        0.        0.9863183 0.        0.        0.        0.        0.       ],[0. 0. 0. 0. 0. 0. 0. 0. 0. 0. 0. 0. 0. 0. 0. 1. 0. 0. 0. 0. 0. 0. 0. 0. 0. 1. 0. 0. 0. 0. 0.],2.0,10000,30,0.6,10,1,2,,problem_solving
4300,0.003621778457842945,0.004729352729421932,0.4,17.634786662980147,[0.        0.        0.        0.        0.        0.        0.        0.        0.        0.        0.        0.        0.        0.        0.        0.0136817 0.        0.        0.        0.        0.        0.        0.        0.        0.        0.9863183 0.        0.        0.        0.        0.       ],[0. 0. 0. 0. 0. 0. 0. 0. 0. 0. 0. 0. 0. 0. 0. 1. 0. 0. 0. 0. 0. 0. 0. 0. 0. 1. 0. 0. 0. 0. 0.],2.0,10000,30,0.6,10,1,2,,problem_solving
4400,0.003621778457842945,0.004729352729421932,0.4,3.073182745787055,[0.        0.        0.        0.        0.        0.        0.        0.        0.        0.        0.        0.        0.        0.        0.        0.0136817 0.        0.        0.        0.        0.        0.        0.        0.        0.        0.9863183 0.        0.        0.        0.        0.       ],[0. 0. 0. 0. 0. 0. 0. 0. 0. 0. 0. 0. 0. 0. 0. 1. 0. 0. 0. 0. 0. 0. 0. 0. 0. 1. 0. 0. 0. 0. 0.],2.0,10000,30,0.6,10,1,2,,problem_solving
4500,0.003621778457842945,0.004729352729421932,0.4,-22.39903249822894,[0.        0.        0.        0.        0.        0.        0.        0.        0.        0.        0.        0.        0.        0.        0.        0.0136817 0.        0.        0.        0.        0.        0.        0.        0.        0.        0.9863183 0.        0.        0.        0.        0.       ],[0. 0. 0. 0. 0. 0. 0. 0. 0. 0. 0. 0. 0. 0. 0. 1. 0. 0. 0. 0. 0. 0. 0. 0. 0. 1. 0. 0. 0. 0. 0.],2.0,10000,30,0.6,10,1,2,,problem_solving
4600,0.003621778457842945,0.004729352729421932,0.4,-10.198293079420209,[0.        0.        0.        0.        0.        0.        0.        0.        0.        0.        0.        0.        0.        0.        0.        0.0136817 0.        0.        0.        0.        0.        0.        0.        0.        0.        0.9863183 0.        0.        0.        0.        0.       ],[0. 0. 0. 0. 0. 0. 0. 0. 0. 0. 0. 0. 0. 0. 0. 1. 0. 0. 0. 0. 0. 0. 0. 0. 0. 1. 0. 0. 0. 0. 0.],2.0,10000,30,0.6,10,1,2,,problem_solving
4700,0.003621778457842945,0.004729352729421932,0.4,-19.10294104867868,[0.        0.        0.        0.        0.        0.        0.        0.        0.        0.        0.        0.        0.        0.        0.        0.0136817 0.        0.        0.        0.        0.        0.        0.        0.        0.        0.9863183 0.        0.        0.        0.        0.       ],[0. 0. 0. 0. 0. 0. 0. 0. 0. 0. 0. 0. 0. 0. 0. 1. 0. 0. 0. 0. 0. 0. 0. 0. 0. 1. 0. 0. 0. 0. 0.],2.0,10000,30,0.6,10,1,2,,problem_solving
4800,0.003621778457842945,0.004729352729421932,0.4,-3.3265889395935515,[0.        0.        0.        0.        0.        0.        0.        0.        0.        0.        0.        0.        0.        0.        0.        0.0136817 0.        0.        0.        0.        0.        0.        0.        0.        0.        0.9863183 0.        0.        0.        0.        0.       ],[0. 0. 0. 0. 0. 0. 0. 0. 0. 0. 0. 0. 0. 0. 0. 1. 0. 0. 0. 0. 0. 0. 0. 0. 0. 1. 0. 0. 0. 0. 0.],2.0,10000,30,0.6,10,1,2,,problem_solving
4900,0.003621778457842945,0.004729352729421932,0.4,6.384530828785525,[0.        0.        0.        0.        0.        0.        0.        0.        0.        0.        0.        0.        0.        0.        0.        0.0136817 0.        0.        0.        0.        0.        0.        0.        0.        0.        0.9863183 0.        0.        0.        0.        0.       ],[0. 0. 0. 0. 0. 0. 0. 0. 0. 0. 0. 0. 0. 0. 0. 1. 0. 0. 0. 0. 0. 0. 0. 0. 0. 1. 0. 0. 0. 0. 0.],2.0,10000,30,0.6,10,1,2,,problem_solving
5000,0.003621778457842945,0.004729352729421932,0.4,-12.240419118112447,[0.        0.        0.        0.        0.        0.        0.        0.        0.        0.        0.        0.        0.        0.        0.        0.0136817 0.        0.        0.        0.        0.        0.        0.        0.        0.        0.9863183 0.        0.        0.        0.        0.       ],[0. 0. 0. 0. 0. 0. 0. 0. 0. 0. 0. 0. 0. 0. 0. 1. 0. 0. 0. 0. 0. 0. 0. 0. 0. 1. 0. 0. 0. 0. 0.],2.0,10000,30,0.6,10,1,2,,problem_solving
5100,0.003621778457842945,0.004729352729421932,0.4,2.1538862749803345,[0.        0.        0.        0.        0.        0.        0.        0.        0.        0.        0.        0.        0.        0.        0.        0.0136817 0.        0.        0.        0.        0.        0.        0.        0.        0.        0.9863183 0.        0.        0.        0.        0.       ],[0. 0. 0. 0. 0. 0. 0. 0. 0. 0. 0. 0. 0. 0. 0. 1. 0. 0. 0. 0. 0. 0. 0. 0. 0. 1. 0. 0. 0. 0. 0.],2.0,10000,30,0.6,10,1,2,,problem_solving
5200,0.003621778457842945,0.004729352729421932,0.4,-8.97546626231498,[0.        0.        0.        0.        0.        0.        0.        0.        0.        0.        0.        0.        0.        0.        0.        0.0136817 0.        0.        0.        0.        0.        0.        0.        0.        0.        0.9863183 0.        0.        0.        0.        0.       ],[0. 0. 0. 0. 0. 0. 0. 0. 0. 0. 0. 0. 0. 0. 0. 1. 0. 0. 0. 0. 0. 0. 0. 0. 0. 1. 0. 0. 0. 0. 0.],2.0,10000,30,0.6,10,1,2,,problem_solving
5300,0.003621778457842945,0.004729352729421932,0.4,4.3229523359082025,[0.        0.        0.        0.        0.        0.        0.        0.        0.        0.        0.        0.        0.        0.        0.        0.0136817 0.        0.        0.        0.        0.        0.        0.        0.        0.        0.9863183 0.        0.        0.        0.        0.       ],[0. 0. 0. 0. 0. 0. 0. 0. 0. 0. 0. 0. 0. 0. 0. 1. 0. 0. 0. 0. 0. 0. 0. 0. 0. 1. 0. 0. 0. 0. 0.],2.0,10000,30,0.6,10,1,2,,problem_solving
5400,0.003621778457842945,0.004729352729421932,0.4,5.066744394602639,[0.        0.        0.        0.        0.        0.        0.        0.        0.        0.        0.        0.        0.        0.        0.        0.0136817 0.        0.        0.        0.        0.        0.        0.        0.        0.        0.9863183 0.        0.        0.        0.        0.       ],[0. 0. 0. 0. 0. 0. 0. 0. 0. 0. 0. 0. 0. 0. 0. 1. 0. 0. 0. 0. 0. 0. 0. 0. 0. 1. 0. 0. 0. 0. 0.],2.0,10000,30,0.6,10,1,2,,problem_solving
5500,0.003621778457842945,0.004729352729421932,0.4,-10.071240181675854,[0.        0.        0.        0.        0.        0.        0.        0.        0.        0.        0.        0.        0.        0.        0.        0.0136817 0.        0.        0.        0.        0.        0.        0.        0.        0.        0.9863183 0.        0.        0.        0.        0.       ],[0. 0. 0. 0. 0. 0. 0. 0. 0. 0. 0. 0. 0. 0. 0. 1. 0. 0. 0. 0. 0. 0. 0. 0. 0. 1. 0. 0. 0. 0. 0.],2.0,10000,30,0.6,10,1,2,,problem_solving
5600,0.003621778457842945,0.004729352729421932,0.4,13.062580488284798,[0.        0.        0.        0.        0.        0.        0.        0.        0.        0.        0.        0.        0.        0.        0.        0.0136817 0.        0.        0.        0.        0.        0.        0.        0.        0.        0.9863183 0.        0.        0.        0.        0.       ],[0. 0. 0. 0. 0. 0. 0. 0. 0. 0. 0. 0. 0. 0. 0. 1. 0. 0. 0. 0. 0. 0. 0. 0. 0. 1. 0. 0. 0. 0. 0.],2.0,10000,30,0.6,10,1,2,,problem_solving
5700,0.003621778457842945,0.004729352729421932,0.4,7.451481745247561,[0.        0.        0.        0.        0.        0.        0.        0.        0.        0.        0.        0.        0.        0.        0.        0.0136817 0.        0.        0.        0.        0.        0.        0.        0.        0.        0.9863183 0.        0.        0.        0.        0.       ],[0. 0. 0. 0. 0. 0. 0. 0. 0. 0. 0. 0. 0. 0. 0. 1. 0. 0. 0. 0. 0. 0. 0. 0. 0. 1. 0. 0. 0. 0. 0.],2.0,10000,30,0.6,10,1,2,,problem_solving
5800,0.003621778457842945,0.004729352729421932,0.4,5.006615800379689,[0.        0.        0.        0.        0.        0.        0.        0.        0.        0.        0.        0.        0.        0.        0.        0.0136817 0.        0.        0.        0.        0.        0.        0.        0.        0.        0.9863183 0.        0.        0.        0.        0.       ],[0. 0. 0. 0. 0. 0. 0. 0. 0. 0. 0. 0. 0. 0. 0. 1. 0. 0. 0. 0. 0. 0. 0. 0. 0. 1. 0. 0. 0. 0. 0.],2.0,10000,30,0.6,10,1,2,,problem_solving
5900,0.002959674115533881,0.004738624098298195,0.4,-1.7025651368057906,[0.         0.         0.         0.         0.         0.         0.         0.         0.         0.         0.         0.         0.         0.         0.         0.         0.01205407 0.         0.         0.         0.         0.         0.         0.         0.         0.98794593 0.         0.         0.         0.         0.        ],[0. 0. 0. 0. 0. 0. 0. 0. 0. 0. 0. 0. 0. 0. 0. 0. 1. 0. 0. 0. 0. 0. 0. 0. 0. 1. 0. 0. 0. 0. 0.],2.0,10000,30,0.6,10,1,2,,problem_solving
6000,0.002959674115533881,0.004738624098298195,0.4,-10.476396283736861,[0.         0.         0.         0.         0.         0.         0.         0.         0.         0.         0.         0.         0.         0.         0.         0.         0.01205407 0.         0.         0.         0.         0.         0.         0.         0.         0.98794593 0.         0.         0.         0.         0.        ],[0. 0. 0. 0. 0. 0. 0. 0. 0. 0. 0. 0. 0. 0. 0. 0. 1. 0. 0. 0. 0. 0. 0. 0. 0. 1. 0. 0. 0. 0. 0.],2.0,10000,30,0.6,10,1,2,,problem_solving
6100,0.002959674115533881,0.004738624098298195,0.4,-4.561904581345041,[0.         0.         0.         0.         0.         0.         0.         0.         0.         0.         0.         0.         0.         0.         0.         0.         0.01205407 0.         0.         0.         0.         0.         0.         0.         0.         0.98794593 0.         0.         0.         0.         0.        ],[0. 0. 0. 0. 0. 0. 0. 0. 0. 0. 0. 0. 0. 0. 0. 0. 1. 0. 0. 0. 0. 0. 0. 0. 0. 1. 0. 0. 0. 0. 0.],2.0,10000,30,0.6,10,1,2,,problem_solving
6200,0.002959674115533881,0.004738624098298195,0.4,13.17846454269205,[0.         0.         0.         0.         0.         0.         0.         0.         0.         0.         0.         0.         0.         0.         0.         0.         0.01205407 0.         0.         0.         0.         0.         0.         0.         0.         0.98794593 0.         0.         0.         0.         0.        ],[0. 0. 0. 0. 0. 0. 0. 0. 0. 0. 0. 0. 0. 0. 0. 0. 1. 0. 0. 0. 0. 0. 0. 0. 0. 1. 0. 0. 0. 0. 0.],2.0,10000,30,0.6,10,1,2,,problem_solving
6300,0.002959674115533881,0.004738624098298195,0.4,2.086146914789945,[0.         0.         0.         0.         0.         0.         0.         0.         0.         0.         0.         0.         0.         0.         0.         0.         0.01205407 0.         0.         0.         0.         0.         0.         0.         0.         0.98794593 0.         0.         0.         0.         0.        ],[0. 0. 0. 0. 0. 0. 0. 0. 0. 0. 0. 0. 0. 0. 0. 0. 1. 0. 0. 0. 0. 0. 0. 0. 0. 1. 0. 0. 0. 0. 0.],2.0,10000,30,0.6,10,1,2,,problem_solving
6400,0.002959674115533881,0.004738624098298195,0.4,11.14258737245786,[0.         0.         0.         0.         0.         0.         0.         0.         0.         0.         0.         0.         0.         0.         0.         0.         0.01205407 0.         0.         0.         0.         0.         0.         0.         0.         0.98794593 0.         0.         0.         0.         0.        ],[0. 0. 0. 0. 0. 0. 0. 0. 0. 0. 0. 0. 0. 0. 0. 0. 1. 0. 0. 0. 0. 0. 0. 0. 0. 1. 0. 0. 0. 0. 0.],2.0,10000,30,0.6,10,1,2,,problem_solving
6500,0.002959674115533881,0.004738624098298195,0.4,-7.213610335636279,[0.         0.         0.         0.         0.         0.         0.         0.         0.         0.         0.         0.         0.         0.         0.         0.         0.01205407 0.         0.         0.         0.         0.         0.         0.         0.         0.98794593 0.         0.         0.         0.         0.        ],[0. 0. 0. 0. 0. 0. 0. 0. 0. 0. 0. 0. 0. 0. 0. 0. 1. 0. 0. 0. 0. 0. 0. 0. 0. 1. 0. 0. 0. 0. 0.],2.0,10000,30,0.6,10,1,2,,problem_solving
6600,0.002959674115533881,0.004738624098298195,0.4,2.230269740192863,[0.         0.         0.         0.         0.         0.         0.         0.         0.         0.         0.         0.         0.         0.         0.         0.         0.01205407 0.         0.         0.         0.         0.         0.         0.         0.         0.98794593 0.         0.         0.         0.         0.        ],[0. 0. 0. 0. 0. 0. 0. 0. 0. 0. 0. 0. 0. 0. 0. 0. 1. 0. 0. 0. 0. 0. 0. 0. 0. 1. 0. 0. 0. 0. 0.],2.0,10000,30,0.6,10,1,2,,problem_solving
6700,0.002959674115533881,0.004738624098298195,0.4,-0.06852844116264868,[0.         0.         0.         0.         0.         0.         0.         0.         0.         0.         0.         0.         0.         0.         0.         0.         0.01205407 0.         0.         0.         0.         0.         0.         0.         0.         0.98794593 0.         0.         0.         0.         0.        ],[0. 0. 0. 0. 0. 0. 0. 0. 0. 0. 0. 0. 0. 0. 0. 0. 1. 0. 0. 0. 0. 0. 0. 0. 0. 1. 0. 0. 0. 0. 0.],2.0,10000,30,0.6,10,1,2,,problem_solving
6800,0.002959674115533881,0.004738624098298195,0.4,1.4672161533561277,[0.         0.         0.         0.         0.         0.         0.         0.         0.         0.         0.         0.         0.         0.         0.         0.         0.01205407 0.         0.         0.         0.         0.         0.         0.         0.         0.98794593 0.         0.         0.         0.         0.        ],[0. 0. 0. 0. 0. 0. 0. 0. 0. 0. 0. 0. 0. 0. 0. 0. 1. 0. 0. 0. 0. 0. 0. 0. 0. 1. 0. 0. 0. 0. 0.],2.0,10000,30,0.6,10,1,2,,problem_solving
6900,0.002959674115533881,0.004738624098298195,0.4,5.769828933931668,[0.         0.         0.         0.         0.         0.         0.         0.         0.         0.         0.         0.         0.         0.         0.         0.         0.01205407 0.         0.         0.         0.         0.         0.         0.         0.         0.98794593 0.         0.         0.         0.         0.        ],[0. 0. 0. 0. 0. 0. 0. 0. 0. 0. 0. 0. 0. 0. 0. 0. 1. 0. 0. 0. 0. 0. 0. 0. 0. 1. 0. 0. 0. 0. 0.],2.0,10000,30,0.6,10,1,2,,problem_solving
7000,0.002959674115533881,0.004738624098298195,0.4,-17.30425129714011,[0.         0.         0.         0.         0.         0.         0.         0.         0.         0.         0.         0.         0.         0.         0.         0.         0.01205407 0.         0.         0.         0.         0.         0.         0.         0.         0.98794593 0.         0.         0.         0.         0.        ],[0. 0. 0. 0. 0. 0. 0. 0. 0. 0. 0. 0. 0. 0. 0. 0. 1. 0. 0. 0. 0. 0. 0. 0. 0. 1. 0. 0. 0. 0. 0.],2.0,10000,30,0.6,10,1,2,,problem_solving
7100,0.002959674115533881,0.004738624098298195,0.4,-16.24526275724336,[0.         0.         0.         0.         0.         0.         0.         0.         0.         0.         0.         0.         0.         0.         0.         0.         0.01205407 0.         0.         0.         0.         0.         0.         0.         0.         0.98794593 0.         0.         0.         0.         0.        ],[0. 0. 0. 0. 0. 0. 0. 0. 0. 0. 0. 0. 0. 0. 0. 0. 1. 0. 0. 0. 0. 0. 0. 0. 0. 1. 0. 0. 0. 0. 0.],2.0,10000,30,0.6,10,1,2,,problem_solving
7200,0.002959674115533881,0.004738624098298195,0.4,18.990449980073162,[0.         0.         0.         0.         0.         0.         0.         0.         0.         0.         0.         0.         0.         0.         0.         0.         0.01205407 0.         0.         0.         0.         0.         0.         0.         0.         0.98794593 0.         0.         0.         0.         0.        ],[0. 0. 0. 0. 0. 0. 0. 0. 0. 0. 0. 0. 0. 0. 0. 0. 1. 0. 0. 0. 0. 0. 0. 0. 0. 1. 0. 0. 0. 0. 0.],2.0,10000,30,0.6,10,1,2,,problem_solving
7300,0.002959674115533881,0.004738624098298195,0.4,-5.04000508096583,[0.         0.         0.         0.         0.         0.         0.         0.         0.         0.         0.         0.         0.         0.         0.         0.         0.01205407 0.         0.         0.         0.         0.         0.         0.         0.         0.98794593 0.         0.         0.         0.         0.        ],[0. 0. 0. 0. 0. 0. 0. 0. 0. 0. 0. 0. 0. 0. 0. 0. 1. 0. 0. 0. 0. 0. 0. 0. 0. 1. 0. 0. 0. 0. 0.],2.0,10000,30,0.6,10,1,2,,problem_solving
7400,0.002959674115533881,0.004738624098298195,0.4,-16.247789563437955,[0.         0.         0.         0.         0.         0.         0.         0.         0.         0.         0.         0.         0.         0.         0.         0.         0.01205407 0.         0.         0.         0.         0.         0.         0.         0.         0.98794593 0.         0.         0.         0.         0.        ],[0. 0. 0. 0. 0. 0. 0. 0. 0. 0. 0. 0. 0. 0. 0. 0. 1. 0. 0. 0. 0. 0. 0. 0. 0. 1. 0. 0. 0. 0. 0.],2.0,10000,30,0.6,10,1,2,,problem_solving
7500,0.002959674115533881,0.004738624098298195,0.4,-12.025044706141887,[0.         0.         0.         0.         0.         0.         0.         0.         0.         0.         0.         0.         0.         0.         0.         0.         0.01205407 0.         0.         0.         0.         0.         0.         0.         0.         0.98794593 0.         0.         0.         0.         0.        ],[0. 0. 0. 0. 0. 0. 0. 0. 0. 0. 0. 0. 0. 0. 0. 0. 1. 0. 0. 0. 0. 0. 0. 0. 0. 1. 0. 0. 0. 0. 0.],2.0,10000,30,0.6,10,1,2,,problem_solving
7600,0.002959674115533881,0.004738624098298195,0.4,-2.2505489385635564,[0.         0.         0.         0.         0.         0.         0.         0.         0.         0.         0.         0.         0.         0.         0.         0.         0.01205407 0.         0.         0.         0.         0.         0.         0.         0.         0.98794593 0.         0.         0.         0.         0.        ],[0. 0. 0. 0. 0. 0. 0. 0. 0. 0. 0. 0. 0. 0. 0. 0. 1. 0. 0. 0. 0. 0. 0. 0. 0. 1. 0. 0. 0. 0. 0.],2.0,10000,30,0.6,10,1,2,,problem_solving
7700,0.002959674115533881,0.004738624098298195,0.4,-1.994129069362557,[0.         0.         0.         0.         0.         0.         0.         0.         0.         0.         0.         0.         0.         0.         0.         0.         0.01205407 0.         0.         0.         0.         0.         0.         0.         0.         0.98794593 0.         0.         0.         0.         0.        ],[0. 0. 0. 0. 0. 0. 0. 0. 0. 0. 0. 0. 0. 0. 0. 0. 1. 0. 0. 0. 0. 0. 0. 0. 0. 1. 0. 0. 0. 0. 0.],2.0,10000,30,0.6,10,1,2,,problem_solving
7800,0.002959674115533881,0.004738624098298195,0.4,22.443418311784768,[0.         0.         0.         0.         0.         0.         0.         0.         0.         0.         0.         0.         0.         0.         0.         0.         0.01205407 0.         0.         0.         0.         0.         0.         0.         0.         0.98794593 0.         0.         0.         0.         0.        ],[0. 0. 0. 0. 0. 0. 0. 0. 0. 0. 0. 0. 0. 0. 0. 0. 1. 0. 0. 0. 0. 0. 0. 0. 0. 1. 0. 0. 0. 0. 0.],2.0,10000,30,0.6,10,1,2,,problem_solving
7900,0.002959674115533881,0.004738624098298195,0.4,7.022224716516265,[0.         0.         0.         0.         0.         0.         0.         0.         0.         0.         0.         0.         0.         0.         0.         0.         0.01205407 0.         0.         0.         0.         0.         0.         0.         0.         0.98794593 0.         0.         0.         0.         0.        ],[0. 0. 0. 0. 0. 0. 0. 0. 0. 0. 0. 0. 0. 0. 0. 0. 1. 0. 0. 0. 0. 0. 0. 0. 0. 1. 0. 0. 0. 0. 0.],2.0,10000,30,0.6,10,1,2,,problem_solving
8000,0.002959674115533881,0.004738624098298195,0.4,6.000044719034036,[0.         0.         0.         0.         0.         0.         0.         0.         0.         0.         0.         0.         0.         0.         0.         0.         0.01205407 0.         0.         0.         0.         0.         0.         0.         0.         0.98794593 0.         0.         0.         0.         0.        ],[0. 0. 0. 0. 0. 0. 0. 0. 0. 0. 0. 0. 0. 0. 0. 0. 1. 0. 0. 0. 0. 0. 0. 0. 0. 1. 0. 0. 0. 0. 0.],2.0,10000,30,0.6,10,1,2,,problem_solving
8100,0.002959674115533881,0.004738624098298195,0.4,8.233422620512508,[0.         0.         0.         0.         0.         0.         0.         0.         0.         0.         0.         0.         0.         0.         0.         0.         0.01205407 0.         0.         0.         0.         0.         0.         0.         0.         0.98794593 0.         0.         0.         0.         0.        ],[0. 0. 0. 0. 0. 0. 0. 0. 0. 0. 0. 0. 0. 0. 0. 0. 1. 0. 0. 0. 0. 0. 0. 0. 0. 1. 0. 0. 0. 0. 0.],2.0,10000,30,0.6,10,1,2,,problem_solving
8200,0.002959674115533881,0.004738624098298195,0.4,-3.6579414009075677,[0.         0.         0.         0.         0.         0.         0.         0.         0.         0.         0.         0.         0.         0.         0.         0.         0.01205407 0.         0.         0.         0.         0.         0.         0.         0.         0.98794593 0.         0.         0.         0.         0.        ],[0. 0. 0. 0. 0. 0. 0. 0. 0. 0. 0. 0. 0. 0. 0. 0. 1. 0. 0. 0. 0. 0. 0. 0. 0. 1. 0. 0. 0. 0. 0.],2.0,10000,30,0.6,10,1,2,,problem_solving
8300,0.002959674115533881,0.004738624098298195,0.4,-0.7759791633260255,[0.         0.         0.         0.         0.         0.         0.         0.         0.         0.         0.         0.         0.         0.         0.         0.         0.01205407 0.         0.         0.         0.         0.         0.         0.         0.         0.98794593 0.         0.         0.         0.         0.        ],[0. 0. 0. 0. 0. 0. 0. 0. 0. 0. 0. 0. 0. 0. 0. 0. 1. 0. 0. 0. 0. 0. 0. 0. 0. 1. 0. 0. 0. 0. 0.],2.0,10000,30,0.6,10,1,2,,problem_solving
8400,0.002959674115533881,0.004738624098298195,0.4,5.176906080542425,[0.         0.         0.         0.         0.         0.         0.         0.         0.         0.         0.         0.         0.         0.         0.         0.         0.01205407 0.         0.         0.         0.         0.         0.         0.         0.         0.98794593 0.         0.         0.         0.         0.        ],[0. 0. 0. 0. 0. 0. 0. 0. 0. 0. 0. 0. 0. 0. 0. 0. 1. 0. 0. 0. 0. 0. 0. 0. 0. 1. 0. 0. 0. 0. 0.],2.0,10000,30,0.6,10,1,2,,problem_solving
8500,0.002959674115533881,0.004738624098298195,0.4,3.627758554676119,[0.         0.         0.         0.         0.         0.         0.         0.         0.         0.         0.         0.         0.         0.         0.         0.         0.01205407 0.         0.         0.         0.         0.         0.         0.         0.         0.98794593 0.         0.         0.         0.         0.        ],[0. 0. 0. 0. 0. 0. 0. 0. 0. 0. 0. 0. 0. 0. 0. 0. 1. 0. 0. 0. 0. 0. 0. 0. 0. 1. 0. 0. 0. 0. 0.],2.0,10000,30,0.6,10,1,2,,problem_solving
8600,0.002959674115533881,0.004738624098298195,0.4,9.378523830635457,[0.         0.         0.         0.         0.         0.         0.         0.         0.         0.         0.         0.         0.         0.         0.         0.         0.01205407 0.         0.         0.         0.         0.         0.         0.         0.         0.98794593 0.         0.         0.         0.         0.        ],[0. 0. 0. 0. 0. 0. 0. 0. 0. 0. 0. 0. 0. 0. 0. 0. 1. 0. 0. 0. 0. 0. 0. 0. 0. 1. 0. 0. 0. 0. 0.],2.0,10000,30,0.6,10,1,2,,problem_solving
8700,0.002959674115533881,0.004738624098298195,0.4,9.370151373017423,[0.         0.         0.         0.         0.         0.         0.         0.         0.         0.         0.         0.         0.         0.         0.         0.         0.01205407 0.         0.         0.         0.         0.         0.         0.         0.         0.98794593 0.         0.         0.         0.         0.        ],[0. 0. 0. 0. 0. 0. 0. 0. 0. 0. 0. 0. 0. 0. 0. 0. 1. 0. 0. 0. 0. 0. 0. 0. 0. 1. 0. 0. 0. 0. 0.],2.0,10000,30,0.6,10,1,2,,problem_solving
8800,0.002959674115533881,0.004738624098298195,0.4,3.8575915466999393,[0.         0.         0.         0.         0.         0.         0.         0.         0.         0.         0.         0.         0.         0.         0.         0.         0.01205407 0.         0.         0.         0.         0.         0.         0.         0.         0.98794593 0.         0.         0.         0.         0.        ],[0. 0. 0. 0. 0. 0. 0. 0. 0. 0. 0. 0. 0. 0. 0. 0. 1. 0. 0. 0. 0. 0. 0. 0. 0. 1. 0. 0. 0. 0. 0.],2.0,10000,30,0.6,10,1,2,,problem_solving
8900,0.002959674115533881,0.004738624098298195,0.4,-4.966377823525456,[0.         0.         0.         0.         0.         0.         0.         0.         0.         0.         0.         0.         0.         0.         0.         0.         0.01205407 0.         0.         0.         0.         0.         0.         0.         0.         0.98794593 0.         0.         0.         0.         0.        ],[0. 0. 0. 0. 0. 0. 0. 0. 0. 0. 0. 0. 0. 0. 0. 0. 1. 0. 0. 0. 0. 0. 0. 0. 0. 1. 0. 0. 0. 0. 0.],2.0,10000,30,0.6,10,1,2,,problem_solving
9000,0.002959674115533881,0.004738624098298195,0.4,8.183476204732209,[0.         0.         0.         0.         0.         0.         0.         0.         0.         0.         0.         0.         0.         0.         0.         0.         0.01205407 0.         0.         0.         0.         0.         0.         0.         0.         0.98794593 0.         0.         0.         0.         0.        ],[0. 0. 0. 0. 0. 0. 0. 0. 0. 0. 0. 0. 0. 0. 0. 0. 1. 0. 0. 0. 0. 0. 0. 0. 0. 1. 0. 0. 0. 0. 0.],2.0,10000,30,0.6,10,1,2,,problem_solving
9100,0.002959674115533881,0.004738624098298195,0.4,-13.957617160005771,[0.         0.         0.         0.         0.         0.         0.         0.         0.         0.         0.         0.         0.         0.         0.         0.         0.01205407 0.         0.         0.         0.         0.         0.         0.         0.         0.98794593 0.         0.         0.         0.         0.        ],[0. 0. 0. 0. 0. 0. 0. 0. 0. 0. 0. 0. 0. 0. 0. 0. 1. 0. 0. 0. 0. 0. 0. 0. 0. 1. 0. 0. 0. 0. 0.],2.0,10000,30,0.6,10,1,2,,problem_solving
9200,0.002959674115533881,0.004738624098298195,0.4,0.08048097055252396,[0.         0.         0.         0.         0.         0.         0.         0.         0.         0.         0.         0.         0.         0.         0.         0.         0.01205407 0.         0.         0.         0.         0.         0.         0.         0.         0.98794593 0.         0.         0.         0.         0.        ],[0. 0. 0. 0. 0. 0. 0. 0. 0. 0. 0. 0. 0. 0. 0. 0. 1. 0. 0. 0. 0. 0. 0. 0. 0. 1. 0. 0. 0. 0. 0.],2.0,10000,30,0.6,10,1,2,,problem_solving
9300,0.002959674115533881,0.004738624098298195,0.4,12.172977247903882,[0.         0.         0.         0.         0.         0.         0.         0.         0.         0.         0.         0.         0.         0.         0.         0.         0.01205407 0.         0.         0.         0.         0.         0.         0.         0.         0.98794593 0.         0.         0.         0.         0.        ],[0. 0. 0. 0. 0. 0. 0. 0. 0. 0. 0. 0. 0. 0. 0. 0. 1. 0. 0. 0. 0. 0. 0. 0. 0. 1. 0. 0. 0. 0. 0.],2.0,10000,30,0.6,10,1,2,,problem_solving
9400,0.002959674115533881,0.004738624098298195,0.4,-0.38581196187081584,[0.         0.         0.         0.         0.         0.         0.         0.         0.         0.         0.         0.         0.         0.         0.         0.         0.01205407 0.         0.         0.         0.         0.         0.         0.         0.         0.98794593 0.         0.         0.         0.         0.        ],[0. 0. 0. 0. 0. 0. 0. 0. 0. 0. 0. 0. 0. 0. 0. 0. 1. 0. 0. 0. 0. 0. 0. 0. 0. 1. 0. 0. 0. 0. 0.],2.0,10000,30,0.6,10,1,2,,problem_solving
9500,0.002959674115533881,0.004738624098298195,0.4,15.824696092495355,[0.         0.         0.         0.         0.         0.         0.         0.         0.         0.         0.         0.         0.         0.         0.         0.         0.01205407 0.         0.         0.         0.         0.         0.         0.         0.         0.98794593 0.         0.         0.         0.         0.        ],[0. 0. 0. 0. 0. 0. 0. 0. 0. 0. 0. 0. 0. 0. 0. 0. 1. 0. 0. 0. 0. 0. 0. 0. 0. 1. 0. 0. 0. 0. 0.],2.0,10000,30,0.6,10,1,2,,problem_solving
9600,0.002959674115533881,0.004738624098298195,0.4,17.912296876553,[0.         0.         0.         0.         0.         0.         0.         0.         0.         0.         0.         0.         0.         0.         0.         0.         0.01205407 0.         0.         0.         0.         0.         0.         0.         0.         0.98794593 0.         0.         0.         0.         0.        ],[0. 0. 0. 0. 0. 0. 0. 0. 0. 0. 0. 0. 0. 0. 0. 0. 1. 0. 0. 0. 0. 0. 0. 0. 0. 1. 0. 0. 0. 0. 0.],2.0,10000,30,0.6,10,1,2,,problem_solving
9700,0.002959674115533881,0.004738624098298195,0.4,-15.15883607356853,[0.         0.         0.         0.         0.         0.         0.         0.         0.         0.         0.         0.         0.         0.         0.         0.         0.01205407 0.         0.         0.         0.         0.         0.         0.         0.         0.98794593 0.         0.         0.         0.         0.        ],[0. 0. 0. 0. 0. 0. 0. 0. 0. 0. 0. 0. 0. 0. 0. 0. 1. 0. 0. 0. 0. 0. 0. 0. 0. 1. 0. 0. 0. 0. 0.],2.0,10000,30,0.6,10,1,2,,problem_solving
9800,0.002959674115533881,0.004738624098298195,0.4,6.048618120221189,[0.         0.         0.         0.         0.         0.         0.         0.         0.         0.         0.         0.         0.         0.         0.         0.         0.01205407 0.         0.         0.         0.         0.         0.         0.         0.         0.98794593 0.         0.         0.         0.         0.        ],[0. 0. 0. 0. 0. 0. 0. 0. 0. 0. 0. 0. 0. 0. 0. 0. 1. 0. 0. 0. 0. 0. 0. 0. 0. 1. 0. 0. 0. 0. 0.],2.0,10000,30,0.6,10,1,2,,problem_solving
9900,0.002959674115533881,0.004738624098298195,0.4,-4.877646425712927,[0.         0.         0.         0.         0.         0.         0.         0.         0.         0.         0.         0.         0.         0.         0.         0.         0.01205407 0.         0.         0.         0.         0.         0.         0.         0.         0.98794593 0.         0.         0.         0.         0.        ],[0. 0. 0. 0. 0. 0. 0. 0. 0. 0. 0. 0. 0. 0. 0. 0. 1. 0. 0. 0. 0. 0. 0. 0. 0. 1. 0. 0. 0. 0. 0.],2.0,10000,30,0.6,10,1,2,,problem_solving
9999,0.002959674115533881,0.004738624098298195,0.4,5.62074112007857,[0.         0.         0.         0.         0.         0.         0.         0.         0.         0.         0.         0.         0.         0.         0.         0.         0.01205407 0.         0.         0.         0.         0.         0.         0.         0.         0.98794593 0.         0.         0.         0.         0.        ],[0. 0. 0. 0. 0. 0. 0. 0. 0. 0. 0. 0. 0. 0. 0. 0. 1. 0. 0. 0. 0. 0. 0. 0. 0. 1. 0. 0. 0. 0. 0.],2.0,10000,30,0.6,10,1,2,,problem_solving
