iter,cost,return,par,move,X,Z,Q,max_iter,mem_size,mem_consider,sigma,port_n,k,seed,tag
1,0.11916397319662052,0.004090362579633714,0.4,12.857416192825282,[0.         0.         0.         0.         0.         0.         0.         0.         0.         0.0175019  0.         0.         0.         0.         0.0240293  0.         0.         0.         0.         0.         0.         0.01973667 0.         0.         0.         0.92790666 0.         0.01082548 0.         0.         0.        ],[0. 0. 0. 0. 0. 0. 0. 0. 0. 1. 0. 0. 0. 0. 1. 0. 0. 0. 0. 0. 0. 1. 0. 0. 0. 1. 0. 1. 0. 0. 0.],5.0,10000,30,0.6,10,1,5,,problem_solving
100,0.029332330224464107,0.010299854769317184,0.4,-0.9682971181539761,[0.         0.         0.         0.01064816 0.         0.02402614 0.         0.         0.01543742 0.         0.         0.         0.02136012 0.         0.         0.         0.         0.         0.         0.         0.         0.         0.         0.         0.         0.92852817 0.         0.         0.         0.         0.        ],[0. 0. 0. 1. 0. 1. 0. 0. 1. 0. 0. 0. 1. 0. 0. 0. 0. 0. 0. 0. 0. 0. 0. 0. 0. 1. 0. 0. 0. 0. 0.],5.0,10000,30,0.6,10,1,5,,problem_solving
200,0.01814961827591158,0.00461666706129947,0.4,7.989042878270874,[0.         0.         0.         0.         0.         0.         0.         0.         0.         0.         0.         0.         0.         0.         0.         0.         0.         0.         0.         0.         0.         0.         0.         0.         0.01412429 0.92894446 0.         0.02089188 0.         0.02164596 0.01439342],[0. 0. 0. 0. 0. 0. 0. 0. 0. 0. 0. 0. 0. 0. 0. 0. 0. 0. 0. 0. 0. 0. 0. 0. 1. 1. 0. 1. 0. 1. 1.],5.0,10000,30,0.6,10,1,5,,problem_solving
300,0.01814961827591158,0.00461666706129947,0.4,-7.745726689269015,[0.         0.         0.         0.         0.         0.         0.         0.         0.         0.         0.         0.         0.         0.         0.         0.         0.         0.         0.         0.         0.         0.         0.         0.         0.01412429 0.92894446 0.         0.02089188 0.         0.02164596 0.01439342],[0. 0. 0. 0. 0. 0. 0. 0. 0. 0. 0. 0. 0. 0. 0. 0. 0. 0. 0. 0. 0. 0. 0. 0. 1. 1. 0. 1. 0. 1. 1.],5.0,10000,30,0.6,10,1,5,,problem_solving
400,0.01814961827591158,0.00461666706129947,0.4,-6.847968796606276,[0.         0.         0.         0.         0.         0.         0.         0.         0.         0.         0.         0.         0.         0.         0.         0.         0.         0.         0.         0.         0.         0.         0.         0.         0.01412429 0.92894446 0.         0.02089188 0.         0.02164596 0.01439342],[0. 0. 0. 0. 0. 0. 0. 0. 0. 0. 0. 0. 0. 0. 0. 0. 0. 0. 0. 0. 0. 0. 0. 0. 1. 1. 0. 1. 0. 1. 1.],5.0,10000,30,0.6,10,1,5,,problem_solving
500,0.01814961827591158,0.00461666706129947,0.4,-0.27890633623805544,[0.         0.         0.         0.         0.         0.         0.         0.         0.         0.         0.         0.         0.         0.         0.         0.         0.         0.         0.         0.         0.         0.         0.         0.         0.01412429 0.92894446 0.         0.02089188 0.         0.02164596 0.01439342],[0. 0. 0. 0. 0. 0. 0. 0. 0. 0. 0. 0. 0. 0. 0. 0. 0. 0. 0. 0. 0. 0. 0. 0. 1. 1. 0. 1. 0. 1. 1.],5.0,10000,30,0.6,10,1,5,,problem_solving
600,0.01814961827591158,0.00461666706129947,0.4,8.479016293355047,[0.         0.         0.         0.         0.         0.         0.         0.         0.         0.         0.         0.         0.         0.         0.         0.         0.         0.         0.         0.         0.         0.         0.         0.         0.01412429 0.92894446 0.         0.02089188 0.         0.02164596 0.01439342],[0. 0. 0. 0. 0. 0. 0. 0. 0. 0. 0. 0. 0. 0. 0. 0. 0. 0. 0. 0. 0. 0. 0. 0. 1. 1. 0. 1. 0. 1. 1.],5.0,10000,30,0.6,10,1,5,,problem_solving
700,0.01814961827591158,0.00461666706129947,0.4,2.6573322285851146,[0.         0.         0.         0.         0.         0.         0.         0.         0.         0.         0.         0.         0.         0.         0.         0.         0.         0.         0.         0.         0.         0.         0.         0.         0.01412429 0.92894446 0.         0.02089188 0.         0.02164596 0.01439342],[0. 0. 0. 0. 0. 0. 0. 0. 0. 0. 0. 0. 0. 0. 0. 0. 0. 0. 0. 0. 0. 0. 0. 0. 1. 1. 0. 1. 0. 1. 1.],5.0,10000,30,0.6,10,1,5,,problem_solving
800,0.01814961827591158,0.00461666706129947,0.4,-6.206669718815762,[0.         0.         0.         0.         0.         0.         0.         0.         0.         0.         0.         0.         0.         0.         0.         0.         0.         0.         0.         0.         0.         0.         0.         0.         0.01412429 0.92894446 0.         0.02089188 0.         0.02164596 0.01439342],[0. 0. 0. 0. 0. 0. 0. 0. 0. 0. 0. 0. 0. 0. 0. 0. 0. 0. 0. 0. 0. 0. 0. 0. 1. 1. 0. 1. 0. 1. 1.],5.0,10000,30,0.6,10,1,5,,problem_solving
900,0.01814961827591158,0.00461666706129947,0.4,-7.699376316341377,[0.         0.         0.         0.         0.         0.         0.         0.         0.         0.         0.         0.         0.         0.         0.         0.         0.         0.         0.         0.         0.         0.         0.         0.         0.01412429 0.92894446 0.         0.02089188 0.         0.02164596 0.01439342],[0. 0. 0. 0. 0. 0. 0. 0. 0. 0. 0. 0. 0. 0. 0. 0. 0. 0. 0. 0. 0. 0. 0. 0. 1. 1. 0. 1. 0. 1. 1.],5.0,10000,30,0.6,10,1,5,,problem_solving
1000,0.017379749402606372,0.004782047413109938,0.4,-16.052950758262664,[0.         0.         0.         0.         0.         0.         0.         0.01980983 0.0202417  0.         0.         0.         0.         0.0200704  0.         0.         0.         0.         0.         0.         0.         0.         0.         0.         0.         0.92441456 0.         0.01546351 0.         0.         0.        ],[0. 0. 0. 0. 0. 0. 0. 1. 1. 0. 0. 0. 0. 1. 0. 0. 0. 0. 0. 0. 0. 0. 0. 0. 0. 1. 0. 1. 0. 0. 0.],5.0,10000,30,0.6,10,1,5,,problem_solving
1100,0.017379749402606372,0.004782047413109938,0.4,1.3669569587530472,[0.         0.         0.         0.         0.         0.         0.         0.01980983 0.0202417  0.         0.         0.         0.         0.0200704  0.         0.         0.         0.         0.         0.         0.         0.         0.         0.         0.         0.92441456 0.         0.01546351 0.         0.         0.        ],[0. 0. 0. 0. 0. 0. 0. 1. 1. 0. 0. 0. 0. 1. 0. 0. 0. 0. 0. 0. 0. 0. 0. 0. 0. 1. 0. 1. 0. 0. 0.],5.0,10000,30,0.6,10,1,5,,problem_solving
1200,0.017379749402606372,0.004782047413109938,0.4,-13.70389368466816,[0.         0.         0.         0.         0.         0.         0.         0.01980983 0.0202417  0.         0.         0.         0.         0.0200704  0.         0.         0.         0.         0.         0.         0.         0.         0.         0.         0.         0.92441456 0.         0.01546351 0.         0.         0.        ],[0. 0. 0. 0. 0. 0. 0. 1. 1. 0. 0. 0. 0. 1. 0. 0. 0. 0. 0. 0. 0. 0. 0. 0. 0. 1. 0. 1. 0. 0. 0.],5.0,10000,30,0.6,10,1,5,,problem_solving
1300,0.017379749402606372,0.004782047413109938,0.4,4.066014262925618,[0.         0.         0.         0.         0.         0.         0.         0.01980983 0.0202417  0.         0.         0.         0.         0.0200704  0.         0.         0.         0.         0.         0.         0.         0.         0.         0.         0.         0.92441456 0.         0.01546351 0.         0.         0.        ],[0. 0. 0. 0. 0. 0. 0. 1. 1. 0. 0. 0. 0. 1. 0. 0. 0. 0. 0. 0. 0. 0. 0. 0. 0. 1. 0. 1. 0. 0. 0.],5.0,10000,30,0.6,10,1,5,,problem_solving
1400,0.016127602176896235,0.004628859055766388,0.4,2.8041914740908664,[0.         0.         0.01163433 0.         0.         0.         0.         0.         0.         0.         0.         0.         0.         0.         0.         0.         0.         0.         0.         0.         0.01220209 0.         0.         0.         0.         0.93486843 0.         0.01146403 0.         0.         0.02983113],[0. 0. 1. 0. 0. 0. 0. 0. 0. 0. 0. 0. 0. 0. 0. 0. 0. 0. 0. 0. 1. 0. 0. 0. 0. 1. 0. 1. 0. 0. 1.],5.0,10000,30,0.6,10,1,5,,problem_solving
1500,0.016127602176896235,0.004628859055766388,0.4,-2.7753725500639206,[0.         0.         0.01163433 0.         0.         0.         0.         0.         0.         0.         0.         0.         0.         0.         0.         0.         0.         0.         0.         0.         0.01220209 0.         0.         0.         0.         0.93486843 0.         0.01146403 0.         0.         0.02983113],[0. 0. 1. 0. 0. 0. 0. 0. 0. 0. 0. 0. 0. 0. 0. 0. 0. 0. 0. 0. 1. 0. 0. 0. 0. 1. 0. 1. 0. 0. 1.],5.0,10000,30,0.6,10,1,5,,problem_solving
1600,0.016127602176896235,0.004628859055766388,0.4,13.35470221468288,[0.         0.         0.01163433 0.         0.         0.         0.         0.         0.         0.         0.         0.         0.         0.         0.         0.         0.         0.         0.         0.         0.01220209 0.         0.         0.         0.         0.93486843 0.         0.01146403 0.         0.         0.02983113],[0. 0. 1. 0. 0. 0. 0. 0. 0. 0. 0. 0. 0. 0. 0. 0. 0. 0. 0. 0. 1. 0. 0. 0. 0. 1. 0. 1. 0. 0. 1.],5.0,10000,30,0.6,10,1,5,,problem_solving
1700,0.016127602176896235,0.004628859055766388,0.4,-7.488351160422542,[0.         0.         0.01163433 0.         0.         0.         0.         0.         0.         0.         0.         0.         0.         0.         0.         0.         0.         0.         0.         0.         0.01220209 0.         0.         0.         0.         0.93486843 0.         0.01146403 0.         0.         0.02983113],[0. 0. 1. 0. 0. 0. 0. 0. 0. 0. 0. 0. 0. 0. 0. 0. 0. 0. 0. 0. 1. 0. 0. 0. 0. 1. 0. 1. 0. 0. 1.],5.0,10000,30,0.6,10,1,5,,problem_solving
1800,0.016127602176896235,0.004628859055766388,0.4,4.523564463788966,[0.         0.         0.01163433 0.         0.         0.         0.         0.         0.         0.         0.         0.         0.         0.         0.         0.         0.         0.         0.         0.         0.01220209 0.         0.         0.         0.         0.93486843 0.         0.01146403 0.         0.         0.02983113],[0. 0. 1. 0. 0. 0. 0. 0. 0. 0. 0. 0. 0. 0. 0. 0. 0. 0. 0. 0. 1. 0. 0. 0. 0. 1. 0. 1. 0. 0. 1.],5.0,10000,30,0.6,10,1,5,,problem_solving
1900,0.016127602176896235,0.004628859055766388,0.4,-23.849403142835605,[0.         0.         0.01163433 0.         0.         0.         0.         0.         0.         0.         0.         0.         0.         0.         0.         0.         0.         0.         0.         0.         0.01220209 0.         0.         0.         0.         0.93486843 0.         0.01146403 0.         0.         0.02983113],[0. 0. 1. 0. 0. 0. 0. 0. 0. 0. 0. 0. 0. 0. 0. 0. 0. 0. 0. 0. 1. 0. 0. 0. 0. 1. 0. 1. 0. 0. 1.],5.0,10000,30,0.6,10,1,5,,problem_solving
2000,0.016127602176896235,0.004628859055766388,0.4,6.980957691745297,[0.         0.         0.01163433 0.         0.         0.         0.         0.         0.         0.         0.         0.         0.         0.         0.         0.         0.         0.         0.         0.         0.01220209 0.         0.         0.         0.         0.93486843 0.         0.01146403 0.         0.         0.02983113],[0. 0. 1. 0. 0. 0. 0. 0. 0. 0. 0. 0. 0. 0. 0. 0. 0. 0. 0. 0. 1. 0. 0. 0. 0. 1. 0. 1. 0. 0. 1.],5.0,10000,30,0.6,10,1,5,,problem_solving
2100,0.016127602176896235,0.004628859055766388,0.4,2.816641003186946,[0.         0.         0.01163433 0.         0.         0.         0.         0.         0.         0.         0.         0.         0.         0.         0.         0.         0.         0.         0.         0.         0.01220209 0.         0.         0.         0.         0.93486843 0.         0.01146403 0.         0.         0.02983113],[0. 0. 1. 0. 0. 0. 0. 0. 0. 0. 0. 0. 0. 0. 0. 0. 0. 0. 0. 0. 1. 0. 0. 0. 0. 1. 0. 1. 0. 0. 1.],5.0,10000,30,0.6,10,1,5,,problem_solving
2200,0.016127602176896235,0.004628859055766388,0.4,1.5561889510371096,[0.         0.         0.01163433 0.         0.         0.         0.         0.         0.         0.         0.         0.         0.         0.         0.         0.         0.         0.         0.         0.         0.01220209 0.         0.         0.         0.         0.93486843 0.         0.01146403 0.         0.         0.02983113],[0. 0. 1. 0. 0. 0. 0. 0. 0. 0. 0. 0. 0. 0. 0. 0. 0. 0. 0. 0. 1. 0. 0. 0. 0. 1. 0. 1. 0. 0. 1.],5.0,10000,30,0.6,10,1,5,,problem_solving
2300,0.016127602176896235,0.004628859055766388,0.4,9.471296469379967,[0.         0.         0.01163433 0.         0.         0.         0.         0.         0.         0.         0.         0.         0.         0.         0.         0.         0.         0.         0.         0.         0.01220209 0.         0.         0.         0.         0.93486843 0.         0.01146403 0.         0.         0.02983113],[0. 0. 1. 0. 0. 0. 0. 0. 0. 0. 0. 0. 0. 0. 0. 0. 0. 0. 0. 0. 1. 0. 0. 0. 0. 1. 0. 1. 0. 0. 1.],5.0,10000,30,0.6,10,1,5,,problem_solving
2400,0.016127602176896235,0.004628859055766388,0.4,12.198565030346407,[0.         0.         0.01163433 0.         0.         0.         0.         0.         0.         0.         0.         0.         0.         0.         0.         0.         0.         0.         0.         0.         0.01220209 0.         0.         0.         0.         0.93486843 0.         0.01146403 0.         0.         0.02983113],[0. 0. 1. 0. 0. 0. 0. 0. 0. 0. 0. 0. 0. 0. 0. 0. 0. 0. 0. 0. 1. 0. 0. 0. 0. 1. 0. 1. 0. 0. 1.],5.0,10000,30,0.6,10,1,5,,problem_solving
2500,0.016127602176896235,0.004628859055766388,0.4,5.892161944514543,[0.         0.         0.01163433 0.         0.         0.         0.         0.         0.         0.         0.         0.         0.         0.         0.         0.         0.         0.         0.         0.         0.01220209 0.         0.         0.         0.         0.93486843 0.         0.01146403 0.         0.         0.02983113],[0. 0. 1. 0. 0. 0. 0. 0. 0. 0. 0. 0. 0. 0. 0. 0. 0. 0. 0. 0. 1. 0. 0. 0. 0. 1. 0. 1. 0. 0. 1.],5.0,10000,30,0.6,10,1,5,,problem_solving
2600,0.016127602176896235,0.004628859055766388,0.4,7.814774955286313,[0.         0.         0.01163433 0.         0.         0.         0.         0.         0.         0.         0.         0.         0.         0.         0.         0.         0.         0.         0.         0.         0.01220209 0.         0.         0.         0.         0.93486843 0.         0.01146403 0.         0.         0.02983113],[0. 0. 1. 0. 0. 0. 0. 0. 0. 0. 0. 0. 0. 0. 0. 0. 0. 0. 0. 0. 1. 0. 0. 0. 0. 1. 0. 1. 0. 0. 1.],5.0,10000,30,0.6,10,1,5,,problem_solving
2700,0.016127602176896235,0.004628859055766388,0.4,9.215403183350723,[0.         0.         0.01163433 0.         0.         0.         0.         0.         0.         0.         0.         0.         0.         0.         0.         0.         0.         0.         0.         0.         0.01220209 0.         0.         0.         0.         0.93486843 0.         0.01146403 0.         0.         0.02983113],[0. 0. 1. 0. 0. 0. 0. 0. 0. 0. 0. 0. 0. 0. 0. 0. 0. 0. 0. 0. 1. 0. 0. 0. 0. 1. 0. 1. 0. 0. 1.],5.0,10000,30,0.6,10,1,5,,problem_solving
2800,0.016127602176896235,0.004628859055766388,0.4,7.938810363059767,[0.         0.         0.01163433 0.         0.         0.         0.         0.         0.         0.         0.         0.         0.         0.         0.         0.         0.         0.         0.         0.         0.01220209 0.         0.         0.         0.         0.93486843 0.         0.01146403 0.         0.         0.02983113],[0. 0. 1. 0. 0. 0. 0. 0. 0. 0. 0. 0. 0. 0. 0. 0. 0. 0. 0. 0. 1. 0. 0. 0. 0. 1. 0. 1. 0. 0. 1.],5.0,10000,30,0.6,10,1,5,,problem_solving
2900,0.016127602176896235,0.004628859055766388,0.4,-13.232721597503282,[0.         0.         0.01163433 0.         0.         0.         0.         0.         0.         0.         0.         0.         0.         0.         0.         0.         0.         0.         0.         0.         0.01220209 0.         0.         0.         0.         0.93486843 0.         0.01146403 0.         0.         0.02983113],[0. 0. 1. 0. 0. 0. 0. 0. 0. 0. 0. 0. 0. 0. 0. 0. 0. 0. 0. 0. 1. 0. 0. 0. 0. 1. 0. 1. 0. 0. 1.],5.0,10000,30,0.6,10,1,5,,problem_solving
3000,0.016127602176896235,0.004628859055766388,0.4,6.878852324289414,[0.         0.         0.01163433 0.         0.         0.         0.         0.         0.         0.         0.         0.         0.         0.         0.         0.         0.         0.         0.         0.         0.01220209 0.         0.         0.         0.         0.93486843 0.         0.01146403 0.         0.         0.02983113],[0. 0. 1. 0. 0. 0. 0. 0. 0. 0. 0. 0. 0. 0. 0. 0. 0. 0. 0. 0. 1. 0. 0. 0. 0. 1. 0. 1. 0. 0. 1.],5.0,10000,30,0.6,10,1,5,,problem_solving
3100,0.016127602176896235,0.004628859055766388,0.4,9.889977553354774,[0.         0.         0.01163433 0.         0.         0.         0.         0.         0.         0.         0.         0.         0.         0.         0.         0.         0.         0.         0.         0.         0.01220209 0.         0.         0.         0.         0.93486843 0.         0.01146403 0.         0.         0.02983113],[0. 0. 1. 0. 0. 0. 0. 0. 0. 0. 0. 0. 0. 0. 0. 0. 0. 0. 0. 0. 1. 0. 0. 0. 0. 1. 0. 1. 0. 0. 1.],5.0,10000,30,0.6,10,1,5,,problem_solving
3200,0.016127602176896235,0.004628859055766388,0.4,-9.6134347486464,[0.         0.         0.01163433 0.         0.         0.         0.         0.         0.         0.         0.         0.         0.         0.         0.         0.         0.         0.         0.         0.         0.01220209 0.         0.         0.         0.         0.93486843 0.         0.01146403 0.         0.         0.02983113],[0. 0. 1. 0. 0. 0. 0. 0. 0. 0. 0. 0. 0. 0. 0. 0. 0. 0. 0. 0. 1. 0. 0. 0. 0. 1. 0. 1. 0. 0. 1.],5.0,10000,30,0.6,10,1,5,,problem_solving
3300,0.016127602176896235,0.004628859055766388,0.4,-5.926837838928597,[0.         0.         0.01163433 0.         0.         0.         0.         0.         0.         0.         0.         0.         0.         0.         0.         0.         0.         0.         0.         0.         0.01220209 0.         0.         0.         0.         0.93486843 0.         0.01146403 0.         0.         0.02983113],[0. 0. 1. 0. 0. 0. 0. 0. 0. 0. 0. 0. 0. 0. 0. 0. 0. 0. 0. 0. 1. 0. 0. 0. 0. 1. 0. 1. 0. 0. 1.],5.0,10000,30,0.6,10,1,5,,problem_solving
3400,0.016127602176896235,0.004628859055766388,0.4,-14.775905796163125,[0.         0.         0.01163433 0.         0.         0.         0.         0.         0.         0.         0.         0.         0.         0.         0.         0.         0.         0.         0.         0.         0.01220209 0.         0.         0.         0.         0.93486843 0.         0.01146403 0.         0.         0.02983113],[0. 0. 1. 0. 0. 0. 0. 0. 0. 0. 0. 0. 0. 0. 0. 0. 0. 0. 0. 0. 1. 0. 0. 0. 0. 1. 0. 1. 0. 0. 1.],5.0,10000,30,0.6,10,1,5,,problem_solving
3500,0.016127602176896235,0.004628859055766388,0.4,2.9270016486027988,[0.         0.         0.01163433 0.         0.         0.         0.         0.         0.         0.         0.         0.         0.         0.         0.         0.         0.         0.         0.         0.         0.01220209 0.         0.         0.         0.         0.93486843 0.         0.01146403 0.         0.         0.02983113],[0. 0. 1. 0. 0. 0. 0. 0. 0. 0. 0. 0. 0. 0. 0. 0. 0. 0. 0. 0. 1. 0. 0. 0. 0. 1. 0. 1. 0. 0. 1.],5.0,10000,30,0.6,10,1,5,,problem_solving
3600,0.016127602176896235,0.004628859055766388,0.4,33.164569977982055,[0.         0.         0.01163433 0.         0.         0.         0.         0.         0.         0.         0.         0.         0.         0.         0.         0.         0.         0.         0.         0.         0.01220209 0.         0.         0.         0.         0.93486843 0.         0.01146403 0.         0.         0.02983113],[0. 0. 1. 0. 0. 0. 0. 0. 0. 0. 0. 0. 0. 0. 0. 0. 0. 0. 0. 0. 1. 0. 0. 0. 0. 1. 0. 1. 0. 0. 1.],5.0,10000,30,0.6,10,1,5,,problem_solving
3700,0.016127602176896235,0.004628859055766388,0.4,-17.76987494393387,[0.         0.         0.01163433 0.         0.         0.         0.         0.         0.         0.         0.         0.         0.         0.         0.         0.         0.         0.         0.         0.         0.01220209 0.         0.         0.         0.         0.93486843 0.         0.01146403 0.         0.         0.02983113],[0. 0. 1. 0. 0. 0. 0. 0. 0. 0. 0. 0. 0. 0. 0. 0. 0. 0. 0. 0. 1. 0. 0. 0. 0. 1. 0. 1. 0. 0. 1.],5.0,10000,30,0.6,10,1,5,,problem_solving
3800,0.016127602176896235,0.004628859055766388,0.4,20.78446296051707,[0.         0.         0.01163433 0.         0.         0.         0.         0.         0.         0.         0.         0.         0.         0.         0.         0.         0.         0.         0.         0.         0.01220209 0.         0.         0.         0.         0.93486843 0.         0.01146403 0.         0.         0.02983113],[0. 0. 1. 0. 0. 0. 0. 0. 0. 0. 0. 0. 0. 0. 0. 0. 0. 0. 0. 0. 1. 0. 0. 0. 0. 1. 0. 1. 0. 0. 1.],5.0,10000,30,0.6,10,1,5,,problem_solving
3900,0.016127602176896235,0.004628859055766388,0.4,16.424294449294884,[0.         0.         0.01163433 0.         0.         0.         0.         0.         0.         0.         0.         0.         0.         0.         0.         0.         0.         0.         0.         0.         0.01220209 0.         0.         0.         0.         0.93486843 0.         0.01146403 0.         0.         0.02983113],[0. 0. 1. 0. 0. 0. 0. 0. 0. 0. 0. 0. 0. 0. 0. 0. 0. 0. 0. 0. 1. 0. 0. 0. 0. 1. 0. 1. 0. 0. 1.],5.0,10000,30,0.6,10,1,5,,problem_solving
4000,0.016127602176896235,0.004628859055766388,0.4,0.5409875345019431,[0.         0.         0.01163433 0.         0.         0.         0.         0.         0.         0.         0.         0.         0.         0.         0.         0.         0.         0.         0.         0.         0.01220209 0.         0.         0.         0.         0.93486843 0.         0.01146403 0.         0.         0.02983113],[0. 0. 1. 0. 0. 0. 0. 0. 0. 0. 0. 0. 0. 0. 0. 0. 0. 0. 0. 0. 1. 0. 0. 0. 0. 1. 0. 1. 0. 0. 1.],5.0,10000,30,0.6,10,1,5,,problem_solving
4100,0.016127602176896235,0.004628859055766388,0.4,-3.428262433095809,[0.         0.         0.01163433 0.         0.         0.         0.         0.         0.         0.         0.         0.         0.         0.         0.         0.         0.         0.         0.         0.         0.01220209 0.         0.         0.         0.         0.93486843 0.         0.01146403 0.         0.         0.02983113],[0. 0. 1. 0. 0. 0. 0. 0. 0. 0. 0. 0. 0. 0. 0. 0. 0. 0. 0. 0. 1. 0. 0. 0. 0. 1. 0. 1. 0. 0. 1.],5.0,10000,30,0.6,10,1,5,,problem_solving
4200,0.016127602176896235,0.004628859055766388,0.4,-14.776857911315615,[0.         0.         0.01163433 0.         0.         0.         0.         0.         0.         0.         0.         0.         0.         0.         0.         0.         0.         0.         0.         0.         0.01220209 0.         0.         0.         0.         0.93486843 0.         0.01146403 0.         0.         0.02983113],[0. 0. 1. 0. 0. 0. 0. 0. 0. 0. 0. 0. 0. 0. 0. 0. 0. 0. 0. 0. 1. 0. 0. 0. 0. 1. 0. 1. 0. 0. 1.],5.0,10000,30,0.6,10,1,5,,problem_solving
4300,0.016127602176896235,0.004628859055766388,0.4,23.69985120241088,[0.         0.         0.01163433 0.         0.         0.         0.         0.         0.         0.         0.         0.         0.         0.         0.         0.         0.         0.         0.         0.         0.01220209 0.         0.         0.         0.         0.93486843 0.         0.01146403 0.         0.         0.02983113],[0. 0. 1. 0. 0. 0. 0. 0. 0. 0. 0. 0. 0. 0. 0. 0. 0. 0. 0. 0. 1. 0. 0. 0. 0. 1. 0. 1. 0. 0. 1.],5.0,10000,30,0.6,10,1,5,,problem_solving
4400,0.016127602176896235,0.004628859055766388,0.4,-17.369502190026445,[0.         0.         0.01163433 0.         0.         0.         0.         0.         0.         0.         0.         0.         0.         0.         0.         0.         0.         0.         0.         0.         0.01220209 0.         0.         0.         0.         0.93486843 0.         0.01146403 0.         0.         0.02983113],[0. 0. 1. 0. 0. 0. 0. 0. 0. 0. 0. 0. 0. 0. 0. 0. 0. 0. 0. 0. 1. 0. 0. 0. 0. 1. 0. 1. 0. 0. 1.],5.0,10000,30,0.6,10,1,5,,problem_solving
4500,0.014675725758028078,0.004734108827743859,0.4,-3.5090845166979703,[0.         0.         0.         0.         0.         0.         0.         0.         0.01699443 0.         0.         0.         0.         0.         0.         0.         0.         0.         0.         0.         0.         0.         0.         0.         0.         0.93712512 0.01426506 0.01349617 0.         0.         0.01811922],[0. 0. 0. 0. 0. 0. 0. 0. 1. 0. 0. 0. 0. 0. 0. 0. 0. 0. 0. 0. 0. 0. 0. 0. 0. 1. 1. 1. 0. 0. 1.],5.0,10000,30,0.6,10,1,5,,problem_solving
4600,0.013630431969566287,0.004736739885989079,0.4,4.640197741999758,[0.         0.         0.         0.         0.         0.01059725 0.         0.         0.02560432 0.         0.         0.         0.         0.         0.         0.         0.01286211 0.         0.         0.         0.         0.         0.         0.         0.         0.94035187 0.         0.         0.         0.         0.01058445],[0. 0. 0. 0. 0. 1. 0. 0. 1. 0. 0. 0. 0. 0. 0. 0. 1. 0. 0. 0. 0. 0. 0. 0. 0. 1. 0. 0. 0. 0. 1.],5.0,10000,30,0.6,10,1,5,,problem_solving
4700,0.013630431969566287,0.004736739885989079,0.4,-11.361073730706988,[0.         0.         0.         0.         0.         0.01059725 0.         0.         0.02560432 0.         0.         0.         0.         0.         0.         0.         0.01286211 0.         0.         0.         0.         0.         0.         0.         0.         0.94035187 0.         0.         0.         0.         0.01058445],[0. 0. 0. 0. 0. 1. 0. 0. 1. 0. 0. 0. 0. 0. 0. 0. 1. 0. 0. 0. 0. 0. 0. 0. 0. 1. 0. 0. 0. 0. 1.],5.0,10000,30,0.6,10,1,5,,problem_solving
4800,0.013630431969566287,0.004736739885989079,0.4,-9.54202566058125,[0.         0.         0.         0.         0.         0.01059725 0.         0.         0.02560432 0.         0.         0.         0.         0.         0.         0.         0.01286211 0.         0.         0.         0.         0.         0.         0.         0.         0.94035187 0.         0.         0.         0.         0.01058445],[0. 0. 0. 0. 0. 1. 0. 0. 1. 0. 0. 0. 0. 0. 0. 0. 1. 0. 0. 0. 0. 0. 0. 0. 0. 1. 0. 0. 0. 0. 1.],5.0,10000,30,0.6,10,1,5,,problem_solving
4900,0.013630431969566287,0.004736739885989079,0.4,8.97808666553995,[0.         0.         0.         0.         0.         0.01059725 0.         0.         0.02560432 0.         0.         0.         0.         0.         0.         0.         0.01286211 0.         0.         0.         0.         0.         0.         0.         0.         0.94035187 0.         0.         0.         0.         0.01058445],[0. 0. 0. 0. 0. 1. 0. 0. 1. 0. 0. 0. 0. 0. 0. 0. 1. 0. 0. 0. 0. 0. 0. 0. 0. 1. 0. 0. 0. 0. 1.],5.0,10000,30,0.6,10,1,5,,problem_solving
5000,0.013630431969566287,0.004736739885989079,0.4,12.440202062808117,[0.         0.         0.         0.         0.         0.01059725 0.         0.         0.02560432 0.         0.         0.         0.         0.         0.         0.         0.01286211 0.         0.         0.         0.         0.         0.         0.         0.         0.94035187 0.         0.         0.         0.         0.01058445],[0. 0. 0. 0. 0. 1. 0. 0. 1. 0. 0. 0. 0. 0. 0. 0. 1. 0. 0. 0. 0. 0. 0. 0. 0. 1. 0. 0. 0. 0. 1.],5.0,10000,30,0.6,10,1,5,,problem_solving
5100,0.013630431969566287,0.004736739885989079,0.4,9.009203785687456,[0.         0.         0.         0.         0.         0.01059725 0.         0.         0.02560432 0.         0.         0.         0.         0.         0.         0.         0.01286211 0.         0.         0.         0.         0.         0.         0.         0.         0.94035187 0.         0.         0.         0.         0.01058445],[0. 0. 0. 0. 0. 1. 0. 0. 1. 0. 0. 0. 0. 0. 0. 0. 1. 0. 0. 0. 0. 0. 0. 0. 0. 1. 0. 0. 0. 0. 1.],5.0,10000,30,0.6,10,1,5,,problem_solving
5200,0.013630431969566287,0.004736739885989079,0.4,22.969772857972373,[0.         0.         0.         0.         0.         0.01059725 0.         0.         0.02560432 0.         0.         0.         0.         0.         0.         0.         0.01286211 0.         0.         0.         0.         0.         0.         0.         0.         0.94035187 0.         0.         0.         0.         0.01058445],[0. 0. 0. 0. 0. 1. 0. 0. 1. 0. 0. 0. 0. 0. 0. 0. 1. 0. 0. 0. 0. 0. 0. 0. 0. 1. 0. 0. 0. 0. 1.],5.0,10000,30,0.6,10,1,5,,problem_solving
5300,0.013630431969566287,0.004736739885989079,0.4,15.860128448027822,[0.         0.         0.         0.         0.         0.01059725 0.         0.         0.02560432 0.         0.         0.         0.         0.         0.         0.         0.01286211 0.         0.         0.         0.         0.         0.         0.         0.         0.94035187 0.         0.         0.         0.         0.01058445],[0. 0. 0. 0. 0. 1. 0. 0. 1. 0. 0. 0. 0. 0. 0. 0. 1. 0. 0. 0. 0. 0. 0. 0. 0. 1. 0. 0. 0. 0. 1.],5.0,10000,30,0.6,10,1,5,,problem_solving
5400,0.013630431969566287,0.004736739885989079,0.4,9.78306978449984,[0.         0.         0.         0.         0.         0.01059725 0.         0.         0.02560432 0.         0.         0.         0.         0.         0.         0.         0.01286211 0.         0.         0.         0.         0.         0.         0.         0.         0.94035187 0.         0.         0.         0.         0.01058445],[0. 0. 0. 0. 0. 1. 0. 0. 1. 0. 0. 0. 0. 0. 0. 0. 1. 0. 0. 0. 0. 0. 0. 0. 0. 1. 0. 0. 0. 0. 1.],5.0,10000,30,0.6,10,1,5,,problem_solving
5500,0.013630431969566287,0.004736739885989079,0.4,-23.607681454044677,[0.         0.         0.         0.         0.         0.01059725 0.         0.         0.02560432 0.         0.         0.         0.         0.         0.         0.         0.01286211 0.         0.         0.         0.         0.         0.         0.         0.         0.94035187 0.         0.         0.         0.         0.01058445],[0. 0. 0. 0. 0. 1. 0. 0. 1. 0. 0. 0. 0. 0. 0. 0. 1. 0. 0. 0. 0. 0. 0. 0. 0. 1. 0. 0. 0. 0. 1.],5.0,10000,30,0.6,10,1,5,,problem_solving
5600,0.013630431969566287,0.004736739885989079,0.4,-7.588069093898797,[0.         0.         0.         0.         0.         0.01059725 0.         0.         0.02560432 0.         0.         0.         0.         0.         0.         0.         0.01286211 0.         0.         0.         0.         0.         0.         0.         0.         0.94035187 0.         0.         0.         0.         0.01058445],[0. 0. 0. 0. 0. 1. 0. 0. 1. 0. 0. 0. 0. 0. 0. 0. 1. 0. 0. 0. 0. 0. 0. 0. 0. 1. 0. 0. 0. 0. 1.],5.0,10000,30,0.6,10,1,5,,problem_solving
5700,0.013630431969566287,0.004736739885989079,0.4,4.216362176965155,[0.         0.         0.         0.         0.         0.01059725 0.         0.         0.02560432 0.         0.         0.         0.         0.         0.         0.         0.01286211 0.         0.         0.         0.         0.         0.         0.         0.         0.94035187 0.         0.         0.         0.         0.01058445],[0. 0. 0. 0. 0. 1. 0. 0. 1. 0. 0. 0. 0. 0. 0. 0. 1. 0. 0. 0. 0. 0. 0. 0. 0. 1. 0. 0. 0. 0. 1.],5.0,10000,30,0.6,10,1,5,,problem_solving
5800,0.013630431969566287,0.004736739885989079,0.4,1.6589023486342818,[0.         0.         0.         0.         0.         0.01059725 0.         0.         0.02560432 0.         0.         0.         0.         0.         0.         0.         0.01286211 0.         0.         0.         0.         0.         0.         0.         0.         0.94035187 0.         0.         0.         0.         0.01058445],[0. 0. 0. 0. 0. 1. 0. 0. 1. 0. 0. 0. 0. 0. 0. 0. 1. 0. 0. 0. 0. 0. 0. 0. 0. 1. 0. 0. 0. 0. 1.],5.0,10000,30,0.6,10,1,5,,problem_solving
5900,0.013630431969566287,0.004736739885989079,0.4,15.914438653024428,[0.         0.         0.         0.         0.         0.01059725 0.         0.         0.02560432 0.         0.         0.         0.         0.         0.         0.         0.01286211 0.         0.         0.         0.         0.         0.         0.         0.         0.94035187 0.         0.         0.         0.         0.01058445],[0. 0. 0. 0. 0. 1. 0. 0. 1. 0. 0. 0. 0. 0. 0. 0. 1. 0. 0. 0. 0. 0. 0. 0. 0. 1. 0. 0. 0. 0. 1.],5.0,10000,30,0.6,10,1,5,,problem_solving
6000,0.013630431969566287,0.004736739885989079,0.4,-2.986758100214511,[0.         0.         0.         0.         0.         0.01059725 0.         0.         0.02560432 0.         0.         0.         0.         0.         0.         0.         0.01286211 0.         0.         0.         0.         0.         0.         0.         0.         0.94035187 0.         0.         0.         0.         0.01058445],[0. 0. 0. 0. 0. 1. 0. 0. 1. 0. 0. 0. 0. 0. 0. 0. 1. 0. 0. 0. 0. 0. 0. 0. 0. 1. 0. 0. 0. 0. 1.],5.0,10000,30,0.6,10,1,5,,problem_solving
6100,0.013630431969566287,0.004736739885989079,0.4,-7.352465049076592,[0.         0.         0.         0.         0.         0.01059725 0.         0.         0.02560432 0.         0.         0.         0.         0.         0.         0.         0.01286211 0.         0.         0.         0.         0.         0.         0.         0.         0.94035187 0.         0.         0.         0.         0.01058445],[0. 0. 0. 0. 0. 1. 0. 0. 1. 0. 0. 0. 0. 0. 0. 0. 1. 0. 0. 0. 0. 0. 0. 0. 0. 1. 0. 0. 0. 0. 1.],5.0,10000,30,0.6,10,1,5,,problem_solving
6200,0.013630431969566287,0.004736739885989079,0.4,5.647729546755821,[0.         0.         0.         0.         0.         0.01059725 0.         0.         0.02560432 0.         0.         0.         0.         0.         0.         0.         0.01286211 0.         0.         0.         0.         0.         0.         0.         0.         0.94035187 0.         0.         0.         0.         0.01058445],[0. 0. 0. 0. 0. 1. 0. 0. 1. 0. 0. 0. 0. 0. 0. 0. 1. 0. 0. 0. 0. 0. 0. 0. 0. 1. 0. 0. 0. 0. 1.],5.0,10000,30,0.6,10,1,5,,problem_solving
6300,0.013630431969566287,0.004736739885989079,0.4,0.9589912192066213,[0.         0.         0.         0.         0.         0.01059725 0.         0.         0.02560432 0.         0.         0.         0.         0.         0.         0.         0.01286211 0.         0.         0.         0.         0.         0.         0.         0.         0.94035187 0.         0.         0.         0.         0.01058445],[0. 0. 0. 0. 0. 1. 0. 0. 1. 0. 0. 0. 0. 0. 0. 0. 1. 0. 0. 0. 0. 0. 0. 0. 0. 1. 0. 0. 0. 0. 1.],5.0,10000,30,0.6,10,1,5,,problem_solving
6400,0.013630431969566287,0.004736739885989079,0.4,4.218455366486114,[0.         0.         0.         0.         0.         0.01059725 0.         0.         0.02560432 0.         0.         0.         0.         0.         0.         0.         0.01286211 0.         0.         0.         0.         0.         0.         0.         0.         0.94035187 0.         0.         0.         0.         0.01058445],[0. 0. 0. 0. 0. 1. 0. 0. 1. 0. 0. 0. 0. 0. 0. 0. 1. 0. 0. 0. 0. 0. 0. 0. 0. 1. 0. 0. 0. 0. 1.],5.0,10000,30,0.6,10,1,5,,problem_solving
6500,0.013630431969566287,0.004736739885989079,0.4,4.813500222237171,[0.         0.         0.         0.         0.         0.01059725 0.         0.         0.02560432 0.         0.         0.         0.         0.         0.         0.         0.01286211 0.         0.         0.         0.         0.         0.         0.         0.         0.94035187 0.         0.         0.         0.         0.01058445],[0. 0. 0. 0. 0. 1. 0. 0. 1. 0. 0. 0. 0. 0. 0. 0. 1. 0. 0. 0. 0. 0. 0. 0. 0. 1. 0. 0. 0. 0. 1.],5.0,10000,30,0.6,10,1,5,,problem_solving
6600,0.013630431969566287,0.004736739885989079,0.4,-0.7388316097267135,[0.         0.         0.         0.         0.         0.01059725 0.         0.         0.02560432 0.         0.         0.         0.         0.         0.         0.         0.01286211 0.         0.         0.         0.         0.         0.         0.         0.         0.94035187 0.         0.         0.         0.         0.01058445],[0. 0. 0. 0. 0. 1. 0. 0. 1. 0. 0. 0. 0. 0. 0. 0. 1. 0. 0. 0. 0. 0. 0. 0. 0. 1. 0. 0. 0. 0. 1.],5.0,10000,30,0.6,10,1,5,,problem_solving
6700,0.013630431969566287,0.004736739885989079,0.4,0.3220386752197669,[0.         0.         0.         0.         0.         0.01059725 0.         0.         0.02560432 0.         0.         0.         0.         0.         0.         0.         0.01286211 0.         0.         0.         0.         0.         0.         0.         0.         0.94035187 0.         0.         0.         0.         0.01058445],[0. 0. 0. 0. 0. 1. 0. 0. 1. 0. 0. 0. 0. 0. 0. 0. 1. 0. 0. 0. 0. 0. 0. 0. 0. 1. 0. 0. 0. 0. 1.],5.0,10000,30,0.6,10,1,5,,problem_solving
6800,0.013630431969566287,0.004736739885989079,0.4,-7.8205054900473145,[0.         0.         0.         0.         0.         0.01059725 0.         0.         0.02560432 0.         0.         0.         0.         0.         0.         0.         0.01286211 0.         0.         0.         0.         0.         0.         0.         0.         0.94035187 0.         0.         0.         0.         0.01058445],[0. 0. 0. 0. 0. 1. 0. 0. 1. 0. 0. 0. 0. 0. 0. 0. 1. 0. 0. 0. 0. 0. 0. 0. 0. 1. 0. 0. 0. 0. 1.],5.0,10000,30,0.6,10,1,5,,problem_solving
6900,0.013630431969566287,0.004736739885989079,0.4,2.1252205376548954,[0.         0.         0.         0.         0.         0.01059725 0.         0.         0.02560432 0.         0.         0.         0.         0.         0.         0.         0.01286211 0.         0.         0.         0.         0.         0.         0.         0.         0.94035187 0.         0.         0.         0.         0.01058445],[0. 0. 0. 0. 0. 1. 0. 0. 1. 0. 0. 0. 0. 0. 0. 0. 1. 0. 0. 0. 0. 0. 0. 0. 0. 1. 0. 0. 0. 0. 1.],5.0,10000,30,0.6,10,1,5,,problem_solving
7000,0.013630431969566287,0.004736739885989079,0.4,-3.5363809935038075,[0.         0.         0.         0.         0.         0.01059725 0.         0.         0.02560432 0.         0.         0.         0.         0.         0.         0.         0.01286211 0.         0.         0.         0.         0.         0.         0.         0.         0.94035187 0.         0.         0.         0.         0.01058445],[0. 0. 0. 0. 0. 1. 0. 0. 1. 0. 0. 0. 0. 0. 0. 0. 1. 0. 0. 0. 0. 0. 0. 0. 0. 1. 0. 0. 0. 0. 1.],5.0,10000,30,0.6,10,1,5,,problem_solving
7100,0.013630431969566287,0.004736739885989079,0.4,-1.5599084026462333,[0.         0.         0.         0.         0.         0.01059725 0.         0.         0.02560432 0.         0.         0.         0.         0.         0.         0.         0.01286211 0.         0.         0.         0.         0.         0.         0.         0.         0.94035187 0.         0.         0.         0.         0.01058445],[0. 0. 0. 0. 0. 1. 0. 0. 1. 0. 0. 0. 0. 0. 0. 0. 1. 0. 0. 0. 0. 0. 0. 0. 0. 1. 0. 0. 0. 0. 1.],5.0,10000,30,0.6,10,1,5,,problem_solving
7200,0.013630431969566287,0.004736739885989079,0.4,-6.5091689768597725,[0.         0.         0.         0.         0.         0.01059725 0.         0.         0.02560432 0.         0.         0.         0.         0.         0.         0.         0.01286211 0.         0.         0.         0.         0.         0.         0.         0.         0.94035187 0.         0.         0.         0.         0.01058445],[0. 0. 0. 0. 0. 1. 0. 0. 1. 0. 0. 0. 0. 0. 0. 0. 1. 0. 0. 0. 0. 0. 0. 0. 0. 1. 0. 0. 0. 0. 1.],5.0,10000,30,0.6,10,1,5,,problem_solving
7300,0.013630431969566287,0.004736739885989079,0.4,-7.603307908142477,[0.         0.         0.         0.         0.         0.01059725 0.         0.         0.02560432 0.         0.         0.         0.         0.         0.         0.         0.01286211 0.         0.         0.         0.         0.         0.         0.         0.         0.94035187 0.         0.         0.         0.         0.01058445],[0. 0. 0. 0. 0. 1. 0. 0. 1. 0. 0. 0. 0. 0. 0. 0. 1. 0. 0. 0. 0. 0. 0. 0. 0. 1. 0. 0. 0. 0. 1.],5.0,10000,30,0.6,10,1,5,,problem_solving
7400,0.013630431969566287,0.004736739885989079,0.4,-20.28083892587548,[0.         0.         0.         0.         0.         0.01059725 0.         0.         0.02560432 0.         0.         0.         0.         0.         0.         0.         0.01286211 0.         0.         0.         0.         0.         0.         0.         0.         0.94035187 0.         0.         0.         0.         0.01058445],[0. 0. 0. 0. 0. 1. 0. 0. 1. 0. 0. 0. 0. 0. 0. 0. 1. 0. 0. 0. 0. 0. 0. 0. 0. 1. 0. 0. 0. 0. 1.],5.0,10000,30,0.6,10,1,5,,problem_solving
7500,0.013630431969566287,0.004736739885989079,0.4,12.888736158818697,[0.         0.         0.         0.         0.         0.01059725 0.         0.         0.02560432 0.         0.         0.         0.         0.         0.         0.         0.01286211 0.         0.         0.         0.         0.         0.         0.         0.         0.94035187 0.         0.         0.         0.         0.01058445],[0. 0. 0. 0. 0. 1. 0. 0. 1. 0. 0. 0. 0. 0. 0. 0. 1. 0. 0. 0. 0. 0. 0. 0. 0. 1. 0. 0. 0. 0. 1.],5.0,10000,30,0.6,10,1,5,,problem_solving
7600,0.013630431969566287,0.004736739885989079,0.4,-12.130985341841445,[0.         0.         0.         0.         0.         0.01059725 0.         0.         0.02560432 0.         0.         0.         0.         0.         0.         0.         0.01286211 0.         0.         0.         0.         0.         0.         0.         0.         0.94035187 0.         0.         0.         0.         0.01058445],[0. 0. 0. 0. 0. 1. 0. 0. 1. 0. 0. 0. 0. 0. 0. 0. 1. 0. 0. 0. 0. 0. 0. 0. 0. 1. 0. 0. 0. 0. 1.],5.0,10000,30,0.6,10,1,5,,problem_solving
7700,0.013630431969566287,0.004736739885989079,0.4,18.1352700899884,[0.         0.         0.         0.         0.         0.01059725 0.         0.         0.02560432 0.         0.         0.         0.         0.         0.         0.         0.01286211 0.         0.         0.         0.         0.         0.         0.         0.         0.94035187 0.         0.         0.         0.         0.01058445],[0. 0. 0. 0. 0. 1. 0. 0. 1. 0. 0. 0. 0. 0. 0. 0. 1. 0. 0. 0. 0. 0. 0. 0. 0. 1. 0. 0. 0. 0. 1.],5.0,10000,30,0.6,10,1,5,,problem_solving
7800,0.013630431969566287,0.004736739885989079,0.4,3.6296256481408746,[0.         0.         0.         0.         0.         0.01059725 0.         0.         0.02560432 0.         0.         0.         0.         0.         0.         0.         0.01286211 0.         0.         0.         0.         0.         0.         0.         0.         0.94035187 0.         0.         0.         0.         0.01058445],[0. 0. 0. 0. 0. 1. 0. 0. 1. 0. 0. 0. 0. 0. 0. 0. 1. 0. 0. 0. 0. 0. 0. 0. 0. 1. 0. 0. 0. 0. 1.],5.0,10000,30,0.6,10,1,5,,problem_solving
7900,0.013630431969566287,0.004736739885989079,0.4,5.460248493283405,[0.         0.         0.         0.         0.         0.01059725 0.         0.         0.02560432 0.         0.         0.         0.         0.         0.         0.         0.01286211 0.         0.         0.         0.         0.         0.         0.         0.         0.94035187 0.         0.         0.         0.         0.01058445],[0. 0. 0. 0. 0. 1. 0. 0. 1. 0. 0. 0. 0. 0. 0. 0. 1. 0. 0. 0. 0. 0. 0. 0. 0. 1. 0. 0. 0. 0. 1.],5.0,10000,30,0.6,10,1,5,,problem_solving
8000,0.013630431969566287,0.004736739885989079,0.4,12.797599587058428,[0.         0.         0.         0.         0.         0.01059725 0.         0.         0.02560432 0.         0.         0.         0.         0.         0.         0.         0.01286211 0.         0.         0.         0.         0.         0.         0.         0.         0.94035187 0.         0.         0.         0.         0.01058445],[0. 0. 0. 0. 0. 1. 0. 0. 1. 0. 0. 0. 0. 0. 0. 0. 1. 0. 0. 0. 0. 0. 0. 0. 0. 1. 0. 0. 0. 0. 1.],5.0,10000,30,0.6,10,1,5,,problem_solving
8100,0.013630431969566287,0.004736739885989079,0.4,-12.490361283413105,[0.         0.         0.         0.         0.         0.01059725 0.         0.         0.02560432 0.         0.         0.         0.         0.         0.         0.         0.01286211 0.         0.         0.         0.         0.         0.         0.         0.         0.94035187 0.         0.         0.         0.         0.01058445],[0. 0. 0. 0. 0. 1. 0. 0. 1. 0. 0. 0. 0. 0. 0. 0. 1. 0. 0. 0. 0. 0. 0. 0. 0. 1. 0. 0. 0. 0. 1.],5.0,10000,30,0.6,10,1,5,,problem_solving
8200,0.013630431969566287,0.004736739885989079,0.4,21.61451695334412,[0.         0.         0.         0.         0.         0.01059725 0.         0.         0.02560432 0.         0.         0.         0.         0.         0.         0.         0.01286211 0.         0.         0.         0.         0.         0.         0.         0.         0.94035187 0.         0.         0.         0.         0.01058445],[0. 0. 0. 0. 0. 1. 0. 0. 1. 0. 0. 0. 0. 0. 0. 0. 1. 0. 0. 0. 0. 0. 0. 0. 0. 1. 0. 0. 0. 0. 1.],5.0,10000,30,0.6,10,1,5,,problem_solving
8300,0.013630431969566287,0.004736739885989079,0.4,3.228447957427884,[0.         0.         0.         0.         0.         0.01059725 0.         0.         0.02560432 0.         0.         0.         0.         0.         0.         0.         0.01286211 0.         0.         0.         0.         0.         0.         0.         0.         0.94035187 0.         0.         0.         0.         0.01058445],[0. 0. 0. 0. 0. 1. 0. 0. 1. 0. 0. 0. 0. 0. 0. 0. 1. 0. 0. 0. 0. 0. 0. 0. 0. 1. 0. 0. 0. 0. 1.],5.0,10000,30,0.6,10,1,5,,problem_solving
8400,0.013630431969566287,0.004736739885989079,0.4,-0.12090608229354924,[0.         0.         0.         0.         0.         0.01059725 0.         0.         0.02560432 0.         0.         0.         0.         0.         0.         0.         0.01286211 0.         0.         0.         0.         0.         0.         0.         0.         0.94035187 0.         0.         0.         0.         0.01058445],[0. 0. 0. 0. 0. 1. 0. 0. 1. 0. 0. 0. 0. 0. 0. 0. 1. 0. 0. 0. 0. 0. 0. 0. 0. 1. 0. 0. 0. 0. 1.],5.0,10000,30,0.6,10,1,5,,problem_solving
8500,0.013630431969566287,0.004736739885989079,0.4,5.848189146085524,[0.         0.         0.         0.         0.         0.01059725 0.         0.         0.02560432 0.         0.         0.         0.         0.         0.         0.         0.01286211 0.         0.         0.         0.         0.         0.         0.         0.         0.94035187 0.         0.         0.         0.         0.01058445],[0. 0. 0. 0. 0. 1. 0. 0. 1. 0. 0. 0. 0. 0. 0. 0. 1. 0. 0. 0. 0. 0. 0. 0. 0. 1. 0. 0. 0. 0. 1.],5.0,10000,30,0.6,10,1,5,,problem_solving
8600,0.013630431969566287,0.004736739885989079,0.4,-13.792331214094729,[0.         0.         0.         0.         0.         0.01059725 0.         0.         0.02560432 0.         0.         0.         0.         0.         0.         0.         0.01286211 0.         0.         0.         0.         0.         0.         0.         0.         0.94035187 0.         0.         0.         0.         0.01058445],[0. 0. 0. 0. 0. 1. 0. 0. 1. 0. 0. 0. 0. 0. 0. 0. 1. 0. 0. 0. 0. 0. 0. 0. 0. 1. 0. 0. 0. 0. 1.],5.0,10000,30,0.6,10,1,5,,problem_solving
8700,0.013630431969566287,0.004736739885989079,0.4,11.761885133226661,[0.         0.         0.         0.         0.         0.01059725 0.         0.         0.02560432 0.         0.         0.         0.         0.         0.         0.         0.01286211 0.         0.         0.         0.         0.         0.         0.         0.         0.94035187 0.         0.         0.         0.         0.01058445],[0. 0. 0. 0. 0. 1. 0. 0. 1. 0. 0. 0. 0. 0. 0. 0. 1. 0. 0. 0. 0. 0. 0. 0. 0. 1. 0. 0. 0. 0. 1.],5.0,10000,30,0.6,10,1,5,,problem_solving
8800,0.013630431969566287,0.004736739885989079,0.4,-7.466677273820009,[0.         0.         0.         0.         0.         0.01059725 0.         0.         0.02560432 0.         0.         0.         0.         0.         0.         0.         0.01286211 0.         0.         0.         0.         0.         0.         0.         0.         0.94035187 0.         0.         0.         0.         0.01058445],[0. 0. 0. 0. 0. 1. 0. 0. 1. 0. 0. 0. 0. 0. 0. 0. 1. 0. 0. 0. 0. 0. 0. 0. 0. 1. 0. 0. 0. 0. 1.],5.0,10000,30,0.6,10,1,5,,problem_solving
8900,0.013630431969566287,0.004736739885989079,0.4,4.639716827999883,[0.         0.         0.         0.         0.         0.01059725 0.         0.         0.02560432 0.         0.         0.         0.         0.         0.         0.         0.01286211 0.         0.         0.         0.         0.         0.         0.         0.         0.94035187 0.         0.         0.         0.         0.01058445],[0. 0. 0. 0. 0. 1. 0. 0. 1. 0. 0. 0. 0. 0. 0. 0. 1. 0. 0. 0. 0. 0. 0. 0. 0. 1. 0. 0. 0. 0. 1.],5.0,10000,30,0.6,10,1,5,,problem_solving
9000,0.013630431969566287,0.004736739885989079,0.4,13.270368753132068,[0.         0.         0.         0.         0.         0.01059725 0.         0.         0.02560432 0.         0.         0.         0.         0.         0.         0.         0.01286211 0.         0.         0.         0.         0.         0.         0.         0.         0.94035187 0.         0.         0.         0.         0.01058445],[0. 0. 0. 0. 0. 1. 0. 0. 1. 0. 0. 0. 0. 0. 0. 0. 1. 0. 0. 0. 0. 0. 0. 0. 0. 1. 0. 0. 0. 0. 1.],5.0,10000,30,0.6,10,1,5,,problem_solving
9100,0.013630431969566287,0.004736739885989079,0.4,-3.082083697111495,[0.         0.         0.         0.         0.         0.01059725 0.         0.         0.02560432 0.         0.         0.         0.         0.         0.         0.         0.01286211 0.         0.         0.         0.         0.         0.         0.         0.         0.94035187 0.         0.         0.         0.         0.01058445],[0. 0. 0. 0. 0. 1. 0. 0. 1. 0. 0. 0. 0. 0. 0. 0. 1. 0. 0. 0. 0. 0. 0. 0. 0. 1. 0. 0. 0. 0. 1.],5.0,10000,30,0.6,10,1,5,,problem_solving
9200,0.013630431969566287,0.004736739885989079,0.4,-10.03299722896455,[0.         0.         0.         0.         0.         0.01059725 0.         0.         0.02560432 0.         0.         0.         0.         0.         0.         0.         0.01286211 0.         0.         0.         0.         0.         0.         0.         0.         0.94035187 0.         0.         0.         0.         0.01058445],[0. 0. 0. 0. 0. 1. 0. 0. 1. 0. 0. 0. 0. 0. 0. 0. 1. 0. 0. 0. 0. 0. 0. 0. 0. 1. 0. 0. 0. 0. 1.],5.0,10000,30,0.6,10,1,5,,problem_solving
9300,0.013630431969566287,0.004736739885989079,0.4,-6.65695888416665,[0.         0.         0.         0.         0.         0.01059725 0.         0.         0.02560432 0.         0.         0.         0.         0.         0.         0.         0.01286211 0.         0.         0.         0.         0.         0.         0.         0.         0.94035187 0.         0.         0.         0.         0.01058445],[0. 0. 0. 0. 0. 1. 0. 0. 1. 0. 0. 0. 0. 0. 0. 0. 1. 0. 0. 0. 0. 0. 0. 0. 0. 1. 0. 0. 0. 0. 1.],5.0,10000,30,0.6,10,1,5,,problem_solving
9400,0.013630431969566287,0.004736739885989079,0.4,-9.463018578507349,[0.         0.         0.         0.         0.         0.01059725 0.         0.         0.02560432 0.         0.         0.         0.         0.         0.         0.         0.01286211 0.         0.         0.         0.         0.         0.         0.         0.         0.94035187 0.         0.         0.         0.         0.01058445],[0. 0. 0. 0. 0. 1. 0. 0. 1. 0. 0. 0. 0. 0. 0. 0. 1. 0. 0. 0. 0. 0. 0. 0. 0. 1. 0. 0. 0. 0. 1.],5.0,10000,30,0.6,10,1,5,,problem_solving
9500,0.013630431969566287,0.004736739885989079,0.4,-2.878651133948617,[0.         0.         0.         0.         0.         0.01059725 0.         0.         0.02560432 0.         0.         0.         0.         0.         0.         0.         0.01286211 0.         0.         0.         0.         0.         0.         0.         0.         0.94035187 0.         0.         0.         0.         0.01058445],[0. 0. 0. 0. 0. 1. 0. 0. 1. 0. 0. 0. 0. 0. 0. 0. 1. 0. 0. 0. 0. 0. 0. 0. 0. 1. 0. 0. 0. 0. 1.],5.0,10000,30,0.6,10,1,5,,problem_solving
9600,0.013630431969566287,0.004736739885989079,0.4,8.618452493013427,[0.         0.         0.         0.         0.         0.01059725 0.         0.         0.02560432 0.         0.         0.         0.         0.         0.         0.         0.01286211 0.         0.         0.         0.         0.         0.         0.         0.         0.94035187 0.         0.         0.         0.         0.01058445],[0. 0. 0. 0. 0. 1. 0. 0. 1. 0. 0. 0. 0. 0. 0. 0. 1. 0. 0. 0. 0. 0. 0. 0. 0. 1. 0. 0. 0. 0. 1.],5.0,10000,30,0.6,10,1,5,,problem_solving
9700,0.013630431969566287,0.004736739885989079,0.4,7.030538490457442,[0.         0.         0.         0.         0.         0.01059725 0.         0.         0.02560432 0.         0.         0.         0.         0.         0.         0.         0.01286211 0.         0.         0.         0.         0.         0.         0.         0.         0.94035187 0.         0.         0.         0.         0.01058445],[0. 0. 0. 0. 0. 1. 0. 0. 1. 0. 0. 0. 0. 0. 0. 0. 1. 0. 0. 0. 0. 0. 0. 0. 0. 1. 0. 0. 0. 0. 1.],5.0,10000,30,0.6,10,1,5,,problem_solving
9800,0.013630431969566287,0.004736739885989079,0.4,-2.160213073475474,[0.         0.         0.         0.         0.         0.01059725 0.         0.         0.02560432 0.         0.         0.         0.         0.         0.         0.         0.01286211 0.         0.         0.         0.         0.         0.         0.         0.         0.94035187 0.         0.         0.         0.         0.01058445],[0. 0. 0. 0. 0. 1. 0. 0. 1. 0. 0. 0. 0. 0. 0. 0. 1. 0. 0. 0. 0. 0. 0. 0. 0. 1. 0. 0. 0. 0. 1.],5.0,10000,30,0.6,10,1,5,,problem_solving
9900,0.013630431969566287,0.004736739885989079,0.4,-8.354947896392469,[0.         0.         0.         0.         0.         0.01059725 0.         0.         0.02560432 0.         0.         0.         0.         0.         0.         0.         0.01286211 0.         0.         0.         0.         0.         0.         0.         0.         0.94035187 0.         0.         0.         0.         0.01058445],[0. 0. 0. 0. 0. 1. 0. 0. 1. 0. 0. 0. 0. 0. 0. 0. 1. 0. 0. 0. 0. 0. 0. 0. 0. 1. 0. 0. 0. 0. 1.],5.0,10000,30,0.6,10,1,5,,problem_solving
9999,0.013630431969566287,0.004736739885989079,0.4,13.295404477580263,[0.         0.         0.         0.         0.         0.01059725 0.         0.         0.02560432 0.         0.         0.         0.         0.         0.         0.         0.01286211 0.         0.         0.         0.         0.         0.         0.         0.         0.94035187 0.         0.         0.         0.         0.01058445],[0. 0. 0. 0. 0. 1. 0. 0. 1. 0. 0. 0. 0. 0. 0. 0. 1. 0. 0. 0. 0. 0. 0. 0. 0. 1. 0. 0. 0. 0. 1.],5.0,10000,30,0.6,10,1,5,,problem_solving
