iter,cost,return,par,move,X,Z,Q,max_iter,mem_size,mem_consider,sigma,port_n,k,seed,tag
1,0.15229058924728628,0.004572523111469774,0.4,-13.560947087832671,[0.         0.         0.         0.         0.02268709 0.         0.01827197 0.         0.         0.         0.         0.01426111 0.         0.         0.01095968 0.         0.02398512 0.         0.         0.         0.         0.         0.         0.         0.         0.88626662 0.         0.01102718 0.         0.         0.01254123],[0. 0. 0. 0. 1. 0. 1. 0. 0. 0. 0. 1. 0. 0. 1. 0. 1. 0. 0. 0. 0. 0. 0. 0. 0. 1. 0. 1. 0. 0. 1.],8.0,10000,30,0.6,10,1,8,,problem_solving
100,0.03722407259521484,0.004678002297391714,0.4,-23.477532406209612,[0.         0.         0.         0.         0.88950698 0.         0.         0.         0.         0.         0.01989866 0.         0.         0.         0.         0.         0.         0.         0.         0.01062755 0.         0.         0.         0.02017995 0.         0.         0.0115873  0.01337037 0.         0.01954442 0.01528477],[0. 0. 0. 0. 1. 0. 0. 0. 0. 0. 1. 0. 0. 0. 0. 0. 0. 0. 0. 1. 0. 0. 0. 1. 0. 0. 1. 1. 0. 1. 1.],8.0,10000,30,0.6,10,1,8,,problem_solving
200,0.03722407259521484,0.004678002297391714,0.4,-3.953951812226,[0.         0.         0.         0.         0.88950698 0.         0.         0.         0.         0.         0.01989866 0.         0.         0.         0.         0.         0.         0.         0.         0.01062755 0.         0.         0.         0.02017995 0.         0.         0.0115873  0.01337037 0.         0.01954442 0.01528477],[0. 0. 0. 0. 1. 0. 0. 0. 0. 0. 1. 0. 0. 0. 0. 0. 0. 0. 0. 1. 0. 0. 0. 1. 0. 0. 1. 1. 0. 1. 1.],8.0,10000,30,0.6,10,1,8,,problem_solving
300,0.028828595180554865,0.004732683856555796,0.4,5.4607071895018695,[0.         0.         0.         0.         0.         0.         0.         0.01721852 0.         0.         0.         0.         0.02024362 0.         0.         0.         0.         0.         0.02024397 0.         0.         0.         0.01067387 0.01056101 0.01195053 0.89826211 0.         0.         0.         0.01084636 0.        ],[0. 0. 0. 0. 0. 0. 0. 1. 0. 0. 0. 0. 1. 0. 0. 0. 0. 0. 1. 0. 0. 0. 1. 1. 1. 1. 0. 0. 0. 1. 0.],8.0,10000,30,0.6,10,1,8,,problem_solving
400,0.028828595180554865,0.004732683856555796,0.4,15.365756972351111,[0.         0.         0.         0.         0.         0.         0.         0.01721852 0.         0.         0.         0.         0.02024362 0.         0.         0.         0.         0.         0.02024397 0.         0.         0.         0.01067387 0.01056101 0.01195053 0.89826211 0.         0.         0.         0.01084636 0.        ],[0. 0. 0. 0. 0. 0. 0. 1. 0. 0. 0. 0. 1. 0. 0. 0. 0. 0. 1. 0. 0. 0. 1. 1. 1. 1. 0. 0. 0. 1. 0.],8.0,10000,30,0.6,10,1,8,,problem_solving
500,0.028828595180554865,0.004732683856555796,0.4,5.78846646234045,[0.         0.         0.         0.         0.         0.         0.         0.01721852 0.         0.         0.         0.         0.02024362 0.         0.         0.         0.         0.         0.02024397 0.         0.         0.         0.01067387 0.01056101 0.01195053 0.89826211 0.         0.         0.         0.01084636 0.        ],[0. 0. 0. 0. 0. 0. 0. 1. 0. 0. 0. 0. 1. 0. 0. 0. 0. 0. 1. 0. 0. 0. 1. 1. 1. 1. 0. 0. 0. 1. 0.],8.0,10000,30,0.6,10,1,8,,problem_solving
600,0.028828595180554865,0.004732683856555796,0.4,6.285982710765683,[0.         0.         0.         0.         0.         0.         0.         0.01721852 0.         0.         0.         0.         0.02024362 0.         0.         0.         0.         0.         0.02024397 0.         0.         0.         0.01067387 0.01056101 0.01195053 0.89826211 0.         0.         0.         0.01084636 0.        ],[0. 0. 0. 0. 0. 0. 0. 1. 0. 0. 0. 0. 1. 0. 0. 0. 0. 0. 1. 0. 0. 0. 1. 1. 1. 1. 0. 0. 0. 1. 0.],8.0,10000,30,0.6,10,1,8,,problem_solving
700,0.028828595180554865,0.004732683856555796,0.4,1.0665190692059072,[0.         0.         0.         0.         0.         0.         0.         0.01721852 0.         0.         0.         0.         0.02024362 0.         0.         0.         0.         0.         0.02024397 0.         0.         0.         0.01067387 0.01056101 0.01195053 0.89826211 0.         0.         0.         0.01084636 0.        ],[0. 0. 0. 0. 0. 0. 0. 1. 0. 0. 0. 0. 1. 0. 0. 0. 0. 0. 1. 0. 0. 0. 1. 1. 1. 1. 0. 0. 0. 1. 0.],8.0,10000,30,0.6,10,1,8,,problem_solving
800,0.028828595180554865,0.004732683856555796,0.4,-2.592606138689439,[0.         0.         0.         0.         0.         0.         0.         0.01721852 0.         0.         0.         0.         0.02024362 0.         0.         0.         0.         0.         0.02024397 0.         0.         0.         0.01067387 0.01056101 0.01195053 0.89826211 0.         0.         0.         0.01084636 0.        ],[0. 0. 0. 0. 0. 0. 0. 1. 0. 0. 0. 0. 1. 0. 0. 0. 0. 0. 1. 0. 0. 0. 1. 1. 1. 1. 0. 0. 0. 1. 0.],8.0,10000,30,0.6,10,1,8,,problem_solving
900,0.028828595180554865,0.004732683856555796,0.4,12.271230899084083,[0.         0.         0.         0.         0.         0.         0.         0.01721852 0.         0.         0.         0.         0.02024362 0.         0.         0.         0.         0.         0.02024397 0.         0.         0.         0.01067387 0.01056101 0.01195053 0.89826211 0.         0.         0.         0.01084636 0.        ],[0. 0. 0. 0. 0. 0. 0. 1. 0. 0. 0. 0. 1. 0. 0. 0. 0. 0. 1. 0. 0. 0. 1. 1. 1. 1. 0. 0. 0. 1. 0.],8.0,10000,30,0.6,10,1,8,,problem_solving
1000,0.028828595180554865,0.004732683856555796,0.4,-3.2779910583100036,[0.         0.         0.         0.         0.         0.         0.         0.01721852 0.         0.         0.         0.         0.02024362 0.         0.         0.         0.         0.         0.02024397 0.         0.         0.         0.01067387 0.01056101 0.01195053 0.89826211 0.         0.         0.         0.01084636 0.        ],[0. 0. 0. 0. 0. 0. 0. 1. 0. 0. 0. 0. 1. 0. 0. 0. 0. 0. 1. 0. 0. 0. 1. 1. 1. 1. 0. 0. 0. 1. 0.],8.0,10000,30,0.6,10,1,8,,problem_solving
1100,0.028828595180554865,0.004732683856555796,0.4,-6.761370532356058,[0.         0.         0.         0.         0.         0.         0.         0.01721852 0.         0.         0.         0.         0.02024362 0.         0.         0.         0.         0.         0.02024397 0.         0.         0.         0.01067387 0.01056101 0.01195053 0.89826211 0.         0.         0.         0.01084636 0.        ],[0. 0. 0. 0. 0. 0. 0. 1. 0. 0. 0. 0. 1. 0. 0. 0. 0. 0. 1. 0. 0. 0. 1. 1. 1. 1. 0. 0. 0. 1. 0.],8.0,10000,30,0.6,10,1,8,,problem_solving
1200,0.028828595180554865,0.004732683856555796,0.4,5.065493169110267,[0.         0.         0.         0.         0.         0.         0.         0.01721852 0.         0.         0.         0.         0.02024362 0.         0.         0.         0.         0.         0.02024397 0.         0.         0.         0.01067387 0.01056101 0.01195053 0.89826211 0.         0.         0.         0.01084636 0.        ],[0. 0. 0. 0. 0. 0. 0. 1. 0. 0. 0. 0. 1. 0. 0. 0. 0. 0. 1. 0. 0. 0. 1. 1. 1. 1. 0. 0. 0. 1. 0.],8.0,10000,30,0.6,10,1,8,,problem_solving
1300,0.028828595180554865,0.004732683856555796,0.4,-5.791842891114378,[0.         0.         0.         0.         0.         0.         0.         0.01721852 0.         0.         0.         0.         0.02024362 0.         0.         0.         0.         0.         0.02024397 0.         0.         0.         0.01067387 0.01056101 0.01195053 0.89826211 0.         0.         0.         0.01084636 0.        ],[0. 0. 0. 0. 0. 0. 0. 1. 0. 0. 0. 0. 1. 0. 0. 0. 0. 0. 1. 0. 0. 0. 1. 1. 1. 1. 0. 0. 0. 1. 0.],8.0,10000,30,0.6,10,1,8,,problem_solving
1400,0.028828595180554865,0.004732683856555796,0.4,3.797183152340558,[0.         0.         0.         0.         0.         0.         0.         0.01721852 0.         0.         0.         0.         0.02024362 0.         0.         0.         0.         0.         0.02024397 0.         0.         0.         0.01067387 0.01056101 0.01195053 0.89826211 0.         0.         0.         0.01084636 0.        ],[0. 0. 0. 0. 0. 0. 0. 1. 0. 0. 0. 0. 1. 0. 0. 0. 0. 0. 1. 0. 0. 0. 1. 1. 1. 1. 0. 0. 0. 1. 0.],8.0,10000,30,0.6,10,1,8,,problem_solving
1500,0.02593034662653951,0.00468345380903023,0.4,1.1973084707211052,[0.         0.         0.         0.         0.01610364 0.02435487 0.         0.         0.         0.         0.         0.01082929 0.         0.         0.         0.01068392 0.01335636 0.         0.         0.         0.01263265 0.         0.01065032 0.         0.         0.90138896 0.         0.         0.         0.         0.        ],[0. 0. 0. 0. 1. 1. 0. 0. 0. 0. 0. 1. 0. 0. 0. 1. 1. 0. 0. 0. 1. 0. 1. 0. 0. 1. 0. 0. 0. 0. 0.],8.0,10000,30,0.6,10,1,8,,problem_solving
1600,0.02593034662653951,0.00468345380903023,0.4,23.648184166915918,[0.         0.         0.         0.         0.01610364 0.02435487 0.         0.         0.         0.         0.         0.01082929 0.         0.         0.         0.01068392 0.01335636 0.         0.         0.         0.01263265 0.         0.01065032 0.         0.         0.90138896 0.         0.         0.         0.         0.        ],[0. 0. 0. 0. 1. 1. 0. 0. 0. 0. 0. 1. 0. 0. 0. 1. 1. 0. 0. 0. 1. 0. 1. 0. 0. 1. 0. 0. 0. 0. 0.],8.0,10000,30,0.6,10,1,8,,problem_solving
1700,0.02593034662653951,0.00468345380903023,0.4,3.831600841112403,[0.         0.         0.         0.         0.01610364 0.02435487 0.         0.         0.         0.         0.         0.01082929 0.         0.         0.         0.01068392 0.01335636 0.         0.         0.         0.01263265 0.         0.01065032 0.         0.         0.90138896 0.         0.         0.         0.         0.        ],[0. 0. 0. 0. 1. 1. 0. 0. 0. 0. 0. 1. 0. 0. 0. 1. 1. 0. 0. 0. 1. 0. 1. 0. 0. 1. 0. 0. 0. 0. 0.],8.0,10000,30,0.6,10,1,8,,problem_solving
1800,0.02593034662653951,0.00468345380903023,0.4,9.486665972532233,[0.         0.         0.         0.         0.01610364 0.02435487 0.         0.         0.         0.         0.         0.01082929 0.         0.         0.         0.01068392 0.01335636 0.         0.         0.         0.01263265 0.         0.01065032 0.         0.         0.90138896 0.         0.         0.         0.         0.        ],[0. 0. 0. 0. 1. 1. 0. 0. 0. 0. 0. 1. 0. 0. 0. 1. 1. 0. 0. 0. 1. 0. 1. 0. 0. 1. 0. 0. 0. 0. 0.],8.0,10000,30,0.6,10,1,8,,problem_solving
1900,0.02593034662653951,0.00468345380903023,0.4,-12.102847419728779,[0.         0.         0.         0.         0.01610364 0.02435487 0.         0.         0.         0.         0.         0.01082929 0.         0.         0.         0.01068392 0.01335636 0.         0.         0.         0.01263265 0.         0.01065032 0.         0.         0.90138896 0.         0.         0.         0.         0.        ],[0. 0. 0. 0. 1. 1. 0. 0. 0. 0. 0. 1. 0. 0. 0. 1. 1. 0. 0. 0. 1. 0. 1. 0. 0. 1. 0. 0. 0. 0. 0.],8.0,10000,30,0.6,10,1,8,,problem_solving
2000,0.02593034662653951,0.00468345380903023,0.4,-28.31793126346659,[0.         0.         0.         0.         0.01610364 0.02435487 0.         0.         0.         0.         0.         0.01082929 0.         0.         0.         0.01068392 0.01335636 0.         0.         0.         0.01263265 0.         0.01065032 0.         0.         0.90138896 0.         0.         0.         0.         0.        ],[0. 0. 0. 0. 1. 1. 0. 0. 0. 0. 0. 1. 0. 0. 0. 1. 1. 0. 0. 0. 1. 0. 1. 0. 0. 1. 0. 0. 0. 0. 0.],8.0,10000,30,0.6,10,1,8,,problem_solving
2100,0.02593034662653951,0.00468345380903023,0.4,-7.462953527305273,[0.         0.         0.         0.         0.01610364 0.02435487 0.         0.         0.         0.         0.         0.01082929 0.         0.         0.         0.01068392 0.01335636 0.         0.         0.         0.01263265 0.         0.01065032 0.         0.         0.90138896 0.         0.         0.         0.         0.        ],[0. 0. 0. 0. 1. 1. 0. 0. 0. 0. 0. 1. 0. 0. 0. 1. 1. 0. 0. 0. 1. 0. 1. 0. 0. 1. 0. 0. 0. 0. 0.],8.0,10000,30,0.6,10,1,8,,problem_solving
2200,0.02593034662653951,0.00468345380903023,0.4,24.188973957118122,[0.         0.         0.         0.         0.01610364 0.02435487 0.         0.         0.         0.         0.         0.01082929 0.         0.         0.         0.01068392 0.01335636 0.         0.         0.         0.01263265 0.         0.01065032 0.         0.         0.90138896 0.         0.         0.         0.         0.        ],[0. 0. 0. 0. 1. 1. 0. 0. 0. 0. 0. 1. 0. 0. 0. 1. 1. 0. 0. 0. 1. 0. 1. 0. 0. 1. 0. 0. 0. 0. 0.],8.0,10000,30,0.6,10,1,8,,problem_solving
2300,0.02593034662653951,0.00468345380903023,0.4,-11.476597931850636,[0.         0.         0.         0.         0.01610364 0.02435487 0.         0.         0.         0.         0.         0.01082929 0.         0.         0.         0.01068392 0.01335636 0.         0.         0.         0.01263265 0.         0.01065032 0.         0.         0.90138896 0.         0.         0.         0.         0.        ],[0. 0. 0. 0. 1. 1. 0. 0. 0. 0. 0. 1. 0. 0. 0. 1. 1. 0. 0. 0. 1. 0. 1. 0. 0. 1. 0. 0. 0. 0. 0.],8.0,10000,30,0.6,10,1,8,,problem_solving
2400,0.02593034662653951,0.00468345380903023,0.4,-25.063279835739202,[0.         0.         0.         0.         0.01610364 0.02435487 0.         0.         0.         0.         0.         0.01082929 0.         0.         0.         0.01068392 0.01335636 0.         0.         0.         0.01263265 0.         0.01065032 0.         0.         0.90138896 0.         0.         0.         0.         0.        ],[0. 0. 0. 0. 1. 1. 0. 0. 0. 0. 0. 1. 0. 0. 0. 1. 1. 0. 0. 0. 1. 0. 1. 0. 0. 1. 0. 0. 0. 0. 0.],8.0,10000,30,0.6,10,1,8,,problem_solving
2500,0.02593034662653951,0.00468345380903023,0.4,10.286731478015177,[0.         0.         0.         0.         0.01610364 0.02435487 0.         0.         0.         0.         0.         0.01082929 0.         0.         0.         0.01068392 0.01335636 0.         0.         0.         0.01263265 0.         0.01065032 0.         0.         0.90138896 0.         0.         0.         0.         0.        ],[0. 0. 0. 0. 1. 1. 0. 0. 0. 0. 0. 1. 0. 0. 0. 1. 1. 0. 0. 0. 1. 0. 1. 0. 0. 1. 0. 0. 0. 0. 0.],8.0,10000,30,0.6,10,1,8,,problem_solving
2600,0.02593034662653951,0.00468345380903023,0.4,-6.311508888849463,[0.         0.         0.         0.         0.01610364 0.02435487 0.         0.         0.         0.         0.         0.01082929 0.         0.         0.         0.01068392 0.01335636 0.         0.         0.         0.01263265 0.         0.01065032 0.         0.         0.90138896 0.         0.         0.         0.         0.        ],[0. 0. 0. 0. 1. 1. 0. 0. 0. 0. 0. 1. 0. 0. 0. 1. 1. 0. 0. 0. 1. 0. 1. 0. 0. 1. 0. 0. 0. 0. 0.],8.0,10000,30,0.6,10,1,8,,problem_solving
2700,0.02593034662653951,0.00468345380903023,0.4,-4.7378942076190045,[0.         0.         0.         0.         0.01610364 0.02435487 0.         0.         0.         0.         0.         0.01082929 0.         0.         0.         0.01068392 0.01335636 0.         0.         0.         0.01263265 0.         0.01065032 0.         0.         0.90138896 0.         0.         0.         0.         0.        ],[0. 0. 0. 0. 1. 1. 0. 0. 0. 0. 0. 1. 0. 0. 0. 1. 1. 0. 0. 0. 1. 0. 1. 0. 0. 1. 0. 0. 0. 0. 0.],8.0,10000,30,0.6,10,1,8,,problem_solving
2800,0.02593034662653951,0.00468345380903023,0.4,-12.975453338465542,[0.         0.         0.         0.         0.01610364 0.02435487 0.         0.         0.         0.         0.         0.01082929 0.         0.         0.         0.01068392 0.01335636 0.         0.         0.         0.01263265 0.         0.01065032 0.         0.         0.90138896 0.         0.         0.         0.         0.        ],[0. 0. 0. 0. 1. 1. 0. 0. 0. 0. 0. 1. 0. 0. 0. 1. 1. 0. 0. 0. 1. 0. 1. 0. 0. 1. 0. 0. 0. 0. 0.],8.0,10000,30,0.6,10,1,8,,problem_solving
2900,0.02593034662653951,0.00468345380903023,0.4,4.857427538241753,[0.         0.         0.         0.         0.01610364 0.02435487 0.         0.         0.         0.         0.         0.01082929 0.         0.         0.         0.01068392 0.01335636 0.         0.         0.         0.01263265 0.         0.01065032 0.         0.         0.90138896 0.         0.         0.         0.         0.        ],[0. 0. 0. 0. 1. 1. 0. 0. 0. 0. 0. 1. 0. 0. 0. 1. 1. 0. 0. 0. 1. 0. 1. 0. 0. 1. 0. 0. 0. 0. 0.],8.0,10000,30,0.6,10,1,8,,problem_solving
3000,0.02593034662653951,0.00468345380903023,0.4,14.51935926195997,[0.         0.         0.         0.         0.01610364 0.02435487 0.         0.         0.         0.         0.         0.01082929 0.         0.         0.         0.01068392 0.01335636 0.         0.         0.         0.01263265 0.         0.01065032 0.         0.         0.90138896 0.         0.         0.         0.         0.        ],[0. 0. 0. 0. 1. 1. 0. 0. 0. 0. 0. 1. 0. 0. 0. 1. 1. 0. 0. 0. 1. 0. 1. 0. 0. 1. 0. 0. 0. 0. 0.],8.0,10000,30,0.6,10,1,8,,problem_solving
3100,0.02593034662653951,0.00468345380903023,0.4,2.6998785173451627,[0.         0.         0.         0.         0.01610364 0.02435487 0.         0.         0.         0.         0.         0.01082929 0.         0.         0.         0.01068392 0.01335636 0.         0.         0.         0.01263265 0.         0.01065032 0.         0.         0.90138896 0.         0.         0.         0.         0.        ],[0. 0. 0. 0. 1. 1. 0. 0. 0. 0. 0. 1. 0. 0. 0. 1. 1. 0. 0. 0. 1. 0. 1. 0. 0. 1. 0. 0. 0. 0. 0.],8.0,10000,30,0.6,10,1,8,,problem_solving
3200,0.02593034662653951,0.00468345380903023,0.4,18.111285121913095,[0.         0.         0.         0.         0.01610364 0.02435487 0.         0.         0.         0.         0.         0.01082929 0.         0.         0.         0.01068392 0.01335636 0.         0.         0.         0.01263265 0.         0.01065032 0.         0.         0.90138896 0.         0.         0.         0.         0.        ],[0. 0. 0. 0. 1. 1. 0. 0. 0. 0. 0. 1. 0. 0. 0. 1. 1. 0. 0. 0. 1. 0. 1. 0. 0. 1. 0. 0. 0. 0. 0.],8.0,10000,30,0.6,10,1,8,,problem_solving
3300,0.02593034662653951,0.00468345380903023,0.4,7.721366822836131,[0.         0.         0.         0.         0.01610364 0.02435487 0.         0.         0.         0.         0.         0.01082929 0.         0.         0.         0.01068392 0.01335636 0.         0.         0.         0.01263265 0.         0.01065032 0.         0.         0.90138896 0.         0.         0.         0.         0.        ],[0. 0. 0. 0. 1. 1. 0. 0. 0. 0. 0. 1. 0. 0. 0. 1. 1. 0. 0. 0. 1. 0. 1. 0. 0. 1. 0. 0. 0. 0. 0.],8.0,10000,30,0.6,10,1,8,,problem_solving
3400,0.02593034662653951,0.00468345380903023,0.4,-7.419355802895061,[0.         0.         0.         0.         0.01610364 0.02435487 0.         0.         0.         0.         0.         0.01082929 0.         0.         0.         0.01068392 0.01335636 0.         0.         0.         0.01263265 0.         0.01065032 0.         0.         0.90138896 0.         0.         0.         0.         0.        ],[0. 0. 0. 0. 1. 1. 0. 0. 0. 0. 0. 1. 0. 0. 0. 1. 1. 0. 0. 0. 1. 0. 1. 0. 0. 1. 0. 0. 0. 0. 0.],8.0,10000,30,0.6,10,1,8,,problem_solving
3500,0.02593034662653951,0.00468345380903023,0.4,-16.87550486625404,[0.         0.         0.         0.         0.01610364 0.02435487 0.         0.         0.         0.         0.         0.01082929 0.         0.         0.         0.01068392 0.01335636 0.         0.         0.         0.01263265 0.         0.01065032 0.         0.         0.90138896 0.         0.         0.         0.         0.        ],[0. 0. 0. 0. 1. 1. 0. 0. 0. 0. 0. 1. 0. 0. 0. 1. 1. 0. 0. 0. 1. 0. 1. 0. 0. 1. 0. 0. 0. 0. 0.],8.0,10000,30,0.6,10,1,8,,problem_solving
3600,0.02593034662653951,0.00468345380903023,0.4,-8.107141754937015,[0.         0.         0.         0.         0.01610364 0.02435487 0.         0.         0.         0.         0.         0.01082929 0.         0.         0.         0.01068392 0.01335636 0.         0.         0.         0.01263265 0.         0.01065032 0.         0.         0.90138896 0.         0.         0.         0.         0.        ],[0. 0. 0. 0. 1. 1. 0. 0. 0. 0. 0. 1. 0. 0. 0. 1. 1. 0. 0. 0. 1. 0. 1. 0. 0. 1. 0. 0. 0. 0. 0.],8.0,10000,30,0.6,10,1,8,,problem_solving
3700,0.02593034662653951,0.00468345380903023,0.4,-9.091303408709827,[0.         0.         0.         0.         0.01610364 0.02435487 0.         0.         0.         0.         0.         0.01082929 0.         0.         0.         0.01068392 0.01335636 0.         0.         0.         0.01263265 0.         0.01065032 0.         0.         0.90138896 0.         0.         0.         0.         0.        ],[0. 0. 0. 0. 1. 1. 0. 0. 0. 0. 0. 1. 0. 0. 0. 1. 1. 0. 0. 0. 1. 0. 1. 0. 0. 1. 0. 0. 0. 0. 0.],8.0,10000,30,0.6,10,1,8,,problem_solving
3800,0.02593034662653951,0.00468345380903023,0.4,-17.884591231233834,[0.         0.         0.         0.         0.01610364 0.02435487 0.         0.         0.         0.         0.         0.01082929 0.         0.         0.         0.01068392 0.01335636 0.         0.         0.         0.01263265 0.         0.01065032 0.         0.         0.90138896 0.         0.         0.         0.         0.        ],[0. 0. 0. 0. 1. 1. 0. 0. 0. 0. 0. 1. 0. 0. 0. 1. 1. 0. 0. 0. 1. 0. 1. 0. 0. 1. 0. 0. 0. 0. 0.],8.0,10000,30,0.6,10,1,8,,problem_solving
3900,0.02593034662653951,0.00468345380903023,0.4,-7.318700016185819,[0.         0.         0.         0.         0.01610364 0.02435487 0.         0.         0.         0.         0.         0.01082929 0.         0.         0.         0.01068392 0.01335636 0.         0.         0.         0.01263265 0.         0.01065032 0.         0.         0.90138896 0.         0.         0.         0.         0.        ],[0. 0. 0. 0. 1. 1. 0. 0. 0. 0. 0. 1. 0. 0. 0. 1. 1. 0. 0. 0. 1. 0. 1. 0. 0. 1. 0. 0. 0. 0. 0.],8.0,10000,30,0.6,10,1,8,,problem_solving
4000,0.02593034662653951,0.00468345380903023,0.4,0.27048807727242785,[0.         0.         0.         0.         0.01610364 0.02435487 0.         0.         0.         0.         0.         0.01082929 0.         0.         0.         0.01068392 0.01335636 0.         0.         0.         0.01263265 0.         0.01065032 0.         0.         0.90138896 0.         0.         0.         0.         0.        ],[0. 0. 0. 0. 1. 1. 0. 0. 0. 0. 0. 1. 0. 0. 0. 1. 1. 0. 0. 0. 1. 0. 1. 0. 0. 1. 0. 0. 0. 0. 0.],8.0,10000,30,0.6,10,1,8,,problem_solving
4100,0.02593034662653951,0.00468345380903023,0.4,-25.56881822964998,[0.         0.         0.         0.         0.01610364 0.02435487 0.         0.         0.         0.         0.         0.01082929 0.         0.         0.         0.01068392 0.01335636 0.         0.         0.         0.01263265 0.         0.01065032 0.         0.         0.90138896 0.         0.         0.         0.         0.        ],[0. 0. 0. 0. 1. 1. 0. 0. 0. 0. 0. 1. 0. 0. 0. 1. 1. 0. 0. 0. 1. 0. 1. 0. 0. 1. 0. 0. 0. 0. 0.],8.0,10000,30,0.6,10,1,8,,problem_solving
4200,0.02593034662653951,0.00468345380903023,0.4,-1.4502175310866041,[0.         0.         0.         0.         0.01610364 0.02435487 0.         0.         0.         0.         0.         0.01082929 0.         0.         0.         0.01068392 0.01335636 0.         0.         0.         0.01263265 0.         0.01065032 0.         0.         0.90138896 0.         0.         0.         0.         0.        ],[0. 0. 0. 0. 1. 1. 0. 0. 0. 0. 0. 1. 0. 0. 0. 1. 1. 0. 0. 0. 1. 0. 1. 0. 0. 1. 0. 0. 0. 0. 0.],8.0,10000,30,0.6,10,1,8,,problem_solving
4300,0.02593034662653951,0.00468345380903023,0.4,-15.052515283579087,[0.         0.         0.         0.         0.01610364 0.02435487 0.         0.         0.         0.         0.         0.01082929 0.         0.         0.         0.01068392 0.01335636 0.         0.         0.         0.01263265 0.         0.01065032 0.         0.         0.90138896 0.         0.         0.         0.         0.        ],[0. 0. 0. 0. 1. 1. 0. 0. 0. 0. 0. 1. 0. 0. 0. 1. 1. 0. 0. 0. 1. 0. 1. 0. 0. 1. 0. 0. 0. 0. 0.],8.0,10000,30,0.6,10,1,8,,problem_solving
4400,0.02593034662653951,0.00468345380903023,0.4,-12.023005777912621,[0.         0.         0.         0.         0.01610364 0.02435487 0.         0.         0.         0.         0.         0.01082929 0.         0.         0.         0.01068392 0.01335636 0.         0.         0.         0.01263265 0.         0.01065032 0.         0.         0.90138896 0.         0.         0.         0.         0.        ],[0. 0. 0. 0. 1. 1. 0. 0. 0. 0. 0. 1. 0. 0. 0. 1. 1. 0. 0. 0. 1. 0. 1. 0. 0. 1. 0. 0. 0. 0. 0.],8.0,10000,30,0.6,10,1,8,,problem_solving
4500,0.02593034662653951,0.00468345380903023,0.4,-14.784194855078795,[0.         0.         0.         0.         0.01610364 0.02435487 0.         0.         0.         0.         0.         0.01082929 0.         0.         0.         0.01068392 0.01335636 0.         0.         0.         0.01263265 0.         0.01065032 0.         0.         0.90138896 0.         0.         0.         0.         0.        ],[0. 0. 0. 0. 1. 1. 0. 0. 0. 0. 0. 1. 0. 0. 0. 1. 1. 0. 0. 0. 1. 0. 1. 0. 0. 1. 0. 0. 0. 0. 0.],8.0,10000,30,0.6,10,1,8,,problem_solving
4600,0.02593034662653951,0.00468345380903023,0.4,-6.598982305256787,[0.         0.         0.         0.         0.01610364 0.02435487 0.         0.         0.         0.         0.         0.01082929 0.         0.         0.         0.01068392 0.01335636 0.         0.         0.         0.01263265 0.         0.01065032 0.         0.         0.90138896 0.         0.         0.         0.         0.        ],[0. 0. 0. 0. 1. 1. 0. 0. 0. 0. 0. 1. 0. 0. 0. 1. 1. 0. 0. 0. 1. 0. 1. 0. 0. 1. 0. 0. 0. 0. 0.],8.0,10000,30,0.6,10,1,8,,problem_solving
4700,0.02593034662653951,0.00468345380903023,0.4,-9.673024359132153,[0.         0.         0.         0.         0.01610364 0.02435487 0.         0.         0.         0.         0.         0.01082929 0.         0.         0.         0.01068392 0.01335636 0.         0.         0.         0.01263265 0.         0.01065032 0.         0.         0.90138896 0.         0.         0.         0.         0.        ],[0. 0. 0. 0. 1. 1. 0. 0. 0. 0. 0. 1. 0. 0. 0. 1. 1. 0. 0. 0. 1. 0. 1. 0. 0. 1. 0. 0. 0. 0. 0.],8.0,10000,30,0.6,10,1,8,,problem_solving
4800,0.02593034662653951,0.00468345380903023,0.4,3.955068376008973,[0.         0.         0.         0.         0.01610364 0.02435487 0.         0.         0.         0.         0.         0.01082929 0.         0.         0.         0.01068392 0.01335636 0.         0.         0.         0.01263265 0.         0.01065032 0.         0.         0.90138896 0.         0.         0.         0.         0.        ],[0. 0. 0. 0. 1. 1. 0. 0. 0. 0. 0. 1. 0. 0. 0. 1. 1. 0. 0. 0. 1. 0. 1. 0. 0. 1. 0. 0. 0. 0. 0.],8.0,10000,30,0.6,10,1,8,,problem_solving
4900,0.02593034662653951,0.00468345380903023,0.4,4.457165018539612,[0.         0.         0.         0.         0.01610364 0.02435487 0.         0.         0.         0.         0.         0.01082929 0.         0.         0.         0.01068392 0.01335636 0.         0.         0.         0.01263265 0.         0.01065032 0.         0.         0.90138896 0.         0.         0.         0.         0.        ],[0. 0. 0. 0. 1. 1. 0. 0. 0. 0. 0. 1. 0. 0. 0. 1. 1. 0. 0. 0. 1. 0. 1. 0. 0. 1. 0. 0. 0. 0. 0.],8.0,10000,30,0.6,10,1,8,,problem_solving
5000,0.02593034662653951,0.00468345380903023,0.4,-15.145919627453106,[0.         0.         0.         0.         0.01610364 0.02435487 0.         0.         0.         0.         0.         0.01082929 0.         0.         0.         0.01068392 0.01335636 0.         0.         0.         0.01263265 0.         0.01065032 0.         0.         0.90138896 0.         0.         0.         0.         0.        ],[0. 0. 0. 0. 1. 1. 0. 0. 0. 0. 0. 1. 0. 0. 0. 1. 1. 0. 0. 0. 1. 0. 1. 0. 0. 1. 0. 0. 0. 0. 0.],8.0,10000,30,0.6,10,1,8,,problem_solving
5100,0.02593034662653951,0.00468345380903023,0.4,5.250638723072845,[0.         0.         0.         0.         0.01610364 0.02435487 0.         0.         0.         0.         0.         0.01082929 0.         0.         0.         0.01068392 0.01335636 0.         0.         0.         0.01263265 0.         0.01065032 0.         0.         0.90138896 0.         0.         0.         0.         0.        ],[0. 0. 0. 0. 1. 1. 0. 0. 0. 0. 0. 1. 0. 0. 0. 1. 1. 0. 0. 0. 1. 0. 1. 0. 0. 1. 0. 0. 0. 0. 0.],8.0,10000,30,0.6,10,1,8,,problem_solving
5200,0.02593034662653951,0.00468345380903023,0.4,1.4001646586275027,[0.         0.         0.         0.         0.01610364 0.02435487 0.         0.         0.         0.         0.         0.01082929 0.         0.         0.         0.01068392 0.01335636 0.         0.         0.         0.01263265 0.         0.01065032 0.         0.         0.90138896 0.         0.         0.         0.         0.        ],[0. 0. 0. 0. 1. 1. 0. 0. 0. 0. 0. 1. 0. 0. 0. 1. 1. 0. 0. 0. 1. 0. 1. 0. 0. 1. 0. 0. 0. 0. 0.],8.0,10000,30,0.6,10,1,8,,problem_solving
5300,0.02593034662653951,0.00468345380903023,0.4,-24.380072858421023,[0.         0.         0.         0.         0.01610364 0.02435487 0.         0.         0.         0.         0.         0.01082929 0.         0.         0.         0.01068392 0.01335636 0.         0.         0.         0.01263265 0.         0.01065032 0.         0.         0.90138896 0.         0.         0.         0.         0.        ],[0. 0. 0. 0. 1. 1. 0. 0. 0. 0. 0. 1. 0. 0. 0. 1. 1. 0. 0. 0. 1. 0. 1. 0. 0. 1. 0. 0. 0. 0. 0.],8.0,10000,30,0.6,10,1,8,,problem_solving
5400,0.02593034662653951,0.00468345380903023,0.4,4.076420215710563,[0.         0.         0.         0.         0.01610364 0.02435487 0.         0.         0.         0.         0.         0.01082929 0.         0.         0.         0.01068392 0.01335636 0.         0.         0.         0.01263265 0.         0.01065032 0.         0.         0.90138896 0.         0.         0.         0.         0.        ],[0. 0. 0. 0. 1. 1. 0. 0. 0. 0. 0. 1. 0. 0. 0. 1. 1. 0. 0. 0. 1. 0. 1. 0. 0. 1. 0. 0. 0. 0. 0.],8.0,10000,30,0.6,10,1,8,,problem_solving
5500,0.02593034662653951,0.00468345380903023,0.4,-9.197256915510222,[0.         0.         0.         0.         0.01610364 0.02435487 0.         0.         0.         0.         0.         0.01082929 0.         0.         0.         0.01068392 0.01335636 0.         0.         0.         0.01263265 0.         0.01065032 0.         0.         0.90138896 0.         0.         0.         0.         0.        ],[0. 0. 0. 0. 1. 1. 0. 0. 0. 0. 0. 1. 0. 0. 0. 1. 1. 0. 0. 0. 1. 0. 1. 0. 0. 1. 0. 0. 0. 0. 0.],8.0,10000,30,0.6,10,1,8,,problem_solving
5600,0.02593034662653951,0.00468345380903023,0.4,-15.340083546865742,[0.         0.         0.         0.         0.01610364 0.02435487 0.         0.         0.         0.         0.         0.01082929 0.         0.         0.         0.01068392 0.01335636 0.         0.         0.         0.01263265 0.         0.01065032 0.         0.         0.90138896 0.         0.         0.         0.         0.        ],[0. 0. 0. 0. 1. 1. 0. 0. 0. 0. 0. 1. 0. 0. 0. 1. 1. 0. 0. 0. 1. 0. 1. 0. 0. 1. 0. 0. 0. 0. 0.],8.0,10000,30,0.6,10,1,8,,problem_solving
5700,0.02593034662653951,0.00468345380903023,0.4,2.1491318576442024,[0.         0.         0.         0.         0.01610364 0.02435487 0.         0.         0.         0.         0.         0.01082929 0.         0.         0.         0.01068392 0.01335636 0.         0.         0.         0.01263265 0.         0.01065032 0.         0.         0.90138896 0.         0.         0.         0.         0.        ],[0. 0. 0. 0. 1. 1. 0. 0. 0. 0. 0. 1. 0. 0. 0. 1. 1. 0. 0. 0. 1. 0. 1. 0. 0. 1. 0. 0. 0. 0. 0.],8.0,10000,30,0.6,10,1,8,,problem_solving
5800,0.02593034662653951,0.00468345380903023,0.4,-5.94149207328572,[0.         0.         0.         0.         0.01610364 0.02435487 0.         0.         0.         0.         0.         0.01082929 0.         0.         0.         0.01068392 0.01335636 0.         0.         0.         0.01263265 0.         0.01065032 0.         0.         0.90138896 0.         0.         0.         0.         0.        ],[0. 0. 0. 0. 1. 1. 0. 0. 0. 0. 0. 1. 0. 0. 0. 1. 1. 0. 0. 0. 1. 0. 1. 0. 0. 1. 0. 0. 0. 0. 0.],8.0,10000,30,0.6,10,1,8,,problem_solving
5900,0.02593034662653951,0.00468345380903023,0.4,-1.8350221200364059,[0.         0.         0.         0.         0.01610364 0.02435487 0.         0.         0.         0.         0.         0.01082929 0.         0.         0.         0.01068392 0.01335636 0.         0.         0.         0.01263265 0.         0.01065032 0.         0.         0.90138896 0.         0.         0.         0.         0.        ],[0. 0. 0. 0. 1. 1. 0. 0. 0. 0. 0. 1. 0. 0. 0. 1. 1. 0. 0. 0. 1. 0. 1. 0. 0. 1. 0. 0. 0. 0. 0.],8.0,10000,30,0.6,10,1,8,,problem_solving
6000,0.02593034662653951,0.00468345380903023,0.4,3.3183134407946655,[0.         0.         0.         0.         0.01610364 0.02435487 0.         0.         0.         0.         0.         0.01082929 0.         0.         0.         0.01068392 0.01335636 0.         0.         0.         0.01263265 0.         0.01065032 0.         0.         0.90138896 0.         0.         0.         0.         0.        ],[0. 0. 0. 0. 1. 1. 0. 0. 0. 0. 0. 1. 0. 0. 0. 1. 1. 0. 0. 0. 1. 0. 1. 0. 0. 1. 0. 0. 0. 0. 0.],8.0,10000,30,0.6,10,1,8,,problem_solving
6100,0.02593034662653951,0.00468345380903023,0.4,2.29187619057521,[0.         0.         0.         0.         0.01610364 0.02435487 0.         0.         0.         0.         0.         0.01082929 0.         0.         0.         0.01068392 0.01335636 0.         0.         0.         0.01263265 0.         0.01065032 0.         0.         0.90138896 0.         0.         0.         0.         0.        ],[0. 0. 0. 0. 1. 1. 0. 0. 0. 0. 0. 1. 0. 0. 0. 1. 1. 0. 0. 0. 1. 0. 1. 0. 0. 1. 0. 0. 0. 0. 0.],8.0,10000,30,0.6,10,1,8,,problem_solving
6200,0.02593034662653951,0.00468345380903023,0.4,14.509755443120422,[0.         0.         0.         0.         0.01610364 0.02435487 0.         0.         0.         0.         0.         0.01082929 0.         0.         0.         0.01068392 0.01335636 0.         0.         0.         0.01263265 0.         0.01065032 0.         0.         0.90138896 0.         0.         0.         0.         0.        ],[0. 0. 0. 0. 1. 1. 0. 0. 0. 0. 0. 1. 0. 0. 0. 1. 1. 0. 0. 0. 1. 0. 1. 0. 0. 1. 0. 0. 0. 0. 0.],8.0,10000,30,0.6,10,1,8,,problem_solving
6300,0.02593034662653951,0.00468345380903023,0.4,-2.0227208951997637,[0.         0.         0.         0.         0.01610364 0.02435487 0.         0.         0.         0.         0.         0.01082929 0.         0.         0.         0.01068392 0.01335636 0.         0.         0.         0.01263265 0.         0.01065032 0.         0.         0.90138896 0.         0.         0.         0.         0.        ],[0. 0. 0. 0. 1. 1. 0. 0. 0. 0. 0. 1. 0. 0. 0. 1. 1. 0. 0. 0. 1. 0. 1. 0. 0. 1. 0. 0. 0. 0. 0.],8.0,10000,30,0.6,10,1,8,,problem_solving
6400,0.02593034662653951,0.00468345380903023,0.4,-5.820993387967702,[0.         0.         0.         0.         0.01610364 0.02435487 0.         0.         0.         0.         0.         0.01082929 0.         0.         0.         0.01068392 0.01335636 0.         0.         0.         0.01263265 0.         0.01065032 0.         0.         0.90138896 0.         0.         0.         0.         0.        ],[0. 0. 0. 0. 1. 1. 0. 0. 0. 0. 0. 1. 0. 0. 0. 1. 1. 0. 0. 0. 1. 0. 1. 0. 0. 1. 0. 0. 0. 0. 0.],8.0,10000,30,0.6,10,1,8,,problem_solving
6500,0.02593034662653951,0.00468345380903023,0.4,2.6182824393993593,[0.         0.         0.         0.         0.01610364 0.02435487 0.         0.         0.         0.         0.         0.01082929 0.         0.         0.         0.01068392 0.01335636 0.         0.         0.         0.01263265 0.         0.01065032 0.         0.         0.90138896 0.         0.         0.         0.         0.        ],[0. 0. 0. 0. 1. 1. 0. 0. 0. 0. 0. 1. 0. 0. 0. 1. 1. 0. 0. 0. 1. 0. 1. 0. 0. 1. 0. 0. 0. 0. 0.],8.0,10000,30,0.6,10,1,8,,problem_solving
6600,0.02593034662653951,0.00468345380903023,0.4,10.055205674046288,[0.         0.         0.         0.         0.01610364 0.02435487 0.         0.         0.         0.         0.         0.01082929 0.         0.         0.         0.01068392 0.01335636 0.         0.         0.         0.01263265 0.         0.01065032 0.         0.         0.90138896 0.         0.         0.         0.         0.        ],[0. 0. 0. 0. 1. 1. 0. 0. 0. 0. 0. 1. 0. 0. 0. 1. 1. 0. 0. 0. 1. 0. 1. 0. 0. 1. 0. 0. 0. 0. 0.],8.0,10000,30,0.6,10,1,8,,problem_solving
6700,0.02593034662653951,0.00468345380903023,0.4,1.7968529418254735,[0.         0.         0.         0.         0.01610364 0.02435487 0.         0.         0.         0.         0.         0.01082929 0.         0.         0.         0.01068392 0.01335636 0.         0.         0.         0.01263265 0.         0.01065032 0.         0.         0.90138896 0.         0.         0.         0.         0.        ],[0. 0. 0. 0. 1. 1. 0. 0. 0. 0. 0. 1. 0. 0. 0. 1. 1. 0. 0. 0. 1. 0. 1. 0. 0. 1. 0. 0. 0. 0. 0.],8.0,10000,30,0.6,10,1,8,,problem_solving
6800,0.02593034662653951,0.00468345380903023,0.4,-8.121867820442686,[0.         0.         0.         0.         0.01610364 0.02435487 0.         0.         0.         0.         0.         0.01082929 0.         0.         0.         0.01068392 0.01335636 0.         0.         0.         0.01263265 0.         0.01065032 0.         0.         0.90138896 0.         0.         0.         0.         0.        ],[0. 0. 0. 0. 1. 1. 0. 0. 0. 0. 0. 1. 0. 0. 0. 1. 1. 0. 0. 0. 1. 0. 1. 0. 0. 1. 0. 0. 0. 0. 0.],8.0,10000,30,0.6,10,1,8,,problem_solving
6900,0.02593034662653951,0.00468345380903023,0.4,-5.46555971825116,[0.         0.         0.         0.         0.01610364 0.02435487 0.         0.         0.         0.         0.         0.01082929 0.         0.         0.         0.01068392 0.01335636 0.         0.         0.         0.01263265 0.         0.01065032 0.         0.         0.90138896 0.         0.         0.         0.         0.        ],[0. 0. 0. 0. 1. 1. 0. 0. 0. 0. 0. 1. 0. 0. 0. 1. 1. 0. 0. 0. 1. 0. 1. 0. 0. 1. 0. 0. 0. 0. 0.],8.0,10000,30,0.6,10,1,8,,problem_solving
7000,0.02593034662653951,0.00468345380903023,0.4,-18.444669844536087,[0.         0.         0.         0.         0.01610364 0.02435487 0.         0.         0.         0.         0.         0.01082929 0.         0.         0.         0.01068392 0.01335636 0.         0.         0.         0.01263265 0.         0.01065032 0.         0.         0.90138896 0.         0.         0.         0.         0.        ],[0. 0. 0. 0. 1. 1. 0. 0. 0. 0. 0. 1. 0. 0. 0. 1. 1. 0. 0. 0. 1. 0. 1. 0. 0. 1. 0. 0. 0. 0. 0.],8.0,10000,30,0.6,10,1,8,,problem_solving
7100,0.02593034662653951,0.00468345380903023,0.4,-10.162375665547195,[0.         0.         0.         0.         0.01610364 0.02435487 0.         0.         0.         0.         0.         0.01082929 0.         0.         0.         0.01068392 0.01335636 0.         0.         0.         0.01263265 0.         0.01065032 0.         0.         0.90138896 0.         0.         0.         0.         0.        ],[0. 0. 0. 0. 1. 1. 0. 0. 0. 0. 0. 1. 0. 0. 0. 1. 1. 0. 0. 0. 1. 0. 1. 0. 0. 1. 0. 0. 0. 0. 0.],8.0,10000,30,0.6,10,1,8,,problem_solving
7200,0.02593034662653951,0.00468345380903023,0.4,4.944997875535877,[0.         0.         0.         0.         0.01610364 0.02435487 0.         0.         0.         0.         0.         0.01082929 0.         0.         0.         0.01068392 0.01335636 0.         0.         0.         0.01263265 0.         0.01065032 0.         0.         0.90138896 0.         0.         0.         0.         0.        ],[0. 0. 0. 0. 1. 1. 0. 0. 0. 0. 0. 1. 0. 0. 0. 1. 1. 0. 0. 0. 1. 0. 1. 0. 0. 1. 0. 0. 0. 0. 0.],8.0,10000,30,0.6,10,1,8,,problem_solving
7300,0.02593034662653951,0.00468345380903023,0.4,1.605698495543106,[0.         0.         0.         0.         0.01610364 0.02435487 0.         0.         0.         0.         0.         0.01082929 0.         0.         0.         0.01068392 0.01335636 0.         0.         0.         0.01263265 0.         0.01065032 0.         0.         0.90138896 0.         0.         0.         0.         0.        ],[0. 0. 0. 0. 1. 1. 0. 0. 0. 0. 0. 1. 0. 0. 0. 1. 1. 0. 0. 0. 1. 0. 1. 0. 0. 1. 0. 0. 0. 0. 0.],8.0,10000,30,0.6,10,1,8,,problem_solving
7400,0.02593034662653951,0.00468345380903023,0.4,-20.781080516653837,[0.         0.         0.         0.         0.01610364 0.02435487 0.         0.         0.         0.         0.         0.01082929 0.         0.         0.         0.01068392 0.01335636 0.         0.         0.         0.01263265 0.         0.01065032 0.         0.         0.90138896 0.         0.         0.         0.         0.        ],[0. 0. 0. 0. 1. 1. 0. 0. 0. 0. 0. 1. 0. 0. 0. 1. 1. 0. 0. 0. 1. 0. 1. 0. 0. 1. 0. 0. 0. 0. 0.],8.0,10000,30,0.6,10,1,8,,problem_solving
7500,0.02593034662653951,0.00468345380903023,0.4,10.81127133957634,[0.         0.         0.         0.         0.01610364 0.02435487 0.         0.         0.         0.         0.         0.01082929 0.         0.         0.         0.01068392 0.01335636 0.         0.         0.         0.01263265 0.         0.01065032 0.         0.         0.90138896 0.         0.         0.         0.         0.        ],[0. 0. 0. 0. 1. 1. 0. 0. 0. 0. 0. 1. 0. 0. 0. 1. 1. 0. 0. 0. 1. 0. 1. 0. 0. 1. 0. 0. 0. 0. 0.],8.0,10000,30,0.6,10,1,8,,problem_solving
7600,0.02593034662653951,0.00468345380903023,0.4,15.544828515789504,[0.         0.         0.         0.         0.01610364 0.02435487 0.         0.         0.         0.         0.         0.01082929 0.         0.         0.         0.01068392 0.01335636 0.         0.         0.         0.01263265 0.         0.01065032 0.         0.         0.90138896 0.         0.         0.         0.         0.        ],[0. 0. 0. 0. 1. 1. 0. 0. 0. 0. 0. 1. 0. 0. 0. 1. 1. 0. 0. 0. 1. 0. 1. 0. 0. 1. 0. 0. 0. 0. 0.],8.0,10000,30,0.6,10,1,8,,problem_solving
7700,0.02593034662653951,0.00468345380903023,0.4,3.5050128677805854,[0.         0.         0.         0.         0.01610364 0.02435487 0.         0.         0.         0.         0.         0.01082929 0.         0.         0.         0.01068392 0.01335636 0.         0.         0.         0.01263265 0.         0.01065032 0.         0.         0.90138896 0.         0.         0.         0.         0.        ],[0. 0. 0. 0. 1. 1. 0. 0. 0. 0. 0. 1. 0. 0. 0. 1. 1. 0. 0. 0. 1. 0. 1. 0. 0. 1. 0. 0. 0. 0. 0.],8.0,10000,30,0.6,10,1,8,,problem_solving
7800,0.02593034662653951,0.00468345380903023,0.4,-2.0925801077087045,[0.         0.         0.         0.         0.01610364 0.02435487 0.         0.         0.         0.         0.         0.01082929 0.         0.         0.         0.01068392 0.01335636 0.         0.         0.         0.01263265 0.         0.01065032 0.         0.         0.90138896 0.         0.         0.         0.         0.        ],[0. 0. 0. 0. 1. 1. 0. 0. 0. 0. 0. 1. 0. 0. 0. 1. 1. 0. 0. 0. 1. 0. 1. 0. 0. 1. 0. 0. 0. 0. 0.],8.0,10000,30,0.6,10,1,8,,problem_solving
7900,0.02593034662653951,0.00468345380903023,0.4,2.564884694404169,[0.         0.         0.         0.         0.01610364 0.02435487 0.         0.         0.         0.         0.         0.01082929 0.         0.         0.         0.01068392 0.01335636 0.         0.         0.         0.01263265 0.         0.01065032 0.         0.         0.90138896 0.         0.         0.         0.         0.        ],[0. 0. 0. 0. 1. 1. 0. 0. 0. 0. 0. 1. 0. 0. 0. 1. 1. 0. 0. 0. 1. 0. 1. 0. 0. 1. 0. 0. 0. 0. 0.],8.0,10000,30,0.6,10,1,8,,problem_solving
8000,0.02593034662653951,0.00468345380903023,0.4,0.0023087039473875105,[0.         0.         0.         0.         0.01610364 0.02435487 0.         0.         0.         0.         0.         0.01082929 0.         0.         0.         0.01068392 0.01335636 0.         0.         0.         0.01263265 0.         0.01065032 0.         0.         0.90138896 0.         0.         0.         0.         0.        ],[0. 0. 0. 0. 1. 1. 0. 0. 0. 0. 0. 1. 0. 0. 0. 1. 1. 0. 0. 0. 1. 0. 1. 0. 0. 1. 0. 0. 0. 0. 0.],8.0,10000,30,0.6,10,1,8,,problem_solving
8100,0.02593034662653951,0.00468345380903023,0.4,-4.071829307849412,[0.         0.         0.         0.         0.01610364 0.02435487 0.         0.         0.         0.         0.         0.01082929 0.         0.         0.         0.01068392 0.01335636 0.         0.         0.         0.01263265 0.         0.01065032 0.         0.         0.90138896 0.         0.         0.         0.         0.        ],[0. 0. 0. 0. 1. 1. 0. 0. 0. 0. 0. 1. 0. 0. 0. 1. 1. 0. 0. 0. 1. 0. 1. 0. 0. 1. 0. 0. 0. 0. 0.],8.0,10000,30,0.6,10,1,8,,problem_solving
8200,0.02593034662653951,0.00468345380903023,0.4,2.4237662321034312,[0.         0.         0.         0.         0.01610364 0.02435487 0.         0.         0.         0.         0.         0.01082929 0.         0.         0.         0.01068392 0.01335636 0.         0.         0.         0.01263265 0.         0.01065032 0.         0.         0.90138896 0.         0.         0.         0.         0.        ],[0. 0. 0. 0. 1. 1. 0. 0. 0. 0. 0. 1. 0. 0. 0. 1. 1. 0. 0. 0. 1. 0. 1. 0. 0. 1. 0. 0. 0. 0. 0.],8.0,10000,30,0.6,10,1,8,,problem_solving
8300,0.02593034662653951,0.00468345380903023,0.4,6.568037588942258,[0.         0.         0.         0.         0.01610364 0.02435487 0.         0.         0.         0.         0.         0.01082929 0.         0.         0.         0.01068392 0.01335636 0.         0.         0.         0.01263265 0.         0.01065032 0.         0.         0.90138896 0.         0.         0.         0.         0.        ],[0. 0. 0. 0. 1. 1. 0. 0. 0. 0. 0. 1. 0. 0. 0. 1. 1. 0. 0. 0. 1. 0. 1. 0. 0. 1. 0. 0. 0. 0. 0.],8.0,10000,30,0.6,10,1,8,,problem_solving
8400,0.02593034662653951,0.00468345380903023,0.4,-19.78370332899906,[0.         0.         0.         0.         0.01610364 0.02435487 0.         0.         0.         0.         0.         0.01082929 0.         0.         0.         0.01068392 0.01335636 0.         0.         0.         0.01263265 0.         0.01065032 0.         0.         0.90138896 0.         0.         0.         0.         0.        ],[0. 0. 0. 0. 1. 1. 0. 0. 0. 0. 0. 1. 0. 0. 0. 1. 1. 0. 0. 0. 1. 0. 1. 0. 0. 1. 0. 0. 0. 0. 0.],8.0,10000,30,0.6,10,1,8,,problem_solving
8500,0.02593034662653951,0.00468345380903023,0.4,3.9126046329550244,[0.         0.         0.         0.         0.01610364 0.02435487 0.         0.         0.         0.         0.         0.01082929 0.         0.         0.         0.01068392 0.01335636 0.         0.         0.         0.01263265 0.         0.01065032 0.         0.         0.90138896 0.         0.         0.         0.         0.        ],[0. 0. 0. 0. 1. 1. 0. 0. 0. 0. 0. 1. 0. 0. 0. 1. 1. 0. 0. 0. 1. 0. 1. 0. 0. 1. 0. 0. 0. 0. 0.],8.0,10000,30,0.6,10,1,8,,problem_solving
8600,0.02593034662653951,0.00468345380903023,0.4,-4.917352222036296,[0.         0.         0.         0.         0.01610364 0.02435487 0.         0.         0.         0.         0.         0.01082929 0.         0.         0.         0.01068392 0.01335636 0.         0.         0.         0.01263265 0.         0.01065032 0.         0.         0.90138896 0.         0.         0.         0.         0.        ],[0. 0. 0. 0. 1. 1. 0. 0. 0. 0. 0. 1. 0. 0. 0. 1. 1. 0. 0. 0. 1. 0. 1. 0. 0. 1. 0. 0. 0. 0. 0.],8.0,10000,30,0.6,10,1,8,,problem_solving
8700,0.02593034662653951,0.00468345380903023,0.4,-2.7115570123787847,[0.         0.         0.         0.         0.01610364 0.02435487 0.         0.         0.         0.         0.         0.01082929 0.         0.         0.         0.01068392 0.01335636 0.         0.         0.         0.01263265 0.         0.01065032 0.         0.         0.90138896 0.         0.         0.         0.         0.        ],[0. 0. 0. 0. 1. 1. 0. 0. 0. 0. 0. 1. 0. 0. 0. 1. 1. 0. 0. 0. 1. 0. 1. 0. 0. 1. 0. 0. 0. 0. 0.],8.0,10000,30,0.6,10,1,8,,problem_solving
8800,0.02593034662653951,0.00468345380903023,0.4,-12.07949032435548,[0.         0.         0.         0.         0.01610364 0.02435487 0.         0.         0.         0.         0.         0.01082929 0.         0.         0.         0.01068392 0.01335636 0.         0.         0.         0.01263265 0.         0.01065032 0.         0.         0.90138896 0.         0.         0.         0.         0.        ],[0. 0. 0. 0. 1. 1. 0. 0. 0. 0. 0. 1. 0. 0. 0. 1. 1. 0. 0. 0. 1. 0. 1. 0. 0. 1. 0. 0. 0. 0. 0.],8.0,10000,30,0.6,10,1,8,,problem_solving
8900,0.02593034662653951,0.00468345380903023,0.4,5.077908585551649,[0.         0.         0.         0.         0.01610364 0.02435487 0.         0.         0.         0.         0.         0.01082929 0.         0.         0.         0.01068392 0.01335636 0.         0.         0.         0.01263265 0.         0.01065032 0.         0.         0.90138896 0.         0.         0.         0.         0.        ],[0. 0. 0. 0. 1. 1. 0. 0. 0. 0. 0. 1. 0. 0. 0. 1. 1. 0. 0. 0. 1. 0. 1. 0. 0. 1. 0. 0. 0. 0. 0.],8.0,10000,30,0.6,10,1,8,,problem_solving
9000,0.02593034662653951,0.00468345380903023,0.4,12.612624105072257,[0.         0.         0.         0.         0.01610364 0.02435487 0.         0.         0.         0.         0.         0.01082929 0.         0.         0.         0.01068392 0.01335636 0.         0.         0.         0.01263265 0.         0.01065032 0.         0.         0.90138896 0.         0.         0.         0.         0.        ],[0. 0. 0. 0. 1. 1. 0. 0. 0. 0. 0. 1. 0. 0. 0. 1. 1. 0. 0. 0. 1. 0. 1. 0. 0. 1. 0. 0. 0. 0. 0.],8.0,10000,30,0.6,10,1,8,,problem_solving
9100,0.02593034662653951,0.00468345380903023,0.4,16.204395735318855,[0.         0.         0.         0.         0.01610364 0.02435487 0.         0.         0.         0.         0.         0.01082929 0.         0.         0.         0.01068392 0.01335636 0.         0.         0.         0.01263265 0.         0.01065032 0.         0.         0.90138896 0.         0.         0.         0.         0.        ],[0. 0. 0. 0. 1. 1. 0. 0. 0. 0. 0. 1. 0. 0. 0. 1. 1. 0. 0. 0. 1. 0. 1. 0. 0. 1. 0. 0. 0. 0. 0.],8.0,10000,30,0.6,10,1,8,,problem_solving
9200,0.02593034662653951,0.00468345380903023,0.4,3.427031191760696,[0.         0.         0.         0.         0.01610364 0.02435487 0.         0.         0.         0.         0.         0.01082929 0.         0.         0.         0.01068392 0.01335636 0.         0.         0.         0.01263265 0.         0.01065032 0.         0.         0.90138896 0.         0.         0.         0.         0.        ],[0. 0. 0. 0. 1. 1. 0. 0. 0. 0. 0. 1. 0. 0. 0. 1. 1. 0. 0. 0. 1. 0. 1. 0. 0. 1. 0. 0. 0. 0. 0.],8.0,10000,30,0.6,10,1,8,,problem_solving
9300,0.02593034662653951,0.00468345380903023,0.4,5.496064050807943,[0.         0.         0.         0.         0.01610364 0.02435487 0.         0.         0.         0.         0.         0.01082929 0.         0.         0.         0.01068392 0.01335636 0.         0.         0.         0.01263265 0.         0.01065032 0.         0.         0.90138896 0.         0.         0.         0.         0.        ],[0. 0. 0. 0. 1. 1. 0. 0. 0. 0. 0. 1. 0. 0. 0. 1. 1. 0. 0. 0. 1. 0. 1. 0. 0. 1. 0. 0. 0. 0. 0.],8.0,10000,30,0.6,10,1,8,,problem_solving
9400,0.02593034662653951,0.00468345380903023,0.4,-6.60615208010703,[0.         0.         0.         0.         0.01610364 0.02435487 0.         0.         0.         0.         0.         0.01082929 0.         0.         0.         0.01068392 0.01335636 0.         0.         0.         0.01263265 0.         0.01065032 0.         0.         0.90138896 0.         0.         0.         0.         0.        ],[0. 0. 0. 0. 1. 1. 0. 0. 0. 0. 0. 1. 0. 0. 0. 1. 1. 0. 0. 0. 1. 0. 1. 0. 0. 1. 0. 0. 0. 0. 0.],8.0,10000,30,0.6,10,1,8,,problem_solving
9500,0.02593034662653951,0.00468345380903023,0.4,-1.5621669362888144,[0.         0.         0.         0.         0.01610364 0.02435487 0.         0.         0.         0.         0.         0.01082929 0.         0.         0.         0.01068392 0.01335636 0.         0.         0.         0.01263265 0.         0.01065032 0.         0.         0.90138896 0.         0.         0.         0.         0.        ],[0. 0. 0. 0. 1. 1. 0. 0. 0. 0. 0. 1. 0. 0. 0. 1. 1. 0. 0. 0. 1. 0. 1. 0. 0. 1. 0. 0. 0. 0. 0.],8.0,10000,30,0.6,10,1,8,,problem_solving
9600,0.02593034662653951,0.00468345380903023,0.4,2.817670956524487,[0.         0.         0.         0.         0.01610364 0.02435487 0.         0.         0.         0.         0.         0.01082929 0.         0.         0.         0.01068392 0.01335636 0.         0.         0.         0.01263265 0.         0.01065032 0.         0.         0.90138896 0.         0.         0.         0.         0.        ],[0. 0. 0. 0. 1. 1. 0. 0. 0. 0. 0. 1. 0. 0. 0. 1. 1. 0. 0. 0. 1. 0. 1. 0. 0. 1. 0. 0. 0. 0. 0.],8.0,10000,30,0.6,10,1,8,,problem_solving
9700,0.02593034662653951,0.00468345380903023,0.4,-3.408381105187867,[0.         0.         0.         0.         0.01610364 0.02435487 0.         0.         0.         0.         0.         0.01082929 0.         0.         0.         0.01068392 0.01335636 0.         0.         0.         0.01263265 0.         0.01065032 0.         0.         0.90138896 0.         0.         0.         0.         0.        ],[0. 0. 0. 0. 1. 1. 0. 0. 0. 0. 0. 1. 0. 0. 0. 1. 1. 0. 0. 0. 1. 0. 1. 0. 0. 1. 0. 0. 0. 0. 0.],8.0,10000,30,0.6,10,1,8,,problem_solving
9800,0.02593034662653951,0.00468345380903023,0.4,2.1466208828794606,[0.         0.         0.         0.         0.01610364 0.02435487 0.         0.         0.         0.         0.         0.01082929 0.         0.         0.         0.01068392 0.01335636 0.         0.         0.         0.01263265 0.         0.01065032 0.         0.         0.90138896 0.         0.         0.         0.         0.        ],[0. 0. 0. 0. 1. 1. 0. 0. 0. 0. 0. 1. 0. 0. 0. 1. 1. 0. 0. 0. 1. 0. 1. 0. 0. 1. 0. 0. 0. 0. 0.],8.0,10000,30,0.6,10,1,8,,problem_solving
9900,0.02593034662653951,0.00468345380903023,0.4,2.6721090781076877,[0.         0.         0.         0.         0.01610364 0.02435487 0.         0.         0.         0.         0.         0.01082929 0.         0.         0.         0.01068392 0.01335636 0.         0.         0.         0.01263265 0.         0.01065032 0.         0.         0.90138896 0.         0.         0.         0.         0.        ],[0. 0. 0. 0. 1. 1. 0. 0. 0. 0. 0. 1. 0. 0. 0. 1. 1. 0. 0. 0. 1. 0. 1. 0. 0. 1. 0. 0. 0. 0. 0.],8.0,10000,30,0.6,10,1,8,,problem_solving
9999,0.02593034662653951,0.00468345380903023,0.4,18.584239237497417,[0.         0.         0.         0.         0.01610364 0.02435487 0.         0.         0.         0.         0.         0.01082929 0.         0.         0.         0.01068392 0.01335636 0.         0.         0.         0.01263265 0.         0.01065032 0.         0.         0.90138896 0.         0.         0.         0.         0.        ],[0. 0. 0. 0. 1. 1. 0. 0. 0. 0. 0. 1. 0. 0. 0. 1. 1. 0. 0. 0. 1. 0. 1. 0. 0. 1. 0. 0. 0. 0. 0.],8.0,10000,30,0.6,10,1,8,,problem_solving
