iter,cost,return,par,move,X,Z,Q,max_iter,mem_size,mem_consider,sigma,port_n,k,seed,tag
1,0.07693064646371142,0.004762637172530168,0.4,7.924060372038104,[0.         0.         0.         0.         0.         0.         0.         0.         0.         0.         0.         0.         0.         0.         0.         0.         0.02264616 0.         0.         0.         0.         0.         0.         0.         0.         0.96212364 0.         0.         0.0152302  0.         0.        ],[0. 0. 0. 0. 0. 0. 0. 0. 0. 0. 0. 0. 0. 0. 0. 0. 1. 0. 0. 0. 0. 0. 0. 0. 0. 1. 0. 0. 1. 0. 0.],3.0,10000,30,0.6,10,1,3,,problem_solving
100,0.03661040263756616,0.00449924271740261,0.4,5.348912310520049,[0.         0.         0.         0.         0.         0.         0.         0.         0.         0.         0.         0.         0.         0.         0.         0.         0.         0.         0.         0.         0.         0.         0.         0.         0.01972406 0.96919733 0.         0.         0.         0.         0.01107861],[0. 0. 0. 0. 0. 0. 0. 0. 0. 0. 0. 0. 0. 0. 0. 0. 0. 0. 0. 0. 0. 0. 0. 0. 1. 1. 0. 0. 0. 0. 1.],3.0,10000,30,0.6,10,1,3,,problem_solving
200,0.022862907918409597,0.004758953566828195,0.4,-6.972513565733208,[0.         0.         0.         0.         0.0119066  0.02298367 0.         0.         0.         0.         0.         0.         0.         0.         0.         0.         0.         0.         0.         0.         0.         0.         0.         0.         0.         0.         0.         0.96510973 0.         0.         0.        ],[0. 0. 0. 0. 1. 1. 0. 0. 0. 0. 0. 0. 0. 0. 0. 0. 0. 0. 0. 0. 0. 0. 0. 0. 0. 0. 0. 1. 0. 0. 0.],3.0,10000,30,0.6,10,1,3,,problem_solving
300,0.022862907918409597,0.004758953566828195,0.4,-2.501428058760559,[0.         0.         0.         0.         0.0119066  0.02298367 0.         0.         0.         0.         0.         0.         0.         0.         0.         0.         0.         0.         0.         0.         0.         0.         0.         0.         0.         0.         0.         0.96510973 0.         0.         0.        ],[0. 0. 0. 0. 1. 1. 0. 0. 0. 0. 0. 0. 0. 0. 0. 0. 0. 0. 0. 0. 0. 0. 0. 0. 0. 0. 0. 1. 0. 0. 0.],3.0,10000,30,0.6,10,1,3,,problem_solving
400,0.022862907918409597,0.004758953566828195,0.4,-2.212433931673889,[0.         0.         0.         0.         0.0119066  0.02298367 0.         0.         0.         0.         0.         0.         0.         0.         0.         0.         0.         0.         0.         0.         0.         0.         0.         0.         0.         0.         0.         0.96510973 0.         0.         0.        ],[0. 0. 0. 0. 1. 1. 0. 0. 0. 0. 0. 0. 0. 0. 0. 0. 0. 0. 0. 0. 0. 0. 0. 0. 0. 0. 0. 1. 0. 0. 0.],3.0,10000,30,0.6,10,1,3,,problem_solving
500,0.022862907918409597,0.004758953566828195,0.4,13.454859135764474,[0.         0.         0.         0.         0.0119066  0.02298367 0.         0.         0.         0.         0.         0.         0.         0.         0.         0.         0.         0.         0.         0.         0.         0.         0.         0.         0.         0.         0.         0.96510973 0.         0.         0.        ],[0. 0. 0. 0. 1. 1. 0. 0. 0. 0. 0. 0. 0. 0. 0. 0. 0. 0. 0. 0. 0. 0. 0. 0. 0. 0. 0. 1. 0. 0. 0.],3.0,10000,30,0.6,10,1,3,,problem_solving
600,0.015971101269891354,0.0047416556698569095,0.4,3.708463135273901,[0.         0.         0.         0.         0.         0.         0.         0.         0.         0.         0.         0.         0.         0.         0.         0.         0.         0.         0.01620556 0.         0.         0.         0.         0.         0.         0.96366491 0.         0.         0.         0.         0.02012953],[0. 0. 0. 0. 0. 0. 0. 0. 0. 0. 0. 0. 0. 0. 0. 0. 0. 0. 1. 0. 0. 0. 0. 0. 0. 1. 0. 0. 0. 0. 1.],3.0,10000,30,0.6,10,1,3,,problem_solving
700,0.015971101269891354,0.0047416556698569095,0.4,2.650885711218823,[0.         0.         0.         0.         0.         0.         0.         0.         0.         0.         0.         0.         0.         0.         0.         0.         0.         0.         0.01620556 0.         0.         0.         0.         0.         0.         0.96366491 0.         0.         0.         0.         0.02012953],[0. 0. 0. 0. 0. 0. 0. 0. 0. 0. 0. 0. 0. 0. 0. 0. 0. 0. 1. 0. 0. 0. 0. 0. 0. 1. 0. 0. 0. 0. 1.],3.0,10000,30,0.6,10,1,3,,problem_solving
800,0.015971101269891354,0.0047416556698569095,0.4,-15.910032738095758,[0.         0.         0.         0.         0.         0.         0.         0.         0.         0.         0.         0.         0.         0.         0.         0.         0.         0.         0.01620556 0.         0.         0.         0.         0.         0.         0.96366491 0.         0.         0.         0.         0.02012953],[0. 0. 0. 0. 0. 0. 0. 0. 0. 0. 0. 0. 0. 0. 0. 0. 0. 0. 1. 0. 0. 0. 0. 0. 0. 1. 0. 0. 0. 0. 1.],3.0,10000,30,0.6,10,1,3,,problem_solving
900,0.01428348663479006,0.004631544271733295,0.4,-9.856396164045101,[0.         0.         0.         0.         0.         0.         0.         0.         0.         0.         0.         0.         0.         0.         0.         0.01914329 0.02849202 0.         0.         0.         0.         0.         0.         0.         0.         0.95236469 0.         0.         0.         0.         0.        ],[0. 0. 0. 0. 0. 0. 0. 0. 0. 0. 0. 0. 0. 0. 0. 1. 1. 0. 0. 0. 0. 0. 0. 0. 0. 1. 0. 0. 0. 0. 0.],3.0,10000,30,0.6,10,1,3,,problem_solving
1000,0.01428348663479006,0.004631544271733295,0.4,5.277506732527617,[0.         0.         0.         0.         0.         0.         0.         0.         0.         0.         0.         0.         0.         0.         0.         0.01914329 0.02849202 0.         0.         0.         0.         0.         0.         0.         0.         0.95236469 0.         0.         0.         0.         0.        ],[0. 0. 0. 0. 0. 0. 0. 0. 0. 0. 0. 0. 0. 0. 0. 1. 1. 0. 0. 0. 0. 0. 0. 0. 0. 1. 0. 0. 0. 0. 0.],3.0,10000,30,0.6,10,1,3,,problem_solving
1100,0.009774343850634061,0.0023967057733796757,0.4,-5.366740953906181,[0.         0.         0.         0.01520146 0.         0.         0.         0.         0.         0.         0.         0.         0.         0.         0.0157905  0.         0.         0.         0.         0.         0.         0.         0.         0.         0.         0.         0.         0.96900804 0.         0.         0.        ],[0. 0. 0. 1. 0. 0. 0. 0. 0. 0. 0. 0. 0. 0. 1. 0. 0. 0. 0. 0. 0. 0. 0. 0. 0. 0. 0. 1. 0. 0. 0.],3.0,10000,30,0.6,10,1,3,,problem_solving
1200,0.009774343850634061,0.0023967057733796757,0.4,-8.21623553620485,[0.         0.         0.         0.01520146 0.         0.         0.         0.         0.         0.         0.         0.         0.         0.         0.0157905  0.         0.         0.         0.         0.         0.         0.         0.         0.         0.         0.         0.         0.96900804 0.         0.         0.        ],[0. 0. 0. 1. 0. 0. 0. 0. 0. 0. 0. 0. 0. 0. 1. 0. 0. 0. 0. 0. 0. 0. 0. 0. 0. 0. 0. 1. 0. 0. 0.],3.0,10000,30,0.6,10,1,3,,problem_solving
1300,0.009774343850634061,0.0023967057733796757,0.4,8.226050712769467,[0.         0.         0.         0.01520146 0.         0.         0.         0.         0.         0.         0.         0.         0.         0.         0.0157905  0.         0.         0.         0.         0.         0.         0.         0.         0.         0.         0.         0.         0.96900804 0.         0.         0.        ],[0. 0. 0. 1. 0. 0. 0. 0. 0. 0. 0. 0. 0. 0. 1. 0. 0. 0. 0. 0. 0. 0. 0. 0. 0. 0. 0. 1. 0. 0. 0.],3.0,10000,30,0.6,10,1,3,,problem_solving
1400,0.009774343850634061,0.0023967057733796757,0.4,5.958228518910885,[0.         0.         0.         0.01520146 0.         0.         0.         0.         0.         0.         0.         0.         0.         0.         0.0157905  0.         0.         0.         0.         0.         0.         0.         0.         0.         0.         0.         0.         0.96900804 0.         0.         0.        ],[0. 0. 0. 1. 0. 0. 0. 0. 0. 0. 0. 0. 0. 0. 1. 0. 0. 0. 0. 0. 0. 0. 0. 0. 0. 0. 0. 1. 0. 0. 0.],3.0,10000,30,0.6,10,1,3,,problem_solving
1500,0.009774343850634061,0.0023967057733796757,0.4,19.210199755147247,[0.         0.         0.         0.01520146 0.         0.         0.         0.         0.         0.         0.         0.         0.         0.         0.0157905  0.         0.         0.         0.         0.         0.         0.         0.         0.         0.         0.         0.         0.96900804 0.         0.         0.        ],[0. 0. 0. 1. 0. 0. 0. 0. 0. 0. 0. 0. 0. 0. 1. 0. 0. 0. 0. 0. 0. 0. 0. 0. 0. 0. 0. 1. 0. 0. 0.],3.0,10000,30,0.6,10,1,3,,problem_solving
1600,0.00697702379841426,0.002507446954269007,0.4,3.1667372134898706,[0.         0.         0.01251073 0.         0.02112039 0.         0.         0.         0.         0.         0.         0.         0.         0.         0.         0.         0.         0.         0.         0.         0.         0.         0.         0.         0.         0.         0.         0.96636887 0.         0.         0.        ],[0. 0. 1. 0. 1. 0. 0. 0. 0. 0. 0. 0. 0. 0. 0. 0. 0. 0. 0. 0. 0. 0. 0. 0. 0. 0. 0. 1. 0. 0. 0.],3.0,10000,30,0.6,10,1,3,,problem_solving
1700,0.00697702379841426,0.002507446954269007,0.4,-13.257537344075052,[0.         0.         0.01251073 0.         0.02112039 0.         0.         0.         0.         0.         0.         0.         0.         0.         0.         0.         0.         0.         0.         0.         0.         0.         0.         0.         0.         0.         0.         0.96636887 0.         0.         0.        ],[0. 0. 1. 0. 1. 0. 0. 0. 0. 0. 0. 0. 0. 0. 0. 0. 0. 0. 0. 0. 0. 0. 0. 0. 0. 0. 0. 1. 0. 0. 0.],3.0,10000,30,0.6,10,1,3,,problem_solving
1800,0.00697702379841426,0.002507446954269007,0.4,-2.5534760331482147,[0.         0.         0.01251073 0.         0.02112039 0.         0.         0.         0.         0.         0.         0.         0.         0.         0.         0.         0.         0.         0.         0.         0.         0.         0.         0.         0.         0.         0.         0.96636887 0.         0.         0.        ],[0. 0. 1. 0. 1. 0. 0. 0. 0. 0. 0. 0. 0. 0. 0. 0. 0. 0. 0. 0. 0. 0. 0. 0. 0. 0. 0. 1. 0. 0. 0.],3.0,10000,30,0.6,10,1,3,,problem_solving
1900,0.00697702379841426,0.002507446954269007,0.4,14.274887324299225,[0.         0.         0.01251073 0.         0.02112039 0.         0.         0.         0.         0.         0.         0.         0.         0.         0.         0.         0.         0.         0.         0.         0.         0.         0.         0.         0.         0.         0.         0.96636887 0.         0.         0.        ],[0. 0. 1. 0. 1. 0. 0. 0. 0. 0. 0. 0. 0. 0. 0. 0. 0. 0. 0. 0. 0. 0. 0. 0. 0. 0. 0. 1. 0. 0. 0.],3.0,10000,30,0.6,10,1,3,,problem_solving
2000,0.00697702379841426,0.002507446954269007,0.4,-9.922211163833861,[0.         0.         0.01251073 0.         0.02112039 0.         0.         0.         0.         0.         0.         0.         0.         0.         0.         0.         0.         0.         0.         0.         0.         0.         0.         0.         0.         0.         0.         0.96636887 0.         0.         0.        ],[0. 0. 1. 0. 1. 0. 0. 0. 0. 0. 0. 0. 0. 0. 0. 0. 0. 0. 0. 0. 0. 0. 0. 0. 0. 0. 0. 1. 0. 0. 0.],3.0,10000,30,0.6,10,1,3,,problem_solving
2100,0.00697702379841426,0.002507446954269007,0.4,3.4255849869246076,[0.         0.         0.01251073 0.         0.02112039 0.         0.         0.         0.         0.         0.         0.         0.         0.         0.         0.         0.         0.         0.         0.         0.         0.         0.         0.         0.         0.         0.         0.96636887 0.         0.         0.        ],[0. 0. 1. 0. 1. 0. 0. 0. 0. 0. 0. 0. 0. 0. 0. 0. 0. 0. 0. 0. 0. 0. 0. 0. 0. 0. 0. 1. 0. 0. 0.],3.0,10000,30,0.6,10,1,3,,problem_solving
2200,0.00697702379841426,0.002507446954269007,0.4,8.161299112623432,[0.         0.         0.01251073 0.         0.02112039 0.         0.         0.         0.         0.         0.         0.         0.         0.         0.         0.         0.         0.         0.         0.         0.         0.         0.         0.         0.         0.         0.         0.96636887 0.         0.         0.        ],[0. 0. 1. 0. 1. 0. 0. 0. 0. 0. 0. 0. 0. 0. 0. 0. 0. 0. 0. 0. 0. 0. 0. 0. 0. 0. 0. 1. 0. 0. 0.],3.0,10000,30,0.6,10,1,3,,problem_solving
2300,0.00697702379841426,0.002507446954269007,0.4,14.343706711851603,[0.         0.         0.01251073 0.         0.02112039 0.         0.         0.         0.         0.         0.         0.         0.         0.         0.         0.         0.         0.         0.         0.         0.         0.         0.         0.         0.         0.         0.         0.96636887 0.         0.         0.        ],[0. 0. 1. 0. 1. 0. 0. 0. 0. 0. 0. 0. 0. 0. 0. 0. 0. 0. 0. 0. 0. 0. 0. 0. 0. 0. 0. 1. 0. 0. 0.],3.0,10000,30,0.6,10,1,3,,problem_solving
2400,0.00697702379841426,0.002507446954269007,0.4,16.008407022013664,[0.         0.         0.01251073 0.         0.02112039 0.         0.         0.         0.         0.         0.         0.         0.         0.         0.         0.         0.         0.         0.         0.         0.         0.         0.         0.         0.         0.         0.         0.96636887 0.         0.         0.        ],[0. 0. 1. 0. 1. 0. 0. 0. 0. 0. 0. 0. 0. 0. 0. 0. 0. 0. 0. 0. 0. 0. 0. 0. 0. 0. 0. 1. 0. 0. 0.],3.0,10000,30,0.6,10,1,3,,problem_solving
2500,0.00697702379841426,0.002507446954269007,0.4,-16.476070634342,[0.         0.         0.01251073 0.         0.02112039 0.         0.         0.         0.         0.         0.         0.         0.         0.         0.         0.         0.         0.         0.         0.         0.         0.         0.         0.         0.         0.         0.         0.96636887 0.         0.         0.        ],[0. 0. 1. 0. 1. 0. 0. 0. 0. 0. 0. 0. 0. 0. 0. 0. 0. 0. 0. 0. 0. 0. 0. 0. 0. 0. 0. 1. 0. 0. 0.],3.0,10000,30,0.6,10,1,3,,problem_solving
2600,0.00697702379841426,0.002507446954269007,0.4,-19.71938117760057,[0.         0.         0.01251073 0.         0.02112039 0.         0.         0.         0.         0.         0.         0.         0.         0.         0.         0.         0.         0.         0.         0.         0.         0.         0.         0.         0.         0.         0.         0.96636887 0.         0.         0.        ],[0. 0. 1. 0. 1. 0. 0. 0. 0. 0. 0. 0. 0. 0. 0. 0. 0. 0. 0. 0. 0. 0. 0. 0. 0. 0. 0. 1. 0. 0. 0.],3.0,10000,30,0.6,10,1,3,,problem_solving
2700,0.00697702379841426,0.002507446954269007,0.4,19.468934768702958,[0.         0.         0.01251073 0.         0.02112039 0.         0.         0.         0.         0.         0.         0.         0.         0.         0.         0.         0.         0.         0.         0.         0.         0.         0.         0.         0.         0.         0.         0.96636887 0.         0.         0.        ],[0. 0. 1. 0. 1. 0. 0. 0. 0. 0. 0. 0. 0. 0. 0. 0. 0. 0. 0. 0. 0. 0. 0. 0. 0. 0. 0. 1. 0. 0. 0.],3.0,10000,30,0.6,10,1,3,,problem_solving
2800,0.00697702379841426,0.002507446954269007,0.4,0.45364228999607875,[0.         0.         0.01251073 0.         0.02112039 0.         0.         0.         0.         0.         0.         0.         0.         0.         0.         0.         0.         0.         0.         0.         0.         0.         0.         0.         0.         0.         0.         0.96636887 0.         0.         0.        ],[0. 0. 1. 0. 1. 0. 0. 0. 0. 0. 0. 0. 0. 0. 0. 0. 0. 0. 0. 0. 0. 0. 0. 0. 0. 0. 0. 1. 0. 0. 0.],3.0,10000,30,0.6,10,1,3,,problem_solving
2900,0.00697702379841426,0.002507446954269007,0.4,-12.217889409609263,[0.         0.         0.01251073 0.         0.02112039 0.         0.         0.         0.         0.         0.         0.         0.         0.         0.         0.         0.         0.         0.         0.         0.         0.         0.         0.         0.         0.         0.         0.96636887 0.         0.         0.        ],[0. 0. 1. 0. 1. 0. 0. 0. 0. 0. 0. 0. 0. 0. 0. 0. 0. 0. 0. 0. 0. 0. 0. 0. 0. 0. 0. 1. 0. 0. 0.],3.0,10000,30,0.6,10,1,3,,problem_solving
3000,0.00697702379841426,0.002507446954269007,0.4,1.0979237125754227,[0.         0.         0.01251073 0.         0.02112039 0.         0.         0.         0.         0.         0.         0.         0.         0.         0.         0.         0.         0.         0.         0.         0.         0.         0.         0.         0.         0.         0.         0.96636887 0.         0.         0.        ],[0. 0. 1. 0. 1. 0. 0. 0. 0. 0. 0. 0. 0. 0. 0. 0. 0. 0. 0. 0. 0. 0. 0. 0. 0. 0. 0. 1. 0. 0. 0.],3.0,10000,30,0.6,10,1,3,,problem_solving
3100,0.00697702379841426,0.002507446954269007,0.4,0.584943221993529,[0.         0.         0.01251073 0.         0.02112039 0.         0.         0.         0.         0.         0.         0.         0.         0.         0.         0.         0.         0.         0.         0.         0.         0.         0.         0.         0.         0.         0.         0.96636887 0.         0.         0.        ],[0. 0. 1. 0. 1. 0. 0. 0. 0. 0. 0. 0. 0. 0. 0. 0. 0. 0. 0. 0. 0. 0. 0. 0. 0. 0. 0. 1. 0. 0. 0.],3.0,10000,30,0.6,10,1,3,,problem_solving
3200,0.00697702379841426,0.002507446954269007,0.4,-20.243627775695924,[0.         0.         0.01251073 0.         0.02112039 0.         0.         0.         0.         0.         0.         0.         0.         0.         0.         0.         0.         0.         0.         0.         0.         0.         0.         0.         0.         0.         0.         0.96636887 0.         0.         0.        ],[0. 0. 1. 0. 1. 0. 0. 0. 0. 0. 0. 0. 0. 0. 0. 0. 0. 0. 0. 0. 0. 0. 0. 0. 0. 0. 0. 1. 0. 0. 0.],3.0,10000,30,0.6,10,1,3,,problem_solving
3300,0.00697702379841426,0.002507446954269007,0.4,12.17920401940594,[0.         0.         0.01251073 0.         0.02112039 0.         0.         0.         0.         0.         0.         0.         0.         0.         0.         0.         0.         0.         0.         0.         0.         0.         0.         0.         0.         0.         0.         0.96636887 0.         0.         0.        ],[0. 0. 1. 0. 1. 0. 0. 0. 0. 0. 0. 0. 0. 0. 0. 0. 0. 0. 0. 0. 0. 0. 0. 0. 0. 0. 0. 1. 0. 0. 0.],3.0,10000,30,0.6,10,1,3,,problem_solving
3400,0.00697702379841426,0.002507446954269007,0.4,-7.18756863870442,[0.         0.         0.01251073 0.         0.02112039 0.         0.         0.         0.         0.         0.         0.         0.         0.         0.         0.         0.         0.         0.         0.         0.         0.         0.         0.         0.         0.         0.         0.96636887 0.         0.         0.        ],[0. 0. 1. 0. 1. 0. 0. 0. 0. 0. 0. 0. 0. 0. 0. 0. 0. 0. 0. 0. 0. 0. 0. 0. 0. 0. 0. 1. 0. 0. 0.],3.0,10000,30,0.6,10,1,3,,problem_solving
3500,0.00697702379841426,0.002507446954269007,0.4,-16.79383991604688,[0.         0.         0.01251073 0.         0.02112039 0.         0.         0.         0.         0.         0.         0.         0.         0.         0.         0.         0.         0.         0.         0.         0.         0.         0.         0.         0.         0.         0.         0.96636887 0.         0.         0.        ],[0. 0. 1. 0. 1. 0. 0. 0. 0. 0. 0. 0. 0. 0. 0. 0. 0. 0. 0. 0. 0. 0. 0. 0. 0. 0. 0. 1. 0. 0. 0.],3.0,10000,30,0.6,10,1,3,,problem_solving
3600,0.00697702379841426,0.002507446954269007,0.4,0.6163111458338467,[0.         0.         0.01251073 0.         0.02112039 0.         0.         0.         0.         0.         0.         0.         0.         0.         0.         0.         0.         0.         0.         0.         0.         0.         0.         0.         0.         0.         0.         0.96636887 0.         0.         0.        ],[0. 0. 1. 0. 1. 0. 0. 0. 0. 0. 0. 0. 0. 0. 0. 0. 0. 0. 0. 0. 0. 0. 0. 0. 0. 0. 0. 1. 0. 0. 0.],3.0,10000,30,0.6,10,1,3,,problem_solving
3700,0.00697702379841426,0.002507446954269007,0.4,-10.581806103225858,[0.         0.         0.01251073 0.         0.02112039 0.         0.         0.         0.         0.         0.         0.         0.         0.         0.         0.         0.         0.         0.         0.         0.         0.         0.         0.         0.         0.         0.         0.96636887 0.         0.         0.        ],[0. 0. 1. 0. 1. 0. 0. 0. 0. 0. 0. 0. 0. 0. 0. 0. 0. 0. 0. 0. 0. 0. 0. 0. 0. 0. 0. 1. 0. 0. 0.],3.0,10000,30,0.6,10,1,3,,problem_solving
3800,0.00697702379841426,0.002507446954269007,0.4,-3.4637702633714706,[0.         0.         0.01251073 0.         0.02112039 0.         0.         0.         0.         0.         0.         0.         0.         0.         0.         0.         0.         0.         0.         0.         0.         0.         0.         0.         0.         0.         0.         0.96636887 0.         0.         0.        ],[0. 0. 1. 0. 1. 0. 0. 0. 0. 0. 0. 0. 0. 0. 0. 0. 0. 0. 0. 0. 0. 0. 0. 0. 0. 0. 0. 1. 0. 0. 0.],3.0,10000,30,0.6,10,1,3,,problem_solving
3900,0.00697702379841426,0.002507446954269007,0.4,0.7271622304265024,[0.         0.         0.01251073 0.         0.02112039 0.         0.         0.         0.         0.         0.         0.         0.         0.         0.         0.         0.         0.         0.         0.         0.         0.         0.         0.         0.         0.         0.         0.96636887 0.         0.         0.        ],[0. 0. 1. 0. 1. 0. 0. 0. 0. 0. 0. 0. 0. 0. 0. 0. 0. 0. 0. 0. 0. 0. 0. 0. 0. 0. 0. 1. 0. 0. 0.],3.0,10000,30,0.6,10,1,3,,problem_solving
4000,0.00697702379841426,0.002507446954269007,0.4,-12.783223602233209,[0.         0.         0.01251073 0.         0.02112039 0.         0.         0.         0.         0.         0.         0.         0.         0.         0.         0.         0.         0.         0.         0.         0.         0.         0.         0.         0.         0.         0.         0.96636887 0.         0.         0.        ],[0. 0. 1. 0. 1. 0. 0. 0. 0. 0. 0. 0. 0. 0. 0. 0. 0. 0. 0. 0. 0. 0. 0. 0. 0. 0. 0. 1. 0. 0. 0.],3.0,10000,30,0.6,10,1,3,,problem_solving
4100,0.00697702379841426,0.002507446954269007,0.4,1.0387679798357445,[0.         0.         0.01251073 0.         0.02112039 0.         0.         0.         0.         0.         0.         0.         0.         0.         0.         0.         0.         0.         0.         0.         0.         0.         0.         0.         0.         0.         0.         0.96636887 0.         0.         0.        ],[0. 0. 1. 0. 1. 0. 0. 0. 0. 0. 0. 0. 0. 0. 0. 0. 0. 0. 0. 0. 0. 0. 0. 0. 0. 0. 0. 1. 0. 0. 0.],3.0,10000,30,0.6,10,1,3,,problem_solving
4200,0.00697702379841426,0.002507446954269007,0.4,1.948818525467135,[0.         0.         0.01251073 0.         0.02112039 0.         0.         0.         0.         0.         0.         0.         0.         0.         0.         0.         0.         0.         0.         0.         0.         0.         0.         0.         0.         0.         0.         0.96636887 0.         0.         0.        ],[0. 0. 1. 0. 1. 0. 0. 0. 0. 0. 0. 0. 0. 0. 0. 0. 0. 0. 0. 0. 0. 0. 0. 0. 0. 0. 0. 1. 0. 0. 0.],3.0,10000,30,0.6,10,1,3,,problem_solving
4300,0.00697702379841426,0.002507446954269007,0.4,22.974131776632074,[0.         0.         0.01251073 0.         0.02112039 0.         0.         0.         0.         0.         0.         0.         0.         0.         0.         0.         0.         0.         0.         0.         0.         0.         0.         0.         0.         0.         0.         0.96636887 0.         0.         0.        ],[0. 0. 1. 0. 1. 0. 0. 0. 0. 0. 0. 0. 0. 0. 0. 0. 0. 0. 0. 0. 0. 0. 0. 0. 0. 0. 0. 1. 0. 0. 0.],3.0,10000,30,0.6,10,1,3,,problem_solving
4400,0.00697702379841426,0.002507446954269007,0.4,-8.703248051622106,[0.         0.         0.01251073 0.         0.02112039 0.         0.         0.         0.         0.         0.         0.         0.         0.         0.         0.         0.         0.         0.         0.         0.         0.         0.         0.         0.         0.         0.         0.96636887 0.         0.         0.        ],[0. 0. 1. 0. 1. 0. 0. 0. 0. 0. 0. 0. 0. 0. 0. 0. 0. 0. 0. 0. 0. 0. 0. 0. 0. 0. 0. 1. 0. 0. 0.],3.0,10000,30,0.6,10,1,3,,problem_solving
4500,0.00697702379841426,0.002507446954269007,0.4,13.896421421473093,[0.         0.         0.01251073 0.         0.02112039 0.         0.         0.         0.         0.         0.         0.         0.         0.         0.         0.         0.         0.         0.         0.         0.         0.         0.         0.         0.         0.         0.         0.96636887 0.         0.         0.        ],[0. 0. 1. 0. 1. 0. 0. 0. 0. 0. 0. 0. 0. 0. 0. 0. 0. 0. 0. 0. 0. 0. 0. 0. 0. 0. 0. 1. 0. 0. 0.],3.0,10000,30,0.6,10,1,3,,problem_solving
4600,0.00697702379841426,0.002507446954269007,0.4,1.2238814278917174,[0.         0.         0.01251073 0.         0.02112039 0.         0.         0.         0.         0.         0.         0.         0.         0.         0.         0.         0.         0.         0.         0.         0.         0.         0.         0.         0.         0.         0.         0.96636887 0.         0.         0.        ],[0. 0. 1. 0. 1. 0. 0. 0. 0. 0. 0. 0. 0. 0. 0. 0. 0. 0. 0. 0. 0. 0. 0. 0. 0. 0. 0. 1. 0. 0. 0.],3.0,10000,30,0.6,10,1,3,,problem_solving
4700,0.00697702379841426,0.002507446954269007,0.4,-4.192335849616897,[0.         0.         0.01251073 0.         0.02112039 0.         0.         0.         0.         0.         0.         0.         0.         0.         0.         0.         0.         0.         0.         0.         0.         0.         0.         0.         0.         0.         0.         0.96636887 0.         0.         0.        ],[0. 0. 1. 0. 1. 0. 0. 0. 0. 0. 0. 0. 0. 0. 0. 0. 0. 0. 0. 0. 0. 0. 0. 0. 0. 0. 0. 1. 0. 0. 0.],3.0,10000,30,0.6,10,1,3,,problem_solving
4800,0.006042350020800476,0.00492597949447819,0.4,4.608243431101934,[0.         0.         0.         0.         0.02653457 0.         0.         0.         0.         0.         0.         0.         0.         0.         0.         0.         0.         0.         0.         0.         0.         0.         0.         0.         0.         0.96200375 0.         0.01146168 0.         0.         0.        ],[0. 0. 0. 0. 1. 0. 0. 0. 0. 0. 0. 0. 0. 0. 0. 0. 0. 0. 0. 0. 0. 0. 0. 0. 0. 1. 0. 1. 0. 0. 0.],3.0,10000,30,0.6,10,1,3,,problem_solving
4900,0.006042350020800476,0.00492597949447819,0.4,8.328168427423337,[0.         0.         0.         0.         0.02653457 0.         0.         0.         0.         0.         0.         0.         0.         0.         0.         0.         0.         0.         0.         0.         0.         0.         0.         0.         0.         0.96200375 0.         0.01146168 0.         0.         0.        ],[0. 0. 0. 0. 1. 0. 0. 0. 0. 0. 0. 0. 0. 0. 0. 0. 0. 0. 0. 0. 0. 0. 0. 0. 0. 1. 0. 1. 0. 0. 0.],3.0,10000,30,0.6,10,1,3,,problem_solving
5000,0.006042350020800476,0.00492597949447819,0.4,29.384724282050154,[0.         0.         0.         0.         0.02653457 0.         0.         0.         0.         0.         0.         0.         0.         0.         0.         0.         0.         0.         0.         0.         0.         0.         0.         0.         0.         0.96200375 0.         0.01146168 0.         0.         0.        ],[0. 0. 0. 0. 1. 0. 0. 0. 0. 0. 0. 0. 0. 0. 0. 0. 0. 0. 0. 0. 0. 0. 0. 0. 0. 1. 0. 1. 0. 0. 0.],3.0,10000,30,0.6,10,1,3,,problem_solving
5100,0.006042350020800476,0.00492597949447819,0.4,-14.971109358228976,[0.         0.         0.         0.         0.02653457 0.         0.         0.         0.         0.         0.         0.         0.         0.         0.         0.         0.         0.         0.         0.         0.         0.         0.         0.         0.         0.96200375 0.         0.01146168 0.         0.         0.        ],[0. 0. 0. 0. 1. 0. 0. 0. 0. 0. 0. 0. 0. 0. 0. 0. 0. 0. 0. 0. 0. 0. 0. 0. 0. 1. 0. 1. 0. 0. 0.],3.0,10000,30,0.6,10,1,3,,problem_solving
5200,0.006042350020800476,0.00492597949447819,0.4,-8.294590187768835,[0.         0.         0.         0.         0.02653457 0.         0.         0.         0.         0.         0.         0.         0.         0.         0.         0.         0.         0.         0.         0.         0.         0.         0.         0.         0.         0.96200375 0.         0.01146168 0.         0.         0.        ],[0. 0. 0. 0. 1. 0. 0. 0. 0. 0. 0. 0. 0. 0. 0. 0. 0. 0. 0. 0. 0. 0. 0. 0. 0. 1. 0. 1. 0. 0. 0.],3.0,10000,30,0.6,10,1,3,,problem_solving
5300,0.006042350020800476,0.00492597949447819,0.4,4.2770898130604955,[0.         0.         0.         0.         0.02653457 0.         0.         0.         0.         0.         0.         0.         0.         0.         0.         0.         0.         0.         0.         0.         0.         0.         0.         0.         0.         0.96200375 0.         0.01146168 0.         0.         0.        ],[0. 0. 0. 0. 1. 0. 0. 0. 0. 0. 0. 0. 0. 0. 0. 0. 0. 0. 0. 0. 0. 0. 0. 0. 0. 1. 0. 1. 0. 0. 0.],3.0,10000,30,0.6,10,1,3,,problem_solving
5400,0.006042350020800476,0.00492597949447819,0.4,-1.3721562745493177,[0.         0.         0.         0.         0.02653457 0.         0.         0.         0.         0.         0.         0.         0.         0.         0.         0.         0.         0.         0.         0.         0.         0.         0.         0.         0.         0.96200375 0.         0.01146168 0.         0.         0.        ],[0. 0. 0. 0. 1. 0. 0. 0. 0. 0. 0. 0. 0. 0. 0. 0. 0. 0. 0. 0. 0. 0. 0. 0. 0. 1. 0. 1. 0. 0. 0.],3.0,10000,30,0.6,10,1,3,,problem_solving
5500,0.006042350020800476,0.00492597949447819,0.4,-18.127928168582603,[0.         0.         0.         0.         0.02653457 0.         0.         0.         0.         0.         0.         0.         0.         0.         0.         0.         0.         0.         0.         0.         0.         0.         0.         0.         0.         0.96200375 0.         0.01146168 0.         0.         0.        ],[0. 0. 0. 0. 1. 0. 0. 0. 0. 0. 0. 0. 0. 0. 0. 0. 0. 0. 0. 0. 0. 0. 0. 0. 0. 1. 0. 1. 0. 0. 0.],3.0,10000,30,0.6,10,1,3,,problem_solving
5600,0.006042350020800476,0.00492597949447819,0.4,-1.937840520797107,[0.         0.         0.         0.         0.02653457 0.         0.         0.         0.         0.         0.         0.         0.         0.         0.         0.         0.         0.         0.         0.         0.         0.         0.         0.         0.         0.96200375 0.         0.01146168 0.         0.         0.        ],[0. 0. 0. 0. 1. 0. 0. 0. 0. 0. 0. 0. 0. 0. 0. 0. 0. 0. 0. 0. 0. 0. 0. 0. 0. 1. 0. 1. 0. 0. 0.],3.0,10000,30,0.6,10,1,3,,problem_solving
5700,0.006042350020800476,0.00492597949447819,0.4,-4.50018563111435,[0.         0.         0.         0.         0.02653457 0.         0.         0.         0.         0.         0.         0.         0.         0.         0.         0.         0.         0.         0.         0.         0.         0.         0.         0.         0.         0.96200375 0.         0.01146168 0.         0.         0.        ],[0. 0. 0. 0. 1. 0. 0. 0. 0. 0. 0. 0. 0. 0. 0. 0. 0. 0. 0. 0. 0. 0. 0. 0. 0. 1. 0. 1. 0. 0. 0.],3.0,10000,30,0.6,10,1,3,,problem_solving
5800,0.006042350020800476,0.00492597949447819,0.4,27.77415460184725,[0.         0.         0.         0.         0.02653457 0.         0.         0.         0.         0.         0.         0.         0.         0.         0.         0.         0.         0.         0.         0.         0.         0.         0.         0.         0.         0.96200375 0.         0.01146168 0.         0.         0.        ],[0. 0. 0. 0. 1. 0. 0. 0. 0. 0. 0. 0. 0. 0. 0. 0. 0. 0. 0. 0. 0. 0. 0. 0. 0. 1. 0. 1. 0. 0. 0.],3.0,10000,30,0.6,10,1,3,,problem_solving
5900,0.006042350020800476,0.00492597949447819,0.4,4.1486767714378185,[0.         0.         0.         0.         0.02653457 0.         0.         0.         0.         0.         0.         0.         0.         0.         0.         0.         0.         0.         0.         0.         0.         0.         0.         0.         0.         0.96200375 0.         0.01146168 0.         0.         0.        ],[0. 0. 0. 0. 1. 0. 0. 0. 0. 0. 0. 0. 0. 0. 0. 0. 0. 0. 0. 0. 0. 0. 0. 0. 0. 1. 0. 1. 0. 0. 0.],3.0,10000,30,0.6,10,1,3,,problem_solving
6000,0.006042350020800476,0.00492597949447819,0.4,14.837559715878701,[0.         0.         0.         0.         0.02653457 0.         0.         0.         0.         0.         0.         0.         0.         0.         0.         0.         0.         0.         0.         0.         0.         0.         0.         0.         0.         0.96200375 0.         0.01146168 0.         0.         0.        ],[0. 0. 0. 0. 1. 0. 0. 0. 0. 0. 0. 0. 0. 0. 0. 0. 0. 0. 0. 0. 0. 0. 0. 0. 0. 1. 0. 1. 0. 0. 0.],3.0,10000,30,0.6,10,1,3,,problem_solving
6100,0.006042350020800476,0.00492597949447819,0.4,7.984596127659164,[0.         0.         0.         0.         0.02653457 0.         0.         0.         0.         0.         0.         0.         0.         0.         0.         0.         0.         0.         0.         0.         0.         0.         0.         0.         0.         0.96200375 0.         0.01146168 0.         0.         0.        ],[0. 0. 0. 0. 1. 0. 0. 0. 0. 0. 0. 0. 0. 0. 0. 0. 0. 0. 0. 0. 0. 0. 0. 0. 0. 1. 0. 1. 0. 0. 0.],3.0,10000,30,0.6,10,1,3,,problem_solving
6200,0.006042350020800476,0.00492597949447819,0.4,-14.975202635081565,[0.         0.         0.         0.         0.02653457 0.         0.         0.         0.         0.         0.         0.         0.         0.         0.         0.         0.         0.         0.         0.         0.         0.         0.         0.         0.         0.96200375 0.         0.01146168 0.         0.         0.        ],[0. 0. 0. 0. 1. 0. 0. 0. 0. 0. 0. 0. 0. 0. 0. 0. 0. 0. 0. 0. 0. 0. 0. 0. 0. 1. 0. 1. 0. 0. 0.],3.0,10000,30,0.6,10,1,3,,problem_solving
6300,0.006042350020800476,0.00492597949447819,0.4,-10.04192646217868,[0.         0.         0.         0.         0.02653457 0.         0.         0.         0.         0.         0.         0.         0.         0.         0.         0.         0.         0.         0.         0.         0.         0.         0.         0.         0.         0.96200375 0.         0.01146168 0.         0.         0.        ],[0. 0. 0. 0. 1. 0. 0. 0. 0. 0. 0. 0. 0. 0. 0. 0. 0. 0. 0. 0. 0. 0. 0. 0. 0. 1. 0. 1. 0. 0. 0.],3.0,10000,30,0.6,10,1,3,,problem_solving
6400,0.006042350020800476,0.00492597949447819,0.4,-13.107088290537865,[0.         0.         0.         0.         0.02653457 0.         0.         0.         0.         0.         0.         0.         0.         0.         0.         0.         0.         0.         0.         0.         0.         0.         0.         0.         0.         0.96200375 0.         0.01146168 0.         0.         0.        ],[0. 0. 0. 0. 1. 0. 0. 0. 0. 0. 0. 0. 0. 0. 0. 0. 0. 0. 0. 0. 0. 0. 0. 0. 0. 1. 0. 1. 0. 0. 0.],3.0,10000,30,0.6,10,1,3,,problem_solving
6500,0.006042350020800476,0.00492597949447819,0.4,16.300008984761497,[0.         0.         0.         0.         0.02653457 0.         0.         0.         0.         0.         0.         0.         0.         0.         0.         0.         0.         0.         0.         0.         0.         0.         0.         0.         0.         0.96200375 0.         0.01146168 0.         0.         0.        ],[0. 0. 0. 0. 1. 0. 0. 0. 0. 0. 0. 0. 0. 0. 0. 0. 0. 0. 0. 0. 0. 0. 0. 0. 0. 1. 0. 1. 0. 0. 0.],3.0,10000,30,0.6,10,1,3,,problem_solving
6600,0.006042350020800476,0.00492597949447819,0.4,-12.727503813160173,[0.         0.         0.         0.         0.02653457 0.         0.         0.         0.         0.         0.         0.         0.         0.         0.         0.         0.         0.         0.         0.         0.         0.         0.         0.         0.         0.96200375 0.         0.01146168 0.         0.         0.        ],[0. 0. 0. 0. 1. 0. 0. 0. 0. 0. 0. 0. 0. 0. 0. 0. 0. 0. 0. 0. 0. 0. 0. 0. 0. 1. 0. 1. 0. 0. 0.],3.0,10000,30,0.6,10,1,3,,problem_solving
6700,0.006042350020800476,0.00492597949447819,0.4,11.646564519039437,[0.         0.         0.         0.         0.02653457 0.         0.         0.         0.         0.         0.         0.         0.         0.         0.         0.         0.         0.         0.         0.         0.         0.         0.         0.         0.         0.96200375 0.         0.01146168 0.         0.         0.        ],[0. 0. 0. 0. 1. 0. 0. 0. 0. 0. 0. 0. 0. 0. 0. 0. 0. 0. 0. 0. 0. 0. 0. 0. 0. 1. 0. 1. 0. 0. 0.],3.0,10000,30,0.6,10,1,3,,problem_solving
6800,0.006042350020800476,0.00492597949447819,0.4,1.0542015270538676,[0.         0.         0.         0.         0.02653457 0.         0.         0.         0.         0.         0.         0.         0.         0.         0.         0.         0.         0.         0.         0.         0.         0.         0.         0.         0.         0.96200375 0.         0.01146168 0.         0.         0.        ],[0. 0. 0. 0. 1. 0. 0. 0. 0. 0. 0. 0. 0. 0. 0. 0. 0. 0. 0. 0. 0. 0. 0. 0. 0. 1. 0. 1. 0. 0. 0.],3.0,10000,30,0.6,10,1,3,,problem_solving
6900,0.006042350020800476,0.00492597949447819,0.4,-1.4731031443050913,[0.         0.         0.         0.         0.02653457 0.         0.         0.         0.         0.         0.         0.         0.         0.         0.         0.         0.         0.         0.         0.         0.         0.         0.         0.         0.         0.96200375 0.         0.01146168 0.         0.         0.        ],[0. 0. 0. 0. 1. 0. 0. 0. 0. 0. 0. 0. 0. 0. 0. 0. 0. 0. 0. 0. 0. 0. 0. 0. 0. 1. 0. 1. 0. 0. 0.],3.0,10000,30,0.6,10,1,3,,problem_solving
7000,0.006042350020800476,0.00492597949447819,0.4,8.735239967472857,[0.         0.         0.         0.         0.02653457 0.         0.         0.         0.         0.         0.         0.         0.         0.         0.         0.         0.         0.         0.         0.         0.         0.         0.         0.         0.         0.96200375 0.         0.01146168 0.         0.         0.        ],[0. 0. 0. 0. 1. 0. 0. 0. 0. 0. 0. 0. 0. 0. 0. 0. 0. 0. 0. 0. 0. 0. 0. 0. 0. 1. 0. 1. 0. 0. 0.],3.0,10000,30,0.6,10,1,3,,problem_solving
7100,0.006042350020800476,0.00492597949447819,0.4,2.5921349741245248,[0.         0.         0.         0.         0.02653457 0.         0.         0.         0.         0.         0.         0.         0.         0.         0.         0.         0.         0.         0.         0.         0.         0.         0.         0.         0.         0.96200375 0.         0.01146168 0.         0.         0.        ],[0. 0. 0. 0. 1. 0. 0. 0. 0. 0. 0. 0. 0. 0. 0. 0. 0. 0. 0. 0. 0. 0. 0. 0. 0. 1. 0. 1. 0. 0. 0.],3.0,10000,30,0.6,10,1,3,,problem_solving
7200,0.006042350020800476,0.00492597949447819,0.4,2.7497838601668234,[0.         0.         0.         0.         0.02653457 0.         0.         0.         0.         0.         0.         0.         0.         0.         0.         0.         0.         0.         0.         0.         0.         0.         0.         0.         0.         0.96200375 0.         0.01146168 0.         0.         0.        ],[0. 0. 0. 0. 1. 0. 0. 0. 0. 0. 0. 0. 0. 0. 0. 0. 0. 0. 0. 0. 0. 0. 0. 0. 0. 1. 0. 1. 0. 0. 0.],3.0,10000,30,0.6,10,1,3,,problem_solving
7300,0.006042350020800476,0.00492597949447819,0.4,5.992233323398608,[0.         0.         0.         0.         0.02653457 0.         0.         0.         0.         0.         0.         0.         0.         0.         0.         0.         0.         0.         0.         0.         0.         0.         0.         0.         0.         0.96200375 0.         0.01146168 0.         0.         0.        ],[0. 0. 0. 0. 1. 0. 0. 0. 0. 0. 0. 0. 0. 0. 0. 0. 0. 0. 0. 0. 0. 0. 0. 0. 0. 1. 0. 1. 0. 0. 0.],3.0,10000,30,0.6,10,1,3,,problem_solving
7400,0.006042350020800476,0.00492597949447819,0.4,-5.321774966235461,[0.         0.         0.         0.         0.02653457 0.         0.         0.         0.         0.         0.         0.         0.         0.         0.         0.         0.         0.         0.         0.         0.         0.         0.         0.         0.         0.96200375 0.         0.01146168 0.         0.         0.        ],[0. 0. 0. 0. 1. 0. 0. 0. 0. 0. 0. 0. 0. 0. 0. 0. 0. 0. 0. 0. 0. 0. 0. 0. 0. 1. 0. 1. 0. 0. 0.],3.0,10000,30,0.6,10,1,3,,problem_solving
7500,0.006042350020800476,0.00492597949447819,0.4,-0.49897613266835256,[0.         0.         0.         0.         0.02653457 0.         0.         0.         0.         0.         0.         0.         0.         0.         0.         0.         0.         0.         0.         0.         0.         0.         0.         0.         0.         0.96200375 0.         0.01146168 0.         0.         0.        ],[0. 0. 0. 0. 1. 0. 0. 0. 0. 0. 0. 0. 0. 0. 0. 0. 0. 0. 0. 0. 0. 0. 0. 0. 0. 1. 0. 1. 0. 0. 0.],3.0,10000,30,0.6,10,1,3,,problem_solving
7600,0.006042350020800476,0.00492597949447819,0.4,16.394527418122347,[0.         0.         0.         0.         0.02653457 0.         0.         0.         0.         0.         0.         0.         0.         0.         0.         0.         0.         0.         0.         0.         0.         0.         0.         0.         0.         0.96200375 0.         0.01146168 0.         0.         0.        ],[0. 0. 0. 0. 1. 0. 0. 0. 0. 0. 0. 0. 0. 0. 0. 0. 0. 0. 0. 0. 0. 0. 0. 0. 0. 1. 0. 1. 0. 0. 0.],3.0,10000,30,0.6,10,1,3,,problem_solving
7700,0.006042350020800476,0.00492597949447819,0.4,-7.425729315045252,[0.         0.         0.         0.         0.02653457 0.         0.         0.         0.         0.         0.         0.         0.         0.         0.         0.         0.         0.         0.         0.         0.         0.         0.         0.         0.         0.96200375 0.         0.01146168 0.         0.         0.        ],[0. 0. 0. 0. 1. 0. 0. 0. 0. 0. 0. 0. 0. 0. 0. 0. 0. 0. 0. 0. 0. 0. 0. 0. 0. 1. 0. 1. 0. 0. 0.],3.0,10000,30,0.6,10,1,3,,problem_solving
7800,0.006042350020800476,0.00492597949447819,0.4,1.5911454958841516,[0.         0.         0.         0.         0.02653457 0.         0.         0.         0.         0.         0.         0.         0.         0.         0.         0.         0.         0.         0.         0.         0.         0.         0.         0.         0.         0.96200375 0.         0.01146168 0.         0.         0.        ],[0. 0. 0. 0. 1. 0. 0. 0. 0. 0. 0. 0. 0. 0. 0. 0. 0. 0. 0. 0. 0. 0. 0. 0. 0. 1. 0. 1. 0. 0. 0.],3.0,10000,30,0.6,10,1,3,,problem_solving
7900,0.006042350020800476,0.00492597949447819,0.4,-6.516178051029319,[0.         0.         0.         0.         0.02653457 0.         0.         0.         0.         0.         0.         0.         0.         0.         0.         0.         0.         0.         0.         0.         0.         0.         0.         0.         0.         0.96200375 0.         0.01146168 0.         0.         0.        ],[0. 0. 0. 0. 1. 0. 0. 0. 0. 0. 0. 0. 0. 0. 0. 0. 0. 0. 0. 0. 0. 0. 0. 0. 0. 1. 0. 1. 0. 0. 0.],3.0,10000,30,0.6,10,1,3,,problem_solving
8000,0.006042350020800476,0.00492597949447819,0.4,-5.110388025794798,[0.         0.         0.         0.         0.02653457 0.         0.         0.         0.         0.         0.         0.         0.         0.         0.         0.         0.         0.         0.         0.         0.         0.         0.         0.         0.         0.96200375 0.         0.01146168 0.         0.         0.        ],[0. 0. 0. 0. 1. 0. 0. 0. 0. 0. 0. 0. 0. 0. 0. 0. 0. 0. 0. 0. 0. 0. 0. 0. 0. 1. 0. 1. 0. 0. 0.],3.0,10000,30,0.6,10,1,3,,problem_solving
8100,0.006042350020800476,0.00492597949447819,0.4,-12.084395795637013,[0.         0.         0.         0.         0.02653457 0.         0.         0.         0.         0.         0.         0.         0.         0.         0.         0.         0.         0.         0.         0.         0.         0.         0.         0.         0.         0.96200375 0.         0.01146168 0.         0.         0.        ],[0. 0. 0. 0. 1. 0. 0. 0. 0. 0. 0. 0. 0. 0. 0. 0. 0. 0. 0. 0. 0. 0. 0. 0. 0. 1. 0. 1. 0. 0. 0.],3.0,10000,30,0.6,10,1,3,,problem_solving
8200,0.006042350020800476,0.00492597949447819,0.4,2.50548721607915,[0.         0.         0.         0.         0.02653457 0.         0.         0.         0.         0.         0.         0.         0.         0.         0.         0.         0.         0.         0.         0.         0.         0.         0.         0.         0.         0.96200375 0.         0.01146168 0.         0.         0.        ],[0. 0. 0. 0. 1. 0. 0. 0. 0. 0. 0. 0. 0. 0. 0. 0. 0. 0. 0. 0. 0. 0. 0. 0. 0. 1. 0. 1. 0. 0. 0.],3.0,10000,30,0.6,10,1,3,,problem_solving
8300,0.006042350020800476,0.00492597949447819,0.4,8.487731647696021,[0.         0.         0.         0.         0.02653457 0.         0.         0.         0.         0.         0.         0.         0.         0.         0.         0.         0.         0.         0.         0.         0.         0.         0.         0.         0.         0.96200375 0.         0.01146168 0.         0.         0.        ],[0. 0. 0. 0. 1. 0. 0. 0. 0. 0. 0. 0. 0. 0. 0. 0. 0. 0. 0. 0. 0. 0. 0. 0. 0. 1. 0. 1. 0. 0. 0.],3.0,10000,30,0.6,10,1,3,,problem_solving
8400,0.006042350020800476,0.00492597949447819,0.4,0.5099374979035026,[0.         0.         0.         0.         0.02653457 0.         0.         0.         0.         0.         0.         0.         0.         0.         0.         0.         0.         0.         0.         0.         0.         0.         0.         0.         0.         0.96200375 0.         0.01146168 0.         0.         0.        ],[0. 0. 0. 0. 1. 0. 0. 0. 0. 0. 0. 0. 0. 0. 0. 0. 0. 0. 0. 0. 0. 0. 0. 0. 0. 1. 0. 1. 0. 0. 0.],3.0,10000,30,0.6,10,1,3,,problem_solving
8500,0.006042350020800476,0.00492597949447819,0.4,-6.317575824362046,[0.         0.         0.         0.         0.02653457 0.         0.         0.         0.         0.         0.         0.         0.         0.         0.         0.         0.         0.         0.         0.         0.         0.         0.         0.         0.         0.96200375 0.         0.01146168 0.         0.         0.        ],[0. 0. 0. 0. 1. 0. 0. 0. 0. 0. 0. 0. 0. 0. 0. 0. 0. 0. 0. 0. 0. 0. 0. 0. 0. 1. 0. 1. 0. 0. 0.],3.0,10000,30,0.6,10,1,3,,problem_solving
8600,0.006042350020800476,0.00492597949447819,0.4,5.835604308974024,[0.         0.         0.         0.         0.02653457 0.         0.         0.         0.         0.         0.         0.         0.         0.         0.         0.         0.         0.         0.         0.         0.         0.         0.         0.         0.         0.96200375 0.         0.01146168 0.         0.         0.        ],[0. 0. 0. 0. 1. 0. 0. 0. 0. 0. 0. 0. 0. 0. 0. 0. 0. 0. 0. 0. 0. 0. 0. 0. 0. 1. 0. 1. 0. 0. 0.],3.0,10000,30,0.6,10,1,3,,problem_solving
8700,0.006042350020800476,0.00492597949447819,0.4,13.276396953123879,[0.         0.         0.         0.         0.02653457 0.         0.         0.         0.         0.         0.         0.         0.         0.         0.         0.         0.         0.         0.         0.         0.         0.         0.         0.         0.         0.96200375 0.         0.01146168 0.         0.         0.        ],[0. 0. 0. 0. 1. 0. 0. 0. 0. 0. 0. 0. 0. 0. 0. 0. 0. 0. 0. 0. 0. 0. 0. 0. 0. 1. 0. 1. 0. 0. 0.],3.0,10000,30,0.6,10,1,3,,problem_solving
8800,0.006042350020800476,0.00492597949447819,0.4,-8.27016097983356,[0.         0.         0.         0.         0.02653457 0.         0.         0.         0.         0.         0.         0.         0.         0.         0.         0.         0.         0.         0.         0.         0.         0.         0.         0.         0.         0.96200375 0.         0.01146168 0.         0.         0.        ],[0. 0. 0. 0. 1. 0. 0. 0. 0. 0. 0. 0. 0. 0. 0. 0. 0. 0. 0. 0. 0. 0. 0. 0. 0. 1. 0. 1. 0. 0. 0.],3.0,10000,30,0.6,10,1,3,,problem_solving
8900,0.006042350020800476,0.00492597949447819,0.4,9.096133667856702,[0.         0.         0.         0.         0.02653457 0.         0.         0.         0.         0.         0.         0.         0.         0.         0.         0.         0.         0.         0.         0.         0.         0.         0.         0.         0.         0.96200375 0.         0.01146168 0.         0.         0.        ],[0. 0. 0. 0. 1. 0. 0. 0. 0. 0. 0. 0. 0. 0. 0. 0. 0. 0. 0. 0. 0. 0. 0. 0. 0. 1. 0. 1. 0. 0. 0.],3.0,10000,30,0.6,10,1,3,,problem_solving
9000,0.006042350020800476,0.00492597949447819,0.4,-0.9698627705827779,[0.         0.         0.         0.         0.02653457 0.         0.         0.         0.         0.         0.         0.         0.         0.         0.         0.         0.         0.         0.         0.         0.         0.         0.         0.         0.         0.96200375 0.         0.01146168 0.         0.         0.        ],[0. 0. 0. 0. 1. 0. 0. 0. 0. 0. 0. 0. 0. 0. 0. 0. 0. 0. 0. 0. 0. 0. 0. 0. 0. 1. 0. 1. 0. 0. 0.],3.0,10000,30,0.6,10,1,3,,problem_solving
9100,0.006042350020800476,0.00492597949447819,0.4,5.31086150470953,[0.         0.         0.         0.         0.02653457 0.         0.         0.         0.         0.         0.         0.         0.         0.         0.         0.         0.         0.         0.         0.         0.         0.         0.         0.         0.         0.96200375 0.         0.01146168 0.         0.         0.        ],[0. 0. 0. 0. 1. 0. 0. 0. 0. 0. 0. 0. 0. 0. 0. 0. 0. 0. 0. 0. 0. 0. 0. 0. 0. 1. 0. 1. 0. 0. 0.],3.0,10000,30,0.6,10,1,3,,problem_solving
9200,0.006042350020800476,0.00492597949447819,0.4,-9.297533528133918,[0.         0.         0.         0.         0.02653457 0.         0.         0.         0.         0.         0.         0.         0.         0.         0.         0.         0.         0.         0.         0.         0.         0.         0.         0.         0.         0.96200375 0.         0.01146168 0.         0.         0.        ],[0. 0. 0. 0. 1. 0. 0. 0. 0. 0. 0. 0. 0. 0. 0. 0. 0. 0. 0. 0. 0. 0. 0. 0. 0. 1. 0. 1. 0. 0. 0.],3.0,10000,30,0.6,10,1,3,,problem_solving
9300,0.006042350020800476,0.00492597949447819,0.4,-8.182408973531958,[0.         0.         0.         0.         0.02653457 0.         0.         0.         0.         0.         0.         0.         0.         0.         0.         0.         0.         0.         0.         0.         0.         0.         0.         0.         0.         0.96200375 0.         0.01146168 0.         0.         0.        ],[0. 0. 0. 0. 1. 0. 0. 0. 0. 0. 0. 0. 0. 0. 0. 0. 0. 0. 0. 0. 0. 0. 0. 0. 0. 1. 0. 1. 0. 0. 0.],3.0,10000,30,0.6,10,1,3,,problem_solving
9400,0.006042350020800476,0.00492597949447819,0.4,3.378402240817766,[0.         0.         0.         0.         0.02653457 0.         0.         0.         0.         0.         0.         0.         0.         0.         0.         0.         0.         0.         0.         0.         0.         0.         0.         0.         0.         0.96200375 0.         0.01146168 0.         0.         0.        ],[0. 0. 0. 0. 1. 0. 0. 0. 0. 0. 0. 0. 0. 0. 0. 0. 0. 0. 0. 0. 0. 0. 0. 0. 0. 1. 0. 1. 0. 0. 0.],3.0,10000,30,0.6,10,1,3,,problem_solving
9500,0.006042350020800476,0.00492597949447819,0.4,-1.5988118028327925,[0.         0.         0.         0.         0.02653457 0.         0.         0.         0.         0.         0.         0.         0.         0.         0.         0.         0.         0.         0.         0.         0.         0.         0.         0.         0.         0.96200375 0.         0.01146168 0.         0.         0.        ],[0. 0. 0. 0. 1. 0. 0. 0. 0. 0. 0. 0. 0. 0. 0. 0. 0. 0. 0. 0. 0. 0. 0. 0. 0. 1. 0. 1. 0. 0. 0.],3.0,10000,30,0.6,10,1,3,,problem_solving
9600,0.006042350020800476,0.00492597949447819,0.4,8.528362446322388,[0.         0.         0.         0.         0.02653457 0.         0.         0.         0.         0.         0.         0.         0.         0.         0.         0.         0.         0.         0.         0.         0.         0.         0.         0.         0.         0.96200375 0.         0.01146168 0.         0.         0.        ],[0. 0. 0. 0. 1. 0. 0. 0. 0. 0. 0. 0. 0. 0. 0. 0. 0. 0. 0. 0. 0. 0. 0. 0. 0. 1. 0. 1. 0. 0. 0.],3.0,10000,30,0.6,10,1,3,,problem_solving
9700,0.006042350020800476,0.00492597949447819,0.4,13.436483070007547,[0.         0.         0.         0.         0.02653457 0.         0.         0.         0.         0.         0.         0.         0.         0.         0.         0.         0.         0.         0.         0.         0.         0.         0.         0.         0.         0.96200375 0.         0.01146168 0.         0.         0.        ],[0. 0. 0. 0. 1. 0. 0. 0. 0. 0. 0. 0. 0. 0. 0. 0. 0. 0. 0. 0. 0. 0. 0. 0. 0. 1. 0. 1. 0. 0. 0.],3.0,10000,30,0.6,10,1,3,,problem_solving
9800,0.006042350020800476,0.00492597949447819,0.4,10.102287192073184,[0.         0.         0.         0.         0.02653457 0.         0.         0.         0.         0.         0.         0.         0.         0.         0.         0.         0.         0.         0.         0.         0.         0.         0.         0.         0.         0.96200375 0.         0.01146168 0.         0.         0.        ],[0. 0. 0. 0. 1. 0. 0. 0. 0. 0. 0. 0. 0. 0. 0. 0. 0. 0. 0. 0. 0. 0. 0. 0. 0. 1. 0. 1. 0. 0. 0.],3.0,10000,30,0.6,10,1,3,,problem_solving
9900,0.006042350020800476,0.00492597949447819,0.4,-7.538593503770033,[0.         0.         0.         0.         0.02653457 0.         0.         0.         0.         0.         0.         0.         0.         0.         0.         0.         0.         0.         0.         0.         0.         0.         0.         0.         0.         0.96200375 0.         0.01146168 0.         0.         0.        ],[0. 0. 0. 0. 1. 0. 0. 0. 0. 0. 0. 0. 0. 0. 0. 0. 0. 0. 0. 0. 0. 0. 0. 0. 0. 1. 0. 1. 0. 0. 0.],3.0,10000,30,0.6,10,1,3,,problem_solving
9999,0.006042350020800476,0.00492597949447819,0.4,8.091438156815805,[0.         0.         0.         0.         0.02653457 0.         0.         0.         0.         0.         0.         0.         0.         0.         0.         0.         0.         0.         0.         0.         0.         0.         0.         0.         0.         0.96200375 0.         0.01146168 0.         0.         0.        ],[0. 0. 0. 0. 1. 0. 0. 0. 0. 0. 0. 0. 0. 0. 0. 0. 0. 0. 0. 0. 0. 0. 0. 0. 0. 1. 0. 1. 0. 0. 0.],3.0,10000,30,0.6,10,1,3,,problem_solving
