iter,cost,return,par,move,X,Z,Q,max_iter,mem_size,mem_consider,sigma,port_n,k,seed,tag
1,0.1262639916940399,0.0063213387207366155,0.4,-17.91253475330986,[0.         0.         0.         0.         0.92221854 0.         0.         0.01078427 0.         0.         0.         0.         0.         0.         0.         0.02438739 0.         0.         0.         0.         0.         0.         0.         0.         0.         0.02725059 0.         0.         0.01535921 0.         0.        ],[0. 0. 0. 0. 1. 0. 0. 1. 0. 0. 0. 0. 0. 0. 0. 1. 0. 0. 0. 0. 0. 0. 0. 0. 0. 1. 0. 0. 1. 0. 0.],5.0,10000,30,0.6,10,1,5,,problem_solving
100,0.04050914548460548,0.002835900015005666,0.4,-3.7668469815731953,[0.         0.         0.         0.02118811 0.         0.         0.         0.         0.         0.         0.         0.         0.         0.02538252 0.         0.01090929 0.         0.         0.         0.         0.         0.         0.         0.         0.         0.02692682 0.         0.91559325 0.         0.         0.        ],[0. 0. 0. 1. 0. 0. 0. 0. 0. 0. 0. 0. 0. 1. 0. 1. 0. 0. 0. 0. 0. 0. 0. 0. 0. 1. 0. 1. 0. 0. 0.],5.0,10000,30,0.6,10,1,5,,problem_solving
200,0.024249472544281527,0.01028426640763697,0.4,-10.110534961201365,[0.         0.         0.         0.         0.         0.         0.         0.         0.         0.         0.         0.         0.         0.         0.         0.01458163 0.         0.         0.01779775 0.         0.         0.         0.         0.         0.         0.93052557 0.02613604 0.01095902 0.         0.         0.        ],[0. 0. 0. 0. 0. 0. 0. 0. 0. 0. 0. 0. 0. 0. 0. 1. 0. 0. 1. 0. 0. 0. 0. 0. 0. 1. 1. 1. 0. 0. 0.],5.0,10000,30,0.6,10,1,5,,problem_solving
300,0.017200608684617827,0.004697202620632526,0.4,-7.518380562773128,[0.         0.         0.         0.01096583 0.         0.         0.         0.         0.         0.         0.01059833 0.         0.         0.         0.         0.         0.         0.         0.01065857 0.         0.         0.         0.         0.         0.         0.94296537 0.         0.         0.         0.02481191 0.        ],[0. 0. 0. 1. 0. 0. 0. 0. 0. 0. 1. 0. 0. 0. 0. 0. 0. 0. 1. 0. 0. 0. 0. 0. 0. 1. 0. 0. 0. 1. 0.],5.0,10000,30,0.6,10,1,5,,problem_solving
400,0.017200608684617827,0.004697202620632526,0.4,9.263327716640658,[0.         0.         0.         0.01096583 0.         0.         0.         0.         0.         0.         0.01059833 0.         0.         0.         0.         0.         0.         0.         0.01065857 0.         0.         0.         0.         0.         0.         0.94296537 0.         0.         0.         0.02481191 0.        ],[0. 0. 0. 1. 0. 0. 0. 0. 0. 0. 1. 0. 0. 0. 0. 0. 0. 0. 1. 0. 0. 0. 0. 0. 0. 1. 0. 0. 0. 1. 0.],5.0,10000,30,0.6,10,1,5,,problem_solving
500,0.017200608684617827,0.004697202620632526,0.4,-4.7063648699683975,[0.         0.         0.         0.01096583 0.         0.         0.         0.         0.         0.         0.01059833 0.         0.         0.         0.         0.         0.         0.         0.01065857 0.         0.         0.         0.         0.         0.         0.94296537 0.         0.         0.         0.02481191 0.        ],[0. 0. 0. 1. 0. 0. 0. 0. 0. 0. 1. 0. 0. 0. 0. 0. 0. 0. 1. 0. 0. 0. 0. 0. 0. 1. 0. 0. 0. 1. 0.],5.0,10000,30,0.6,10,1,5,,problem_solving
600,0.017200608684617827,0.004697202620632526,0.4,3.5828481760702684,[0.         0.         0.         0.01096583 0.         0.         0.         0.         0.         0.         0.01059833 0.         0.         0.         0.         0.         0.         0.         0.01065857 0.         0.         0.         0.         0.         0.         0.94296537 0.         0.         0.         0.02481191 0.        ],[0. 0. 0. 1. 0. 0. 0. 0. 0. 0. 1. 0. 0. 0. 0. 0. 0. 0. 1. 0. 0. 0. 0. 0. 0. 1. 0. 0. 0. 1. 0.],5.0,10000,30,0.6,10,1,5,,problem_solving
700,0.017200608684617827,0.004697202620632526,0.4,10.125193372633717,[0.         0.         0.         0.01096583 0.         0.         0.         0.         0.         0.         0.01059833 0.         0.         0.         0.         0.         0.         0.         0.01065857 0.         0.         0.         0.         0.         0.         0.94296537 0.         0.         0.         0.02481191 0.        ],[0. 0. 0. 1. 0. 0. 0. 0. 0. 0. 1. 0. 0. 0. 0. 0. 0. 0. 1. 0. 0. 0. 0. 0. 0. 1. 0. 0. 0. 1. 0.],5.0,10000,30,0.6,10,1,5,,problem_solving
800,0.017200608684617827,0.004697202620632526,0.4,11.569537587328751,[0.         0.         0.         0.01096583 0.         0.         0.         0.         0.         0.         0.01059833 0.         0.         0.         0.         0.         0.         0.         0.01065857 0.         0.         0.         0.         0.         0.         0.94296537 0.         0.         0.         0.02481191 0.        ],[0. 0. 0. 1. 0. 0. 0. 0. 0. 0. 1. 0. 0. 0. 0. 0. 0. 0. 1. 0. 0. 0. 0. 0. 0. 1. 0. 0. 0. 1. 0.],5.0,10000,30,0.6,10,1,5,,problem_solving
900,0.017200608684617827,0.004697202620632526,0.4,-1.0943104657982046,[0.         0.         0.         0.01096583 0.         0.         0.         0.         0.         0.         0.01059833 0.         0.         0.         0.         0.         0.         0.         0.01065857 0.         0.         0.         0.         0.         0.         0.94296537 0.         0.         0.         0.02481191 0.        ],[0. 0. 0. 1. 0. 0. 0. 0. 0. 0. 1. 0. 0. 0. 0. 0. 0. 0. 1. 0. 0. 0. 0. 0. 0. 1. 0. 0. 0. 1. 0.],5.0,10000,30,0.6,10,1,5,,problem_solving
1000,0.017200608684617827,0.004697202620632526,0.4,15.245219478684575,[0.         0.         0.         0.01096583 0.         0.         0.         0.         0.         0.         0.01059833 0.         0.         0.         0.         0.         0.         0.         0.01065857 0.         0.         0.         0.         0.         0.         0.94296537 0.         0.         0.         0.02481191 0.        ],[0. 0. 0. 1. 0. 0. 0. 0. 0. 0. 1. 0. 0. 0. 0. 0. 0. 0. 1. 0. 0. 0. 0. 0. 0. 1. 0. 0. 0. 1. 0.],5.0,10000,30,0.6,10,1,5,,problem_solving
1100,0.017200608684617827,0.004697202620632526,0.4,3.338394084549419,[0.         0.         0.         0.01096583 0.         0.         0.         0.         0.         0.         0.01059833 0.         0.         0.         0.         0.         0.         0.         0.01065857 0.         0.         0.         0.         0.         0.         0.94296537 0.         0.         0.         0.02481191 0.        ],[0. 0. 0. 1. 0. 0. 0. 0. 0. 0. 1. 0. 0. 0. 0. 0. 0. 0. 1. 0. 0. 0. 0. 0. 0. 1. 0. 0. 0. 1. 0.],5.0,10000,30,0.6,10,1,5,,problem_solving
1200,0.017200608684617827,0.004697202620632526,0.4,2.9180088323698246,[0.         0.         0.         0.01096583 0.         0.         0.         0.         0.         0.         0.01059833 0.         0.         0.         0.         0.         0.         0.         0.01065857 0.         0.         0.         0.         0.         0.         0.94296537 0.         0.         0.         0.02481191 0.        ],[0. 0. 0. 1. 0. 0. 0. 0. 0. 0. 1. 0. 0. 0. 0. 0. 0. 0. 1. 0. 0. 0. 0. 0. 0. 1. 0. 0. 0. 1. 0.],5.0,10000,30,0.6,10,1,5,,problem_solving
1300,0.01698588793031516,0.004671873939894121,0.4,9.804302250941852,[0.         0.         0.         0.02204004 0.         0.         0.         0.         0.         0.0109863  0.01076273 0.         0.         0.         0.         0.         0.         0.         0.         0.         0.         0.         0.         0.         0.         0.92839644 0.         0.02781449 0.         0.         0.        ],[0. 0. 0. 1. 0. 0. 0. 0. 0. 1. 1. 0. 0. 0. 0. 0. 0. 0. 0. 0. 0. 0. 0. 0. 0. 1. 0. 1. 0. 0. 0.],5.0,10000,30,0.6,10,1,5,,problem_solving
1400,0.014004989726709076,0.004822574887329932,0.4,11.248645187538873,[0.         0.         0.         0.         0.01413691 0.         0.         0.         0.         0.         0.         0.         0.         0.         0.         0.         0.         0.         0.         0.         0.         0.         0.0255826  0.         0.         0.93860588 0.         0.01092376 0.         0.         0.01075085],[0. 0. 0. 0. 1. 0. 0. 0. 0. 0. 0. 0. 0. 0. 0. 0. 0. 0. 0. 0. 0. 0. 1. 0. 0. 1. 0. 1. 0. 0. 1.],5.0,10000,30,0.6,10,1,5,,problem_solving
1500,0.014004989726709076,0.004822574887329932,0.4,-0.3277997270535672,[0.         0.         0.         0.         0.01413691 0.         0.         0.         0.         0.         0.         0.         0.         0.         0.         0.         0.         0.         0.         0.         0.         0.         0.0255826  0.         0.         0.93860588 0.         0.01092376 0.         0.         0.01075085],[0. 0. 0. 0. 1. 0. 0. 0. 0. 0. 0. 0. 0. 0. 0. 0. 0. 0. 0. 0. 0. 0. 1. 0. 0. 1. 0. 1. 0. 0. 1.],5.0,10000,30,0.6,10,1,5,,problem_solving
1600,0.014004989726709076,0.004822574887329932,0.4,-3.4830071701393517,[0.         0.         0.         0.         0.01413691 0.         0.         0.         0.         0.         0.         0.         0.         0.         0.         0.         0.         0.         0.         0.         0.         0.         0.0255826  0.         0.         0.93860588 0.         0.01092376 0.         0.         0.01075085],[0. 0. 0. 0. 1. 0. 0. 0. 0. 0. 0. 0. 0. 0. 0. 0. 0. 0. 0. 0. 0. 0. 1. 0. 0. 1. 0. 1. 0. 0. 1.],5.0,10000,30,0.6,10,1,5,,problem_solving
1700,0.014004989726709076,0.004822574887329932,0.4,-7.217155826798774,[0.         0.         0.         0.         0.01413691 0.         0.         0.         0.         0.         0.         0.         0.         0.         0.         0.         0.         0.         0.         0.         0.         0.         0.0255826  0.         0.         0.93860588 0.         0.01092376 0.         0.         0.01075085],[0. 0. 0. 0. 1. 0. 0. 0. 0. 0. 0. 0. 0. 0. 0. 0. 0. 0. 0. 0. 0. 0. 1. 0. 0. 1. 0. 1. 0. 0. 1.],5.0,10000,30,0.6,10,1,5,,problem_solving
1800,0.014004989726709076,0.004822574887329932,0.4,-2.713270699250607,[0.         0.         0.         0.         0.01413691 0.         0.         0.         0.         0.         0.         0.         0.         0.         0.         0.         0.         0.         0.         0.         0.         0.         0.0255826  0.         0.         0.93860588 0.         0.01092376 0.         0.         0.01075085],[0. 0. 0. 0. 1. 0. 0. 0. 0. 0. 0. 0. 0. 0. 0. 0. 0. 0. 0. 0. 0. 0. 1. 0. 0. 1. 0. 1. 0. 0. 1.],5.0,10000,30,0.6,10,1,5,,problem_solving
1900,0.014004989726709076,0.004822574887329932,0.4,16.24565969046447,[0.         0.         0.         0.         0.01413691 0.         0.         0.         0.         0.         0.         0.         0.         0.         0.         0.         0.         0.         0.         0.         0.         0.         0.0255826  0.         0.         0.93860588 0.         0.01092376 0.         0.         0.01075085],[0. 0. 0. 0. 1. 0. 0. 0. 0. 0. 0. 0. 0. 0. 0. 0. 0. 0. 0. 0. 0. 0. 1. 0. 0. 1. 0. 1. 0. 0. 1.],5.0,10000,30,0.6,10,1,5,,problem_solving
2000,0.014004989726709076,0.004822574887329932,0.4,-1.6418349620300745,[0.         0.         0.         0.         0.01413691 0.         0.         0.         0.         0.         0.         0.         0.         0.         0.         0.         0.         0.         0.         0.         0.         0.         0.0255826  0.         0.         0.93860588 0.         0.01092376 0.         0.         0.01075085],[0. 0. 0. 0. 1. 0. 0. 0. 0. 0. 0. 0. 0. 0. 0. 0. 0. 0. 0. 0. 0. 0. 1. 0. 0. 1. 0. 1. 0. 0. 1.],5.0,10000,30,0.6,10,1,5,,problem_solving
2100,0.014004989726709076,0.004822574887329932,0.4,3.5683540913450287,[0.         0.         0.         0.         0.01413691 0.         0.         0.         0.         0.         0.         0.         0.         0.         0.         0.         0.         0.         0.         0.         0.         0.         0.0255826  0.         0.         0.93860588 0.         0.01092376 0.         0.         0.01075085],[0. 0. 0. 0. 1. 0. 0. 0. 0. 0. 0. 0. 0. 0. 0. 0. 0. 0. 0. 0. 0. 0. 1. 0. 0. 1. 0. 1. 0. 0. 1.],5.0,10000,30,0.6,10,1,5,,problem_solving
2200,0.014004989726709076,0.004822574887329932,0.4,-13.180493732364752,[0.         0.         0.         0.         0.01413691 0.         0.         0.         0.         0.         0.         0.         0.         0.         0.         0.         0.         0.         0.         0.         0.         0.         0.0255826  0.         0.         0.93860588 0.         0.01092376 0.         0.         0.01075085],[0. 0. 0. 0. 1. 0. 0. 0. 0. 0. 0. 0. 0. 0. 0. 0. 0. 0. 0. 0. 0. 0. 1. 0. 0. 1. 0. 1. 0. 0. 1.],5.0,10000,30,0.6,10,1,5,,problem_solving
2300,0.014004989726709076,0.004822574887329932,0.4,13.673360678984743,[0.         0.         0.         0.         0.01413691 0.         0.         0.         0.         0.         0.         0.         0.         0.         0.         0.         0.         0.         0.         0.         0.         0.         0.0255826  0.         0.         0.93860588 0.         0.01092376 0.         0.         0.01075085],[0. 0. 0. 0. 1. 0. 0. 0. 0. 0. 0. 0. 0. 0. 0. 0. 0. 0. 0. 0. 0. 0. 1. 0. 0. 1. 0. 1. 0. 0. 1.],5.0,10000,30,0.6,10,1,5,,problem_solving
2400,0.014004989726709076,0.004822574887329932,0.4,6.589441395715321,[0.         0.         0.         0.         0.01413691 0.         0.         0.         0.         0.         0.         0.         0.         0.         0.         0.         0.         0.         0.         0.         0.         0.         0.0255826  0.         0.         0.93860588 0.         0.01092376 0.         0.         0.01075085],[0. 0. 0. 0. 1. 0. 0. 0. 0. 0. 0. 0. 0. 0. 0. 0. 0. 0. 0. 0. 0. 0. 1. 0. 0. 1. 0. 1. 0. 0. 1.],5.0,10000,30,0.6,10,1,5,,problem_solving
2500,0.014004989726709076,0.004822574887329932,0.4,-18.997733283530366,[0.         0.         0.         0.         0.01413691 0.         0.         0.         0.         0.         0.         0.         0.         0.         0.         0.         0.         0.         0.         0.         0.         0.         0.0255826  0.         0.         0.93860588 0.         0.01092376 0.         0.         0.01075085],[0. 0. 0. 0. 1. 0. 0. 0. 0. 0. 0. 0. 0. 0. 0. 0. 0. 0. 0. 0. 0. 0. 1. 0. 0. 1. 0. 1. 0. 0. 1.],5.0,10000,30,0.6,10,1,5,,problem_solving
2600,0.014004989726709076,0.004822574887329932,0.4,-8.132853308209324,[0.         0.         0.         0.         0.01413691 0.         0.         0.         0.         0.         0.         0.         0.         0.         0.         0.         0.         0.         0.         0.         0.         0.         0.0255826  0.         0.         0.93860588 0.         0.01092376 0.         0.         0.01075085],[0. 0. 0. 0. 1. 0. 0. 0. 0. 0. 0. 0. 0. 0. 0. 0. 0. 0. 0. 0. 0. 0. 1. 0. 0. 1. 0. 1. 0. 0. 1.],5.0,10000,30,0.6,10,1,5,,problem_solving
2700,0.014004989726709076,0.004822574887329932,0.4,-4.8235183023180905,[0.         0.         0.         0.         0.01413691 0.         0.         0.         0.         0.         0.         0.         0.         0.         0.         0.         0.         0.         0.         0.         0.         0.         0.0255826  0.         0.         0.93860588 0.         0.01092376 0.         0.         0.01075085],[0. 0. 0. 0. 1. 0. 0. 0. 0. 0. 0. 0. 0. 0. 0. 0. 0. 0. 0. 0. 0. 0. 1. 0. 0. 1. 0. 1. 0. 0. 1.],5.0,10000,30,0.6,10,1,5,,problem_solving
2800,0.014004989726709076,0.004822574887329932,0.4,9.810907514655765,[0.         0.         0.         0.         0.01413691 0.         0.         0.         0.         0.         0.         0.         0.         0.         0.         0.         0.         0.         0.         0.         0.         0.         0.0255826  0.         0.         0.93860588 0.         0.01092376 0.         0.         0.01075085],[0. 0. 0. 0. 1. 0. 0. 0. 0. 0. 0. 0. 0. 0. 0. 0. 0. 0. 0. 0. 0. 0. 1. 0. 0. 1. 0. 1. 0. 0. 1.],5.0,10000,30,0.6,10,1,5,,problem_solving
2900,0.014004989726709076,0.004822574887329932,0.4,4.820319579283966,[0.         0.         0.         0.         0.01413691 0.         0.         0.         0.         0.         0.         0.         0.         0.         0.         0.         0.         0.         0.         0.         0.         0.         0.0255826  0.         0.         0.93860588 0.         0.01092376 0.         0.         0.01075085],[0. 0. 0. 0. 1. 0. 0. 0. 0. 0. 0. 0. 0. 0. 0. 0. 0. 0. 0. 0. 0. 0. 1. 0. 0. 1. 0. 1. 0. 0. 1.],5.0,10000,30,0.6,10,1,5,,problem_solving
3000,0.014004989726709076,0.004822574887329932,0.4,20.599178153589477,[0.         0.         0.         0.         0.01413691 0.         0.         0.         0.         0.         0.         0.         0.         0.         0.         0.         0.         0.         0.         0.         0.         0.         0.0255826  0.         0.         0.93860588 0.         0.01092376 0.         0.         0.01075085],[0. 0. 0. 0. 1. 0. 0. 0. 0. 0. 0. 0. 0. 0. 0. 0. 0. 0. 0. 0. 0. 0. 1. 0. 0. 1. 0. 1. 0. 0. 1.],5.0,10000,30,0.6,10,1,5,,problem_solving
3100,0.014004989726709076,0.004822574887329932,0.4,10.689545323029606,[0.         0.         0.         0.         0.01413691 0.         0.         0.         0.         0.         0.         0.         0.         0.         0.         0.         0.         0.         0.         0.         0.         0.         0.0255826  0.         0.         0.93860588 0.         0.01092376 0.         0.         0.01075085],[0. 0. 0. 0. 1. 0. 0. 0. 0. 0. 0. 0. 0. 0. 0. 0. 0. 0. 0. 0. 0. 0. 1. 0. 0. 1. 0. 1. 0. 0. 1.],5.0,10000,30,0.6,10,1,5,,problem_solving
3200,0.014004989726709076,0.004822574887329932,0.4,9.927896486482796,[0.         0.         0.         0.         0.01413691 0.         0.         0.         0.         0.         0.         0.         0.         0.         0.         0.         0.         0.         0.         0.         0.         0.         0.0255826  0.         0.         0.93860588 0.         0.01092376 0.         0.         0.01075085],[0. 0. 0. 0. 1. 0. 0. 0. 0. 0. 0. 0. 0. 0. 0. 0. 0. 0. 0. 0. 0. 0. 1. 0. 0. 1. 0. 1. 0. 0. 1.],5.0,10000,30,0.6,10,1,5,,problem_solving
3300,0.014004989726709076,0.004822574887329932,0.4,-8.114612508352106,[0.         0.         0.         0.         0.01413691 0.         0.         0.         0.         0.         0.         0.         0.         0.         0.         0.         0.         0.         0.         0.         0.         0.         0.0255826  0.         0.         0.93860588 0.         0.01092376 0.         0.         0.01075085],[0. 0. 0. 0. 1. 0. 0. 0. 0. 0. 0. 0. 0. 0. 0. 0. 0. 0. 0. 0. 0. 0. 1. 0. 0. 1. 0. 1. 0. 0. 1.],5.0,10000,30,0.6,10,1,5,,problem_solving
3400,0.014004989726709076,0.004822574887329932,0.4,-2.61062126227457,[0.         0.         0.         0.         0.01413691 0.         0.         0.         0.         0.         0.         0.         0.         0.         0.         0.         0.         0.         0.         0.         0.         0.         0.0255826  0.         0.         0.93860588 0.         0.01092376 0.         0.         0.01075085],[0. 0. 0. 0. 1. 0. 0. 0. 0. 0. 0. 0. 0. 0. 0. 0. 0. 0. 0. 0. 0. 0. 1. 0. 0. 1. 0. 1. 0. 0. 1.],5.0,10000,30,0.6,10,1,5,,problem_solving
3500,0.014004989726709076,0.004822574887329932,0.4,4.770727086363943,[0.         0.         0.         0.         0.01413691 0.         0.         0.         0.         0.         0.         0.         0.         0.         0.         0.         0.         0.         0.         0.         0.         0.         0.0255826  0.         0.         0.93860588 0.         0.01092376 0.         0.         0.01075085],[0. 0. 0. 0. 1. 0. 0. 0. 0. 0. 0. 0. 0. 0. 0. 0. 0. 0. 0. 0. 0. 0. 1. 0. 0. 1. 0. 1. 0. 0. 1.],5.0,10000,30,0.6,10,1,5,,problem_solving
3600,0.014004989726709076,0.004822574887329932,0.4,-9.670294924756668,[0.         0.         0.         0.         0.01413691 0.         0.         0.         0.         0.         0.         0.         0.         0.         0.         0.         0.         0.         0.         0.         0.         0.         0.0255826  0.         0.         0.93860588 0.         0.01092376 0.         0.         0.01075085],[0. 0. 0. 0. 1. 0. 0. 0. 0. 0. 0. 0. 0. 0. 0. 0. 0. 0. 0. 0. 0. 0. 1. 0. 0. 1. 0. 1. 0. 0. 1.],5.0,10000,30,0.6,10,1,5,,problem_solving
3700,0.014004989726709076,0.004822574887329932,0.4,2.249189128370516,[0.         0.         0.         0.         0.01413691 0.         0.         0.         0.         0.         0.         0.         0.         0.         0.         0.         0.         0.         0.         0.         0.         0.         0.0255826  0.         0.         0.93860588 0.         0.01092376 0.         0.         0.01075085],[0. 0. 0. 0. 1. 0. 0. 0. 0. 0. 0. 0. 0. 0. 0. 0. 0. 0. 0. 0. 0. 0. 1. 0. 0. 1. 0. 1. 0. 0. 1.],5.0,10000,30,0.6,10,1,5,,problem_solving
3800,0.014004989726709076,0.004822574887329932,0.4,-9.397118010752878,[0.         0.         0.         0.         0.01413691 0.         0.         0.         0.         0.         0.         0.         0.         0.         0.         0.         0.         0.         0.         0.         0.         0.         0.0255826  0.         0.         0.93860588 0.         0.01092376 0.         0.         0.01075085],[0. 0. 0. 0. 1. 0. 0. 0. 0. 0. 0. 0. 0. 0. 0. 0. 0. 0. 0. 0. 0. 0. 1. 0. 0. 1. 0. 1. 0. 0. 1.],5.0,10000,30,0.6,10,1,5,,problem_solving
3900,0.014004989726709076,0.004822574887329932,0.4,4.993465664771122,[0.         0.         0.         0.         0.01413691 0.         0.         0.         0.         0.         0.         0.         0.         0.         0.         0.         0.         0.         0.         0.         0.         0.         0.0255826  0.         0.         0.93860588 0.         0.01092376 0.         0.         0.01075085],[0. 0. 0. 0. 1. 0. 0. 0. 0. 0. 0. 0. 0. 0. 0. 0. 0. 0. 0. 0. 0. 0. 1. 0. 0. 1. 0. 1. 0. 0. 1.],5.0,10000,30,0.6,10,1,5,,problem_solving
4000,0.014004989726709076,0.004822574887329932,0.4,4.370854947723429,[0.         0.         0.         0.         0.01413691 0.         0.         0.         0.         0.         0.         0.         0.         0.         0.         0.         0.         0.         0.         0.         0.         0.         0.0255826  0.         0.         0.93860588 0.         0.01092376 0.         0.         0.01075085],[0. 0. 0. 0. 1. 0. 0. 0. 0. 0. 0. 0. 0. 0. 0. 0. 0. 0. 0. 0. 0. 0. 1. 0. 0. 1. 0. 1. 0. 0. 1.],5.0,10000,30,0.6,10,1,5,,problem_solving
4100,0.014004989726709076,0.004822574887329932,0.4,-2.8375629532975433,[0.         0.         0.         0.         0.01413691 0.         0.         0.         0.         0.         0.         0.         0.         0.         0.         0.         0.         0.         0.         0.         0.         0.         0.0255826  0.         0.         0.93860588 0.         0.01092376 0.         0.         0.01075085],[0. 0. 0. 0. 1. 0. 0. 0. 0. 0. 0. 0. 0. 0. 0. 0. 0. 0. 0. 0. 0. 0. 1. 0. 0. 1. 0. 1. 0. 0. 1.],5.0,10000,30,0.6,10,1,5,,problem_solving
4200,0.014004989726709076,0.004822574887329932,0.4,6.276517425406181,[0.         0.         0.         0.         0.01413691 0.         0.         0.         0.         0.         0.         0.         0.         0.         0.         0.         0.         0.         0.         0.         0.         0.         0.0255826  0.         0.         0.93860588 0.         0.01092376 0.         0.         0.01075085],[0. 0. 0. 0. 1. 0. 0. 0. 0. 0. 0. 0. 0. 0. 0. 0. 0. 0. 0. 0. 0. 0. 1. 0. 0. 1. 0. 1. 0. 0. 1.],5.0,10000,30,0.6,10,1,5,,problem_solving
4300,0.014004989726709076,0.004822574887329932,0.4,-6.621894769877569,[0.         0.         0.         0.         0.01413691 0.         0.         0.         0.         0.         0.         0.         0.         0.         0.         0.         0.         0.         0.         0.         0.         0.         0.0255826  0.         0.         0.93860588 0.         0.01092376 0.         0.         0.01075085],[0. 0. 0. 0. 1. 0. 0. 0. 0. 0. 0. 0. 0. 0. 0. 0. 0. 0. 0. 0. 0. 0. 1. 0. 0. 1. 0. 1. 0. 0. 1.],5.0,10000,30,0.6,10,1,5,,problem_solving
4400,0.014004989726709076,0.004822574887329932,0.4,6.371647488426833,[0.         0.         0.         0.         0.01413691 0.         0.         0.         0.         0.         0.         0.         0.         0.         0.         0.         0.         0.         0.         0.         0.         0.         0.0255826  0.         0.         0.93860588 0.         0.01092376 0.         0.         0.01075085],[0. 0. 0. 0. 1. 0. 0. 0. 0. 0. 0. 0. 0. 0. 0. 0. 0. 0. 0. 0. 0. 0. 1. 0. 0. 1. 0. 1. 0. 0. 1.],5.0,10000,30,0.6,10,1,5,,problem_solving
4500,0.014004989726709076,0.004822574887329932,0.4,-0.8587931270607672,[0.         0.         0.         0.         0.01413691 0.         0.         0.         0.         0.         0.         0.         0.         0.         0.         0.         0.         0.         0.         0.         0.         0.         0.0255826  0.         0.         0.93860588 0.         0.01092376 0.         0.         0.01075085],[0. 0. 0. 0. 1. 0. 0. 0. 0. 0. 0. 0. 0. 0. 0. 0. 0. 0. 0. 0. 0. 0. 1. 0. 0. 1. 0. 1. 0. 0. 1.],5.0,10000,30,0.6,10,1,5,,problem_solving
4600,0.014004989726709076,0.004822574887329932,0.4,-10.193904376871375,[0.         0.         0.         0.         0.01413691 0.         0.         0.         0.         0.         0.         0.         0.         0.         0.         0.         0.         0.         0.         0.         0.         0.         0.0255826  0.         0.         0.93860588 0.         0.01092376 0.         0.         0.01075085],[0. 0. 0. 0. 1. 0. 0. 0. 0. 0. 0. 0. 0. 0. 0. 0. 0. 0. 0. 0. 0. 0. 1. 0. 0. 1. 0. 1. 0. 0. 1.],5.0,10000,30,0.6,10,1,5,,problem_solving
4700,0.014004989726709076,0.004822574887329932,0.4,14.724580728484959,[0.         0.         0.         0.         0.01413691 0.         0.         0.         0.         0.         0.         0.         0.         0.         0.         0.         0.         0.         0.         0.         0.         0.         0.0255826  0.         0.         0.93860588 0.         0.01092376 0.         0.         0.01075085],[0. 0. 0. 0. 1. 0. 0. 0. 0. 0. 0. 0. 0. 0. 0. 0. 0. 0. 0. 0. 0. 0. 1. 0. 0. 1. 0. 1. 0. 0. 1.],5.0,10000,30,0.6,10,1,5,,problem_solving
4800,0.014004989726709076,0.004822574887329932,0.4,11.142319373763973,[0.         0.         0.         0.         0.01413691 0.         0.         0.         0.         0.         0.         0.         0.         0.         0.         0.         0.         0.         0.         0.         0.         0.         0.0255826  0.         0.         0.93860588 0.         0.01092376 0.         0.         0.01075085],[0. 0. 0. 0. 1. 0. 0. 0. 0. 0. 0. 0. 0. 0. 0. 0. 0. 0. 0. 0. 0. 0. 1. 0. 0. 1. 0. 1. 0. 0. 1.],5.0,10000,30,0.6,10,1,5,,problem_solving
4900,0.014004989726709076,0.004822574887329932,0.4,7.206896589526615,[0.         0.         0.         0.         0.01413691 0.         0.         0.         0.         0.         0.         0.         0.         0.         0.         0.         0.         0.         0.         0.         0.         0.         0.0255826  0.         0.         0.93860588 0.         0.01092376 0.         0.         0.01075085],[0. 0. 0. 0. 1. 0. 0. 0. 0. 0. 0. 0. 0. 0. 0. 0. 0. 0. 0. 0. 0. 0. 1. 0. 0. 1. 0. 1. 0. 0. 1.],5.0,10000,30,0.6,10,1,5,,problem_solving
5000,0.014004989726709076,0.004822574887329932,0.4,-0.4617619710623124,[0.         0.         0.         0.         0.01413691 0.         0.         0.         0.         0.         0.         0.         0.         0.         0.         0.         0.         0.         0.         0.         0.         0.         0.0255826  0.         0.         0.93860588 0.         0.01092376 0.         0.         0.01075085],[0. 0. 0. 0. 1. 0. 0. 0. 0. 0. 0. 0. 0. 0. 0. 0. 0. 0. 0. 0. 0. 0. 1. 0. 0. 1. 0. 1. 0. 0. 1.],5.0,10000,30,0.6,10,1,5,,problem_solving
5100,0.014004989726709076,0.004822574887329932,0.4,-13.9716234938817,[0.         0.         0.         0.         0.01413691 0.         0.         0.         0.         0.         0.         0.         0.         0.         0.         0.         0.         0.         0.         0.         0.         0.         0.0255826  0.         0.         0.93860588 0.         0.01092376 0.         0.         0.01075085],[0. 0. 0. 0. 1. 0. 0. 0. 0. 0. 0. 0. 0. 0. 0. 0. 0. 0. 0. 0. 0. 0. 1. 0. 0. 1. 0. 1. 0. 0. 1.],5.0,10000,30,0.6,10,1,5,,problem_solving
5200,0.014004989726709076,0.004822574887329932,0.4,-6.306858665415721,[0.         0.         0.         0.         0.01413691 0.         0.         0.         0.         0.         0.         0.         0.         0.         0.         0.         0.         0.         0.         0.         0.         0.         0.0255826  0.         0.         0.93860588 0.         0.01092376 0.         0.         0.01075085],[0. 0. 0. 0. 1. 0. 0. 0. 0. 0. 0. 0. 0. 0. 0. 0. 0. 0. 0. 0. 0. 0. 1. 0. 0. 1. 0. 1. 0. 0. 1.],5.0,10000,30,0.6,10,1,5,,problem_solving
5300,0.014004989726709076,0.004822574887329932,0.4,9.99862353630044,[0.         0.         0.         0.         0.01413691 0.         0.         0.         0.         0.         0.         0.         0.         0.         0.         0.         0.         0.         0.         0.         0.         0.         0.0255826  0.         0.         0.93860588 0.         0.01092376 0.         0.         0.01075085],[0. 0. 0. 0. 1. 0. 0. 0. 0. 0. 0. 0. 0. 0. 0. 0. 0. 0. 0. 0. 0. 0. 1. 0. 0. 1. 0. 1. 0. 0. 1.],5.0,10000,30,0.6,10,1,5,,problem_solving
5400,0.014004989726709076,0.004822574887329932,0.4,12.414521037309882,[0.         0.         0.         0.         0.01413691 0.         0.         0.         0.         0.         0.         0.         0.         0.         0.         0.         0.         0.         0.         0.         0.         0.         0.0255826  0.         0.         0.93860588 0.         0.01092376 0.         0.         0.01075085],[0. 0. 0. 0. 1. 0. 0. 0. 0. 0. 0. 0. 0. 0. 0. 0. 0. 0. 0. 0. 0. 0. 1. 0. 0. 1. 0. 1. 0. 0. 1.],5.0,10000,30,0.6,10,1,5,,problem_solving
5500,0.014004989726709076,0.004822574887329932,0.4,1.9655455225920297,[0.         0.         0.         0.         0.01413691 0.         0.         0.         0.         0.         0.         0.         0.         0.         0.         0.         0.         0.         0.         0.         0.         0.         0.0255826  0.         0.         0.93860588 0.         0.01092376 0.         0.         0.01075085],[0. 0. 0. 0. 1. 0. 0. 0. 0. 0. 0. 0. 0. 0. 0. 0. 0. 0. 0. 0. 0. 0. 1. 0. 0. 1. 0. 1. 0. 0. 1.],5.0,10000,30,0.6,10,1,5,,problem_solving
5600,0.014004989726709076,0.004822574887329932,0.4,17.196683344420173,[0.         0.         0.         0.         0.01413691 0.         0.         0.         0.         0.         0.         0.         0.         0.         0.         0.         0.         0.         0.         0.         0.         0.         0.0255826  0.         0.         0.93860588 0.         0.01092376 0.         0.         0.01075085],[0. 0. 0. 0. 1. 0. 0. 0. 0. 0. 0. 0. 0. 0. 0. 0. 0. 0. 0. 0. 0. 0. 1. 0. 0. 1. 0. 1. 0. 0. 1.],5.0,10000,30,0.6,10,1,5,,problem_solving
5700,0.014004989726709076,0.004822574887329932,0.4,3.463062261687205,[0.         0.         0.         0.         0.01413691 0.         0.         0.         0.         0.         0.         0.         0.         0.         0.         0.         0.         0.         0.         0.         0.         0.         0.0255826  0.         0.         0.93860588 0.         0.01092376 0.         0.         0.01075085],[0. 0. 0. 0. 1. 0. 0. 0. 0. 0. 0. 0. 0. 0. 0. 0. 0. 0. 0. 0. 0. 0. 1. 0. 0. 1. 0. 1. 0. 0. 1.],5.0,10000,30,0.6,10,1,5,,problem_solving
5800,0.014004989726709076,0.004822574887329932,0.4,3.3200673107716367,[0.         0.         0.         0.         0.01413691 0.         0.         0.         0.         0.         0.         0.         0.         0.         0.         0.         0.         0.         0.         0.         0.         0.         0.0255826  0.         0.         0.93860588 0.         0.01092376 0.         0.         0.01075085],[0. 0. 0. 0. 1. 0. 0. 0. 0. 0. 0. 0. 0. 0. 0. 0. 0. 0. 0. 0. 0. 0. 1. 0. 0. 1. 0. 1. 0. 0. 1.],5.0,10000,30,0.6,10,1,5,,problem_solving
5900,0.014004989726709076,0.004822574887329932,0.4,4.617583485368403,[0.         0.         0.         0.         0.01413691 0.         0.         0.         0.         0.         0.         0.         0.         0.         0.         0.         0.         0.         0.         0.         0.         0.         0.0255826  0.         0.         0.93860588 0.         0.01092376 0.         0.         0.01075085],[0. 0. 0. 0. 1. 0. 0. 0. 0. 0. 0. 0. 0. 0. 0. 0. 0. 0. 0. 0. 0. 0. 1. 0. 0. 1. 0. 1. 0. 0. 1.],5.0,10000,30,0.6,10,1,5,,problem_solving
6000,0.014004989726709076,0.004822574887329932,0.4,-7.647185235857707,[0.         0.         0.         0.         0.01413691 0.         0.         0.         0.         0.         0.         0.         0.         0.         0.         0.         0.         0.         0.         0.         0.         0.         0.0255826  0.         0.         0.93860588 0.         0.01092376 0.         0.         0.01075085],[0. 0. 0. 0. 1. 0. 0. 0. 0. 0. 0. 0. 0. 0. 0. 0. 0. 0. 0. 0. 0. 0. 1. 0. 0. 1. 0. 1. 0. 0. 1.],5.0,10000,30,0.6,10,1,5,,problem_solving
6100,0.014004989726709076,0.004822574887329932,0.4,-1.63103520946522,[0.         0.         0.         0.         0.01413691 0.         0.         0.         0.         0.         0.         0.         0.         0.         0.         0.         0.         0.         0.         0.         0.         0.         0.0255826  0.         0.         0.93860588 0.         0.01092376 0.         0.         0.01075085],[0. 0. 0. 0. 1. 0. 0. 0. 0. 0. 0. 0. 0. 0. 0. 0. 0. 0. 0. 0. 0. 0. 1. 0. 0. 1. 0. 1. 0. 0. 1.],5.0,10000,30,0.6,10,1,5,,problem_solving
6200,0.014004989726709076,0.004822574887329932,0.4,-9.901798589199172,[0.         0.         0.         0.         0.01413691 0.         0.         0.         0.         0.         0.         0.         0.         0.         0.         0.         0.         0.         0.         0.         0.         0.         0.0255826  0.         0.         0.93860588 0.         0.01092376 0.         0.         0.01075085],[0. 0. 0. 0. 1. 0. 0. 0. 0. 0. 0. 0. 0. 0. 0. 0. 0. 0. 0. 0. 0. 0. 1. 0. 0. 1. 0. 1. 0. 0. 1.],5.0,10000,30,0.6,10,1,5,,problem_solving
6300,0.014004989726709076,0.004822574887329932,0.4,-15.142941047916441,[0.         0.         0.         0.         0.01413691 0.         0.         0.         0.         0.         0.         0.         0.         0.         0.         0.         0.         0.         0.         0.         0.         0.         0.0255826  0.         0.         0.93860588 0.         0.01092376 0.         0.         0.01075085],[0. 0. 0. 0. 1. 0. 0. 0. 0. 0. 0. 0. 0. 0. 0. 0. 0. 0. 0. 0. 0. 0. 1. 0. 0. 1. 0. 1. 0. 0. 1.],5.0,10000,30,0.6,10,1,5,,problem_solving
6400,0.014004989726709076,0.004822574887329932,0.4,15.28052608398746,[0.         0.         0.         0.         0.01413691 0.         0.         0.         0.         0.         0.         0.         0.         0.         0.         0.         0.         0.         0.         0.         0.         0.         0.0255826  0.         0.         0.93860588 0.         0.01092376 0.         0.         0.01075085],[0. 0. 0. 0. 1. 0. 0. 0. 0. 0. 0. 0. 0. 0. 0. 0. 0. 0. 0. 0. 0. 0. 1. 0. 0. 1. 0. 1. 0. 0. 1.],5.0,10000,30,0.6,10,1,5,,problem_solving
6500,0.014004989726709076,0.004822574887329932,0.4,2.414564724254597,[0.         0.         0.         0.         0.01413691 0.         0.         0.         0.         0.         0.         0.         0.         0.         0.         0.         0.         0.         0.         0.         0.         0.         0.0255826  0.         0.         0.93860588 0.         0.01092376 0.         0.         0.01075085],[0. 0. 0. 0. 1. 0. 0. 0. 0. 0. 0. 0. 0. 0. 0. 0. 0. 0. 0. 0. 0. 0. 1. 0. 0. 1. 0. 1. 0. 0. 1.],5.0,10000,30,0.6,10,1,5,,problem_solving
6600,0.014004989726709076,0.004822574887329932,0.4,2.1353151618805324,[0.         0.         0.         0.         0.01413691 0.         0.         0.         0.         0.         0.         0.         0.         0.         0.         0.         0.         0.         0.         0.         0.         0.         0.0255826  0.         0.         0.93860588 0.         0.01092376 0.         0.         0.01075085],[0. 0. 0. 0. 1. 0. 0. 0. 0. 0. 0. 0. 0. 0. 0. 0. 0. 0. 0. 0. 0. 0. 1. 0. 0. 1. 0. 1. 0. 0. 1.],5.0,10000,30,0.6,10,1,5,,problem_solving
6700,0.014004989726709076,0.004822574887329932,0.4,5.29196531186873,[0.         0.         0.         0.         0.01413691 0.         0.         0.         0.         0.         0.         0.         0.         0.         0.         0.         0.         0.         0.         0.         0.         0.         0.0255826  0.         0.         0.93860588 0.         0.01092376 0.         0.         0.01075085],[0. 0. 0. 0. 1. 0. 0. 0. 0. 0. 0. 0. 0. 0. 0. 0. 0. 0. 0. 0. 0. 0. 1. 0. 0. 1. 0. 1. 0. 0. 1.],5.0,10000,30,0.6,10,1,5,,problem_solving
6800,0.014004989726709076,0.004822574887329932,0.4,7.664729243213485,[0.         0.         0.         0.         0.01413691 0.         0.         0.         0.         0.         0.         0.         0.         0.         0.         0.         0.         0.         0.         0.         0.         0.         0.0255826  0.         0.         0.93860588 0.         0.01092376 0.         0.         0.01075085],[0. 0. 0. 0. 1. 0. 0. 0. 0. 0. 0. 0. 0. 0. 0. 0. 0. 0. 0. 0. 0. 0. 1. 0. 0. 1. 0. 1. 0. 0. 1.],5.0,10000,30,0.6,10,1,5,,problem_solving
6900,0.014004989726709076,0.004822574887329932,0.4,-7.919574130860618,[0.         0.         0.         0.         0.01413691 0.         0.         0.         0.         0.         0.         0.         0.         0.         0.         0.         0.         0.         0.         0.         0.         0.         0.0255826  0.         0.         0.93860588 0.         0.01092376 0.         0.         0.01075085],[0. 0. 0. 0. 1. 0. 0. 0. 0. 0. 0. 0. 0. 0. 0. 0. 0. 0. 0. 0. 0. 0. 1. 0. 0. 1. 0. 1. 0. 0. 1.],5.0,10000,30,0.6,10,1,5,,problem_solving
7000,0.014004989726709076,0.004822574887329932,0.4,2.4506765716323855,[0.         0.         0.         0.         0.01413691 0.         0.         0.         0.         0.         0.         0.         0.         0.         0.         0.         0.         0.         0.         0.         0.         0.         0.0255826  0.         0.         0.93860588 0.         0.01092376 0.         0.         0.01075085],[0. 0. 0. 0. 1. 0. 0. 0. 0. 0. 0. 0. 0. 0. 0. 0. 0. 0. 0. 0. 0. 0. 1. 0. 0. 1. 0. 1. 0. 0. 1.],5.0,10000,30,0.6,10,1,5,,problem_solving
7100,0.014004989726709076,0.004822574887329932,0.4,-4.235863566208644,[0.         0.         0.         0.         0.01413691 0.         0.         0.         0.         0.         0.         0.         0.         0.         0.         0.         0.         0.         0.         0.         0.         0.         0.0255826  0.         0.         0.93860588 0.         0.01092376 0.         0.         0.01075085],[0. 0. 0. 0. 1. 0. 0. 0. 0. 0. 0. 0. 0. 0. 0. 0. 0. 0. 0. 0. 0. 0. 1. 0. 0. 1. 0. 1. 0. 0. 1.],5.0,10000,30,0.6,10,1,5,,problem_solving
7200,0.014004989726709076,0.004822574887329932,0.4,-8.620470195138928,[0.         0.         0.         0.         0.01413691 0.         0.         0.         0.         0.         0.         0.         0.         0.         0.         0.         0.         0.         0.         0.         0.         0.         0.0255826  0.         0.         0.93860588 0.         0.01092376 0.         0.         0.01075085],[0. 0. 0. 0. 1. 0. 0. 0. 0. 0. 0. 0. 0. 0. 0. 0. 0. 0. 0. 0. 0. 0. 1. 0. 0. 1. 0. 1. 0. 0. 1.],5.0,10000,30,0.6,10,1,5,,problem_solving
7300,0.014004989726709076,0.004822574887329932,0.4,-5.606415268770586,[0.         0.         0.         0.         0.01413691 0.         0.         0.         0.         0.         0.         0.         0.         0.         0.         0.         0.         0.         0.         0.         0.         0.         0.0255826  0.         0.         0.93860588 0.         0.01092376 0.         0.         0.01075085],[0. 0. 0. 0. 1. 0. 0. 0. 0. 0. 0. 0. 0. 0. 0. 0. 0. 0. 0. 0. 0. 0. 1. 0. 0. 1. 0. 1. 0. 0. 1.],5.0,10000,30,0.6,10,1,5,,problem_solving
7400,0.014004989726709076,0.004822574887329932,0.4,29.00197561188274,[0.         0.         0.         0.         0.01413691 0.         0.         0.         0.         0.         0.         0.         0.         0.         0.         0.         0.         0.         0.         0.         0.         0.         0.0255826  0.         0.         0.93860588 0.         0.01092376 0.         0.         0.01075085],[0. 0. 0. 0. 1. 0. 0. 0. 0. 0. 0. 0. 0. 0. 0. 0. 0. 0. 0. 0. 0. 0. 1. 0. 0. 1. 0. 1. 0. 0. 1.],5.0,10000,30,0.6,10,1,5,,problem_solving
7500,0.014004989726709076,0.004822574887329932,0.4,-2.7101941578709376,[0.         0.         0.         0.         0.01413691 0.         0.         0.         0.         0.         0.         0.         0.         0.         0.         0.         0.         0.         0.         0.         0.         0.         0.0255826  0.         0.         0.93860588 0.         0.01092376 0.         0.         0.01075085],[0. 0. 0. 0. 1. 0. 0. 0. 0. 0. 0. 0. 0. 0. 0. 0. 0. 0. 0. 0. 0. 0. 1. 0. 0. 1. 0. 1. 0. 0. 1.],5.0,10000,30,0.6,10,1,5,,problem_solving
7600,0.014004989726709076,0.004822574887329932,0.4,3.492655062813293,[0.         0.         0.         0.         0.01413691 0.         0.         0.         0.         0.         0.         0.         0.         0.         0.         0.         0.         0.         0.         0.         0.         0.         0.0255826  0.         0.         0.93860588 0.         0.01092376 0.         0.         0.01075085],[0. 0. 0. 0. 1. 0. 0. 0. 0. 0. 0. 0. 0. 0. 0. 0. 0. 0. 0. 0. 0. 0. 1. 0. 0. 1. 0. 1. 0. 0. 1.],5.0,10000,30,0.6,10,1,5,,problem_solving
7700,0.014004989726709076,0.004822574887329932,0.4,-4.443039694352676,[0.         0.         0.         0.         0.01413691 0.         0.         0.         0.         0.         0.         0.         0.         0.         0.         0.         0.         0.         0.         0.         0.         0.         0.0255826  0.         0.         0.93860588 0.         0.01092376 0.         0.         0.01075085],[0. 0. 0. 0. 1. 0. 0. 0. 0. 0. 0. 0. 0. 0. 0. 0. 0. 0. 0. 0. 0. 0. 1. 0. 0. 1. 0. 1. 0. 0. 1.],5.0,10000,30,0.6,10,1,5,,problem_solving
7800,0.014004989726709076,0.004822574887329932,0.4,-2.928664884004719,[0.         0.         0.         0.         0.01413691 0.         0.         0.         0.         0.         0.         0.         0.         0.         0.         0.         0.         0.         0.         0.         0.         0.         0.0255826  0.         0.         0.93860588 0.         0.01092376 0.         0.         0.01075085],[0. 0. 0. 0. 1. 0. 0. 0. 0. 0. 0. 0. 0. 0. 0. 0. 0. 0. 0. 0. 0. 0. 1. 0. 0. 1. 0. 1. 0. 0. 1.],5.0,10000,30,0.6,10,1,5,,problem_solving
7900,0.014004989726709076,0.004822574887329932,0.4,8.894962937485406,[0.         0.         0.         0.         0.01413691 0.         0.         0.         0.         0.         0.         0.         0.         0.         0.         0.         0.         0.         0.         0.         0.         0.         0.0255826  0.         0.         0.93860588 0.         0.01092376 0.         0.         0.01075085],[0. 0. 0. 0. 1. 0. 0. 0. 0. 0. 0. 0. 0. 0. 0. 0. 0. 0. 0. 0. 0. 0. 1. 0. 0. 1. 0. 1. 0. 0. 1.],5.0,10000,30,0.6,10,1,5,,problem_solving
8000,0.014004989726709076,0.004822574887329932,0.4,3.5906527759304083,[0.         0.         0.         0.         0.01413691 0.         0.         0.         0.         0.         0.         0.         0.         0.         0.         0.         0.         0.         0.         0.         0.         0.         0.0255826  0.         0.         0.93860588 0.         0.01092376 0.         0.         0.01075085],[0. 0. 0. 0. 1. 0. 0. 0. 0. 0. 0. 0. 0. 0. 0. 0. 0. 0. 0. 0. 0. 0. 1. 0. 0. 1. 0. 1. 0. 0. 1.],5.0,10000,30,0.6,10,1,5,,problem_solving
8100,0.014004989726709076,0.004822574887329932,0.4,-3.2710643813415925,[0.         0.         0.         0.         0.01413691 0.         0.         0.         0.         0.         0.         0.         0.         0.         0.         0.         0.         0.         0.         0.         0.         0.         0.0255826  0.         0.         0.93860588 0.         0.01092376 0.         0.         0.01075085],[0. 0. 0. 0. 1. 0. 0. 0. 0. 0. 0. 0. 0. 0. 0. 0. 0. 0. 0. 0. 0. 0. 1. 0. 0. 1. 0. 1. 0. 0. 1.],5.0,10000,30,0.6,10,1,5,,problem_solving
8200,0.014004989726709076,0.004822574887329932,0.4,-2.794365343859522,[0.         0.         0.         0.         0.01413691 0.         0.         0.         0.         0.         0.         0.         0.         0.         0.         0.         0.         0.         0.         0.         0.         0.         0.0255826  0.         0.         0.93860588 0.         0.01092376 0.         0.         0.01075085],[0. 0. 0. 0. 1. 0. 0. 0. 0. 0. 0. 0. 0. 0. 0. 0. 0. 0. 0. 0. 0. 0. 1. 0. 0. 1. 0. 1. 0. 0. 1.],5.0,10000,30,0.6,10,1,5,,problem_solving
8300,0.014004989726709076,0.004822574887329932,0.4,-4.785318089682043,[0.         0.         0.         0.         0.01413691 0.         0.         0.         0.         0.         0.         0.         0.         0.         0.         0.         0.         0.         0.         0.         0.         0.         0.0255826  0.         0.         0.93860588 0.         0.01092376 0.         0.         0.01075085],[0. 0. 0. 0. 1. 0. 0. 0. 0. 0. 0. 0. 0. 0. 0. 0. 0. 0. 0. 0. 0. 0. 1. 0. 0. 1. 0. 1. 0. 0. 1.],5.0,10000,30,0.6,10,1,5,,problem_solving
8400,0.014004989726709076,0.004822574887329932,0.4,4.508591235161959,[0.         0.         0.         0.         0.01413691 0.         0.         0.         0.         0.         0.         0.         0.         0.         0.         0.         0.         0.         0.         0.         0.         0.         0.0255826  0.         0.         0.93860588 0.         0.01092376 0.         0.         0.01075085],[0. 0. 0. 0. 1. 0. 0. 0. 0. 0. 0. 0. 0. 0. 0. 0. 0. 0. 0. 0. 0. 0. 1. 0. 0. 1. 0. 1. 0. 0. 1.],5.0,10000,30,0.6,10,1,5,,problem_solving
8500,0.014004989726709076,0.004822574887329932,0.4,12.375948812971087,[0.         0.         0.         0.         0.01413691 0.         0.         0.         0.         0.         0.         0.         0.         0.         0.         0.         0.         0.         0.         0.         0.         0.         0.0255826  0.         0.         0.93860588 0.         0.01092376 0.         0.         0.01075085],[0. 0. 0. 0. 1. 0. 0. 0. 0. 0. 0. 0. 0. 0. 0. 0. 0. 0. 0. 0. 0. 0. 1. 0. 0. 1. 0. 1. 0. 0. 1.],5.0,10000,30,0.6,10,1,5,,problem_solving
8600,0.014004989726709076,0.004822574887329932,0.4,-25.110788074652746,[0.         0.         0.         0.         0.01413691 0.         0.         0.         0.         0.         0.         0.         0.         0.         0.         0.         0.         0.         0.         0.         0.         0.         0.0255826  0.         0.         0.93860588 0.         0.01092376 0.         0.         0.01075085],[0. 0. 0. 0. 1. 0. 0. 0. 0. 0. 0. 0. 0. 0. 0. 0. 0. 0. 0. 0. 0. 0. 1. 0. 0. 1. 0. 1. 0. 0. 1.],5.0,10000,30,0.6,10,1,5,,problem_solving
8700,0.014004989726709076,0.004822574887329932,0.4,-7.890548689690334,[0.         0.         0.         0.         0.01413691 0.         0.         0.         0.         0.         0.         0.         0.         0.         0.         0.         0.         0.         0.         0.         0.         0.         0.0255826  0.         0.         0.93860588 0.         0.01092376 0.         0.         0.01075085],[0. 0. 0. 0. 1. 0. 0. 0. 0. 0. 0. 0. 0. 0. 0. 0. 0. 0. 0. 0. 0. 0. 1. 0. 0. 1. 0. 1. 0. 0. 1.],5.0,10000,30,0.6,10,1,5,,problem_solving
8800,0.014004989726709076,0.004822574887329932,0.4,4.293112155595899,[0.         0.         0.         0.         0.01413691 0.         0.         0.         0.         0.         0.         0.         0.         0.         0.         0.         0.         0.         0.         0.         0.         0.         0.0255826  0.         0.         0.93860588 0.         0.01092376 0.         0.         0.01075085],[0. 0. 0. 0. 1. 0. 0. 0. 0. 0. 0. 0. 0. 0. 0. 0. 0. 0. 0. 0. 0. 0. 1. 0. 0. 1. 0. 1. 0. 0. 1.],5.0,10000,30,0.6,10,1,5,,problem_solving
8900,0.014004989726709076,0.004822574887329932,0.4,-9.260295026327812,[0.         0.         0.         0.         0.01413691 0.         0.         0.         0.         0.         0.         0.         0.         0.         0.         0.         0.         0.         0.         0.         0.         0.         0.0255826  0.         0.         0.93860588 0.         0.01092376 0.         0.         0.01075085],[0. 0. 0. 0. 1. 0. 0. 0. 0. 0. 0. 0. 0. 0. 0. 0. 0. 0. 0. 0. 0. 0. 1. 0. 0. 1. 0. 1. 0. 0. 1.],5.0,10000,30,0.6,10,1,5,,problem_solving
9000,0.014004989726709076,0.004822574887329932,0.4,6.900658281707593,[0.         0.         0.         0.         0.01413691 0.         0.         0.         0.         0.         0.         0.         0.         0.         0.         0.         0.         0.         0.         0.         0.         0.         0.0255826  0.         0.         0.93860588 0.         0.01092376 0.         0.         0.01075085],[0. 0. 0. 0. 1. 0. 0. 0. 0. 0. 0. 0. 0. 0. 0. 0. 0. 0. 0. 0. 0. 0. 1. 0. 0. 1. 0. 1. 0. 0. 1.],5.0,10000,30,0.6,10,1,5,,problem_solving
9100,0.014004989726709076,0.004822574887329932,0.4,-1.8602072152019098,[0.         0.         0.         0.         0.01413691 0.         0.         0.         0.         0.         0.         0.         0.         0.         0.         0.         0.         0.         0.         0.         0.         0.         0.0255826  0.         0.         0.93860588 0.         0.01092376 0.         0.         0.01075085],[0. 0. 0. 0. 1. 0. 0. 0. 0. 0. 0. 0. 0. 0. 0. 0. 0. 0. 0. 0. 0. 0. 1. 0. 0. 1. 0. 1. 0. 0. 1.],5.0,10000,30,0.6,10,1,5,,problem_solving
9200,0.014004989726709076,0.004822574887329932,0.4,1.3249862006998239,[0.         0.         0.         0.         0.01413691 0.         0.         0.         0.         0.         0.         0.         0.         0.         0.         0.         0.         0.         0.         0.         0.         0.         0.0255826  0.         0.         0.93860588 0.         0.01092376 0.         0.         0.01075085],[0. 0. 0. 0. 1. 0. 0. 0. 0. 0. 0. 0. 0. 0. 0. 0. 0. 0. 0. 0. 0. 0. 1. 0. 0. 1. 0. 1. 0. 0. 1.],5.0,10000,30,0.6,10,1,5,,problem_solving
9300,0.014004989726709076,0.004822574887329932,0.4,2.496544494705155,[0.         0.         0.         0.         0.01413691 0.         0.         0.         0.         0.         0.         0.         0.         0.         0.         0.         0.         0.         0.         0.         0.         0.         0.0255826  0.         0.         0.93860588 0.         0.01092376 0.         0.         0.01075085],[0. 0. 0. 0. 1. 0. 0. 0. 0. 0. 0. 0. 0. 0. 0. 0. 0. 0. 0. 0. 0. 0. 1. 0. 0. 1. 0. 1. 0. 0. 1.],5.0,10000,30,0.6,10,1,5,,problem_solving
9400,0.014004989726709076,0.004822574887329932,0.4,-4.855357640150114,[0.         0.         0.         0.         0.01413691 0.         0.         0.         0.         0.         0.         0.         0.         0.         0.         0.         0.         0.         0.         0.         0.         0.         0.0255826  0.         0.         0.93860588 0.         0.01092376 0.         0.         0.01075085],[0. 0. 0. 0. 1. 0. 0. 0. 0. 0. 0. 0. 0. 0. 0. 0. 0. 0. 0. 0. 0. 0. 1. 0. 0. 1. 0. 1. 0. 0. 1.],5.0,10000,30,0.6,10,1,5,,problem_solving
9500,0.014004989726709076,0.004822574887329932,0.4,-33.29607439595397,[0.         0.         0.         0.         0.01413691 0.         0.         0.         0.         0.         0.         0.         0.         0.         0.         0.         0.         0.         0.         0.         0.         0.         0.0255826  0.         0.         0.93860588 0.         0.01092376 0.         0.         0.01075085],[0. 0. 0. 0. 1. 0. 0. 0. 0. 0. 0. 0. 0. 0. 0. 0. 0. 0. 0. 0. 0. 0. 1. 0. 0. 1. 0. 1. 0. 0. 1.],5.0,10000,30,0.6,10,1,5,,problem_solving
9600,0.014004989726709076,0.004822574887329932,0.4,4.983996898346185,[0.         0.         0.         0.         0.01413691 0.         0.         0.         0.         0.         0.         0.         0.         0.         0.         0.         0.         0.         0.         0.         0.         0.         0.0255826  0.         0.         0.93860588 0.         0.01092376 0.         0.         0.01075085],[0. 0. 0. 0. 1. 0. 0. 0. 0. 0. 0. 0. 0. 0. 0. 0. 0. 0. 0. 0. 0. 0. 1. 0. 0. 1. 0. 1. 0. 0. 1.],5.0,10000,30,0.6,10,1,5,,problem_solving
9700,0.014004989726709076,0.004822574887329932,0.4,4.801991282843793,[0.         0.         0.         0.         0.01413691 0.         0.         0.         0.         0.         0.         0.         0.         0.         0.         0.         0.         0.         0.         0.         0.         0.         0.0255826  0.         0.         0.93860588 0.         0.01092376 0.         0.         0.01075085],[0. 0. 0. 0. 1. 0. 0. 0. 0. 0. 0. 0. 0. 0. 0. 0. 0. 0. 0. 0. 0. 0. 1. 0. 0. 1. 0. 1. 0. 0. 1.],5.0,10000,30,0.6,10,1,5,,problem_solving
9800,0.014004989726709076,0.004822574887329932,0.4,-4.229164896806159,[0.         0.         0.         0.         0.01413691 0.         0.         0.         0.         0.         0.         0.         0.         0.         0.         0.         0.         0.         0.         0.         0.         0.         0.0255826  0.         0.         0.93860588 0.         0.01092376 0.         0.         0.01075085],[0. 0. 0. 0. 1. 0. 0. 0. 0. 0. 0. 0. 0. 0. 0. 0. 0. 0. 0. 0. 0. 0. 1. 0. 0. 1. 0. 1. 0. 0. 1.],5.0,10000,30,0.6,10,1,5,,problem_solving
9900,0.014004989726709076,0.004822574887329932,0.4,3.5919308217296835,[0.         0.         0.         0.         0.01413691 0.         0.         0.         0.         0.         0.         0.         0.         0.         0.         0.         0.         0.         0.         0.         0.         0.         0.0255826  0.         0.         0.93860588 0.         0.01092376 0.         0.         0.01075085],[0. 0. 0. 0. 1. 0. 0. 0. 0. 0. 0. 0. 0. 0. 0. 0. 0. 0. 0. 0. 0. 0. 1. 0. 0. 1. 0. 1. 0. 0. 1.],5.0,10000,30,0.6,10,1,5,,problem_solving
9999,0.014004989726709076,0.004822574887329932,0.4,2.6592760334738346,[0.         0.         0.         0.         0.01413691 0.         0.         0.         0.         0.         0.         0.         0.         0.         0.         0.         0.         0.         0.         0.         0.         0.         0.0255826  0.         0.         0.93860588 0.         0.01092376 0.         0.         0.01075085],[0. 0. 0. 0. 1. 0. 0. 0. 0. 0. 0. 0. 0. 0. 0. 0. 0. 0. 0. 0. 0. 0. 1. 0. 0. 1. 0. 1. 0. 0. 1.],5.0,10000,30,0.6,10,1,5,,problem_solving
