iter,cost,return,par,move,X,Z,Q,max_iter,mem_size,mem_consider,sigma,port_n,k,seed,tag
1,0.17602972148730467,0.00421134606451557,0.4,4.415448212158082,[0.01123978 0.         0.         0.01056642 0.         0.         0.         0.02075837 0.0152439  0.01522534 0.         0.         0.         0.         0.         0.01688966 0.         0.         0.01581928 0.         0.         0.         0.         0.         0.         0.8682431  0.         0.01066419 0.01534995 0.         0.        ],[1. 0. 0. 1. 0. 0. 0. 1. 1. 1. 0. 0. 0. 0. 0. 1. 0. 0. 1. 0. 0. 0. 0. 0. 0. 1. 0. 1. 1. 0. 0.],10.0,10000,30,0.6,10,1,10,,problem_solving
100,0.03805476289424251,0.0025003790289730324,0.4,2.1834135558946763,[0.         0.         0.         0.         0.         0.         0.         0.01695461 0.01717259 0.         0.01543508 0.01278678 0.01155472 0.         0.         0.01273865 0.         0.         0.01388817 0.         0.         0.         0.         0.         0.         0.01772101 0.         0.86416872 0.01757966 0.         0.        ],[0. 0. 0. 0. 0. 0. 0. 1. 1. 0. 1. 1. 1. 0. 0. 1. 0. 0. 1. 0. 0. 0. 0. 0. 0. 1. 0. 1. 1. 0. 0.],10.0,10000,30,0.6,10,1,10,,problem_solving
200,0.03805476289424251,0.0025003790289730324,0.4,1.8342608283440056,[0.         0.         0.         0.         0.         0.         0.         0.01695461 0.01717259 0.         0.01543508 0.01278678 0.01155472 0.         0.         0.01273865 0.         0.         0.01388817 0.         0.         0.         0.         0.         0.         0.01772101 0.         0.86416872 0.01757966 0.         0.        ],[0. 0. 0. 0. 0. 0. 0. 1. 1. 0. 1. 1. 1. 0. 0. 1. 0. 0. 1. 0. 0. 0. 0. 0. 0. 1. 0. 1. 1. 0. 0.],10.0,10000,30,0.6,10,1,10,,problem_solving
300,0.03805476289424251,0.0025003790289730324,0.4,0.5158192003308985,[0.         0.         0.         0.         0.         0.         0.         0.01695461 0.01717259 0.         0.01543508 0.01278678 0.01155472 0.         0.         0.01273865 0.         0.         0.01388817 0.         0.         0.         0.         0.         0.         0.01772101 0.         0.86416872 0.01757966 0.         0.        ],[0. 0. 0. 0. 0. 0. 0. 1. 1. 0. 1. 1. 1. 0. 0. 1. 0. 0. 1. 0. 0. 0. 0. 0. 0. 1. 0. 1. 1. 0. 0.],10.0,10000,30,0.6,10,1,10,,problem_solving
400,0.03780916000028749,0.004562166479495599,0.4,-11.508081299556716,[0.01357677 0.01431105 0.02273487 0.         0.         0.         0.         0.         0.         0.         0.         0.         0.         0.         0.         0.         0.         0.02748285 0.         0.         0.         0.01775041 0.01113284 0.         0.01127808 0.01242508 0.         0.85814915 0.         0.         0.01115891],[1. 1. 1. 0. 0. 0. 0. 0. 0. 0. 0. 0. 0. 0. 0. 0. 0. 1. 0. 0. 0. 1. 1. 0. 1. 1. 0. 1. 0. 0. 1.],10.0,10000,30,0.6,10,1,10,,problem_solving
500,0.03780916000028749,0.004562166479495599,0.4,-1.574451668282704,[0.01357677 0.01431105 0.02273487 0.         0.         0.         0.         0.         0.         0.         0.         0.         0.         0.         0.         0.         0.         0.02748285 0.         0.         0.         0.01775041 0.01113284 0.         0.01127808 0.01242508 0.         0.85814915 0.         0.         0.01115891],[1. 1. 1. 0. 0. 0. 0. 0. 0. 0. 0. 0. 0. 0. 0. 0. 0. 1. 0. 0. 0. 1. 1. 0. 1. 1. 0. 1. 0. 0. 1.],10.0,10000,30,0.6,10,1,10,,problem_solving
600,0.03780916000028749,0.004562166479495599,0.4,9.123311673428807,[0.01357677 0.01431105 0.02273487 0.         0.         0.         0.         0.         0.         0.         0.         0.         0.         0.         0.         0.         0.         0.02748285 0.         0.         0.         0.01775041 0.01113284 0.         0.01127808 0.01242508 0.         0.85814915 0.         0.         0.01115891],[1. 1. 1. 0. 0. 0. 0. 0. 0. 0. 0. 0. 0. 0. 0. 0. 0. 1. 0. 0. 0. 1. 1. 0. 1. 1. 0. 1. 0. 0. 1.],10.0,10000,30,0.6,10,1,10,,problem_solving
700,0.03780916000028749,0.004562166479495599,0.4,-29.054969682688192,[0.01357677 0.01431105 0.02273487 0.         0.         0.         0.         0.         0.         0.         0.         0.         0.         0.         0.         0.         0.         0.02748285 0.         0.         0.         0.01775041 0.01113284 0.         0.01127808 0.01242508 0.         0.85814915 0.         0.         0.01115891],[1. 1. 1. 0. 0. 0. 0. 0. 0. 0. 0. 0. 0. 0. 0. 0. 0. 1. 0. 0. 0. 1. 1. 0. 1. 1. 0. 1. 0. 0. 1.],10.0,10000,30,0.6,10,1,10,,problem_solving
800,0.03780916000028749,0.004562166479495599,0.4,24.122897853618927,[0.01357677 0.01431105 0.02273487 0.         0.         0.         0.         0.         0.         0.         0.         0.         0.         0.         0.         0.         0.         0.02748285 0.         0.         0.         0.01775041 0.01113284 0.         0.01127808 0.01242508 0.         0.85814915 0.         0.         0.01115891],[1. 1. 1. 0. 0. 0. 0. 0. 0. 0. 0. 0. 0. 0. 0. 0. 0. 1. 0. 0. 0. 1. 1. 0. 1. 1. 0. 1. 0. 0. 1.],10.0,10000,30,0.6,10,1,10,,problem_solving
900,0.034168833032057165,0.004683983949701744,0.4,-2.500039942852652,[0.01123978 0.         0.         0.01056642 0.         0.         0.         0.02075837 0.0152439  0.01522534 0.         0.         0.         0.         0.         0.01688966 0.         0.         0.01581928 0.         0.         0.         0.         0.         0.         0.8682431  0.         0.01066419 0.01534995 0.         0.        ],[1. 0. 0. 1. 0. 0. 0. 1. 1. 1. 0. 0. 0. 0. 0. 1. 0. 0. 1. 0. 0. 0. 0. 0. 0. 1. 0. 1. 1. 0. 0.],10.0,10000,30,0.6,10,1,10,,problem_solving
1000,0.034168833032057165,0.004683983949701744,0.4,8.810710277846358,[0.01123978 0.         0.         0.01056642 0.         0.         0.         0.02075837 0.0152439  0.01522534 0.         0.         0.         0.         0.         0.01688966 0.         0.         0.01581928 0.         0.         0.         0.         0.         0.         0.8682431  0.         0.01066419 0.01534995 0.         0.        ],[1. 0. 0. 1. 0. 0. 0. 1. 1. 1. 0. 0. 0. 0. 0. 1. 0. 0. 1. 0. 0. 0. 0. 0. 0. 1. 0. 1. 1. 0. 0.],10.0,10000,30,0.6,10,1,10,,problem_solving
1100,0.034168833032057165,0.004683983949701744,0.4,9.938816449797883,[0.01123978 0.         0.         0.01056642 0.         0.         0.         0.02075837 0.0152439  0.01522534 0.         0.         0.         0.         0.         0.01688966 0.         0.         0.01581928 0.         0.         0.         0.         0.         0.         0.8682431  0.         0.01066419 0.01534995 0.         0.        ],[1. 0. 0. 1. 0. 0. 0. 1. 1. 1. 0. 0. 0. 0. 0. 1. 0. 0. 1. 0. 0. 0. 0. 0. 0. 1. 0. 1. 1. 0. 0.],10.0,10000,30,0.6,10,1,10,,problem_solving
1200,0.034168833032057165,0.004683983949701744,0.4,-10.938233241381162,[0.01123978 0.         0.         0.01056642 0.         0.         0.         0.02075837 0.0152439  0.01522534 0.         0.         0.         0.         0.         0.01688966 0.         0.         0.01581928 0.         0.         0.         0.         0.         0.         0.8682431  0.         0.01066419 0.01534995 0.         0.        ],[1. 0. 0. 1. 0. 0. 0. 1. 1. 1. 0. 0. 0. 0. 0. 1. 0. 0. 1. 0. 0. 0. 0. 0. 0. 1. 0. 1. 1. 0. 0.],10.0,10000,30,0.6,10,1,10,,problem_solving
1300,0.0337711264572282,0.00462719129696411,0.4,1.8446012424562752,[0.         0.0183132  0.         0.         0.         0.         0.01181552 0.01174166 0.         0.         0.0111131  0.         0.         0.         0.01714727 0.01045482 0.         0.         0.0106642  0.         0.         0.         0.01583169 0.         0.         0.87636545 0.         0.0165531  0.         0.         0.        ],[0. 1. 0. 0. 0. 0. 1. 1. 0. 0. 1. 0. 0. 0. 1. 1. 0. 0. 1. 0. 0. 0. 1. 0. 0. 1. 0. 1. 0. 0. 0.],10.0,10000,30,0.6,10,1,10,,problem_solving
1400,0.0337711264572282,0.00462719129696411,0.4,-3.7912900232627047,[0.         0.0183132  0.         0.         0.         0.         0.01181552 0.01174166 0.         0.         0.0111131  0.         0.         0.         0.01714727 0.01045482 0.         0.         0.0106642  0.         0.         0.         0.01583169 0.         0.         0.87636545 0.         0.0165531  0.         0.         0.        ],[0. 1. 0. 0. 0. 0. 1. 1. 0. 0. 1. 0. 0. 0. 1. 1. 0. 0. 1. 0. 0. 0. 1. 0. 0. 1. 0. 1. 0. 0. 0.],10.0,10000,30,0.6,10,1,10,,problem_solving
1500,0.03249076744263178,0.002473564618119225,0.4,-0.2593297118594411,[0.01098319 0.         0.         0.         0.         0.         0.         0.         0.01046049 0.01407537 0.         0.         0.         0.01047932 0.         0.01583464 0.         0.         0.01535879 0.         0.         0.         0.         0.01326849 0.         0.         0.         0.88228501 0.01310952 0.01414519 0.        ],[1. 0. 0. 0. 0. 0. 0. 0. 1. 1. 0. 0. 0. 1. 0. 1. 0. 0. 1. 0. 0. 0. 0. 1. 0. 0. 0. 1. 1. 1. 0.],10.0,10000,30,0.6,10,1,10,,problem_solving
1600,0.03249076744263178,0.002473564618119225,0.4,-2.307365930552359,[0.01098319 0.         0.         0.         0.         0.         0.         0.         0.01046049 0.01407537 0.         0.         0.         0.01047932 0.         0.01583464 0.         0.         0.01535879 0.         0.         0.         0.         0.01326849 0.         0.         0.         0.88228501 0.01310952 0.01414519 0.        ],[1. 0. 0. 0. 0. 0. 0. 0. 1. 1. 0. 0. 0. 1. 0. 1. 0. 0. 1. 0. 0. 0. 0. 1. 0. 0. 0. 1. 1. 1. 0.],10.0,10000,30,0.6,10,1,10,,problem_solving
1700,0.03249076744263178,0.002473564618119225,0.4,-0.7105620622224962,[0.01098319 0.         0.         0.         0.         0.         0.         0.         0.01046049 0.01407537 0.         0.         0.         0.01047932 0.         0.01583464 0.         0.         0.01535879 0.         0.         0.         0.         0.01326849 0.         0.         0.         0.88228501 0.01310952 0.01414519 0.        ],[1. 0. 0. 0. 0. 0. 0. 0. 1. 1. 0. 0. 0. 1. 0. 1. 0. 0. 1. 0. 0. 0. 0. 1. 0. 0. 0. 1. 1. 1. 0.],10.0,10000,30,0.6,10,1,10,,problem_solving
1800,0.03249076744263178,0.002473564618119225,0.4,-4.436089707608415,[0.01098319 0.         0.         0.         0.         0.         0.         0.         0.01046049 0.01407537 0.         0.         0.         0.01047932 0.         0.01583464 0.         0.         0.01535879 0.         0.         0.         0.         0.01326849 0.         0.         0.         0.88228501 0.01310952 0.01414519 0.        ],[1. 0. 0. 0. 0. 0. 0. 0. 1. 1. 0. 0. 0. 1. 0. 1. 0. 0. 1. 0. 0. 0. 0. 1. 0. 0. 0. 1. 1. 1. 0.],10.0,10000,30,0.6,10,1,10,,problem_solving
1900,0.03249076744263178,0.002473564618119225,0.4,-2.1562875429709694,[0.01098319 0.         0.         0.         0.         0.         0.         0.         0.01046049 0.01407537 0.         0.         0.         0.01047932 0.         0.01583464 0.         0.         0.01535879 0.         0.         0.         0.         0.01326849 0.         0.         0.         0.88228501 0.01310952 0.01414519 0.        ],[1. 0. 0. 0. 0. 0. 0. 0. 1. 1. 0. 0. 0. 1. 0. 1. 0. 0. 1. 0. 0. 0. 0. 1. 0. 0. 0. 1. 1. 1. 0.],10.0,10000,30,0.6,10,1,10,,problem_solving
2000,0.03249076744263178,0.002473564618119225,0.4,-5.104056360166713,[0.01098319 0.         0.         0.         0.         0.         0.         0.         0.01046049 0.01407537 0.         0.         0.         0.01047932 0.         0.01583464 0.         0.         0.01535879 0.         0.         0.         0.         0.01326849 0.         0.         0.         0.88228501 0.01310952 0.01414519 0.        ],[1. 0. 0. 0. 0. 0. 0. 0. 1. 1. 0. 0. 0. 1. 0. 1. 0. 0. 1. 0. 0. 0. 0. 1. 0. 0. 0. 1. 1. 1. 0.],10.0,10000,30,0.6,10,1,10,,problem_solving
2100,0.03249076744263178,0.002473564618119225,0.4,11.29545513207308,[0.01098319 0.         0.         0.         0.         0.         0.         0.         0.01046049 0.01407537 0.         0.         0.         0.01047932 0.         0.01583464 0.         0.         0.01535879 0.         0.         0.         0.         0.01326849 0.         0.         0.         0.88228501 0.01310952 0.01414519 0.        ],[1. 0. 0. 0. 0. 0. 0. 0. 1. 1. 0. 0. 0. 1. 0. 1. 0. 0. 1. 0. 0. 0. 0. 1. 0. 0. 0. 1. 1. 1. 0.],10.0,10000,30,0.6,10,1,10,,problem_solving
2200,0.03249076744263178,0.002473564618119225,0.4,8.013324161643146,[0.01098319 0.         0.         0.         0.         0.         0.         0.         0.01046049 0.01407537 0.         0.         0.         0.01047932 0.         0.01583464 0.         0.         0.01535879 0.         0.         0.         0.         0.01326849 0.         0.         0.         0.88228501 0.01310952 0.01414519 0.        ],[1. 0. 0. 0. 0. 0. 0. 0. 1. 1. 0. 0. 0. 1. 0. 1. 0. 0. 1. 0. 0. 0. 0. 1. 0. 0. 0. 1. 1. 1. 0.],10.0,10000,30,0.6,10,1,10,,problem_solving
2300,0.03249076744263178,0.002473564618119225,0.4,-3.1053232882790995,[0.01098319 0.         0.         0.         0.         0.         0.         0.         0.01046049 0.01407537 0.         0.         0.         0.01047932 0.         0.01583464 0.         0.         0.01535879 0.         0.         0.         0.         0.01326849 0.         0.         0.         0.88228501 0.01310952 0.01414519 0.        ],[1. 0. 0. 0. 0. 0. 0. 0. 1. 1. 0. 0. 0. 1. 0. 1. 0. 0. 1. 0. 0. 0. 0. 1. 0. 0. 0. 1. 1. 1. 0.],10.0,10000,30,0.6,10,1,10,,problem_solving
2400,0.03249076744263178,0.002473564618119225,0.4,-0.1091134546965635,[0.01098319 0.         0.         0.         0.         0.         0.         0.         0.01046049 0.01407537 0.         0.         0.         0.01047932 0.         0.01583464 0.         0.         0.01535879 0.         0.         0.         0.         0.01326849 0.         0.         0.         0.88228501 0.01310952 0.01414519 0.        ],[1. 0. 0. 0. 0. 0. 0. 0. 1. 1. 0. 0. 0. 1. 0. 1. 0. 0. 1. 0. 0. 0. 0. 1. 0. 0. 0. 1. 1. 1. 0.],10.0,10000,30,0.6,10,1,10,,problem_solving
2500,0.03249076744263178,0.002473564618119225,0.4,-1.744756669559774,[0.01098319 0.         0.         0.         0.         0.         0.         0.         0.01046049 0.01407537 0.         0.         0.         0.01047932 0.         0.01583464 0.         0.         0.01535879 0.         0.         0.         0.         0.01326849 0.         0.         0.         0.88228501 0.01310952 0.01414519 0.        ],[1. 0. 0. 0. 0. 0. 0. 0. 1. 1. 0. 0. 0. 1. 0. 1. 0. 0. 1. 0. 0. 0. 0. 1. 0. 0. 0. 1. 1. 1. 0.],10.0,10000,30,0.6,10,1,10,,problem_solving
2600,0.03249076744263178,0.002473564618119225,0.4,3.7412463683565655,[0.01098319 0.         0.         0.         0.         0.         0.         0.         0.01046049 0.01407537 0.         0.         0.         0.01047932 0.         0.01583464 0.         0.         0.01535879 0.         0.         0.         0.         0.01326849 0.         0.         0.         0.88228501 0.01310952 0.01414519 0.        ],[1. 0. 0. 0. 0. 0. 0. 0. 1. 1. 0. 0. 0. 1. 0. 1. 0. 0. 1. 0. 0. 0. 0. 1. 0. 0. 0. 1. 1. 1. 0.],10.0,10000,30,0.6,10,1,10,,problem_solving
2700,0.03249076744263178,0.002473564618119225,0.4,-15.014112791251906,[0.01098319 0.         0.         0.         0.         0.         0.         0.         0.01046049 0.01407537 0.         0.         0.         0.01047932 0.         0.01583464 0.         0.         0.01535879 0.         0.         0.         0.         0.01326849 0.         0.         0.         0.88228501 0.01310952 0.01414519 0.        ],[1. 0. 0. 0. 0. 0. 0. 0. 1. 1. 0. 0. 0. 1. 0. 1. 0. 0. 1. 0. 0. 0. 0. 1. 0. 0. 0. 1. 1. 1. 0.],10.0,10000,30,0.6,10,1,10,,problem_solving
2800,0.03249076744263178,0.002473564618119225,0.4,-3.458515128914353,[0.01098319 0.         0.         0.         0.         0.         0.         0.         0.01046049 0.01407537 0.         0.         0.         0.01047932 0.         0.01583464 0.         0.         0.01535879 0.         0.         0.         0.         0.01326849 0.         0.         0.         0.88228501 0.01310952 0.01414519 0.        ],[1. 0. 0. 0. 0. 0. 0. 0. 1. 1. 0. 0. 0. 1. 0. 1. 0. 0. 1. 0. 0. 0. 0. 1. 0. 0. 0. 1. 1. 1. 0.],10.0,10000,30,0.6,10,1,10,,problem_solving
2900,0.03249076744263178,0.002473564618119225,0.4,0.18912562427506535,[0.01098319 0.         0.         0.         0.         0.         0.         0.         0.01046049 0.01407537 0.         0.         0.         0.01047932 0.         0.01583464 0.         0.         0.01535879 0.         0.         0.         0.         0.01326849 0.         0.         0.         0.88228501 0.01310952 0.01414519 0.        ],[1. 0. 0. 0. 0. 0. 0. 0. 1. 1. 0. 0. 0. 1. 0. 1. 0. 0. 1. 0. 0. 0. 0. 1. 0. 0. 0. 1. 1. 1. 0.],10.0,10000,30,0.6,10,1,10,,problem_solving
3000,0.03249076744263178,0.002473564618119225,0.4,10.87321895862419,[0.01098319 0.         0.         0.         0.         0.         0.         0.         0.01046049 0.01407537 0.         0.         0.         0.01047932 0.         0.01583464 0.         0.         0.01535879 0.         0.         0.         0.         0.01326849 0.         0.         0.         0.88228501 0.01310952 0.01414519 0.        ],[1. 0. 0. 0. 0. 0. 0. 0. 1. 1. 0. 0. 0. 1. 0. 1. 0. 0. 1. 0. 0. 0. 0. 1. 0. 0. 0. 1. 1. 1. 0.],10.0,10000,30,0.6,10,1,10,,problem_solving
3100,0.03249076744263178,0.002473564618119225,0.4,-9.202344495726146,[0.01098319 0.         0.         0.         0.         0.         0.         0.         0.01046049 0.01407537 0.         0.         0.         0.01047932 0.         0.01583464 0.         0.         0.01535879 0.         0.         0.         0.         0.01326849 0.         0.         0.         0.88228501 0.01310952 0.01414519 0.        ],[1. 0. 0. 0. 0. 0. 0. 0. 1. 1. 0. 0. 0. 1. 0. 1. 0. 0. 1. 0. 0. 0. 0. 1. 0. 0. 0. 1. 1. 1. 0.],10.0,10000,30,0.6,10,1,10,,problem_solving
3200,0.03249076744263178,0.002473564618119225,0.4,2.218181605258662,[0.01098319 0.         0.         0.         0.         0.         0.         0.         0.01046049 0.01407537 0.         0.         0.         0.01047932 0.         0.01583464 0.         0.         0.01535879 0.         0.         0.         0.         0.01326849 0.         0.         0.         0.88228501 0.01310952 0.01414519 0.        ],[1. 0. 0. 0. 0. 0. 0. 0. 1. 1. 0. 0. 0. 1. 0. 1. 0. 0. 1. 0. 0. 0. 0. 1. 0. 0. 0. 1. 1. 1. 0.],10.0,10000,30,0.6,10,1,10,,problem_solving
3300,0.03249076744263178,0.002473564618119225,0.4,1.4800677687700092,[0.01098319 0.         0.         0.         0.         0.         0.         0.         0.01046049 0.01407537 0.         0.         0.         0.01047932 0.         0.01583464 0.         0.         0.01535879 0.         0.         0.         0.         0.01326849 0.         0.         0.         0.88228501 0.01310952 0.01414519 0.        ],[1. 0. 0. 0. 0. 0. 0. 0. 1. 1. 0. 0. 0. 1. 0. 1. 0. 0. 1. 0. 0. 0. 0. 1. 0. 0. 0. 1. 1. 1. 0.],10.0,10000,30,0.6,10,1,10,,problem_solving
3400,0.03249076744263178,0.002473564618119225,0.4,13.063403016443157,[0.01098319 0.         0.         0.         0.         0.         0.         0.         0.01046049 0.01407537 0.         0.         0.         0.01047932 0.         0.01583464 0.         0.         0.01535879 0.         0.         0.         0.         0.01326849 0.         0.         0.         0.88228501 0.01310952 0.01414519 0.        ],[1. 0. 0. 0. 0. 0. 0. 0. 1. 1. 0. 0. 0. 1. 0. 1. 0. 0. 1. 0. 0. 0. 0. 1. 0. 0. 0. 1. 1. 1. 0.],10.0,10000,30,0.6,10,1,10,,problem_solving
3500,0.03249076744263178,0.002473564618119225,0.4,1.9559330811043965,[0.01098319 0.         0.         0.         0.         0.         0.         0.         0.01046049 0.01407537 0.         0.         0.         0.01047932 0.         0.01583464 0.         0.         0.01535879 0.         0.         0.         0.         0.01326849 0.         0.         0.         0.88228501 0.01310952 0.01414519 0.        ],[1. 0. 0. 0. 0. 0. 0. 0. 1. 1. 0. 0. 0. 1. 0. 1. 0. 0. 1. 0. 0. 0. 0. 1. 0. 0. 0. 1. 1. 1. 0.],10.0,10000,30,0.6,10,1,10,,problem_solving
3600,0.03249076744263178,0.002473564618119225,0.4,-9.597221893780079,[0.01098319 0.         0.         0.         0.         0.         0.         0.         0.01046049 0.01407537 0.         0.         0.         0.01047932 0.         0.01583464 0.         0.         0.01535879 0.         0.         0.         0.         0.01326849 0.         0.         0.         0.88228501 0.01310952 0.01414519 0.        ],[1. 0. 0. 0. 0. 0. 0. 0. 1. 1. 0. 0. 0. 1. 0. 1. 0. 0. 1. 0. 0. 0. 0. 1. 0. 0. 0. 1. 1. 1. 0.],10.0,10000,30,0.6,10,1,10,,problem_solving
3700,0.03249076744263178,0.002473564618119225,0.4,-11.31139681678781,[0.01098319 0.         0.         0.         0.         0.         0.         0.         0.01046049 0.01407537 0.         0.         0.         0.01047932 0.         0.01583464 0.         0.         0.01535879 0.         0.         0.         0.         0.01326849 0.         0.         0.         0.88228501 0.01310952 0.01414519 0.        ],[1. 0. 0. 0. 0. 0. 0. 0. 1. 1. 0. 0. 0. 1. 0. 1. 0. 0. 1. 0. 0. 0. 0. 1. 0. 0. 0. 1. 1. 1. 0.],10.0,10000,30,0.6,10,1,10,,problem_solving
3800,0.03249076744263178,0.002473564618119225,0.4,-3.762106468584837,[0.01098319 0.         0.         0.         0.         0.         0.         0.         0.01046049 0.01407537 0.         0.         0.         0.01047932 0.         0.01583464 0.         0.         0.01535879 0.         0.         0.         0.         0.01326849 0.         0.         0.         0.88228501 0.01310952 0.01414519 0.        ],[1. 0. 0. 0. 0. 0. 0. 0. 1. 1. 0. 0. 0. 1. 0. 1. 0. 0. 1. 0. 0. 0. 0. 1. 0. 0. 0. 1. 1. 1. 0.],10.0,10000,30,0.6,10,1,10,,problem_solving
3900,0.03249076744263178,0.002473564618119225,0.4,1.2495314683232808,[0.01098319 0.         0.         0.         0.         0.         0.         0.         0.01046049 0.01407537 0.         0.         0.         0.01047932 0.         0.01583464 0.         0.         0.01535879 0.         0.         0.         0.         0.01326849 0.         0.         0.         0.88228501 0.01310952 0.01414519 0.        ],[1. 0. 0. 0. 0. 0. 0. 0. 1. 1. 0. 0. 0. 1. 0. 1. 0. 0. 1. 0. 0. 0. 0. 1. 0. 0. 0. 1. 1. 1. 0.],10.0,10000,30,0.6,10,1,10,,problem_solving
4000,0.03249076744263178,0.002473564618119225,0.4,10.351645129761797,[0.01098319 0.         0.         0.         0.         0.         0.         0.         0.01046049 0.01407537 0.         0.         0.         0.01047932 0.         0.01583464 0.         0.         0.01535879 0.         0.         0.         0.         0.01326849 0.         0.         0.         0.88228501 0.01310952 0.01414519 0.        ],[1. 0. 0. 0. 0. 0. 0. 0. 1. 1. 0. 0. 0. 1. 0. 1. 0. 0. 1. 0. 0. 0. 0. 1. 0. 0. 0. 1. 1. 1. 0.],10.0,10000,30,0.6,10,1,10,,problem_solving
4100,0.03249076744263178,0.002473564618119225,0.4,2.24812718653111,[0.01098319 0.         0.         0.         0.         0.         0.         0.         0.01046049 0.01407537 0.         0.         0.         0.01047932 0.         0.01583464 0.         0.         0.01535879 0.         0.         0.         0.         0.01326849 0.         0.         0.         0.88228501 0.01310952 0.01414519 0.        ],[1. 0. 0. 0. 0. 0. 0. 0. 1. 1. 0. 0. 0. 1. 0. 1. 0. 0. 1. 0. 0. 0. 0. 1. 0. 0. 0. 1. 1. 1. 0.],10.0,10000,30,0.6,10,1,10,,problem_solving
4200,0.03249076744263178,0.002473564618119225,0.4,0.7251352264934503,[0.01098319 0.         0.         0.         0.         0.         0.         0.         0.01046049 0.01407537 0.         0.         0.         0.01047932 0.         0.01583464 0.         0.         0.01535879 0.         0.         0.         0.         0.01326849 0.         0.         0.         0.88228501 0.01310952 0.01414519 0.        ],[1. 0. 0. 0. 0. 0. 0. 0. 1. 1. 0. 0. 0. 1. 0. 1. 0. 0. 1. 0. 0. 0. 0. 1. 0. 0. 0. 1. 1. 1. 0.],10.0,10000,30,0.6,10,1,10,,problem_solving
4300,0.03249076744263178,0.002473564618119225,0.4,-3.707785303825351,[0.01098319 0.         0.         0.         0.         0.         0.         0.         0.01046049 0.01407537 0.         0.         0.         0.01047932 0.         0.01583464 0.         0.         0.01535879 0.         0.         0.         0.         0.01326849 0.         0.         0.         0.88228501 0.01310952 0.01414519 0.        ],[1. 0. 0. 0. 0. 0. 0. 0. 1. 1. 0. 0. 0. 1. 0. 1. 0. 0. 1. 0. 0. 0. 0. 1. 0. 0. 0. 1. 1. 1. 0.],10.0,10000,30,0.6,10,1,10,,problem_solving
4400,0.03249076744263178,0.002473564618119225,0.4,8.011958471798069,[0.01098319 0.         0.         0.         0.         0.         0.         0.         0.01046049 0.01407537 0.         0.         0.         0.01047932 0.         0.01583464 0.         0.         0.01535879 0.         0.         0.         0.         0.01326849 0.         0.         0.         0.88228501 0.01310952 0.01414519 0.        ],[1. 0. 0. 0. 0. 0. 0. 0. 1. 1. 0. 0. 0. 1. 0. 1. 0. 0. 1. 0. 0. 0. 0. 1. 0. 0. 0. 1. 1. 1. 0.],10.0,10000,30,0.6,10,1,10,,problem_solving
4500,0.03249076744263178,0.002473564618119225,0.4,4.57187499323033,[0.01098319 0.         0.         0.         0.         0.         0.         0.         0.01046049 0.01407537 0.         0.         0.         0.01047932 0.         0.01583464 0.         0.         0.01535879 0.         0.         0.         0.         0.01326849 0.         0.         0.         0.88228501 0.01310952 0.01414519 0.        ],[1. 0. 0. 0. 0. 0. 0. 0. 1. 1. 0. 0. 0. 1. 0. 1. 0. 0. 1. 0. 0. 0. 0. 1. 0. 0. 0. 1. 1. 1. 0.],10.0,10000,30,0.6,10,1,10,,problem_solving
4600,0.03249076744263178,0.002473564618119225,0.4,0.9502299188266773,[0.01098319 0.         0.         0.         0.         0.         0.         0.         0.01046049 0.01407537 0.         0.         0.         0.01047932 0.         0.01583464 0.         0.         0.01535879 0.         0.         0.         0.         0.01326849 0.         0.         0.         0.88228501 0.01310952 0.01414519 0.        ],[1. 0. 0. 0. 0. 0. 0. 0. 1. 1. 0. 0. 0. 1. 0. 1. 0. 0. 1. 0. 0. 0. 0. 1. 0. 0. 0. 1. 1. 1. 0.],10.0,10000,30,0.6,10,1,10,,problem_solving
4700,0.03249076744263178,0.002473564618119225,0.4,6.06157392177855,[0.01098319 0.         0.         0.         0.         0.         0.         0.         0.01046049 0.01407537 0.         0.         0.         0.01047932 0.         0.01583464 0.         0.         0.01535879 0.         0.         0.         0.         0.01326849 0.         0.         0.         0.88228501 0.01310952 0.01414519 0.        ],[1. 0. 0. 0. 0. 0. 0. 0. 1. 1. 0. 0. 0. 1. 0. 1. 0. 0. 1. 0. 0. 0. 0. 1. 0. 0. 0. 1. 1. 1. 0.],10.0,10000,30,0.6,10,1,10,,problem_solving
4800,0.03249076744263178,0.002473564618119225,0.4,-4.684208397275694,[0.01098319 0.         0.         0.         0.         0.         0.         0.         0.01046049 0.01407537 0.         0.         0.         0.01047932 0.         0.01583464 0.         0.         0.01535879 0.         0.         0.         0.         0.01326849 0.         0.         0.         0.88228501 0.01310952 0.01414519 0.        ],[1. 0. 0. 0. 0. 0. 0. 0. 1. 1. 0. 0. 0. 1. 0. 1. 0. 0. 1. 0. 0. 0. 0. 1. 0. 0. 0. 1. 1. 1. 0.],10.0,10000,30,0.6,10,1,10,,problem_solving
4900,0.03249076744263178,0.002473564618119225,0.4,-12.38733391760933,[0.01098319 0.         0.         0.         0.         0.         0.         0.         0.01046049 0.01407537 0.         0.         0.         0.01047932 0.         0.01583464 0.         0.         0.01535879 0.         0.         0.         0.         0.01326849 0.         0.         0.         0.88228501 0.01310952 0.01414519 0.        ],[1. 0. 0. 0. 0. 0. 0. 0. 1. 1. 0. 0. 0. 1. 0. 1. 0. 0. 1. 0. 0. 0. 0. 1. 0. 0. 0. 1. 1. 1. 0.],10.0,10000,30,0.6,10,1,10,,problem_solving
5000,0.03249076744263178,0.002473564618119225,0.4,13.610861805580672,[0.01098319 0.         0.         0.         0.         0.         0.         0.         0.01046049 0.01407537 0.         0.         0.         0.01047932 0.         0.01583464 0.         0.         0.01535879 0.         0.         0.         0.         0.01326849 0.         0.         0.         0.88228501 0.01310952 0.01414519 0.        ],[1. 0. 0. 0. 0. 0. 0. 0. 1. 1. 0. 0. 0. 1. 0. 1. 0. 0. 1. 0. 0. 0. 0. 1. 0. 0. 0. 1. 1. 1. 0.],10.0,10000,30,0.6,10,1,10,,problem_solving
5100,0.03249076744263178,0.002473564618119225,0.4,-8.51643931124171,[0.01098319 0.         0.         0.         0.         0.         0.         0.         0.01046049 0.01407537 0.         0.         0.         0.01047932 0.         0.01583464 0.         0.         0.01535879 0.         0.         0.         0.         0.01326849 0.         0.         0.         0.88228501 0.01310952 0.01414519 0.        ],[1. 0. 0. 0. 0. 0. 0. 0. 1. 1. 0. 0. 0. 1. 0. 1. 0. 0. 1. 0. 0. 0. 0. 1. 0. 0. 0. 1. 1. 1. 0.],10.0,10000,30,0.6,10,1,10,,problem_solving
5200,0.03249076744263178,0.002473564618119225,0.4,2.139464113970467,[0.01098319 0.         0.         0.         0.         0.         0.         0.         0.01046049 0.01407537 0.         0.         0.         0.01047932 0.         0.01583464 0.         0.         0.01535879 0.         0.         0.         0.         0.01326849 0.         0.         0.         0.88228501 0.01310952 0.01414519 0.        ],[1. 0. 0. 0. 0. 0. 0. 0. 1. 1. 0. 0. 0. 1. 0. 1. 0. 0. 1. 0. 0. 0. 0. 1. 0. 0. 0. 1. 1. 1. 0.],10.0,10000,30,0.6,10,1,10,,problem_solving
5300,0.03249076744263178,0.002473564618119225,0.4,-4.092329705530238,[0.01098319 0.         0.         0.         0.         0.         0.         0.         0.01046049 0.01407537 0.         0.         0.         0.01047932 0.         0.01583464 0.         0.         0.01535879 0.         0.         0.         0.         0.01326849 0.         0.         0.         0.88228501 0.01310952 0.01414519 0.        ],[1. 0. 0. 0. 0. 0. 0. 0. 1. 1. 0. 0. 0. 1. 0. 1. 0. 0. 1. 0. 0. 0. 0. 1. 0. 0. 0. 1. 1. 1. 0.],10.0,10000,30,0.6,10,1,10,,problem_solving
5400,0.03249076744263178,0.002473564618119225,0.4,1.2046443999949783,[0.01098319 0.         0.         0.         0.         0.         0.         0.         0.01046049 0.01407537 0.         0.         0.         0.01047932 0.         0.01583464 0.         0.         0.01535879 0.         0.         0.         0.         0.01326849 0.         0.         0.         0.88228501 0.01310952 0.01414519 0.        ],[1. 0. 0. 0. 0. 0. 0. 0. 1. 1. 0. 0. 0. 1. 0. 1. 0. 0. 1. 0. 0. 0. 0. 1. 0. 0. 0. 1. 1. 1. 0.],10.0,10000,30,0.6,10,1,10,,problem_solving
5500,0.03249076744263178,0.002473564618119225,0.4,-3.7259407665759,[0.01098319 0.         0.         0.         0.         0.         0.         0.         0.01046049 0.01407537 0.         0.         0.         0.01047932 0.         0.01583464 0.         0.         0.01535879 0.         0.         0.         0.         0.01326849 0.         0.         0.         0.88228501 0.01310952 0.01414519 0.        ],[1. 0. 0. 0. 0. 0. 0. 0. 1. 1. 0. 0. 0. 1. 0. 1. 0. 0. 1. 0. 0. 0. 0. 1. 0. 0. 0. 1. 1. 1. 0.],10.0,10000,30,0.6,10,1,10,,problem_solving
5600,0.03249076744263178,0.002473564618119225,0.4,-10.569053274106464,[0.01098319 0.         0.         0.         0.         0.         0.         0.         0.01046049 0.01407537 0.         0.         0.         0.01047932 0.         0.01583464 0.         0.         0.01535879 0.         0.         0.         0.         0.01326849 0.         0.         0.         0.88228501 0.01310952 0.01414519 0.        ],[1. 0. 0. 0. 0. 0. 0. 0. 1. 1. 0. 0. 0. 1. 0. 1. 0. 0. 1. 0. 0. 0. 0. 1. 0. 0. 0. 1. 1. 1. 0.],10.0,10000,30,0.6,10,1,10,,problem_solving
5700,0.03249076744263178,0.002473564618119225,0.4,-0.07236161230976644,[0.01098319 0.         0.         0.         0.         0.         0.         0.         0.01046049 0.01407537 0.         0.         0.         0.01047932 0.         0.01583464 0.         0.         0.01535879 0.         0.         0.         0.         0.01326849 0.         0.         0.         0.88228501 0.01310952 0.01414519 0.        ],[1. 0. 0. 0. 0. 0. 0. 0. 1. 1. 0. 0. 0. 1. 0. 1. 0. 0. 1. 0. 0. 0. 0. 1. 0. 0. 0. 1. 1. 1. 0.],10.0,10000,30,0.6,10,1,10,,problem_solving
5800,0.03249076744263178,0.002473564618119225,0.4,-8.88813088127671,[0.01098319 0.         0.         0.         0.         0.         0.         0.         0.01046049 0.01407537 0.         0.         0.         0.01047932 0.         0.01583464 0.         0.         0.01535879 0.         0.         0.         0.         0.01326849 0.         0.         0.         0.88228501 0.01310952 0.01414519 0.        ],[1. 0. 0. 0. 0. 0. 0. 0. 1. 1. 0. 0. 0. 1. 0. 1. 0. 0. 1. 0. 0. 0. 0. 1. 0. 0. 0. 1. 1. 1. 0.],10.0,10000,30,0.6,10,1,10,,problem_solving
5900,0.03249076744263178,0.002473564618119225,0.4,-5.755653558760361,[0.01098319 0.         0.         0.         0.         0.         0.         0.         0.01046049 0.01407537 0.         0.         0.         0.01047932 0.         0.01583464 0.         0.         0.01535879 0.         0.         0.         0.         0.01326849 0.         0.         0.         0.88228501 0.01310952 0.01414519 0.        ],[1. 0. 0. 0. 0. 0. 0. 0. 1. 1. 0. 0. 0. 1. 0. 1. 0. 0. 1. 0. 0. 0. 0. 1. 0. 0. 0. 1. 1. 1. 0.],10.0,10000,30,0.6,10,1,10,,problem_solving
6000,0.03249076744263178,0.002473564618119225,0.4,8.344330978320567,[0.01098319 0.         0.         0.         0.         0.         0.         0.         0.01046049 0.01407537 0.         0.         0.         0.01047932 0.         0.01583464 0.         0.         0.01535879 0.         0.         0.         0.         0.01326849 0.         0.         0.         0.88228501 0.01310952 0.01414519 0.        ],[1. 0. 0. 0. 0. 0. 0. 0. 1. 1. 0. 0. 0. 1. 0. 1. 0. 0. 1. 0. 0. 0. 0. 1. 0. 0. 0. 1. 1. 1. 0.],10.0,10000,30,0.6,10,1,10,,problem_solving
6100,0.03249076744263178,0.002473564618119225,0.4,-6.145922315337855,[0.01098319 0.         0.         0.         0.         0.         0.         0.         0.01046049 0.01407537 0.         0.         0.         0.01047932 0.         0.01583464 0.         0.         0.01535879 0.         0.         0.         0.         0.01326849 0.         0.         0.         0.88228501 0.01310952 0.01414519 0.        ],[1. 0. 0. 0. 0. 0. 0. 0. 1. 1. 0. 0. 0. 1. 0. 1. 0. 0. 1. 0. 0. 0. 0. 1. 0. 0. 0. 1. 1. 1. 0.],10.0,10000,30,0.6,10,1,10,,problem_solving
6200,0.03249076744263178,0.002473564618119225,0.4,-4.8785692066454045,[0.01098319 0.         0.         0.         0.         0.         0.         0.         0.01046049 0.01407537 0.         0.         0.         0.01047932 0.         0.01583464 0.         0.         0.01535879 0.         0.         0.         0.         0.01326849 0.         0.         0.         0.88228501 0.01310952 0.01414519 0.        ],[1. 0. 0. 0. 0. 0. 0. 0. 1. 1. 0. 0. 0. 1. 0. 1. 0. 0. 1. 0. 0. 0. 0. 1. 0. 0. 0. 1. 1. 1. 0.],10.0,10000,30,0.6,10,1,10,,problem_solving
6300,0.03249076744263178,0.002473564618119225,0.4,-12.59662711821994,[0.01098319 0.         0.         0.         0.         0.         0.         0.         0.01046049 0.01407537 0.         0.         0.         0.01047932 0.         0.01583464 0.         0.         0.01535879 0.         0.         0.         0.         0.01326849 0.         0.         0.         0.88228501 0.01310952 0.01414519 0.        ],[1. 0. 0. 0. 0. 0. 0. 0. 1. 1. 0. 0. 0. 1. 0. 1. 0. 0. 1. 0. 0. 0. 0. 1. 0. 0. 0. 1. 1. 1. 0.],10.0,10000,30,0.6,10,1,10,,problem_solving
6400,0.03249076744263178,0.002473564618119225,0.4,-1.176641133402016,[0.01098319 0.         0.         0.         0.         0.         0.         0.         0.01046049 0.01407537 0.         0.         0.         0.01047932 0.         0.01583464 0.         0.         0.01535879 0.         0.         0.         0.         0.01326849 0.         0.         0.         0.88228501 0.01310952 0.01414519 0.        ],[1. 0. 0. 0. 0. 0. 0. 0. 1. 1. 0. 0. 0. 1. 0. 1. 0. 0. 1. 0. 0. 0. 0. 1. 0. 0. 0. 1. 1. 1. 0.],10.0,10000,30,0.6,10,1,10,,problem_solving
6500,0.03249076744263178,0.002473564618119225,0.4,-22.351603263154004,[0.01098319 0.         0.         0.         0.         0.         0.         0.         0.01046049 0.01407537 0.         0.         0.         0.01047932 0.         0.01583464 0.         0.         0.01535879 0.         0.         0.         0.         0.01326849 0.         0.         0.         0.88228501 0.01310952 0.01414519 0.        ],[1. 0. 0. 0. 0. 0. 0. 0. 1. 1. 0. 0. 0. 1. 0. 1. 0. 0. 1. 0. 0. 0. 0. 1. 0. 0. 0. 1. 1. 1. 0.],10.0,10000,30,0.6,10,1,10,,problem_solving
6600,0.03249076744263178,0.002473564618119225,0.4,-1.979084886661659,[0.01098319 0.         0.         0.         0.         0.         0.         0.         0.01046049 0.01407537 0.         0.         0.         0.01047932 0.         0.01583464 0.         0.         0.01535879 0.         0.         0.         0.         0.01326849 0.         0.         0.         0.88228501 0.01310952 0.01414519 0.        ],[1. 0. 0. 0. 0. 0. 0. 0. 1. 1. 0. 0. 0. 1. 0. 1. 0. 0. 1. 0. 0. 0. 0. 1. 0. 0. 0. 1. 1. 1. 0.],10.0,10000,30,0.6,10,1,10,,problem_solving
6700,0.03249076744263178,0.002473564618119225,0.4,-1.6733124210664991,[0.01098319 0.         0.         0.         0.         0.         0.         0.         0.01046049 0.01407537 0.         0.         0.         0.01047932 0.         0.01583464 0.         0.         0.01535879 0.         0.         0.         0.         0.01326849 0.         0.         0.         0.88228501 0.01310952 0.01414519 0.        ],[1. 0. 0. 0. 0. 0. 0. 0. 1. 1. 0. 0. 0. 1. 0. 1. 0. 0. 1. 0. 0. 0. 0. 1. 0. 0. 0. 1. 1. 1. 0.],10.0,10000,30,0.6,10,1,10,,problem_solving
6800,0.03249076744263178,0.002473564618119225,0.4,-11.881102602379087,[0.01098319 0.         0.         0.         0.         0.         0.         0.         0.01046049 0.01407537 0.         0.         0.         0.01047932 0.         0.01583464 0.         0.         0.01535879 0.         0.         0.         0.         0.01326849 0.         0.         0.         0.88228501 0.01310952 0.01414519 0.        ],[1. 0. 0. 0. 0. 0. 0. 0. 1. 1. 0. 0. 0. 1. 0. 1. 0. 0. 1. 0. 0. 0. 0. 1. 0. 0. 0. 1. 1. 1. 0.],10.0,10000,30,0.6,10,1,10,,problem_solving
6900,0.03249076744263178,0.002473564618119225,0.4,-1.7665971035530936,[0.01098319 0.         0.         0.         0.         0.         0.         0.         0.01046049 0.01407537 0.         0.         0.         0.01047932 0.         0.01583464 0.         0.         0.01535879 0.         0.         0.         0.         0.01326849 0.         0.         0.         0.88228501 0.01310952 0.01414519 0.        ],[1. 0. 0. 0. 0. 0. 0. 0. 1. 1. 0. 0. 0. 1. 0. 1. 0. 0. 1. 0. 0. 0. 0. 1. 0. 0. 0. 1. 1. 1. 0.],10.0,10000,30,0.6,10,1,10,,problem_solving
7000,0.03249076744263178,0.002473564618119225,0.4,2.263828663261642,[0.01098319 0.         0.         0.         0.         0.         0.         0.         0.01046049 0.01407537 0.         0.         0.         0.01047932 0.         0.01583464 0.         0.         0.01535879 0.         0.         0.         0.         0.01326849 0.         0.         0.         0.88228501 0.01310952 0.01414519 0.        ],[1. 0. 0. 0. 0. 0. 0. 0. 1. 1. 0. 0. 0. 1. 0. 1. 0. 0. 1. 0. 0. 0. 0. 1. 0. 0. 0. 1. 1. 1. 0.],10.0,10000,30,0.6,10,1,10,,problem_solving
7100,0.03249076744263178,0.002473564618119225,0.4,19.61471109907167,[0.01098319 0.         0.         0.         0.         0.         0.         0.         0.01046049 0.01407537 0.         0.         0.         0.01047932 0.         0.01583464 0.         0.         0.01535879 0.         0.         0.         0.         0.01326849 0.         0.         0.         0.88228501 0.01310952 0.01414519 0.        ],[1. 0. 0. 0. 0. 0. 0. 0. 1. 1. 0. 0. 0. 1. 0. 1. 0. 0. 1. 0. 0. 0. 0. 1. 0. 0. 0. 1. 1. 1. 0.],10.0,10000,30,0.6,10,1,10,,problem_solving
7200,0.03243957534532717,0.002497280429665421,0.4,-6.771578744108342,[0.         0.0105251  0.         0.         0.         0.01649742 0.         0.01195376 0.         0.         0.         0.         0.01602985 0.         0.         0.         0.         0.         0.         0.01057523 0.         0.01290132 0.         0.01336444 0.         0.01751573 0.         0.87761275 0.         0.         0.01302441],[0. 1. 0. 0. 0. 1. 0. 1. 0. 0. 0. 0. 1. 0. 0. 0. 0. 0. 0. 1. 0. 1. 0. 1. 0. 1. 0. 1. 0. 0. 1.],10.0,10000,30,0.6,10,1,10,,problem_solving
7300,0.03243957534532717,0.002497280429665421,0.4,-8.867606950750167,[0.         0.0105251  0.         0.         0.         0.01649742 0.         0.01195376 0.         0.         0.         0.         0.01602985 0.         0.         0.         0.         0.         0.         0.01057523 0.         0.01290132 0.         0.01336444 0.         0.01751573 0.         0.87761275 0.         0.         0.01302441],[0. 1. 0. 0. 0. 1. 0. 1. 0. 0. 0. 0. 1. 0. 0. 0. 0. 0. 0. 1. 0. 1. 0. 1. 0. 1. 0. 1. 0. 0. 1.],10.0,10000,30,0.6,10,1,10,,problem_solving
7400,0.03243957534532717,0.002497280429665421,0.4,14.650776336347288,[0.         0.0105251  0.         0.         0.         0.01649742 0.         0.01195376 0.         0.         0.         0.         0.01602985 0.         0.         0.         0.         0.         0.         0.01057523 0.         0.01290132 0.         0.01336444 0.         0.01751573 0.         0.87761275 0.         0.         0.01302441],[0. 1. 0. 0. 0. 1. 0. 1. 0. 0. 0. 0. 1. 0. 0. 0. 0. 0. 0. 1. 0. 1. 0. 1. 0. 1. 0. 1. 0. 0. 1.],10.0,10000,30,0.6,10,1,10,,problem_solving
7500,0.03243957534532717,0.002497280429665421,0.4,-7.330741241106562,[0.         0.0105251  0.         0.         0.         0.01649742 0.         0.01195376 0.         0.         0.         0.         0.01602985 0.         0.         0.         0.         0.         0.         0.01057523 0.         0.01290132 0.         0.01336444 0.         0.01751573 0.         0.87761275 0.         0.         0.01302441],[0. 1. 0. 0. 0. 1. 0. 1. 0. 0. 0. 0. 1. 0. 0. 0. 0. 0. 0. 1. 0. 1. 0. 1. 0. 1. 0. 1. 0. 0. 1.],10.0,10000,30,0.6,10,1,10,,problem_solving
7600,0.03243957534532717,0.002497280429665421,0.4,5.5462840522520995,[0.         0.0105251  0.         0.         0.         0.01649742 0.         0.01195376 0.         0.         0.         0.         0.01602985 0.         0.         0.         0.         0.         0.         0.01057523 0.         0.01290132 0.         0.01336444 0.         0.01751573 0.         0.87761275 0.         0.         0.01302441],[0. 1. 0. 0. 0. 1. 0. 1. 0. 0. 0. 0. 1. 0. 0. 0. 0. 0. 0. 1. 0. 1. 0. 1. 0. 1. 0. 1. 0. 0. 1.],10.0,10000,30,0.6,10,1,10,,problem_solving
7700,0.03243957534532717,0.002497280429665421,0.4,0.08728337519630593,[0.         0.0105251  0.         0.         0.         0.01649742 0.         0.01195376 0.         0.         0.         0.         0.01602985 0.         0.         0.         0.         0.         0.         0.01057523 0.         0.01290132 0.         0.01336444 0.         0.01751573 0.         0.87761275 0.         0.         0.01302441],[0. 1. 0. 0. 0. 1. 0. 1. 0. 0. 0. 0. 1. 0. 0. 0. 0. 0. 0. 1. 0. 1. 0. 1. 0. 1. 0. 1. 0. 0. 1.],10.0,10000,30,0.6,10,1,10,,problem_solving
7800,0.03243957534532717,0.002497280429665421,0.4,-2.152147695870652,[0.         0.0105251  0.         0.         0.         0.01649742 0.         0.01195376 0.         0.         0.         0.         0.01602985 0.         0.         0.         0.         0.         0.         0.01057523 0.         0.01290132 0.         0.01336444 0.         0.01751573 0.         0.87761275 0.         0.         0.01302441],[0. 1. 0. 0. 0. 1. 0. 1. 0. 0. 0. 0. 1. 0. 0. 0. 0. 0. 0. 1. 0. 1. 0. 1. 0. 1. 0. 1. 0. 0. 1.],10.0,10000,30,0.6,10,1,10,,problem_solving
7900,0.03243957534532717,0.002497280429665421,0.4,1.340576182291364,[0.         0.0105251  0.         0.         0.         0.01649742 0.         0.01195376 0.         0.         0.         0.         0.01602985 0.         0.         0.         0.         0.         0.         0.01057523 0.         0.01290132 0.         0.01336444 0.         0.01751573 0.         0.87761275 0.         0.         0.01302441],[0. 1. 0. 0. 0. 1. 0. 1. 0. 0. 0. 0. 1. 0. 0. 0. 0. 0. 0. 1. 0. 1. 0. 1. 0. 1. 0. 1. 0. 0. 1.],10.0,10000,30,0.6,10,1,10,,problem_solving
8000,0.03243957534532717,0.002497280429665421,0.4,3.5100492795251577,[0.         0.0105251  0.         0.         0.         0.01649742 0.         0.01195376 0.         0.         0.         0.         0.01602985 0.         0.         0.         0.         0.         0.         0.01057523 0.         0.01290132 0.         0.01336444 0.         0.01751573 0.         0.87761275 0.         0.         0.01302441],[0. 1. 0. 0. 0. 1. 0. 1. 0. 0. 0. 0. 1. 0. 0. 0. 0. 0. 0. 1. 0. 1. 0. 1. 0. 1. 0. 1. 0. 0. 1.],10.0,10000,30,0.6,10,1,10,,problem_solving
8100,0.03243957534532717,0.002497280429665421,0.4,-10.220091736524404,[0.         0.0105251  0.         0.         0.         0.01649742 0.         0.01195376 0.         0.         0.         0.         0.01602985 0.         0.         0.         0.         0.         0.         0.01057523 0.         0.01290132 0.         0.01336444 0.         0.01751573 0.         0.87761275 0.         0.         0.01302441],[0. 1. 0. 0. 0. 1. 0. 1. 0. 0. 0. 0. 1. 0. 0. 0. 0. 0. 0. 1. 0. 1. 0. 1. 0. 1. 0. 1. 0. 0. 1.],10.0,10000,30,0.6,10,1,10,,problem_solving
8200,0.03243957534532717,0.002497280429665421,0.4,7.956695983913002,[0.         0.0105251  0.         0.         0.         0.01649742 0.         0.01195376 0.         0.         0.         0.         0.01602985 0.         0.         0.         0.         0.         0.         0.01057523 0.         0.01290132 0.         0.01336444 0.         0.01751573 0.         0.87761275 0.         0.         0.01302441],[0. 1. 0. 0. 0. 1. 0. 1. 0. 0. 0. 0. 1. 0. 0. 0. 0. 0. 0. 1. 0. 1. 0. 1. 0. 1. 0. 1. 0. 0. 1.],10.0,10000,30,0.6,10,1,10,,problem_solving
8300,0.03243957534532717,0.002497280429665421,0.4,-0.2550647359955495,[0.         0.0105251  0.         0.         0.         0.01649742 0.         0.01195376 0.         0.         0.         0.         0.01602985 0.         0.         0.         0.         0.         0.         0.01057523 0.         0.01290132 0.         0.01336444 0.         0.01751573 0.         0.87761275 0.         0.         0.01302441],[0. 1. 0. 0. 0. 1. 0. 1. 0. 0. 0. 0. 1. 0. 0. 0. 0. 0. 0. 1. 0. 1. 0. 1. 0. 1. 0. 1. 0. 0. 1.],10.0,10000,30,0.6,10,1,10,,problem_solving
8400,0.03243957534532717,0.002497280429665421,0.4,-14.667216979016988,[0.         0.0105251  0.         0.         0.         0.01649742 0.         0.01195376 0.         0.         0.         0.         0.01602985 0.         0.         0.         0.         0.         0.         0.01057523 0.         0.01290132 0.         0.01336444 0.         0.01751573 0.         0.87761275 0.         0.         0.01302441],[0. 1. 0. 0. 0. 1. 0. 1. 0. 0. 0. 0. 1. 0. 0. 0. 0. 0. 0. 1. 0. 1. 0. 1. 0. 1. 0. 1. 0. 0. 1.],10.0,10000,30,0.6,10,1,10,,problem_solving
8500,0.03243957534532717,0.002497280429665421,0.4,-5.868314702783306,[0.         0.0105251  0.         0.         0.         0.01649742 0.         0.01195376 0.         0.         0.         0.         0.01602985 0.         0.         0.         0.         0.         0.         0.01057523 0.         0.01290132 0.         0.01336444 0.         0.01751573 0.         0.87761275 0.         0.         0.01302441],[0. 1. 0. 0. 0. 1. 0. 1. 0. 0. 0. 0. 1. 0. 0. 0. 0. 0. 0. 1. 0. 1. 0. 1. 0. 1. 0. 1. 0. 0. 1.],10.0,10000,30,0.6,10,1,10,,problem_solving
8600,0.03243957534532717,0.002497280429665421,0.4,-1.7338516817023075,[0.         0.0105251  0.         0.         0.         0.01649742 0.         0.01195376 0.         0.         0.         0.         0.01602985 0.         0.         0.         0.         0.         0.         0.01057523 0.         0.01290132 0.         0.01336444 0.         0.01751573 0.         0.87761275 0.         0.         0.01302441],[0. 1. 0. 0. 0. 1. 0. 1. 0. 0. 0. 0. 1. 0. 0. 0. 0. 0. 0. 1. 0. 1. 0. 1. 0. 1. 0. 1. 0. 0. 1.],10.0,10000,30,0.6,10,1,10,,problem_solving
8700,0.03204085930393951,0.0024651934417068357,0.4,-15.194039084172736,[0.         0.01054429 0.01056741 0.         0.         0.         0.         0.         0.         0.         0.         0.         0.         0.01505016 0.01364431 0.0105051  0.         0.         0.01289133 0.         0.         0.         0.         0.0188895  0.         0.         0.         0.88290148 0.01052019 0.01448624 0.        ],[0. 1. 1. 0. 0. 0. 0. 0. 0. 0. 0. 0. 0. 1. 1. 1. 0. 0. 1. 0. 0. 0. 0. 1. 0. 0. 0. 1. 1. 1. 0.],10.0,10000,30,0.6,10,1,10,,problem_solving
8800,0.03204085930393951,0.0024651934417068357,0.4,7.058352925874197,[0.         0.01054429 0.01056741 0.         0.         0.         0.         0.         0.         0.         0.         0.         0.         0.01505016 0.01364431 0.0105051  0.         0.         0.01289133 0.         0.         0.         0.         0.0188895  0.         0.         0.         0.88290148 0.01052019 0.01448624 0.        ],[0. 1. 1. 0. 0. 0. 0. 0. 0. 0. 0. 0. 0. 1. 1. 1. 0. 0. 1. 0. 0. 0. 0. 1. 0. 0. 0. 1. 1. 1. 0.],10.0,10000,30,0.6,10,1,10,,problem_solving
8900,0.03199394838548764,0.004801566839640194,0.4,17.693801885334295,[0.01105402 0.01780132 0.         0.         0.01917609 0.         0.01044484 0.         0.01456367 0.         0.         0.         0.         0.01041583 0.01044279 0.01046451 0.         0.         0.         0.0159008  0.         0.         0.         0.         0.         0.87973614 0.         0.         0.         0.         0.        ],[1. 1. 0. 0. 1. 0. 1. 0. 1. 0. 0. 0. 0. 1. 1. 1. 0. 0. 0. 1. 0. 0. 0. 0. 0. 1. 0. 0. 0. 0. 0.],10.0,10000,30,0.6,10,1,10,,problem_solving
9000,0.03199394838548764,0.004801566839640194,0.4,-5.654572680728728,[0.01105402 0.01780132 0.         0.         0.01917609 0.         0.01044484 0.         0.01456367 0.         0.         0.         0.         0.01041583 0.01044279 0.01046451 0.         0.         0.         0.0159008  0.         0.         0.         0.         0.         0.87973614 0.         0.         0.         0.         0.        ],[1. 1. 0. 0. 1. 0. 1. 0. 1. 0. 0. 0. 0. 1. 1. 1. 0. 0. 0. 1. 0. 0. 0. 0. 0. 1. 0. 0. 0. 0. 0.],10.0,10000,30,0.6,10,1,10,,problem_solving
9100,0.03199394838548764,0.004801566839640194,0.4,2.1236332614742794,[0.01105402 0.01780132 0.         0.         0.01917609 0.         0.01044484 0.         0.01456367 0.         0.         0.         0.         0.01041583 0.01044279 0.01046451 0.         0.         0.         0.0159008  0.         0.         0.         0.         0.         0.87973614 0.         0.         0.         0.         0.        ],[1. 1. 0. 0. 1. 0. 1. 0. 1. 0. 0. 0. 0. 1. 1. 1. 0. 0. 0. 1. 0. 0. 0. 0. 0. 1. 0. 0. 0. 0. 0.],10.0,10000,30,0.6,10,1,10,,problem_solving
9200,0.03199394838548764,0.004801566839640194,0.4,-15.694706835697186,[0.01105402 0.01780132 0.         0.         0.01917609 0.         0.01044484 0.         0.01456367 0.         0.         0.         0.         0.01041583 0.01044279 0.01046451 0.         0.         0.         0.0159008  0.         0.         0.         0.         0.         0.87973614 0.         0.         0.         0.         0.        ],[1. 1. 0. 0. 1. 0. 1. 0. 1. 0. 0. 0. 0. 1. 1. 1. 0. 0. 0. 1. 0. 0. 0. 0. 0. 1. 0. 0. 0. 0. 0.],10.0,10000,30,0.6,10,1,10,,problem_solving
9300,0.03199394838548764,0.004801566839640194,0.4,3.873834331945984,[0.01105402 0.01780132 0.         0.         0.01917609 0.         0.01044484 0.         0.01456367 0.         0.         0.         0.         0.01041583 0.01044279 0.01046451 0.         0.         0.         0.0159008  0.         0.         0.         0.         0.         0.87973614 0.         0.         0.         0.         0.        ],[1. 1. 0. 0. 1. 0. 1. 0. 1. 0. 0. 0. 0. 1. 1. 1. 0. 0. 0. 1. 0. 0. 0. 0. 0. 1. 0. 0. 0. 0. 0.],10.0,10000,30,0.6,10,1,10,,problem_solving
9400,0.03199394838548764,0.004801566839640194,0.4,8.18267100143852,[0.01105402 0.01780132 0.         0.         0.01917609 0.         0.01044484 0.         0.01456367 0.         0.         0.         0.         0.01041583 0.01044279 0.01046451 0.         0.         0.         0.0159008  0.         0.         0.         0.         0.         0.87973614 0.         0.         0.         0.         0.        ],[1. 1. 0. 0. 1. 0. 1. 0. 1. 0. 0. 0. 0. 1. 1. 1. 0. 0. 0. 1. 0. 0. 0. 0. 0. 1. 0. 0. 0. 0. 0.],10.0,10000,30,0.6,10,1,10,,problem_solving
9500,0.03199394838548764,0.004801566839640194,0.4,12.520661890824535,[0.01105402 0.01780132 0.         0.         0.01917609 0.         0.01044484 0.         0.01456367 0.         0.         0.         0.         0.01041583 0.01044279 0.01046451 0.         0.         0.         0.0159008  0.         0.         0.         0.         0.         0.87973614 0.         0.         0.         0.         0.        ],[1. 1. 0. 0. 1. 0. 1. 0. 1. 0. 0. 0. 0. 1. 1. 1. 0. 0. 0. 1. 0. 0. 0. 0. 0. 1. 0. 0. 0. 0. 0.],10.0,10000,30,0.6,10,1,10,,problem_solving
9600,0.03199394838548764,0.004801566839640194,0.4,-6.169771966270561,[0.01105402 0.01780132 0.         0.         0.01917609 0.         0.01044484 0.         0.01456367 0.         0.         0.         0.         0.01041583 0.01044279 0.01046451 0.         0.         0.         0.0159008  0.         0.         0.         0.         0.         0.87973614 0.         0.         0.         0.         0.        ],[1. 1. 0. 0. 1. 0. 1. 0. 1. 0. 0. 0. 0. 1. 1. 1. 0. 0. 0. 1. 0. 0. 0. 0. 0. 1. 0. 0. 0. 0. 0.],10.0,10000,30,0.6,10,1,10,,problem_solving
9700,0.03199394838548764,0.004801566839640194,0.4,27.994599449957654,[0.01105402 0.01780132 0.         0.         0.01917609 0.         0.01044484 0.         0.01456367 0.         0.         0.         0.         0.01041583 0.01044279 0.01046451 0.         0.         0.         0.0159008  0.         0.         0.         0.         0.         0.87973614 0.         0.         0.         0.         0.        ],[1. 1. 0. 0. 1. 0. 1. 0. 1. 0. 0. 0. 0. 1. 1. 1. 0. 0. 0. 1. 0. 0. 0. 0. 0. 1. 0. 0. 0. 0. 0.],10.0,10000,30,0.6,10,1,10,,problem_solving
9800,0.03199394838548764,0.004801566839640194,0.4,-4.3050669394190555,[0.01105402 0.01780132 0.         0.         0.01917609 0.         0.01044484 0.         0.01456367 0.         0.         0.         0.         0.01041583 0.01044279 0.01046451 0.         0.         0.         0.0159008  0.         0.         0.         0.         0.         0.87973614 0.         0.         0.         0.         0.        ],[1. 1. 0. 0. 1. 0. 1. 0. 1. 0. 0. 0. 0. 1. 1. 1. 0. 0. 0. 1. 0. 0. 0. 0. 0. 1. 0. 0. 0. 0. 0.],10.0,10000,30,0.6,10,1,10,,problem_solving
9900,0.03199394838548764,0.004801566839640194,0.4,-12.82922484735771,[0.01105402 0.01780132 0.         0.         0.01917609 0.         0.01044484 0.         0.01456367 0.         0.         0.         0.         0.01041583 0.01044279 0.01046451 0.         0.         0.         0.0159008  0.         0.         0.         0.         0.         0.87973614 0.         0.         0.         0.         0.        ],[1. 1. 0. 0. 1. 0. 1. 0. 1. 0. 0. 0. 0. 1. 1. 1. 0. 0. 0. 1. 0. 0. 0. 0. 0. 1. 0. 0. 0. 0. 0.],10.0,10000,30,0.6,10,1,10,,problem_solving
9999,0.03199394838548764,0.004801566839640194,0.4,-9.95632032879635,[0.01105402 0.01780132 0.         0.         0.01917609 0.         0.01044484 0.         0.01456367 0.         0.         0.         0.         0.01041583 0.01044279 0.01046451 0.         0.         0.         0.0159008  0.         0.         0.         0.         0.         0.87973614 0.         0.         0.         0.         0.        ],[1. 1. 0. 0. 1. 0. 1. 0. 1. 0. 0. 0. 0. 1. 1. 1. 0. 0. 0. 1. 0. 0. 0. 0. 0. 1. 0. 0. 0. 0. 0.],10.0,10000,30,0.6,10,1,10,,problem_solving
