iter,cost,return,par,move,X,Z,Q,max_iter,mem_size,mem_consider,sigma,port_n,k,seed,tag
1,0.051982476833966146,0.004255389982382993,0.4,20.30823836362618,[0.         0.01161225 0.         0.         0.89916775 0.         0.         0.         0.01038957 0.         0.         0.         0.0152272  0.         0.         0.         0.         0.         0.         0.016734   0.         0.         0.         0.         0.         0.01646577 0.         0.         0.01636912 0.01403434 0.        ],[0. 1. 0. 0. 1. 0. 0. 0. 1. 0. 0. 0. 1. 0. 0. 0. 0. 0. 0. 1. 0. 0. 0. 0. 0. 1. 0. 0. 1. 1. 0.],8.0,10000,30,0.6,10,1,8,,problem_solving
100,0.051982476833966146,0.004255389982382993,0.4,-8.14036928215749,[0.         0.01161225 0.         0.         0.89916775 0.         0.         0.         0.01038957 0.         0.         0.         0.0152272  0.         0.         0.         0.         0.         0.         0.016734   0.         0.         0.         0.         0.         0.01646577 0.         0.         0.01636912 0.01403434 0.        ],[0. 1. 0. 0. 1. 0. 0. 0. 1. 0. 0. 0. 1. 0. 0. 0. 0. 0. 0. 1. 0. 0. 0. 0. 0. 1. 0. 0. 1. 1. 0.],8.0,10000,30,0.6,10,1,8,,problem_solving
200,0.045248840734270664,0.005079406339545744,0.4,-11.281150509726531,[0.         0.         0.         0.         0.01748339 0.01528619 0.         0.         0.         0.         0.         0.         0.         0.         0.01040041 0.         0.01041003 0.         0.         0.         0.         0.         0.01044668 0.         0.         0.90483771 0.01574887 0.         0.         0.         0.01538672],[0. 0. 0. 0. 1. 1. 0. 0. 0. 0. 0. 0. 0. 0. 1. 0. 1. 0. 0. 0. 0. 0. 1. 0. 0. 1. 1. 0. 0. 0. 1.],8.0,10000,30,0.6,10,1,8,,problem_solving
300,0.045248840734270664,0.005079406339545744,0.4,14.810740188532336,[0.         0.         0.         0.         0.01748339 0.01528619 0.         0.         0.         0.         0.         0.         0.         0.         0.01040041 0.         0.01041003 0.         0.         0.         0.         0.         0.01044668 0.         0.         0.90483771 0.01574887 0.         0.         0.         0.01538672],[0. 0. 0. 0. 1. 1. 0. 0. 0. 0. 0. 0. 0. 0. 1. 0. 1. 0. 0. 0. 0. 0. 1. 0. 0. 1. 1. 0. 0. 0. 1.],8.0,10000,30,0.6,10,1,8,,problem_solving
400,0.045248840734270664,0.005079406339545744,0.4,2.3327498648330898,[0.         0.         0.         0.         0.01748339 0.01528619 0.         0.         0.         0.         0.         0.         0.         0.         0.01040041 0.         0.01041003 0.         0.         0.         0.         0.         0.01044668 0.         0.         0.90483771 0.01574887 0.         0.         0.         0.01538672],[0. 0. 0. 0. 1. 1. 0. 0. 0. 0. 0. 0. 0. 0. 1. 0. 1. 0. 0. 0. 0. 0. 1. 0. 0. 1. 1. 0. 0. 0. 1.],8.0,10000,30,0.6,10,1,8,,problem_solving
500,0.045248840734270664,0.005079406339545744,0.4,5.775999131078747,[0.         0.         0.         0.         0.01748339 0.01528619 0.         0.         0.         0.         0.         0.         0.         0.         0.01040041 0.         0.01041003 0.         0.         0.         0.         0.         0.01044668 0.         0.         0.90483771 0.01574887 0.         0.         0.         0.01538672],[0. 0. 0. 0. 1. 1. 0. 0. 0. 0. 0. 0. 0. 0. 1. 0. 1. 0. 0. 0. 0. 0. 1. 0. 0. 1. 1. 0. 0. 0. 1.],8.0,10000,30,0.6,10,1,8,,problem_solving
600,0.045248840734270664,0.005079406339545744,0.4,-16.491019118633684,[0.         0.         0.         0.         0.01748339 0.01528619 0.         0.         0.         0.         0.         0.         0.         0.         0.01040041 0.         0.01041003 0.         0.         0.         0.         0.         0.01044668 0.         0.         0.90483771 0.01574887 0.         0.         0.         0.01538672],[0. 0. 0. 0. 1. 1. 0. 0. 0. 0. 0. 0. 0. 0. 1. 0. 1. 0. 0. 0. 0. 0. 1. 0. 0. 1. 1. 0. 0. 0. 1.],8.0,10000,30,0.6,10,1,8,,problem_solving
700,0.03463243728039971,0.010152824694360829,0.4,2.0567417652921742,[0.         0.01190266 0.         0.         0.         0.01169412 0.         0.         0.         0.01710463 0.         0.         0.         0.01042289 0.         0.         0.         0.         0.         0.         0.         0.         0.         0.         0.01191161 0.90630332 0.         0.01622691 0.         0.01443386 0.        ],[0. 1. 0. 0. 0. 1. 0. 0. 0. 1. 0. 0. 0. 1. 0. 0. 0. 0. 0. 0. 0. 0. 0. 0. 1. 1. 0. 1. 0. 1. 0.],8.0,10000,30,0.6,10,1,8,,problem_solving
800,0.03463243728039971,0.010152824694360829,0.4,7.41255293558919,[0.         0.01190266 0.         0.         0.         0.01169412 0.         0.         0.         0.01710463 0.         0.         0.         0.01042289 0.         0.         0.         0.         0.         0.         0.         0.         0.         0.         0.01191161 0.90630332 0.         0.01622691 0.         0.01443386 0.        ],[0. 1. 0. 0. 0. 1. 0. 0. 0. 1. 0. 0. 0. 1. 0. 0. 0. 0. 0. 0. 0. 0. 0. 0. 1. 1. 0. 1. 0. 1. 0.],8.0,10000,30,0.6,10,1,8,,problem_solving
900,0.03463243728039971,0.010152824694360829,0.4,-9.143150404920373,[0.         0.01190266 0.         0.         0.         0.01169412 0.         0.         0.         0.01710463 0.         0.         0.         0.01042289 0.         0.         0.         0.         0.         0.         0.         0.         0.         0.         0.01191161 0.90630332 0.         0.01622691 0.         0.01443386 0.        ],[0. 1. 0. 0. 0. 1. 0. 0. 0. 1. 0. 0. 0. 1. 0. 0. 0. 0. 0. 0. 0. 0. 0. 0. 1. 1. 0. 1. 0. 1. 0.],8.0,10000,30,0.6,10,1,8,,problem_solving
1000,0.03463243728039971,0.010152824694360829,0.4,1.7984817847372474,[0.         0.01190266 0.         0.         0.         0.01169412 0.         0.         0.         0.01710463 0.         0.         0.         0.01042289 0.         0.         0.         0.         0.         0.         0.         0.         0.         0.         0.01191161 0.90630332 0.         0.01622691 0.         0.01443386 0.        ],[0. 1. 0. 0. 0. 1. 0. 0. 0. 1. 0. 0. 0. 1. 0. 0. 0. 0. 0. 0. 0. 0. 0. 0. 1. 1. 0. 1. 0. 1. 0.],8.0,10000,30,0.6,10,1,8,,problem_solving
1100,0.03071925954350663,0.009967203213398102,0.4,13.737663130006075,[0.01075139 0.         0.         0.         0.88580061 0.01520282 0.         0.         0.01695275 0.         0.01357531 0.         0.         0.01309992 0.         0.         0.02403631 0.         0.         0.         0.         0.         0.         0.         0.         0.02058088 0.         0.         0.         0.         0.        ],[1. 0. 0. 0. 1. 1. 0. 0. 1. 0. 1. 0. 0. 1. 0. 0. 1. 0. 0. 0. 0. 0. 0. 0. 0. 1. 0. 0. 0. 0. 0.],8.0,10000,30,0.6,10,1,8,,problem_solving
1200,0.03071925954350663,0.009967203213398102,0.4,-0.7911787438332114,[0.01075139 0.         0.         0.         0.88580061 0.01520282 0.         0.         0.01695275 0.         0.01357531 0.         0.         0.01309992 0.         0.         0.02403631 0.         0.         0.         0.         0.         0.         0.         0.         0.02058088 0.         0.         0.         0.         0.        ],[1. 0. 0. 0. 1. 1. 0. 0. 1. 0. 1. 0. 0. 1. 0. 0. 1. 0. 0. 0. 0. 0. 0. 0. 0. 1. 0. 0. 0. 0. 0.],8.0,10000,30,0.6,10,1,8,,problem_solving
1300,0.03071925954350663,0.009967203213398102,0.4,0.3642043453274959,[0.01075139 0.         0.         0.         0.88580061 0.01520282 0.         0.         0.01695275 0.         0.01357531 0.         0.         0.01309992 0.         0.         0.02403631 0.         0.         0.         0.         0.         0.         0.         0.         0.02058088 0.         0.         0.         0.         0.        ],[1. 0. 0. 0. 1. 1. 0. 0. 1. 0. 1. 0. 0. 1. 0. 0. 1. 0. 0. 0. 0. 0. 0. 0. 0. 1. 0. 0. 0. 0. 0.],8.0,10000,30,0.6,10,1,8,,problem_solving
1400,0.03071925954350663,0.009967203213398102,0.4,-3.5369135893521157,[0.01075139 0.         0.         0.         0.88580061 0.01520282 0.         0.         0.01695275 0.         0.01357531 0.         0.         0.01309992 0.         0.         0.02403631 0.         0.         0.         0.         0.         0.         0.         0.         0.02058088 0.         0.         0.         0.         0.        ],[1. 0. 0. 0. 1. 1. 0. 0. 1. 0. 1. 0. 0. 1. 0. 0. 1. 0. 0. 0. 0. 0. 0. 0. 0. 1. 0. 0. 0. 0. 0.],8.0,10000,30,0.6,10,1,8,,problem_solving
1500,0.03071925954350663,0.009967203213398102,0.4,-4.894272713334221,[0.01075139 0.         0.         0.         0.88580061 0.01520282 0.         0.         0.01695275 0.         0.01357531 0.         0.         0.01309992 0.         0.         0.02403631 0.         0.         0.         0.         0.         0.         0.         0.         0.02058088 0.         0.         0.         0.         0.        ],[1. 0. 0. 0. 1. 1. 0. 0. 1. 0. 1. 0. 0. 1. 0. 0. 1. 0. 0. 0. 0. 0. 0. 0. 0. 1. 0. 0. 0. 0. 0.],8.0,10000,30,0.6,10,1,8,,problem_solving
1600,0.03071925954350663,0.009967203213398102,0.4,1.9150786138672424,[0.01075139 0.         0.         0.         0.88580061 0.01520282 0.         0.         0.01695275 0.         0.01357531 0.         0.         0.01309992 0.         0.         0.02403631 0.         0.         0.         0.         0.         0.         0.         0.         0.02058088 0.         0.         0.         0.         0.        ],[1. 0. 0. 0. 1. 1. 0. 0. 1. 0. 1. 0. 0. 1. 0. 0. 1. 0. 0. 0. 0. 0. 0. 0. 0. 1. 0. 0. 0. 0. 0.],8.0,10000,30,0.6,10,1,8,,problem_solving
1700,0.03071925954350663,0.009967203213398102,0.4,7.0102636141868855,[0.01075139 0.         0.         0.         0.88580061 0.01520282 0.         0.         0.01695275 0.         0.01357531 0.         0.         0.01309992 0.         0.         0.02403631 0.         0.         0.         0.         0.         0.         0.         0.         0.02058088 0.         0.         0.         0.         0.        ],[1. 0. 0. 0. 1. 1. 0. 0. 1. 0. 1. 0. 0. 1. 0. 0. 1. 0. 0. 0. 0. 0. 0. 0. 0. 1. 0. 0. 0. 0. 0.],8.0,10000,30,0.6,10,1,8,,problem_solving
1800,0.03071925954350663,0.009967203213398102,0.4,-4.5597679222922425,[0.01075139 0.         0.         0.         0.88580061 0.01520282 0.         0.         0.01695275 0.         0.01357531 0.         0.         0.01309992 0.         0.         0.02403631 0.         0.         0.         0.         0.         0.         0.         0.         0.02058088 0.         0.         0.         0.         0.        ],[1. 0. 0. 0. 1. 1. 0. 0. 1. 0. 1. 0. 0. 1. 0. 0. 1. 0. 0. 0. 0. 0. 0. 0. 0. 1. 0. 0. 0. 0. 0.],8.0,10000,30,0.6,10,1,8,,problem_solving
1900,0.03071925954350663,0.009967203213398102,0.4,-7.3660171042258105,[0.01075139 0.         0.         0.         0.88580061 0.01520282 0.         0.         0.01695275 0.         0.01357531 0.         0.         0.01309992 0.         0.         0.02403631 0.         0.         0.         0.         0.         0.         0.         0.         0.02058088 0.         0.         0.         0.         0.        ],[1. 0. 0. 0. 1. 1. 0. 0. 1. 0. 1. 0. 0. 1. 0. 0. 1. 0. 0. 0. 0. 0. 0. 0. 0. 1. 0. 0. 0. 0. 0.],8.0,10000,30,0.6,10,1,8,,problem_solving
2000,0.03071925954350663,0.009967203213398102,0.4,0.24637715820649914,[0.01075139 0.         0.         0.         0.88580061 0.01520282 0.         0.         0.01695275 0.         0.01357531 0.         0.         0.01309992 0.         0.         0.02403631 0.         0.         0.         0.         0.         0.         0.         0.         0.02058088 0.         0.         0.         0.         0.        ],[1. 0. 0. 0. 1. 1. 0. 0. 1. 0. 1. 0. 0. 1. 0. 0. 1. 0. 0. 0. 0. 0. 0. 0. 0. 1. 0. 0. 0. 0. 0.],8.0,10000,30,0.6,10,1,8,,problem_solving
2100,0.03071925954350663,0.009967203213398102,0.4,-2.174756415175736,[0.01075139 0.         0.         0.         0.88580061 0.01520282 0.         0.         0.01695275 0.         0.01357531 0.         0.         0.01309992 0.         0.         0.02403631 0.         0.         0.         0.         0.         0.         0.         0.         0.02058088 0.         0.         0.         0.         0.        ],[1. 0. 0. 0. 1. 1. 0. 0. 1. 0. 1. 0. 0. 1. 0. 0. 1. 0. 0. 0. 0. 0. 0. 0. 0. 1. 0. 0. 0. 0. 0.],8.0,10000,30,0.6,10,1,8,,problem_solving
2200,0.03071925954350663,0.009967203213398102,0.4,4.786269725065467,[0.01075139 0.         0.         0.         0.88580061 0.01520282 0.         0.         0.01695275 0.         0.01357531 0.         0.         0.01309992 0.         0.         0.02403631 0.         0.         0.         0.         0.         0.         0.         0.         0.02058088 0.         0.         0.         0.         0.        ],[1. 0. 0. 0. 1. 1. 0. 0. 1. 0. 1. 0. 0. 1. 0. 0. 1. 0. 0. 0. 0. 0. 0. 0. 0. 1. 0. 0. 0. 0. 0.],8.0,10000,30,0.6,10,1,8,,problem_solving
2300,0.03071925954350663,0.009967203213398102,0.4,-0.6379423547771372,[0.01075139 0.         0.         0.         0.88580061 0.01520282 0.         0.         0.01695275 0.         0.01357531 0.         0.         0.01309992 0.         0.         0.02403631 0.         0.         0.         0.         0.         0.         0.         0.         0.02058088 0.         0.         0.         0.         0.        ],[1. 0. 0. 0. 1. 1. 0. 0. 1. 0. 1. 0. 0. 1. 0. 0. 1. 0. 0. 0. 0. 0. 0. 0. 0. 1. 0. 0. 0. 0. 0.],8.0,10000,30,0.6,10,1,8,,problem_solving
2400,0.03071925954350663,0.009967203213398102,0.4,-7.993908405555984,[0.01075139 0.         0.         0.         0.88580061 0.01520282 0.         0.         0.01695275 0.         0.01357531 0.         0.         0.01309992 0.         0.         0.02403631 0.         0.         0.         0.         0.         0.         0.         0.         0.02058088 0.         0.         0.         0.         0.        ],[1. 0. 0. 0. 1. 1. 0. 0. 1. 0. 1. 0. 0. 1. 0. 0. 1. 0. 0. 0. 0. 0. 0. 0. 0. 1. 0. 0. 0. 0. 0.],8.0,10000,30,0.6,10,1,8,,problem_solving
2500,0.03071925954350663,0.009967203213398102,0.4,7.031133698717652,[0.01075139 0.         0.         0.         0.88580061 0.01520282 0.         0.         0.01695275 0.         0.01357531 0.         0.         0.01309992 0.         0.         0.02403631 0.         0.         0.         0.         0.         0.         0.         0.         0.02058088 0.         0.         0.         0.         0.        ],[1. 0. 0. 0. 1. 1. 0. 0. 1. 0. 1. 0. 0. 1. 0. 0. 1. 0. 0. 0. 0. 0. 0. 0. 0. 1. 0. 0. 0. 0. 0.],8.0,10000,30,0.6,10,1,8,,problem_solving
2600,0.03071925954350663,0.009967203213398102,0.4,-6.283074731036321,[0.01075139 0.         0.         0.         0.88580061 0.01520282 0.         0.         0.01695275 0.         0.01357531 0.         0.         0.01309992 0.         0.         0.02403631 0.         0.         0.         0.         0.         0.         0.         0.         0.02058088 0.         0.         0.         0.         0.        ],[1. 0. 0. 0. 1. 1. 0. 0. 1. 0. 1. 0. 0. 1. 0. 0. 1. 0. 0. 0. 0. 0. 0. 0. 0. 1. 0. 0. 0. 0. 0.],8.0,10000,30,0.6,10,1,8,,problem_solving
2700,0.03071925954350663,0.009967203213398102,0.4,-2.7115701612324234,[0.01075139 0.         0.         0.         0.88580061 0.01520282 0.         0.         0.01695275 0.         0.01357531 0.         0.         0.01309992 0.         0.         0.02403631 0.         0.         0.         0.         0.         0.         0.         0.         0.02058088 0.         0.         0.         0.         0.        ],[1. 0. 0. 0. 1. 1. 0. 0. 1. 0. 1. 0. 0. 1. 0. 0. 1. 0. 0. 0. 0. 0. 0. 0. 0. 1. 0. 0. 0. 0. 0.],8.0,10000,30,0.6,10,1,8,,problem_solving
2800,0.03071925954350663,0.009967203213398102,0.4,7.45202235717426,[0.01075139 0.         0.         0.         0.88580061 0.01520282 0.         0.         0.01695275 0.         0.01357531 0.         0.         0.01309992 0.         0.         0.02403631 0.         0.         0.         0.         0.         0.         0.         0.         0.02058088 0.         0.         0.         0.         0.        ],[1. 0. 0. 0. 1. 1. 0. 0. 1. 0. 1. 0. 0. 1. 0. 0. 1. 0. 0. 0. 0. 0. 0. 0. 0. 1. 0. 0. 0. 0. 0.],8.0,10000,30,0.6,10,1,8,,problem_solving
2900,0.03071925954350663,0.009967203213398102,0.4,-7.037182475041837,[0.01075139 0.         0.         0.         0.88580061 0.01520282 0.         0.         0.01695275 0.         0.01357531 0.         0.         0.01309992 0.         0.         0.02403631 0.         0.         0.         0.         0.         0.         0.         0.         0.02058088 0.         0.         0.         0.         0.        ],[1. 0. 0. 0. 1. 1. 0. 0. 1. 0. 1. 0. 0. 1. 0. 0. 1. 0. 0. 0. 0. 0. 0. 0. 0. 1. 0. 0. 0. 0. 0.],8.0,10000,30,0.6,10,1,8,,problem_solving
3000,0.03071925954350663,0.009967203213398102,0.4,0.674370365792301,[0.01075139 0.         0.         0.         0.88580061 0.01520282 0.         0.         0.01695275 0.         0.01357531 0.         0.         0.01309992 0.         0.         0.02403631 0.         0.         0.         0.         0.         0.         0.         0.         0.02058088 0.         0.         0.         0.         0.        ],[1. 0. 0. 0. 1. 1. 0. 0. 1. 0. 1. 0. 0. 1. 0. 0. 1. 0. 0. 0. 0. 0. 0. 0. 0. 1. 0. 0. 0. 0. 0.],8.0,10000,30,0.6,10,1,8,,problem_solving
3100,0.03071925954350663,0.009967203213398102,0.4,-3.639111854037319,[0.01075139 0.         0.         0.         0.88580061 0.01520282 0.         0.         0.01695275 0.         0.01357531 0.         0.         0.01309992 0.         0.         0.02403631 0.         0.         0.         0.         0.         0.         0.         0.         0.02058088 0.         0.         0.         0.         0.        ],[1. 0. 0. 0. 1. 1. 0. 0. 1. 0. 1. 0. 0. 1. 0. 0. 1. 0. 0. 0. 0. 0. 0. 0. 0. 1. 0. 0. 0. 0. 0.],8.0,10000,30,0.6,10,1,8,,problem_solving
3200,0.03071925954350663,0.009967203213398102,0.4,-4.987717122035911,[0.01075139 0.         0.         0.         0.88580061 0.01520282 0.         0.         0.01695275 0.         0.01357531 0.         0.         0.01309992 0.         0.         0.02403631 0.         0.         0.         0.         0.         0.         0.         0.         0.02058088 0.         0.         0.         0.         0.        ],[1. 0. 0. 0. 1. 1. 0. 0. 1. 0. 1. 0. 0. 1. 0. 0. 1. 0. 0. 0. 0. 0. 0. 0. 0. 1. 0. 0. 0. 0. 0.],8.0,10000,30,0.6,10,1,8,,problem_solving
3300,0.03071925954350663,0.009967203213398102,0.4,4.95634574977518,[0.01075139 0.         0.         0.         0.88580061 0.01520282 0.         0.         0.01695275 0.         0.01357531 0.         0.         0.01309992 0.         0.         0.02403631 0.         0.         0.         0.         0.         0.         0.         0.         0.02058088 0.         0.         0.         0.         0.        ],[1. 0. 0. 0. 1. 1. 0. 0. 1. 0. 1. 0. 0. 1. 0. 0. 1. 0. 0. 0. 0. 0. 0. 0. 0. 1. 0. 0. 0. 0. 0.],8.0,10000,30,0.6,10,1,8,,problem_solving
3400,0.03071925954350663,0.009967203213398102,0.4,11.37015384233827,[0.01075139 0.         0.         0.         0.88580061 0.01520282 0.         0.         0.01695275 0.         0.01357531 0.         0.         0.01309992 0.         0.         0.02403631 0.         0.         0.         0.         0.         0.         0.         0.         0.02058088 0.         0.         0.         0.         0.        ],[1. 0. 0. 0. 1. 1. 0. 0. 1. 0. 1. 0. 0. 1. 0. 0. 1. 0. 0. 0. 0. 0. 0. 0. 0. 1. 0. 0. 0. 0. 0.],8.0,10000,30,0.6,10,1,8,,problem_solving
3500,0.03071925954350663,0.009967203213398102,0.4,-19.818554472159164,[0.01075139 0.         0.         0.         0.88580061 0.01520282 0.         0.         0.01695275 0.         0.01357531 0.         0.         0.01309992 0.         0.         0.02403631 0.         0.         0.         0.         0.         0.         0.         0.         0.02058088 0.         0.         0.         0.         0.        ],[1. 0. 0. 0. 1. 1. 0. 0. 1. 0. 1. 0. 0. 1. 0. 0. 1. 0. 0. 0. 0. 0. 0. 0. 0. 1. 0. 0. 0. 0. 0.],8.0,10000,30,0.6,10,1,8,,problem_solving
3600,0.03071925954350663,0.009967203213398102,0.4,7.876352129545592,[0.01075139 0.         0.         0.         0.88580061 0.01520282 0.         0.         0.01695275 0.         0.01357531 0.         0.         0.01309992 0.         0.         0.02403631 0.         0.         0.         0.         0.         0.         0.         0.         0.02058088 0.         0.         0.         0.         0.        ],[1. 0. 0. 0. 1. 1. 0. 0. 1. 0. 1. 0. 0. 1. 0. 0. 1. 0. 0. 0. 0. 0. 0. 0. 0. 1. 0. 0. 0. 0. 0.],8.0,10000,30,0.6,10,1,8,,problem_solving
3700,0.03071925954350663,0.009967203213398102,0.4,2.5652644612181525,[0.01075139 0.         0.         0.         0.88580061 0.01520282 0.         0.         0.01695275 0.         0.01357531 0.         0.         0.01309992 0.         0.         0.02403631 0.         0.         0.         0.         0.         0.         0.         0.         0.02058088 0.         0.         0.         0.         0.        ],[1. 0. 0. 0. 1. 1. 0. 0. 1. 0. 1. 0. 0. 1. 0. 0. 1. 0. 0. 0. 0. 0. 0. 0. 0. 1. 0. 0. 0. 0. 0.],8.0,10000,30,0.6,10,1,8,,problem_solving
3800,0.03071925954350663,0.009967203213398102,0.4,-15.802339877378655,[0.01075139 0.         0.         0.         0.88580061 0.01520282 0.         0.         0.01695275 0.         0.01357531 0.         0.         0.01309992 0.         0.         0.02403631 0.         0.         0.         0.         0.         0.         0.         0.         0.02058088 0.         0.         0.         0.         0.        ],[1. 0. 0. 0. 1. 1. 0. 0. 1. 0. 1. 0. 0. 1. 0. 0. 1. 0. 0. 0. 0. 0. 0. 0. 0. 1. 0. 0. 0. 0. 0.],8.0,10000,30,0.6,10,1,8,,problem_solving
3900,0.03071925954350663,0.009967203213398102,0.4,8.385834073254134,[0.01075139 0.         0.         0.         0.88580061 0.01520282 0.         0.         0.01695275 0.         0.01357531 0.         0.         0.01309992 0.         0.         0.02403631 0.         0.         0.         0.         0.         0.         0.         0.         0.02058088 0.         0.         0.         0.         0.        ],[1. 0. 0. 0. 1. 1. 0. 0. 1. 0. 1. 0. 0. 1. 0. 0. 1. 0. 0. 0. 0. 0. 0. 0. 0. 1. 0. 0. 0. 0. 0.],8.0,10000,30,0.6,10,1,8,,problem_solving
4000,0.03071925954350663,0.009967203213398102,0.4,-5.2953395493642414,[0.01075139 0.         0.         0.         0.88580061 0.01520282 0.         0.         0.01695275 0.         0.01357531 0.         0.         0.01309992 0.         0.         0.02403631 0.         0.         0.         0.         0.         0.         0.         0.         0.02058088 0.         0.         0.         0.         0.        ],[1. 0. 0. 0. 1. 1. 0. 0. 1. 0. 1. 0. 0. 1. 0. 0. 1. 0. 0. 0. 0. 0. 0. 0. 0. 1. 0. 0. 0. 0. 0.],8.0,10000,30,0.6,10,1,8,,problem_solving
4100,0.03071925954350663,0.009967203213398102,0.4,0.40454062539796687,[0.01075139 0.         0.         0.         0.88580061 0.01520282 0.         0.         0.01695275 0.         0.01357531 0.         0.         0.01309992 0.         0.         0.02403631 0.         0.         0.         0.         0.         0.         0.         0.         0.02058088 0.         0.         0.         0.         0.        ],[1. 0. 0. 0. 1. 1. 0. 0. 1. 0. 1. 0. 0. 1. 0. 0. 1. 0. 0. 0. 0. 0. 0. 0. 0. 1. 0. 0. 0. 0. 0.],8.0,10000,30,0.6,10,1,8,,problem_solving
4200,0.03071925954350663,0.009967203213398102,0.4,-5.520101753952648,[0.01075139 0.         0.         0.         0.88580061 0.01520282 0.         0.         0.01695275 0.         0.01357531 0.         0.         0.01309992 0.         0.         0.02403631 0.         0.         0.         0.         0.         0.         0.         0.         0.02058088 0.         0.         0.         0.         0.        ],[1. 0. 0. 0. 1. 1. 0. 0. 1. 0. 1. 0. 0. 1. 0. 0. 1. 0. 0. 0. 0. 0. 0. 0. 0. 1. 0. 0. 0. 0. 0.],8.0,10000,30,0.6,10,1,8,,problem_solving
4300,0.03071925954350663,0.009967203213398102,0.4,-3.112759754221988,[0.01075139 0.         0.         0.         0.88580061 0.01520282 0.         0.         0.01695275 0.         0.01357531 0.         0.         0.01309992 0.         0.         0.02403631 0.         0.         0.         0.         0.         0.         0.         0.         0.02058088 0.         0.         0.         0.         0.        ],[1. 0. 0. 0. 1. 1. 0. 0. 1. 0. 1. 0. 0. 1. 0. 0. 1. 0. 0. 0. 0. 0. 0. 0. 0. 1. 0. 0. 0. 0. 0.],8.0,10000,30,0.6,10,1,8,,problem_solving
4400,0.03071925954350663,0.009967203213398102,0.4,0.8084993884734379,[0.01075139 0.         0.         0.         0.88580061 0.01520282 0.         0.         0.01695275 0.         0.01357531 0.         0.         0.01309992 0.         0.         0.02403631 0.         0.         0.         0.         0.         0.         0.         0.         0.02058088 0.         0.         0.         0.         0.        ],[1. 0. 0. 0. 1. 1. 0. 0. 1. 0. 1. 0. 0. 1. 0. 0. 1. 0. 0. 0. 0. 0. 0. 0. 0. 1. 0. 0. 0. 0. 0.],8.0,10000,30,0.6,10,1,8,,problem_solving
4500,0.03071925954350663,0.009967203213398102,0.4,-1.1273598325130783,[0.01075139 0.         0.         0.         0.88580061 0.01520282 0.         0.         0.01695275 0.         0.01357531 0.         0.         0.01309992 0.         0.         0.02403631 0.         0.         0.         0.         0.         0.         0.         0.         0.02058088 0.         0.         0.         0.         0.        ],[1. 0. 0. 0. 1. 1. 0. 0. 1. 0. 1. 0. 0. 1. 0. 0. 1. 0. 0. 0. 0. 0. 0. 0. 0. 1. 0. 0. 0. 0. 0.],8.0,10000,30,0.6,10,1,8,,problem_solving
4600,0.03071925954350663,0.009967203213398102,0.4,7.123220204574379,[0.01075139 0.         0.         0.         0.88580061 0.01520282 0.         0.         0.01695275 0.         0.01357531 0.         0.         0.01309992 0.         0.         0.02403631 0.         0.         0.         0.         0.         0.         0.         0.         0.02058088 0.         0.         0.         0.         0.        ],[1. 0. 0. 0. 1. 1. 0. 0. 1. 0. 1. 0. 0. 1. 0. 0. 1. 0. 0. 0. 0. 0. 0. 0. 0. 1. 0. 0. 0. 0. 0.],8.0,10000,30,0.6,10,1,8,,problem_solving
4700,0.03071925954350663,0.009967203213398102,0.4,9.130851039219278,[0.01075139 0.         0.         0.         0.88580061 0.01520282 0.         0.         0.01695275 0.         0.01357531 0.         0.         0.01309992 0.         0.         0.02403631 0.         0.         0.         0.         0.         0.         0.         0.         0.02058088 0.         0.         0.         0.         0.        ],[1. 0. 0. 0. 1. 1. 0. 0. 1. 0. 1. 0. 0. 1. 0. 0. 1. 0. 0. 0. 0. 0. 0. 0. 0. 1. 0. 0. 0. 0. 0.],8.0,10000,30,0.6,10,1,8,,problem_solving
4800,0.03071925954350663,0.009967203213398102,0.4,-4.54640544727674,[0.01075139 0.         0.         0.         0.88580061 0.01520282 0.         0.         0.01695275 0.         0.01357531 0.         0.         0.01309992 0.         0.         0.02403631 0.         0.         0.         0.         0.         0.         0.         0.         0.02058088 0.         0.         0.         0.         0.        ],[1. 0. 0. 0. 1. 1. 0. 0. 1. 0. 1. 0. 0. 1. 0. 0. 1. 0. 0. 0. 0. 0. 0. 0. 0. 1. 0. 0. 0. 0. 0.],8.0,10000,30,0.6,10,1,8,,problem_solving
4900,0.03071925954350663,0.009967203213398102,0.4,-15.244480072408455,[0.01075139 0.         0.         0.         0.88580061 0.01520282 0.         0.         0.01695275 0.         0.01357531 0.         0.         0.01309992 0.         0.         0.02403631 0.         0.         0.         0.         0.         0.         0.         0.         0.02058088 0.         0.         0.         0.         0.        ],[1. 0. 0. 0. 1. 1. 0. 0. 1. 0. 1. 0. 0. 1. 0. 0. 1. 0. 0. 0. 0. 0. 0. 0. 0. 1. 0. 0. 0. 0. 0.],8.0,10000,30,0.6,10,1,8,,problem_solving
5000,0.03071925954350663,0.009967203213398102,0.4,11.101536782094247,[0.01075139 0.         0.         0.         0.88580061 0.01520282 0.         0.         0.01695275 0.         0.01357531 0.         0.         0.01309992 0.         0.         0.02403631 0.         0.         0.         0.         0.         0.         0.         0.         0.02058088 0.         0.         0.         0.         0.        ],[1. 0. 0. 0. 1. 1. 0. 0. 1. 0. 1. 0. 0. 1. 0. 0. 1. 0. 0. 0. 0. 0. 0. 0. 0. 1. 0. 0. 0. 0. 0.],8.0,10000,30,0.6,10,1,8,,problem_solving
5100,0.03071925954350663,0.009967203213398102,0.4,-8.558740829888492,[0.01075139 0.         0.         0.         0.88580061 0.01520282 0.         0.         0.01695275 0.         0.01357531 0.         0.         0.01309992 0.         0.         0.02403631 0.         0.         0.         0.         0.         0.         0.         0.         0.02058088 0.         0.         0.         0.         0.        ],[1. 0. 0. 0. 1. 1. 0. 0. 1. 0. 1. 0. 0. 1. 0. 0. 1. 0. 0. 0. 0. 0. 0. 0. 0. 1. 0. 0. 0. 0. 0.],8.0,10000,30,0.6,10,1,8,,problem_solving
5200,0.029422844478623412,0.009893531122161863,0.4,-10.482294831568966,[0.01419236 0.         0.         0.         0.88022132 0.         0.         0.         0.         0.02112037 0.01697156 0.         0.         0.         0.01437352 0.         0.         0.         0.         0.         0.         0.         0.         0.         0.         0.01079857 0.         0.02062086 0.         0.         0.02170144],[1. 0. 0. 0. 1. 0. 0. 0. 0. 1. 1. 0. 0. 0. 1. 0. 0. 0. 0. 0. 0. 0. 0. 0. 0. 1. 0. 1. 0. 0. 1.],8.0,10000,30,0.6,10,1,8,,problem_solving
5300,0.029422844478623412,0.009893531122161863,0.4,15.946406039012313,[0.01419236 0.         0.         0.         0.88022132 0.         0.         0.         0.         0.02112037 0.01697156 0.         0.         0.         0.01437352 0.         0.         0.         0.         0.         0.         0.         0.         0.         0.         0.01079857 0.         0.02062086 0.         0.         0.02170144],[1. 0. 0. 0. 1. 0. 0. 0. 0. 1. 1. 0. 0. 0. 1. 0. 0. 0. 0. 0. 0. 0. 0. 0. 0. 1. 0. 1. 0. 0. 1.],8.0,10000,30,0.6,10,1,8,,problem_solving
5400,0.029422844478623412,0.009893531122161863,0.4,-0.7930512029883653,[0.01419236 0.         0.         0.         0.88022132 0.         0.         0.         0.         0.02112037 0.01697156 0.         0.         0.         0.01437352 0.         0.         0.         0.         0.         0.         0.         0.         0.         0.         0.01079857 0.         0.02062086 0.         0.         0.02170144],[1. 0. 0. 0. 1. 0. 0. 0. 0. 1. 1. 0. 0. 0. 1. 0. 0. 0. 0. 0. 0. 0. 0. 0. 0. 1. 0. 1. 0. 0. 1.],8.0,10000,30,0.6,10,1,8,,problem_solving
5500,0.029422844478623412,0.009893531122161863,0.4,-5.801441745349618,[0.01419236 0.         0.         0.         0.88022132 0.         0.         0.         0.         0.02112037 0.01697156 0.         0.         0.         0.01437352 0.         0.         0.         0.         0.         0.         0.         0.         0.         0.         0.01079857 0.         0.02062086 0.         0.         0.02170144],[1. 0. 0. 0. 1. 0. 0. 0. 0. 1. 1. 0. 0. 0. 1. 0. 0. 0. 0. 0. 0. 0. 0. 0. 0. 1. 0. 1. 0. 0. 1.],8.0,10000,30,0.6,10,1,8,,problem_solving
5600,0.029422844478623412,0.009893531122161863,0.4,0.3904501295435748,[0.01419236 0.         0.         0.         0.88022132 0.         0.         0.         0.         0.02112037 0.01697156 0.         0.         0.         0.01437352 0.         0.         0.         0.         0.         0.         0.         0.         0.         0.         0.01079857 0.         0.02062086 0.         0.         0.02170144],[1. 0. 0. 0. 1. 0. 0. 0. 0. 1. 1. 0. 0. 0. 1. 0. 0. 0. 0. 0. 0. 0. 0. 0. 0. 1. 0. 1. 0. 0. 1.],8.0,10000,30,0.6,10,1,8,,problem_solving
5700,0.029422844478623412,0.009893531122161863,0.4,12.742681048525936,[0.01419236 0.         0.         0.         0.88022132 0.         0.         0.         0.         0.02112037 0.01697156 0.         0.         0.         0.01437352 0.         0.         0.         0.         0.         0.         0.         0.         0.         0.         0.01079857 0.         0.02062086 0.         0.         0.02170144],[1. 0. 0. 0. 1. 0. 0. 0. 0. 1. 1. 0. 0. 0. 1. 0. 0. 0. 0. 0. 0. 0. 0. 0. 0. 1. 0. 1. 0. 0. 1.],8.0,10000,30,0.6,10,1,8,,problem_solving
5800,0.029422844478623412,0.009893531122161863,0.4,1.4920267344887979,[0.01419236 0.         0.         0.         0.88022132 0.         0.         0.         0.         0.02112037 0.01697156 0.         0.         0.         0.01437352 0.         0.         0.         0.         0.         0.         0.         0.         0.         0.         0.01079857 0.         0.02062086 0.         0.         0.02170144],[1. 0. 0. 0. 1. 0. 0. 0. 0. 1. 1. 0. 0. 0. 1. 0. 0. 0. 0. 0. 0. 0. 0. 0. 0. 1. 0. 1. 0. 0. 1.],8.0,10000,30,0.6,10,1,8,,problem_solving
5900,0.027359272917681282,0.004812464014761947,0.4,-0.025809772701296883,[0.         0.         0.         0.         0.01949869 0.         0.         0.01928165 0.         0.         0.         0.         0.         0.01423721 0.         0.         0.0106721  0.         0.01233297 0.         0.         0.         0.         0.01351777 0.01462378 0.89583583 0.         0.         0.         0.         0.        ],[0. 0. 0. 0. 1. 0. 0. 1. 0. 0. 0. 0. 0. 1. 0. 0. 1. 0. 1. 0. 0. 0. 0. 1. 1. 1. 0. 0. 0. 0. 0.],8.0,10000,30,0.6,10,1,8,,problem_solving
6000,0.027359272917681282,0.004812464014761947,0.4,7.179479516553591,[0.         0.         0.         0.         0.01949869 0.         0.         0.01928165 0.         0.         0.         0.         0.         0.01423721 0.         0.         0.0106721  0.         0.01233297 0.         0.         0.         0.         0.01351777 0.01462378 0.89583583 0.         0.         0.         0.         0.        ],[0. 0. 0. 0. 1. 0. 0. 1. 0. 0. 0. 0. 0. 1. 0. 0. 1. 0. 1. 0. 0. 0. 0. 1. 1. 1. 0. 0. 0. 0. 0.],8.0,10000,30,0.6,10,1,8,,problem_solving
6100,0.027359272917681282,0.004812464014761947,0.4,13.512603836709262,[0.         0.         0.         0.         0.01949869 0.         0.         0.01928165 0.         0.         0.         0.         0.         0.01423721 0.         0.         0.0106721  0.         0.01233297 0.         0.         0.         0.         0.01351777 0.01462378 0.89583583 0.         0.         0.         0.         0.        ],[0. 0. 0. 0. 1. 0. 0. 1. 0. 0. 0. 0. 0. 1. 0. 0. 1. 0. 1. 0. 0. 0. 0. 1. 1. 1. 0. 0. 0. 0. 0.],8.0,10000,30,0.6,10,1,8,,problem_solving
6200,0.027359272917681282,0.004812464014761947,0.4,-18.381561093831877,[0.         0.         0.         0.         0.01949869 0.         0.         0.01928165 0.         0.         0.         0.         0.         0.01423721 0.         0.         0.0106721  0.         0.01233297 0.         0.         0.         0.         0.01351777 0.01462378 0.89583583 0.         0.         0.         0.         0.        ],[0. 0. 0. 0. 1. 0. 0. 1. 0. 0. 0. 0. 0. 1. 0. 0. 1. 0. 1. 0. 0. 0. 0. 1. 1. 1. 0. 0. 0. 0. 0.],8.0,10000,30,0.6,10,1,8,,problem_solving
6300,0.027359272917681282,0.004812464014761947,0.4,9.00895286684616,[0.         0.         0.         0.         0.01949869 0.         0.         0.01928165 0.         0.         0.         0.         0.         0.01423721 0.         0.         0.0106721  0.         0.01233297 0.         0.         0.         0.         0.01351777 0.01462378 0.89583583 0.         0.         0.         0.         0.        ],[0. 0. 0. 0. 1. 0. 0. 1. 0. 0. 0. 0. 0. 1. 0. 0. 1. 0. 1. 0. 0. 0. 0. 1. 1. 1. 0. 0. 0. 0. 0.],8.0,10000,30,0.6,10,1,8,,problem_solving
6400,0.027359272917681282,0.004812464014761947,0.4,-12.170192032955036,[0.         0.         0.         0.         0.01949869 0.         0.         0.01928165 0.         0.         0.         0.         0.         0.01423721 0.         0.         0.0106721  0.         0.01233297 0.         0.         0.         0.         0.01351777 0.01462378 0.89583583 0.         0.         0.         0.         0.        ],[0. 0. 0. 0. 1. 0. 0. 1. 0. 0. 0. 0. 0. 1. 0. 0. 1. 0. 1. 0. 0. 0. 0. 1. 1. 1. 0. 0. 0. 0. 0.],8.0,10000,30,0.6,10,1,8,,problem_solving
6500,0.027359272917681282,0.004812464014761947,0.4,3.694812677126156,[0.         0.         0.         0.         0.01949869 0.         0.         0.01928165 0.         0.         0.         0.         0.         0.01423721 0.         0.         0.0106721  0.         0.01233297 0.         0.         0.         0.         0.01351777 0.01462378 0.89583583 0.         0.         0.         0.         0.        ],[0. 0. 0. 0. 1. 0. 0. 1. 0. 0. 0. 0. 0. 1. 0. 0. 1. 0. 1. 0. 0. 0. 0. 1. 1. 1. 0. 0. 0. 0. 0.],8.0,10000,30,0.6,10,1,8,,problem_solving
6600,0.027359272917681282,0.004812464014761947,0.4,2.174607967507361,[0.         0.         0.         0.         0.01949869 0.         0.         0.01928165 0.         0.         0.         0.         0.         0.01423721 0.         0.         0.0106721  0.         0.01233297 0.         0.         0.         0.         0.01351777 0.01462378 0.89583583 0.         0.         0.         0.         0.        ],[0. 0. 0. 0. 1. 0. 0. 1. 0. 0. 0. 0. 0. 1. 0. 0. 1. 0. 1. 0. 0. 0. 0. 1. 1. 1. 0. 0. 0. 0. 0.],8.0,10000,30,0.6,10,1,8,,problem_solving
6700,0.027359272917681282,0.004812464014761947,0.4,6.155653598557677,[0.         0.         0.         0.         0.01949869 0.         0.         0.01928165 0.         0.         0.         0.         0.         0.01423721 0.         0.         0.0106721  0.         0.01233297 0.         0.         0.         0.         0.01351777 0.01462378 0.89583583 0.         0.         0.         0.         0.        ],[0. 0. 0. 0. 1. 0. 0. 1. 0. 0. 0. 0. 0. 1. 0. 0. 1. 0. 1. 0. 0. 0. 0. 1. 1. 1. 0. 0. 0. 0. 0.],8.0,10000,30,0.6,10,1,8,,problem_solving
6800,0.027359272917681282,0.004812464014761947,0.4,-4.595330665925256,[0.         0.         0.         0.         0.01949869 0.         0.         0.01928165 0.         0.         0.         0.         0.         0.01423721 0.         0.         0.0106721  0.         0.01233297 0.         0.         0.         0.         0.01351777 0.01462378 0.89583583 0.         0.         0.         0.         0.        ],[0. 0. 0. 0. 1. 0. 0. 1. 0. 0. 0. 0. 0. 1. 0. 0. 1. 0. 1. 0. 0. 0. 0. 1. 1. 1. 0. 0. 0. 0. 0.],8.0,10000,30,0.6,10,1,8,,problem_solving
6900,0.027359272917681282,0.004812464014761947,0.4,15.932654199243554,[0.         0.         0.         0.         0.01949869 0.         0.         0.01928165 0.         0.         0.         0.         0.         0.01423721 0.         0.         0.0106721  0.         0.01233297 0.         0.         0.         0.         0.01351777 0.01462378 0.89583583 0.         0.         0.         0.         0.        ],[0. 0. 0. 0. 1. 0. 0. 1. 0. 0. 0. 0. 0. 1. 0. 0. 1. 0. 1. 0. 0. 0. 0. 1. 1. 1. 0. 0. 0. 0. 0.],8.0,10000,30,0.6,10,1,8,,problem_solving
7000,0.027359272917681282,0.004812464014761947,0.4,-4.719229107920754,[0.         0.         0.         0.         0.01949869 0.         0.         0.01928165 0.         0.         0.         0.         0.         0.01423721 0.         0.         0.0106721  0.         0.01233297 0.         0.         0.         0.         0.01351777 0.01462378 0.89583583 0.         0.         0.         0.         0.        ],[0. 0. 0. 0. 1. 0. 0. 1. 0. 0. 0. 0. 0. 1. 0. 0. 1. 0. 1. 0. 0. 0. 0. 1. 1. 1. 0. 0. 0. 0. 0.],8.0,10000,30,0.6,10,1,8,,problem_solving
7100,0.025049687776108328,0.0047348647431465765,0.4,-21.084667257416246,[0.         0.         0.         0.         0.01748339 0.01528619 0.         0.         0.         0.         0.         0.         0.         0.         0.01040041 0.         0.01041003 0.         0.         0.         0.         0.         0.01044668 0.         0.         0.90483771 0.01574887 0.         0.         0.         0.01538672],[0. 0. 0. 0. 1. 1. 0. 0. 0. 0. 0. 0. 0. 0. 1. 0. 1. 0. 0. 0. 0. 0. 1. 0. 0. 1. 1. 0. 0. 0. 1.],8.0,10000,30,0.6,10,1,8,,problem_solving
7200,0.025049687776108328,0.0047348647431465765,0.4,5.514253701568954,[0.         0.         0.         0.         0.01748339 0.01528619 0.         0.         0.         0.         0.         0.         0.         0.         0.01040041 0.         0.01041003 0.         0.         0.         0.         0.         0.01044668 0.         0.         0.90483771 0.01574887 0.         0.         0.         0.01538672],[0. 0. 0. 0. 1. 1. 0. 0. 0. 0. 0. 0. 0. 0. 1. 0. 1. 0. 0. 0. 0. 0. 1. 0. 0. 1. 1. 0. 0. 0. 1.],8.0,10000,30,0.6,10,1,8,,problem_solving
7300,0.025049687776108328,0.0047348647431465765,0.4,18.18019754441596,[0.         0.         0.         0.         0.01748339 0.01528619 0.         0.         0.         0.         0.         0.         0.         0.         0.01040041 0.         0.01041003 0.         0.         0.         0.         0.         0.01044668 0.         0.         0.90483771 0.01574887 0.         0.         0.         0.01538672],[0. 0. 0. 0. 1. 1. 0. 0. 0. 0. 0. 0. 0. 0. 1. 0. 1. 0. 0. 0. 0. 0. 1. 0. 0. 1. 1. 0. 0. 0. 1.],8.0,10000,30,0.6,10,1,8,,problem_solving
7400,0.025049687776108328,0.0047348647431465765,0.4,10.434910362985562,[0.         0.         0.         0.         0.01748339 0.01528619 0.         0.         0.         0.         0.         0.         0.         0.         0.01040041 0.         0.01041003 0.         0.         0.         0.         0.         0.01044668 0.         0.         0.90483771 0.01574887 0.         0.         0.         0.01538672],[0. 0. 0. 0. 1. 1. 0. 0. 0. 0. 0. 0. 0. 0. 1. 0. 1. 0. 0. 0. 0. 0. 1. 0. 0. 1. 1. 0. 0. 0. 1.],8.0,10000,30,0.6,10,1,8,,problem_solving
7500,0.025049687776108328,0.0047348647431465765,0.4,-0.49188954534530216,[0.         0.         0.         0.         0.01748339 0.01528619 0.         0.         0.         0.         0.         0.         0.         0.         0.01040041 0.         0.01041003 0.         0.         0.         0.         0.         0.01044668 0.         0.         0.90483771 0.01574887 0.         0.         0.         0.01538672],[0. 0. 0. 0. 1. 1. 0. 0. 0. 0. 0. 0. 0. 0. 1. 0. 1. 0. 0. 0. 0. 0. 1. 0. 0. 1. 1. 0. 0. 0. 1.],8.0,10000,30,0.6,10,1,8,,problem_solving
7600,0.025049687776108328,0.0047348647431465765,0.4,2.4725509925924984,[0.         0.         0.         0.         0.01748339 0.01528619 0.         0.         0.         0.         0.         0.         0.         0.         0.01040041 0.         0.01041003 0.         0.         0.         0.         0.         0.01044668 0.         0.         0.90483771 0.01574887 0.         0.         0.         0.01538672],[0. 0. 0. 0. 1. 1. 0. 0. 0. 0. 0. 0. 0. 0. 1. 0. 1. 0. 0. 0. 0. 0. 1. 0. 0. 1. 1. 0. 0. 0. 1.],8.0,10000,30,0.6,10,1,8,,problem_solving
7700,0.025049687776108328,0.0047348647431465765,0.4,-6.270658906538854,[0.         0.         0.         0.         0.01748339 0.01528619 0.         0.         0.         0.         0.         0.         0.         0.         0.01040041 0.         0.01041003 0.         0.         0.         0.         0.         0.01044668 0.         0.         0.90483771 0.01574887 0.         0.         0.         0.01538672],[0. 0. 0. 0. 1. 1. 0. 0. 0. 0. 0. 0. 0. 0. 1. 0. 1. 0. 0. 0. 0. 0. 1. 0. 0. 1. 1. 0. 0. 0. 1.],8.0,10000,30,0.6,10,1,8,,problem_solving
7800,0.025049687776108328,0.0047348647431465765,0.4,-8.330574167903832,[0.         0.         0.         0.         0.01748339 0.01528619 0.         0.         0.         0.         0.         0.         0.         0.         0.01040041 0.         0.01041003 0.         0.         0.         0.         0.         0.01044668 0.         0.         0.90483771 0.01574887 0.         0.         0.         0.01538672],[0. 0. 0. 0. 1. 1. 0. 0. 0. 0. 0. 0. 0. 0. 1. 0. 1. 0. 0. 0. 0. 0. 1. 0. 0. 1. 1. 0. 0. 0. 1.],8.0,10000,30,0.6,10,1,8,,problem_solving
7900,0.025049687776108328,0.0047348647431465765,0.4,1.9431427803292125,[0.         0.         0.         0.         0.01748339 0.01528619 0.         0.         0.         0.         0.         0.         0.         0.         0.01040041 0.         0.01041003 0.         0.         0.         0.         0.         0.01044668 0.         0.         0.90483771 0.01574887 0.         0.         0.         0.01538672],[0. 0. 0. 0. 1. 1. 0. 0. 0. 0. 0. 0. 0. 0. 1. 0. 1. 0. 0. 0. 0. 0. 1. 0. 0. 1. 1. 0. 0. 0. 1.],8.0,10000,30,0.6,10,1,8,,problem_solving
8000,0.025049687776108328,0.0047348647431465765,0.4,2.616138810749788,[0.         0.         0.         0.         0.01748339 0.01528619 0.         0.         0.         0.         0.         0.         0.         0.         0.01040041 0.         0.01041003 0.         0.         0.         0.         0.         0.01044668 0.         0.         0.90483771 0.01574887 0.         0.         0.         0.01538672],[0. 0. 0. 0. 1. 1. 0. 0. 0. 0. 0. 0. 0. 0. 1. 0. 1. 0. 0. 0. 0. 0. 1. 0. 0. 1. 1. 0. 0. 0. 1.],8.0,10000,30,0.6,10,1,8,,problem_solving
8100,0.025049687776108328,0.0047348647431465765,0.4,7.60546862083475,[0.         0.         0.         0.         0.01748339 0.01528619 0.         0.         0.         0.         0.         0.         0.         0.         0.01040041 0.         0.01041003 0.         0.         0.         0.         0.         0.01044668 0.         0.         0.90483771 0.01574887 0.         0.         0.         0.01538672],[0. 0. 0. 0. 1. 1. 0. 0. 0. 0. 0. 0. 0. 0. 1. 0. 1. 0. 0. 0. 0. 0. 1. 0. 0. 1. 1. 0. 0. 0. 1.],8.0,10000,30,0.6,10,1,8,,problem_solving
8200,0.025049687776108328,0.0047348647431465765,0.4,6.378557165903402,[0.         0.         0.         0.         0.01748339 0.01528619 0.         0.         0.         0.         0.         0.         0.         0.         0.01040041 0.         0.01041003 0.         0.         0.         0.         0.         0.01044668 0.         0.         0.90483771 0.01574887 0.         0.         0.         0.01538672],[0. 0. 0. 0. 1. 1. 0. 0. 0. 0. 0. 0. 0. 0. 1. 0. 1. 0. 0. 0. 0. 0. 1. 0. 0. 1. 1. 0. 0. 0. 1.],8.0,10000,30,0.6,10,1,8,,problem_solving
8300,0.025049687776108328,0.0047348647431465765,0.4,18.001935053019814,[0.         0.         0.         0.         0.01748339 0.01528619 0.         0.         0.         0.         0.         0.         0.         0.         0.01040041 0.         0.01041003 0.         0.         0.         0.         0.         0.01044668 0.         0.         0.90483771 0.01574887 0.         0.         0.         0.01538672],[0. 0. 0. 0. 1. 1. 0. 0. 0. 0. 0. 0. 0. 0. 1. 0. 1. 0. 0. 0. 0. 0. 1. 0. 0. 1. 1. 0. 0. 0. 1.],8.0,10000,30,0.6,10,1,8,,problem_solving
8400,0.025049687776108328,0.0047348647431465765,0.4,4.5253156532910745,[0.         0.         0.         0.         0.01748339 0.01528619 0.         0.         0.         0.         0.         0.         0.         0.         0.01040041 0.         0.01041003 0.         0.         0.         0.         0.         0.01044668 0.         0.         0.90483771 0.01574887 0.         0.         0.         0.01538672],[0. 0. 0. 0. 1. 1. 0. 0. 0. 0. 0. 0. 0. 0. 1. 0. 1. 0. 0. 0. 0. 0. 1. 0. 0. 1. 1. 0. 0. 0. 1.],8.0,10000,30,0.6,10,1,8,,problem_solving
8500,0.025049687776108328,0.0047348647431465765,0.4,-16.480089930975264,[0.         0.         0.         0.         0.01748339 0.01528619 0.         0.         0.         0.         0.         0.         0.         0.         0.01040041 0.         0.01041003 0.         0.         0.         0.         0.         0.01044668 0.         0.         0.90483771 0.01574887 0.         0.         0.         0.01538672],[0. 0. 0. 0. 1. 1. 0. 0. 0. 0. 0. 0. 0. 0. 1. 0. 1. 0. 0. 0. 0. 0. 1. 0. 0. 1. 1. 0. 0. 0. 1.],8.0,10000,30,0.6,10,1,8,,problem_solving
8600,0.025049687776108328,0.0047348647431465765,0.4,11.39370357013762,[0.         0.         0.         0.         0.01748339 0.01528619 0.         0.         0.         0.         0.         0.         0.         0.         0.01040041 0.         0.01041003 0.         0.         0.         0.         0.         0.01044668 0.         0.         0.90483771 0.01574887 0.         0.         0.         0.01538672],[0. 0. 0. 0. 1. 1. 0. 0. 0. 0. 0. 0. 0. 0. 1. 0. 1. 0. 0. 0. 0. 0. 1. 0. 0. 1. 1. 0. 0. 0. 1.],8.0,10000,30,0.6,10,1,8,,problem_solving
8700,0.025049687776108328,0.0047348647431465765,0.4,-11.507553914016526,[0.         0.         0.         0.         0.01748339 0.01528619 0.         0.         0.         0.         0.         0.         0.         0.         0.01040041 0.         0.01041003 0.         0.         0.         0.         0.         0.01044668 0.         0.         0.90483771 0.01574887 0.         0.         0.         0.01538672],[0. 0. 0. 0. 1. 1. 0. 0. 0. 0. 0. 0. 0. 0. 1. 0. 1. 0. 0. 0. 0. 0. 1. 0. 0. 1. 1. 0. 0. 0. 1.],8.0,10000,30,0.6,10,1,8,,problem_solving
8800,0.025049687776108328,0.0047348647431465765,0.4,9.226191222440638,[0.         0.         0.         0.         0.01748339 0.01528619 0.         0.         0.         0.         0.         0.         0.         0.         0.01040041 0.         0.01041003 0.         0.         0.         0.         0.         0.01044668 0.         0.         0.90483771 0.01574887 0.         0.         0.         0.01538672],[0. 0. 0. 0. 1. 1. 0. 0. 0. 0. 0. 0. 0. 0. 1. 0. 1. 0. 0. 0. 0. 0. 1. 0. 0. 1. 1. 0. 0. 0. 1.],8.0,10000,30,0.6,10,1,8,,problem_solving
8900,0.025049687776108328,0.0047348647431465765,0.4,7.509787939101551,[0.         0.         0.         0.         0.01748339 0.01528619 0.         0.         0.         0.         0.         0.         0.         0.         0.01040041 0.         0.01041003 0.         0.         0.         0.         0.         0.01044668 0.         0.         0.90483771 0.01574887 0.         0.         0.         0.01538672],[0. 0. 0. 0. 1. 1. 0. 0. 0. 0. 0. 0. 0. 0. 1. 0. 1. 0. 0. 0. 0. 0. 1. 0. 0. 1. 1. 0. 0. 0. 1.],8.0,10000,30,0.6,10,1,8,,problem_solving
9000,0.025049687776108328,0.0047348647431465765,0.4,21.38166250750999,[0.         0.         0.         0.         0.01748339 0.01528619 0.         0.         0.         0.         0.         0.         0.         0.         0.01040041 0.         0.01041003 0.         0.         0.         0.         0.         0.01044668 0.         0.         0.90483771 0.01574887 0.         0.         0.         0.01538672],[0. 0. 0. 0. 1. 1. 0. 0. 0. 0. 0. 0. 0. 0. 1. 0. 1. 0. 0. 0. 0. 0. 1. 0. 0. 1. 1. 0. 0. 0. 1.],8.0,10000,30,0.6,10,1,8,,problem_solving
9100,0.024266270566960572,0.0046530813958380705,0.4,5.0164239904883345,[0.         0.         0.         0.         0.         0.         0.         0.         0.         0.         0.         0.01711926 0.         0.         0.01103044 0.         0.01816656 0.         0.0108686  0.01265888 0.0122412  0.         0.         0.         0.         0.90337493 0.         0.01454013 0.         0.         0.        ],[0. 0. 0. 0. 0. 0. 0. 0. 0. 0. 0. 1. 0. 0. 1. 0. 1. 0. 1. 1. 1. 0. 0. 0. 0. 1. 0. 1. 0. 0. 0.],8.0,10000,30,0.6,10,1,8,,problem_solving
9200,0.024266270566960572,0.0046530813958380705,0.4,1.269354077308415,[0.         0.         0.         0.         0.         0.         0.         0.         0.         0.         0.         0.01711926 0.         0.         0.01103044 0.         0.01816656 0.         0.0108686  0.01265888 0.0122412  0.         0.         0.         0.         0.90337493 0.         0.01454013 0.         0.         0.        ],[0. 0. 0. 0. 0. 0. 0. 0. 0. 0. 0. 1. 0. 0. 1. 0. 1. 0. 1. 1. 1. 0. 0. 0. 0. 1. 0. 1. 0. 0. 0.],8.0,10000,30,0.6,10,1,8,,problem_solving
9300,0.024266270566960572,0.0046530813958380705,0.4,-9.054581551475234,[0.         0.         0.         0.         0.         0.         0.         0.         0.         0.         0.         0.01711926 0.         0.         0.01103044 0.         0.01816656 0.         0.0108686  0.01265888 0.0122412  0.         0.         0.         0.         0.90337493 0.         0.01454013 0.         0.         0.        ],[0. 0. 0. 0. 0. 0. 0. 0. 0. 0. 0. 1. 0. 0. 1. 0. 1. 0. 1. 1. 1. 0. 0. 0. 0. 1. 0. 1. 0. 0. 0.],8.0,10000,30,0.6,10,1,8,,problem_solving
9400,0.024266270566960572,0.0046530813958380705,0.4,2.715020876780498,[0.         0.         0.         0.         0.         0.         0.         0.         0.         0.         0.         0.01711926 0.         0.         0.01103044 0.         0.01816656 0.         0.0108686  0.01265888 0.0122412  0.         0.         0.         0.         0.90337493 0.         0.01454013 0.         0.         0.        ],[0. 0. 0. 0. 0. 0. 0. 0. 0. 0. 0. 1. 0. 0. 1. 0. 1. 0. 1. 1. 1. 0. 0. 0. 0. 1. 0. 1. 0. 0. 0.],8.0,10000,30,0.6,10,1,8,,problem_solving
9500,0.024266270566960572,0.0046530813958380705,0.4,10.044966359625779,[0.         0.         0.         0.         0.         0.         0.         0.         0.         0.         0.         0.01711926 0.         0.         0.01103044 0.         0.01816656 0.         0.0108686  0.01265888 0.0122412  0.         0.         0.         0.         0.90337493 0.         0.01454013 0.         0.         0.        ],[0. 0. 0. 0. 0. 0. 0. 0. 0. 0. 0. 1. 0. 0. 1. 0. 1. 0. 1. 1. 1. 0. 0. 0. 0. 1. 0. 1. 0. 0. 0.],8.0,10000,30,0.6,10,1,8,,problem_solving
9600,0.024266270566960572,0.0046530813958380705,0.4,-11.653857150311815,[0.         0.         0.         0.         0.         0.         0.         0.         0.         0.         0.         0.01711926 0.         0.         0.01103044 0.         0.01816656 0.         0.0108686  0.01265888 0.0122412  0.         0.         0.         0.         0.90337493 0.         0.01454013 0.         0.         0.        ],[0. 0. 0. 0. 0. 0. 0. 0. 0. 0. 0. 1. 0. 0. 1. 0. 1. 0. 1. 1. 1. 0. 0. 0. 0. 1. 0. 1. 0. 0. 0.],8.0,10000,30,0.6,10,1,8,,problem_solving
9700,0.024266270566960572,0.0046530813958380705,0.4,3.2720982966325654,[0.         0.         0.         0.         0.         0.         0.         0.         0.         0.         0.         0.01711926 0.         0.         0.01103044 0.         0.01816656 0.         0.0108686  0.01265888 0.0122412  0.         0.         0.         0.         0.90337493 0.         0.01454013 0.         0.         0.        ],[0. 0. 0. 0. 0. 0. 0. 0. 0. 0. 0. 1. 0. 0. 1. 0. 1. 0. 1. 1. 1. 0. 0. 0. 0. 1. 0. 1. 0. 0. 0.],8.0,10000,30,0.6,10,1,8,,problem_solving
9800,0.024266270566960572,0.0046530813958380705,0.4,2.338715921539195,[0.         0.         0.         0.         0.         0.         0.         0.         0.         0.         0.         0.01711926 0.         0.         0.01103044 0.         0.01816656 0.         0.0108686  0.01265888 0.0122412  0.         0.         0.         0.         0.90337493 0.         0.01454013 0.         0.         0.        ],[0. 0. 0. 0. 0. 0. 0. 0. 0. 0. 0. 1. 0. 0. 1. 0. 1. 0. 1. 1. 1. 0. 0. 0. 0. 1. 0. 1. 0. 0. 0.],8.0,10000,30,0.6,10,1,8,,problem_solving
9900,0.024266270566960572,0.0046530813958380705,0.4,-12.434480579190701,[0.         0.         0.         0.         0.         0.         0.         0.         0.         0.         0.         0.01711926 0.         0.         0.01103044 0.         0.01816656 0.         0.0108686  0.01265888 0.0122412  0.         0.         0.         0.         0.90337493 0.         0.01454013 0.         0.         0.        ],[0. 0. 0. 0. 0. 0. 0. 0. 0. 0. 0. 1. 0. 0. 1. 0. 1. 0. 1. 1. 1. 0. 0. 0. 0. 1. 0. 1. 0. 0. 0.],8.0,10000,30,0.6,10,1,8,,problem_solving
9999,0.024266270566960572,0.0046530813958380705,0.4,-4.763854978587402,[0.         0.         0.         0.         0.         0.         0.         0.         0.         0.         0.         0.01711926 0.         0.         0.01103044 0.         0.01816656 0.         0.0108686  0.01265888 0.0122412  0.         0.         0.         0.         0.90337493 0.         0.01454013 0.         0.         0.        ],[0. 0. 0. 0. 0. 0. 0. 0. 0. 0. 0. 1. 0. 0. 1. 0. 1. 0. 1. 1. 1. 0. 0. 0. 0. 1. 0. 1. 0. 0. 0.],8.0,10000,30,0.6,10,1,8,,problem_solving
