iter,cost,return,par,move,X,Z,Q,max_iter,mem_size,mem_consider,sigma,port_n,k,seed,tag
1,0.058252735736533064,0.009692706414853227,0.4,11.251702148523888,[0.02889936 0.         0.         0.         0.9058117  0.         0.         0.02119348 0.         0.         0.         0.         0.         0.         0.         0.         0.04409546 0.         0.         0.         0.         0.         0.         0.         0.         0.         0.         0.         0.         0.         0.        ],[1. 0. 0. 0. 1. 0. 0. 1. 0. 0. 0. 0. 0. 0. 0. 0. 1. 0. 0. 0. 0. 0. 0. 0. 0. 0. 0. 0. 0. 0. 0.],4.0,1000,30,0.6,10,1,4,,problem_solving
10,0.058252735736533064,0.009692706414853227,0.4,0.1948656222777351,[0.02889936 0.         0.         0.         0.9058117  0.         0.         0.02119348 0.         0.         0.         0.         0.         0.         0.         0.         0.04409546 0.         0.         0.         0.         0.         0.         0.         0.         0.         0.         0.         0.         0.         0.        ],[1. 0. 0. 0. 1. 0. 0. 1. 0. 0. 0. 0. 0. 0. 0. 0. 1. 0. 0. 0. 0. 0. 0. 0. 0. 0. 0. 0. 0. 0. 0.],4.0,1000,30,0.6,10,1,4,,problem_solving
20,0.058252735736533064,0.009692706414853227,0.4,-4.612426774538955,[0.02889936 0.         0.         0.         0.9058117  0.         0.         0.02119348 0.         0.         0.         0.         0.         0.         0.         0.         0.04409546 0.         0.         0.         0.         0.         0.         0.         0.         0.         0.         0.         0.         0.         0.        ],[1. 0. 0. 0. 1. 0. 0. 1. 0. 0. 0. 0. 0. 0. 0. 0. 1. 0. 0. 0. 0. 0. 0. 0. 0. 0. 0. 0. 0. 0. 0.],4.0,1000,30,0.6,10,1,4,,problem_solving
30,0.058252735736533064,0.009692706414853227,0.4,-8.47711564354354,[0.02889936 0.         0.         0.         0.9058117  0.         0.         0.02119348 0.         0.         0.         0.         0.         0.         0.         0.         0.04409546 0.         0.         0.         0.         0.         0.         0.         0.         0.         0.         0.         0.         0.         0.        ],[1. 0. 0. 0. 1. 0. 0. 1. 0. 0. 0. 0. 0. 0. 0. 0. 1. 0. 0. 0. 0. 0. 0. 0. 0. 0. 0. 0. 0. 0. 0.],4.0,1000,30,0.6,10,1,4,,problem_solving
40,0.058252735736533064,0.009692706414853227,0.4,-14.550464711272609,[0.02889936 0.         0.         0.         0.9058117  0.         0.         0.02119348 0.         0.         0.         0.         0.         0.         0.         0.         0.04409546 0.         0.         0.         0.         0.         0.         0.         0.         0.         0.         0.         0.         0.         0.        ],[1. 0. 0. 0. 1. 0. 0. 1. 0. 0. 0. 0. 0. 0. 0. 0. 1. 0. 0. 0. 0. 0. 0. 0. 0. 0. 0. 0. 0. 0. 0.],4.0,1000,30,0.6,10,1,4,,problem_solving
50,0.058252735736533064,0.009692706414853227,0.4,-8.499423986888345,[0.02889936 0.         0.         0.         0.9058117  0.         0.         0.02119348 0.         0.         0.         0.         0.         0.         0.         0.         0.04409546 0.         0.         0.         0.         0.         0.         0.         0.         0.         0.         0.         0.         0.         0.        ],[1. 0. 0. 0. 1. 0. 0. 1. 0. 0. 0. 0. 0. 0. 0. 0. 1. 0. 0. 0. 0. 0. 0. 0. 0. 0. 0. 0. 0. 0. 0.],4.0,1000,30,0.6,10,1,4,,problem_solving
60,0.058252735736533064,0.009692706414853227,0.4,-13.685371647646756,[0.02889936 0.         0.         0.         0.9058117  0.         0.         0.02119348 0.         0.         0.         0.         0.         0.         0.         0.         0.04409546 0.         0.         0.         0.         0.         0.         0.         0.         0.         0.         0.         0.         0.         0.        ],[1. 0. 0. 0. 1. 0. 0. 1. 0. 0. 0. 0. 0. 0. 0. 0. 1. 0. 0. 0. 0. 0. 0. 0. 0. 0. 0. 0. 0. 0. 0.],4.0,1000,30,0.6,10,1,4,,problem_solving
70,0.058252735736533064,0.009692706414853227,0.4,2.178742164230981,[0.02889936 0.         0.         0.         0.9058117  0.         0.         0.02119348 0.         0.         0.         0.         0.         0.         0.         0.         0.04409546 0.         0.         0.         0.         0.         0.         0.         0.         0.         0.         0.         0.         0.         0.        ],[1. 0. 0. 0. 1. 0. 0. 1. 0. 0. 0. 0. 0. 0. 0. 0. 1. 0. 0. 0. 0. 0. 0. 0. 0. 0. 0. 0. 0. 0. 0.],4.0,1000,30,0.6,10,1,4,,problem_solving
80,0.058252735736533064,0.009692706414853227,0.4,-3.1576698273660417,[0.02889936 0.         0.         0.         0.9058117  0.         0.         0.02119348 0.         0.         0.         0.         0.         0.         0.         0.         0.04409546 0.         0.         0.         0.         0.         0.         0.         0.         0.         0.         0.         0.         0.         0.        ],[1. 0. 0. 0. 1. 0. 0. 1. 0. 0. 0. 0. 0. 0. 0. 0. 1. 0. 0. 0. 0. 0. 0. 0. 0. 0. 0. 0. 0. 0. 0.],4.0,1000,30,0.6,10,1,4,,problem_solving
90,0.020081066368264275,0.010263223393535843,0.4,-8.538358174800841,[0.         0.         0.         0.         0.92236011 0.         0.         0.         0.         0.         0.04049791 0.         0.         0.         0.         0.         0.         0.         0.         0.         0.         0.         0.         0.         0.01887952 0.         0.         0.         0.01826246 0.         0.        ],[0. 0. 0. 0. 1. 0. 0. 0. 0. 0. 1. 0. 0. 0. 0. 0. 0. 0. 0. 0. 0. 0. 0. 0. 1. 0. 0. 0. 1. 0. 0.],4.0,1000,30,0.6,10,1,4,,problem_solving
100,0.020081066368264275,0.010263223393535843,0.4,2.4330360574313854,[0.         0.         0.         0.         0.92236011 0.         0.         0.         0.         0.         0.04049791 0.         0.         0.         0.         0.         0.         0.         0.         0.         0.         0.         0.         0.         0.01887952 0.         0.         0.         0.01826246 0.         0.        ],[0. 0. 0. 0. 1. 0. 0. 0. 0. 0. 1. 0. 0. 0. 0. 0. 0. 0. 0. 0. 0. 0. 0. 0. 1. 0. 0. 0. 1. 0. 0.],4.0,1000,30,0.6,10,1,4,,problem_solving
110,0.020081066368264275,0.010263223393535843,0.4,-14.506173532764638,[0.         0.         0.         0.         0.92236011 0.         0.         0.         0.         0.         0.04049791 0.         0.         0.         0.         0.         0.         0.         0.         0.         0.         0.         0.         0.         0.01887952 0.         0.         0.         0.01826246 0.         0.        ],[0. 0. 0. 0. 1. 0. 0. 0. 0. 0. 1. 0. 0. 0. 0. 0. 0. 0. 0. 0. 0. 0. 0. 0. 1. 0. 0. 0. 1. 0. 0.],4.0,1000,30,0.6,10,1,4,,problem_solving
120,0.020081066368264275,0.010263223393535843,0.4,4.2376419597700385,[0.         0.         0.         0.         0.92236011 0.         0.         0.         0.         0.         0.04049791 0.         0.         0.         0.         0.         0.         0.         0.         0.         0.         0.         0.         0.         0.01887952 0.         0.         0.         0.01826246 0.         0.        ],[0. 0. 0. 0. 1. 0. 0. 0. 0. 0. 1. 0. 0. 0. 0. 0. 0. 0. 0. 0. 0. 0. 0. 0. 1. 0. 0. 0. 1. 0. 0.],4.0,1000,30,0.6,10,1,4,,problem_solving
130,0.020081066368264275,0.010263223393535843,0.4,8.82750132769491,[0.         0.         0.         0.         0.92236011 0.         0.         0.         0.         0.         0.04049791 0.         0.         0.         0.         0.         0.         0.         0.         0.         0.         0.         0.         0.         0.01887952 0.         0.         0.         0.01826246 0.         0.        ],[0. 0. 0. 0. 1. 0. 0. 0. 0. 0. 1. 0. 0. 0. 0. 0. 0. 0. 0. 0. 0. 0. 0. 0. 1. 0. 0. 0. 1. 0. 0.],4.0,1000,30,0.6,10,1,4,,problem_solving
140,0.020081066368264275,0.010263223393535843,0.4,0.6850917602286284,[0.         0.         0.         0.         0.92236011 0.         0.         0.         0.         0.         0.04049791 0.         0.         0.         0.         0.         0.         0.         0.         0.         0.         0.         0.         0.         0.01887952 0.         0.         0.         0.01826246 0.         0.        ],[0. 0. 0. 0. 1. 0. 0. 0. 0. 0. 1. 0. 0. 0. 0. 0. 0. 0. 0. 0. 0. 0. 0. 0. 1. 0. 0. 0. 1. 0. 0.],4.0,1000,30,0.6,10,1,4,,problem_solving
150,0.020081066368264275,0.010263223393535843,0.4,9.83863910519515,[0.         0.         0.         0.         0.92236011 0.         0.         0.         0.         0.         0.04049791 0.         0.         0.         0.         0.         0.         0.         0.         0.         0.         0.         0.         0.         0.01887952 0.         0.         0.         0.01826246 0.         0.        ],[0. 0. 0. 0. 1. 0. 0. 0. 0. 0. 1. 0. 0. 0. 0. 0. 0. 0. 0. 0. 0. 0. 0. 0. 1. 0. 0. 0. 1. 0. 0.],4.0,1000,30,0.6,10,1,4,,problem_solving
160,0.020081066368264275,0.010263223393535843,0.4,-8.619748146953231,[0.         0.         0.         0.         0.92236011 0.         0.         0.         0.         0.         0.04049791 0.         0.         0.         0.         0.         0.         0.         0.         0.         0.         0.         0.         0.         0.01887952 0.         0.         0.         0.01826246 0.         0.        ],[0. 0. 0. 0. 1. 0. 0. 0. 0. 0. 1. 0. 0. 0. 0. 0. 0. 0. 0. 0. 0. 0. 0. 0. 1. 0. 0. 0. 1. 0. 0.],4.0,1000,30,0.6,10,1,4,,problem_solving
170,0.020081066368264275,0.010263223393535843,0.4,5.3649298165367405,[0.         0.         0.         0.         0.92236011 0.         0.         0.         0.         0.         0.04049791 0.         0.         0.         0.         0.         0.         0.         0.         0.         0.         0.         0.         0.         0.01887952 0.         0.         0.         0.01826246 0.         0.        ],[0. 0. 0. 0. 1. 0. 0. 0. 0. 0. 1. 0. 0. 0. 0. 0. 0. 0. 0. 0. 0. 0. 0. 0. 1. 0. 0. 0. 1. 0. 0.],4.0,1000,30,0.6,10,1,4,,problem_solving
180,0.020081066368264275,0.010263223393535843,0.4,-2.8242584410117715,[0.         0.         0.         0.         0.92236011 0.         0.         0.         0.         0.         0.04049791 0.         0.         0.         0.         0.         0.         0.         0.         0.         0.         0.         0.         0.         0.01887952 0.         0.         0.         0.01826246 0.         0.        ],[0. 0. 0. 0. 1. 0. 0. 0. 0. 0. 1. 0. 0. 0. 0. 0. 0. 0. 0. 0. 0. 0. 0. 0. 1. 0. 0. 0. 1. 0. 0.],4.0,1000,30,0.6,10,1,4,,problem_solving
190,0.020081066368264275,0.010263223393535843,0.4,6.432782376619564,[0.         0.         0.         0.         0.92236011 0.         0.         0.         0.         0.         0.04049791 0.         0.         0.         0.         0.         0.         0.         0.         0.         0.         0.         0.         0.         0.01887952 0.         0.         0.         0.01826246 0.         0.        ],[0. 0. 0. 0. 1. 0. 0. 0. 0. 0. 1. 0. 0. 0. 0. 0. 0. 0. 0. 0. 0. 0. 0. 0. 1. 0. 0. 0. 1. 0. 0.],4.0,1000,30,0.6,10,1,4,,problem_solving
200,0.020081066368264275,0.010263223393535843,0.4,-11.426503827733221,[0.         0.         0.         0.         0.92236011 0.         0.         0.         0.         0.         0.04049791 0.         0.         0.         0.         0.         0.         0.         0.         0.         0.         0.         0.         0.         0.01887952 0.         0.         0.         0.01826246 0.         0.        ],[0. 0. 0. 0. 1. 0. 0. 0. 0. 0. 1. 0. 0. 0. 0. 0. 0. 0. 0. 0. 0. 0. 0. 0. 1. 0. 0. 0. 1. 0. 0.],4.0,1000,30,0.6,10,1,4,,problem_solving
210,0.020081066368264275,0.010263223393535843,0.4,0.8396395282016393,[0.         0.         0.         0.         0.92236011 0.         0.         0.         0.         0.         0.04049791 0.         0.         0.         0.         0.         0.         0.         0.         0.         0.         0.         0.         0.         0.01887952 0.         0.         0.         0.01826246 0.         0.        ],[0. 0. 0. 0. 1. 0. 0. 0. 0. 0. 1. 0. 0. 0. 0. 0. 0. 0. 0. 0. 0. 0. 0. 0. 1. 0. 0. 0. 1. 0. 0.],4.0,1000,30,0.6,10,1,4,,problem_solving
220,0.020081066368264275,0.010263223393535843,0.4,-14.078109349538142,[0.         0.         0.         0.         0.92236011 0.         0.         0.         0.         0.         0.04049791 0.         0.         0.         0.         0.         0.         0.         0.         0.         0.         0.         0.         0.         0.01887952 0.         0.         0.         0.01826246 0.         0.        ],[0. 0. 0. 0. 1. 0. 0. 0. 0. 0. 1. 0. 0. 0. 0. 0. 0. 0. 0. 0. 0. 0. 0. 0. 1. 0. 0. 0. 1. 0. 0.],4.0,1000,30,0.6,10,1,4,,problem_solving
230,0.020081066368264275,0.010263223393535843,0.4,8.017743674711737,[0.         0.         0.         0.         0.92236011 0.         0.         0.         0.         0.         0.04049791 0.         0.         0.         0.         0.         0.         0.         0.         0.         0.         0.         0.         0.         0.01887952 0.         0.         0.         0.01826246 0.         0.        ],[0. 0. 0. 0. 1. 0. 0. 0. 0. 0. 1. 0. 0. 0. 0. 0. 0. 0. 0. 0. 0. 0. 0. 0. 1. 0. 0. 0. 1. 0. 0.],4.0,1000,30,0.6,10,1,4,,problem_solving
240,0.020081066368264275,0.010263223393535843,0.4,4.047257077637173,[0.         0.         0.         0.         0.92236011 0.         0.         0.         0.         0.         0.04049791 0.         0.         0.         0.         0.         0.         0.         0.         0.         0.         0.         0.         0.         0.01887952 0.         0.         0.         0.01826246 0.         0.        ],[0. 0. 0. 0. 1. 0. 0. 0. 0. 0. 1. 0. 0. 0. 0. 0. 0. 0. 0. 0. 0. 0. 0. 0. 1. 0. 0. 0. 1. 0. 0.],4.0,1000,30,0.6,10,1,4,,problem_solving
250,0.020081066368264275,0.010263223393535843,0.4,-0.9375763822677107,[0.         0.         0.         0.         0.92236011 0.         0.         0.         0.         0.         0.04049791 0.         0.         0.         0.         0.         0.         0.         0.         0.         0.         0.         0.         0.         0.01887952 0.         0.         0.         0.01826246 0.         0.        ],[0. 0. 0. 0. 1. 0. 0. 0. 0. 0. 1. 0. 0. 0. 0. 0. 0. 0. 0. 0. 0. 0. 0. 0. 1. 0. 0. 0. 1. 0. 0.],4.0,1000,30,0.6,10,1,4,,problem_solving
260,0.020081066368264275,0.010263223393535843,0.4,-6.2185958940552934,[0.         0.         0.         0.         0.92236011 0.         0.         0.         0.         0.         0.04049791 0.         0.         0.         0.         0.         0.         0.         0.         0.         0.         0.         0.         0.         0.01887952 0.         0.         0.         0.01826246 0.         0.        ],[0. 0. 0. 0. 1. 0. 0. 0. 0. 0. 1. 0. 0. 0. 0. 0. 0. 0. 0. 0. 0. 0. 0. 0. 1. 0. 0. 0. 1. 0. 0.],4.0,1000,30,0.6,10,1,4,,problem_solving
270,0.020081066368264275,0.010263223393535843,0.4,-1.0633397800559024,[0.         0.         0.         0.         0.92236011 0.         0.         0.         0.         0.         0.04049791 0.         0.         0.         0.         0.         0.         0.         0.         0.         0.         0.         0.         0.         0.01887952 0.         0.         0.         0.01826246 0.         0.        ],[0. 0. 0. 0. 1. 0. 0. 0. 0. 0. 1. 0. 0. 0. 0. 0. 0. 0. 0. 0. 0. 0. 0. 0. 1. 0. 0. 0. 1. 0. 0.],4.0,1000,30,0.6,10,1,4,,problem_solving
280,0.020081066368264275,0.010263223393535843,0.4,0.48197343659809216,[0.         0.         0.         0.         0.92236011 0.         0.         0.         0.         0.         0.04049791 0.         0.         0.         0.         0.         0.         0.         0.         0.         0.         0.         0.         0.         0.01887952 0.         0.         0.         0.01826246 0.         0.        ],[0. 0. 0. 0. 1. 0. 0. 0. 0. 0. 1. 0. 0. 0. 0. 0. 0. 0. 0. 0. 0. 0. 0. 0. 1. 0. 0. 0. 1. 0. 0.],4.0,1000,30,0.6,10,1,4,,problem_solving
290,0.020081066368264275,0.010263223393535843,0.4,-13.405102306925805,[0.         0.         0.         0.         0.92236011 0.         0.         0.         0.         0.         0.04049791 0.         0.         0.         0.         0.         0.         0.         0.         0.         0.         0.         0.         0.         0.01887952 0.         0.         0.         0.01826246 0.         0.        ],[0. 0. 0. 0. 1. 0. 0. 0. 0. 0. 1. 0. 0. 0. 0. 0. 0. 0. 0. 0. 0. 0. 0. 0. 1. 0. 0. 0. 1. 0. 0.],4.0,1000,30,0.6,10,1,4,,problem_solving
300,0.020081066368264275,0.010263223393535843,0.4,-6.237759596831279,[0.         0.         0.         0.         0.92236011 0.         0.         0.         0.         0.         0.04049791 0.         0.         0.         0.         0.         0.         0.         0.         0.         0.         0.         0.         0.         0.01887952 0.         0.         0.         0.01826246 0.         0.        ],[0. 0. 0. 0. 1. 0. 0. 0. 0. 0. 1. 0. 0. 0. 0. 0. 0. 0. 0. 0. 0. 0. 0. 0. 1. 0. 0. 0. 1. 0. 0.],4.0,1000,30,0.6,10,1,4,,problem_solving
310,0.020081066368264275,0.010263223393535843,0.4,3.6629772485015306,[0.         0.         0.         0.         0.92236011 0.         0.         0.         0.         0.         0.04049791 0.         0.         0.         0.         0.         0.         0.         0.         0.         0.         0.         0.         0.         0.01887952 0.         0.         0.         0.01826246 0.         0.        ],[0. 0. 0. 0. 1. 0. 0. 0. 0. 0. 1. 0. 0. 0. 0. 0. 0. 0. 0. 0. 0. 0. 0. 0. 1. 0. 0. 0. 1. 0. 0.],4.0,1000,30,0.6,10,1,4,,problem_solving
320,0.020081066368264275,0.010263223393535843,0.4,-9.972765089019319,[0.         0.         0.         0.         0.92236011 0.         0.         0.         0.         0.         0.04049791 0.         0.         0.         0.         0.         0.         0.         0.         0.         0.         0.         0.         0.         0.01887952 0.         0.         0.         0.01826246 0.         0.        ],[0. 0. 0. 0. 1. 0. 0. 0. 0. 0. 1. 0. 0. 0. 0. 0. 0. 0. 0. 0. 0. 0. 0. 0. 1. 0. 0. 0. 1. 0. 0.],4.0,1000,30,0.6,10,1,4,,problem_solving
330,0.020081066368264275,0.010263223393535843,0.4,-16.366670625079646,[0.         0.         0.         0.         0.92236011 0.         0.         0.         0.         0.         0.04049791 0.         0.         0.         0.         0.         0.         0.         0.         0.         0.         0.         0.         0.         0.01887952 0.         0.         0.         0.01826246 0.         0.        ],[0. 0. 0. 0. 1. 0. 0. 0. 0. 0. 1. 0. 0. 0. 0. 0. 0. 0. 0. 0. 0. 0. 0. 0. 1. 0. 0. 0. 1. 0. 0.],4.0,1000,30,0.6,10,1,4,,problem_solving
340,0.020081066368264275,0.010263223393535843,0.4,-0.9602922260322329,[0.         0.         0.         0.         0.92236011 0.         0.         0.         0.         0.         0.04049791 0.         0.         0.         0.         0.         0.         0.         0.         0.         0.         0.         0.         0.         0.01887952 0.         0.         0.         0.01826246 0.         0.        ],[0. 0. 0. 0. 1. 0. 0. 0. 0. 0. 1. 0. 0. 0. 0. 0. 0. 0. 0. 0. 0. 0. 0. 0. 1. 0. 0. 0. 1. 0. 0.],4.0,1000,30,0.6,10,1,4,,problem_solving
350,0.020081066368264275,0.010263223393535843,0.4,-6.392756529196056,[0.         0.         0.         0.         0.92236011 0.         0.         0.         0.         0.         0.04049791 0.         0.         0.         0.         0.         0.         0.         0.         0.         0.         0.         0.         0.         0.01887952 0.         0.         0.         0.01826246 0.         0.        ],[0. 0. 0. 0. 1. 0. 0. 0. 0. 0. 1. 0. 0. 0. 0. 0. 0. 0. 0. 0. 0. 0. 0. 0. 1. 0. 0. 0. 1. 0. 0.],4.0,1000,30,0.6,10,1,4,,problem_solving
360,0.020081066368264275,0.010263223393535843,0.4,-17.548009811073076,[0.         0.         0.         0.         0.92236011 0.         0.         0.         0.         0.         0.04049791 0.         0.         0.         0.         0.         0.         0.         0.         0.         0.         0.         0.         0.         0.01887952 0.         0.         0.         0.01826246 0.         0.        ],[0. 0. 0. 0. 1. 0. 0. 0. 0. 0. 1. 0. 0. 0. 0. 0. 0. 0. 0. 0. 0. 0. 0. 0. 1. 0. 0. 0. 1. 0. 0.],4.0,1000,30,0.6,10,1,4,,problem_solving
370,0.020081066368264275,0.010263223393535843,0.4,2.870757986912248,[0.         0.         0.         0.         0.92236011 0.         0.         0.         0.         0.         0.04049791 0.         0.         0.         0.         0.         0.         0.         0.         0.         0.         0.         0.         0.         0.01887952 0.         0.         0.         0.01826246 0.         0.        ],[0. 0. 0. 0. 1. 0. 0. 0. 0. 0. 1. 0. 0. 0. 0. 0. 0. 0. 0. 0. 0. 0. 0. 0. 1. 0. 0. 0. 1. 0. 0.],4.0,1000,30,0.6,10,1,4,,problem_solving
380,0.020081066368264275,0.010263223393535843,0.4,-11.598535663286578,[0.         0.         0.         0.         0.92236011 0.         0.         0.         0.         0.         0.04049791 0.         0.         0.         0.         0.         0.         0.         0.         0.         0.         0.         0.         0.         0.01887952 0.         0.         0.         0.01826246 0.         0.        ],[0. 0. 0. 0. 1. 0. 0. 0. 0. 0. 1. 0. 0. 0. 0. 0. 0. 0. 0. 0. 0. 0. 0. 0. 1. 0. 0. 0. 1. 0. 0.],4.0,1000,30,0.6,10,1,4,,problem_solving
390,0.020081066368264275,0.010263223393535843,0.4,7.304457382896516,[0.         0.         0.         0.         0.92236011 0.         0.         0.         0.         0.         0.04049791 0.         0.         0.         0.         0.         0.         0.         0.         0.         0.         0.         0.         0.         0.01887952 0.         0.         0.         0.01826246 0.         0.        ],[0. 0. 0. 0. 1. 0. 0. 0. 0. 0. 1. 0. 0. 0. 0. 0. 0. 0. 0. 0. 0. 0. 0. 0. 1. 0. 0. 0. 1. 0. 0.],4.0,1000,30,0.6,10,1,4,,problem_solving
400,0.020081066368264275,0.010263223393535843,0.4,7.026764166178249,[0.         0.         0.         0.         0.92236011 0.         0.         0.         0.         0.         0.04049791 0.         0.         0.         0.         0.         0.         0.         0.         0.         0.         0.         0.         0.         0.01887952 0.         0.         0.         0.01826246 0.         0.        ],[0. 0. 0. 0. 1. 0. 0. 0. 0. 0. 1. 0. 0. 0. 0. 0. 0. 0. 0. 0. 0. 0. 0. 0. 1. 0. 0. 0. 1. 0. 0.],4.0,1000,30,0.6,10,1,4,,problem_solving
410,0.020081066368264275,0.010263223393535843,0.4,3.424275131240231,[0.         0.         0.         0.         0.92236011 0.         0.         0.         0.         0.         0.04049791 0.         0.         0.         0.         0.         0.         0.         0.         0.         0.         0.         0.         0.         0.01887952 0.         0.         0.         0.01826246 0.         0.        ],[0. 0. 0. 0. 1. 0. 0. 0. 0. 0. 1. 0. 0. 0. 0. 0. 0. 0. 0. 0. 0. 0. 0. 0. 1. 0. 0. 0. 1. 0. 0.],4.0,1000,30,0.6,10,1,4,,problem_solving
420,0.020081066368264275,0.010263223393535843,0.4,0.6698863106798879,[0.         0.         0.         0.         0.92236011 0.         0.         0.         0.         0.         0.04049791 0.         0.         0.         0.         0.         0.         0.         0.         0.         0.         0.         0.         0.         0.01887952 0.         0.         0.         0.01826246 0.         0.        ],[0. 0. 0. 0. 1. 0. 0. 0. 0. 0. 1. 0. 0. 0. 0. 0. 0. 0. 0. 0. 0. 0. 0. 0. 1. 0. 0. 0. 1. 0. 0.],4.0,1000,30,0.6,10,1,4,,problem_solving
430,0.020081066368264275,0.010263223393535843,0.4,-14.908071966564187,[0.         0.         0.         0.         0.92236011 0.         0.         0.         0.         0.         0.04049791 0.         0.         0.         0.         0.         0.         0.         0.         0.         0.         0.         0.         0.         0.01887952 0.         0.         0.         0.01826246 0.         0.        ],[0. 0. 0. 0. 1. 0. 0. 0. 0. 0. 1. 0. 0. 0. 0. 0. 0. 0. 0. 0. 0. 0. 0. 0. 1. 0. 0. 0. 1. 0. 0.],4.0,1000,30,0.6,10,1,4,,problem_solving
440,0.020081066368264275,0.010263223393535843,0.4,2.2080216213590944,[0.         0.         0.         0.         0.92236011 0.         0.         0.         0.         0.         0.04049791 0.         0.         0.         0.         0.         0.         0.         0.         0.         0.         0.         0.         0.         0.01887952 0.         0.         0.         0.01826246 0.         0.        ],[0. 0. 0. 0. 1. 0. 0. 0. 0. 0. 1. 0. 0. 0. 0. 0. 0. 0. 0. 0. 0. 0. 0. 0. 1. 0. 0. 0. 1. 0. 0.],4.0,1000,30,0.6,10,1,4,,problem_solving
450,0.020081066368264275,0.010263223393535843,0.4,-2.572905771843319,[0.         0.         0.         0.         0.92236011 0.         0.         0.         0.         0.         0.04049791 0.         0.         0.         0.         0.         0.         0.         0.         0.         0.         0.         0.         0.         0.01887952 0.         0.         0.         0.01826246 0.         0.        ],[0. 0. 0. 0. 1. 0. 0. 0. 0. 0. 1. 0. 0. 0. 0. 0. 0. 0. 0. 0. 0. 0. 0. 0. 1. 0. 0. 0. 1. 0. 0.],4.0,1000,30,0.6,10,1,4,,problem_solving
460,0.020081066368264275,0.010263223393535843,0.4,-7.5862836172253365,[0.         0.         0.         0.         0.92236011 0.         0.         0.         0.         0.         0.04049791 0.         0.         0.         0.         0.         0.         0.         0.         0.         0.         0.         0.         0.         0.01887952 0.         0.         0.         0.01826246 0.         0.        ],[0. 0. 0. 0. 1. 0. 0. 0. 0. 0. 1. 0. 0. 0. 0. 0. 0. 0. 0. 0. 0. 0. 0. 0. 1. 0. 0. 0. 1. 0. 0.],4.0,1000,30,0.6,10,1,4,,problem_solving
470,0.020081066368264275,0.010263223393535843,0.4,-2.0251871695275088,[0.         0.         0.         0.         0.92236011 0.         0.         0.         0.         0.         0.04049791 0.         0.         0.         0.         0.         0.         0.         0.         0.         0.         0.         0.         0.         0.01887952 0.         0.         0.         0.01826246 0.         0.        ],[0. 0. 0. 0. 1. 0. 0. 0. 0. 0. 1. 0. 0. 0. 0. 0. 0. 0. 0. 0. 0. 0. 0. 0. 1. 0. 0. 0. 1. 0. 0.],4.0,1000,30,0.6,10,1,4,,problem_solving
480,0.020081066368264275,0.010263223393535843,0.4,-13.25519925307028,[0.         0.         0.         0.         0.92236011 0.         0.         0.         0.         0.         0.04049791 0.         0.         0.         0.         0.         0.         0.         0.         0.         0.         0.         0.         0.         0.01887952 0.         0.         0.         0.01826246 0.         0.        ],[0. 0. 0. 0. 1. 0. 0. 0. 0. 0. 1. 0. 0. 0. 0. 0. 0. 0. 0. 0. 0. 0. 0. 0. 1. 0. 0. 0. 1. 0. 0.],4.0,1000,30,0.6,10,1,4,,problem_solving
490,0.020081066368264275,0.010263223393535843,0.4,-21.16603061887554,[0.         0.         0.         0.         0.92236011 0.         0.         0.         0.         0.         0.04049791 0.         0.         0.         0.         0.         0.         0.         0.         0.         0.         0.         0.         0.         0.01887952 0.         0.         0.         0.01826246 0.         0.        ],[0. 0. 0. 0. 1. 0. 0. 0. 0. 0. 1. 0. 0. 0. 0. 0. 0. 0. 0. 0. 0. 0. 0. 0. 1. 0. 0. 0. 1. 0. 0.],4.0,1000,30,0.6,10,1,4,,problem_solving
500,0.020081066368264275,0.010263223393535843,0.4,-9.890569447480724,[0.         0.         0.         0.         0.92236011 0.         0.         0.         0.         0.         0.04049791 0.         0.         0.         0.         0.         0.         0.         0.         0.         0.         0.         0.         0.         0.01887952 0.         0.         0.         0.01826246 0.         0.        ],[0. 0. 0. 0. 1. 0. 0. 0. 0. 0. 1. 0. 0. 0. 0. 0. 0. 0. 0. 0. 0. 0. 0. 0. 1. 0. 0. 0. 1. 0. 0.],4.0,1000,30,0.6,10,1,4,,problem_solving
510,0.020081066368264275,0.010263223393535843,0.4,-1.8746915153160844,[0.         0.         0.         0.         0.92236011 0.         0.         0.         0.         0.         0.04049791 0.         0.         0.         0.         0.         0.         0.         0.         0.         0.         0.         0.         0.         0.01887952 0.         0.         0.         0.01826246 0.         0.        ],[0. 0. 0. 0. 1. 0. 0. 0. 0. 0. 1. 0. 0. 0. 0. 0. 0. 0. 0. 0. 0. 0. 0. 0. 1. 0. 0. 0. 1. 0. 0.],4.0,1000,30,0.6,10,1,4,,problem_solving
520,0.020081066368264275,0.010263223393535843,0.4,8.039901300469934,[0.         0.         0.         0.         0.92236011 0.         0.         0.         0.         0.         0.04049791 0.         0.         0.         0.         0.         0.         0.         0.         0.         0.         0.         0.         0.         0.01887952 0.         0.         0.         0.01826246 0.         0.        ],[0. 0. 0. 0. 1. 0. 0. 0. 0. 0. 1. 0. 0. 0. 0. 0. 0. 0. 0. 0. 0. 0. 0. 0. 1. 0. 0. 0. 1. 0. 0.],4.0,1000,30,0.6,10,1,4,,problem_solving
530,0.020081066368264275,0.010263223393535843,0.4,0.9210178550871378,[0.         0.         0.         0.         0.92236011 0.         0.         0.         0.         0.         0.04049791 0.         0.         0.         0.         0.         0.         0.         0.         0.         0.         0.         0.         0.         0.01887952 0.         0.         0.         0.01826246 0.         0.        ],[0. 0. 0. 0. 1. 0. 0. 0. 0. 0. 1. 0. 0. 0. 0. 0. 0. 0. 0. 0. 0. 0. 0. 0. 1. 0. 0. 0. 1. 0. 0.],4.0,1000,30,0.6,10,1,4,,problem_solving
540,0.020081066368264275,0.010263223393535843,0.4,-1.1639432454311727,[0.         0.         0.         0.         0.92236011 0.         0.         0.         0.         0.         0.04049791 0.         0.         0.         0.         0.         0.         0.         0.         0.         0.         0.         0.         0.         0.01887952 0.         0.         0.         0.01826246 0.         0.        ],[0. 0. 0. 0. 1. 0. 0. 0. 0. 0. 1. 0. 0. 0. 0. 0. 0. 0. 0. 0. 0. 0. 0. 0. 1. 0. 0. 0. 1. 0. 0.],4.0,1000,30,0.6,10,1,4,,problem_solving
550,0.020081066368264275,0.010263223393535843,0.4,-16.683699492086483,[0.         0.         0.         0.         0.92236011 0.         0.         0.         0.         0.         0.04049791 0.         0.         0.         0.         0.         0.         0.         0.         0.         0.         0.         0.         0.         0.01887952 0.         0.         0.         0.01826246 0.         0.        ],[0. 0. 0. 0. 1. 0. 0. 0. 0. 0. 1. 0. 0. 0. 0. 0. 0. 0. 0. 0. 0. 0. 0. 0. 1. 0. 0. 0. 1. 0. 0.],4.0,1000,30,0.6,10,1,4,,problem_solving
560,0.020081066368264275,0.010263223393535843,0.4,5.380633812636059,[0.         0.         0.         0.         0.92236011 0.         0.         0.         0.         0.         0.04049791 0.         0.         0.         0.         0.         0.         0.         0.         0.         0.         0.         0.         0.         0.01887952 0.         0.         0.         0.01826246 0.         0.        ],[0. 0. 0. 0. 1. 0. 0. 0. 0. 0. 1. 0. 0. 0. 0. 0. 0. 0. 0. 0. 0. 0. 0. 0. 1. 0. 0. 0. 1. 0. 0.],4.0,1000,30,0.6,10,1,4,,problem_solving
570,0.020081066368264275,0.010263223393535843,0.4,-3.2943117340169223,[0.         0.         0.         0.         0.92236011 0.         0.         0.         0.         0.         0.04049791 0.         0.         0.         0.         0.         0.         0.         0.         0.         0.         0.         0.         0.         0.01887952 0.         0.         0.         0.01826246 0.         0.        ],[0. 0. 0. 0. 1. 0. 0. 0. 0. 0. 1. 0. 0. 0. 0. 0. 0. 0. 0. 0. 0. 0. 0. 0. 1. 0. 0. 0. 1. 0. 0.],4.0,1000,30,0.6,10,1,4,,problem_solving
580,0.020081066368264275,0.010263223393535843,0.4,7.179058141562004,[0.         0.         0.         0.         0.92236011 0.         0.         0.         0.         0.         0.04049791 0.         0.         0.         0.         0.         0.         0.         0.         0.         0.         0.         0.         0.         0.01887952 0.         0.         0.         0.01826246 0.         0.        ],[0. 0. 0. 0. 1. 0. 0. 0. 0. 0. 1. 0. 0. 0. 0. 0. 0. 0. 0. 0. 0. 0. 0. 0. 1. 0. 0. 0. 1. 0. 0.],4.0,1000,30,0.6,10,1,4,,problem_solving
590,0.020081066368264275,0.010263223393535843,0.4,27.654268706277602,[0.         0.         0.         0.         0.92236011 0.         0.         0.         0.         0.         0.04049791 0.         0.         0.         0.         0.         0.         0.         0.         0.         0.         0.         0.         0.         0.01887952 0.         0.         0.         0.01826246 0.         0.        ],[0. 0. 0. 0. 1. 0. 0. 0. 0. 0. 1. 0. 0. 0. 0. 0. 0. 0. 0. 0. 0. 0. 0. 0. 1. 0. 0. 0. 1. 0. 0.],4.0,1000,30,0.6,10,1,4,,problem_solving
600,0.020081066368264275,0.010263223393535843,0.4,-18.52723855596463,[0.         0.         0.         0.         0.92236011 0.         0.         0.         0.         0.         0.04049791 0.         0.         0.         0.         0.         0.         0.         0.         0.         0.         0.         0.         0.         0.01887952 0.         0.         0.         0.01826246 0.         0.        ],[0. 0. 0. 0. 1. 0. 0. 0. 0. 0. 1. 0. 0. 0. 0. 0. 0. 0. 0. 0. 0. 0. 0. 0. 1. 0. 0. 0. 1. 0. 0.],4.0,1000,30,0.6,10,1,4,,problem_solving
610,0.020081066368264275,0.010263223393535843,0.4,14.96359182150038,[0.         0.         0.         0.         0.92236011 0.         0.         0.         0.         0.         0.04049791 0.         0.         0.         0.         0.         0.         0.         0.         0.         0.         0.         0.         0.         0.01887952 0.         0.         0.         0.01826246 0.         0.        ],[0. 0. 0. 0. 1. 0. 0. 0. 0. 0. 1. 0. 0. 0. 0. 0. 0. 0. 0. 0. 0. 0. 0. 0. 1. 0. 0. 0. 1. 0. 0.],4.0,1000,30,0.6,10,1,4,,problem_solving
620,0.020081066368264275,0.010263223393535843,0.4,-17.84730713910128,[0.         0.         0.         0.         0.92236011 0.         0.         0.         0.         0.         0.04049791 0.         0.         0.         0.         0.         0.         0.         0.         0.         0.         0.         0.         0.         0.01887952 0.         0.         0.         0.01826246 0.         0.        ],[0. 0. 0. 0. 1. 0. 0. 0. 0. 0. 1. 0. 0. 0. 0. 0. 0. 0. 0. 0. 0. 0. 0. 0. 1. 0. 0. 0. 1. 0. 0.],4.0,1000,30,0.6,10,1,4,,problem_solving
630,0.020081066368264275,0.010263223393535843,0.4,0.49141964508058605,[0.         0.         0.         0.         0.92236011 0.         0.         0.         0.         0.         0.04049791 0.         0.         0.         0.         0.         0.         0.         0.         0.         0.         0.         0.         0.         0.01887952 0.         0.         0.         0.01826246 0.         0.        ],[0. 0. 0. 0. 1. 0. 0. 0. 0. 0. 1. 0. 0. 0. 0. 0. 0. 0. 0. 0. 0. 0. 0. 0. 1. 0. 0. 0. 1. 0. 0.],4.0,1000,30,0.6,10,1,4,,problem_solving
640,0.020081066368264275,0.010263223393535843,0.4,1.7985411879441249,[0.         0.         0.         0.         0.92236011 0.         0.         0.         0.         0.         0.04049791 0.         0.         0.         0.         0.         0.         0.         0.         0.         0.         0.         0.         0.         0.01887952 0.         0.         0.         0.01826246 0.         0.        ],[0. 0. 0. 0. 1. 0. 0. 0. 0. 0. 1. 0. 0. 0. 0. 0. 0. 0. 0. 0. 0. 0. 0. 0. 1. 0. 0. 0. 1. 0. 0.],4.0,1000,30,0.6,10,1,4,,problem_solving
650,0.020081066368264275,0.010263223393535843,0.4,-5.744884521849,[0.         0.         0.         0.         0.92236011 0.         0.         0.         0.         0.         0.04049791 0.         0.         0.         0.         0.         0.         0.         0.         0.         0.         0.         0.         0.         0.01887952 0.         0.         0.         0.01826246 0.         0.        ],[0. 0. 0. 0. 1. 0. 0. 0. 0. 0. 1. 0. 0. 0. 0. 0. 0. 0. 0. 0. 0. 0. 0. 0. 1. 0. 0. 0. 1. 0. 0.],4.0,1000,30,0.6,10,1,4,,problem_solving
660,0.020081066368264275,0.010263223393535843,0.4,8.240938967691205,[0.         0.         0.         0.         0.92236011 0.         0.         0.         0.         0.         0.04049791 0.         0.         0.         0.         0.         0.         0.         0.         0.         0.         0.         0.         0.         0.01887952 0.         0.         0.         0.01826246 0.         0.        ],[0. 0. 0. 0. 1. 0. 0. 0. 0. 0. 1. 0. 0. 0. 0. 0. 0. 0. 0. 0. 0. 0. 0. 0. 1. 0. 0. 0. 1. 0. 0.],4.0,1000,30,0.6,10,1,4,,problem_solving
670,0.020081066368264275,0.010263223393535843,0.4,-13.483654979916327,[0.         0.         0.         0.         0.92236011 0.         0.         0.         0.         0.         0.04049791 0.         0.         0.         0.         0.         0.         0.         0.         0.         0.         0.         0.         0.         0.01887952 0.         0.         0.         0.01826246 0.         0.        ],[0. 0. 0. 0. 1. 0. 0. 0. 0. 0. 1. 0. 0. 0. 0. 0. 0. 0. 0. 0. 0. 0. 0. 0. 1. 0. 0. 0. 1. 0. 0.],4.0,1000,30,0.6,10,1,4,,problem_solving
680,0.020081066368264275,0.010263223393535843,0.4,-2.217078355606874,[0.         0.         0.         0.         0.92236011 0.         0.         0.         0.         0.         0.04049791 0.         0.         0.         0.         0.         0.         0.         0.         0.         0.         0.         0.         0.         0.01887952 0.         0.         0.         0.01826246 0.         0.        ],[0. 0. 0. 0. 1. 0. 0. 0. 0. 0. 1. 0. 0. 0. 0. 0. 0. 0. 0. 0. 0. 0. 0. 0. 1. 0. 0. 0. 1. 0. 0.],4.0,1000,30,0.6,10,1,4,,problem_solving
690,0.020081066368264275,0.010263223393535843,0.4,4.456993798610977,[0.         0.         0.         0.         0.92236011 0.         0.         0.         0.         0.         0.04049791 0.         0.         0.         0.         0.         0.         0.         0.         0.         0.         0.         0.         0.         0.01887952 0.         0.         0.         0.01826246 0.         0.        ],[0. 0. 0. 0. 1. 0. 0. 0. 0. 0. 1. 0. 0. 0. 0. 0. 0. 0. 0. 0. 0. 0. 0. 0. 1. 0. 0. 0. 1. 0. 0.],4.0,1000,30,0.6,10,1,4,,problem_solving
700,0.020081066368264275,0.010263223393535843,0.4,1.2210404529768197,[0.         0.         0.         0.         0.92236011 0.         0.         0.         0.         0.         0.04049791 0.         0.         0.         0.         0.         0.         0.         0.         0.         0.         0.         0.         0.         0.01887952 0.         0.         0.         0.01826246 0.         0.        ],[0. 0. 0. 0. 1. 0. 0. 0. 0. 0. 1. 0. 0. 0. 0. 0. 0. 0. 0. 0. 0. 0. 0. 0. 1. 0. 0. 0. 1. 0. 0.],4.0,1000,30,0.6,10,1,4,,problem_solving
710,0.020081066368264275,0.010263223393535843,0.4,6.155708932841083,[0.         0.         0.         0.         0.92236011 0.         0.         0.         0.         0.         0.04049791 0.         0.         0.         0.         0.         0.         0.         0.         0.         0.         0.         0.         0.         0.01887952 0.         0.         0.         0.01826246 0.         0.        ],[0. 0. 0. 0. 1. 0. 0. 0. 0. 0. 1. 0. 0. 0. 0. 0. 0. 0. 0. 0. 0. 0. 0. 0. 1. 0. 0. 0. 1. 0. 0.],4.0,1000,30,0.6,10,1,4,,problem_solving
720,0.020081066368264275,0.010263223393535843,0.4,5.172050397274589,[0.         0.         0.         0.         0.92236011 0.         0.         0.         0.         0.         0.04049791 0.         0.         0.         0.         0.         0.         0.         0.         0.         0.         0.         0.         0.         0.01887952 0.         0.         0.         0.01826246 0.         0.        ],[0. 0. 0. 0. 1. 0. 0. 0. 0. 0. 1. 0. 0. 0. 0. 0. 0. 0. 0. 0. 0. 0. 0. 0. 1. 0. 0. 0. 1. 0. 0.],4.0,1000,30,0.6,10,1,4,,problem_solving
730,0.020081066368264275,0.010263223393535843,0.4,27.577601832748833,[0.         0.         0.         0.         0.92236011 0.         0.         0.         0.         0.         0.04049791 0.         0.         0.         0.         0.         0.         0.         0.         0.         0.         0.         0.         0.         0.01887952 0.         0.         0.         0.01826246 0.         0.        ],[0. 0. 0. 0. 1. 0. 0. 0. 0. 0. 1. 0. 0. 0. 0. 0. 0. 0. 0. 0. 0. 0. 0. 0. 1. 0. 0. 0. 1. 0. 0.],4.0,1000,30,0.6,10,1,4,,problem_solving
740,0.020081066368264275,0.010263223393535843,0.4,6.835708682201305,[0.         0.         0.         0.         0.92236011 0.         0.         0.         0.         0.         0.04049791 0.         0.         0.         0.         0.         0.         0.         0.         0.         0.         0.         0.         0.         0.01887952 0.         0.         0.         0.01826246 0.         0.        ],[0. 0. 0. 0. 1. 0. 0. 0. 0. 0. 1. 0. 0. 0. 0. 0. 0. 0. 0. 0. 0. 0. 0. 0. 1. 0. 0. 0. 1. 0. 0.],4.0,1000,30,0.6,10,1,4,,problem_solving
750,0.020081066368264275,0.010263223393535843,0.4,1.4560728040046875,[0.         0.         0.         0.         0.92236011 0.         0.         0.         0.         0.         0.04049791 0.         0.         0.         0.         0.         0.         0.         0.         0.         0.         0.         0.         0.         0.01887952 0.         0.         0.         0.01826246 0.         0.        ],[0. 0. 0. 0. 1. 0. 0. 0. 0. 0. 1. 0. 0. 0. 0. 0. 0. 0. 0. 0. 0. 0. 0. 0. 1. 0. 0. 0. 1. 0. 0.],4.0,1000,30,0.6,10,1,4,,problem_solving
760,0.020081066368264275,0.010263223393535843,0.4,-11.42717878918364,[0.         0.         0.         0.         0.92236011 0.         0.         0.         0.         0.         0.04049791 0.         0.         0.         0.         0.         0.         0.         0.         0.         0.         0.         0.         0.         0.01887952 0.         0.         0.         0.01826246 0.         0.        ],[0. 0. 0. 0. 1. 0. 0. 0. 0. 0. 1. 0. 0. 0. 0. 0. 0. 0. 0. 0. 0. 0. 0. 0. 1. 0. 0. 0. 1. 0. 0.],4.0,1000,30,0.6,10,1,4,,problem_solving
770,0.020081066368264275,0.010263223393535843,0.4,1.920535378737712,[0.         0.         0.         0.         0.92236011 0.         0.         0.         0.         0.         0.04049791 0.         0.         0.         0.         0.         0.         0.         0.         0.         0.         0.         0.         0.         0.01887952 0.         0.         0.         0.01826246 0.         0.        ],[0. 0. 0. 0. 1. 0. 0. 0. 0. 0. 1. 0. 0. 0. 0. 0. 0. 0. 0. 0. 0. 0. 0. 0. 1. 0. 0. 0. 1. 0. 0.],4.0,1000,30,0.6,10,1,4,,problem_solving
780,0.020081066368264275,0.010263223393535843,0.4,5.432492000944272,[0.         0.         0.         0.         0.92236011 0.         0.         0.         0.         0.         0.04049791 0.         0.         0.         0.         0.         0.         0.         0.         0.         0.         0.         0.         0.         0.01887952 0.         0.         0.         0.01826246 0.         0.        ],[0. 0. 0. 0. 1. 0. 0. 0. 0. 0. 1. 0. 0. 0. 0. 0. 0. 0. 0. 0. 0. 0. 0. 0. 1. 0. 0. 0. 1. 0. 0.],4.0,1000,30,0.6,10,1,4,,problem_solving
790,0.020081066368264275,0.010263223393535843,0.4,8.247629910081463,[0.         0.         0.         0.         0.92236011 0.         0.         0.         0.         0.         0.04049791 0.         0.         0.         0.         0.         0.         0.         0.         0.         0.         0.         0.         0.         0.01887952 0.         0.         0.         0.01826246 0.         0.        ],[0. 0. 0. 0. 1. 0. 0. 0. 0. 0. 1. 0. 0. 0. 0. 0. 0. 0. 0. 0. 0. 0. 0. 0. 1. 0. 0. 0. 1. 0. 0.],4.0,1000,30,0.6,10,1,4,,problem_solving
800,0.020081066368264275,0.010263223393535843,0.4,-9.187610026678994,[0.         0.         0.         0.         0.92236011 0.         0.         0.         0.         0.         0.04049791 0.         0.         0.         0.         0.         0.         0.         0.         0.         0.         0.         0.         0.         0.01887952 0.         0.         0.         0.01826246 0.         0.        ],[0. 0. 0. 0. 1. 0. 0. 0. 0. 0. 1. 0. 0. 0. 0. 0. 0. 0. 0. 0. 0. 0. 0. 0. 1. 0. 0. 0. 1. 0. 0.],4.0,1000,30,0.6,10,1,4,,problem_solving
810,0.020081066368264275,0.010263223393535843,0.4,-12.154258977603492,[0.         0.         0.         0.         0.92236011 0.         0.         0.         0.         0.         0.04049791 0.         0.         0.         0.         0.         0.         0.         0.         0.         0.         0.         0.         0.         0.01887952 0.         0.         0.         0.01826246 0.         0.        ],[0. 0. 0. 0. 1. 0. 0. 0. 0. 0. 1. 0. 0. 0. 0. 0. 0. 0. 0. 0. 0. 0. 0. 0. 1. 0. 0. 0. 1. 0. 0.],4.0,1000,30,0.6,10,1,4,,problem_solving
820,0.020081066368264275,0.010263223393535843,0.4,7.036623402378023,[0.         0.         0.         0.         0.92236011 0.         0.         0.         0.         0.         0.04049791 0.         0.         0.         0.         0.         0.         0.         0.         0.         0.         0.         0.         0.         0.01887952 0.         0.         0.         0.01826246 0.         0.        ],[0. 0. 0. 0. 1. 0. 0. 0. 0. 0. 1. 0. 0. 0. 0. 0. 0. 0. 0. 0. 0. 0. 0. 0. 1. 0. 0. 0. 1. 0. 0.],4.0,1000,30,0.6,10,1,4,,problem_solving
830,0.020081066368264275,0.010263223393535843,0.4,9.424245561309005,[0.         0.         0.         0.         0.92236011 0.         0.         0.         0.         0.         0.04049791 0.         0.         0.         0.         0.         0.         0.         0.         0.         0.         0.         0.         0.         0.01887952 0.         0.         0.         0.01826246 0.         0.        ],[0. 0. 0. 0. 1. 0. 0. 0. 0. 0. 1. 0. 0. 0. 0. 0. 0. 0. 0. 0. 0. 0. 0. 0. 1. 0. 0. 0. 1. 0. 0.],4.0,1000,30,0.6,10,1,4,,problem_solving
840,0.020081066368264275,0.010263223393535843,0.4,-8.567831771434815,[0.         0.         0.         0.         0.92236011 0.         0.         0.         0.         0.         0.04049791 0.         0.         0.         0.         0.         0.         0.         0.         0.         0.         0.         0.         0.         0.01887952 0.         0.         0.         0.01826246 0.         0.        ],[0. 0. 0. 0. 1. 0. 0. 0. 0. 0. 1. 0. 0. 0. 0. 0. 0. 0. 0. 0. 0. 0. 0. 0. 1. 0. 0. 0. 1. 0. 0.],4.0,1000,30,0.6,10,1,4,,problem_solving
850,0.020081066368264275,0.010263223393535843,0.4,-20.04134375558714,[0.         0.         0.         0.         0.92236011 0.         0.         0.         0.         0.         0.04049791 0.         0.         0.         0.         0.         0.         0.         0.         0.         0.         0.         0.         0.         0.01887952 0.         0.         0.         0.01826246 0.         0.        ],[0. 0. 0. 0. 1. 0. 0. 0. 0. 0. 1. 0. 0. 0. 0. 0. 0. 0. 0. 0. 0. 0. 0. 0. 1. 0. 0. 0. 1. 0. 0.],4.0,1000,30,0.6,10,1,4,,problem_solving
860,0.020081066368264275,0.010263223393535843,0.4,-5.506714045668934,[0.         0.         0.         0.         0.92236011 0.         0.         0.         0.         0.         0.04049791 0.         0.         0.         0.         0.         0.         0.         0.         0.         0.         0.         0.         0.         0.01887952 0.         0.         0.         0.01826246 0.         0.        ],[0. 0. 0. 0. 1. 0. 0. 0. 0. 0. 1. 0. 0. 0. 0. 0. 0. 0. 0. 0. 0. 0. 0. 0. 1. 0. 0. 0. 1. 0. 0.],4.0,1000,30,0.6,10,1,4,,problem_solving
870,0.020081066368264275,0.010263223393535843,0.4,-4.95705724728017,[0.         0.         0.         0.         0.92236011 0.         0.         0.         0.         0.         0.04049791 0.         0.         0.         0.         0.         0.         0.         0.         0.         0.         0.         0.         0.         0.01887952 0.         0.         0.         0.01826246 0.         0.        ],[0. 0. 0. 0. 1. 0. 0. 0. 0. 0. 1. 0. 0. 0. 0. 0. 0. 0. 0. 0. 0. 0. 0. 0. 1. 0. 0. 0. 1. 0. 0.],4.0,1000,30,0.6,10,1,4,,problem_solving
880,0.020081066368264275,0.010263223393535843,0.4,16.770845506596466,[0.         0.         0.         0.         0.92236011 0.         0.         0.         0.         0.         0.04049791 0.         0.         0.         0.         0.         0.         0.         0.         0.         0.         0.         0.         0.         0.01887952 0.         0.         0.         0.01826246 0.         0.        ],[0. 0. 0. 0. 1. 0. 0. 0. 0. 0. 1. 0. 0. 0. 0. 0. 0. 0. 0. 0. 0. 0. 0. 0. 1. 0. 0. 0. 1. 0. 0.],4.0,1000,30,0.6,10,1,4,,problem_solving
890,0.020081066368264275,0.010263223393535843,0.4,0.8696609921072795,[0.         0.         0.         0.         0.92236011 0.         0.         0.         0.         0.         0.04049791 0.         0.         0.         0.         0.         0.         0.         0.         0.         0.         0.         0.         0.         0.01887952 0.         0.         0.         0.01826246 0.         0.        ],[0. 0. 0. 0. 1. 0. 0. 0. 0. 0. 1. 0. 0. 0. 0. 0. 0. 0. 0. 0. 0. 0. 0. 0. 1. 0. 0. 0. 1. 0. 0.],4.0,1000,30,0.6,10,1,4,,problem_solving
900,0.020081066368264275,0.010263223393535843,0.4,-6.053724776537656,[0.         0.         0.         0.         0.92236011 0.         0.         0.         0.         0.         0.04049791 0.         0.         0.         0.         0.         0.         0.         0.         0.         0.         0.         0.         0.         0.01887952 0.         0.         0.         0.01826246 0.         0.        ],[0. 0. 0. 0. 1. 0. 0. 0. 0. 0. 1. 0. 0. 0. 0. 0. 0. 0. 0. 0. 0. 0. 0. 0. 1. 0. 0. 0. 1. 0. 0.],4.0,1000,30,0.6,10,1,4,,problem_solving
910,0.020081066368264275,0.010263223393535843,0.4,2.3914789214119367,[0.         0.         0.         0.         0.92236011 0.         0.         0.         0.         0.         0.04049791 0.         0.         0.         0.         0.         0.         0.         0.         0.         0.         0.         0.         0.         0.01887952 0.         0.         0.         0.01826246 0.         0.        ],[0. 0. 0. 0. 1. 0. 0. 0. 0. 0. 1. 0. 0. 0. 0. 0. 0. 0. 0. 0. 0. 0. 0. 0. 1. 0. 0. 0. 1. 0. 0.],4.0,1000,30,0.6,10,1,4,,problem_solving
920,0.020081066368264275,0.010263223393535843,0.4,13.788380875954505,[0.         0.         0.         0.         0.92236011 0.         0.         0.         0.         0.         0.04049791 0.         0.         0.         0.         0.         0.         0.         0.         0.         0.         0.         0.         0.         0.01887952 0.         0.         0.         0.01826246 0.         0.        ],[0. 0. 0. 0. 1. 0. 0. 0. 0. 0. 1. 0. 0. 0. 0. 0. 0. 0. 0. 0. 0. 0. 0. 0. 1. 0. 0. 0. 1. 0. 0.],4.0,1000,30,0.6,10,1,4,,problem_solving
930,0.020081066368264275,0.010263223393535843,0.4,0.20286265969499984,[0.         0.         0.         0.         0.92236011 0.         0.         0.         0.         0.         0.04049791 0.         0.         0.         0.         0.         0.         0.         0.         0.         0.         0.         0.         0.         0.01887952 0.         0.         0.         0.01826246 0.         0.        ],[0. 0. 0. 0. 1. 0. 0. 0. 0. 0. 1. 0. 0. 0. 0. 0. 0. 0. 0. 0. 0. 0. 0. 0. 1. 0. 0. 0. 1. 0. 0.],4.0,1000,30,0.6,10,1,4,,problem_solving
940,0.020081066368264275,0.010263223393535843,0.4,-21.491116289620518,[0.         0.         0.         0.         0.92236011 0.         0.         0.         0.         0.         0.04049791 0.         0.         0.         0.         0.         0.         0.         0.         0.         0.         0.         0.         0.         0.01887952 0.         0.         0.         0.01826246 0.         0.        ],[0. 0. 0. 0. 1. 0. 0. 0. 0. 0. 1. 0. 0. 0. 0. 0. 0. 0. 0. 0. 0. 0. 0. 0. 1. 0. 0. 0. 1. 0. 0.],4.0,1000,30,0.6,10,1,4,,problem_solving
950,0.020081066368264275,0.010263223393535843,0.4,-4.943879570633113,[0.         0.         0.         0.         0.92236011 0.         0.         0.         0.         0.         0.04049791 0.         0.         0.         0.         0.         0.         0.         0.         0.         0.         0.         0.         0.         0.01887952 0.         0.         0.         0.01826246 0.         0.        ],[0. 0. 0. 0. 1. 0. 0. 0. 0. 0. 1. 0. 0. 0. 0. 0. 0. 0. 0. 0. 0. 0. 0. 0. 1. 0. 0. 0. 1. 0. 0.],4.0,1000,30,0.6,10,1,4,,problem_solving
960,0.020081066368264275,0.010263223393535843,0.4,-16.46354895686448,[0.         0.         0.         0.         0.92236011 0.         0.         0.         0.         0.         0.04049791 0.         0.         0.         0.         0.         0.         0.         0.         0.         0.         0.         0.         0.         0.01887952 0.         0.         0.         0.01826246 0.         0.        ],[0. 0. 0. 0. 1. 0. 0. 0. 0. 0. 1. 0. 0. 0. 0. 0. 0. 0. 0. 0. 0. 0. 0. 0. 1. 0. 0. 0. 1. 0. 0.],4.0,1000,30,0.6,10,1,4,,problem_solving
970,0.020081066368264275,0.010263223393535843,0.4,3.457089780740434,[0.         0.         0.         0.         0.92236011 0.         0.         0.         0.         0.         0.04049791 0.         0.         0.         0.         0.         0.         0.         0.         0.         0.         0.         0.         0.         0.01887952 0.         0.         0.         0.01826246 0.         0.        ],[0. 0. 0. 0. 1. 0. 0. 0. 0. 0. 1. 0. 0. 0. 0. 0. 0. 0. 0. 0. 0. 0. 0. 0. 1. 0. 0. 0. 1. 0. 0.],4.0,1000,30,0.6,10,1,4,,problem_solving
980,0.020081066368264275,0.010263223393535843,0.4,-6.0404349582265136,[0.         0.         0.         0.         0.92236011 0.         0.         0.         0.         0.         0.04049791 0.         0.         0.         0.         0.         0.         0.         0.         0.         0.         0.         0.         0.         0.01887952 0.         0.         0.         0.01826246 0.         0.        ],[0. 0. 0. 0. 1. 0. 0. 0. 0. 0. 1. 0. 0. 0. 0. 0. 0. 0. 0. 0. 0. 0. 0. 0. 1. 0. 0. 0. 1. 0. 0.],4.0,1000,30,0.6,10,1,4,,problem_solving
990,0.020081066368264275,0.010263223393535843,0.4,7.484407093972188,[0.         0.         0.         0.         0.92236011 0.         0.         0.         0.         0.         0.04049791 0.         0.         0.         0.         0.         0.         0.         0.         0.         0.         0.         0.         0.         0.01887952 0.         0.         0.         0.01826246 0.         0.        ],[0. 0. 0. 0. 1. 0. 0. 0. 0. 0. 1. 0. 0. 0. 0. 0. 0. 0. 0. 0. 0. 0. 0. 0. 1. 0. 0. 0. 1. 0. 0.],4.0,1000,30,0.6,10,1,4,,problem_solving
999,0.020081066368264275,0.010263223393535843,0.4,-3.547608081047562,[0.         0.         0.         0.         0.92236011 0.         0.         0.         0.         0.         0.04049791 0.         0.         0.         0.         0.         0.         0.         0.         0.         0.         0.         0.         0.         0.01887952 0.         0.         0.         0.01826246 0.         0.        ],[0. 0. 0. 0. 1. 0. 0. 0. 0. 0. 1. 0. 0. 0. 0. 0. 0. 0. 0. 0. 0. 0. 0. 0. 1. 0. 0. 0. 1. 0. 0.],4.0,1000,30,0.6,10,1,4,,problem_solving
