iter,cost,return,par,move,X,Z,Q,max_iter,mem_size,mem_consider,sigma,port_n,k,seed,tag
1,0.009313578886351705,0.010543743618124268,0.4,-1.0455936408073838,[0.         0.         0.         0.         0.96424923 0.         0.         0.         0.         0.         0.         0.         0.         0.         0.         0.         0.         0.         0.         0.         0.         0.03575077 0.         0.         0.         0.         0.         0.         0.         0.         0.        ],[0. 0. 0. 0. 1. 0. 0. 0. 0. 0. 0. 0. 0. 0. 0. 0. 0. 0. 0. 0. 0. 1. 0. 0. 0. 0. 0. 0. 0. 0. 0.],2.0,1000,30,0.6,10,1,2,,problem_solving
10,0.009313578886351705,0.010543743618124268,0.4,-7.942177271331251,[0.         0.         0.         0.         0.96424923 0.         0.         0.         0.         0.         0.         0.         0.         0.         0.         0.         0.         0.         0.         0.         0.         0.03575077 0.         0.         0.         0.         0.         0.         0.         0.         0.        ],[0. 0. 0. 0. 1. 0. 0. 0. 0. 0. 0. 0. 0. 0. 0. 0. 0. 0. 0. 0. 0. 1. 0. 0. 0. 0. 0. 0. 0. 0. 0.],2.0,1000,30,0.6,10,1,2,,problem_solving
20,0.009313578886351705,0.010543743618124268,0.4,10.029867623629283,[0.         0.         0.         0.         0.96424923 0.         0.         0.         0.         0.         0.         0.         0.         0.         0.         0.         0.         0.         0.         0.         0.         0.03575077 0.         0.         0.         0.         0.         0.         0.         0.         0.        ],[0. 0. 0. 0. 1. 0. 0. 0. 0. 0. 0. 0. 0. 0. 0. 0. 0. 0. 0. 0. 0. 1. 0. 0. 0. 0. 0. 0. 0. 0. 0.],2.0,1000,30,0.6,10,1,2,,problem_solving
30,0.009313578886351705,0.010543743618124268,0.4,5.80516266907482,[0.         0.         0.         0.         0.96424923 0.         0.         0.         0.         0.         0.         0.         0.         0.         0.         0.         0.         0.         0.         0.         0.         0.03575077 0.         0.         0.         0.         0.         0.         0.         0.         0.        ],[0. 0. 0. 0. 1. 0. 0. 0. 0. 0. 0. 0. 0. 0. 0. 0. 0. 0. 0. 0. 0. 1. 0. 0. 0. 0. 0. 0. 0. 0. 0.],2.0,1000,30,0.6,10,1,2,,problem_solving
40,0.009313578886351705,0.010543743618124268,0.4,-7.7457756588255045,[0.         0.         0.         0.         0.96424923 0.         0.         0.         0.         0.         0.         0.         0.         0.         0.         0.         0.         0.         0.         0.         0.         0.03575077 0.         0.         0.         0.         0.         0.         0.         0.         0.        ],[0. 0. 0. 0. 1. 0. 0. 0. 0. 0. 0. 0. 0. 0. 0. 0. 0. 0. 0. 0. 0. 1. 0. 0. 0. 0. 0. 0. 0. 0. 0.],2.0,1000,30,0.6,10,1,2,,problem_solving
50,0.009313578886351705,0.010543743618124268,0.4,-2.7686042743932915,[0.         0.         0.         0.         0.96424923 0.         0.         0.         0.         0.         0.         0.         0.         0.         0.         0.         0.         0.         0.         0.         0.         0.03575077 0.         0.         0.         0.         0.         0.         0.         0.         0.        ],[0. 0. 0. 0. 1. 0. 0. 0. 0. 0. 0. 0. 0. 0. 0. 0. 0. 0. 0. 0. 0. 1. 0. 0. 0. 0. 0. 0. 0. 0. 0.],2.0,1000,30,0.6,10,1,2,,problem_solving
60,0.008197623097777842,0.010649319857916477,0.4,10.50876156529865,[0.         0.         0.         0.         0.97568979 0.         0.         0.         0.         0.         0.         0.         0.         0.         0.         0.         0.         0.         0.         0.         0.         0.         0.         0.         0.         0.         0.         0.         0.         0.02431021 0.        ],[0. 0. 0. 0. 1. 0. 0. 0. 0. 0. 0. 0. 0. 0. 0. 0. 0. 0. 0. 0. 0. 0. 0. 0. 0. 0. 0. 0. 0. 1. 0.],2.0,1000,30,0.6,10,1,2,,problem_solving
70,0.008197623097777842,0.010649319857916477,0.4,17.50069593801155,[0.         0.         0.         0.         0.97568979 0.         0.         0.         0.         0.         0.         0.         0.         0.         0.         0.         0.         0.         0.         0.         0.         0.         0.         0.         0.         0.         0.         0.         0.         0.02431021 0.        ],[0. 0. 0. 0. 1. 0. 0. 0. 0. 0. 0. 0. 0. 0. 0. 0. 0. 0. 0. 0. 0. 0. 0. 0. 0. 0. 0. 0. 0. 1. 0.],2.0,1000,30,0.6,10,1,2,,problem_solving
80,0.008197623097777842,0.010649319857916477,0.4,4.689692986479064,[0.         0.         0.         0.         0.97568979 0.         0.         0.         0.         0.         0.         0.         0.         0.         0.         0.         0.         0.         0.         0.         0.         0.         0.         0.         0.         0.         0.         0.         0.         0.02431021 0.        ],[0. 0. 0. 0. 1. 0. 0. 0. 0. 0. 0. 0. 0. 0. 0. 0. 0. 0. 0. 0. 0. 0. 0. 0. 0. 0. 0. 0. 0. 1. 0.],2.0,1000,30,0.6,10,1,2,,problem_solving
90,0.008197623097777842,0.010649319857916477,0.4,-2.430663307303779,[0.         0.         0.         0.         0.97568979 0.         0.         0.         0.         0.         0.         0.         0.         0.         0.         0.         0.         0.         0.         0.         0.         0.         0.         0.         0.         0.         0.         0.         0.         0.02431021 0.        ],[0. 0. 0. 0. 1. 0. 0. 0. 0. 0. 0. 0. 0. 0. 0. 0. 0. 0. 0. 0. 0. 0. 0. 0. 0. 0. 0. 0. 0. 1. 0.],2.0,1000,30,0.6,10,1,2,,problem_solving
100,0.008197623097777842,0.010649319857916477,0.4,15.815809934396386,[0.         0.         0.         0.         0.97568979 0.         0.         0.         0.         0.         0.         0.         0.         0.         0.         0.         0.         0.         0.         0.         0.         0.         0.         0.         0.         0.         0.         0.         0.         0.02431021 0.        ],[0. 0. 0. 0. 1. 0. 0. 0. 0. 0. 0. 0. 0. 0. 0. 0. 0. 0. 0. 0. 0. 0. 0. 0. 0. 0. 0. 0. 0. 1. 0.],2.0,1000,30,0.6,10,1,2,,problem_solving
110,0.008197623097777842,0.010649319857916477,0.4,4.74012824099137,[0.         0.         0.         0.         0.97568979 0.         0.         0.         0.         0.         0.         0.         0.         0.         0.         0.         0.         0.         0.         0.         0.         0.         0.         0.         0.         0.         0.         0.         0.         0.02431021 0.        ],[0. 0. 0. 0. 1. 0. 0. 0. 0. 0. 0. 0. 0. 0. 0. 0. 0. 0. 0. 0. 0. 0. 0. 0. 0. 0. 0. 0. 0. 1. 0.],2.0,1000,30,0.6,10,1,2,,problem_solving
120,0.008197623097777842,0.010649319857916477,0.4,4.948129345088002,[0.         0.         0.         0.         0.97568979 0.         0.         0.         0.         0.         0.         0.         0.         0.         0.         0.         0.         0.         0.         0.         0.         0.         0.         0.         0.         0.         0.         0.         0.         0.02431021 0.        ],[0. 0. 0. 0. 1. 0. 0. 0. 0. 0. 0. 0. 0. 0. 0. 0. 0. 0. 0. 0. 0. 0. 0. 0. 0. 0. 0. 0. 0. 1. 0.],2.0,1000,30,0.6,10,1,2,,problem_solving
130,0.008197623097777842,0.010649319857916477,0.4,-8.032403176338939,[0.         0.         0.         0.         0.97568979 0.         0.         0.         0.         0.         0.         0.         0.         0.         0.         0.         0.         0.         0.         0.         0.         0.         0.         0.         0.         0.         0.         0.         0.         0.02431021 0.        ],[0. 0. 0. 0. 1. 0. 0. 0. 0. 0. 0. 0. 0. 0. 0. 0. 0. 0. 0. 0. 0. 0. 0. 0. 0. 0. 0. 0. 0. 1. 0.],2.0,1000,30,0.6,10,1,2,,problem_solving
140,0.008197623097777842,0.010649319857916477,0.4,9.446961179544617,[0.         0.         0.         0.         0.97568979 0.         0.         0.         0.         0.         0.         0.         0.         0.         0.         0.         0.         0.         0.         0.         0.         0.         0.         0.         0.         0.         0.         0.         0.         0.02431021 0.        ],[0. 0. 0. 0. 1. 0. 0. 0. 0. 0. 0. 0. 0. 0. 0. 0. 0. 0. 0. 0. 0. 0. 0. 0. 0. 0. 0. 0. 0. 1. 0.],2.0,1000,30,0.6,10,1,2,,problem_solving
150,0.008197623097777842,0.010649319857916477,0.4,4.078533912446204,[0.         0.         0.         0.         0.97568979 0.         0.         0.         0.         0.         0.         0.         0.         0.         0.         0.         0.         0.         0.         0.         0.         0.         0.         0.         0.         0.         0.         0.         0.         0.02431021 0.        ],[0. 0. 0. 0. 1. 0. 0. 0. 0. 0. 0. 0. 0. 0. 0. 0. 0. 0. 0. 0. 0. 0. 0. 0. 0. 0. 0. 0. 0. 1. 0.],2.0,1000,30,0.6,10,1,2,,problem_solving
160,0.008197623097777842,0.010649319857916477,0.4,4.8367713730076165,[0.         0.         0.         0.         0.97568979 0.         0.         0.         0.         0.         0.         0.         0.         0.         0.         0.         0.         0.         0.         0.         0.         0.         0.         0.         0.         0.         0.         0.         0.         0.02431021 0.        ],[0. 0. 0. 0. 1. 0. 0. 0. 0. 0. 0. 0. 0. 0. 0. 0. 0. 0. 0. 0. 0. 0. 0. 0. 0. 0. 0. 0. 0. 1. 0.],2.0,1000,30,0.6,10,1,2,,problem_solving
170,0.008197623097777842,0.010649319857916477,0.4,1.9577498609528137,[0.         0.         0.         0.         0.97568979 0.         0.         0.         0.         0.         0.         0.         0.         0.         0.         0.         0.         0.         0.         0.         0.         0.         0.         0.         0.         0.         0.         0.         0.         0.02431021 0.        ],[0. 0. 0. 0. 1. 0. 0. 0. 0. 0. 0. 0. 0. 0. 0. 0. 0. 0. 0. 0. 0. 0. 0. 0. 0. 0. 0. 0. 0. 1. 0.],2.0,1000,30,0.6,10,1,2,,problem_solving
180,0.008197623097777842,0.010649319857916477,0.4,3.6666305268786132,[0.         0.         0.         0.         0.97568979 0.         0.         0.         0.         0.         0.         0.         0.         0.         0.         0.         0.         0.         0.         0.         0.         0.         0.         0.         0.         0.         0.         0.         0.         0.02431021 0.        ],[0. 0. 0. 0. 1. 0. 0. 0. 0. 0. 0. 0. 0. 0. 0. 0. 0. 0. 0. 0. 0. 0. 0. 0. 0. 0. 0. 0. 0. 1. 0.],2.0,1000,30,0.6,10,1,2,,problem_solving
190,0.008197623097777842,0.010649319857916477,0.4,-18.690980261345786,[0.         0.         0.         0.         0.97568979 0.         0.         0.         0.         0.         0.         0.         0.         0.         0.         0.         0.         0.         0.         0.         0.         0.         0.         0.         0.         0.         0.         0.         0.         0.02431021 0.        ],[0. 0. 0. 0. 1. 0. 0. 0. 0. 0. 0. 0. 0. 0. 0. 0. 0. 0. 0. 0. 0. 0. 0. 0. 0. 0. 0. 0. 0. 1. 0.],2.0,1000,30,0.6,10,1,2,,problem_solving
200,0.008197623097777842,0.010649319857916477,0.4,-2.3880008750687693,[0.         0.         0.         0.         0.97568979 0.         0.         0.         0.         0.         0.         0.         0.         0.         0.         0.         0.         0.         0.         0.         0.         0.         0.         0.         0.         0.         0.         0.         0.         0.02431021 0.        ],[0. 0. 0. 0. 1. 0. 0. 0. 0. 0. 0. 0. 0. 0. 0. 0. 0. 0. 0. 0. 0. 0. 0. 0. 0. 0. 0. 0. 0. 1. 0.],2.0,1000,30,0.6,10,1,2,,problem_solving
210,0.008197623097777842,0.010649319857916477,0.4,-24.881534125157224,[0.         0.         0.         0.         0.97568979 0.         0.         0.         0.         0.         0.         0.         0.         0.         0.         0.         0.         0.         0.         0.         0.         0.         0.         0.         0.         0.         0.         0.         0.         0.02431021 0.        ],[0. 0. 0. 0. 1. 0. 0. 0. 0. 0. 0. 0. 0. 0. 0. 0. 0. 0. 0. 0. 0. 0. 0. 0. 0. 0. 0. 0. 0. 1. 0.],2.0,1000,30,0.6,10,1,2,,problem_solving
220,0.008197623097777842,0.010649319857916477,0.4,5.778572069411606,[0.         0.         0.         0.         0.97568979 0.         0.         0.         0.         0.         0.         0.         0.         0.         0.         0.         0.         0.         0.         0.         0.         0.         0.         0.         0.         0.         0.         0.         0.         0.02431021 0.        ],[0. 0. 0. 0. 1. 0. 0. 0. 0. 0. 0. 0. 0. 0. 0. 0. 0. 0. 0. 0. 0. 0. 0. 0. 0. 0. 0. 0. 0. 1. 0.],2.0,1000,30,0.6,10,1,2,,problem_solving
230,0.008197623097777842,0.010649319857916477,0.4,-10.495624956516249,[0.         0.         0.         0.         0.97568979 0.         0.         0.         0.         0.         0.         0.         0.         0.         0.         0.         0.         0.         0.         0.         0.         0.         0.         0.         0.         0.         0.         0.         0.         0.02431021 0.        ],[0. 0. 0. 0. 1. 0. 0. 0. 0. 0. 0. 0. 0. 0. 0. 0. 0. 0. 0. 0. 0. 0. 0. 0. 0. 0. 0. 0. 0. 1. 0.],2.0,1000,30,0.6,10,1,2,,problem_solving
240,0.008197623097777842,0.010649319857916477,0.4,-1.4900458203654057,[0.         0.         0.         0.         0.97568979 0.         0.         0.         0.         0.         0.         0.         0.         0.         0.         0.         0.         0.         0.         0.         0.         0.         0.         0.         0.         0.         0.         0.         0.         0.02431021 0.        ],[0. 0. 0. 0. 1. 0. 0. 0. 0. 0. 0. 0. 0. 0. 0. 0. 0. 0. 0. 0. 0. 0. 0. 0. 0. 0. 0. 0. 0. 1. 0.],2.0,1000,30,0.6,10,1,2,,problem_solving
250,0.008197623097777842,0.010649319857916477,0.4,-3.0295391098117754,[0.         0.         0.         0.         0.97568979 0.         0.         0.         0.         0.         0.         0.         0.         0.         0.         0.         0.         0.         0.         0.         0.         0.         0.         0.         0.         0.         0.         0.         0.         0.02431021 0.        ],[0. 0. 0. 0. 1. 0. 0. 0. 0. 0. 0. 0. 0. 0. 0. 0. 0. 0. 0. 0. 0. 0. 0. 0. 0. 0. 0. 0. 0. 1. 0.],2.0,1000,30,0.6,10,1,2,,problem_solving
260,0.008197623097777842,0.010649319857916477,0.4,0.9280370154407853,[0.         0.         0.         0.         0.97568979 0.         0.         0.         0.         0.         0.         0.         0.         0.         0.         0.         0.         0.         0.         0.         0.         0.         0.         0.         0.         0.         0.         0.         0.         0.02431021 0.        ],[0. 0. 0. 0. 1. 0. 0. 0. 0. 0. 0. 0. 0. 0. 0. 0. 0. 0. 0. 0. 0. 0. 0. 0. 0. 0. 0. 0. 0. 1. 0.],2.0,1000,30,0.6,10,1,2,,problem_solving
270,0.008197623097777842,0.010649319857916477,0.4,4.348184150756376,[0.         0.         0.         0.         0.97568979 0.         0.         0.         0.         0.         0.         0.         0.         0.         0.         0.         0.         0.         0.         0.         0.         0.         0.         0.         0.         0.         0.         0.         0.         0.02431021 0.        ],[0. 0. 0. 0. 1. 0. 0. 0. 0. 0. 0. 0. 0. 0. 0. 0. 0. 0. 0. 0. 0. 0. 0. 0. 0. 0. 0. 0. 0. 1. 0.],2.0,1000,30,0.6,10,1,2,,problem_solving
280,0.008197623097777842,0.010649319857916477,0.4,4.303794082440257,[0.         0.         0.         0.         0.97568979 0.         0.         0.         0.         0.         0.         0.         0.         0.         0.         0.         0.         0.         0.         0.         0.         0.         0.         0.         0.         0.         0.         0.         0.         0.02431021 0.        ],[0. 0. 0. 0. 1. 0. 0. 0. 0. 0. 0. 0. 0. 0. 0. 0. 0. 0. 0. 0. 0. 0. 0. 0. 0. 0. 0. 0. 0. 1. 0.],2.0,1000,30,0.6,10,1,2,,problem_solving
290,0.008197623097777842,0.010649319857916477,0.4,-14.0948606804026,[0.         0.         0.         0.         0.97568979 0.         0.         0.         0.         0.         0.         0.         0.         0.         0.         0.         0.         0.         0.         0.         0.         0.         0.         0.         0.         0.         0.         0.         0.         0.02431021 0.        ],[0. 0. 0. 0. 1. 0. 0. 0. 0. 0. 0. 0. 0. 0. 0. 0. 0. 0. 0. 0. 0. 0. 0. 0. 0. 0. 0. 0. 0. 1. 0.],2.0,1000,30,0.6,10,1,2,,problem_solving
300,0.008197623097777842,0.010649319857916477,0.4,11.2300651732644,[0.         0.         0.         0.         0.97568979 0.         0.         0.         0.         0.         0.         0.         0.         0.         0.         0.         0.         0.         0.         0.         0.         0.         0.         0.         0.         0.         0.         0.         0.         0.02431021 0.        ],[0. 0. 0. 0. 1. 0. 0. 0. 0. 0. 0. 0. 0. 0. 0. 0. 0. 0. 0. 0. 0. 0. 0. 0. 0. 0. 0. 0. 0. 1. 0.],2.0,1000,30,0.6,10,1,2,,problem_solving
310,0.008197623097777842,0.010649319857916477,0.4,-6.205120135814565,[0.         0.         0.         0.         0.97568979 0.         0.         0.         0.         0.         0.         0.         0.         0.         0.         0.         0.         0.         0.         0.         0.         0.         0.         0.         0.         0.         0.         0.         0.         0.02431021 0.        ],[0. 0. 0. 0. 1. 0. 0. 0. 0. 0. 0. 0. 0. 0. 0. 0. 0. 0. 0. 0. 0. 0. 0. 0. 0. 0. 0. 0. 0. 1. 0.],2.0,1000,30,0.6,10,1,2,,problem_solving
320,0.008197623097777842,0.010649319857916477,0.4,5.845718887456487,[0.         0.         0.         0.         0.97568979 0.         0.         0.         0.         0.         0.         0.         0.         0.         0.         0.         0.         0.         0.         0.         0.         0.         0.         0.         0.         0.         0.         0.         0.         0.02431021 0.        ],[0. 0. 0. 0. 1. 0. 0. 0. 0. 0. 0. 0. 0. 0. 0. 0. 0. 0. 0. 0. 0. 0. 0. 0. 0. 0. 0. 0. 0. 1. 0.],2.0,1000,30,0.6,10,1,2,,problem_solving
330,0.008197623097777842,0.010649319857916477,0.4,0.4796756879640108,[0.         0.         0.         0.         0.97568979 0.         0.         0.         0.         0.         0.         0.         0.         0.         0.         0.         0.         0.         0.         0.         0.         0.         0.         0.         0.         0.         0.         0.         0.         0.02431021 0.        ],[0. 0. 0. 0. 1. 0. 0. 0. 0. 0. 0. 0. 0. 0. 0. 0. 0. 0. 0. 0. 0. 0. 0. 0. 0. 0. 0. 0. 0. 1. 0.],2.0,1000,30,0.6,10,1,2,,problem_solving
340,0.008197623097777842,0.010649319857916477,0.4,17.32445868317122,[0.         0.         0.         0.         0.97568979 0.         0.         0.         0.         0.         0.         0.         0.         0.         0.         0.         0.         0.         0.         0.         0.         0.         0.         0.         0.         0.         0.         0.         0.         0.02431021 0.        ],[0. 0. 0. 0. 1. 0. 0. 0. 0. 0. 0. 0. 0. 0. 0. 0. 0. 0. 0. 0. 0. 0. 0. 0. 0. 0. 0. 0. 0. 1. 0.],2.0,1000,30,0.6,10,1,2,,problem_solving
350,0.008197623097777842,0.010649319857916477,0.4,5.1350905899380095,[0.         0.         0.         0.         0.97568979 0.         0.         0.         0.         0.         0.         0.         0.         0.         0.         0.         0.         0.         0.         0.         0.         0.         0.         0.         0.         0.         0.         0.         0.         0.02431021 0.        ],[0. 0. 0. 0. 1. 0. 0. 0. 0. 0. 0. 0. 0. 0. 0. 0. 0. 0. 0. 0. 0. 0. 0. 0. 0. 0. 0. 0. 0. 1. 0.],2.0,1000,30,0.6,10,1,2,,problem_solving
360,0.008197623097777842,0.010649319857916477,0.4,-1.637063720652455,[0.         0.         0.         0.         0.97568979 0.         0.         0.         0.         0.         0.         0.         0.         0.         0.         0.         0.         0.         0.         0.         0.         0.         0.         0.         0.         0.         0.         0.         0.         0.02431021 0.        ],[0. 0. 0. 0. 1. 0. 0. 0. 0. 0. 0. 0. 0. 0. 0. 0. 0. 0. 0. 0. 0. 0. 0. 0. 0. 0. 0. 0. 0. 1. 0.],2.0,1000,30,0.6,10,1,2,,problem_solving
370,0.008197623097777842,0.010649319857916477,0.4,8.583889969531583,[0.         0.         0.         0.         0.97568979 0.         0.         0.         0.         0.         0.         0.         0.         0.         0.         0.         0.         0.         0.         0.         0.         0.         0.         0.         0.         0.         0.         0.         0.         0.02431021 0.        ],[0. 0. 0. 0. 1. 0. 0. 0. 0. 0. 0. 0. 0. 0. 0. 0. 0. 0. 0. 0. 0. 0. 0. 0. 0. 0. 0. 0. 0. 1. 0.],2.0,1000,30,0.6,10,1,2,,problem_solving
380,0.008197623097777842,0.010649319857916477,0.4,-7.882628585692184,[0.         0.         0.         0.         0.97568979 0.         0.         0.         0.         0.         0.         0.         0.         0.         0.         0.         0.         0.         0.         0.         0.         0.         0.         0.         0.         0.         0.         0.         0.         0.02431021 0.        ],[0. 0. 0. 0. 1. 0. 0. 0. 0. 0. 0. 0. 0. 0. 0. 0. 0. 0. 0. 0. 0. 0. 0. 0. 0. 0. 0. 0. 0. 1. 0.],2.0,1000,30,0.6,10,1,2,,problem_solving
390,0.008197623097777842,0.010649319857916477,0.4,-7.557986379162877,[0.         0.         0.         0.         0.97568979 0.         0.         0.         0.         0.         0.         0.         0.         0.         0.         0.         0.         0.         0.         0.         0.         0.         0.         0.         0.         0.         0.         0.         0.         0.02431021 0.        ],[0. 0. 0. 0. 1. 0. 0. 0. 0. 0. 0. 0. 0. 0. 0. 0. 0. 0. 0. 0. 0. 0. 0. 0. 0. 0. 0. 0. 0. 1. 0.],2.0,1000,30,0.6,10,1,2,,problem_solving
400,0.008197623097777842,0.010649319857916477,0.4,5.024711176391068,[0.         0.         0.         0.         0.97568979 0.         0.         0.         0.         0.         0.         0.         0.         0.         0.         0.         0.         0.         0.         0.         0.         0.         0.         0.         0.         0.         0.         0.         0.         0.02431021 0.        ],[0. 0. 0. 0. 1. 0. 0. 0. 0. 0. 0. 0. 0. 0. 0. 0. 0. 0. 0. 0. 0. 0. 0. 0. 0. 0. 0. 0. 0. 1. 0.],2.0,1000,30,0.6,10,1,2,,problem_solving
410,0.008197623097777842,0.010649319857916477,0.4,7.710911467824866,[0.         0.         0.         0.         0.97568979 0.         0.         0.         0.         0.         0.         0.         0.         0.         0.         0.         0.         0.         0.         0.         0.         0.         0.         0.         0.         0.         0.         0.         0.         0.02431021 0.        ],[0. 0. 0. 0. 1. 0. 0. 0. 0. 0. 0. 0. 0. 0. 0. 0. 0. 0. 0. 0. 0. 0. 0. 0. 0. 0. 0. 0. 0. 1. 0.],2.0,1000,30,0.6,10,1,2,,problem_solving
420,0.008197623097777842,0.010649319857916477,0.4,-2.5840181204128214,[0.         0.         0.         0.         0.97568979 0.         0.         0.         0.         0.         0.         0.         0.         0.         0.         0.         0.         0.         0.         0.         0.         0.         0.         0.         0.         0.         0.         0.         0.         0.02431021 0.        ],[0. 0. 0. 0. 1. 0. 0. 0. 0. 0. 0. 0. 0. 0. 0. 0. 0. 0. 0. 0. 0. 0. 0. 0. 0. 0. 0. 0. 0. 1. 0.],2.0,1000,30,0.6,10,1,2,,problem_solving
430,0.008197623097777842,0.010649319857916477,0.4,-6.342800323330505,[0.         0.         0.         0.         0.97568979 0.         0.         0.         0.         0.         0.         0.         0.         0.         0.         0.         0.         0.         0.         0.         0.         0.         0.         0.         0.         0.         0.         0.         0.         0.02431021 0.        ],[0. 0. 0. 0. 1. 0. 0. 0. 0. 0. 0. 0. 0. 0. 0. 0. 0. 0. 0. 0. 0. 0. 0. 0. 0. 0. 0. 0. 0. 1. 0.],2.0,1000,30,0.6,10,1,2,,problem_solving
440,0.008197623097777842,0.010649319857916477,0.4,-11.667841439042752,[0.         0.         0.         0.         0.97568979 0.         0.         0.         0.         0.         0.         0.         0.         0.         0.         0.         0.         0.         0.         0.         0.         0.         0.         0.         0.         0.         0.         0.         0.         0.02431021 0.        ],[0. 0. 0. 0. 1. 0. 0. 0. 0. 0. 0. 0. 0. 0. 0. 0. 0. 0. 0. 0. 0. 0. 0. 0. 0. 0. 0. 0. 0. 1. 0.],2.0,1000,30,0.6,10,1,2,,problem_solving
450,0.008197623097777842,0.010649319857916477,0.4,7.183323087464617,[0.         0.         0.         0.         0.97568979 0.         0.         0.         0.         0.         0.         0.         0.         0.         0.         0.         0.         0.         0.         0.         0.         0.         0.         0.         0.         0.         0.         0.         0.         0.02431021 0.        ],[0. 0. 0. 0. 1. 0. 0. 0. 0. 0. 0. 0. 0. 0. 0. 0. 0. 0. 0. 0. 0. 0. 0. 0. 0. 0. 0. 0. 0. 1. 0.],2.0,1000,30,0.6,10,1,2,,problem_solving
460,0.008197623097777842,0.010649319857916477,0.4,-3.877899568537737,[0.         0.         0.         0.         0.97568979 0.         0.         0.         0.         0.         0.         0.         0.         0.         0.         0.         0.         0.         0.         0.         0.         0.         0.         0.         0.         0.         0.         0.         0.         0.02431021 0.        ],[0. 0. 0. 0. 1. 0. 0. 0. 0. 0. 0. 0. 0. 0. 0. 0. 0. 0. 0. 0. 0. 0. 0. 0. 0. 0. 0. 0. 0. 1. 0.],2.0,1000,30,0.6,10,1,2,,problem_solving
470,0.008197623097777842,0.010649319857916477,0.4,-8.934893870097154,[0.         0.         0.         0.         0.97568979 0.         0.         0.         0.         0.         0.         0.         0.         0.         0.         0.         0.         0.         0.         0.         0.         0.         0.         0.         0.         0.         0.         0.         0.         0.02431021 0.        ],[0. 0. 0. 0. 1. 0. 0. 0. 0. 0. 0. 0. 0. 0. 0. 0. 0. 0. 0. 0. 0. 0. 0. 0. 0. 0. 0. 0. 0. 1. 0.],2.0,1000,30,0.6,10,1,2,,problem_solving
480,0.008197623097777842,0.010649319857916477,0.4,-5.375344066043794,[0.         0.         0.         0.         0.97568979 0.         0.         0.         0.         0.         0.         0.         0.         0.         0.         0.         0.         0.         0.         0.         0.         0.         0.         0.         0.         0.         0.         0.         0.         0.02431021 0.        ],[0. 0. 0. 0. 1. 0. 0. 0. 0. 0. 0. 0. 0. 0. 0. 0. 0. 0. 0. 0. 0. 0. 0. 0. 0. 0. 0. 0. 0. 1. 0.],2.0,1000,30,0.6,10,1,2,,problem_solving
490,0.008197623097777842,0.010649319857916477,0.4,4.404009072102931,[0.         0.         0.         0.         0.97568979 0.         0.         0.         0.         0.         0.         0.         0.         0.         0.         0.         0.         0.         0.         0.         0.         0.         0.         0.         0.         0.         0.         0.         0.         0.02431021 0.        ],[0. 0. 0. 0. 1. 0. 0. 0. 0. 0. 0. 0. 0. 0. 0. 0. 0. 0. 0. 0. 0. 0. 0. 0. 0. 0. 0. 0. 0. 1. 0.],2.0,1000,30,0.6,10,1,2,,problem_solving
500,0.008197623097777842,0.010649319857916477,0.4,2.836814419379601,[0.         0.         0.         0.         0.97568979 0.         0.         0.         0.         0.         0.         0.         0.         0.         0.         0.         0.         0.         0.         0.         0.         0.         0.         0.         0.         0.         0.         0.         0.         0.02431021 0.        ],[0. 0. 0. 0. 1. 0. 0. 0. 0. 0. 0. 0. 0. 0. 0. 0. 0. 0. 0. 0. 0. 0. 0. 0. 0. 0. 0. 0. 0. 1. 0.],2.0,1000,30,0.6,10,1,2,,problem_solving
510,0.008197623097777842,0.010649319857916477,0.4,-34.83417057659072,[0.         0.         0.         0.         0.97568979 0.         0.         0.         0.         0.         0.         0.         0.         0.         0.         0.         0.         0.         0.         0.         0.         0.         0.         0.         0.         0.         0.         0.         0.         0.02431021 0.        ],[0. 0. 0. 0. 1. 0. 0. 0. 0. 0. 0. 0. 0. 0. 0. 0. 0. 0. 0. 0. 0. 0. 0. 0. 0. 0. 0. 0. 0. 1. 0.],2.0,1000,30,0.6,10,1,2,,problem_solving
520,0.008197623097777842,0.010649319857916477,0.4,11.428293599449477,[0.         0.         0.         0.         0.97568979 0.         0.         0.         0.         0.         0.         0.         0.         0.         0.         0.         0.         0.         0.         0.         0.         0.         0.         0.         0.         0.         0.         0.         0.         0.02431021 0.        ],[0. 0. 0. 0. 1. 0. 0. 0. 0. 0. 0. 0. 0. 0. 0. 0. 0. 0. 0. 0. 0. 0. 0. 0. 0. 0. 0. 0. 0. 1. 0.],2.0,1000,30,0.6,10,1,2,,problem_solving
530,0.008197623097777842,0.010649319857916477,0.4,13.105833915702618,[0.         0.         0.         0.         0.97568979 0.         0.         0.         0.         0.         0.         0.         0.         0.         0.         0.         0.         0.         0.         0.         0.         0.         0.         0.         0.         0.         0.         0.         0.         0.02431021 0.        ],[0. 0. 0. 0. 1. 0. 0. 0. 0. 0. 0. 0. 0. 0. 0. 0. 0. 0. 0. 0. 0. 0. 0. 0. 0. 0. 0. 0. 0. 1. 0.],2.0,1000,30,0.6,10,1,2,,problem_solving
540,0.008197623097777842,0.010649319857916477,0.4,-7.947773908132874,[0.         0.         0.         0.         0.97568979 0.         0.         0.         0.         0.         0.         0.         0.         0.         0.         0.         0.         0.         0.         0.         0.         0.         0.         0.         0.         0.         0.         0.         0.         0.02431021 0.        ],[0. 0. 0. 0. 1. 0. 0. 0. 0. 0. 0. 0. 0. 0. 0. 0. 0. 0. 0. 0. 0. 0. 0. 0. 0. 0. 0. 0. 0. 1. 0.],2.0,1000,30,0.6,10,1,2,,problem_solving
550,0.008197623097777842,0.010649319857916477,0.4,-3.5480325374237323,[0.         0.         0.         0.         0.97568979 0.         0.         0.         0.         0.         0.         0.         0.         0.         0.         0.         0.         0.         0.         0.         0.         0.         0.         0.         0.         0.         0.         0.         0.         0.02431021 0.        ],[0. 0. 0. 0. 1. 0. 0. 0. 0. 0. 0. 0. 0. 0. 0. 0. 0. 0. 0. 0. 0. 0. 0. 0. 0. 0. 0. 0. 0. 1. 0.],2.0,1000,30,0.6,10,1,2,,problem_solving
560,0.008197623097777842,0.010649319857916477,0.4,-17.380110807584465,[0.         0.         0.         0.         0.97568979 0.         0.         0.         0.         0.         0.         0.         0.         0.         0.         0.         0.         0.         0.         0.         0.         0.         0.         0.         0.         0.         0.         0.         0.         0.02431021 0.        ],[0. 0. 0. 0. 1. 0. 0. 0. 0. 0. 0. 0. 0. 0. 0. 0. 0. 0. 0. 0. 0. 0. 0. 0. 0. 0. 0. 0. 0. 1. 0.],2.0,1000,30,0.6,10,1,2,,problem_solving
570,0.008197623097777842,0.010649319857916477,0.4,0.7072648458049307,[0.         0.         0.         0.         0.97568979 0.         0.         0.         0.         0.         0.         0.         0.         0.         0.         0.         0.         0.         0.         0.         0.         0.         0.         0.         0.         0.         0.         0.         0.         0.02431021 0.        ],[0. 0. 0. 0. 1. 0. 0. 0. 0. 0. 0. 0. 0. 0. 0. 0. 0. 0. 0. 0. 0. 0. 0. 0. 0. 0. 0. 0. 0. 1. 0.],2.0,1000,30,0.6,10,1,2,,problem_solving
580,0.008197623097777842,0.010649319857916477,0.4,10.149173593485138,[0.         0.         0.         0.         0.97568979 0.         0.         0.         0.         0.         0.         0.         0.         0.         0.         0.         0.         0.         0.         0.         0.         0.         0.         0.         0.         0.         0.         0.         0.         0.02431021 0.        ],[0. 0. 0. 0. 1. 0. 0. 0. 0. 0. 0. 0. 0. 0. 0. 0. 0. 0. 0. 0. 0. 0. 0. 0. 0. 0. 0. 0. 0. 1. 0.],2.0,1000,30,0.6,10,1,2,,problem_solving
590,0.008197623097777842,0.010649319857916477,0.4,-2.1156690063703856,[0.         0.         0.         0.         0.97568979 0.         0.         0.         0.         0.         0.         0.         0.         0.         0.         0.         0.         0.         0.         0.         0.         0.         0.         0.         0.         0.         0.         0.         0.         0.02431021 0.        ],[0. 0. 0. 0. 1. 0. 0. 0. 0. 0. 0. 0. 0. 0. 0. 0. 0. 0. 0. 0. 0. 0. 0. 0. 0. 0. 0. 0. 0. 1. 0.],2.0,1000,30,0.6,10,1,2,,problem_solving
600,0.008197623097777842,0.010649319857916477,0.4,-1.0004724516585992,[0.         0.         0.         0.         0.97568979 0.         0.         0.         0.         0.         0.         0.         0.         0.         0.         0.         0.         0.         0.         0.         0.         0.         0.         0.         0.         0.         0.         0.         0.         0.02431021 0.        ],[0. 0. 0. 0. 1. 0. 0. 0. 0. 0. 0. 0. 0. 0. 0. 0. 0. 0. 0. 0. 0. 0. 0. 0. 0. 0. 0. 0. 0. 1. 0.],2.0,1000,30,0.6,10,1,2,,problem_solving
610,0.008197623097777842,0.010649319857916477,0.4,-6.012709540497124,[0.         0.         0.         0.         0.97568979 0.         0.         0.         0.         0.         0.         0.         0.         0.         0.         0.         0.         0.         0.         0.         0.         0.         0.         0.         0.         0.         0.         0.         0.         0.02431021 0.        ],[0. 0. 0. 0. 1. 0. 0. 0. 0. 0. 0. 0. 0. 0. 0. 0. 0. 0. 0. 0. 0. 0. 0. 0. 0. 0. 0. 0. 0. 1. 0.],2.0,1000,30,0.6,10,1,2,,problem_solving
620,0.008197623097777842,0.010649319857916477,0.4,0.4587312551887773,[0.         0.         0.         0.         0.97568979 0.         0.         0.         0.         0.         0.         0.         0.         0.         0.         0.         0.         0.         0.         0.         0.         0.         0.         0.         0.         0.         0.         0.         0.         0.02431021 0.        ],[0. 0. 0. 0. 1. 0. 0. 0. 0. 0. 0. 0. 0. 0. 0. 0. 0. 0. 0. 0. 0. 0. 0. 0. 0. 0. 0. 0. 0. 1. 0.],2.0,1000,30,0.6,10,1,2,,problem_solving
630,0.008197623097777842,0.010649319857916477,0.4,7.069199066872875,[0.         0.         0.         0.         0.97568979 0.         0.         0.         0.         0.         0.         0.         0.         0.         0.         0.         0.         0.         0.         0.         0.         0.         0.         0.         0.         0.         0.         0.         0.         0.02431021 0.        ],[0. 0. 0. 0. 1. 0. 0. 0. 0. 0. 0. 0. 0. 0. 0. 0. 0. 0. 0. 0. 0. 0. 0. 0. 0. 0. 0. 0. 0. 1. 0.],2.0,1000,30,0.6,10,1,2,,problem_solving
640,0.008197623097777842,0.010649319857916477,0.4,-1.1269851187047155,[0.         0.         0.         0.         0.97568979 0.         0.         0.         0.         0.         0.         0.         0.         0.         0.         0.         0.         0.         0.         0.         0.         0.         0.         0.         0.         0.         0.         0.         0.         0.02431021 0.        ],[0. 0. 0. 0. 1. 0. 0. 0. 0. 0. 0. 0. 0. 0. 0. 0. 0. 0. 0. 0. 0. 0. 0. 0. 0. 0. 0. 0. 0. 1. 0.],2.0,1000,30,0.6,10,1,2,,problem_solving
650,0.008197623097777842,0.010649319857916477,0.4,7.26488201825454,[0.         0.         0.         0.         0.97568979 0.         0.         0.         0.         0.         0.         0.         0.         0.         0.         0.         0.         0.         0.         0.         0.         0.         0.         0.         0.         0.         0.         0.         0.         0.02431021 0.        ],[0. 0. 0. 0. 1. 0. 0. 0. 0. 0. 0. 0. 0. 0. 0. 0. 0. 0. 0. 0. 0. 0. 0. 0. 0. 0. 0. 0. 0. 1. 0.],2.0,1000,30,0.6,10,1,2,,problem_solving
660,0.008197623097777842,0.010649319857916477,0.4,-3.667222056477505,[0.         0.         0.         0.         0.97568979 0.         0.         0.         0.         0.         0.         0.         0.         0.         0.         0.         0.         0.         0.         0.         0.         0.         0.         0.         0.         0.         0.         0.         0.         0.02431021 0.        ],[0. 0. 0. 0. 1. 0. 0. 0. 0. 0. 0. 0. 0. 0. 0. 0. 0. 0. 0. 0. 0. 0. 0. 0. 0. 0. 0. 0. 0. 1. 0.],2.0,1000,30,0.6,10,1,2,,problem_solving
670,0.008197623097777842,0.010649319857916477,0.4,2.3627815634305485,[0.         0.         0.         0.         0.97568979 0.         0.         0.         0.         0.         0.         0.         0.         0.         0.         0.         0.         0.         0.         0.         0.         0.         0.         0.         0.         0.         0.         0.         0.         0.02431021 0.        ],[0. 0. 0. 0. 1. 0. 0. 0. 0. 0. 0. 0. 0. 0. 0. 0. 0. 0. 0. 0. 0. 0. 0. 0. 0. 0. 0. 0. 0. 1. 0.],2.0,1000,30,0.6,10,1,2,,problem_solving
680,0.008197623097777842,0.010649319857916477,0.4,-11.473675277312065,[0.         0.         0.         0.         0.97568979 0.         0.         0.         0.         0.         0.         0.         0.         0.         0.         0.         0.         0.         0.         0.         0.         0.         0.         0.         0.         0.         0.         0.         0.         0.02431021 0.        ],[0. 0. 0. 0. 1. 0. 0. 0. 0. 0. 0. 0. 0. 0. 0. 0. 0. 0. 0. 0. 0. 0. 0. 0. 0. 0. 0. 0. 0. 1. 0.],2.0,1000,30,0.6,10,1,2,,problem_solving
690,0.003390728590691861,0.010798078087016301,0.4,-5.596150244927837,[0.         0.         0.         0.         0.98674289 0.         0.         0.         0.         0.         0.         0.         0.         0.         0.         0.         0.         0.         0.         0.         0.         0.         0.         0.         0.         0.         0.         0.         0.01325711 0.         0.        ],[0. 0. 0. 0. 1. 0. 0. 0. 0. 0. 0. 0. 0. 0. 0. 0. 0. 0. 0. 0. 0. 0. 0. 0. 0. 0. 0. 0. 1. 0. 0.],2.0,1000,30,0.6,10,1,2,,problem_solving
700,0.003390728590691861,0.010798078087016301,0.4,-8.634029162106216,[0.         0.         0.         0.         0.98674289 0.         0.         0.         0.         0.         0.         0.         0.         0.         0.         0.         0.         0.         0.         0.         0.         0.         0.         0.         0.         0.         0.         0.         0.01325711 0.         0.        ],[0. 0. 0. 0. 1. 0. 0. 0. 0. 0. 0. 0. 0. 0. 0. 0. 0. 0. 0. 0. 0. 0. 0. 0. 0. 0. 0. 0. 1. 0. 0.],2.0,1000,30,0.6,10,1,2,,problem_solving
710,0.003390728590691861,0.010798078087016301,0.4,-1.8176739317490387,[0.         0.         0.         0.         0.98674289 0.         0.         0.         0.         0.         0.         0.         0.         0.         0.         0.         0.         0.         0.         0.         0.         0.         0.         0.         0.         0.         0.         0.         0.01325711 0.         0.        ],[0. 0. 0. 0. 1. 0. 0. 0. 0. 0. 0. 0. 0. 0. 0. 0. 0. 0. 0. 0. 0. 0. 0. 0. 0. 0. 0. 0. 1. 0. 0.],2.0,1000,30,0.6,10,1,2,,problem_solving
720,0.003390728590691861,0.010798078087016301,0.4,10.543121106680275,[0.         0.         0.         0.         0.98674289 0.         0.         0.         0.         0.         0.         0.         0.         0.         0.         0.         0.         0.         0.         0.         0.         0.         0.         0.         0.         0.         0.         0.         0.01325711 0.         0.        ],[0. 0. 0. 0. 1. 0. 0. 0. 0. 0. 0. 0. 0. 0. 0. 0. 0. 0. 0. 0. 0. 0. 0. 0. 0. 0. 0. 0. 1. 0. 0.],2.0,1000,30,0.6,10,1,2,,problem_solving
730,0.003390728590691861,0.010798078087016301,0.4,13.98550461782651,[0.         0.         0.         0.         0.98674289 0.         0.         0.         0.         0.         0.         0.         0.         0.         0.         0.         0.         0.         0.         0.         0.         0.         0.         0.         0.         0.         0.         0.         0.01325711 0.         0.        ],[0. 0. 0. 0. 1. 0. 0. 0. 0. 0. 0. 0. 0. 0. 0. 0. 0. 0. 0. 0. 0. 0. 0. 0. 0. 0. 0. 0. 1. 0. 0.],2.0,1000,30,0.6,10,1,2,,problem_solving
740,0.003390728590691861,0.010798078087016301,0.4,-3.3394680518000697,[0.         0.         0.         0.         0.98674289 0.         0.         0.         0.         0.         0.         0.         0.         0.         0.         0.         0.         0.         0.         0.         0.         0.         0.         0.         0.         0.         0.         0.         0.01325711 0.         0.        ],[0. 0. 0. 0. 1. 0. 0. 0. 0. 0. 0. 0. 0. 0. 0. 0. 0. 0. 0. 0. 0. 0. 0. 0. 0. 0. 0. 0. 1. 0. 0.],2.0,1000,30,0.6,10,1,2,,problem_solving
750,0.003390728590691861,0.010798078087016301,0.4,-12.099113137779794,[0.         0.         0.         0.         0.98674289 0.         0.         0.         0.         0.         0.         0.         0.         0.         0.         0.         0.         0.         0.         0.         0.         0.         0.         0.         0.         0.         0.         0.         0.01325711 0.         0.        ],[0. 0. 0. 0. 1. 0. 0. 0. 0. 0. 0. 0. 0. 0. 0. 0. 0. 0. 0. 0. 0. 0. 0. 0. 0. 0. 0. 0. 1. 0. 0.],2.0,1000,30,0.6,10,1,2,,problem_solving
760,0.003390728590691861,0.010798078087016301,0.4,6.547845696897905,[0.         0.         0.         0.         0.98674289 0.         0.         0.         0.         0.         0.         0.         0.         0.         0.         0.         0.         0.         0.         0.         0.         0.         0.         0.         0.         0.         0.         0.         0.01325711 0.         0.        ],[0. 0. 0. 0. 1. 0. 0. 0. 0. 0. 0. 0. 0. 0. 0. 0. 0. 0. 0. 0. 0. 0. 0. 0. 0. 0. 0. 0. 1. 0. 0.],2.0,1000,30,0.6,10,1,2,,problem_solving
770,0.003390728590691861,0.010798078087016301,0.4,8.715150614446701,[0.         0.         0.         0.         0.98674289 0.         0.         0.         0.         0.         0.         0.         0.         0.         0.         0.         0.         0.         0.         0.         0.         0.         0.         0.         0.         0.         0.         0.         0.01325711 0.         0.        ],[0. 0. 0. 0. 1. 0. 0. 0. 0. 0. 0. 0. 0. 0. 0. 0. 0. 0. 0. 0. 0. 0. 0. 0. 0. 0. 0. 0. 1. 0. 0.],2.0,1000,30,0.6,10,1,2,,problem_solving
780,0.003390728590691861,0.010798078087016301,0.4,-0.9548054340732182,[0.         0.         0.         0.         0.98674289 0.         0.         0.         0.         0.         0.         0.         0.         0.         0.         0.         0.         0.         0.         0.         0.         0.         0.         0.         0.         0.         0.         0.         0.01325711 0.         0.        ],[0. 0. 0. 0. 1. 0. 0. 0. 0. 0. 0. 0. 0. 0. 0. 0. 0. 0. 0. 0. 0. 0. 0. 0. 0. 0. 0. 0. 1. 0. 0.],2.0,1000,30,0.6,10,1,2,,problem_solving
790,0.003390728590691861,0.010798078087016301,0.4,4.2132121570505605,[0.         0.         0.         0.         0.98674289 0.         0.         0.         0.         0.         0.         0.         0.         0.         0.         0.         0.         0.         0.         0.         0.         0.         0.         0.         0.         0.         0.         0.         0.01325711 0.         0.        ],[0. 0. 0. 0. 1. 0. 0. 0. 0. 0. 0. 0. 0. 0. 0. 0. 0. 0. 0. 0. 0. 0. 0. 0. 0. 0. 0. 0. 1. 0. 0.],2.0,1000,30,0.6,10,1,2,,problem_solving
800,0.003390728590691861,0.010798078087016301,0.4,7.1609191440910624,[0.         0.         0.         0.         0.98674289 0.         0.         0.         0.         0.         0.         0.         0.         0.         0.         0.         0.         0.         0.         0.         0.         0.         0.         0.         0.         0.         0.         0.         0.01325711 0.         0.        ],[0. 0. 0. 0. 1. 0. 0. 0. 0. 0. 0. 0. 0. 0. 0. 0. 0. 0. 0. 0. 0. 0. 0. 0. 0. 0. 0. 0. 1. 0. 0.],2.0,1000,30,0.6,10,1,2,,problem_solving
810,0.003390728590691861,0.010798078087016301,0.4,-11.502911850570825,[0.         0.         0.         0.         0.98674289 0.         0.         0.         0.         0.         0.         0.         0.         0.         0.         0.         0.         0.         0.         0.         0.         0.         0.         0.         0.         0.         0.         0.         0.01325711 0.         0.        ],[0. 0. 0. 0. 1. 0. 0. 0. 0. 0. 0. 0. 0. 0. 0. 0. 0. 0. 0. 0. 0. 0. 0. 0. 0. 0. 0. 0. 1. 0. 0.],2.0,1000,30,0.6,10,1,2,,problem_solving
820,0.003390728590691861,0.010798078087016301,0.4,-3.0296882959020603,[0.         0.         0.         0.         0.98674289 0.         0.         0.         0.         0.         0.         0.         0.         0.         0.         0.         0.         0.         0.         0.         0.         0.         0.         0.         0.         0.         0.         0.         0.01325711 0.         0.        ],[0. 0. 0. 0. 1. 0. 0. 0. 0. 0. 0. 0. 0. 0. 0. 0. 0. 0. 0. 0. 0. 0. 0. 0. 0. 0. 0. 0. 1. 0. 0.],2.0,1000,30,0.6,10,1,2,,problem_solving
830,0.003390728590691861,0.010798078087016301,0.4,5.933064673629792,[0.         0.         0.         0.         0.98674289 0.         0.         0.         0.         0.         0.         0.         0.         0.         0.         0.         0.         0.         0.         0.         0.         0.         0.         0.         0.         0.         0.         0.         0.01325711 0.         0.        ],[0. 0. 0. 0. 1. 0. 0. 0. 0. 0. 0. 0. 0. 0. 0. 0. 0. 0. 0. 0. 0. 0. 0. 0. 0. 0. 0. 0. 1. 0. 0.],2.0,1000,30,0.6,10,1,2,,problem_solving
840,0.003390728590691861,0.010798078087016301,0.4,11.299746786391754,[0.         0.         0.         0.         0.98674289 0.         0.         0.         0.         0.         0.         0.         0.         0.         0.         0.         0.         0.         0.         0.         0.         0.         0.         0.         0.         0.         0.         0.         0.01325711 0.         0.        ],[0. 0. 0. 0. 1. 0. 0. 0. 0. 0. 0. 0. 0. 0. 0. 0. 0. 0. 0. 0. 0. 0. 0. 0. 0. 0. 0. 0. 1. 0. 0.],2.0,1000,30,0.6,10,1,2,,problem_solving
850,0.003390728590691861,0.010798078087016301,0.4,-2.8210381500716957,[0.         0.         0.         0.         0.98674289 0.         0.         0.         0.         0.         0.         0.         0.         0.         0.         0.         0.         0.         0.         0.         0.         0.         0.         0.         0.         0.         0.         0.         0.01325711 0.         0.        ],[0. 0. 0. 0. 1. 0. 0. 0. 0. 0. 0. 0. 0. 0. 0. 0. 0. 0. 0. 0. 0. 0. 0. 0. 0. 0. 0. 0. 1. 0. 0.],2.0,1000,30,0.6,10,1,2,,problem_solving
860,0.003390728590691861,0.010798078087016301,0.4,17.607676554413302,[0.         0.         0.         0.         0.98674289 0.         0.         0.         0.         0.         0.         0.         0.         0.         0.         0.         0.         0.         0.         0.         0.         0.         0.         0.         0.         0.         0.         0.         0.01325711 0.         0.        ],[0. 0. 0. 0. 1. 0. 0. 0. 0. 0. 0. 0. 0. 0. 0. 0. 0. 0. 0. 0. 0. 0. 0. 0. 0. 0. 0. 0. 1. 0. 0.],2.0,1000,30,0.6,10,1,2,,problem_solving
870,0.003390728590691861,0.010798078087016301,0.4,1.3785569605669665,[0.         0.         0.         0.         0.98674289 0.         0.         0.         0.         0.         0.         0.         0.         0.         0.         0.         0.         0.         0.         0.         0.         0.         0.         0.         0.         0.         0.         0.         0.01325711 0.         0.        ],[0. 0. 0. 0. 1. 0. 0. 0. 0. 0. 0. 0. 0. 0. 0. 0. 0. 0. 0. 0. 0. 0. 0. 0. 0. 0. 0. 0. 1. 0. 0.],2.0,1000,30,0.6,10,1,2,,problem_solving
880,0.003390728590691861,0.010798078087016301,0.4,16.685068866495325,[0.         0.         0.         0.         0.98674289 0.         0.         0.         0.         0.         0.         0.         0.         0.         0.         0.         0.         0.         0.         0.         0.         0.         0.         0.         0.         0.         0.         0.         0.01325711 0.         0.        ],[0. 0. 0. 0. 1. 0. 0. 0. 0. 0. 0. 0. 0. 0. 0. 0. 0. 0. 0. 0. 0. 0. 0. 0. 0. 0. 0. 0. 1. 0. 0.],2.0,1000,30,0.6,10,1,2,,problem_solving
890,0.003390728590691861,0.010798078087016301,0.4,0.7088684434486827,[0.         0.         0.         0.         0.98674289 0.         0.         0.         0.         0.         0.         0.         0.         0.         0.         0.         0.         0.         0.         0.         0.         0.         0.         0.         0.         0.         0.         0.         0.01325711 0.         0.        ],[0. 0. 0. 0. 1. 0. 0. 0. 0. 0. 0. 0. 0. 0. 0. 0. 0. 0. 0. 0. 0. 0. 0. 0. 0. 0. 0. 0. 1. 0. 0.],2.0,1000,30,0.6,10,1,2,,problem_solving
900,0.003390728590691861,0.010798078087016301,0.4,-8.847098770725587,[0.         0.         0.         0.         0.98674289 0.         0.         0.         0.         0.         0.         0.         0.         0.         0.         0.         0.         0.         0.         0.         0.         0.         0.         0.         0.         0.         0.         0.         0.01325711 0.         0.        ],[0. 0. 0. 0. 1. 0. 0. 0. 0. 0. 0. 0. 0. 0. 0. 0. 0. 0. 0. 0. 0. 0. 0. 0. 0. 0. 0. 0. 1. 0. 0.],2.0,1000,30,0.6,10,1,2,,problem_solving
910,0.003390728590691861,0.010798078087016301,0.4,-18.96955011559801,[0.         0.         0.         0.         0.98674289 0.         0.         0.         0.         0.         0.         0.         0.         0.         0.         0.         0.         0.         0.         0.         0.         0.         0.         0.         0.         0.         0.         0.         0.01325711 0.         0.        ],[0. 0. 0. 0. 1. 0. 0. 0. 0. 0. 0. 0. 0. 0. 0. 0. 0. 0. 0. 0. 0. 0. 0. 0. 0. 0. 0. 0. 1. 0. 0.],2.0,1000,30,0.6,10,1,2,,problem_solving
920,0.003390728590691861,0.010798078087016301,0.4,-12.978982583639812,[0.         0.         0.         0.         0.98674289 0.         0.         0.         0.         0.         0.         0.         0.         0.         0.         0.         0.         0.         0.         0.         0.         0.         0.         0.         0.         0.         0.         0.         0.01325711 0.         0.        ],[0. 0. 0. 0. 1. 0. 0. 0. 0. 0. 0. 0. 0. 0. 0. 0. 0. 0. 0. 0. 0. 0. 0. 0. 0. 0. 0. 0. 1. 0. 0.],2.0,1000,30,0.6,10,1,2,,problem_solving
930,0.003390728590691861,0.010798078087016301,0.4,-18.313276397440646,[0.         0.         0.         0.         0.98674289 0.         0.         0.         0.         0.         0.         0.         0.         0.         0.         0.         0.         0.         0.         0.         0.         0.         0.         0.         0.         0.         0.         0.         0.01325711 0.         0.        ],[0. 0. 0. 0. 1. 0. 0. 0. 0. 0. 0. 0. 0. 0. 0. 0. 0. 0. 0. 0. 0. 0. 0. 0. 0. 0. 0. 0. 1. 0. 0.],2.0,1000,30,0.6,10,1,2,,problem_solving
940,0.003390728590691861,0.010798078087016301,0.4,12.285812898142858,[0.         0.         0.         0.         0.98674289 0.         0.         0.         0.         0.         0.         0.         0.         0.         0.         0.         0.         0.         0.         0.         0.         0.         0.         0.         0.         0.         0.         0.         0.01325711 0.         0.        ],[0. 0. 0. 0. 1. 0. 0. 0. 0. 0. 0. 0. 0. 0. 0. 0. 0. 0. 0. 0. 0. 0. 0. 0. 0. 0. 0. 0. 1. 0. 0.],2.0,1000,30,0.6,10,1,2,,problem_solving
950,0.003390728590691861,0.010798078087016301,0.4,12.33108364181215,[0.         0.         0.         0.         0.98674289 0.         0.         0.         0.         0.         0.         0.         0.         0.         0.         0.         0.         0.         0.         0.         0.         0.         0.         0.         0.         0.         0.         0.         0.01325711 0.         0.        ],[0. 0. 0. 0. 1. 0. 0. 0. 0. 0. 0. 0. 0. 0. 0. 0. 0. 0. 0. 0. 0. 0. 0. 0. 0. 0. 0. 0. 1. 0. 0.],2.0,1000,30,0.6,10,1,2,,problem_solving
960,0.003390728590691861,0.010798078087016301,0.4,7.364929692523091,[0.         0.         0.         0.         0.98674289 0.         0.         0.         0.         0.         0.         0.         0.         0.         0.         0.         0.         0.         0.         0.         0.         0.         0.         0.         0.         0.         0.         0.         0.01325711 0.         0.        ],[0. 0. 0. 0. 1. 0. 0. 0. 0. 0. 0. 0. 0. 0. 0. 0. 0. 0. 0. 0. 0. 0. 0. 0. 0. 0. 0. 0. 1. 0. 0.],2.0,1000,30,0.6,10,1,2,,problem_solving
970,0.003390728590691861,0.010798078087016301,0.4,-6.92215921313636,[0.         0.         0.         0.         0.98674289 0.         0.         0.         0.         0.         0.         0.         0.         0.         0.         0.         0.         0.         0.         0.         0.         0.         0.         0.         0.         0.         0.         0.         0.01325711 0.         0.        ],[0. 0. 0. 0. 1. 0. 0. 0. 0. 0. 0. 0. 0. 0. 0. 0. 0. 0. 0. 0. 0. 0. 0. 0. 0. 0. 0. 0. 1. 0. 0.],2.0,1000,30,0.6,10,1,2,,problem_solving
980,0.003390728590691861,0.010798078087016301,0.4,-9.576683131121763,[0.         0.         0.         0.         0.98674289 0.         0.         0.         0.         0.         0.         0.         0.         0.         0.         0.         0.         0.         0.         0.         0.         0.         0.         0.         0.         0.         0.         0.         0.01325711 0.         0.        ],[0. 0. 0. 0. 1. 0. 0. 0. 0. 0. 0. 0. 0. 0. 0. 0. 0. 0. 0. 0. 0. 0. 0. 0. 0. 0. 0. 0. 1. 0. 0.],2.0,1000,30,0.6,10,1,2,,problem_solving
990,0.003390728590691861,0.010798078087016301,0.4,-7.053646093907474,[0.         0.         0.         0.         0.98674289 0.         0.         0.         0.         0.         0.         0.         0.         0.         0.         0.         0.         0.         0.         0.         0.         0.         0.         0.         0.         0.         0.         0.         0.01325711 0.         0.        ],[0. 0. 0. 0. 1. 0. 0. 0. 0. 0. 0. 0. 0. 0. 0. 0. 0. 0. 0. 0. 0. 0. 0. 0. 0. 0. 0. 0. 1. 0. 0.],2.0,1000,30,0.6,10,1,2,,problem_solving
999,0.003390728590691861,0.010798078087016301,0.4,-18.048799533885184,[0.         0.         0.         0.         0.98674289 0.         0.         0.         0.         0.         0.         0.         0.         0.         0.         0.         0.         0.         0.         0.         0.         0.         0.         0.         0.         0.         0.         0.         0.01325711 0.         0.        ],[0. 0. 0. 0. 1. 0. 0. 0. 0. 0. 0. 0. 0. 0. 0. 0. 0. 0. 0. 0. 0. 0. 0. 0. 0. 0. 0. 0. 1. 0. 0.],2.0,1000,30,0.6,10,1,2,,problem_solving
