iter,cost,return,par,move,X,Z,Q,max_iter,mem_size,mem_consider,sigma,port_n,k,seed,tag
1,0.15045591027452526,0.005519819220913745,0.4,-10.866176721004528,[0.         0.         0.         0.         0.87068162 0.         0.01556009 0.         0.         0.         0.         0.         0.01128129 0.01982591 0.01402115 0.         0.         0.         0.         0.         0.0107024  0.01800923 0.         0.         0.         0.         0.01059401 0.0144275  0.         0.         0.0148968 ],[0. 0. 0. 0. 1. 0. 1. 0. 0. 0. 0. 0. 1. 1. 1. 0. 0. 0. 0. 0. 1. 1. 0. 0. 0. 0. 1. 1. 0. 0. 1.],10.0,10000,30,0.6,10,1,10,,problem_solving
100,0.03211642541306792,0.004604174553104212,0.4,13.530176642647342,[0.01600251 0.         0.         0.         0.01058006 0.         0.         0.         0.0133105  0.         0.         0.01166664 0.         0.         0.         0.01427669 0.0175573  0.01468655 0.         0.01352062 0.01091215 0.         0.         0.         0.         0.87748699 0.         0.         0.         0.         0.        ],[1. 0. 0. 0. 1. 0. 0. 0. 1. 0. 0. 1. 0. 0. 0. 1. 1. 1. 0. 1. 1. 0. 0. 0. 0. 1. 0. 0. 0. 0. 0.],10.0,10000,30,0.6,10,1,10,,problem_solving
200,0.03211642541306792,0.004604174553104212,0.4,-5.929416706572662,[0.01600251 0.         0.         0.         0.01058006 0.         0.         0.         0.0133105  0.         0.         0.01166664 0.         0.         0.         0.01427669 0.0175573  0.01468655 0.         0.01352062 0.01091215 0.         0.         0.         0.         0.87748699 0.         0.         0.         0.         0.        ],[1. 0. 0. 0. 1. 0. 0. 0. 1. 0. 0. 1. 0. 0. 0. 1. 1. 1. 0. 1. 1. 0. 0. 0. 0. 1. 0. 0. 0. 0. 0.],10.0,10000,30,0.6,10,1,10,,problem_solving
300,0.03211642541306792,0.004604174553104212,0.4,-17.009943776023697,[0.01600251 0.         0.         0.         0.01058006 0.         0.         0.         0.0133105  0.         0.         0.01166664 0.         0.         0.         0.01427669 0.0175573  0.01468655 0.         0.01352062 0.01091215 0.         0.         0.         0.         0.87748699 0.         0.         0.         0.         0.        ],[1. 0. 0. 0. 1. 0. 0. 0. 1. 0. 0. 1. 0. 0. 0. 1. 1. 1. 0. 1. 1. 0. 0. 0. 0. 1. 0. 0. 0. 0. 0.],10.0,10000,30,0.6,10,1,10,,problem_solving
400,0.03211642541306792,0.004604174553104212,0.4,-0.2704332248955522,[0.01600251 0.         0.         0.         0.01058006 0.         0.         0.         0.0133105  0.         0.         0.01166664 0.         0.         0.         0.01427669 0.0175573  0.01468655 0.         0.01352062 0.01091215 0.         0.         0.         0.         0.87748699 0.         0.         0.         0.         0.        ],[1. 0. 0. 0. 1. 0. 0. 0. 1. 0. 0. 1. 0. 0. 0. 1. 1. 1. 0. 1. 1. 0. 0. 0. 0. 1. 0. 0. 0. 0. 0.],10.0,10000,30,0.6,10,1,10,,problem_solving
500,0.03211642541306792,0.004604174553104212,0.4,27.63947847611094,[0.01600251 0.         0.         0.         0.01058006 0.         0.         0.         0.0133105  0.         0.         0.01166664 0.         0.         0.         0.01427669 0.0175573  0.01468655 0.         0.01352062 0.01091215 0.         0.         0.         0.         0.87748699 0.         0.         0.         0.         0.        ],[1. 0. 0. 0. 1. 0. 0. 0. 1. 0. 0. 1. 0. 0. 0. 1. 1. 1. 0. 1. 1. 0. 0. 0. 0. 1. 0. 0. 0. 0. 0.],10.0,10000,30,0.6,10,1,10,,problem_solving
600,0.03211642541306792,0.004604174553104212,0.4,-21.092168161985217,[0.01600251 0.         0.         0.         0.01058006 0.         0.         0.         0.0133105  0.         0.         0.01166664 0.         0.         0.         0.01427669 0.0175573  0.01468655 0.         0.01352062 0.01091215 0.         0.         0.         0.         0.87748699 0.         0.         0.         0.         0.        ],[1. 0. 0. 0. 1. 0. 0. 0. 1. 0. 0. 1. 0. 0. 0. 1. 1. 1. 0. 1. 1. 0. 0. 0. 0. 1. 0. 0. 0. 0. 0.],10.0,10000,30,0.6,10,1,10,,problem_solving
700,0.03211642541306792,0.004604174553104212,0.4,-1.6453138210942841,[0.01600251 0.         0.         0.         0.01058006 0.         0.         0.         0.0133105  0.         0.         0.01166664 0.         0.         0.         0.01427669 0.0175573  0.01468655 0.         0.01352062 0.01091215 0.         0.         0.         0.         0.87748699 0.         0.         0.         0.         0.        ],[1. 0. 0. 0. 1. 0. 0. 0. 1. 0. 0. 1. 0. 0. 0. 1. 1. 1. 0. 1. 1. 0. 0. 0. 0. 1. 0. 0. 0. 0. 0.],10.0,10000,30,0.6,10,1,10,,problem_solving
800,0.03211642541306792,0.004604174553104212,0.4,2.737538993864568,[0.01600251 0.         0.         0.         0.01058006 0.         0.         0.         0.0133105  0.         0.         0.01166664 0.         0.         0.         0.01427669 0.0175573  0.01468655 0.         0.01352062 0.01091215 0.         0.         0.         0.         0.87748699 0.         0.         0.         0.         0.        ],[1. 0. 0. 0. 1. 0. 0. 0. 1. 0. 0. 1. 0. 0. 0. 1. 1. 1. 0. 1. 1. 0. 0. 0. 0. 1. 0. 0. 0. 0. 0.],10.0,10000,30,0.6,10,1,10,,problem_solving
900,0.03211642541306792,0.004604174553104212,0.4,-7.390857341243531,[0.01600251 0.         0.         0.         0.01058006 0.         0.         0.         0.0133105  0.         0.         0.01166664 0.         0.         0.         0.01427669 0.0175573  0.01468655 0.         0.01352062 0.01091215 0.         0.         0.         0.         0.87748699 0.         0.         0.         0.         0.        ],[1. 0. 0. 0. 1. 0. 0. 0. 1. 0. 0. 1. 0. 0. 0. 1. 1. 1. 0. 1. 1. 0. 0. 0. 0. 1. 0. 0. 0. 0. 0.],10.0,10000,30,0.6,10,1,10,,problem_solving
1000,0.03211642541306792,0.004604174553104212,0.4,2.2965523502613108,[0.01600251 0.         0.         0.         0.01058006 0.         0.         0.         0.0133105  0.         0.         0.01166664 0.         0.         0.         0.01427669 0.0175573  0.01468655 0.         0.01352062 0.01091215 0.         0.         0.         0.         0.87748699 0.         0.         0.         0.         0.        ],[1. 0. 0. 0. 1. 0. 0. 0. 1. 0. 0. 1. 0. 0. 0. 1. 1. 1. 0. 1. 1. 0. 0. 0. 0. 1. 0. 0. 0. 0. 0.],10.0,10000,30,0.6,10,1,10,,problem_solving
1100,0.03211642541306792,0.004604174553104212,0.4,0.7484793171342794,[0.01600251 0.         0.         0.         0.01058006 0.         0.         0.         0.0133105  0.         0.         0.01166664 0.         0.         0.         0.01427669 0.0175573  0.01468655 0.         0.01352062 0.01091215 0.         0.         0.         0.         0.87748699 0.         0.         0.         0.         0.        ],[1. 0. 0. 0. 1. 0. 0. 0. 1. 0. 0. 1. 0. 0. 0. 1. 1. 1. 0. 1. 1. 0. 0. 0. 0. 1. 0. 0. 0. 0. 0.],10.0,10000,30,0.6,10,1,10,,problem_solving
1200,0.03211642541306792,0.004604174553104212,0.4,-0.09127304417011976,[0.01600251 0.         0.         0.         0.01058006 0.         0.         0.         0.0133105  0.         0.         0.01166664 0.         0.         0.         0.01427669 0.0175573  0.01468655 0.         0.01352062 0.01091215 0.         0.         0.         0.         0.87748699 0.         0.         0.         0.         0.        ],[1. 0. 0. 0. 1. 0. 0. 0. 1. 0. 0. 1. 0. 0. 0. 1. 1. 1. 0. 1. 1. 0. 0. 0. 0. 1. 0. 0. 0. 0. 0.],10.0,10000,30,0.6,10,1,10,,problem_solving
1300,0.03211642541306792,0.004604174553104212,0.4,1.6552675353647974,[0.01600251 0.         0.         0.         0.01058006 0.         0.         0.         0.0133105  0.         0.         0.01166664 0.         0.         0.         0.01427669 0.0175573  0.01468655 0.         0.01352062 0.01091215 0.         0.         0.         0.         0.87748699 0.         0.         0.         0.         0.        ],[1. 0. 0. 0. 1. 0. 0. 0. 1. 0. 0. 1. 0. 0. 0. 1. 1. 1. 0. 1. 1. 0. 0. 0. 0. 1. 0. 0. 0. 0. 0.],10.0,10000,30,0.6,10,1,10,,problem_solving
1400,0.03211642541306792,0.004604174553104212,0.4,-6.6291692984613775,[0.01600251 0.         0.         0.         0.01058006 0.         0.         0.         0.0133105  0.         0.         0.01166664 0.         0.         0.         0.01427669 0.0175573  0.01468655 0.         0.01352062 0.01091215 0.         0.         0.         0.         0.87748699 0.         0.         0.         0.         0.        ],[1. 0. 0. 0. 1. 0. 0. 0. 1. 0. 0. 1. 0. 0. 0. 1. 1. 1. 0. 1. 1. 0. 0. 0. 0. 1. 0. 0. 0. 0. 0.],10.0,10000,30,0.6,10,1,10,,problem_solving
1500,0.03211642541306792,0.004604174553104212,0.4,-11.435942891251745,[0.01600251 0.         0.         0.         0.01058006 0.         0.         0.         0.0133105  0.         0.         0.01166664 0.         0.         0.         0.01427669 0.0175573  0.01468655 0.         0.01352062 0.01091215 0.         0.         0.         0.         0.87748699 0.         0.         0.         0.         0.        ],[1. 0. 0. 0. 1. 0. 0. 0. 1. 0. 0. 1. 0. 0. 0. 1. 1. 1. 0. 1. 1. 0. 0. 0. 0. 1. 0. 0. 0. 0. 0.],10.0,10000,30,0.6,10,1,10,,problem_solving
1600,0.03211642541306792,0.004604174553104212,0.4,2.7820792570251958,[0.01600251 0.         0.         0.         0.01058006 0.         0.         0.         0.0133105  0.         0.         0.01166664 0.         0.         0.         0.01427669 0.0175573  0.01468655 0.         0.01352062 0.01091215 0.         0.         0.         0.         0.87748699 0.         0.         0.         0.         0.        ],[1. 0. 0. 0. 1. 0. 0. 0. 1. 0. 0. 1. 0. 0. 0. 1. 1. 1. 0. 1. 1. 0. 0. 0. 0. 1. 0. 0. 0. 0. 0.],10.0,10000,30,0.6,10,1,10,,problem_solving
1700,0.03211642541306792,0.004604174553104212,0.4,8.673260004442845,[0.01600251 0.         0.         0.         0.01058006 0.         0.         0.         0.0133105  0.         0.         0.01166664 0.         0.         0.         0.01427669 0.0175573  0.01468655 0.         0.01352062 0.01091215 0.         0.         0.         0.         0.87748699 0.         0.         0.         0.         0.        ],[1. 0. 0. 0. 1. 0. 0. 0. 1. 0. 0. 1. 0. 0. 0. 1. 1. 1. 0. 1. 1. 0. 0. 0. 0. 1. 0. 0. 0. 0. 0.],10.0,10000,30,0.6,10,1,10,,problem_solving
1800,0.03211642541306792,0.004604174553104212,0.4,-4.9123216982486815,[0.01600251 0.         0.         0.         0.01058006 0.         0.         0.         0.0133105  0.         0.         0.01166664 0.         0.         0.         0.01427669 0.0175573  0.01468655 0.         0.01352062 0.01091215 0.         0.         0.         0.         0.87748699 0.         0.         0.         0.         0.        ],[1. 0. 0. 0. 1. 0. 0. 0. 1. 0. 0. 1. 0. 0. 0. 1. 1. 1. 0. 1. 1. 0. 0. 0. 0. 1. 0. 0. 0. 0. 0.],10.0,10000,30,0.6,10,1,10,,problem_solving
1900,0.03211642541306792,0.004604174553104212,0.4,-2.87633972293464,[0.01600251 0.         0.         0.         0.01058006 0.         0.         0.         0.0133105  0.         0.         0.01166664 0.         0.         0.         0.01427669 0.0175573  0.01468655 0.         0.01352062 0.01091215 0.         0.         0.         0.         0.87748699 0.         0.         0.         0.         0.        ],[1. 0. 0. 0. 1. 0. 0. 0. 1. 0. 0. 1. 0. 0. 0. 1. 1. 1. 0. 1. 1. 0. 0. 0. 0. 1. 0. 0. 0. 0. 0.],10.0,10000,30,0.6,10,1,10,,problem_solving
2000,0.03211642541306792,0.004604174553104212,0.4,9.589256947606788,[0.01600251 0.         0.         0.         0.01058006 0.         0.         0.         0.0133105  0.         0.         0.01166664 0.         0.         0.         0.01427669 0.0175573  0.01468655 0.         0.01352062 0.01091215 0.         0.         0.         0.         0.87748699 0.         0.         0.         0.         0.        ],[1. 0. 0. 0. 1. 0. 0. 0. 1. 0. 0. 1. 0. 0. 0. 1. 1. 1. 0. 1. 1. 0. 0. 0. 0. 1. 0. 0. 0. 0. 0.],10.0,10000,30,0.6,10,1,10,,problem_solving
2100,0.03211642541306792,0.004604174553104212,0.4,12.209996989537824,[0.01600251 0.         0.         0.         0.01058006 0.         0.         0.         0.0133105  0.         0.         0.01166664 0.         0.         0.         0.01427669 0.0175573  0.01468655 0.         0.01352062 0.01091215 0.         0.         0.         0.         0.87748699 0.         0.         0.         0.         0.        ],[1. 0. 0. 0. 1. 0. 0. 0. 1. 0. 0. 1. 0. 0. 0. 1. 1. 1. 0. 1. 1. 0. 0. 0. 0. 1. 0. 0. 0. 0. 0.],10.0,10000,30,0.6,10,1,10,,problem_solving
2200,0.03211642541306792,0.004604174553104212,0.4,-13.536178523052435,[0.01600251 0.         0.         0.         0.01058006 0.         0.         0.         0.0133105  0.         0.         0.01166664 0.         0.         0.         0.01427669 0.0175573  0.01468655 0.         0.01352062 0.01091215 0.         0.         0.         0.         0.87748699 0.         0.         0.         0.         0.        ],[1. 0. 0. 0. 1. 0. 0. 0. 1. 0. 0. 1. 0. 0. 0. 1. 1. 1. 0. 1. 1. 0. 0. 0. 0. 1. 0. 0. 0. 0. 0.],10.0,10000,30,0.6,10,1,10,,problem_solving
2300,0.03211642541306792,0.004604174553104212,0.4,-5.762059369279693,[0.01600251 0.         0.         0.         0.01058006 0.         0.         0.         0.0133105  0.         0.         0.01166664 0.         0.         0.         0.01427669 0.0175573  0.01468655 0.         0.01352062 0.01091215 0.         0.         0.         0.         0.87748699 0.         0.         0.         0.         0.        ],[1. 0. 0. 0. 1. 0. 0. 0. 1. 0. 0. 1. 0. 0. 0. 1. 1. 1. 0. 1. 1. 0. 0. 0. 0. 1. 0. 0. 0. 0. 0.],10.0,10000,30,0.6,10,1,10,,problem_solving
2400,0.03211642541306792,0.004604174553104212,0.4,8.07688140504466,[0.01600251 0.         0.         0.         0.01058006 0.         0.         0.         0.0133105  0.         0.         0.01166664 0.         0.         0.         0.01427669 0.0175573  0.01468655 0.         0.01352062 0.01091215 0.         0.         0.         0.         0.87748699 0.         0.         0.         0.         0.        ],[1. 0. 0. 0. 1. 0. 0. 0. 1. 0. 0. 1. 0. 0. 0. 1. 1. 1. 0. 1. 1. 0. 0. 0. 0. 1. 0. 0. 0. 0. 0.],10.0,10000,30,0.6,10,1,10,,problem_solving
2500,0.03211642541306792,0.004604174553104212,0.4,3.07539723691201,[0.01600251 0.         0.         0.         0.01058006 0.         0.         0.         0.0133105  0.         0.         0.01166664 0.         0.         0.         0.01427669 0.0175573  0.01468655 0.         0.01352062 0.01091215 0.         0.         0.         0.         0.87748699 0.         0.         0.         0.         0.        ],[1. 0. 0. 0. 1. 0. 0. 0. 1. 0. 0. 1. 0. 0. 0. 1. 1. 1. 0. 1. 1. 0. 0. 0. 0. 1. 0. 0. 0. 0. 0.],10.0,10000,30,0.6,10,1,10,,problem_solving
2600,0.03211642541306792,0.004604174553104212,0.4,-0.9144089570011488,[0.01600251 0.         0.         0.         0.01058006 0.         0.         0.         0.0133105  0.         0.         0.01166664 0.         0.         0.         0.01427669 0.0175573  0.01468655 0.         0.01352062 0.01091215 0.         0.         0.         0.         0.87748699 0.         0.         0.         0.         0.        ],[1. 0. 0. 0. 1. 0. 0. 0. 1. 0. 0. 1. 0. 0. 0. 1. 1. 1. 0. 1. 1. 0. 0. 0. 0. 1. 0. 0. 0. 0. 0.],10.0,10000,30,0.6,10,1,10,,problem_solving
2700,0.03211642541306792,0.004604174553104212,0.4,-16.94978294054626,[0.01600251 0.         0.         0.         0.01058006 0.         0.         0.         0.0133105  0.         0.         0.01166664 0.         0.         0.         0.01427669 0.0175573  0.01468655 0.         0.01352062 0.01091215 0.         0.         0.         0.         0.87748699 0.         0.         0.         0.         0.        ],[1. 0. 0. 0. 1. 0. 0. 0. 1. 0. 0. 1. 0. 0. 0. 1. 1. 1. 0. 1. 1. 0. 0. 0. 0. 1. 0. 0. 0. 0. 0.],10.0,10000,30,0.6,10,1,10,,problem_solving
2800,0.03211642541306792,0.004604174553104212,0.4,-14.022547209288964,[0.01600251 0.         0.         0.         0.01058006 0.         0.         0.         0.0133105  0.         0.         0.01166664 0.         0.         0.         0.01427669 0.0175573  0.01468655 0.         0.01352062 0.01091215 0.         0.         0.         0.         0.87748699 0.         0.         0.         0.         0.        ],[1. 0. 0. 0. 1. 0. 0. 0. 1. 0. 0. 1. 0. 0. 0. 1. 1. 1. 0. 1. 1. 0. 0. 0. 0. 1. 0. 0. 0. 0. 0.],10.0,10000,30,0.6,10,1,10,,problem_solving
2900,0.03211642541306792,0.004604174553104212,0.4,-13.970619698292355,[0.01600251 0.         0.         0.         0.01058006 0.         0.         0.         0.0133105  0.         0.         0.01166664 0.         0.         0.         0.01427669 0.0175573  0.01468655 0.         0.01352062 0.01091215 0.         0.         0.         0.         0.87748699 0.         0.         0.         0.         0.        ],[1. 0. 0. 0. 1. 0. 0. 0. 1. 0. 0. 1. 0. 0. 0. 1. 1. 1. 0. 1. 1. 0. 0. 0. 0. 1. 0. 0. 0. 0. 0.],10.0,10000,30,0.6,10,1,10,,problem_solving
3000,0.03211642541306792,0.004604174553104212,0.4,15.951617221522783,[0.01600251 0.         0.         0.         0.01058006 0.         0.         0.         0.0133105  0.         0.         0.01166664 0.         0.         0.         0.01427669 0.0175573  0.01468655 0.         0.01352062 0.01091215 0.         0.         0.         0.         0.87748699 0.         0.         0.         0.         0.        ],[1. 0. 0. 0. 1. 0. 0. 0. 1. 0. 0. 1. 0. 0. 0. 1. 1. 1. 0. 1. 1. 0. 0. 0. 0. 1. 0. 0. 0. 0. 0.],10.0,10000,30,0.6,10,1,10,,problem_solving
3100,0.03211642541306792,0.004604174553104212,0.4,12.413238385694374,[0.01600251 0.         0.         0.         0.01058006 0.         0.         0.         0.0133105  0.         0.         0.01166664 0.         0.         0.         0.01427669 0.0175573  0.01468655 0.         0.01352062 0.01091215 0.         0.         0.         0.         0.87748699 0.         0.         0.         0.         0.        ],[1. 0. 0. 0. 1. 0. 0. 0. 1. 0. 0. 1. 0. 0. 0. 1. 1. 1. 0. 1. 1. 0. 0. 0. 0. 1. 0. 0. 0. 0. 0.],10.0,10000,30,0.6,10,1,10,,problem_solving
3200,0.03211642541306792,0.004604174553104212,0.4,11.455125660753001,[0.01600251 0.         0.         0.         0.01058006 0.         0.         0.         0.0133105  0.         0.         0.01166664 0.         0.         0.         0.01427669 0.0175573  0.01468655 0.         0.01352062 0.01091215 0.         0.         0.         0.         0.87748699 0.         0.         0.         0.         0.        ],[1. 0. 0. 0. 1. 0. 0. 0. 1. 0. 0. 1. 0. 0. 0. 1. 1. 1. 0. 1. 1. 0. 0. 0. 0. 1. 0. 0. 0. 0. 0.],10.0,10000,30,0.6,10,1,10,,problem_solving
3300,0.03211642541306792,0.004604174553104212,0.4,-2.033499219104062,[0.01600251 0.         0.         0.         0.01058006 0.         0.         0.         0.0133105  0.         0.         0.01166664 0.         0.         0.         0.01427669 0.0175573  0.01468655 0.         0.01352062 0.01091215 0.         0.         0.         0.         0.87748699 0.         0.         0.         0.         0.        ],[1. 0. 0. 0. 1. 0. 0. 0. 1. 0. 0. 1. 0. 0. 0. 1. 1. 1. 0. 1. 1. 0. 0. 0. 0. 1. 0. 0. 0. 0. 0.],10.0,10000,30,0.6,10,1,10,,problem_solving
3400,0.03211642541306792,0.004604174553104212,0.4,0.624541812548633,[0.01600251 0.         0.         0.         0.01058006 0.         0.         0.         0.0133105  0.         0.         0.01166664 0.         0.         0.         0.01427669 0.0175573  0.01468655 0.         0.01352062 0.01091215 0.         0.         0.         0.         0.87748699 0.         0.         0.         0.         0.        ],[1. 0. 0. 0. 1. 0. 0. 0. 1. 0. 0. 1. 0. 0. 0. 1. 1. 1. 0. 1. 1. 0. 0. 0. 0. 1. 0. 0. 0. 0. 0.],10.0,10000,30,0.6,10,1,10,,problem_solving
3500,0.03211642541306792,0.004604174553104212,0.4,3.622542133777725,[0.01600251 0.         0.         0.         0.01058006 0.         0.         0.         0.0133105  0.         0.         0.01166664 0.         0.         0.         0.01427669 0.0175573  0.01468655 0.         0.01352062 0.01091215 0.         0.         0.         0.         0.87748699 0.         0.         0.         0.         0.        ],[1. 0. 0. 0. 1. 0. 0. 0. 1. 0. 0. 1. 0. 0. 0. 1. 1. 1. 0. 1. 1. 0. 0. 0. 0. 1. 0. 0. 0. 0. 0.],10.0,10000,30,0.6,10,1,10,,problem_solving
3600,0.03211642541306792,0.004604174553104212,0.4,-9.698350488116215,[0.01600251 0.         0.         0.         0.01058006 0.         0.         0.         0.0133105  0.         0.         0.01166664 0.         0.         0.         0.01427669 0.0175573  0.01468655 0.         0.01352062 0.01091215 0.         0.         0.         0.         0.87748699 0.         0.         0.         0.         0.        ],[1. 0. 0. 0. 1. 0. 0. 0. 1. 0. 0. 1. 0. 0. 0. 1. 1. 1. 0. 1. 1. 0. 0. 0. 0. 1. 0. 0. 0. 0. 0.],10.0,10000,30,0.6,10,1,10,,problem_solving
3700,0.03211642541306792,0.004604174553104212,0.4,-8.98117176967607,[0.01600251 0.         0.         0.         0.01058006 0.         0.         0.         0.0133105  0.         0.         0.01166664 0.         0.         0.         0.01427669 0.0175573  0.01468655 0.         0.01352062 0.01091215 0.         0.         0.         0.         0.87748699 0.         0.         0.         0.         0.        ],[1. 0. 0. 0. 1. 0. 0. 0. 1. 0. 0. 1. 0. 0. 0. 1. 1. 1. 0. 1. 1. 0. 0. 0. 0. 1. 0. 0. 0. 0. 0.],10.0,10000,30,0.6,10,1,10,,problem_solving
3800,0.03211642541306792,0.004604174553104212,0.4,3.6305890524067315,[0.01600251 0.         0.         0.         0.01058006 0.         0.         0.         0.0133105  0.         0.         0.01166664 0.         0.         0.         0.01427669 0.0175573  0.01468655 0.         0.01352062 0.01091215 0.         0.         0.         0.         0.87748699 0.         0.         0.         0.         0.        ],[1. 0. 0. 0. 1. 0. 0. 0. 1. 0. 0. 1. 0. 0. 0. 1. 1. 1. 0. 1. 1. 0. 0. 0. 0. 1. 0. 0. 0. 0. 0.],10.0,10000,30,0.6,10,1,10,,problem_solving
3900,0.03211642541306792,0.004604174553104212,0.4,-11.31791609353189,[0.01600251 0.         0.         0.         0.01058006 0.         0.         0.         0.0133105  0.         0.         0.01166664 0.         0.         0.         0.01427669 0.0175573  0.01468655 0.         0.01352062 0.01091215 0.         0.         0.         0.         0.87748699 0.         0.         0.         0.         0.        ],[1. 0. 0. 0. 1. 0. 0. 0. 1. 0. 0. 1. 0. 0. 0. 1. 1. 1. 0. 1. 1. 0. 0. 0. 0. 1. 0. 0. 0. 0. 0.],10.0,10000,30,0.6,10,1,10,,problem_solving
4000,0.03211642541306792,0.004604174553104212,0.4,-12.97147449159822,[0.01600251 0.         0.         0.         0.01058006 0.         0.         0.         0.0133105  0.         0.         0.01166664 0.         0.         0.         0.01427669 0.0175573  0.01468655 0.         0.01352062 0.01091215 0.         0.         0.         0.         0.87748699 0.         0.         0.         0.         0.        ],[1. 0. 0. 0. 1. 0. 0. 0. 1. 0. 0. 1. 0. 0. 0. 1. 1. 1. 0. 1. 1. 0. 0. 0. 0. 1. 0. 0. 0. 0. 0.],10.0,10000,30,0.6,10,1,10,,problem_solving
4100,0.03211642541306792,0.004604174553104212,0.4,10.44573438783122,[0.01600251 0.         0.         0.         0.01058006 0.         0.         0.         0.0133105  0.         0.         0.01166664 0.         0.         0.         0.01427669 0.0175573  0.01468655 0.         0.01352062 0.01091215 0.         0.         0.         0.         0.87748699 0.         0.         0.         0.         0.        ],[1. 0. 0. 0. 1. 0. 0. 0. 1. 0. 0. 1. 0. 0. 0. 1. 1. 1. 0. 1. 1. 0. 0. 0. 0. 1. 0. 0. 0. 0. 0.],10.0,10000,30,0.6,10,1,10,,problem_solving
4200,0.03211642541306792,0.004604174553104212,0.4,-5.307941267456412,[0.01600251 0.         0.         0.         0.01058006 0.         0.         0.         0.0133105  0.         0.         0.01166664 0.         0.         0.         0.01427669 0.0175573  0.01468655 0.         0.01352062 0.01091215 0.         0.         0.         0.         0.87748699 0.         0.         0.         0.         0.        ],[1. 0. 0. 0. 1. 0. 0. 0. 1. 0. 0. 1. 0. 0. 0. 1. 1. 1. 0. 1. 1. 0. 0. 0. 0. 1. 0. 0. 0. 0. 0.],10.0,10000,30,0.6,10,1,10,,problem_solving
4300,0.03211642541306792,0.004604174553104212,0.4,-3.2232746937860317,[0.01600251 0.         0.         0.         0.01058006 0.         0.         0.         0.0133105  0.         0.         0.01166664 0.         0.         0.         0.01427669 0.0175573  0.01468655 0.         0.01352062 0.01091215 0.         0.         0.         0.         0.87748699 0.         0.         0.         0.         0.        ],[1. 0. 0. 0. 1. 0. 0. 0. 1. 0. 0. 1. 0. 0. 0. 1. 1. 1. 0. 1. 1. 0. 0. 0. 0. 1. 0. 0. 0. 0. 0.],10.0,10000,30,0.6,10,1,10,,problem_solving
4400,0.03211642541306792,0.004604174553104212,0.4,-3.363956102903676,[0.01600251 0.         0.         0.         0.01058006 0.         0.         0.         0.0133105  0.         0.         0.01166664 0.         0.         0.         0.01427669 0.0175573  0.01468655 0.         0.01352062 0.01091215 0.         0.         0.         0.         0.87748699 0.         0.         0.         0.         0.        ],[1. 0. 0. 0. 1. 0. 0. 0. 1. 0. 0. 1. 0. 0. 0. 1. 1. 1. 0. 1. 1. 0. 0. 0. 0. 1. 0. 0. 0. 0. 0.],10.0,10000,30,0.6,10,1,10,,problem_solving
4500,0.03211642541306792,0.004604174553104212,0.4,10.393850609889945,[0.01600251 0.         0.         0.         0.01058006 0.         0.         0.         0.0133105  0.         0.         0.01166664 0.         0.         0.         0.01427669 0.0175573  0.01468655 0.         0.01352062 0.01091215 0.         0.         0.         0.         0.87748699 0.         0.         0.         0.         0.        ],[1. 0. 0. 0. 1. 0. 0. 0. 1. 0. 0. 1. 0. 0. 0. 1. 1. 1. 0. 1. 1. 0. 0. 0. 0. 1. 0. 0. 0. 0. 0.],10.0,10000,30,0.6,10,1,10,,problem_solving
4600,0.03211642541306792,0.004604174553104212,0.4,-2.2908167877619907,[0.01600251 0.         0.         0.         0.01058006 0.         0.         0.         0.0133105  0.         0.         0.01166664 0.         0.         0.         0.01427669 0.0175573  0.01468655 0.         0.01352062 0.01091215 0.         0.         0.         0.         0.87748699 0.         0.         0.         0.         0.        ],[1. 0. 0. 0. 1. 0. 0. 0. 1. 0. 0. 1. 0. 0. 0. 1. 1. 1. 0. 1. 1. 0. 0. 0. 0. 1. 0. 0. 0. 0. 0.],10.0,10000,30,0.6,10,1,10,,problem_solving
4700,0.03211642541306792,0.004604174553104212,0.4,5.893377606684371,[0.01600251 0.         0.         0.         0.01058006 0.         0.         0.         0.0133105  0.         0.         0.01166664 0.         0.         0.         0.01427669 0.0175573  0.01468655 0.         0.01352062 0.01091215 0.         0.         0.         0.         0.87748699 0.         0.         0.         0.         0.        ],[1. 0. 0. 0. 1. 0. 0. 0. 1. 0. 0. 1. 0. 0. 0. 1. 1. 1. 0. 1. 1. 0. 0. 0. 0. 1. 0. 0. 0. 0. 0.],10.0,10000,30,0.6,10,1,10,,problem_solving
4800,0.03211642541306792,0.004604174553104212,0.4,1.1891996277445571,[0.01600251 0.         0.         0.         0.01058006 0.         0.         0.         0.0133105  0.         0.         0.01166664 0.         0.         0.         0.01427669 0.0175573  0.01468655 0.         0.01352062 0.01091215 0.         0.         0.         0.         0.87748699 0.         0.         0.         0.         0.        ],[1. 0. 0. 0. 1. 0. 0. 0. 1. 0. 0. 1. 0. 0. 0. 1. 1. 1. 0. 1. 1. 0. 0. 0. 0. 1. 0. 0. 0. 0. 0.],10.0,10000,30,0.6,10,1,10,,problem_solving
4900,0.03211642541306792,0.004604174553104212,0.4,6.782219152940736,[0.01600251 0.         0.         0.         0.01058006 0.         0.         0.         0.0133105  0.         0.         0.01166664 0.         0.         0.         0.01427669 0.0175573  0.01468655 0.         0.01352062 0.01091215 0.         0.         0.         0.         0.87748699 0.         0.         0.         0.         0.        ],[1. 0. 0. 0. 1. 0. 0. 0. 1. 0. 0. 1. 0. 0. 0. 1. 1. 1. 0. 1. 1. 0. 0. 0. 0. 1. 0. 0. 0. 0. 0.],10.0,10000,30,0.6,10,1,10,,problem_solving
5000,0.03211642541306792,0.004604174553104212,0.4,14.60904970475331,[0.01600251 0.         0.         0.         0.01058006 0.         0.         0.         0.0133105  0.         0.         0.01166664 0.         0.         0.         0.01427669 0.0175573  0.01468655 0.         0.01352062 0.01091215 0.         0.         0.         0.         0.87748699 0.         0.         0.         0.         0.        ],[1. 0. 0. 0. 1. 0. 0. 0. 1. 0. 0. 1. 0. 0. 0. 1. 1. 1. 0. 1. 1. 0. 0. 0. 0. 1. 0. 0. 0. 0. 0.],10.0,10000,30,0.6,10,1,10,,problem_solving
5100,0.03211642541306792,0.004604174553104212,0.4,2.0958727198267364,[0.01600251 0.         0.         0.         0.01058006 0.         0.         0.         0.0133105  0.         0.         0.01166664 0.         0.         0.         0.01427669 0.0175573  0.01468655 0.         0.01352062 0.01091215 0.         0.         0.         0.         0.87748699 0.         0.         0.         0.         0.        ],[1. 0. 0. 0. 1. 0. 0. 0. 1. 0. 0. 1. 0. 0. 0. 1. 1. 1. 0. 1. 1. 0. 0. 0. 0. 1. 0. 0. 0. 0. 0.],10.0,10000,30,0.6,10,1,10,,problem_solving
5200,0.03211642541306792,0.004604174553104212,0.4,7.134307614490714,[0.01600251 0.         0.         0.         0.01058006 0.         0.         0.         0.0133105  0.         0.         0.01166664 0.         0.         0.         0.01427669 0.0175573  0.01468655 0.         0.01352062 0.01091215 0.         0.         0.         0.         0.87748699 0.         0.         0.         0.         0.        ],[1. 0. 0. 0. 1. 0. 0. 0. 1. 0. 0. 1. 0. 0. 0. 1. 1. 1. 0. 1. 1. 0. 0. 0. 0. 1. 0. 0. 0. 0. 0.],10.0,10000,30,0.6,10,1,10,,problem_solving
5300,0.03211642541306792,0.004604174553104212,0.4,10.025472071450272,[0.01600251 0.         0.         0.         0.01058006 0.         0.         0.         0.0133105  0.         0.         0.01166664 0.         0.         0.         0.01427669 0.0175573  0.01468655 0.         0.01352062 0.01091215 0.         0.         0.         0.         0.87748699 0.         0.         0.         0.         0.        ],[1. 0. 0. 0. 1. 0. 0. 0. 1. 0. 0. 1. 0. 0. 0. 1. 1. 1. 0. 1. 1. 0. 0. 0. 0. 1. 0. 0. 0. 0. 0.],10.0,10000,30,0.6,10,1,10,,problem_solving
5400,0.03211642541306792,0.004604174553104212,0.4,16.84336870860567,[0.01600251 0.         0.         0.         0.01058006 0.         0.         0.         0.0133105  0.         0.         0.01166664 0.         0.         0.         0.01427669 0.0175573  0.01468655 0.         0.01352062 0.01091215 0.         0.         0.         0.         0.87748699 0.         0.         0.         0.         0.        ],[1. 0. 0. 0. 1. 0. 0. 0. 1. 0. 0. 1. 0. 0. 0. 1. 1. 1. 0. 1. 1. 0. 0. 0. 0. 1. 0. 0. 0. 0. 0.],10.0,10000,30,0.6,10,1,10,,problem_solving
5500,0.03211642541306792,0.004604174553104212,0.4,13.995650427173704,[0.01600251 0.         0.         0.         0.01058006 0.         0.         0.         0.0133105  0.         0.         0.01166664 0.         0.         0.         0.01427669 0.0175573  0.01468655 0.         0.01352062 0.01091215 0.         0.         0.         0.         0.87748699 0.         0.         0.         0.         0.        ],[1. 0. 0. 0. 1. 0. 0. 0. 1. 0. 0. 1. 0. 0. 0. 1. 1. 1. 0. 1. 1. 0. 0. 0. 0. 1. 0. 0. 0. 0. 0.],10.0,10000,30,0.6,10,1,10,,problem_solving
5600,0.03211642541306792,0.004604174553104212,0.4,14.785386747520871,[0.01600251 0.         0.         0.         0.01058006 0.         0.         0.         0.0133105  0.         0.         0.01166664 0.         0.         0.         0.01427669 0.0175573  0.01468655 0.         0.01352062 0.01091215 0.         0.         0.         0.         0.87748699 0.         0.         0.         0.         0.        ],[1. 0. 0. 0. 1. 0. 0. 0. 1. 0. 0. 1. 0. 0. 0. 1. 1. 1. 0. 1. 1. 0. 0. 0. 0. 1. 0. 0. 0. 0. 0.],10.0,10000,30,0.6,10,1,10,,problem_solving
5700,0.03211642541306792,0.004604174553104212,0.4,9.449277035267494,[0.01600251 0.         0.         0.         0.01058006 0.         0.         0.         0.0133105  0.         0.         0.01166664 0.         0.         0.         0.01427669 0.0175573  0.01468655 0.         0.01352062 0.01091215 0.         0.         0.         0.         0.87748699 0.         0.         0.         0.         0.        ],[1. 0. 0. 0. 1. 0. 0. 0. 1. 0. 0. 1. 0. 0. 0. 1. 1. 1. 0. 1. 1. 0. 0. 0. 0. 1. 0. 0. 0. 0. 0.],10.0,10000,30,0.6,10,1,10,,problem_solving
5800,0.03211642541306792,0.004604174553104212,0.4,-3.7757244364473186,[0.01600251 0.         0.         0.         0.01058006 0.         0.         0.         0.0133105  0.         0.         0.01166664 0.         0.         0.         0.01427669 0.0175573  0.01468655 0.         0.01352062 0.01091215 0.         0.         0.         0.         0.87748699 0.         0.         0.         0.         0.        ],[1. 0. 0. 0. 1. 0. 0. 0. 1. 0. 0. 1. 0. 0. 0. 1. 1. 1. 0. 1. 1. 0. 0. 0. 0. 1. 0. 0. 0. 0. 0.],10.0,10000,30,0.6,10,1,10,,problem_solving
5900,0.03211642541306792,0.004604174553104212,0.4,-4.524036108933245,[0.01600251 0.         0.         0.         0.01058006 0.         0.         0.         0.0133105  0.         0.         0.01166664 0.         0.         0.         0.01427669 0.0175573  0.01468655 0.         0.01352062 0.01091215 0.         0.         0.         0.         0.87748699 0.         0.         0.         0.         0.        ],[1. 0. 0. 0. 1. 0. 0. 0. 1. 0. 0. 1. 0. 0. 0. 1. 1. 1. 0. 1. 1. 0. 0. 0. 0. 1. 0. 0. 0. 0. 0.],10.0,10000,30,0.6,10,1,10,,problem_solving
6000,0.03211642541306792,0.004604174553104212,0.4,17.335463087660862,[0.01600251 0.         0.         0.         0.01058006 0.         0.         0.         0.0133105  0.         0.         0.01166664 0.         0.         0.         0.01427669 0.0175573  0.01468655 0.         0.01352062 0.01091215 0.         0.         0.         0.         0.87748699 0.         0.         0.         0.         0.        ],[1. 0. 0. 0. 1. 0. 0. 0. 1. 0. 0. 1. 0. 0. 0. 1. 1. 1. 0. 1. 1. 0. 0. 0. 0. 1. 0. 0. 0. 0. 0.],10.0,10000,30,0.6,10,1,10,,problem_solving
6100,0.03211642541306792,0.004604174553104212,0.4,-11.356381721554637,[0.01600251 0.         0.         0.         0.01058006 0.         0.         0.         0.0133105  0.         0.         0.01166664 0.         0.         0.         0.01427669 0.0175573  0.01468655 0.         0.01352062 0.01091215 0.         0.         0.         0.         0.87748699 0.         0.         0.         0.         0.        ],[1. 0. 0. 0. 1. 0. 0. 0. 1. 0. 0. 1. 0. 0. 0. 1. 1. 1. 0. 1. 1. 0. 0. 0. 0. 1. 0. 0. 0. 0. 0.],10.0,10000,30,0.6,10,1,10,,problem_solving
6200,0.03211642541306792,0.004604174553104212,0.4,10.83421553349571,[0.01600251 0.         0.         0.         0.01058006 0.         0.         0.         0.0133105  0.         0.         0.01166664 0.         0.         0.         0.01427669 0.0175573  0.01468655 0.         0.01352062 0.01091215 0.         0.         0.         0.         0.87748699 0.         0.         0.         0.         0.        ],[1. 0. 0. 0. 1. 0. 0. 0. 1. 0. 0. 1. 0. 0. 0. 1. 1. 1. 0. 1. 1. 0. 0. 0. 0. 1. 0. 0. 0. 0. 0.],10.0,10000,30,0.6,10,1,10,,problem_solving
6300,0.03211642541306792,0.004604174553104212,0.4,-1.03459591627878,[0.01600251 0.         0.         0.         0.01058006 0.         0.         0.         0.0133105  0.         0.         0.01166664 0.         0.         0.         0.01427669 0.0175573  0.01468655 0.         0.01352062 0.01091215 0.         0.         0.         0.         0.87748699 0.         0.         0.         0.         0.        ],[1. 0. 0. 0. 1. 0. 0. 0. 1. 0. 0. 1. 0. 0. 0. 1. 1. 1. 0. 1. 1. 0. 0. 0. 0. 1. 0. 0. 0. 0. 0.],10.0,10000,30,0.6,10,1,10,,problem_solving
6400,0.03211642541306792,0.004604174553104212,0.4,1.9266594159673123,[0.01600251 0.         0.         0.         0.01058006 0.         0.         0.         0.0133105  0.         0.         0.01166664 0.         0.         0.         0.01427669 0.0175573  0.01468655 0.         0.01352062 0.01091215 0.         0.         0.         0.         0.87748699 0.         0.         0.         0.         0.        ],[1. 0. 0. 0. 1. 0. 0. 0. 1. 0. 0. 1. 0. 0. 0. 1. 1. 1. 0. 1. 1. 0. 0. 0. 0. 1. 0. 0. 0. 0. 0.],10.0,10000,30,0.6,10,1,10,,problem_solving
6500,0.03211642541306792,0.004604174553104212,0.4,5.176805499799101,[0.01600251 0.         0.         0.         0.01058006 0.         0.         0.         0.0133105  0.         0.         0.01166664 0.         0.         0.         0.01427669 0.0175573  0.01468655 0.         0.01352062 0.01091215 0.         0.         0.         0.         0.87748699 0.         0.         0.         0.         0.        ],[1. 0. 0. 0. 1. 0. 0. 0. 1. 0. 0. 1. 0. 0. 0. 1. 1. 1. 0. 1. 1. 0. 0. 0. 0. 1. 0. 0. 0. 0. 0.],10.0,10000,30,0.6,10,1,10,,problem_solving
6600,0.03211642541306792,0.004604174553104212,0.4,8.234406535584144,[0.01600251 0.         0.         0.         0.01058006 0.         0.         0.         0.0133105  0.         0.         0.01166664 0.         0.         0.         0.01427669 0.0175573  0.01468655 0.         0.01352062 0.01091215 0.         0.         0.         0.         0.87748699 0.         0.         0.         0.         0.        ],[1. 0. 0. 0. 1. 0. 0. 0. 1. 0. 0. 1. 0. 0. 0. 1. 1. 1. 0. 1. 1. 0. 0. 0. 0. 1. 0. 0. 0. 0. 0.],10.0,10000,30,0.6,10,1,10,,problem_solving
6700,0.03211642541306792,0.004604174553104212,0.4,17.366752048040656,[0.01600251 0.         0.         0.         0.01058006 0.         0.         0.         0.0133105  0.         0.         0.01166664 0.         0.         0.         0.01427669 0.0175573  0.01468655 0.         0.01352062 0.01091215 0.         0.         0.         0.         0.87748699 0.         0.         0.         0.         0.        ],[1. 0. 0. 0. 1. 0. 0. 0. 1. 0. 0. 1. 0. 0. 0. 1. 1. 1. 0. 1. 1. 0. 0. 0. 0. 1. 0. 0. 0. 0. 0.],10.0,10000,30,0.6,10,1,10,,problem_solving
6800,0.03211642541306792,0.004604174553104212,0.4,10.411589042673999,[0.01600251 0.         0.         0.         0.01058006 0.         0.         0.         0.0133105  0.         0.         0.01166664 0.         0.         0.         0.01427669 0.0175573  0.01468655 0.         0.01352062 0.01091215 0.         0.         0.         0.         0.87748699 0.         0.         0.         0.         0.        ],[1. 0. 0. 0. 1. 0. 0. 0. 1. 0. 0. 1. 0. 0. 0. 1. 1. 1. 0. 1. 1. 0. 0. 0. 0. 1. 0. 0. 0. 0. 0.],10.0,10000,30,0.6,10,1,10,,problem_solving
6900,0.03211642541306792,0.004604174553104212,0.4,10.960036245160937,[0.01600251 0.         0.         0.         0.01058006 0.         0.         0.         0.0133105  0.         0.         0.01166664 0.         0.         0.         0.01427669 0.0175573  0.01468655 0.         0.01352062 0.01091215 0.         0.         0.         0.         0.87748699 0.         0.         0.         0.         0.        ],[1. 0. 0. 0. 1. 0. 0. 0. 1. 0. 0. 1. 0. 0. 0. 1. 1. 1. 0. 1. 1. 0. 0. 0. 0. 1. 0. 0. 0. 0. 0.],10.0,10000,30,0.6,10,1,10,,problem_solving
7000,0.03211642541306792,0.004604174553104212,0.4,9.345775710392957,[0.01600251 0.         0.         0.         0.01058006 0.         0.         0.         0.0133105  0.         0.         0.01166664 0.         0.         0.         0.01427669 0.0175573  0.01468655 0.         0.01352062 0.01091215 0.         0.         0.         0.         0.87748699 0.         0.         0.         0.         0.        ],[1. 0. 0. 0. 1. 0. 0. 0. 1. 0. 0. 1. 0. 0. 0. 1. 1. 1. 0. 1. 1. 0. 0. 0. 0. 1. 0. 0. 0. 0. 0.],10.0,10000,30,0.6,10,1,10,,problem_solving
7100,0.03211642541306792,0.004604174553104212,0.4,11.511351171698623,[0.01600251 0.         0.         0.         0.01058006 0.         0.         0.         0.0133105  0.         0.         0.01166664 0.         0.         0.         0.01427669 0.0175573  0.01468655 0.         0.01352062 0.01091215 0.         0.         0.         0.         0.87748699 0.         0.         0.         0.         0.        ],[1. 0. 0. 0. 1. 0. 0. 0. 1. 0. 0. 1. 0. 0. 0. 1. 1. 1. 0. 1. 1. 0. 0. 0. 0. 1. 0. 0. 0. 0. 0.],10.0,10000,30,0.6,10,1,10,,problem_solving
7200,0.03211642541306792,0.004604174553104212,0.4,-5.363828533095758,[0.01600251 0.         0.         0.         0.01058006 0.         0.         0.         0.0133105  0.         0.         0.01166664 0.         0.         0.         0.01427669 0.0175573  0.01468655 0.         0.01352062 0.01091215 0.         0.         0.         0.         0.87748699 0.         0.         0.         0.         0.        ],[1. 0. 0. 0. 1. 0. 0. 0. 1. 0. 0. 1. 0. 0. 0. 1. 1. 1. 0. 1. 1. 0. 0. 0. 0. 1. 0. 0. 0. 0. 0.],10.0,10000,30,0.6,10,1,10,,problem_solving
7300,0.03211642541306792,0.004604174553104212,0.4,-9.239900942797822,[0.01600251 0.         0.         0.         0.01058006 0.         0.         0.         0.0133105  0.         0.         0.01166664 0.         0.         0.         0.01427669 0.0175573  0.01468655 0.         0.01352062 0.01091215 0.         0.         0.         0.         0.87748699 0.         0.         0.         0.         0.        ],[1. 0. 0. 0. 1. 0. 0. 0. 1. 0. 0. 1. 0. 0. 0. 1. 1. 1. 0. 1. 1. 0. 0. 0. 0. 1. 0. 0. 0. 0. 0.],10.0,10000,30,0.6,10,1,10,,problem_solving
7400,0.03211642541306792,0.004604174553104212,0.4,-1.2695483880009677,[0.01600251 0.         0.         0.         0.01058006 0.         0.         0.         0.0133105  0.         0.         0.01166664 0.         0.         0.         0.01427669 0.0175573  0.01468655 0.         0.01352062 0.01091215 0.         0.         0.         0.         0.87748699 0.         0.         0.         0.         0.        ],[1. 0. 0. 0. 1. 0. 0. 0. 1. 0. 0. 1. 0. 0. 0. 1. 1. 1. 0. 1. 1. 0. 0. 0. 0. 1. 0. 0. 0. 0. 0.],10.0,10000,30,0.6,10,1,10,,problem_solving
7500,0.03211642541306792,0.004604174553104212,0.4,-11.592578842877025,[0.01600251 0.         0.         0.         0.01058006 0.         0.         0.         0.0133105  0.         0.         0.01166664 0.         0.         0.         0.01427669 0.0175573  0.01468655 0.         0.01352062 0.01091215 0.         0.         0.         0.         0.87748699 0.         0.         0.         0.         0.        ],[1. 0. 0. 0. 1. 0. 0. 0. 1. 0. 0. 1. 0. 0. 0. 1. 1. 1. 0. 1. 1. 0. 0. 0. 0. 1. 0. 0. 0. 0. 0.],10.0,10000,30,0.6,10,1,10,,problem_solving
7600,0.03211642541306792,0.004604174553104212,0.4,16.17256182170504,[0.01600251 0.         0.         0.         0.01058006 0.         0.         0.         0.0133105  0.         0.         0.01166664 0.         0.         0.         0.01427669 0.0175573  0.01468655 0.         0.01352062 0.01091215 0.         0.         0.         0.         0.87748699 0.         0.         0.         0.         0.        ],[1. 0. 0. 0. 1. 0. 0. 0. 1. 0. 0. 1. 0. 0. 0. 1. 1. 1. 0. 1. 1. 0. 0. 0. 0. 1. 0. 0. 0. 0. 0.],10.0,10000,30,0.6,10,1,10,,problem_solving
7700,0.03211642541306792,0.004604174553104212,0.4,-0.05932474329377838,[0.01600251 0.         0.         0.         0.01058006 0.         0.         0.         0.0133105  0.         0.         0.01166664 0.         0.         0.         0.01427669 0.0175573  0.01468655 0.         0.01352062 0.01091215 0.         0.         0.         0.         0.87748699 0.         0.         0.         0.         0.        ],[1. 0. 0. 0. 1. 0. 0. 0. 1. 0. 0. 1. 0. 0. 0. 1. 1. 1. 0. 1. 1. 0. 0. 0. 0. 1. 0. 0. 0. 0. 0.],10.0,10000,30,0.6,10,1,10,,problem_solving
7800,0.03211642541306792,0.004604174553104212,0.4,-9.160841071972934,[0.01600251 0.         0.         0.         0.01058006 0.         0.         0.         0.0133105  0.         0.         0.01166664 0.         0.         0.         0.01427669 0.0175573  0.01468655 0.         0.01352062 0.01091215 0.         0.         0.         0.         0.87748699 0.         0.         0.         0.         0.        ],[1. 0. 0. 0. 1. 0. 0. 0. 1. 0. 0. 1. 0. 0. 0. 1. 1. 1. 0. 1. 1. 0. 0. 0. 0. 1. 0. 0. 0. 0. 0.],10.0,10000,30,0.6,10,1,10,,problem_solving
7900,0.03211642541306792,0.004604174553104212,0.4,2.5835740981587376,[0.01600251 0.         0.         0.         0.01058006 0.         0.         0.         0.0133105  0.         0.         0.01166664 0.         0.         0.         0.01427669 0.0175573  0.01468655 0.         0.01352062 0.01091215 0.         0.         0.         0.         0.87748699 0.         0.         0.         0.         0.        ],[1. 0. 0. 0. 1. 0. 0. 0. 1. 0. 0. 1. 0. 0. 0. 1. 1. 1. 0. 1. 1. 0. 0. 0. 0. 1. 0. 0. 0. 0. 0.],10.0,10000,30,0.6,10,1,10,,problem_solving
8000,0.03211642541306792,0.004604174553104212,0.4,8.820688654367451,[0.01600251 0.         0.         0.         0.01058006 0.         0.         0.         0.0133105  0.         0.         0.01166664 0.         0.         0.         0.01427669 0.0175573  0.01468655 0.         0.01352062 0.01091215 0.         0.         0.         0.         0.87748699 0.         0.         0.         0.         0.        ],[1. 0. 0. 0. 1. 0. 0. 0. 1. 0. 0. 1. 0. 0. 0. 1. 1. 1. 0. 1. 1. 0. 0. 0. 0. 1. 0. 0. 0. 0. 0.],10.0,10000,30,0.6,10,1,10,,problem_solving
8100,0.03211642541306792,0.004604174553104212,0.4,-3.334117121789583,[0.01600251 0.         0.         0.         0.01058006 0.         0.         0.         0.0133105  0.         0.         0.01166664 0.         0.         0.         0.01427669 0.0175573  0.01468655 0.         0.01352062 0.01091215 0.         0.         0.         0.         0.87748699 0.         0.         0.         0.         0.        ],[1. 0. 0. 0. 1. 0. 0. 0. 1. 0. 0. 1. 0. 0. 0. 1. 1. 1. 0. 1. 1. 0. 0. 0. 0. 1. 0. 0. 0. 0. 0.],10.0,10000,30,0.6,10,1,10,,problem_solving
8200,0.03211642541306792,0.004604174553104212,0.4,8.909774844838537,[0.01600251 0.         0.         0.         0.01058006 0.         0.         0.         0.0133105  0.         0.         0.01166664 0.         0.         0.         0.01427669 0.0175573  0.01468655 0.         0.01352062 0.01091215 0.         0.         0.         0.         0.87748699 0.         0.         0.         0.         0.        ],[1. 0. 0. 0. 1. 0. 0. 0. 1. 0. 0. 1. 0. 0. 0. 1. 1. 1. 0. 1. 1. 0. 0. 0. 0. 1. 0. 0. 0. 0. 0.],10.0,10000,30,0.6,10,1,10,,problem_solving
8300,0.03211642541306792,0.004604174553104212,0.4,-0.08415022843252634,[0.01600251 0.         0.         0.         0.01058006 0.         0.         0.         0.0133105  0.         0.         0.01166664 0.         0.         0.         0.01427669 0.0175573  0.01468655 0.         0.01352062 0.01091215 0.         0.         0.         0.         0.87748699 0.         0.         0.         0.         0.        ],[1. 0. 0. 0. 1. 0. 0. 0. 1. 0. 0. 1. 0. 0. 0. 1. 1. 1. 0. 1. 1. 0. 0. 0. 0. 1. 0. 0. 0. 0. 0.],10.0,10000,30,0.6,10,1,10,,problem_solving
8400,0.03211642541306792,0.004604174553104212,0.4,-18.508519211870322,[0.01600251 0.         0.         0.         0.01058006 0.         0.         0.         0.0133105  0.         0.         0.01166664 0.         0.         0.         0.01427669 0.0175573  0.01468655 0.         0.01352062 0.01091215 0.         0.         0.         0.         0.87748699 0.         0.         0.         0.         0.        ],[1. 0. 0. 0. 1. 0. 0. 0. 1. 0. 0. 1. 0. 0. 0. 1. 1. 1. 0. 1. 1. 0. 0. 0. 0. 1. 0. 0. 0. 0. 0.],10.0,10000,30,0.6,10,1,10,,problem_solving
8500,0.03211642541306792,0.004604174553104212,0.4,-7.846198292467964,[0.01600251 0.         0.         0.         0.01058006 0.         0.         0.         0.0133105  0.         0.         0.01166664 0.         0.         0.         0.01427669 0.0175573  0.01468655 0.         0.01352062 0.01091215 0.         0.         0.         0.         0.87748699 0.         0.         0.         0.         0.        ],[1. 0. 0. 0. 1. 0. 0. 0. 1. 0. 0. 1. 0. 0. 0. 1. 1. 1. 0. 1. 1. 0. 0. 0. 0. 1. 0. 0. 0. 0. 0.],10.0,10000,30,0.6,10,1,10,,problem_solving
8600,0.03211642541306792,0.004604174553104212,0.4,-2.950421380562973,[0.01600251 0.         0.         0.         0.01058006 0.         0.         0.         0.0133105  0.         0.         0.01166664 0.         0.         0.         0.01427669 0.0175573  0.01468655 0.         0.01352062 0.01091215 0.         0.         0.         0.         0.87748699 0.         0.         0.         0.         0.        ],[1. 0. 0. 0. 1. 0. 0. 0. 1. 0. 0. 1. 0. 0. 0. 1. 1. 1. 0. 1. 1. 0. 0. 0. 0. 1. 0. 0. 0. 0. 0.],10.0,10000,30,0.6,10,1,10,,problem_solving
8700,0.03211642541306792,0.004604174553104212,0.4,1.1804028476107034,[0.01600251 0.         0.         0.         0.01058006 0.         0.         0.         0.0133105  0.         0.         0.01166664 0.         0.         0.         0.01427669 0.0175573  0.01468655 0.         0.01352062 0.01091215 0.         0.         0.         0.         0.87748699 0.         0.         0.         0.         0.        ],[1. 0. 0. 0. 1. 0. 0. 0. 1. 0. 0. 1. 0. 0. 0. 1. 1. 1. 0. 1. 1. 0. 0. 0. 0. 1. 0. 0. 0. 0. 0.],10.0,10000,30,0.6,10,1,10,,problem_solving
8800,0.03211642541306792,0.004604174553104212,0.4,-3.1209224022905673,[0.01600251 0.         0.         0.         0.01058006 0.         0.         0.         0.0133105  0.         0.         0.01166664 0.         0.         0.         0.01427669 0.0175573  0.01468655 0.         0.01352062 0.01091215 0.         0.         0.         0.         0.87748699 0.         0.         0.         0.         0.        ],[1. 0. 0. 0. 1. 0. 0. 0. 1. 0. 0. 1. 0. 0. 0. 1. 1. 1. 0. 1. 1. 0. 0. 0. 0. 1. 0. 0. 0. 0. 0.],10.0,10000,30,0.6,10,1,10,,problem_solving
8900,0.03211642541306792,0.004604174553104212,0.4,8.175420055255127,[0.01600251 0.         0.         0.         0.01058006 0.         0.         0.         0.0133105  0.         0.         0.01166664 0.         0.         0.         0.01427669 0.0175573  0.01468655 0.         0.01352062 0.01091215 0.         0.         0.         0.         0.87748699 0.         0.         0.         0.         0.        ],[1. 0. 0. 0. 1. 0. 0. 0. 1. 0. 0. 1. 0. 0. 0. 1. 1. 1. 0. 1. 1. 0. 0. 0. 0. 1. 0. 0. 0. 0. 0.],10.0,10000,30,0.6,10,1,10,,problem_solving
9000,0.03211642541306792,0.004604174553104212,0.4,-5.328209390321423,[0.01600251 0.         0.         0.         0.01058006 0.         0.         0.         0.0133105  0.         0.         0.01166664 0.         0.         0.         0.01427669 0.0175573  0.01468655 0.         0.01352062 0.01091215 0.         0.         0.         0.         0.87748699 0.         0.         0.         0.         0.        ],[1. 0. 0. 0. 1. 0. 0. 0. 1. 0. 0. 1. 0. 0. 0. 1. 1. 1. 0. 1. 1. 0. 0. 0. 0. 1. 0. 0. 0. 0. 0.],10.0,10000,30,0.6,10,1,10,,problem_solving
9100,0.03211642541306792,0.004604174553104212,0.4,5.255750293389633,[0.01600251 0.         0.         0.         0.01058006 0.         0.         0.         0.0133105  0.         0.         0.01166664 0.         0.         0.         0.01427669 0.0175573  0.01468655 0.         0.01352062 0.01091215 0.         0.         0.         0.         0.87748699 0.         0.         0.         0.         0.        ],[1. 0. 0. 0. 1. 0. 0. 0. 1. 0. 0. 1. 0. 0. 0. 1. 1. 1. 0. 1. 1. 0. 0. 0. 0. 1. 0. 0. 0. 0. 0.],10.0,10000,30,0.6,10,1,10,,problem_solving
9200,0.03211642541306792,0.004604174553104212,0.4,-4.372947010522303,[0.01600251 0.         0.         0.         0.01058006 0.         0.         0.         0.0133105  0.         0.         0.01166664 0.         0.         0.         0.01427669 0.0175573  0.01468655 0.         0.01352062 0.01091215 0.         0.         0.         0.         0.87748699 0.         0.         0.         0.         0.        ],[1. 0. 0. 0. 1. 0. 0. 0. 1. 0. 0. 1. 0. 0. 0. 1. 1. 1. 0. 1. 1. 0. 0. 0. 0. 1. 0. 0. 0. 0. 0.],10.0,10000,30,0.6,10,1,10,,problem_solving
9300,0.03211642541306792,0.004604174553104212,0.4,5.847361080581978,[0.01600251 0.         0.         0.         0.01058006 0.         0.         0.         0.0133105  0.         0.         0.01166664 0.         0.         0.         0.01427669 0.0175573  0.01468655 0.         0.01352062 0.01091215 0.         0.         0.         0.         0.87748699 0.         0.         0.         0.         0.        ],[1. 0. 0. 0. 1. 0. 0. 0. 1. 0. 0. 1. 0. 0. 0. 1. 1. 1. 0. 1. 1. 0. 0. 0. 0. 1. 0. 0. 0. 0. 0.],10.0,10000,30,0.6,10,1,10,,problem_solving
9400,0.03211642541306792,0.004604174553104212,0.4,7.792037778217809,[0.01600251 0.         0.         0.         0.01058006 0.         0.         0.         0.0133105  0.         0.         0.01166664 0.         0.         0.         0.01427669 0.0175573  0.01468655 0.         0.01352062 0.01091215 0.         0.         0.         0.         0.87748699 0.         0.         0.         0.         0.        ],[1. 0. 0. 0. 1. 0. 0. 0. 1. 0. 0. 1. 0. 0. 0. 1. 1. 1. 0. 1. 1. 0. 0. 0. 0. 1. 0. 0. 0. 0. 0.],10.0,10000,30,0.6,10,1,10,,problem_solving
9500,0.03211642541306792,0.004604174553104212,0.4,-8.402580526870965,[0.01600251 0.         0.         0.         0.01058006 0.         0.         0.         0.0133105  0.         0.         0.01166664 0.         0.         0.         0.01427669 0.0175573  0.01468655 0.         0.01352062 0.01091215 0.         0.         0.         0.         0.87748699 0.         0.         0.         0.         0.        ],[1. 0. 0. 0. 1. 0. 0. 0. 1. 0. 0. 1. 0. 0. 0. 1. 1. 1. 0. 1. 1. 0. 0. 0. 0. 1. 0. 0. 0. 0. 0.],10.0,10000,30,0.6,10,1,10,,problem_solving
9600,0.03211642541306792,0.004604174553104212,0.4,8.822309941911934,[0.01600251 0.         0.         0.         0.01058006 0.         0.         0.         0.0133105  0.         0.         0.01166664 0.         0.         0.         0.01427669 0.0175573  0.01468655 0.         0.01352062 0.01091215 0.         0.         0.         0.         0.87748699 0.         0.         0.         0.         0.        ],[1. 0. 0. 0. 1. 0. 0. 0. 1. 0. 0. 1. 0. 0. 0. 1. 1. 1. 0. 1. 1. 0. 0. 0. 0. 1. 0. 0. 0. 0. 0.],10.0,10000,30,0.6,10,1,10,,problem_solving
9700,0.03211642541306792,0.004604174553104212,0.4,-2.6514488608006492,[0.01600251 0.         0.         0.         0.01058006 0.         0.         0.         0.0133105  0.         0.         0.01166664 0.         0.         0.         0.01427669 0.0175573  0.01468655 0.         0.01352062 0.01091215 0.         0.         0.         0.         0.87748699 0.         0.         0.         0.         0.        ],[1. 0. 0. 0. 1. 0. 0. 0. 1. 0. 0. 1. 0. 0. 0. 1. 1. 1. 0. 1. 1. 0. 0. 0. 0. 1. 0. 0. 0. 0. 0.],10.0,10000,30,0.6,10,1,10,,problem_solving
9800,0.03211642541306792,0.004604174553104212,0.4,-2.6301360532934623,[0.01600251 0.         0.         0.         0.01058006 0.         0.         0.         0.0133105  0.         0.         0.01166664 0.         0.         0.         0.01427669 0.0175573  0.01468655 0.         0.01352062 0.01091215 0.         0.         0.         0.         0.87748699 0.         0.         0.         0.         0.        ],[1. 0. 0. 0. 1. 0. 0. 0. 1. 0. 0. 1. 0. 0. 0. 1. 1. 1. 0. 1. 1. 0. 0. 0. 0. 1. 0. 0. 0. 0. 0.],10.0,10000,30,0.6,10,1,10,,problem_solving
9900,0.03211642541306792,0.004604174553104212,0.4,13.059111491658108,[0.01600251 0.         0.         0.         0.01058006 0.         0.         0.         0.0133105  0.         0.         0.01166664 0.         0.         0.         0.01427669 0.0175573  0.01468655 0.         0.01352062 0.01091215 0.         0.         0.         0.         0.87748699 0.         0.         0.         0.         0.        ],[1. 0. 0. 0. 1. 0. 0. 0. 1. 0. 0. 1. 0. 0. 0. 1. 1. 1. 0. 1. 1. 0. 0. 0. 0. 1. 0. 0. 0. 0. 0.],10.0,10000,30,0.6,10,1,10,,problem_solving
9999,0.03211642541306792,0.004604174553104212,0.4,1.09264016532667,[0.01600251 0.         0.         0.         0.01058006 0.         0.         0.         0.0133105  0.         0.         0.01166664 0.         0.         0.         0.01427669 0.0175573  0.01468655 0.         0.01352062 0.01091215 0.         0.         0.         0.         0.87748699 0.         0.         0.         0.         0.        ],[1. 0. 0. 0. 1. 0. 0. 0. 1. 0. 0. 1. 0. 0. 0. 1. 1. 1. 0. 1. 1. 0. 0. 0. 0. 1. 0. 0. 0. 0. 0.],10.0,10000,30,0.6,10,1,10,,problem_solving
