iter,cost,return,par,move,X,Z,Q,max_iter,mem_size,mem_consider,sigma,port_n,k,seed,tag
1,0.005778487508547619,0.00514412425602721,0.4,-1.5353480331957368,[0.         0.         0.         0.         0.         0.         0.         0.         0.         0.         0.         0.97979199 0.         0.         0.         0.         0.         0.         0.         0.         0.         0.         0.         0.         0.         0.         0.         0.02020801 0.         0.         0.        ],[0. 0. 0. 0. 0. 0. 0. 0. 0. 0. 0. 1. 0. 0. 0. 0. 0. 0. 0. 0. 0. 0. 0. 0. 0. 0. 0. 1. 0. 0. 0.],2.0,10000,30,0.6,10,1,2,,problem_solving
100,0.005778487508547619,0.00514412425602721,0.4,-15.028820429493381,[0.         0.         0.         0.         0.         0.         0.         0.         0.         0.         0.         0.97979199 0.         0.         0.         0.         0.         0.         0.         0.         0.         0.         0.         0.         0.         0.         0.         0.02020801 0.         0.         0.        ],[0. 0. 0. 0. 0. 0. 0. 0. 0. 0. 0. 1. 0. 0. 0. 0. 0. 0. 0. 0. 0. 0. 0. 0. 0. 0. 0. 1. 0. 0. 0.],2.0,10000,30,0.6,10,1,2,,problem_solving
200,0.005778487508547619,0.00514412425602721,0.4,-16.038497576238665,[0.         0.         0.         0.         0.         0.         0.         0.         0.         0.         0.         0.97979199 0.         0.         0.         0.         0.         0.         0.         0.         0.         0.         0.         0.         0.         0.         0.         0.02020801 0.         0.         0.        ],[0. 0. 0. 0. 0. 0. 0. 0. 0. 0. 0. 1. 0. 0. 0. 0. 0. 0. 0. 0. 0. 0. 0. 0. 0. 0. 0. 1. 0. 0. 0.],2.0,10000,30,0.6,10,1,2,,problem_solving
300,0.005778487508547619,0.00514412425602721,0.4,0.4103239720200918,[0.         0.         0.         0.         0.         0.         0.         0.         0.         0.         0.         0.97979199 0.         0.         0.         0.         0.         0.         0.         0.         0.         0.         0.         0.         0.         0.         0.         0.02020801 0.         0.         0.        ],[0. 0. 0. 0. 0. 0. 0. 0. 0. 0. 0. 1. 0. 0. 0. 0. 0. 0. 0. 0. 0. 0. 0. 0. 0. 0. 0. 1. 0. 0. 0.],2.0,10000,30,0.6,10,1,2,,problem_solving
400,0.005778487508547619,0.00514412425602721,0.4,1.6287064367631316,[0.         0.         0.         0.         0.         0.         0.         0.         0.         0.         0.         0.97979199 0.         0.         0.         0.         0.         0.         0.         0.         0.         0.         0.         0.         0.         0.         0.         0.02020801 0.         0.         0.        ],[0. 0. 0. 0. 0. 0. 0. 0. 0. 0. 0. 1. 0. 0. 0. 0. 0. 0. 0. 0. 0. 0. 0. 0. 0. 0. 0. 1. 0. 0. 0.],2.0,10000,30,0.6,10,1,2,,problem_solving
500,0.005778487508547619,0.00514412425602721,0.4,6.649616145268661,[0.         0.         0.         0.         0.         0.         0.         0.         0.         0.         0.         0.97979199 0.         0.         0.         0.         0.         0.         0.         0.         0.         0.         0.         0.         0.         0.         0.         0.02020801 0.         0.         0.        ],[0. 0. 0. 0. 0. 0. 0. 0. 0. 0. 0. 1. 0. 0. 0. 0. 0. 0. 0. 0. 0. 0. 0. 0. 0. 0. 0. 1. 0. 0. 0.],2.0,10000,30,0.6,10,1,2,,problem_solving
600,0.005778487508547619,0.00514412425602721,0.4,-8.576074551663028,[0.         0.         0.         0.         0.         0.         0.         0.         0.         0.         0.         0.97979199 0.         0.         0.         0.         0.         0.         0.         0.         0.         0.         0.         0.         0.         0.         0.         0.02020801 0.         0.         0.        ],[0. 0. 0. 0. 0. 0. 0. 0. 0. 0. 0. 1. 0. 0. 0. 0. 0. 0. 0. 0. 0. 0. 0. 0. 0. 0. 0. 1. 0. 0. 0.],2.0,10000,30,0.6,10,1,2,,problem_solving
700,0.005778487508547619,0.00514412425602721,0.4,2.624644641635604,[0.         0.         0.         0.         0.         0.         0.         0.         0.         0.         0.         0.97979199 0.         0.         0.         0.         0.         0.         0.         0.         0.         0.         0.         0.         0.         0.         0.         0.02020801 0.         0.         0.        ],[0. 0. 0. 0. 0. 0. 0. 0. 0. 0. 0. 1. 0. 0. 0. 0. 0. 0. 0. 0. 0. 0. 0. 0. 0. 0. 0. 1. 0. 0. 0.],2.0,10000,30,0.6,10,1,2,,problem_solving
800,0.005778487508547619,0.00514412425602721,0.4,12.008420612497856,[0.         0.         0.         0.         0.         0.         0.         0.         0.         0.         0.         0.97979199 0.         0.         0.         0.         0.         0.         0.         0.         0.         0.         0.         0.         0.         0.         0.         0.02020801 0.         0.         0.        ],[0. 0. 0. 0. 0. 0. 0. 0. 0. 0. 0. 1. 0. 0. 0. 0. 0. 0. 0. 0. 0. 0. 0. 0. 0. 0. 0. 1. 0. 0. 0.],2.0,10000,30,0.6,10,1,2,,problem_solving
900,0.005778487508547619,0.00514412425602721,0.4,4.045371718207732,[0.         0.         0.         0.         0.         0.         0.         0.         0.         0.         0.         0.97979199 0.         0.         0.         0.         0.         0.         0.         0.         0.         0.         0.         0.         0.         0.         0.         0.02020801 0.         0.         0.        ],[0. 0. 0. 0. 0. 0. 0. 0. 0. 0. 0. 1. 0. 0. 0. 0. 0. 0. 0. 0. 0. 0. 0. 0. 0. 0. 0. 1. 0. 0. 0.],2.0,10000,30,0.6,10,1,2,,problem_solving
1000,0.005778487508547619,0.00514412425602721,0.4,14.691102939334975,[0.         0.         0.         0.         0.         0.         0.         0.         0.         0.         0.         0.97979199 0.         0.         0.         0.         0.         0.         0.         0.         0.         0.         0.         0.         0.         0.         0.         0.02020801 0.         0.         0.        ],[0. 0. 0. 0. 0. 0. 0. 0. 0. 0. 0. 1. 0. 0. 0. 0. 0. 0. 0. 0. 0. 0. 0. 0. 0. 0. 0. 1. 0. 0. 0.],2.0,10000,30,0.6,10,1,2,,problem_solving
1100,0.005778487508547619,0.00514412425602721,0.4,16.40264967721782,[0.         0.         0.         0.         0.         0.         0.         0.         0.         0.         0.         0.97979199 0.         0.         0.         0.         0.         0.         0.         0.         0.         0.         0.         0.         0.         0.         0.         0.02020801 0.         0.         0.        ],[0. 0. 0. 0. 0. 0. 0. 0. 0. 0. 0. 1. 0. 0. 0. 0. 0. 0. 0. 0. 0. 0. 0. 0. 0. 0. 0. 1. 0. 0. 0.],2.0,10000,30,0.6,10,1,2,,problem_solving
1200,0.005778487508547619,0.00514412425602721,0.4,7.417973155645418,[0.         0.         0.         0.         0.         0.         0.         0.         0.         0.         0.         0.97979199 0.         0.         0.         0.         0.         0.         0.         0.         0.         0.         0.         0.         0.         0.         0.         0.02020801 0.         0.         0.        ],[0. 0. 0. 0. 0. 0. 0. 0. 0. 0. 0. 1. 0. 0. 0. 0. 0. 0. 0. 0. 0. 0. 0. 0. 0. 0. 0. 1. 0. 0. 0.],2.0,10000,30,0.6,10,1,2,,problem_solving
1300,0.005778487508547619,0.00514412425602721,0.4,-3.316380718867531,[0.         0.         0.         0.         0.         0.         0.         0.         0.         0.         0.         0.97979199 0.         0.         0.         0.         0.         0.         0.         0.         0.         0.         0.         0.         0.         0.         0.         0.02020801 0.         0.         0.        ],[0. 0. 0. 0. 0. 0. 0. 0. 0. 0. 0. 1. 0. 0. 0. 0. 0. 0. 0. 0. 0. 0. 0. 0. 0. 0. 0. 1. 0. 0. 0.],2.0,10000,30,0.6,10,1,2,,problem_solving
1400,0.002583431164192758,0.010773703930641781,0.4,-2.616766101476636,[0.         0.         0.         0.         0.98496442 0.         0.         0.         0.         0.         0.         0.         0.         0.         0.         0.         0.         0.         0.         0.         0.         0.         0.         0.         0.         0.01503558 0.         0.         0.         0.         0.        ],[0. 0. 0. 0. 1. 0. 0. 0. 0. 0. 0. 0. 0. 0. 0. 0. 0. 0. 0. 0. 0. 0. 0. 0. 0. 1. 0. 0. 0. 0. 0.],2.0,10000,30,0.6,10,1,2,,problem_solving
1500,0.002583431164192758,0.010773703930641781,0.4,7.2378677402109854,[0.         0.         0.         0.         0.98496442 0.         0.         0.         0.         0.         0.         0.         0.         0.         0.         0.         0.         0.         0.         0.         0.         0.         0.         0.         0.         0.01503558 0.         0.         0.         0.         0.        ],[0. 0. 0. 0. 1. 0. 0. 0. 0. 0. 0. 0. 0. 0. 0. 0. 0. 0. 0. 0. 0. 0. 0. 0. 0. 1. 0. 0. 0. 0. 0.],2.0,10000,30,0.6,10,1,2,,problem_solving
1600,0.002583431164192758,0.010773703930641781,0.4,1.9928153249606937,[0.         0.         0.         0.         0.98496442 0.         0.         0.         0.         0.         0.         0.         0.         0.         0.         0.         0.         0.         0.         0.         0.         0.         0.         0.         0.         0.01503558 0.         0.         0.         0.         0.        ],[0. 0. 0. 0. 1. 0. 0. 0. 0. 0. 0. 0. 0. 0. 0. 0. 0. 0. 0. 0. 0. 0. 0. 0. 0. 1. 0. 0. 0. 0. 0.],2.0,10000,30,0.6,10,1,2,,problem_solving
1700,0.002583431164192758,0.010773703930641781,0.4,16.022118414681337,[0.         0.         0.         0.         0.98496442 0.         0.         0.         0.         0.         0.         0.         0.         0.         0.         0.         0.         0.         0.         0.         0.         0.         0.         0.         0.         0.01503558 0.         0.         0.         0.         0.        ],[0. 0. 0. 0. 1. 0. 0. 0. 0. 0. 0. 0. 0. 0. 0. 0. 0. 0. 0. 0. 0. 0. 0. 0. 0. 1. 0. 0. 0. 0. 0.],2.0,10000,30,0.6,10,1,2,,problem_solving
1800,0.002583431164192758,0.010773703930641781,0.4,7.881357182364612,[0.         0.         0.         0.         0.98496442 0.         0.         0.         0.         0.         0.         0.         0.         0.         0.         0.         0.         0.         0.         0.         0.         0.         0.         0.         0.         0.01503558 0.         0.         0.         0.         0.        ],[0. 0. 0. 0. 1. 0. 0. 0. 0. 0. 0. 0. 0. 0. 0. 0. 0. 0. 0. 0. 0. 0. 0. 0. 0. 1. 0. 0. 0. 0. 0.],2.0,10000,30,0.6,10,1,2,,problem_solving
1900,0.002583431164192758,0.010773703930641781,0.4,13.290957432224879,[0.         0.         0.         0.         0.98496442 0.         0.         0.         0.         0.         0.         0.         0.         0.         0.         0.         0.         0.         0.         0.         0.         0.         0.         0.         0.         0.01503558 0.         0.         0.         0.         0.        ],[0. 0. 0. 0. 1. 0. 0. 0. 0. 0. 0. 0. 0. 0. 0. 0. 0. 0. 0. 0. 0. 0. 0. 0. 0. 1. 0. 0. 0. 0. 0.],2.0,10000,30,0.6,10,1,2,,problem_solving
2000,0.002583431164192758,0.010773703930641781,0.4,-2.561158662484963,[0.         0.         0.         0.         0.98496442 0.         0.         0.         0.         0.         0.         0.         0.         0.         0.         0.         0.         0.         0.         0.         0.         0.         0.         0.         0.         0.01503558 0.         0.         0.         0.         0.        ],[0. 0. 0. 0. 1. 0. 0. 0. 0. 0. 0. 0. 0. 0. 0. 0. 0. 0. 0. 0. 0. 0. 0. 0. 0. 1. 0. 0. 0. 0. 0.],2.0,10000,30,0.6,10,1,2,,problem_solving
2100,0.002583431164192758,0.010773703930641781,0.4,-5.190343080192166,[0.         0.         0.         0.         0.98496442 0.         0.         0.         0.         0.         0.         0.         0.         0.         0.         0.         0.         0.         0.         0.         0.         0.         0.         0.         0.         0.01503558 0.         0.         0.         0.         0.        ],[0. 0. 0. 0. 1. 0. 0. 0. 0. 0. 0. 0. 0. 0. 0. 0. 0. 0. 0. 0. 0. 0. 0. 0. 0. 1. 0. 0. 0. 0. 0.],2.0,10000,30,0.6,10,1,2,,problem_solving
2200,0.002583431164192758,0.010773703930641781,0.4,-3.550762352269925,[0.         0.         0.         0.         0.98496442 0.         0.         0.         0.         0.         0.         0.         0.         0.         0.         0.         0.         0.         0.         0.         0.         0.         0.         0.         0.         0.01503558 0.         0.         0.         0.         0.        ],[0. 0. 0. 0. 1. 0. 0. 0. 0. 0. 0. 0. 0. 0. 0. 0. 0. 0. 0. 0. 0. 0. 0. 0. 0. 1. 0. 0. 0. 0. 0.],2.0,10000,30,0.6,10,1,2,,problem_solving
2300,0.002583431164192758,0.010773703930641781,0.4,-13.475172982514142,[0.         0.         0.         0.         0.98496442 0.         0.         0.         0.         0.         0.         0.         0.         0.         0.         0.         0.         0.         0.         0.         0.         0.         0.         0.         0.         0.01503558 0.         0.         0.         0.         0.        ],[0. 0. 0. 0. 1. 0. 0. 0. 0. 0. 0. 0. 0. 0. 0. 0. 0. 0. 0. 0. 0. 0. 0. 0. 0. 1. 0. 0. 0. 0. 0.],2.0,10000,30,0.6,10,1,2,,problem_solving
2400,0.002583431164192758,0.010773703930641781,0.4,-1.9916756519435057,[0.         0.         0.         0.         0.98496442 0.         0.         0.         0.         0.         0.         0.         0.         0.         0.         0.         0.         0.         0.         0.         0.         0.         0.         0.         0.         0.01503558 0.         0.         0.         0.         0.        ],[0. 0. 0. 0. 1. 0. 0. 0. 0. 0. 0. 0. 0. 0. 0. 0. 0. 0. 0. 0. 0. 0. 0. 0. 0. 1. 0. 0. 0. 0. 0.],2.0,10000,30,0.6,10,1,2,,problem_solving
2500,0.002583431164192758,0.010773703930641781,0.4,-7.028487955562664,[0.         0.         0.         0.         0.98496442 0.         0.         0.         0.         0.         0.         0.         0.         0.         0.         0.         0.         0.         0.         0.         0.         0.         0.         0.         0.         0.01503558 0.         0.         0.         0.         0.        ],[0. 0. 0. 0. 1. 0. 0. 0. 0. 0. 0. 0. 0. 0. 0. 0. 0. 0. 0. 0. 0. 0. 0. 0. 0. 1. 0. 0. 0. 0. 0.],2.0,10000,30,0.6,10,1,2,,problem_solving
2600,0.002583431164192758,0.010773703930641781,0.4,0.9746652405495069,[0.         0.         0.         0.         0.98496442 0.         0.         0.         0.         0.         0.         0.         0.         0.         0.         0.         0.         0.         0.         0.         0.         0.         0.         0.         0.         0.01503558 0.         0.         0.         0.         0.        ],[0. 0. 0. 0. 1. 0. 0. 0. 0. 0. 0. 0. 0. 0. 0. 0. 0. 0. 0. 0. 0. 0. 0. 0. 0. 1. 0. 0. 0. 0. 0.],2.0,10000,30,0.6,10,1,2,,problem_solving
2700,0.002583431164192758,0.010773703930641781,0.4,-12.896416154714167,[0.         0.         0.         0.         0.98496442 0.         0.         0.         0.         0.         0.         0.         0.         0.         0.         0.         0.         0.         0.         0.         0.         0.         0.         0.         0.         0.01503558 0.         0.         0.         0.         0.        ],[0. 0. 0. 0. 1. 0. 0. 0. 0. 0. 0. 0. 0. 0. 0. 0. 0. 0. 0. 0. 0. 0. 0. 0. 0. 1. 0. 0. 0. 0. 0.],2.0,10000,30,0.6,10,1,2,,problem_solving
2800,0.002583431164192758,0.010773703930641781,0.4,-8.829628751160744,[0.         0.         0.         0.         0.98496442 0.         0.         0.         0.         0.         0.         0.         0.         0.         0.         0.         0.         0.         0.         0.         0.         0.         0.         0.         0.         0.01503558 0.         0.         0.         0.         0.        ],[0. 0. 0. 0. 1. 0. 0. 0. 0. 0. 0. 0. 0. 0. 0. 0. 0. 0. 0. 0. 0. 0. 0. 0. 0. 1. 0. 0. 0. 0. 0.],2.0,10000,30,0.6,10,1,2,,problem_solving
2900,0.002583431164192758,0.010773703930641781,0.4,7.050446353940835,[0.         0.         0.         0.         0.98496442 0.         0.         0.         0.         0.         0.         0.         0.         0.         0.         0.         0.         0.         0.         0.         0.         0.         0.         0.         0.         0.01503558 0.         0.         0.         0.         0.        ],[0. 0. 0. 0. 1. 0. 0. 0. 0. 0. 0. 0. 0. 0. 0. 0. 0. 0. 0. 0. 0. 0. 0. 0. 0. 1. 0. 0. 0. 0. 0.],2.0,10000,30,0.6,10,1,2,,problem_solving
3000,0.002583431164192758,0.010773703930641781,0.4,-8.91225129127242,[0.         0.         0.         0.         0.98496442 0.         0.         0.         0.         0.         0.         0.         0.         0.         0.         0.         0.         0.         0.         0.         0.         0.         0.         0.         0.         0.01503558 0.         0.         0.         0.         0.        ],[0. 0. 0. 0. 1. 0. 0. 0. 0. 0. 0. 0. 0. 0. 0. 0. 0. 0. 0. 0. 0. 0. 0. 0. 0. 1. 0. 0. 0. 0. 0.],2.0,10000,30,0.6,10,1,2,,problem_solving
3100,0.002583431164192758,0.010773703930641781,0.4,-14.875726052510876,[0.         0.         0.         0.         0.98496442 0.         0.         0.         0.         0.         0.         0.         0.         0.         0.         0.         0.         0.         0.         0.         0.         0.         0.         0.         0.         0.01503558 0.         0.         0.         0.         0.        ],[0. 0. 0. 0. 1. 0. 0. 0. 0. 0. 0. 0. 0. 0. 0. 0. 0. 0. 0. 0. 0. 0. 0. 0. 0. 1. 0. 0. 0. 0. 0.],2.0,10000,30,0.6,10,1,2,,problem_solving
3200,0.002583431164192758,0.010773703930641781,0.4,-3.0275613031051125,[0.         0.         0.         0.         0.98496442 0.         0.         0.         0.         0.         0.         0.         0.         0.         0.         0.         0.         0.         0.         0.         0.         0.         0.         0.         0.         0.01503558 0.         0.         0.         0.         0.        ],[0. 0. 0. 0. 1. 0. 0. 0. 0. 0. 0. 0. 0. 0. 0. 0. 0. 0. 0. 0. 0. 0. 0. 0. 0. 1. 0. 0. 0. 0. 0.],2.0,10000,30,0.6,10,1,2,,problem_solving
3300,0.002583431164192758,0.010773703930641781,0.4,0.740910348236225,[0.         0.         0.         0.         0.98496442 0.         0.         0.         0.         0.         0.         0.         0.         0.         0.         0.         0.         0.         0.         0.         0.         0.         0.         0.         0.         0.01503558 0.         0.         0.         0.         0.        ],[0. 0. 0. 0. 1. 0. 0. 0. 0. 0. 0. 0. 0. 0. 0. 0. 0. 0. 0. 0. 0. 0. 0. 0. 0. 1. 0. 0. 0. 0. 0.],2.0,10000,30,0.6,10,1,2,,problem_solving
3400,0.002583431164192758,0.010773703930641781,0.4,3.088136272665744,[0.         0.         0.         0.         0.98496442 0.         0.         0.         0.         0.         0.         0.         0.         0.         0.         0.         0.         0.         0.         0.         0.         0.         0.         0.         0.         0.01503558 0.         0.         0.         0.         0.        ],[0. 0. 0. 0. 1. 0. 0. 0. 0. 0. 0. 0. 0. 0. 0. 0. 0. 0. 0. 0. 0. 0. 0. 0. 0. 1. 0. 0. 0. 0. 0.],2.0,10000,30,0.6,10,1,2,,problem_solving
3500,0.002583431164192758,0.010773703930641781,0.4,0.6321126559459143,[0.         0.         0.         0.         0.98496442 0.         0.         0.         0.         0.         0.         0.         0.         0.         0.         0.         0.         0.         0.         0.         0.         0.         0.         0.         0.         0.01503558 0.         0.         0.         0.         0.        ],[0. 0. 0. 0. 1. 0. 0. 0. 0. 0. 0. 0. 0. 0. 0. 0. 0. 0. 0. 0. 0. 0. 0. 0. 0. 1. 0. 0. 0. 0. 0.],2.0,10000,30,0.6,10,1,2,,problem_solving
3600,0.002583431164192758,0.010773703930641781,0.4,8.305972689206337,[0.         0.         0.         0.         0.98496442 0.         0.         0.         0.         0.         0.         0.         0.         0.         0.         0.         0.         0.         0.         0.         0.         0.         0.         0.         0.         0.01503558 0.         0.         0.         0.         0.        ],[0. 0. 0. 0. 1. 0. 0. 0. 0. 0. 0. 0. 0. 0. 0. 0. 0. 0. 0. 0. 0. 0. 0. 0. 0. 1. 0. 0. 0. 0. 0.],2.0,10000,30,0.6,10,1,2,,problem_solving
3700,0.002583431164192758,0.010773703930641781,0.4,3.9886856011064875,[0.         0.         0.         0.         0.98496442 0.         0.         0.         0.         0.         0.         0.         0.         0.         0.         0.         0.         0.         0.         0.         0.         0.         0.         0.         0.         0.01503558 0.         0.         0.         0.         0.        ],[0. 0. 0. 0. 1. 0. 0. 0. 0. 0. 0. 0. 0. 0. 0. 0. 0. 0. 0. 0. 0. 0. 0. 0. 0. 1. 0. 0. 0. 0. 0.],2.0,10000,30,0.6,10,1,2,,problem_solving
3800,0.002583431164192758,0.010773703930641781,0.4,-9.807885884597914,[0.         0.         0.         0.         0.98496442 0.         0.         0.         0.         0.         0.         0.         0.         0.         0.         0.         0.         0.         0.         0.         0.         0.         0.         0.         0.         0.01503558 0.         0.         0.         0.         0.        ],[0. 0. 0. 0. 1. 0. 0. 0. 0. 0. 0. 0. 0. 0. 0. 0. 0. 0. 0. 0. 0. 0. 0. 0. 0. 1. 0. 0. 0. 0. 0.],2.0,10000,30,0.6,10,1,2,,problem_solving
3900,0.002583431164192758,0.010773703930641781,0.4,-11.697534140194968,[0.         0.         0.         0.         0.98496442 0.         0.         0.         0.         0.         0.         0.         0.         0.         0.         0.         0.         0.         0.         0.         0.         0.         0.         0.         0.         0.01503558 0.         0.         0.         0.         0.        ],[0. 0. 0. 0. 1. 0. 0. 0. 0. 0. 0. 0. 0. 0. 0. 0. 0. 0. 0. 0. 0. 0. 0. 0. 0. 1. 0. 0. 0. 0. 0.],2.0,10000,30,0.6,10,1,2,,problem_solving
4000,0.002583431164192758,0.010773703930641781,0.4,-3.15556393248733,[0.         0.         0.         0.         0.98496442 0.         0.         0.         0.         0.         0.         0.         0.         0.         0.         0.         0.         0.         0.         0.         0.         0.         0.         0.         0.         0.01503558 0.         0.         0.         0.         0.        ],[0. 0. 0. 0. 1. 0. 0. 0. 0. 0. 0. 0. 0. 0. 0. 0. 0. 0. 0. 0. 0. 0. 0. 0. 0. 1. 0. 0. 0. 0. 0.],2.0,10000,30,0.6,10,1,2,,problem_solving
4100,0.002583431164192758,0.010773703930641781,0.4,-5.7390970386317335,[0.         0.         0.         0.         0.98496442 0.         0.         0.         0.         0.         0.         0.         0.         0.         0.         0.         0.         0.         0.         0.         0.         0.         0.         0.         0.         0.01503558 0.         0.         0.         0.         0.        ],[0. 0. 0. 0. 1. 0. 0. 0. 0. 0. 0. 0. 0. 0. 0. 0. 0. 0. 0. 0. 0. 0. 0. 0. 0. 1. 0. 0. 0. 0. 0.],2.0,10000,30,0.6,10,1,2,,problem_solving
4200,0.002583431164192758,0.010773703930641781,0.4,7.575184955342626,[0.         0.         0.         0.         0.98496442 0.         0.         0.         0.         0.         0.         0.         0.         0.         0.         0.         0.         0.         0.         0.         0.         0.         0.         0.         0.         0.01503558 0.         0.         0.         0.         0.        ],[0. 0. 0. 0. 1. 0. 0. 0. 0. 0. 0. 0. 0. 0. 0. 0. 0. 0. 0. 0. 0. 0. 0. 0. 0. 1. 0. 0. 0. 0. 0.],2.0,10000,30,0.6,10,1,2,,problem_solving
4300,0.002583431164192758,0.010773703930641781,0.4,5.454529385413752,[0.         0.         0.         0.         0.98496442 0.         0.         0.         0.         0.         0.         0.         0.         0.         0.         0.         0.         0.         0.         0.         0.         0.         0.         0.         0.         0.01503558 0.         0.         0.         0.         0.        ],[0. 0. 0. 0. 1. 0. 0. 0. 0. 0. 0. 0. 0. 0. 0. 0. 0. 0. 0. 0. 0. 0. 0. 0. 0. 1. 0. 0. 0. 0. 0.],2.0,10000,30,0.6,10,1,2,,problem_solving
4400,0.002583431164192758,0.010773703930641781,0.4,1.7049364286412116,[0.         0.         0.         0.         0.98496442 0.         0.         0.         0.         0.         0.         0.         0.         0.         0.         0.         0.         0.         0.         0.         0.         0.         0.         0.         0.         0.01503558 0.         0.         0.         0.         0.        ],[0. 0. 0. 0. 1. 0. 0. 0. 0. 0. 0. 0. 0. 0. 0. 0. 0. 0. 0. 0. 0. 0. 0. 0. 0. 1. 0. 0. 0. 0. 0.],2.0,10000,30,0.6,10,1,2,,problem_solving
4500,0.002583431164192758,0.010773703930641781,0.4,17.027989262894653,[0.         0.         0.         0.         0.98496442 0.         0.         0.         0.         0.         0.         0.         0.         0.         0.         0.         0.         0.         0.         0.         0.         0.         0.         0.         0.         0.01503558 0.         0.         0.         0.         0.        ],[0. 0. 0. 0. 1. 0. 0. 0. 0. 0. 0. 0. 0. 0. 0. 0. 0. 0. 0. 0. 0. 0. 0. 0. 0. 1. 0. 0. 0. 0. 0.],2.0,10000,30,0.6,10,1,2,,problem_solving
4600,0.002583431164192758,0.010773703930641781,0.4,-3.0057549708976294,[0.         0.         0.         0.         0.98496442 0.         0.         0.         0.         0.         0.         0.         0.         0.         0.         0.         0.         0.         0.         0.         0.         0.         0.         0.         0.         0.01503558 0.         0.         0.         0.         0.        ],[0. 0. 0. 0. 1. 0. 0. 0. 0. 0. 0. 0. 0. 0. 0. 0. 0. 0. 0. 0. 0. 0. 0. 0. 0. 1. 0. 0. 0. 0. 0.],2.0,10000,30,0.6,10,1,2,,problem_solving
4700,0.002583431164192758,0.010773703930641781,0.4,-10.700124415366743,[0.         0.         0.         0.         0.98496442 0.         0.         0.         0.         0.         0.         0.         0.         0.         0.         0.         0.         0.         0.         0.         0.         0.         0.         0.         0.         0.01503558 0.         0.         0.         0.         0.        ],[0. 0. 0. 0. 1. 0. 0. 0. 0. 0. 0. 0. 0. 0. 0. 0. 0. 0. 0. 0. 0. 0. 0. 0. 0. 1. 0. 0. 0. 0. 0.],2.0,10000,30,0.6,10,1,2,,problem_solving
4800,0.002583431164192758,0.010773703930641781,0.4,10.630011638434793,[0.         0.         0.         0.         0.98496442 0.         0.         0.         0.         0.         0.         0.         0.         0.         0.         0.         0.         0.         0.         0.         0.         0.         0.         0.         0.         0.01503558 0.         0.         0.         0.         0.        ],[0. 0. 0. 0. 1. 0. 0. 0. 0. 0. 0. 0. 0. 0. 0. 0. 0. 0. 0. 0. 0. 0. 0. 0. 0. 1. 0. 0. 0. 0. 0.],2.0,10000,30,0.6,10,1,2,,problem_solving
4900,0.002583431164192758,0.010773703930641781,0.4,-1.7059432775141747,[0.         0.         0.         0.         0.98496442 0.         0.         0.         0.         0.         0.         0.         0.         0.         0.         0.         0.         0.         0.         0.         0.         0.         0.         0.         0.         0.01503558 0.         0.         0.         0.         0.        ],[0. 0. 0. 0. 1. 0. 0. 0. 0. 0. 0. 0. 0. 0. 0. 0. 0. 0. 0. 0. 0. 0. 0. 0. 0. 1. 0. 0. 0. 0. 0.],2.0,10000,30,0.6,10,1,2,,problem_solving
5000,0.0023176299856353328,0.00526109459648209,0.4,-4.61265959485928,[0.         0.         0.         0.         0.         0.         0.         0.         0.         0.         0.         0.         0.         0.         0.         0.         0.         0.         0.98886827 0.         0.         0.         0.         0.         0.         0.         0.         0.01113173 0.         0.         0.        ],[0. 0. 0. 0. 0. 0. 0. 0. 0. 0. 0. 0. 0. 0. 0. 0. 0. 0. 1. 0. 0. 0. 0. 0. 0. 0. 0. 1. 0. 0. 0.],2.0,10000,30,0.6,10,1,2,,problem_solving
5100,0.0023176299856353328,0.00526109459648209,0.4,4.268920773335793,[0.         0.         0.         0.         0.         0.         0.         0.         0.         0.         0.         0.         0.         0.         0.         0.         0.         0.         0.98886827 0.         0.         0.         0.         0.         0.         0.         0.         0.01113173 0.         0.         0.        ],[0. 0. 0. 0. 0. 0. 0. 0. 0. 0. 0. 0. 0. 0. 0. 0. 0. 0. 1. 0. 0. 0. 0. 0. 0. 0. 0. 1. 0. 0. 0.],2.0,10000,30,0.6,10,1,2,,problem_solving
5200,0.0023176299856353328,0.00526109459648209,0.4,-5.621278065116533,[0.         0.         0.         0.         0.         0.         0.         0.         0.         0.         0.         0.         0.         0.         0.         0.         0.         0.         0.98886827 0.         0.         0.         0.         0.         0.         0.         0.         0.01113173 0.         0.         0.        ],[0. 0. 0. 0. 0. 0. 0. 0. 0. 0. 0. 0. 0. 0. 0. 0. 0. 0. 1. 0. 0. 0. 0. 0. 0. 0. 0. 1. 0. 0. 0.],2.0,10000,30,0.6,10,1,2,,problem_solving
5300,0.0023176299856353328,0.00526109459648209,0.4,12.45853487974461,[0.         0.         0.         0.         0.         0.         0.         0.         0.         0.         0.         0.         0.         0.         0.         0.         0.         0.         0.98886827 0.         0.         0.         0.         0.         0.         0.         0.         0.01113173 0.         0.         0.        ],[0. 0. 0. 0. 0. 0. 0. 0. 0. 0. 0. 0. 0. 0. 0. 0. 0. 0. 1. 0. 0. 0. 0. 0. 0. 0. 0. 1. 0. 0. 0.],2.0,10000,30,0.6,10,1,2,,problem_solving
5400,0.0023176299856353328,0.00526109459648209,0.4,-7.4945624338585715,[0.         0.         0.         0.         0.         0.         0.         0.         0.         0.         0.         0.         0.         0.         0.         0.         0.         0.         0.98886827 0.         0.         0.         0.         0.         0.         0.         0.         0.01113173 0.         0.         0.        ],[0. 0. 0. 0. 0. 0. 0. 0. 0. 0. 0. 0. 0. 0. 0. 0. 0. 0. 1. 0. 0. 0. 0. 0. 0. 0. 0. 1. 0. 0. 0.],2.0,10000,30,0.6,10,1,2,,problem_solving
5500,0.0023176299856353328,0.00526109459648209,0.4,-19.553748469119967,[0.         0.         0.         0.         0.         0.         0.         0.         0.         0.         0.         0.         0.         0.         0.         0.         0.         0.         0.98886827 0.         0.         0.         0.         0.         0.         0.         0.         0.01113173 0.         0.         0.        ],[0. 0. 0. 0. 0. 0. 0. 0. 0. 0. 0. 0. 0. 0. 0. 0. 0. 0. 1. 0. 0. 0. 0. 0. 0. 0. 0. 1. 0. 0. 0.],2.0,10000,30,0.6,10,1,2,,problem_solving
5600,0.0023176299856353328,0.00526109459648209,0.4,-3.9369706607212303,[0.         0.         0.         0.         0.         0.         0.         0.         0.         0.         0.         0.         0.         0.         0.         0.         0.         0.         0.98886827 0.         0.         0.         0.         0.         0.         0.         0.         0.01113173 0.         0.         0.        ],[0. 0. 0. 0. 0. 0. 0. 0. 0. 0. 0. 0. 0. 0. 0. 0. 0. 0. 1. 0. 0. 0. 0. 0. 0. 0. 0. 1. 0. 0. 0.],2.0,10000,30,0.6,10,1,2,,problem_solving
5700,0.0023176299856353328,0.00526109459648209,0.4,0.7377292731397211,[0.         0.         0.         0.         0.         0.         0.         0.         0.         0.         0.         0.         0.         0.         0.         0.         0.         0.         0.98886827 0.         0.         0.         0.         0.         0.         0.         0.         0.01113173 0.         0.         0.        ],[0. 0. 0. 0. 0. 0. 0. 0. 0. 0. 0. 0. 0. 0. 0. 0. 0. 0. 1. 0. 0. 0. 0. 0. 0. 0. 0. 1. 0. 0. 0.],2.0,10000,30,0.6,10,1,2,,problem_solving
5800,0.0023176299856353328,0.00526109459648209,0.4,6.584486604964291,[0.         0.         0.         0.         0.         0.         0.         0.         0.         0.         0.         0.         0.         0.         0.         0.         0.         0.         0.98886827 0.         0.         0.         0.         0.         0.         0.         0.         0.01113173 0.         0.         0.        ],[0. 0. 0. 0. 0. 0. 0. 0. 0. 0. 0. 0. 0. 0. 0. 0. 0. 0. 1. 0. 0. 0. 0. 0. 0. 0. 0. 1. 0. 0. 0.],2.0,10000,30,0.6,10,1,2,,problem_solving
5900,0.0023176299856353328,0.00526109459648209,0.4,4.005889838446221,[0.         0.         0.         0.         0.         0.         0.         0.         0.         0.         0.         0.         0.         0.         0.         0.         0.         0.         0.98886827 0.         0.         0.         0.         0.         0.         0.         0.         0.01113173 0.         0.         0.        ],[0. 0. 0. 0. 0. 0. 0. 0. 0. 0. 0. 0. 0. 0. 0. 0. 0. 0. 1. 0. 0. 0. 0. 0. 0. 0. 0. 1. 0. 0. 0.],2.0,10000,30,0.6,10,1,2,,problem_solving
6000,0.0023176299856353328,0.00526109459648209,0.4,-25.398804311194304,[0.         0.         0.         0.         0.         0.         0.         0.         0.         0.         0.         0.         0.         0.         0.         0.         0.         0.         0.98886827 0.         0.         0.         0.         0.         0.         0.         0.         0.01113173 0.         0.         0.        ],[0. 0. 0. 0. 0. 0. 0. 0. 0. 0. 0. 0. 0. 0. 0. 0. 0. 0. 1. 0. 0. 0. 0. 0. 0. 0. 0. 1. 0. 0. 0.],2.0,10000,30,0.6,10,1,2,,problem_solving
6100,0.0023176299856353328,0.00526109459648209,0.4,-8.378689210015278,[0.         0.         0.         0.         0.         0.         0.         0.         0.         0.         0.         0.         0.         0.         0.         0.         0.         0.         0.98886827 0.         0.         0.         0.         0.         0.         0.         0.         0.01113173 0.         0.         0.        ],[0. 0. 0. 0. 0. 0. 0. 0. 0. 0. 0. 0. 0. 0. 0. 0. 0. 0. 1. 0. 0. 0. 0. 0. 0. 0. 0. 1. 0. 0. 0.],2.0,10000,30,0.6,10,1,2,,problem_solving
6200,0.0023176299856353328,0.00526109459648209,0.4,4.175806516889789,[0.         0.         0.         0.         0.         0.         0.         0.         0.         0.         0.         0.         0.         0.         0.         0.         0.         0.         0.98886827 0.         0.         0.         0.         0.         0.         0.         0.         0.01113173 0.         0.         0.        ],[0. 0. 0. 0. 0. 0. 0. 0. 0. 0. 0. 0. 0. 0. 0. 0. 0. 0. 1. 0. 0. 0. 0. 0. 0. 0. 0. 1. 0. 0. 0.],2.0,10000,30,0.6,10,1,2,,problem_solving
6300,0.0023176299856353328,0.00526109459648209,0.4,1.7791156019830976,[0.         0.         0.         0.         0.         0.         0.         0.         0.         0.         0.         0.         0.         0.         0.         0.         0.         0.         0.98886827 0.         0.         0.         0.         0.         0.         0.         0.         0.01113173 0.         0.         0.        ],[0. 0. 0. 0. 0. 0. 0. 0. 0. 0. 0. 0. 0. 0. 0. 0. 0. 0. 1. 0. 0. 0. 0. 0. 0. 0. 0. 1. 0. 0. 0.],2.0,10000,30,0.6,10,1,2,,problem_solving
6400,0.0023176299856353328,0.00526109459648209,0.4,11.752402664267755,[0.         0.         0.         0.         0.         0.         0.         0.         0.         0.         0.         0.         0.         0.         0.         0.         0.         0.         0.98886827 0.         0.         0.         0.         0.         0.         0.         0.         0.01113173 0.         0.         0.        ],[0. 0. 0. 0. 0. 0. 0. 0. 0. 0. 0. 0. 0. 0. 0. 0. 0. 0. 1. 0. 0. 0. 0. 0. 0. 0. 0. 1. 0. 0. 0.],2.0,10000,30,0.6,10,1,2,,problem_solving
6500,0.0023176299856353328,0.00526109459648209,0.4,2.2820027941314134,[0.         0.         0.         0.         0.         0.         0.         0.         0.         0.         0.         0.         0.         0.         0.         0.         0.         0.         0.98886827 0.         0.         0.         0.         0.         0.         0.         0.         0.01113173 0.         0.         0.        ],[0. 0. 0. 0. 0. 0. 0. 0. 0. 0. 0. 0. 0. 0. 0. 0. 0. 0. 1. 0. 0. 0. 0. 0. 0. 0. 0. 1. 0. 0. 0.],2.0,10000,30,0.6,10,1,2,,problem_solving
6600,0.0023176299856353328,0.00526109459648209,0.4,-12.820336064831324,[0.         0.         0.         0.         0.         0.         0.         0.         0.         0.         0.         0.         0.         0.         0.         0.         0.         0.         0.98886827 0.         0.         0.         0.         0.         0.         0.         0.         0.01113173 0.         0.         0.        ],[0. 0. 0. 0. 0. 0. 0. 0. 0. 0. 0. 0. 0. 0. 0. 0. 0. 0. 1. 0. 0. 0. 0. 0. 0. 0. 0. 1. 0. 0. 0.],2.0,10000,30,0.6,10,1,2,,problem_solving
6700,0.0023176299856353328,0.00526109459648209,0.4,4.734594282178272,[0.         0.         0.         0.         0.         0.         0.         0.         0.         0.         0.         0.         0.         0.         0.         0.         0.         0.         0.98886827 0.         0.         0.         0.         0.         0.         0.         0.         0.01113173 0.         0.         0.        ],[0. 0. 0. 0. 0. 0. 0. 0. 0. 0. 0. 0. 0. 0. 0. 0. 0. 0. 1. 0. 0. 0. 0. 0. 0. 0. 0. 1. 0. 0. 0.],2.0,10000,30,0.6,10,1,2,,problem_solving
6800,0.0023176299856353328,0.00526109459648209,0.4,-0.33269917294076307,[0.         0.         0.         0.         0.         0.         0.         0.         0.         0.         0.         0.         0.         0.         0.         0.         0.         0.         0.98886827 0.         0.         0.         0.         0.         0.         0.         0.         0.01113173 0.         0.         0.        ],[0. 0. 0. 0. 0. 0. 0. 0. 0. 0. 0. 0. 0. 0. 0. 0. 0. 0. 1. 0. 0. 0. 0. 0. 0. 0. 0. 1. 0. 0. 0.],2.0,10000,30,0.6,10,1,2,,problem_solving
6900,0.0023176299856353328,0.00526109459648209,0.4,-0.3418928811702955,[0.         0.         0.         0.         0.         0.         0.         0.         0.         0.         0.         0.         0.         0.         0.         0.         0.         0.         0.98886827 0.         0.         0.         0.         0.         0.         0.         0.         0.01113173 0.         0.         0.        ],[0. 0. 0. 0. 0. 0. 0. 0. 0. 0. 0. 0. 0. 0. 0. 0. 0. 0. 1. 0. 0. 0. 0. 0. 0. 0. 0. 1. 0. 0. 0.],2.0,10000,30,0.6,10,1,2,,problem_solving
7000,0.0023176299856353328,0.00526109459648209,0.4,-2.3556184339632726,[0.         0.         0.         0.         0.         0.         0.         0.         0.         0.         0.         0.         0.         0.         0.         0.         0.         0.         0.98886827 0.         0.         0.         0.         0.         0.         0.         0.         0.01113173 0.         0.         0.        ],[0. 0. 0. 0. 0. 0. 0. 0. 0. 0. 0. 0. 0. 0. 0. 0. 0. 0. 1. 0. 0. 0. 0. 0. 0. 0. 0. 1. 0. 0. 0.],2.0,10000,30,0.6,10,1,2,,problem_solving
7100,0.0023176299856353328,0.00526109459648209,0.4,-16.40034978776952,[0.         0.         0.         0.         0.         0.         0.         0.         0.         0.         0.         0.         0.         0.         0.         0.         0.         0.         0.98886827 0.         0.         0.         0.         0.         0.         0.         0.         0.01113173 0.         0.         0.        ],[0. 0. 0. 0. 0. 0. 0. 0. 0. 0. 0. 0. 0. 0. 0. 0. 0. 0. 1. 0. 0. 0. 0. 0. 0. 0. 0. 1. 0. 0. 0.],2.0,10000,30,0.6,10,1,2,,problem_solving
7200,0.0023176299856353328,0.00526109459648209,0.4,8.73990585565845,[0.         0.         0.         0.         0.         0.         0.         0.         0.         0.         0.         0.         0.         0.         0.         0.         0.         0.         0.98886827 0.         0.         0.         0.         0.         0.         0.         0.         0.01113173 0.         0.         0.        ],[0. 0. 0. 0. 0. 0. 0. 0. 0. 0. 0. 0. 0. 0. 0. 0. 0. 0. 1. 0. 0. 0. 0. 0. 0. 0. 0. 1. 0. 0. 0.],2.0,10000,30,0.6,10,1,2,,problem_solving
7300,0.0023176299856353328,0.00526109459648209,0.4,17.019225513630992,[0.         0.         0.         0.         0.         0.         0.         0.         0.         0.         0.         0.         0.         0.         0.         0.         0.         0.         0.98886827 0.         0.         0.         0.         0.         0.         0.         0.         0.01113173 0.         0.         0.        ],[0. 0. 0. 0. 0. 0. 0. 0. 0. 0. 0. 0. 0. 0. 0. 0. 0. 0. 1. 0. 0. 0. 0. 0. 0. 0. 0. 1. 0. 0. 0.],2.0,10000,30,0.6,10,1,2,,problem_solving
7400,0.0023176299856353328,0.00526109459648209,0.4,5.8110763330473025,[0.         0.         0.         0.         0.         0.         0.         0.         0.         0.         0.         0.         0.         0.         0.         0.         0.         0.         0.98886827 0.         0.         0.         0.         0.         0.         0.         0.         0.01113173 0.         0.         0.        ],[0. 0. 0. 0. 0. 0. 0. 0. 0. 0. 0. 0. 0. 0. 0. 0. 0. 0. 1. 0. 0. 0. 0. 0. 0. 0. 0. 1. 0. 0. 0.],2.0,10000,30,0.6,10,1,2,,problem_solving
7500,0.0023176299856353328,0.00526109459648209,0.4,3.821262649138047,[0.         0.         0.         0.         0.         0.         0.         0.         0.         0.         0.         0.         0.         0.         0.         0.         0.         0.         0.98886827 0.         0.         0.         0.         0.         0.         0.         0.         0.01113173 0.         0.         0.        ],[0. 0. 0. 0. 0. 0. 0. 0. 0. 0. 0. 0. 0. 0. 0. 0. 0. 0. 1. 0. 0. 0. 0. 0. 0. 0. 0. 1. 0. 0. 0.],2.0,10000,30,0.6,10,1,2,,problem_solving
7600,0.0023176299856353328,0.00526109459648209,0.4,3.082381353331945,[0.         0.         0.         0.         0.         0.         0.         0.         0.         0.         0.         0.         0.         0.         0.         0.         0.         0.         0.98886827 0.         0.         0.         0.         0.         0.         0.         0.         0.01113173 0.         0.         0.        ],[0. 0. 0. 0. 0. 0. 0. 0. 0. 0. 0. 0. 0. 0. 0. 0. 0. 0. 1. 0. 0. 0. 0. 0. 0. 0. 0. 1. 0. 0. 0.],2.0,10000,30,0.6,10,1,2,,problem_solving
7700,0.0023176299856353328,0.00526109459648209,0.4,7.031725879033834,[0.         0.         0.         0.         0.         0.         0.         0.         0.         0.         0.         0.         0.         0.         0.         0.         0.         0.         0.98886827 0.         0.         0.         0.         0.         0.         0.         0.         0.01113173 0.         0.         0.        ],[0. 0. 0. 0. 0. 0. 0. 0. 0. 0. 0. 0. 0. 0. 0. 0. 0. 0. 1. 0. 0. 0. 0. 0. 0. 0. 0. 1. 0. 0. 0.],2.0,10000,30,0.6,10,1,2,,problem_solving
7800,0.0023176299856353328,0.00526109459648209,0.4,-0.1333239508339838,[0.         0.         0.         0.         0.         0.         0.         0.         0.         0.         0.         0.         0.         0.         0.         0.         0.         0.         0.98886827 0.         0.         0.         0.         0.         0.         0.         0.         0.01113173 0.         0.         0.        ],[0. 0. 0. 0. 0. 0. 0. 0. 0. 0. 0. 0. 0. 0. 0. 0. 0. 0. 1. 0. 0. 0. 0. 0. 0. 0. 0. 1. 0. 0. 0.],2.0,10000,30,0.6,10,1,2,,problem_solving
7900,0.0023176299856353328,0.00526109459648209,0.4,-2.1584921645461566,[0.         0.         0.         0.         0.         0.         0.         0.         0.         0.         0.         0.         0.         0.         0.         0.         0.         0.         0.98886827 0.         0.         0.         0.         0.         0.         0.         0.         0.01113173 0.         0.         0.        ],[0. 0. 0. 0. 0. 0. 0. 0. 0. 0. 0. 0. 0. 0. 0. 0. 0. 0. 1. 0. 0. 0. 0. 0. 0. 0. 0. 1. 0. 0. 0.],2.0,10000,30,0.6,10,1,2,,problem_solving
8000,0.0023176299856353328,0.00526109459648209,0.4,-8.75814791615813,[0.         0.         0.         0.         0.         0.         0.         0.         0.         0.         0.         0.         0.         0.         0.         0.         0.         0.         0.98886827 0.         0.         0.         0.         0.         0.         0.         0.         0.01113173 0.         0.         0.        ],[0. 0. 0. 0. 0. 0. 0. 0. 0. 0. 0. 0. 0. 0. 0. 0. 0. 0. 1. 0. 0. 0. 0. 0. 0. 0. 0. 1. 0. 0. 0.],2.0,10000,30,0.6,10,1,2,,problem_solving
8100,0.0023176299856353328,0.00526109459648209,0.4,5.455514633762871,[0.         0.         0.         0.         0.         0.         0.         0.         0.         0.         0.         0.         0.         0.         0.         0.         0.         0.         0.98886827 0.         0.         0.         0.         0.         0.         0.         0.         0.01113173 0.         0.         0.        ],[0. 0. 0. 0. 0. 0. 0. 0. 0. 0. 0. 0. 0. 0. 0. 0. 0. 0. 1. 0. 0. 0. 0. 0. 0. 0. 0. 1. 0. 0. 0.],2.0,10000,30,0.6,10,1,2,,problem_solving
8200,0.0023176299856353328,0.00526109459648209,0.4,-1.0788455471696703,[0.         0.         0.         0.         0.         0.         0.         0.         0.         0.         0.         0.         0.         0.         0.         0.         0.         0.         0.98886827 0.         0.         0.         0.         0.         0.         0.         0.         0.01113173 0.         0.         0.        ],[0. 0. 0. 0. 0. 0. 0. 0. 0. 0. 0. 0. 0. 0. 0. 0. 0. 0. 1. 0. 0. 0. 0. 0. 0. 0. 0. 1. 0. 0. 0.],2.0,10000,30,0.6,10,1,2,,problem_solving
8300,0.0023176299856353328,0.00526109459648209,0.4,-4.485842865318136,[0.         0.         0.         0.         0.         0.         0.         0.         0.         0.         0.         0.         0.         0.         0.         0.         0.         0.         0.98886827 0.         0.         0.         0.         0.         0.         0.         0.         0.01113173 0.         0.         0.        ],[0. 0. 0. 0. 0. 0. 0. 0. 0. 0. 0. 0. 0. 0. 0. 0. 0. 0. 1. 0. 0. 0. 0. 0. 0. 0. 0. 1. 0. 0. 0.],2.0,10000,30,0.6,10,1,2,,problem_solving
8400,0.0023176299856353328,0.00526109459648209,0.4,0.5568459080224918,[0.         0.         0.         0.         0.         0.         0.         0.         0.         0.         0.         0.         0.         0.         0.         0.         0.         0.         0.98886827 0.         0.         0.         0.         0.         0.         0.         0.         0.01113173 0.         0.         0.        ],[0. 0. 0. 0. 0. 0. 0. 0. 0. 0. 0. 0. 0. 0. 0. 0. 0. 0. 1. 0. 0. 0. 0. 0. 0. 0. 0. 1. 0. 0. 0.],2.0,10000,30,0.6,10,1,2,,problem_solving
8500,0.0023176299856353328,0.00526109459648209,0.4,8.74038813958087,[0.         0.         0.         0.         0.         0.         0.         0.         0.         0.         0.         0.         0.         0.         0.         0.         0.         0.         0.98886827 0.         0.         0.         0.         0.         0.         0.         0.         0.01113173 0.         0.         0.        ],[0. 0. 0. 0. 0. 0. 0. 0. 0. 0. 0. 0. 0. 0. 0. 0. 0. 0. 1. 0. 0. 0. 0. 0. 0. 0. 0. 1. 0. 0. 0.],2.0,10000,30,0.6,10,1,2,,problem_solving
8600,0.0023176299856353328,0.00526109459648209,0.4,4.8934699594003215,[0.         0.         0.         0.         0.         0.         0.         0.         0.         0.         0.         0.         0.         0.         0.         0.         0.         0.         0.98886827 0.         0.         0.         0.         0.         0.         0.         0.         0.01113173 0.         0.         0.        ],[0. 0. 0. 0. 0. 0. 0. 0. 0. 0. 0. 0. 0. 0. 0. 0. 0. 0. 1. 0. 0. 0. 0. 0. 0. 0. 0. 1. 0. 0. 0.],2.0,10000,30,0.6,10,1,2,,problem_solving
8700,0.0023176299856353328,0.00526109459648209,0.4,-4.596450085831356,[0.         0.         0.         0.         0.         0.         0.         0.         0.         0.         0.         0.         0.         0.         0.         0.         0.         0.         0.98886827 0.         0.         0.         0.         0.         0.         0.         0.         0.01113173 0.         0.         0.        ],[0. 0. 0. 0. 0. 0. 0. 0. 0. 0. 0. 0. 0. 0. 0. 0. 0. 0. 1. 0. 0. 0. 0. 0. 0. 0. 0. 1. 0. 0. 0.],2.0,10000,30,0.6,10,1,2,,problem_solving
8800,0.0023176299856353328,0.00526109459648209,0.4,-0.4517128219622601,[0.         0.         0.         0.         0.         0.         0.         0.         0.         0.         0.         0.         0.         0.         0.         0.         0.         0.         0.98886827 0.         0.         0.         0.         0.         0.         0.         0.         0.01113173 0.         0.         0.        ],[0. 0. 0. 0. 0. 0. 0. 0. 0. 0. 0. 0. 0. 0. 0. 0. 0. 0. 1. 0. 0. 0. 0. 0. 0. 0. 0. 1. 0. 0. 0.],2.0,10000,30,0.6,10,1,2,,problem_solving
8900,0.0023176299856353328,0.00526109459648209,0.4,-10.722469491934458,[0.         0.         0.         0.         0.         0.         0.         0.         0.         0.         0.         0.         0.         0.         0.         0.         0.         0.         0.98886827 0.         0.         0.         0.         0.         0.         0.         0.         0.01113173 0.         0.         0.        ],[0. 0. 0. 0. 0. 0. 0. 0. 0. 0. 0. 0. 0. 0. 0. 0. 0. 0. 1. 0. 0. 0. 0. 0. 0. 0. 0. 1. 0. 0. 0.],2.0,10000,30,0.6,10,1,2,,problem_solving
9000,0.0023176299856353328,0.00526109459648209,0.4,-3.083230550155061,[0.         0.         0.         0.         0.         0.         0.         0.         0.         0.         0.         0.         0.         0.         0.         0.         0.         0.         0.98886827 0.         0.         0.         0.         0.         0.         0.         0.         0.01113173 0.         0.         0.        ],[0. 0. 0. 0. 0. 0. 0. 0. 0. 0. 0. 0. 0. 0. 0. 0. 0. 0. 1. 0. 0. 0. 0. 0. 0. 0. 0. 1. 0. 0. 0.],2.0,10000,30,0.6,10,1,2,,problem_solving
9100,0.0023176299856353328,0.00526109459648209,0.4,-0.09638801278715359,[0.         0.         0.         0.         0.         0.         0.         0.         0.         0.         0.         0.         0.         0.         0.         0.         0.         0.         0.98886827 0.         0.         0.         0.         0.         0.         0.         0.         0.01113173 0.         0.         0.        ],[0. 0. 0. 0. 0. 0. 0. 0. 0. 0. 0. 0. 0. 0. 0. 0. 0. 0. 1. 0. 0. 0. 0. 0. 0. 0. 0. 1. 0. 0. 0.],2.0,10000,30,0.6,10,1,2,,problem_solving
9200,0.0023176299856353328,0.00526109459648209,0.4,-14.2688688839121,[0.         0.         0.         0.         0.         0.         0.         0.         0.         0.         0.         0.         0.         0.         0.         0.         0.         0.         0.98886827 0.         0.         0.         0.         0.         0.         0.         0.         0.01113173 0.         0.         0.        ],[0. 0. 0. 0. 0. 0. 0. 0. 0. 0. 0. 0. 0. 0. 0. 0. 0. 0. 1. 0. 0. 0. 0. 0. 0. 0. 0. 1. 0. 0. 0.],2.0,10000,30,0.6,10,1,2,,problem_solving
9300,0.0023176299856353328,0.00526109459648209,0.4,8.896372857898395,[0.         0.         0.         0.         0.         0.         0.         0.         0.         0.         0.         0.         0.         0.         0.         0.         0.         0.         0.98886827 0.         0.         0.         0.         0.         0.         0.         0.         0.01113173 0.         0.         0.        ],[0. 0. 0. 0. 0. 0. 0. 0. 0. 0. 0. 0. 0. 0. 0. 0. 0. 0. 1. 0. 0. 0. 0. 0. 0. 0. 0. 1. 0. 0. 0.],2.0,10000,30,0.6,10,1,2,,problem_solving
9400,0.0023176299856353328,0.00526109459648209,0.4,7.801165842977312,[0.         0.         0.         0.         0.         0.         0.         0.         0.         0.         0.         0.         0.         0.         0.         0.         0.         0.         0.98886827 0.         0.         0.         0.         0.         0.         0.         0.         0.01113173 0.         0.         0.        ],[0. 0. 0. 0. 0. 0. 0. 0. 0. 0. 0. 0. 0. 0. 0. 0. 0. 0. 1. 0. 0. 0. 0. 0. 0. 0. 0. 1. 0. 0. 0.],2.0,10000,30,0.6,10,1,2,,problem_solving
9500,0.0023176299856353328,0.00526109459648209,0.4,-6.344108775483153,[0.         0.         0.         0.         0.         0.         0.         0.         0.         0.         0.         0.         0.         0.         0.         0.         0.         0.         0.98886827 0.         0.         0.         0.         0.         0.         0.         0.         0.01113173 0.         0.         0.        ],[0. 0. 0. 0. 0. 0. 0. 0. 0. 0. 0. 0. 0. 0. 0. 0. 0. 0. 1. 0. 0. 0. 0. 0. 0. 0. 0. 1. 0. 0. 0.],2.0,10000,30,0.6,10,1,2,,problem_solving
9600,0.0023176299856353328,0.00526109459648209,0.4,-7.856546973111847,[0.         0.         0.         0.         0.         0.         0.         0.         0.         0.         0.         0.         0.         0.         0.         0.         0.         0.         0.98886827 0.         0.         0.         0.         0.         0.         0.         0.         0.01113173 0.         0.         0.        ],[0. 0. 0. 0. 0. 0. 0. 0. 0. 0. 0. 0. 0. 0. 0. 0. 0. 0. 1. 0. 0. 0. 0. 0. 0. 0. 0. 1. 0. 0. 0.],2.0,10000,30,0.6,10,1,2,,problem_solving
9700,0.0023176299856353328,0.00526109459648209,0.4,8.719259733091087,[0.         0.         0.         0.         0.         0.         0.         0.         0.         0.         0.         0.         0.         0.         0.         0.         0.         0.         0.98886827 0.         0.         0.         0.         0.         0.         0.         0.         0.01113173 0.         0.         0.        ],[0. 0. 0. 0. 0. 0. 0. 0. 0. 0. 0. 0. 0. 0. 0. 0. 0. 0. 1. 0. 0. 0. 0. 0. 0. 0. 0. 1. 0. 0. 0.],2.0,10000,30,0.6,10,1,2,,problem_solving
9800,0.0023176299856353328,0.00526109459648209,0.4,8.129716542697192,[0.         0.         0.         0.         0.         0.         0.         0.         0.         0.         0.         0.         0.         0.         0.         0.         0.         0.         0.98886827 0.         0.         0.         0.         0.         0.         0.         0.         0.01113173 0.         0.         0.        ],[0. 0. 0. 0. 0. 0. 0. 0. 0. 0. 0. 0. 0. 0. 0. 0. 0. 0. 1. 0. 0. 0. 0. 0. 0. 0. 0. 1. 0. 0. 0.],2.0,10000,30,0.6,10,1,2,,problem_solving
9900,0.0023176299856353328,0.00526109459648209,0.4,1.6072039183148732,[0.         0.         0.         0.         0.         0.         0.         0.         0.         0.         0.         0.         0.         0.         0.         0.         0.         0.         0.98886827 0.         0.         0.         0.         0.         0.         0.         0.         0.01113173 0.         0.         0.        ],[0. 0. 0. 0. 0. 0. 0. 0. 0. 0. 0. 0. 0. 0. 0. 0. 0. 0. 1. 0. 0. 0. 0. 0. 0. 0. 0. 1. 0. 0. 0.],2.0,10000,30,0.6,10,1,2,,problem_solving
9999,0.0023176299856353328,0.00526109459648209,0.4,-3.19886404752351,[0.         0.         0.         0.         0.         0.         0.         0.         0.         0.         0.         0.         0.         0.         0.         0.         0.         0.         0.98886827 0.         0.         0.         0.         0.         0.         0.         0.         0.01113173 0.         0.         0.        ],[0. 0. 0. 0. 0. 0. 0. 0. 0. 0. 0. 0. 0. 0. 0. 0. 0. 0. 1. 0. 0. 0. 0. 0. 0. 0. 0. 1. 0. 0. 0.],2.0,10000,30,0.6,10,1,2,,problem_solving
