iter,cost,return,par,move,X,Z,Q,max_iter,mem_size,mem_consider,sigma,port_n,k,seed,tag
1,0.11389389202804963,0.00824934135059575,0.4,7.755984376087044,[0.01160625 0.         0.         0.         0.         0.         0.02682704 0.         0.02419981 0.         0.         0.         0.         0.         0.         0.         0.         0.         0.         0.         0.         0.         0.         0.         0.         0.93736689 0.         0.         0.         0.         0.        ],[1. 0. 0. 0. 0. 0. 1. 0. 1. 0. 0. 0. 0. 0. 0. 0. 0. 0. 0. 0. 0. 0. 0. 0. 0. 1. 0. 0. 0. 0. 0.],4.0,10000,30,0.6,10,1,4,,problem_solving
100,0.03126605114913186,0.004599552223720277,0.4,-14.97192131235141,[0.         0.         0.         0.         0.         0.         0.         0.         0.         0.         0.         0.01482616 0.         0.         0.         0.         0.02147809 0.         0.         0.         0.         0.         0.         0.         0.         0.94796843 0.         0.01572732 0.         0.         0.        ],[0. 0. 0. 0. 0. 0. 0. 0. 0. 0. 0. 1. 0. 0. 0. 0. 1. 0. 0. 0. 0. 0. 0. 0. 0. 1. 0. 1. 0. 0. 0.],4.0,10000,30,0.6,10,1,4,,problem_solving
200,0.03126605114913186,0.004599552223720277,0.4,-6.6993658328207655,[0.         0.         0.         0.         0.         0.         0.         0.         0.         0.         0.         0.01482616 0.         0.         0.         0.         0.02147809 0.         0.         0.         0.         0.         0.         0.         0.         0.94796843 0.         0.01572732 0.         0.         0.        ],[0. 0. 0. 0. 0. 0. 0. 0. 0. 0. 0. 1. 0. 0. 0. 0. 1. 0. 0. 0. 0. 0. 0. 0. 0. 1. 0. 1. 0. 0. 0.],4.0,10000,30,0.6,10,1,4,,problem_solving
300,0.0214472570549197,0.010242594081487059,0.4,-8.363619433326894,[0.         0.         0.         0.         0.95407725 0.         0.         0.         0.         0.         0.         0.         0.         0.         0.01654527 0.         0.         0.01195159 0.         0.         0.         0.         0.         0.         0.         0.         0.         0.         0.         0.         0.01742589],[0. 0. 0. 0. 1. 0. 0. 0. 0. 0. 0. 0. 0. 0. 1. 0. 0. 1. 0. 0. 0. 0. 0. 0. 0. 0. 0. 0. 0. 0. 1.],4.0,10000,30,0.6,10,1,4,,problem_solving
400,0.019559185407604384,0.010506758306761375,0.4,-7.428345493542279,[0.         0.01916171 0.         0.         0.         0.         0.         0.         0.01456854 0.         0.         0.         0.         0.         0.         0.         0.         0.01700966 0.         0.         0.         0.         0.         0.         0.         0.94926009 0.         0.         0.         0.         0.        ],[0. 1. 0. 0. 0. 0. 0. 0. 1. 0. 0. 0. 0. 0. 0. 0. 0. 1. 0. 0. 0. 0. 0. 0. 0. 1. 0. 0. 0. 0. 0.],4.0,10000,30,0.6,10,1,4,,problem_solving
500,0.019559185407604384,0.010506758306761375,0.4,14.014228453363199,[0.         0.01916171 0.         0.         0.         0.         0.         0.         0.01456854 0.         0.         0.         0.         0.         0.         0.         0.         0.01700966 0.         0.         0.         0.         0.         0.         0.         0.94926009 0.         0.         0.         0.         0.        ],[0. 1. 0. 0. 0. 0. 0. 0. 1. 0. 0. 0. 0. 0. 0. 0. 0. 1. 0. 0. 0. 0. 0. 0. 0. 1. 0. 0. 0. 0. 0.],4.0,10000,30,0.6,10,1,4,,problem_solving
600,0.018237738998933696,0.0046624957497666914,0.4,-6.963697644369816,[0.         0.         0.         0.         0.         0.         0.         0.         0.         0.02102917 0.02689601 0.         0.         0.         0.         0.         0.         0.         0.         0.         0.         0.         0.         0.         0.01145561 0.94061921 0.         0.         0.         0.         0.        ],[0. 0. 0. 0. 0. 0. 0. 0. 0. 1. 1. 0. 0. 0. 0. 0. 0. 0. 0. 0. 0. 0. 0. 0. 1. 1. 0. 0. 0. 0. 0.],4.0,10000,30,0.6,10,1,4,,problem_solving
700,0.018237738998933696,0.0046624957497666914,0.4,10.556960715561711,[0.         0.         0.         0.         0.         0.         0.         0.         0.         0.02102917 0.02689601 0.         0.         0.         0.         0.         0.         0.         0.         0.         0.         0.         0.         0.         0.01145561 0.94061921 0.         0.         0.         0.         0.        ],[0. 0. 0. 0. 0. 0. 0. 0. 0. 1. 1. 0. 0. 0. 0. 0. 0. 0. 0. 0. 0. 0. 0. 0. 1. 1. 0. 0. 0. 0. 0.],4.0,10000,30,0.6,10,1,4,,problem_solving
800,0.018237738998933696,0.0046624957497666914,0.4,-3.2611754673923112,[0.         0.         0.         0.         0.         0.         0.         0.         0.         0.02102917 0.02689601 0.         0.         0.         0.         0.         0.         0.         0.         0.         0.         0.         0.         0.         0.01145561 0.94061921 0.         0.         0.         0.         0.        ],[0. 0. 0. 0. 0. 0. 0. 0. 0. 1. 1. 0. 0. 0. 0. 0. 0. 0. 0. 0. 0. 0. 0. 0. 1. 1. 0. 0. 0. 0. 0.],4.0,10000,30,0.6,10,1,4,,problem_solving
900,0.018237738998933696,0.0046624957497666914,0.4,-5.3789513693712685,[0.         0.         0.         0.         0.         0.         0.         0.         0.         0.02102917 0.02689601 0.         0.         0.         0.         0.         0.         0.         0.         0.         0.         0.         0.         0.         0.01145561 0.94061921 0.         0.         0.         0.         0.        ],[0. 0. 0. 0. 0. 0. 0. 0. 0. 1. 1. 0. 0. 0. 0. 0. 0. 0. 0. 0. 0. 0. 0. 0. 1. 1. 0. 0. 0. 0. 0.],4.0,10000,30,0.6,10,1,4,,problem_solving
1000,0.018237738998933696,0.0046624957497666914,0.4,-13.329159774574768,[0.         0.         0.         0.         0.         0.         0.         0.         0.         0.02102917 0.02689601 0.         0.         0.         0.         0.         0.         0.         0.         0.         0.         0.         0.         0.         0.01145561 0.94061921 0.         0.         0.         0.         0.        ],[0. 0. 0. 0. 0. 0. 0. 0. 0. 1. 1. 0. 0. 0. 0. 0. 0. 0. 0. 0. 0. 0. 0. 0. 1. 1. 0. 0. 0. 0. 0.],4.0,10000,30,0.6,10,1,4,,problem_solving
1100,0.018237738998933696,0.0046624957497666914,0.4,-9.529906223865613,[0.         0.         0.         0.         0.         0.         0.         0.         0.         0.02102917 0.02689601 0.         0.         0.         0.         0.         0.         0.         0.         0.         0.         0.         0.         0.         0.01145561 0.94061921 0.         0.         0.         0.         0.        ],[0. 0. 0. 0. 0. 0. 0. 0. 0. 1. 1. 0. 0. 0. 0. 0. 0. 0. 0. 0. 0. 0. 0. 0. 1. 1. 0. 0. 0. 0. 0.],4.0,10000,30,0.6,10,1,4,,problem_solving
1200,0.018237738998933696,0.0046624957497666914,0.4,4.246006173631544,[0.         0.         0.         0.         0.         0.         0.         0.         0.         0.02102917 0.02689601 0.         0.         0.         0.         0.         0.         0.         0.         0.         0.         0.         0.         0.         0.01145561 0.94061921 0.         0.         0.         0.         0.        ],[0. 0. 0. 0. 0. 0. 0. 0. 0. 1. 1. 0. 0. 0. 0. 0. 0. 0. 0. 0. 0. 0. 0. 0. 1. 1. 0. 0. 0. 0. 0.],4.0,10000,30,0.6,10,1,4,,problem_solving
1300,0.018237738998933696,0.0046624957497666914,0.4,3.908849673874493,[0.         0.         0.         0.         0.         0.         0.         0.         0.         0.02102917 0.02689601 0.         0.         0.         0.         0.         0.         0.         0.         0.         0.         0.         0.         0.         0.01145561 0.94061921 0.         0.         0.         0.         0.        ],[0. 0. 0. 0. 0. 0. 0. 0. 0. 1. 1. 0. 0. 0. 0. 0. 0. 0. 0. 0. 0. 0. 0. 0. 1. 1. 0. 0. 0. 0. 0.],4.0,10000,30,0.6,10,1,4,,problem_solving
1400,0.01573785029504317,0.010497376523978981,0.4,-6.025113708221551,[0.         0.         0.         0.         0.94911142 0.         0.         0.02028211 0.         0.         0.01716221 0.         0.         0.01344426 0.         0.         0.         0.         0.         0.         0.         0.         0.         0.         0.         0.         0.         0.         0.         0.         0.        ],[0. 0. 0. 0. 1. 0. 0. 1. 0. 0. 1. 0. 0. 1. 0. 0. 0. 0. 0. 0. 0. 0. 0. 0. 0. 0. 0. 0. 0. 0. 0.],4.0,10000,30,0.6,10,1,4,,problem_solving
1500,0.013111245086614957,0.010435389808214422,0.4,4.627714972687647,[0.         0.01116358 0.         0.         0.94710133 0.         0.         0.         0.         0.         0.         0.         0.         0.         0.         0.         0.         0.         0.         0.         0.         0.         0.         0.         0.         0.         0.         0.01966551 0.         0.         0.02206958],[0. 1. 0. 0. 1. 0. 0. 0. 0. 0. 0. 0. 0. 0. 0. 0. 0. 0. 0. 0. 0. 0. 0. 0. 0. 0. 0. 1. 0. 0. 1.],4.0,10000,30,0.6,10,1,4,,problem_solving
1600,0.013111245086614957,0.010435389808214422,0.4,7.599829730132762,[0.         0.01116358 0.         0.         0.94710133 0.         0.         0.         0.         0.         0.         0.         0.         0.         0.         0.         0.         0.         0.         0.         0.         0.         0.         0.         0.         0.         0.         0.01966551 0.         0.         0.02206958],[0. 1. 0. 0. 1. 0. 0. 0. 0. 0. 0. 0. 0. 0. 0. 0. 0. 0. 0. 0. 0. 0. 0. 0. 0. 0. 0. 1. 0. 0. 1.],4.0,10000,30,0.6,10,1,4,,problem_solving
1700,0.013111245086614957,0.010435389808214422,0.4,-3.6257396041547594,[0.         0.01116358 0.         0.         0.94710133 0.         0.         0.         0.         0.         0.         0.         0.         0.         0.         0.         0.         0.         0.         0.         0.         0.         0.         0.         0.         0.         0.         0.01966551 0.         0.         0.02206958],[0. 1. 0. 0. 1. 0. 0. 0. 0. 0. 0. 0. 0. 0. 0. 0. 0. 0. 0. 0. 0. 0. 0. 0. 0. 0. 0. 1. 0. 0. 1.],4.0,10000,30,0.6,10,1,4,,problem_solving
1800,0.013111245086614957,0.010435389808214422,0.4,-4.23349083921237,[0.         0.01116358 0.         0.         0.94710133 0.         0.         0.         0.         0.         0.         0.         0.         0.         0.         0.         0.         0.         0.         0.         0.         0.         0.         0.         0.         0.         0.         0.01966551 0.         0.         0.02206958],[0. 1. 0. 0. 1. 0. 0. 0. 0. 0. 0. 0. 0. 0. 0. 0. 0. 0. 0. 0. 0. 0. 0. 0. 0. 0. 0. 1. 0. 0. 1.],4.0,10000,30,0.6,10,1,4,,problem_solving
1900,0.013111245086614957,0.010435389808214422,0.4,-9.390204787896593,[0.         0.01116358 0.         0.         0.94710133 0.         0.         0.         0.         0.         0.         0.         0.         0.         0.         0.         0.         0.         0.         0.         0.         0.         0.         0.         0.         0.         0.         0.01966551 0.         0.         0.02206958],[0. 1. 0. 0. 1. 0. 0. 0. 0. 0. 0. 0. 0. 0. 0. 0. 0. 0. 0. 0. 0. 0. 0. 0. 0. 0. 0. 1. 0. 0. 1.],4.0,10000,30,0.6,10,1,4,,problem_solving
2000,0.013111245086614957,0.010435389808214422,0.4,-4.531952404474872,[0.         0.01116358 0.         0.         0.94710133 0.         0.         0.         0.         0.         0.         0.         0.         0.         0.         0.         0.         0.         0.         0.         0.         0.         0.         0.         0.         0.         0.         0.01966551 0.         0.         0.02206958],[0. 1. 0. 0. 1. 0. 0. 0. 0. 0. 0. 0. 0. 0. 0. 0. 0. 0. 0. 0. 0. 0. 0. 0. 0. 0. 0. 1. 0. 0. 1.],4.0,10000,30,0.6,10,1,4,,problem_solving
2100,0.013111245086614957,0.010435389808214422,0.4,-9.18188563243812,[0.         0.01116358 0.         0.         0.94710133 0.         0.         0.         0.         0.         0.         0.         0.         0.         0.         0.         0.         0.         0.         0.         0.         0.         0.         0.         0.         0.         0.         0.01966551 0.         0.         0.02206958],[0. 1. 0. 0. 1. 0. 0. 0. 0. 0. 0. 0. 0. 0. 0. 0. 0. 0. 0. 0. 0. 0. 0. 0. 0. 0. 0. 1. 0. 0. 1.],4.0,10000,30,0.6,10,1,4,,problem_solving
2200,0.013111245086614957,0.010435389808214422,0.4,-13.175977454536396,[0.         0.01116358 0.         0.         0.94710133 0.         0.         0.         0.         0.         0.         0.         0.         0.         0.         0.         0.         0.         0.         0.         0.         0.         0.         0.         0.         0.         0.         0.01966551 0.         0.         0.02206958],[0. 1. 0. 0. 1. 0. 0. 0. 0. 0. 0. 0. 0. 0. 0. 0. 0. 0. 0. 0. 0. 0. 0. 0. 0. 0. 0. 1. 0. 0. 1.],4.0,10000,30,0.6,10,1,4,,problem_solving
2300,0.013111245086614957,0.010435389808214422,0.4,-4.806770425098952,[0.         0.01116358 0.         0.         0.94710133 0.         0.         0.         0.         0.         0.         0.         0.         0.         0.         0.         0.         0.         0.         0.         0.         0.         0.         0.         0.         0.         0.         0.01966551 0.         0.         0.02206958],[0. 1. 0. 0. 1. 0. 0. 0. 0. 0. 0. 0. 0. 0. 0. 0. 0. 0. 0. 0. 0. 0. 0. 0. 0. 0. 0. 1. 0. 0. 1.],4.0,10000,30,0.6,10,1,4,,problem_solving
2400,0.013111245086614957,0.010435389808214422,0.4,-0.025273906065516393,[0.         0.01116358 0.         0.         0.94710133 0.         0.         0.         0.         0.         0.         0.         0.         0.         0.         0.         0.         0.         0.         0.         0.         0.         0.         0.         0.         0.         0.         0.01966551 0.         0.         0.02206958],[0. 1. 0. 0. 1. 0. 0. 0. 0. 0. 0. 0. 0. 0. 0. 0. 0. 0. 0. 0. 0. 0. 0. 0. 0. 0. 0. 1. 0. 0. 1.],4.0,10000,30,0.6,10,1,4,,problem_solving
2500,0.013111245086614957,0.010435389808214422,0.4,-15.211737317801203,[0.         0.01116358 0.         0.         0.94710133 0.         0.         0.         0.         0.         0.         0.         0.         0.         0.         0.         0.         0.         0.         0.         0.         0.         0.         0.         0.         0.         0.         0.01966551 0.         0.         0.02206958],[0. 1. 0. 0. 1. 0. 0. 0. 0. 0. 0. 0. 0. 0. 0. 0. 0. 0. 0. 0. 0. 0. 0. 0. 0. 0. 0. 1. 0. 0. 1.],4.0,10000,30,0.6,10,1,4,,problem_solving
2600,0.013111245086614957,0.010435389808214422,0.4,-1.5349415767319508,[0.         0.01116358 0.         0.         0.94710133 0.         0.         0.         0.         0.         0.         0.         0.         0.         0.         0.         0.         0.         0.         0.         0.         0.         0.         0.         0.         0.         0.         0.01966551 0.         0.         0.02206958],[0. 1. 0. 0. 1. 0. 0. 0. 0. 0. 0. 0. 0. 0. 0. 0. 0. 0. 0. 0. 0. 0. 0. 0. 0. 0. 0. 1. 0. 0. 1.],4.0,10000,30,0.6,10,1,4,,problem_solving
2700,0.013111245086614957,0.010435389808214422,0.4,28.356021952710257,[0.         0.01116358 0.         0.         0.94710133 0.         0.         0.         0.         0.         0.         0.         0.         0.         0.         0.         0.         0.         0.         0.         0.         0.         0.         0.         0.         0.         0.         0.01966551 0.         0.         0.02206958],[0. 1. 0. 0. 1. 0. 0. 0. 0. 0. 0. 0. 0. 0. 0. 0. 0. 0. 0. 0. 0. 0. 0. 0. 0. 0. 0. 1. 0. 0. 1.],4.0,10000,30,0.6,10,1,4,,problem_solving
2800,0.013111245086614957,0.010435389808214422,0.4,9.274807033735101,[0.         0.01116358 0.         0.         0.94710133 0.         0.         0.         0.         0.         0.         0.         0.         0.         0.         0.         0.         0.         0.         0.         0.         0.         0.         0.         0.         0.         0.         0.01966551 0.         0.         0.02206958],[0. 1. 0. 0. 1. 0. 0. 0. 0. 0. 0. 0. 0. 0. 0. 0. 0. 0. 0. 0. 0. 0. 0. 0. 0. 0. 0. 1. 0. 0. 1.],4.0,10000,30,0.6,10,1,4,,problem_solving
2900,0.013111245086614957,0.010435389808214422,0.4,4.340549601901592,[0.         0.01116358 0.         0.         0.94710133 0.         0.         0.         0.         0.         0.         0.         0.         0.         0.         0.         0.         0.         0.         0.         0.         0.         0.         0.         0.         0.         0.         0.01966551 0.         0.         0.02206958],[0. 1. 0. 0. 1. 0. 0. 0. 0. 0. 0. 0. 0. 0. 0. 0. 0. 0. 0. 0. 0. 0. 0. 0. 0. 0. 0. 1. 0. 0. 1.],4.0,10000,30,0.6,10,1,4,,problem_solving
3000,0.013111245086614957,0.010435389808214422,0.4,-7.1384918142421245,[0.         0.01116358 0.         0.         0.94710133 0.         0.         0.         0.         0.         0.         0.         0.         0.         0.         0.         0.         0.         0.         0.         0.         0.         0.         0.         0.         0.         0.         0.01966551 0.         0.         0.02206958],[0. 1. 0. 0. 1. 0. 0. 0. 0. 0. 0. 0. 0. 0. 0. 0. 0. 0. 0. 0. 0. 0. 0. 0. 0. 0. 0. 1. 0. 0. 1.],4.0,10000,30,0.6,10,1,4,,problem_solving
3100,0.013111245086614957,0.010435389808214422,0.4,-1.3498648726201787,[0.         0.01116358 0.         0.         0.94710133 0.         0.         0.         0.         0.         0.         0.         0.         0.         0.         0.         0.         0.         0.         0.         0.         0.         0.         0.         0.         0.         0.         0.01966551 0.         0.         0.02206958],[0. 1. 0. 0. 1. 0. 0. 0. 0. 0. 0. 0. 0. 0. 0. 0. 0. 0. 0. 0. 0. 0. 0. 0. 0. 0. 0. 1. 0. 0. 1.],4.0,10000,30,0.6,10,1,4,,problem_solving
3200,0.013111245086614957,0.010435389808214422,0.4,3.828962747258344,[0.         0.01116358 0.         0.         0.94710133 0.         0.         0.         0.         0.         0.         0.         0.         0.         0.         0.         0.         0.         0.         0.         0.         0.         0.         0.         0.         0.         0.         0.01966551 0.         0.         0.02206958],[0. 1. 0. 0. 1. 0. 0. 0. 0. 0. 0. 0. 0. 0. 0. 0. 0. 0. 0. 0. 0. 0. 0. 0. 0. 0. 0. 1. 0. 0. 1.],4.0,10000,30,0.6,10,1,4,,problem_solving
3300,0.013111245086614957,0.010435389808214422,0.4,2.589469400932647,[0.         0.01116358 0.         0.         0.94710133 0.         0.         0.         0.         0.         0.         0.         0.         0.         0.         0.         0.         0.         0.         0.         0.         0.         0.         0.         0.         0.         0.         0.01966551 0.         0.         0.02206958],[0. 1. 0. 0. 1. 0. 0. 0. 0. 0. 0. 0. 0. 0. 0. 0. 0. 0. 0. 0. 0. 0. 0. 0. 0. 0. 0. 1. 0. 0. 1.],4.0,10000,30,0.6,10,1,4,,problem_solving
3400,0.013111245086614957,0.010435389808214422,0.4,-5.016742131550788,[0.         0.01116358 0.         0.         0.94710133 0.         0.         0.         0.         0.         0.         0.         0.         0.         0.         0.         0.         0.         0.         0.         0.         0.         0.         0.         0.         0.         0.         0.01966551 0.         0.         0.02206958],[0. 1. 0. 0. 1. 0. 0. 0. 0. 0. 0. 0. 0. 0. 0. 0. 0. 0. 0. 0. 0. 0. 0. 0. 0. 0. 0. 1. 0. 0. 1.],4.0,10000,30,0.6,10,1,4,,problem_solving
3500,0.013111245086614957,0.010435389808214422,0.4,12.914485155217006,[0.         0.01116358 0.         0.         0.94710133 0.         0.         0.         0.         0.         0.         0.         0.         0.         0.         0.         0.         0.         0.         0.         0.         0.         0.         0.         0.         0.         0.         0.01966551 0.         0.         0.02206958],[0. 1. 0. 0. 1. 0. 0. 0. 0. 0. 0. 0. 0. 0. 0. 0. 0. 0. 0. 0. 0. 0. 0. 0. 0. 0. 0. 1. 0. 0. 1.],4.0,10000,30,0.6,10,1,4,,problem_solving
3600,0.013111245086614957,0.010435389808214422,0.4,-7.444388131846365,[0.         0.01116358 0.         0.         0.94710133 0.         0.         0.         0.         0.         0.         0.         0.         0.         0.         0.         0.         0.         0.         0.         0.         0.         0.         0.         0.         0.         0.         0.01966551 0.         0.         0.02206958],[0. 1. 0. 0. 1. 0. 0. 0. 0. 0. 0. 0. 0. 0. 0. 0. 0. 0. 0. 0. 0. 0. 0. 0. 0. 0. 0. 1. 0. 0. 1.],4.0,10000,30,0.6,10,1,4,,problem_solving
3700,0.013111245086614957,0.010435389808214422,0.4,9.058910836700916,[0.         0.01116358 0.         0.         0.94710133 0.         0.         0.         0.         0.         0.         0.         0.         0.         0.         0.         0.         0.         0.         0.         0.         0.         0.         0.         0.         0.         0.         0.01966551 0.         0.         0.02206958],[0. 1. 0. 0. 1. 0. 0. 0. 0. 0. 0. 0. 0. 0. 0. 0. 0. 0. 0. 0. 0. 0. 0. 0. 0. 0. 0. 1. 0. 0. 1.],4.0,10000,30,0.6,10,1,4,,problem_solving
3800,0.013111245086614957,0.010435389808214422,0.4,3.6119925578727266,[0.         0.01116358 0.         0.         0.94710133 0.         0.         0.         0.         0.         0.         0.         0.         0.         0.         0.         0.         0.         0.         0.         0.         0.         0.         0.         0.         0.         0.         0.01966551 0.         0.         0.02206958],[0. 1. 0. 0. 1. 0. 0. 0. 0. 0. 0. 0. 0. 0. 0. 0. 0. 0. 0. 0. 0. 0. 0. 0. 0. 0. 0. 1. 0. 0. 1.],4.0,10000,30,0.6,10,1,4,,problem_solving
3900,0.013111245086614957,0.010435389808214422,0.4,-9.809956416280833,[0.         0.01116358 0.         0.         0.94710133 0.         0.         0.         0.         0.         0.         0.         0.         0.         0.         0.         0.         0.         0.         0.         0.         0.         0.         0.         0.         0.         0.         0.01966551 0.         0.         0.02206958],[0. 1. 0. 0. 1. 0. 0. 0. 0. 0. 0. 0. 0. 0. 0. 0. 0. 0. 0. 0. 0. 0. 0. 0. 0. 0. 0. 1. 0. 0. 1.],4.0,10000,30,0.6,10,1,4,,problem_solving
4000,0.013111245086614957,0.010435389808214422,0.4,0.9459105948032807,[0.         0.01116358 0.         0.         0.94710133 0.         0.         0.         0.         0.         0.         0.         0.         0.         0.         0.         0.         0.         0.         0.         0.         0.         0.         0.         0.         0.         0.         0.01966551 0.         0.         0.02206958],[0. 1. 0. 0. 1. 0. 0. 0. 0. 0. 0. 0. 0. 0. 0. 0. 0. 0. 0. 0. 0. 0. 0. 0. 0. 0. 0. 1. 0. 0. 1.],4.0,10000,30,0.6,10,1,4,,problem_solving
4100,0.013111245086614957,0.010435389808214422,0.4,17.505150399949198,[0.         0.01116358 0.         0.         0.94710133 0.         0.         0.         0.         0.         0.         0.         0.         0.         0.         0.         0.         0.         0.         0.         0.         0.         0.         0.         0.         0.         0.         0.01966551 0.         0.         0.02206958],[0. 1. 0. 0. 1. 0. 0. 0. 0. 0. 0. 0. 0. 0. 0. 0. 0. 0. 0. 0. 0. 0. 0. 0. 0. 0. 0. 1. 0. 0. 1.],4.0,10000,30,0.6,10,1,4,,problem_solving
4200,0.013111245086614957,0.010435389808214422,0.4,2.5193163353683627,[0.         0.01116358 0.         0.         0.94710133 0.         0.         0.         0.         0.         0.         0.         0.         0.         0.         0.         0.         0.         0.         0.         0.         0.         0.         0.         0.         0.         0.         0.01966551 0.         0.         0.02206958],[0. 1. 0. 0. 1. 0. 0. 0. 0. 0. 0. 0. 0. 0. 0. 0. 0. 0. 0. 0. 0. 0. 0. 0. 0. 0. 0. 1. 0. 0. 1.],4.0,10000,30,0.6,10,1,4,,problem_solving
4300,0.013111245086614957,0.010435389808214422,0.4,-2.701545069105196,[0.         0.01116358 0.         0.         0.94710133 0.         0.         0.         0.         0.         0.         0.         0.         0.         0.         0.         0.         0.         0.         0.         0.         0.         0.         0.         0.         0.         0.         0.01966551 0.         0.         0.02206958],[0. 1. 0. 0. 1. 0. 0. 0. 0. 0. 0. 0. 0. 0. 0. 0. 0. 0. 0. 0. 0. 0. 0. 0. 0. 0. 0. 1. 0. 0. 1.],4.0,10000,30,0.6,10,1,4,,problem_solving
4400,0.013111245086614957,0.010435389808214422,0.4,-19.196077107779633,[0.         0.01116358 0.         0.         0.94710133 0.         0.         0.         0.         0.         0.         0.         0.         0.         0.         0.         0.         0.         0.         0.         0.         0.         0.         0.         0.         0.         0.         0.01966551 0.         0.         0.02206958],[0. 1. 0. 0. 1. 0. 0. 0. 0. 0. 0. 0. 0. 0. 0. 0. 0. 0. 0. 0. 0. 0. 0. 0. 0. 0. 0. 1. 0. 0. 1.],4.0,10000,30,0.6,10,1,4,,problem_solving
4500,0.013111245086614957,0.010435389808214422,0.4,-15.808881530948746,[0.         0.01116358 0.         0.         0.94710133 0.         0.         0.         0.         0.         0.         0.         0.         0.         0.         0.         0.         0.         0.         0.         0.         0.         0.         0.         0.         0.         0.         0.01966551 0.         0.         0.02206958],[0. 1. 0. 0. 1. 0. 0. 0. 0. 0. 0. 0. 0. 0. 0. 0. 0. 0. 0. 0. 0. 0. 0. 0. 0. 0. 0. 1. 0. 0. 1.],4.0,10000,30,0.6,10,1,4,,problem_solving
4600,0.013111245086614957,0.010435389808214422,0.4,-14.531260473593107,[0.         0.01116358 0.         0.         0.94710133 0.         0.         0.         0.         0.         0.         0.         0.         0.         0.         0.         0.         0.         0.         0.         0.         0.         0.         0.         0.         0.         0.         0.01966551 0.         0.         0.02206958],[0. 1. 0. 0. 1. 0. 0. 0. 0. 0. 0. 0. 0. 0. 0. 0. 0. 0. 0. 0. 0. 0. 0. 0. 0. 0. 0. 1. 0. 0. 1.],4.0,10000,30,0.6,10,1,4,,problem_solving
4700,0.010674434386964103,0.010462507376345454,0.4,-8.702029086227896,[0.         0.         0.         0.         0.94916845 0.         0.         0.         0.         0.         0.02862362 0.         0.         0.         0.         0.         0.         0.         0.         0.         0.         0.         0.         0.         0.         0.         0.         0.01129652 0.01091142 0.         0.        ],[0. 0. 0. 0. 1. 0. 0. 0. 0. 0. 1. 0. 0. 0. 0. 0. 0. 0. 0. 0. 0. 0. 0. 0. 0. 0. 0. 1. 1. 0. 0.],4.0,10000,30,0.6,10,1,4,,problem_solving
4800,0.010674434386964103,0.010462507376345454,0.4,5.3436291824121165,[0.         0.         0.         0.         0.94916845 0.         0.         0.         0.         0.         0.02862362 0.         0.         0.         0.         0.         0.         0.         0.         0.         0.         0.         0.         0.         0.         0.         0.         0.01129652 0.01091142 0.         0.        ],[0. 0. 0. 0. 1. 0. 0. 0. 0. 0. 1. 0. 0. 0. 0. 0. 0. 0. 0. 0. 0. 0. 0. 0. 0. 0. 0. 1. 1. 0. 0.],4.0,10000,30,0.6,10,1,4,,problem_solving
4900,0.010674434386964103,0.010462507376345454,0.4,-16.420149086111376,[0.         0.         0.         0.         0.94916845 0.         0.         0.         0.         0.         0.02862362 0.         0.         0.         0.         0.         0.         0.         0.         0.         0.         0.         0.         0.         0.         0.         0.         0.01129652 0.01091142 0.         0.        ],[0. 0. 0. 0. 1. 0. 0. 0. 0. 0. 1. 0. 0. 0. 0. 0. 0. 0. 0. 0. 0. 0. 0. 0. 0. 0. 0. 1. 1. 0. 0.],4.0,10000,30,0.6,10,1,4,,problem_solving
5000,0.010674434386964103,0.010462507376345454,0.4,13.310029333500733,[0.         0.         0.         0.         0.94916845 0.         0.         0.         0.         0.         0.02862362 0.         0.         0.         0.         0.         0.         0.         0.         0.         0.         0.         0.         0.         0.         0.         0.         0.01129652 0.01091142 0.         0.        ],[0. 0. 0. 0. 1. 0. 0. 0. 0. 0. 1. 0. 0. 0. 0. 0. 0. 0. 0. 0. 0. 0. 0. 0. 0. 0. 0. 1. 1. 0. 0.],4.0,10000,30,0.6,10,1,4,,problem_solving
5100,0.010674434386964103,0.010462507376345454,0.4,9.05276593453815,[0.         0.         0.         0.         0.94916845 0.         0.         0.         0.         0.         0.02862362 0.         0.         0.         0.         0.         0.         0.         0.         0.         0.         0.         0.         0.         0.         0.         0.         0.01129652 0.01091142 0.         0.        ],[0. 0. 0. 0. 1. 0. 0. 0. 0. 0. 1. 0. 0. 0. 0. 0. 0. 0. 0. 0. 0. 0. 0. 0. 0. 0. 0. 1. 1. 0. 0.],4.0,10000,30,0.6,10,1,4,,problem_solving
5200,0.010674434386964103,0.010462507376345454,0.4,-7.273554901357386,[0.         0.         0.         0.         0.94916845 0.         0.         0.         0.         0.         0.02862362 0.         0.         0.         0.         0.         0.         0.         0.         0.         0.         0.         0.         0.         0.         0.         0.         0.01129652 0.01091142 0.         0.        ],[0. 0. 0. 0. 1. 0. 0. 0. 0. 0. 1. 0. 0. 0. 0. 0. 0. 0. 0. 0. 0. 0. 0. 0. 0. 0. 0. 1. 1. 0. 0.],4.0,10000,30,0.6,10,1,4,,problem_solving
5300,0.010674434386964103,0.010462507376345454,0.4,1.73772868668419,[0.         0.         0.         0.         0.94916845 0.         0.         0.         0.         0.         0.02862362 0.         0.         0.         0.         0.         0.         0.         0.         0.         0.         0.         0.         0.         0.         0.         0.         0.01129652 0.01091142 0.         0.        ],[0. 0. 0. 0. 1. 0. 0. 0. 0. 0. 1. 0. 0. 0. 0. 0. 0. 0. 0. 0. 0. 0. 0. 0. 0. 0. 0. 1. 1. 0. 0.],4.0,10000,30,0.6,10,1,4,,problem_solving
5400,0.010674434386964103,0.010462507376345454,0.4,-7.063891508674882,[0.         0.         0.         0.         0.94916845 0.         0.         0.         0.         0.         0.02862362 0.         0.         0.         0.         0.         0.         0.         0.         0.         0.         0.         0.         0.         0.         0.         0.         0.01129652 0.01091142 0.         0.        ],[0. 0. 0. 0. 1. 0. 0. 0. 0. 0. 1. 0. 0. 0. 0. 0. 0. 0. 0. 0. 0. 0. 0. 0. 0. 0. 0. 1. 1. 0. 0.],4.0,10000,30,0.6,10,1,4,,problem_solving
5500,0.010674434386964103,0.010462507376345454,0.4,-9.333282597213978,[0.         0.         0.         0.         0.94916845 0.         0.         0.         0.         0.         0.02862362 0.         0.         0.         0.         0.         0.         0.         0.         0.         0.         0.         0.         0.         0.         0.         0.         0.01129652 0.01091142 0.         0.        ],[0. 0. 0. 0. 1. 0. 0. 0. 0. 0. 1. 0. 0. 0. 0. 0. 0. 0. 0. 0. 0. 0. 0. 0. 0. 0. 0. 1. 1. 0. 0.],4.0,10000,30,0.6,10,1,4,,problem_solving
5600,0.010674434386964103,0.010462507376345454,0.4,10.810132123909886,[0.         0.         0.         0.         0.94916845 0.         0.         0.         0.         0.         0.02862362 0.         0.         0.         0.         0.         0.         0.         0.         0.         0.         0.         0.         0.         0.         0.         0.         0.01129652 0.01091142 0.         0.        ],[0. 0. 0. 0. 1. 0. 0. 0. 0. 0. 1. 0. 0. 0. 0. 0. 0. 0. 0. 0. 0. 0. 0. 0. 0. 0. 0. 1. 1. 0. 0.],4.0,10000,30,0.6,10,1,4,,problem_solving
5700,0.010674434386964103,0.010462507376345454,0.4,17.502803493588736,[0.         0.         0.         0.         0.94916845 0.         0.         0.         0.         0.         0.02862362 0.         0.         0.         0.         0.         0.         0.         0.         0.         0.         0.         0.         0.         0.         0.         0.         0.01129652 0.01091142 0.         0.        ],[0. 0. 0. 0. 1. 0. 0. 0. 0. 0. 1. 0. 0. 0. 0. 0. 0. 0. 0. 0. 0. 0. 0. 0. 0. 0. 0. 1. 1. 0. 0.],4.0,10000,30,0.6,10,1,4,,problem_solving
5800,0.010674434386964103,0.010462507376345454,0.4,-11.38112694887999,[0.         0.         0.         0.         0.94916845 0.         0.         0.         0.         0.         0.02862362 0.         0.         0.         0.         0.         0.         0.         0.         0.         0.         0.         0.         0.         0.         0.         0.         0.01129652 0.01091142 0.         0.        ],[0. 0. 0. 0. 1. 0. 0. 0. 0. 0. 1. 0. 0. 0. 0. 0. 0. 0. 0. 0. 0. 0. 0. 0. 0. 0. 0. 1. 1. 0. 0.],4.0,10000,30,0.6,10,1,4,,problem_solving
5900,0.010674434386964103,0.010462507376345454,0.4,-0.2930121049064427,[0.         0.         0.         0.         0.94916845 0.         0.         0.         0.         0.         0.02862362 0.         0.         0.         0.         0.         0.         0.         0.         0.         0.         0.         0.         0.         0.         0.         0.         0.01129652 0.01091142 0.         0.        ],[0. 0. 0. 0. 1. 0. 0. 0. 0. 0. 1. 0. 0. 0. 0. 0. 0. 0. 0. 0. 0. 0. 0. 0. 0. 0. 0. 1. 1. 0. 0.],4.0,10000,30,0.6,10,1,4,,problem_solving
6000,0.010674434386964103,0.010462507376345454,0.4,5.831176560037809,[0.         0.         0.         0.         0.94916845 0.         0.         0.         0.         0.         0.02862362 0.         0.         0.         0.         0.         0.         0.         0.         0.         0.         0.         0.         0.         0.         0.         0.         0.01129652 0.01091142 0.         0.        ],[0. 0. 0. 0. 1. 0. 0. 0. 0. 0. 1. 0. 0. 0. 0. 0. 0. 0. 0. 0. 0. 0. 0. 0. 0. 0. 0. 1. 1. 0. 0.],4.0,10000,30,0.6,10,1,4,,problem_solving
6100,0.010674434386964103,0.010462507376345454,0.4,-1.7387676871798456,[0.         0.         0.         0.         0.94916845 0.         0.         0.         0.         0.         0.02862362 0.         0.         0.         0.         0.         0.         0.         0.         0.         0.         0.         0.         0.         0.         0.         0.         0.01129652 0.01091142 0.         0.        ],[0. 0. 0. 0. 1. 0. 0. 0. 0. 0. 1. 0. 0. 0. 0. 0. 0. 0. 0. 0. 0. 0. 0. 0. 0. 0. 0. 1. 1. 0. 0.],4.0,10000,30,0.6,10,1,4,,problem_solving
6200,0.010674434386964103,0.010462507376345454,0.4,5.363335385975963,[0.         0.         0.         0.         0.94916845 0.         0.         0.         0.         0.         0.02862362 0.         0.         0.         0.         0.         0.         0.         0.         0.         0.         0.         0.         0.         0.         0.         0.         0.01129652 0.01091142 0.         0.        ],[0. 0. 0. 0. 1. 0. 0. 0. 0. 0. 1. 0. 0. 0. 0. 0. 0. 0. 0. 0. 0. 0. 0. 0. 0. 0. 0. 1. 1. 0. 0.],4.0,10000,30,0.6,10,1,4,,problem_solving
6300,0.010674434386964103,0.010462507376345454,0.4,6.482983925150898,[0.         0.         0.         0.         0.94916845 0.         0.         0.         0.         0.         0.02862362 0.         0.         0.         0.         0.         0.         0.         0.         0.         0.         0.         0.         0.         0.         0.         0.         0.01129652 0.01091142 0.         0.        ],[0. 0. 0. 0. 1. 0. 0. 0. 0. 0. 1. 0. 0. 0. 0. 0. 0. 0. 0. 0. 0. 0. 0. 0. 0. 0. 0. 1. 1. 0. 0.],4.0,10000,30,0.6,10,1,4,,problem_solving
6400,0.010674434386964103,0.010462507376345454,0.4,-2.472856289667063,[0.         0.         0.         0.         0.94916845 0.         0.         0.         0.         0.         0.02862362 0.         0.         0.         0.         0.         0.         0.         0.         0.         0.         0.         0.         0.         0.         0.         0.         0.01129652 0.01091142 0.         0.        ],[0. 0. 0. 0. 1. 0. 0. 0. 0. 0. 1. 0. 0. 0. 0. 0. 0. 0. 0. 0. 0. 0. 0. 0. 0. 0. 0. 1. 1. 0. 0.],4.0,10000,30,0.6,10,1,4,,problem_solving
6500,0.010674434386964103,0.010462507376345454,0.4,3.415114050496025,[0.         0.         0.         0.         0.94916845 0.         0.         0.         0.         0.         0.02862362 0.         0.         0.         0.         0.         0.         0.         0.         0.         0.         0.         0.         0.         0.         0.         0.         0.01129652 0.01091142 0.         0.        ],[0. 0. 0. 0. 1. 0. 0. 0. 0. 0. 1. 0. 0. 0. 0. 0. 0. 0. 0. 0. 0. 0. 0. 0. 0. 0. 0. 1. 1. 0. 0.],4.0,10000,30,0.6,10,1,4,,problem_solving
6600,0.010674434386964103,0.010462507376345454,0.4,2.6888509080955276,[0.         0.         0.         0.         0.94916845 0.         0.         0.         0.         0.         0.02862362 0.         0.         0.         0.         0.         0.         0.         0.         0.         0.         0.         0.         0.         0.         0.         0.         0.01129652 0.01091142 0.         0.        ],[0. 0. 0. 0. 1. 0. 0. 0. 0. 0. 1. 0. 0. 0. 0. 0. 0. 0. 0. 0. 0. 0. 0. 0. 0. 0. 0. 1. 1. 0. 0.],4.0,10000,30,0.6,10,1,4,,problem_solving
6700,0.010674434386964103,0.010462507376345454,0.4,0.3684191559026115,[0.         0.         0.         0.         0.94916845 0.         0.         0.         0.         0.         0.02862362 0.         0.         0.         0.         0.         0.         0.         0.         0.         0.         0.         0.         0.         0.         0.         0.         0.01129652 0.01091142 0.         0.        ],[0. 0. 0. 0. 1. 0. 0. 0. 0. 0. 1. 0. 0. 0. 0. 0. 0. 0. 0. 0. 0. 0. 0. 0. 0. 0. 0. 1. 1. 0. 0.],4.0,10000,30,0.6,10,1,4,,problem_solving
6800,0.010674434386964103,0.010462507376345454,0.4,15.134501092438752,[0.         0.         0.         0.         0.94916845 0.         0.         0.         0.         0.         0.02862362 0.         0.         0.         0.         0.         0.         0.         0.         0.         0.         0.         0.         0.         0.         0.         0.         0.01129652 0.01091142 0.         0.        ],[0. 0. 0. 0. 1. 0. 0. 0. 0. 0. 1. 0. 0. 0. 0. 0. 0. 0. 0. 0. 0. 0. 0. 0. 0. 0. 0. 1. 1. 0. 0.],4.0,10000,30,0.6,10,1,4,,problem_solving
6900,0.010674434386964103,0.010462507376345454,0.4,-4.221920608123636,[0.         0.         0.         0.         0.94916845 0.         0.         0.         0.         0.         0.02862362 0.         0.         0.         0.         0.         0.         0.         0.         0.         0.         0.         0.         0.         0.         0.         0.         0.01129652 0.01091142 0.         0.        ],[0. 0. 0. 0. 1. 0. 0. 0. 0. 0. 1. 0. 0. 0. 0. 0. 0. 0. 0. 0. 0. 0. 0. 0. 0. 0. 0. 1. 1. 0. 0.],4.0,10000,30,0.6,10,1,4,,problem_solving
7000,0.010674434386964103,0.010462507376345454,0.4,6.440092530355212,[0.         0.         0.         0.         0.94916845 0.         0.         0.         0.         0.         0.02862362 0.         0.         0.         0.         0.         0.         0.         0.         0.         0.         0.         0.         0.         0.         0.         0.         0.01129652 0.01091142 0.         0.        ],[0. 0. 0. 0. 1. 0. 0. 0. 0. 0. 1. 0. 0. 0. 0. 0. 0. 0. 0. 0. 0. 0. 0. 0. 0. 0. 0. 1. 1. 0. 0.],4.0,10000,30,0.6,10,1,4,,problem_solving
7100,0.010674434386964103,0.010462507376345454,0.4,-1.8329460513204192,[0.         0.         0.         0.         0.94916845 0.         0.         0.         0.         0.         0.02862362 0.         0.         0.         0.         0.         0.         0.         0.         0.         0.         0.         0.         0.         0.         0.         0.         0.01129652 0.01091142 0.         0.        ],[0. 0. 0. 0. 1. 0. 0. 0. 0. 0. 1. 0. 0. 0. 0. 0. 0. 0. 0. 0. 0. 0. 0. 0. 0. 0. 0. 1. 1. 0. 0.],4.0,10000,30,0.6,10,1,4,,problem_solving
7200,0.010674434386964103,0.010462507376345454,0.4,-7.566056300597268,[0.         0.         0.         0.         0.94916845 0.         0.         0.         0.         0.         0.02862362 0.         0.         0.         0.         0.         0.         0.         0.         0.         0.         0.         0.         0.         0.         0.         0.         0.01129652 0.01091142 0.         0.        ],[0. 0. 0. 0. 1. 0. 0. 0. 0. 0. 1. 0. 0. 0. 0. 0. 0. 0. 0. 0. 0. 0. 0. 0. 0. 0. 0. 1. 1. 0. 0.],4.0,10000,30,0.6,10,1,4,,problem_solving
7300,0.010674434386964103,0.010462507376345454,0.4,18.414094394717097,[0.         0.         0.         0.         0.94916845 0.         0.         0.         0.         0.         0.02862362 0.         0.         0.         0.         0.         0.         0.         0.         0.         0.         0.         0.         0.         0.         0.         0.         0.01129652 0.01091142 0.         0.        ],[0. 0. 0. 0. 1. 0. 0. 0. 0. 0. 1. 0. 0. 0. 0. 0. 0. 0. 0. 0. 0. 0. 0. 0. 0. 0. 0. 1. 1. 0. 0.],4.0,10000,30,0.6,10,1,4,,problem_solving
7400,0.010674434386964103,0.010462507376345454,0.4,13.274326160543007,[0.         0.         0.         0.         0.94916845 0.         0.         0.         0.         0.         0.02862362 0.         0.         0.         0.         0.         0.         0.         0.         0.         0.         0.         0.         0.         0.         0.         0.         0.01129652 0.01091142 0.         0.        ],[0. 0. 0. 0. 1. 0. 0. 0. 0. 0. 1. 0. 0. 0. 0. 0. 0. 0. 0. 0. 0. 0. 0. 0. 0. 0. 0. 1. 1. 0. 0.],4.0,10000,30,0.6,10,1,4,,problem_solving
7500,0.010674434386964103,0.010462507376345454,0.4,16.9804226113275,[0.         0.         0.         0.         0.94916845 0.         0.         0.         0.         0.         0.02862362 0.         0.         0.         0.         0.         0.         0.         0.         0.         0.         0.         0.         0.         0.         0.         0.         0.01129652 0.01091142 0.         0.        ],[0. 0. 0. 0. 1. 0. 0. 0. 0. 0. 1. 0. 0. 0. 0. 0. 0. 0. 0. 0. 0. 0. 0. 0. 0. 0. 0. 1. 1. 0. 0.],4.0,10000,30,0.6,10,1,4,,problem_solving
7600,0.010674434386964103,0.010462507376345454,0.4,0.45582225940665344,[0.         0.         0.         0.         0.94916845 0.         0.         0.         0.         0.         0.02862362 0.         0.         0.         0.         0.         0.         0.         0.         0.         0.         0.         0.         0.         0.         0.         0.         0.01129652 0.01091142 0.         0.        ],[0. 0. 0. 0. 1. 0. 0. 0. 0. 0. 1. 0. 0. 0. 0. 0. 0. 0. 0. 0. 0. 0. 0. 0. 0. 0. 0. 1. 1. 0. 0.],4.0,10000,30,0.6,10,1,4,,problem_solving
7700,0.010674434386964103,0.010462507376345454,0.4,-25.258400630311584,[0.         0.         0.         0.         0.94916845 0.         0.         0.         0.         0.         0.02862362 0.         0.         0.         0.         0.         0.         0.         0.         0.         0.         0.         0.         0.         0.         0.         0.         0.01129652 0.01091142 0.         0.        ],[0. 0. 0. 0. 1. 0. 0. 0. 0. 0. 1. 0. 0. 0. 0. 0. 0. 0. 0. 0. 0. 0. 0. 0. 0. 0. 0. 1. 1. 0. 0.],4.0,10000,30,0.6,10,1,4,,problem_solving
7800,0.010674434386964103,0.010462507376345454,0.4,1.2783878728807274,[0.         0.         0.         0.         0.94916845 0.         0.         0.         0.         0.         0.02862362 0.         0.         0.         0.         0.         0.         0.         0.         0.         0.         0.         0.         0.         0.         0.         0.         0.01129652 0.01091142 0.         0.        ],[0. 0. 0. 0. 1. 0. 0. 0. 0. 0. 1. 0. 0. 0. 0. 0. 0. 0. 0. 0. 0. 0. 0. 0. 0. 0. 0. 1. 1. 0. 0.],4.0,10000,30,0.6,10,1,4,,problem_solving
7900,0.010674434386964103,0.010462507376345454,0.4,8.42775213624926,[0.         0.         0.         0.         0.94916845 0.         0.         0.         0.         0.         0.02862362 0.         0.         0.         0.         0.         0.         0.         0.         0.         0.         0.         0.         0.         0.         0.         0.         0.01129652 0.01091142 0.         0.        ],[0. 0. 0. 0. 1. 0. 0. 0. 0. 0. 1. 0. 0. 0. 0. 0. 0. 0. 0. 0. 0. 0. 0. 0. 0. 0. 0. 1. 1. 0. 0.],4.0,10000,30,0.6,10,1,4,,problem_solving
8000,0.010674434386964103,0.010462507376345454,0.4,4.8380916259897315,[0.         0.         0.         0.         0.94916845 0.         0.         0.         0.         0.         0.02862362 0.         0.         0.         0.         0.         0.         0.         0.         0.         0.         0.         0.         0.         0.         0.         0.         0.01129652 0.01091142 0.         0.        ],[0. 0. 0. 0. 1. 0. 0. 0. 0. 0. 1. 0. 0. 0. 0. 0. 0. 0. 0. 0. 0. 0. 0. 0. 0. 0. 0. 1. 1. 0. 0.],4.0,10000,30,0.6,10,1,4,,problem_solving
8100,0.010674434386964103,0.010462507376345454,0.4,11.03215468846344,[0.         0.         0.         0.         0.94916845 0.         0.         0.         0.         0.         0.02862362 0.         0.         0.         0.         0.         0.         0.         0.         0.         0.         0.         0.         0.         0.         0.         0.         0.01129652 0.01091142 0.         0.        ],[0. 0. 0. 0. 1. 0. 0. 0. 0. 0. 1. 0. 0. 0. 0. 0. 0. 0. 0. 0. 0. 0. 0. 0. 0. 0. 0. 1. 1. 0. 0.],4.0,10000,30,0.6,10,1,4,,problem_solving
8200,0.010674434386964103,0.010462507376345454,0.4,-14.88446037797448,[0.         0.         0.         0.         0.94916845 0.         0.         0.         0.         0.         0.02862362 0.         0.         0.         0.         0.         0.         0.         0.         0.         0.         0.         0.         0.         0.         0.         0.         0.01129652 0.01091142 0.         0.        ],[0. 0. 0. 0. 1. 0. 0. 0. 0. 0. 1. 0. 0. 0. 0. 0. 0. 0. 0. 0. 0. 0. 0. 0. 0. 0. 0. 1. 1. 0. 0.],4.0,10000,30,0.6,10,1,4,,problem_solving
8300,0.010674434386964103,0.010462507376345454,0.4,9.946180438020214,[0.         0.         0.         0.         0.94916845 0.         0.         0.         0.         0.         0.02862362 0.         0.         0.         0.         0.         0.         0.         0.         0.         0.         0.         0.         0.         0.         0.         0.         0.01129652 0.01091142 0.         0.        ],[0. 0. 0. 0. 1. 0. 0. 0. 0. 0. 1. 0. 0. 0. 0. 0. 0. 0. 0. 0. 0. 0. 0. 0. 0. 0. 0. 1. 1. 0. 0.],4.0,10000,30,0.6,10,1,4,,problem_solving
8400,0.010674434386964103,0.010462507376345454,0.4,0.04216180888423834,[0.         0.         0.         0.         0.94916845 0.         0.         0.         0.         0.         0.02862362 0.         0.         0.         0.         0.         0.         0.         0.         0.         0.         0.         0.         0.         0.         0.         0.         0.01129652 0.01091142 0.         0.        ],[0. 0. 0. 0. 1. 0. 0. 0. 0. 0. 1. 0. 0. 0. 0. 0. 0. 0. 0. 0. 0. 0. 0. 0. 0. 0. 0. 1. 1. 0. 0.],4.0,10000,30,0.6,10,1,4,,problem_solving
8500,0.010674434386964103,0.010462507376345454,0.4,-7.987868282845301,[0.         0.         0.         0.         0.94916845 0.         0.         0.         0.         0.         0.02862362 0.         0.         0.         0.         0.         0.         0.         0.         0.         0.         0.         0.         0.         0.         0.         0.         0.01129652 0.01091142 0.         0.        ],[0. 0. 0. 0. 1. 0. 0. 0. 0. 0. 1. 0. 0. 0. 0. 0. 0. 0. 0. 0. 0. 0. 0. 0. 0. 0. 0. 1. 1. 0. 0.],4.0,10000,30,0.6,10,1,4,,problem_solving
8600,0.010674434386964103,0.010462507376345454,0.4,-0.04708322656481097,[0.         0.         0.         0.         0.94916845 0.         0.         0.         0.         0.         0.02862362 0.         0.         0.         0.         0.         0.         0.         0.         0.         0.         0.         0.         0.         0.         0.         0.         0.01129652 0.01091142 0.         0.        ],[0. 0. 0. 0. 1. 0. 0. 0. 0. 0. 1. 0. 0. 0. 0. 0. 0. 0. 0. 0. 0. 0. 0. 0. 0. 0. 0. 1. 1. 0. 0.],4.0,10000,30,0.6,10,1,4,,problem_solving
8700,0.010674434386964103,0.010462507376345454,0.4,-2.417875209815263,[0.         0.         0.         0.         0.94916845 0.         0.         0.         0.         0.         0.02862362 0.         0.         0.         0.         0.         0.         0.         0.         0.         0.         0.         0.         0.         0.         0.         0.         0.01129652 0.01091142 0.         0.        ],[0. 0. 0. 0. 1. 0. 0. 0. 0. 0. 1. 0. 0. 0. 0. 0. 0. 0. 0. 0. 0. 0. 0. 0. 0. 0. 0. 1. 1. 0. 0.],4.0,10000,30,0.6,10,1,4,,problem_solving
8800,0.010674434386964103,0.010462507376345454,0.4,18.577992881623928,[0.         0.         0.         0.         0.94916845 0.         0.         0.         0.         0.         0.02862362 0.         0.         0.         0.         0.         0.         0.         0.         0.         0.         0.         0.         0.         0.         0.         0.         0.01129652 0.01091142 0.         0.        ],[0. 0. 0. 0. 1. 0. 0. 0. 0. 0. 1. 0. 0. 0. 0. 0. 0. 0. 0. 0. 0. 0. 0. 0. 0. 0. 0. 1. 1. 0. 0.],4.0,10000,30,0.6,10,1,4,,problem_solving
8900,0.010674434386964103,0.010462507376345454,0.4,0.388739962472756,[0.         0.         0.         0.         0.94916845 0.         0.         0.         0.         0.         0.02862362 0.         0.         0.         0.         0.         0.         0.         0.         0.         0.         0.         0.         0.         0.         0.         0.         0.01129652 0.01091142 0.         0.        ],[0. 0. 0. 0. 1. 0. 0. 0. 0. 0. 1. 0. 0. 0. 0. 0. 0. 0. 0. 0. 0. 0. 0. 0. 0. 0. 0. 1. 1. 0. 0.],4.0,10000,30,0.6,10,1,4,,problem_solving
9000,0.010674434386964103,0.010462507376345454,0.4,6.89180431638386,[0.         0.         0.         0.         0.94916845 0.         0.         0.         0.         0.         0.02862362 0.         0.         0.         0.         0.         0.         0.         0.         0.         0.         0.         0.         0.         0.         0.         0.         0.01129652 0.01091142 0.         0.        ],[0. 0. 0. 0. 1. 0. 0. 0. 0. 0. 1. 0. 0. 0. 0. 0. 0. 0. 0. 0. 0. 0. 0. 0. 0. 0. 0. 1. 1. 0. 0.],4.0,10000,30,0.6,10,1,4,,problem_solving
9100,0.010674434386964103,0.010462507376345454,0.4,2.271265831022678,[0.         0.         0.         0.         0.94916845 0.         0.         0.         0.         0.         0.02862362 0.         0.         0.         0.         0.         0.         0.         0.         0.         0.         0.         0.         0.         0.         0.         0.         0.01129652 0.01091142 0.         0.        ],[0. 0. 0. 0. 1. 0. 0. 0. 0. 0. 1. 0. 0. 0. 0. 0. 0. 0. 0. 0. 0. 0. 0. 0. 0. 0. 0. 1. 1. 0. 0.],4.0,10000,30,0.6,10,1,4,,problem_solving
9200,0.010674434386964103,0.010462507376345454,0.4,-1.2788475893042266,[0.         0.         0.         0.         0.94916845 0.         0.         0.         0.         0.         0.02862362 0.         0.         0.         0.         0.         0.         0.         0.         0.         0.         0.         0.         0.         0.         0.         0.         0.01129652 0.01091142 0.         0.        ],[0. 0. 0. 0. 1. 0. 0. 0. 0. 0. 1. 0. 0. 0. 0. 0. 0. 0. 0. 0. 0. 0. 0. 0. 0. 0. 0. 1. 1. 0. 0.],4.0,10000,30,0.6,10,1,4,,problem_solving
9300,0.010674434386964103,0.010462507376345454,0.4,-5.591131650935743,[0.         0.         0.         0.         0.94916845 0.         0.         0.         0.         0.         0.02862362 0.         0.         0.         0.         0.         0.         0.         0.         0.         0.         0.         0.         0.         0.         0.         0.         0.01129652 0.01091142 0.         0.        ],[0. 0. 0. 0. 1. 0. 0. 0. 0. 0. 1. 0. 0. 0. 0. 0. 0. 0. 0. 0. 0. 0. 0. 0. 0. 0. 0. 1. 1. 0. 0.],4.0,10000,30,0.6,10,1,4,,problem_solving
9400,0.010674434386964103,0.010462507376345454,0.4,4.210173338660811,[0.         0.         0.         0.         0.94916845 0.         0.         0.         0.         0.         0.02862362 0.         0.         0.         0.         0.         0.         0.         0.         0.         0.         0.         0.         0.         0.         0.         0.         0.01129652 0.01091142 0.         0.        ],[0. 0. 0. 0. 1. 0. 0. 0. 0. 0. 1. 0. 0. 0. 0. 0. 0. 0. 0. 0. 0. 0. 0. 0. 0. 0. 0. 1. 1. 0. 0.],4.0,10000,30,0.6,10,1,4,,problem_solving
9500,0.010674434386964103,0.010462507376345454,0.4,4.054413612976787,[0.         0.         0.         0.         0.94916845 0.         0.         0.         0.         0.         0.02862362 0.         0.         0.         0.         0.         0.         0.         0.         0.         0.         0.         0.         0.         0.         0.         0.         0.01129652 0.01091142 0.         0.        ],[0. 0. 0. 0. 1. 0. 0. 0. 0. 0. 1. 0. 0. 0. 0. 0. 0. 0. 0. 0. 0. 0. 0. 0. 0. 0. 0. 1. 1. 0. 0.],4.0,10000,30,0.6,10,1,4,,problem_solving
9600,0.009445474866409535,0.004764082116893971,0.4,4.113145170852849,[0.         0.         0.         0.         0.         0.         0.         0.01133768 0.0140895  0.         0.         0.         0.         0.         0.         0.         0.         0.         0.         0.         0.         0.         0.         0.         0.         0.94874238 0.         0.02583044 0.         0.         0.        ],[0. 0. 0. 0. 0. 0. 0. 1. 1. 0. 0. 0. 0. 0. 0. 0. 0. 0. 0. 0. 0. 0. 0. 0. 0. 1. 0. 1. 0. 0. 0.],4.0,10000,30,0.6,10,1,4,,problem_solving
9700,0.009445474866409535,0.004764082116893971,0.4,-2.422334951495422,[0.         0.         0.         0.         0.         0.         0.         0.01133768 0.0140895  0.         0.         0.         0.         0.         0.         0.         0.         0.         0.         0.         0.         0.         0.         0.         0.         0.94874238 0.         0.02583044 0.         0.         0.        ],[0. 0. 0. 0. 0. 0. 0. 1. 1. 0. 0. 0. 0. 0. 0. 0. 0. 0. 0. 0. 0. 0. 0. 0. 0. 1. 0. 1. 0. 0. 0.],4.0,10000,30,0.6,10,1,4,,problem_solving
9800,0.009445474866409535,0.004764082116893971,0.4,-25.395961055438654,[0.         0.         0.         0.         0.         0.         0.         0.01133768 0.0140895  0.         0.         0.         0.         0.         0.         0.         0.         0.         0.         0.         0.         0.         0.         0.         0.         0.94874238 0.         0.02583044 0.         0.         0.        ],[0. 0. 0. 0. 0. 0. 0. 1. 1. 0. 0. 0. 0. 0. 0. 0. 0. 0. 0. 0. 0. 0. 0. 0. 0. 1. 0. 1. 0. 0. 0.],4.0,10000,30,0.6,10,1,4,,problem_solving
9900,0.009445474866409535,0.004764082116893971,0.4,5.134827569588337,[0.         0.         0.         0.         0.         0.         0.         0.01133768 0.0140895  0.         0.         0.         0.         0.         0.         0.         0.         0.         0.         0.         0.         0.         0.         0.         0.         0.94874238 0.         0.02583044 0.         0.         0.        ],[0. 0. 0. 0. 0. 0. 0. 1. 1. 0. 0. 0. 0. 0. 0. 0. 0. 0. 0. 0. 0. 0. 0. 0. 0. 1. 0. 1. 0. 0. 0.],4.0,10000,30,0.6,10,1,4,,problem_solving
9999,0.009445474866409535,0.004764082116893971,0.4,-13.352104786941815,[0.         0.         0.         0.         0.         0.         0.         0.01133768 0.0140895  0.         0.         0.         0.         0.         0.         0.         0.         0.         0.         0.         0.         0.         0.         0.         0.         0.94874238 0.         0.02583044 0.         0.         0.        ],[0. 0. 0. 0. 0. 0. 0. 1. 1. 0. 0. 0. 0. 0. 0. 0. 0. 0. 0. 0. 0. 0. 0. 0. 0. 1. 0. 1. 0. 0. 0.],4.0,10000,30,0.6,10,1,4,,problem_solving
