iter,cost,return,par,move,X,Z,Q,max_iter,mem_size,mem_consider,sigma,port_n,k,seed,tag
1,0.08147286060291278,0.003376869071487317,0.4,11.039979996224936,[0.         0.         0.         0.01344478 0.91368143 0.         0.         0.         0.01177023 0.         0.0200961  0.         0.         0.         0.         0.         0.         0.01077697 0.         0.         0.         0.         0.         0.         0.         0.         0.01247332 0.         0.         0.01775716 0.        ],[0. 0. 0. 1. 1. 0. 0. 0. 1. 0. 1. 0. 0. 0. 0. 0. 0. 1. 0. 0. 0. 0. 0. 0. 0. 0. 1. 0. 0. 1. 0.],7.0,10000,30,0.6,10,1,7,,problem_solving
100,0.03627632799373361,0.009891530549326526,0.4,12.792260975055845,[0.         0.01091155 0.         0.         0.         0.         0.         0.         0.01821586 0.         0.         0.         0.         0.         0.         0.         0.         0.         0.02632265 0.         0.         0.02748549 0.         0.         0.01545613 0.01089733 0.         0.89071101 0.         0.         0.        ],[0. 1. 0. 0. 0. 0. 0. 0. 1. 0. 0. 0. 0. 0. 0. 0. 0. 0. 1. 0. 0. 1. 0. 0. 1. 1. 0. 1. 0. 0. 0.],7.0,10000,30,0.6,10,1,7,,problem_solving
200,0.03197215854125075,0.009928774516362569,0.4,-6.328261683984495,[0.         0.         0.         0.         0.02359482 0.         0.02176923 0.01450208 0.         0.         0.         0.         0.         0.         0.         0.         0.02261762 0.         0.         0.         0.         0.         0.         0.         0.         0.89606282 0.         0.         0.         0.0107026  0.01075082],[0. 0. 0. 0. 1. 0. 1. 1. 0. 0. 0. 0. 0. 0. 0. 0. 1. 0. 0. 0. 0. 0. 0. 0. 0. 1. 0. 0. 0. 1. 1.],7.0,10000,30,0.6,10,1,7,,problem_solving
300,0.03056635830265251,0.010035043981521765,0.4,18.230641135084028,[0.01809454 0.         0.         0.01490494 0.         0.         0.         0.         0.         0.         0.02484923 0.         0.         0.02251456 0.         0.         0.         0.         0.         0.         0.         0.         0.         0.         0.         0.         0.         0.89787112 0.01080169 0.01096393 0.        ],[1. 0. 0. 1. 0. 0. 0. 0. 0. 0. 1. 0. 0. 1. 0. 0. 0. 0. 0. 0. 0. 0. 0. 0. 0. 0. 0. 1. 1. 1. 0.],7.0,10000,30,0.6,10,1,7,,problem_solving
400,0.03056635830265251,0.010035043981521765,0.4,-4.317256330216251,[0.01809454 0.         0.         0.01490494 0.         0.         0.         0.         0.         0.         0.02484923 0.         0.         0.02251456 0.         0.         0.         0.         0.         0.         0.         0.         0.         0.         0.         0.         0.         0.89787112 0.01080169 0.01096393 0.        ],[1. 0. 0. 1. 0. 0. 0. 0. 0. 0. 1. 0. 0. 1. 0. 0. 0. 0. 0. 0. 0. 0. 0. 0. 0. 0. 0. 1. 1. 1. 0.],7.0,10000,30,0.6,10,1,7,,problem_solving
500,0.03056635830265251,0.010035043981521765,0.4,7.2580618195518385,[0.01809454 0.         0.         0.01490494 0.         0.         0.         0.         0.         0.         0.02484923 0.         0.         0.02251456 0.         0.         0.         0.         0.         0.         0.         0.         0.         0.         0.         0.         0.         0.89787112 0.01080169 0.01096393 0.        ],[1. 0. 0. 1. 0. 0. 0. 0. 0. 0. 1. 0. 0. 1. 0. 0. 0. 0. 0. 0. 0. 0. 0. 0. 0. 0. 0. 1. 1. 1. 0.],7.0,10000,30,0.6,10,1,7,,problem_solving
600,0.03056635830265251,0.010035043981521765,0.4,-3.570783255238089,[0.01809454 0.         0.         0.01490494 0.         0.         0.         0.         0.         0.         0.02484923 0.         0.         0.02251456 0.         0.         0.         0.         0.         0.         0.         0.         0.         0.         0.         0.         0.         0.89787112 0.01080169 0.01096393 0.        ],[1. 0. 0. 1. 0. 0. 0. 0. 0. 0. 1. 0. 0. 1. 0. 0. 0. 0. 0. 0. 0. 0. 0. 0. 0. 0. 0. 1. 1. 1. 0.],7.0,10000,30,0.6,10,1,7,,problem_solving
700,0.03056635830265251,0.010035043981521765,0.4,4.513414900185133,[0.01809454 0.         0.         0.01490494 0.         0.         0.         0.         0.         0.         0.02484923 0.         0.         0.02251456 0.         0.         0.         0.         0.         0.         0.         0.         0.         0.         0.         0.         0.         0.89787112 0.01080169 0.01096393 0.        ],[1. 0. 0. 1. 0. 0. 0. 0. 0. 0. 1. 0. 0. 1. 0. 0. 0. 0. 0. 0. 0. 0. 0. 0. 0. 0. 0. 1. 1. 1. 0.],7.0,10000,30,0.6,10,1,7,,problem_solving
800,0.03056635830265251,0.010035043981521765,0.4,-9.911537258073832,[0.01809454 0.         0.         0.01490494 0.         0.         0.         0.         0.         0.         0.02484923 0.         0.         0.02251456 0.         0.         0.         0.         0.         0.         0.         0.         0.         0.         0.         0.         0.         0.89787112 0.01080169 0.01096393 0.        ],[1. 0. 0. 1. 0. 0. 0. 0. 0. 0. 1. 0. 0. 1. 0. 0. 0. 0. 0. 0. 0. 0. 0. 0. 0. 0. 0. 1. 1. 1. 0.],7.0,10000,30,0.6,10,1,7,,problem_solving
900,0.028910697093250417,0.004840656617442872,0.4,5.076671088999069,[0.         0.01237248 0.         0.01371204 0.02822376 0.         0.         0.         0.02588518 0.         0.         0.         0.         0.         0.         0.01080101 0.         0.         0.         0.         0.         0.         0.         0.         0.         0.89808999 0.         0.         0.         0.         0.01091554],[0. 1. 0. 1. 1. 0. 0. 0. 1. 0. 0. 0. 0. 0. 0. 1. 0. 0. 0. 0. 0. 0. 0. 0. 0. 1. 0. 0. 0. 0. 1.],7.0,10000,30,0.6,10,1,7,,problem_solving
1000,0.028910697093250417,0.004840656617442872,0.4,8.13900507806084,[0.         0.01237248 0.         0.01371204 0.02822376 0.         0.         0.         0.02588518 0.         0.         0.         0.         0.         0.         0.01080101 0.         0.         0.         0.         0.         0.         0.         0.         0.         0.89808999 0.         0.         0.         0.         0.01091554],[0. 1. 0. 1. 1. 0. 0. 0. 1. 0. 0. 0. 0. 0. 0. 1. 0. 0. 0. 0. 0. 0. 0. 0. 0. 1. 0. 0. 0. 0. 1.],7.0,10000,30,0.6,10,1,7,,problem_solving
1100,0.028910697093250417,0.004840656617442872,0.4,17.947039286140626,[0.         0.01237248 0.         0.01371204 0.02822376 0.         0.         0.         0.02588518 0.         0.         0.         0.         0.         0.         0.01080101 0.         0.         0.         0.         0.         0.         0.         0.         0.         0.89808999 0.         0.         0.         0.         0.01091554],[0. 1. 0. 1. 1. 0. 0. 0. 1. 0. 0. 0. 0. 0. 0. 1. 0. 0. 0. 0. 0. 0. 0. 0. 0. 1. 0. 0. 0. 0. 1.],7.0,10000,30,0.6,10,1,7,,problem_solving
1200,0.026431852874242684,0.010000364187120284,0.4,-5.498571282980523,[0.         0.         0.         0.         0.90529757 0.01123258 0.         0.         0.         0.         0.01668867 0.         0.         0.         0.         0.         0.02897296 0.         0.         0.         0.01090555 0.01596837 0.         0.0109343  0.         0.         0.         0.         0.         0.         0.        ],[0. 0. 0. 0. 1. 1. 0. 0. 0. 0. 1. 0. 0. 0. 0. 0. 1. 0. 0. 0. 1. 1. 0. 1. 0. 0. 0. 0. 0. 0. 0.],7.0,10000,30,0.6,10,1,7,,problem_solving
1300,0.026431852874242684,0.010000364187120284,0.4,1.6392028192881334,[0.         0.         0.         0.         0.90529757 0.01123258 0.         0.         0.         0.         0.01668867 0.         0.         0.         0.         0.         0.02897296 0.         0.         0.         0.01090555 0.01596837 0.         0.0109343  0.         0.         0.         0.         0.         0.         0.        ],[0. 0. 0. 0. 1. 1. 0. 0. 0. 0. 1. 0. 0. 0. 0. 0. 1. 0. 0. 0. 1. 1. 0. 1. 0. 0. 0. 0. 0. 0. 0.],7.0,10000,30,0.6,10,1,7,,problem_solving
1400,0.026431852874242684,0.010000364187120284,0.4,3.5719771068562083,[0.         0.         0.         0.         0.90529757 0.01123258 0.         0.         0.         0.         0.01668867 0.         0.         0.         0.         0.         0.02897296 0.         0.         0.         0.01090555 0.01596837 0.         0.0109343  0.         0.         0.         0.         0.         0.         0.        ],[0. 0. 0. 0. 1. 1. 0. 0. 0. 0. 1. 0. 0. 0. 0. 0. 1. 0. 0. 0. 1. 1. 0. 1. 0. 0. 0. 0. 0. 0. 0.],7.0,10000,30,0.6,10,1,7,,problem_solving
1500,0.026431852874242684,0.010000364187120284,0.4,-5.158298221312533,[0.         0.         0.         0.         0.90529757 0.01123258 0.         0.         0.         0.         0.01668867 0.         0.         0.         0.         0.         0.02897296 0.         0.         0.         0.01090555 0.01596837 0.         0.0109343  0.         0.         0.         0.         0.         0.         0.        ],[0. 0. 0. 0. 1. 1. 0. 0. 0. 0. 1. 0. 0. 0. 0. 0. 1. 0. 0. 0. 1. 1. 0. 1. 0. 0. 0. 0. 0. 0. 0.],7.0,10000,30,0.6,10,1,7,,problem_solving
1600,0.02285784669703674,0.0026122827471293008,0.4,1.2529358878130061,[0.         0.01724696 0.         0.         0.01933967 0.         0.         0.         0.01654334 0.         0.         0.         0.         0.01341596 0.         0.         0.01466208 0.         0.         0.         0.         0.         0.         0.         0.         0.         0.01189818 0.90689381 0.         0.         0.        ],[0. 1. 0. 0. 1. 0. 0. 0. 1. 0. 0. 0. 0. 1. 0. 0. 1. 0. 0. 0. 0. 0. 0. 0. 0. 0. 1. 1. 0. 0. 0.],7.0,10000,30,0.6,10,1,7,,problem_solving
1700,0.02285784669703674,0.0026122827471293008,0.4,-7.650782658937705,[0.         0.01724696 0.         0.         0.01933967 0.         0.         0.         0.01654334 0.         0.         0.         0.         0.01341596 0.         0.         0.01466208 0.         0.         0.         0.         0.         0.         0.         0.         0.         0.01189818 0.90689381 0.         0.         0.        ],[0. 1. 0. 0. 1. 0. 0. 0. 1. 0. 0. 0. 0. 1. 0. 0. 1. 0. 0. 0. 0. 0. 0. 0. 0. 0. 1. 1. 0. 0. 0.],7.0,10000,30,0.6,10,1,7,,problem_solving
1800,0.02285784669703674,0.0026122827471293008,0.4,19.241510696133865,[0.         0.01724696 0.         0.         0.01933967 0.         0.         0.         0.01654334 0.         0.         0.         0.         0.01341596 0.         0.         0.01466208 0.         0.         0.         0.         0.         0.         0.         0.         0.         0.01189818 0.90689381 0.         0.         0.        ],[0. 1. 0. 0. 1. 0. 0. 0. 1. 0. 0. 0. 0. 1. 0. 0. 1. 0. 0. 0. 0. 0. 0. 0. 0. 0. 1. 1. 0. 0. 0.],7.0,10000,30,0.6,10,1,7,,problem_solving
1900,0.02285784669703674,0.0026122827471293008,0.4,16.212869371543903,[0.         0.01724696 0.         0.         0.01933967 0.         0.         0.         0.01654334 0.         0.         0.         0.         0.01341596 0.         0.         0.01466208 0.         0.         0.         0.         0.         0.         0.         0.         0.         0.01189818 0.90689381 0.         0.         0.        ],[0. 1. 0. 0. 1. 0. 0. 0. 1. 0. 0. 0. 0. 1. 0. 0. 1. 0. 0. 0. 0. 0. 0. 0. 0. 0. 1. 1. 0. 0. 0.],7.0,10000,30,0.6,10,1,7,,problem_solving
2000,0.02285784669703674,0.0026122827471293008,0.4,-6.499146309539043,[0.         0.01724696 0.         0.         0.01933967 0.         0.         0.         0.01654334 0.         0.         0.         0.         0.01341596 0.         0.         0.01466208 0.         0.         0.         0.         0.         0.         0.         0.         0.         0.01189818 0.90689381 0.         0.         0.        ],[0. 1. 0. 0. 1. 0. 0. 0. 1. 0. 0. 0. 0. 1. 0. 0. 1. 0. 0. 0. 0. 0. 0. 0. 0. 0. 1. 1. 0. 0. 0.],7.0,10000,30,0.6,10,1,7,,problem_solving
2100,0.02285784669703674,0.0026122827471293008,0.4,-8.983717577517062,[0.         0.01724696 0.         0.         0.01933967 0.         0.         0.         0.01654334 0.         0.         0.         0.         0.01341596 0.         0.         0.01466208 0.         0.         0.         0.         0.         0.         0.         0.         0.         0.01189818 0.90689381 0.         0.         0.        ],[0. 1. 0. 0. 1. 0. 0. 0. 1. 0. 0. 0. 0. 1. 0. 0. 1. 0. 0. 0. 0. 0. 0. 0. 0. 0. 1. 1. 0. 0. 0.],7.0,10000,30,0.6,10,1,7,,problem_solving
2200,0.02285784669703674,0.0026122827471293008,0.4,27.500926853443527,[0.         0.01724696 0.         0.         0.01933967 0.         0.         0.         0.01654334 0.         0.         0.         0.         0.01341596 0.         0.         0.01466208 0.         0.         0.         0.         0.         0.         0.         0.         0.         0.01189818 0.90689381 0.         0.         0.        ],[0. 1. 0. 0. 1. 0. 0. 0. 1. 0. 0. 0. 0. 1. 0. 0. 1. 0. 0. 0. 0. 0. 0. 0. 0. 0. 1. 1. 0. 0. 0.],7.0,10000,30,0.6,10,1,7,,problem_solving
2300,0.02285784669703674,0.0026122827471293008,0.4,-11.259373489758058,[0.         0.01724696 0.         0.         0.01933967 0.         0.         0.         0.01654334 0.         0.         0.         0.         0.01341596 0.         0.         0.01466208 0.         0.         0.         0.         0.         0.         0.         0.         0.         0.01189818 0.90689381 0.         0.         0.        ],[0. 1. 0. 0. 1. 0. 0. 0. 1. 0. 0. 0. 0. 1. 0. 0. 1. 0. 0. 0. 0. 0. 0. 0. 0. 0. 1. 1. 0. 0. 0.],7.0,10000,30,0.6,10,1,7,,problem_solving
2400,0.02285784669703674,0.0026122827471293008,0.4,-3.1887398309563926,[0.         0.01724696 0.         0.         0.01933967 0.         0.         0.         0.01654334 0.         0.         0.         0.         0.01341596 0.         0.         0.01466208 0.         0.         0.         0.         0.         0.         0.         0.         0.         0.01189818 0.90689381 0.         0.         0.        ],[0. 1. 0. 0. 1. 0. 0. 0. 1. 0. 0. 0. 0. 1. 0. 0. 1. 0. 0. 0. 0. 0. 0. 0. 0. 0. 1. 1. 0. 0. 0.],7.0,10000,30,0.6,10,1,7,,problem_solving
2500,0.02285784669703674,0.0026122827471293008,0.4,1.6210876894646087,[0.         0.01724696 0.         0.         0.01933967 0.         0.         0.         0.01654334 0.         0.         0.         0.         0.01341596 0.         0.         0.01466208 0.         0.         0.         0.         0.         0.         0.         0.         0.         0.01189818 0.90689381 0.         0.         0.        ],[0. 1. 0. 0. 1. 0. 0. 0. 1. 0. 0. 0. 0. 1. 0. 0. 1. 0. 0. 0. 0. 0. 0. 0. 0. 0. 1. 1. 0. 0. 0.],7.0,10000,30,0.6,10,1,7,,problem_solving
2600,0.02285784669703674,0.0026122827471293008,0.4,19.96887577614672,[0.         0.01724696 0.         0.         0.01933967 0.         0.         0.         0.01654334 0.         0.         0.         0.         0.01341596 0.         0.         0.01466208 0.         0.         0.         0.         0.         0.         0.         0.         0.         0.01189818 0.90689381 0.         0.         0.        ],[0. 1. 0. 0. 1. 0. 0. 0. 1. 0. 0. 0. 0. 1. 0. 0. 1. 0. 0. 0. 0. 0. 0. 0. 0. 0. 1. 1. 0. 0. 0.],7.0,10000,30,0.6,10,1,7,,problem_solving
2700,0.02285784669703674,0.0026122827471293008,0.4,-14.657695362327967,[0.         0.01724696 0.         0.         0.01933967 0.         0.         0.         0.01654334 0.         0.         0.         0.         0.01341596 0.         0.         0.01466208 0.         0.         0.         0.         0.         0.         0.         0.         0.         0.01189818 0.90689381 0.         0.         0.        ],[0. 1. 0. 0. 1. 0. 0. 0. 1. 0. 0. 0. 0. 1. 0. 0. 1. 0. 0. 0. 0. 0. 0. 0. 0. 0. 1. 1. 0. 0. 0.],7.0,10000,30,0.6,10,1,7,,problem_solving
2800,0.02285784669703674,0.0026122827471293008,0.4,-0.2920700204755362,[0.         0.01724696 0.         0.         0.01933967 0.         0.         0.         0.01654334 0.         0.         0.         0.         0.01341596 0.         0.         0.01466208 0.         0.         0.         0.         0.         0.         0.         0.         0.         0.01189818 0.90689381 0.         0.         0.        ],[0. 1. 0. 0. 1. 0. 0. 0. 1. 0. 0. 0. 0. 1. 0. 0. 1. 0. 0. 0. 0. 0. 0. 0. 0. 0. 1. 1. 0. 0. 0.],7.0,10000,30,0.6,10,1,7,,problem_solving
2900,0.02285784669703674,0.0026122827471293008,0.4,-20.53962804464227,[0.         0.01724696 0.         0.         0.01933967 0.         0.         0.         0.01654334 0.         0.         0.         0.         0.01341596 0.         0.         0.01466208 0.         0.         0.         0.         0.         0.         0.         0.         0.         0.01189818 0.90689381 0.         0.         0.        ],[0. 1. 0. 0. 1. 0. 0. 0. 1. 0. 0. 0. 0. 1. 0. 0. 1. 0. 0. 0. 0. 0. 0. 0. 0. 0. 1. 1. 0. 0. 0.],7.0,10000,30,0.6,10,1,7,,problem_solving
3000,0.02285784669703674,0.0026122827471293008,0.4,11.717197791146273,[0.         0.01724696 0.         0.         0.01933967 0.         0.         0.         0.01654334 0.         0.         0.         0.         0.01341596 0.         0.         0.01466208 0.         0.         0.         0.         0.         0.         0.         0.         0.         0.01189818 0.90689381 0.         0.         0.        ],[0. 1. 0. 0. 1. 0. 0. 0. 1. 0. 0. 0. 0. 1. 0. 0. 1. 0. 0. 0. 0. 0. 0. 0. 0. 0. 1. 1. 0. 0. 0.],7.0,10000,30,0.6,10,1,7,,problem_solving
3100,0.02285784669703674,0.0026122827471293008,0.4,-23.650746135271064,[0.         0.01724696 0.         0.         0.01933967 0.         0.         0.         0.01654334 0.         0.         0.         0.         0.01341596 0.         0.         0.01466208 0.         0.         0.         0.         0.         0.         0.         0.         0.         0.01189818 0.90689381 0.         0.         0.        ],[0. 1. 0. 0. 1. 0. 0. 0. 1. 0. 0. 0. 0. 1. 0. 0. 1. 0. 0. 0. 0. 0. 0. 0. 0. 0. 1. 1. 0. 0. 0.],7.0,10000,30,0.6,10,1,7,,problem_solving
3200,0.02285784669703674,0.0026122827471293008,0.4,-8.482972318090269,[0.         0.01724696 0.         0.         0.01933967 0.         0.         0.         0.01654334 0.         0.         0.         0.         0.01341596 0.         0.         0.01466208 0.         0.         0.         0.         0.         0.         0.         0.         0.         0.01189818 0.90689381 0.         0.         0.        ],[0. 1. 0. 0. 1. 0. 0. 0. 1. 0. 0. 0. 0. 1. 0. 0. 1. 0. 0. 0. 0. 0. 0. 0. 0. 0. 1. 1. 0. 0. 0.],7.0,10000,30,0.6,10,1,7,,problem_solving
3300,0.02285784669703674,0.0026122827471293008,0.4,-14.150287646444022,[0.         0.01724696 0.         0.         0.01933967 0.         0.         0.         0.01654334 0.         0.         0.         0.         0.01341596 0.         0.         0.01466208 0.         0.         0.         0.         0.         0.         0.         0.         0.         0.01189818 0.90689381 0.         0.         0.        ],[0. 1. 0. 0. 1. 0. 0. 0. 1. 0. 0. 0. 0. 1. 0. 0. 1. 0. 0. 0. 0. 0. 0. 0. 0. 0. 1. 1. 0. 0. 0.],7.0,10000,30,0.6,10,1,7,,problem_solving
3400,0.02285784669703674,0.0026122827471293008,0.4,14.769268829452217,[0.         0.01724696 0.         0.         0.01933967 0.         0.         0.         0.01654334 0.         0.         0.         0.         0.01341596 0.         0.         0.01466208 0.         0.         0.         0.         0.         0.         0.         0.         0.         0.01189818 0.90689381 0.         0.         0.        ],[0. 1. 0. 0. 1. 0. 0. 0. 1. 0. 0. 0. 0. 1. 0. 0. 1. 0. 0. 0. 0. 0. 0. 0. 0. 0. 1. 1. 0. 0. 0.],7.0,10000,30,0.6,10,1,7,,problem_solving
3500,0.02285784669703674,0.0026122827471293008,0.4,-8.475326618125255,[0.         0.01724696 0.         0.         0.01933967 0.         0.         0.         0.01654334 0.         0.         0.         0.         0.01341596 0.         0.         0.01466208 0.         0.         0.         0.         0.         0.         0.         0.         0.         0.01189818 0.90689381 0.         0.         0.        ],[0. 1. 0. 0. 1. 0. 0. 0. 1. 0. 0. 0. 0. 1. 0. 0. 1. 0. 0. 0. 0. 0. 0. 0. 0. 0. 1. 1. 0. 0. 0.],7.0,10000,30,0.6,10,1,7,,problem_solving
3600,0.02285784669703674,0.0026122827471293008,0.4,-10.016394339186128,[0.         0.01724696 0.         0.         0.01933967 0.         0.         0.         0.01654334 0.         0.         0.         0.         0.01341596 0.         0.         0.01466208 0.         0.         0.         0.         0.         0.         0.         0.         0.         0.01189818 0.90689381 0.         0.         0.        ],[0. 1. 0. 0. 1. 0. 0. 0. 1. 0. 0. 0. 0. 1. 0. 0. 1. 0. 0. 0. 0. 0. 0. 0. 0. 0. 1. 1. 0. 0. 0.],7.0,10000,30,0.6,10,1,7,,problem_solving
3700,0.02285784669703674,0.0026122827471293008,0.4,-1.4609875091218085,[0.         0.01724696 0.         0.         0.01933967 0.         0.         0.         0.01654334 0.         0.         0.         0.         0.01341596 0.         0.         0.01466208 0.         0.         0.         0.         0.         0.         0.         0.         0.         0.01189818 0.90689381 0.         0.         0.        ],[0. 1. 0. 0. 1. 0. 0. 0. 1. 0. 0. 0. 0. 1. 0. 0. 1. 0. 0. 0. 0. 0. 0. 0. 0. 0. 1. 1. 0. 0. 0.],7.0,10000,30,0.6,10,1,7,,problem_solving
3800,0.02285784669703674,0.0026122827471293008,0.4,4.191023077212227,[0.         0.01724696 0.         0.         0.01933967 0.         0.         0.         0.01654334 0.         0.         0.         0.         0.01341596 0.         0.         0.01466208 0.         0.         0.         0.         0.         0.         0.         0.         0.         0.01189818 0.90689381 0.         0.         0.        ],[0. 1. 0. 0. 1. 0. 0. 0. 1. 0. 0. 0. 0. 1. 0. 0. 1. 0. 0. 0. 0. 0. 0. 0. 0. 0. 1. 1. 0. 0. 0.],7.0,10000,30,0.6,10,1,7,,problem_solving
3900,0.02285784669703674,0.0026122827471293008,0.4,-4.286414318895111,[0.         0.01724696 0.         0.         0.01933967 0.         0.         0.         0.01654334 0.         0.         0.         0.         0.01341596 0.         0.         0.01466208 0.         0.         0.         0.         0.         0.         0.         0.         0.         0.01189818 0.90689381 0.         0.         0.        ],[0. 1. 0. 0. 1. 0. 0. 0. 1. 0. 0. 0. 0. 1. 0. 0. 1. 0. 0. 0. 0. 0. 0. 0. 0. 0. 1. 1. 0. 0. 0.],7.0,10000,30,0.6,10,1,7,,problem_solving
4000,0.02285784669703674,0.0026122827471293008,0.4,6.62458626962735,[0.         0.01724696 0.         0.         0.01933967 0.         0.         0.         0.01654334 0.         0.         0.         0.         0.01341596 0.         0.         0.01466208 0.         0.         0.         0.         0.         0.         0.         0.         0.         0.01189818 0.90689381 0.         0.         0.        ],[0. 1. 0. 0. 1. 0. 0. 0. 1. 0. 0. 0. 0. 1. 0. 0. 1. 0. 0. 0. 0. 0. 0. 0. 0. 0. 1. 1. 0. 0. 0.],7.0,10000,30,0.6,10,1,7,,problem_solving
4100,0.02285784669703674,0.0026122827471293008,0.4,11.41116208801575,[0.         0.01724696 0.         0.         0.01933967 0.         0.         0.         0.01654334 0.         0.         0.         0.         0.01341596 0.         0.         0.01466208 0.         0.         0.         0.         0.         0.         0.         0.         0.         0.01189818 0.90689381 0.         0.         0.        ],[0. 1. 0. 0. 1. 0. 0. 0. 1. 0. 0. 0. 0. 1. 0. 0. 1. 0. 0. 0. 0. 0. 0. 0. 0. 0. 1. 1. 0. 0. 0.],7.0,10000,30,0.6,10,1,7,,problem_solving
4200,0.02285784669703674,0.0026122827471293008,0.4,0.3192047521980051,[0.         0.01724696 0.         0.         0.01933967 0.         0.         0.         0.01654334 0.         0.         0.         0.         0.01341596 0.         0.         0.01466208 0.         0.         0.         0.         0.         0.         0.         0.         0.         0.01189818 0.90689381 0.         0.         0.        ],[0. 1. 0. 0. 1. 0. 0. 0. 1. 0. 0. 0. 0. 1. 0. 0. 1. 0. 0. 0. 0. 0. 0. 0. 0. 0. 1. 1. 0. 0. 0.],7.0,10000,30,0.6,10,1,7,,problem_solving
4300,0.02285784669703674,0.0026122827471293008,0.4,-2.5579248938275727,[0.         0.01724696 0.         0.         0.01933967 0.         0.         0.         0.01654334 0.         0.         0.         0.         0.01341596 0.         0.         0.01466208 0.         0.         0.         0.         0.         0.         0.         0.         0.         0.01189818 0.90689381 0.         0.         0.        ],[0. 1. 0. 0. 1. 0. 0. 0. 1. 0. 0. 0. 0. 1. 0. 0. 1. 0. 0. 0. 0. 0. 0. 0. 0. 0. 1. 1. 0. 0. 0.],7.0,10000,30,0.6,10,1,7,,problem_solving
4400,0.02285784669703674,0.0026122827471293008,0.4,1.292900810849003,[0.         0.01724696 0.         0.         0.01933967 0.         0.         0.         0.01654334 0.         0.         0.         0.         0.01341596 0.         0.         0.01466208 0.         0.         0.         0.         0.         0.         0.         0.         0.         0.01189818 0.90689381 0.         0.         0.        ],[0. 1. 0. 0. 1. 0. 0. 0. 1. 0. 0. 0. 0. 1. 0. 0. 1. 0. 0. 0. 0. 0. 0. 0. 0. 0. 1. 1. 0. 0. 0.],7.0,10000,30,0.6,10,1,7,,problem_solving
4500,0.02285784669703674,0.0026122827471293008,0.4,11.488706774374236,[0.         0.01724696 0.         0.         0.01933967 0.         0.         0.         0.01654334 0.         0.         0.         0.         0.01341596 0.         0.         0.01466208 0.         0.         0.         0.         0.         0.         0.         0.         0.         0.01189818 0.90689381 0.         0.         0.        ],[0. 1. 0. 0. 1. 0. 0. 0. 1. 0. 0. 0. 0. 1. 0. 0. 1. 0. 0. 0. 0. 0. 0. 0. 0. 0. 1. 1. 0. 0. 0.],7.0,10000,30,0.6,10,1,7,,problem_solving
4600,0.02285784669703674,0.0026122827471293008,0.4,-7.244554709046557,[0.         0.01724696 0.         0.         0.01933967 0.         0.         0.         0.01654334 0.         0.         0.         0.         0.01341596 0.         0.         0.01466208 0.         0.         0.         0.         0.         0.         0.         0.         0.         0.01189818 0.90689381 0.         0.         0.        ],[0. 1. 0. 0. 1. 0. 0. 0. 1. 0. 0. 0. 0. 1. 0. 0. 1. 0. 0. 0. 0. 0. 0. 0. 0. 0. 1. 1. 0. 0. 0.],7.0,10000,30,0.6,10,1,7,,problem_solving
4700,0.02285784669703674,0.0026122827471293008,0.4,-0.7995281154117981,[0.         0.01724696 0.         0.         0.01933967 0.         0.         0.         0.01654334 0.         0.         0.         0.         0.01341596 0.         0.         0.01466208 0.         0.         0.         0.         0.         0.         0.         0.         0.         0.01189818 0.90689381 0.         0.         0.        ],[0. 1. 0. 0. 1. 0. 0. 0. 1. 0. 0. 0. 0. 1. 0. 0. 1. 0. 0. 0. 0. 0. 0. 0. 0. 0. 1. 1. 0. 0. 0.],7.0,10000,30,0.6,10,1,7,,problem_solving
4800,0.02285784669703674,0.0026122827471293008,0.4,12.330552441085956,[0.         0.01724696 0.         0.         0.01933967 0.         0.         0.         0.01654334 0.         0.         0.         0.         0.01341596 0.         0.         0.01466208 0.         0.         0.         0.         0.         0.         0.         0.         0.         0.01189818 0.90689381 0.         0.         0.        ],[0. 1. 0. 0. 1. 0. 0. 0. 1. 0. 0. 0. 0. 1. 0. 0. 1. 0. 0. 0. 0. 0. 0. 0. 0. 0. 1. 1. 0. 0. 0.],7.0,10000,30,0.6,10,1,7,,problem_solving
4900,0.02285784669703674,0.0026122827471293008,0.4,1.108657257740164,[0.         0.01724696 0.         0.         0.01933967 0.         0.         0.         0.01654334 0.         0.         0.         0.         0.01341596 0.         0.         0.01466208 0.         0.         0.         0.         0.         0.         0.         0.         0.         0.01189818 0.90689381 0.         0.         0.        ],[0. 1. 0. 0. 1. 0. 0. 0. 1. 0. 0. 0. 0. 1. 0. 0. 1. 0. 0. 0. 0. 0. 0. 0. 0. 0. 1. 1. 0. 0. 0.],7.0,10000,30,0.6,10,1,7,,problem_solving
5000,0.02285784669703674,0.0026122827471293008,0.4,-5.109081305407668,[0.         0.01724696 0.         0.         0.01933967 0.         0.         0.         0.01654334 0.         0.         0.         0.         0.01341596 0.         0.         0.01466208 0.         0.         0.         0.         0.         0.         0.         0.         0.         0.01189818 0.90689381 0.         0.         0.        ],[0. 1. 0. 0. 1. 0. 0. 0. 1. 0. 0. 0. 0. 1. 0. 0. 1. 0. 0. 0. 0. 0. 0. 0. 0. 0. 1. 1. 0. 0. 0.],7.0,10000,30,0.6,10,1,7,,problem_solving
5100,0.02285784669703674,0.0026122827471293008,0.4,-3.2423285076725095,[0.         0.01724696 0.         0.         0.01933967 0.         0.         0.         0.01654334 0.         0.         0.         0.         0.01341596 0.         0.         0.01466208 0.         0.         0.         0.         0.         0.         0.         0.         0.         0.01189818 0.90689381 0.         0.         0.        ],[0. 1. 0. 0. 1. 0. 0. 0. 1. 0. 0. 0. 0. 1. 0. 0. 1. 0. 0. 0. 0. 0. 0. 0. 0. 0. 1. 1. 0. 0. 0.],7.0,10000,30,0.6,10,1,7,,problem_solving
5200,0.02285784669703674,0.0026122827471293008,0.4,10.117743217909847,[0.         0.01724696 0.         0.         0.01933967 0.         0.         0.         0.01654334 0.         0.         0.         0.         0.01341596 0.         0.         0.01466208 0.         0.         0.         0.         0.         0.         0.         0.         0.         0.01189818 0.90689381 0.         0.         0.        ],[0. 1. 0. 0. 1. 0. 0. 0. 1. 0. 0. 0. 0. 1. 0. 0. 1. 0. 0. 0. 0. 0. 0. 0. 0. 0. 1. 1. 0. 0. 0.],7.0,10000,30,0.6,10,1,7,,problem_solving
5300,0.02285784669703674,0.0026122827471293008,0.4,-1.4219407963906159,[0.         0.01724696 0.         0.         0.01933967 0.         0.         0.         0.01654334 0.         0.         0.         0.         0.01341596 0.         0.         0.01466208 0.         0.         0.         0.         0.         0.         0.         0.         0.         0.01189818 0.90689381 0.         0.         0.        ],[0. 1. 0. 0. 1. 0. 0. 0. 1. 0. 0. 0. 0. 1. 0. 0. 1. 0. 0. 0. 0. 0. 0. 0. 0. 0. 1. 1. 0. 0. 0.],7.0,10000,30,0.6,10,1,7,,problem_solving
5400,0.02285784669703674,0.0026122827471293008,0.4,-6.267948444534754,[0.         0.01724696 0.         0.         0.01933967 0.         0.         0.         0.01654334 0.         0.         0.         0.         0.01341596 0.         0.         0.01466208 0.         0.         0.         0.         0.         0.         0.         0.         0.         0.01189818 0.90689381 0.         0.         0.        ],[0. 1. 0. 0. 1. 0. 0. 0. 1. 0. 0. 0. 0. 1. 0. 0. 1. 0. 0. 0. 0. 0. 0. 0. 0. 0. 1. 1. 0. 0. 0.],7.0,10000,30,0.6,10,1,7,,problem_solving
5500,0.02285784669703674,0.0026122827471293008,0.4,-2.7293704004342993,[0.         0.01724696 0.         0.         0.01933967 0.         0.         0.         0.01654334 0.         0.         0.         0.         0.01341596 0.         0.         0.01466208 0.         0.         0.         0.         0.         0.         0.         0.         0.         0.01189818 0.90689381 0.         0.         0.        ],[0. 1. 0. 0. 1. 0. 0. 0. 1. 0. 0. 0. 0. 1. 0. 0. 1. 0. 0. 0. 0. 0. 0. 0. 0. 0. 1. 1. 0. 0. 0.],7.0,10000,30,0.6,10,1,7,,problem_solving
5600,0.02285784669703674,0.0026122827471293008,0.4,-6.477592940947584,[0.         0.01724696 0.         0.         0.01933967 0.         0.         0.         0.01654334 0.         0.         0.         0.         0.01341596 0.         0.         0.01466208 0.         0.         0.         0.         0.         0.         0.         0.         0.         0.01189818 0.90689381 0.         0.         0.        ],[0. 1. 0. 0. 1. 0. 0. 0. 1. 0. 0. 0. 0. 1. 0. 0. 1. 0. 0. 0. 0. 0. 0. 0. 0. 0. 1. 1. 0. 0. 0.],7.0,10000,30,0.6,10,1,7,,problem_solving
5700,0.02285784669703674,0.0026122827471293008,0.4,2.7534595652156084,[0.         0.01724696 0.         0.         0.01933967 0.         0.         0.         0.01654334 0.         0.         0.         0.         0.01341596 0.         0.         0.01466208 0.         0.         0.         0.         0.         0.         0.         0.         0.         0.01189818 0.90689381 0.         0.         0.        ],[0. 1. 0. 0. 1. 0. 0. 0. 1. 0. 0. 0. 0. 1. 0. 0. 1. 0. 0. 0. 0. 0. 0. 0. 0. 0. 1. 1. 0. 0. 0.],7.0,10000,30,0.6,10,1,7,,problem_solving
5800,0.02285784669703674,0.0026122827471293008,0.4,-7.818486985242624,[0.         0.01724696 0.         0.         0.01933967 0.         0.         0.         0.01654334 0.         0.         0.         0.         0.01341596 0.         0.         0.01466208 0.         0.         0.         0.         0.         0.         0.         0.         0.         0.01189818 0.90689381 0.         0.         0.        ],[0. 1. 0. 0. 1. 0. 0. 0. 1. 0. 0. 0. 0. 1. 0. 0. 1. 0. 0. 0. 0. 0. 0. 0. 0. 0. 1. 1. 0. 0. 0.],7.0,10000,30,0.6,10,1,7,,problem_solving
5900,0.02285784669703674,0.0026122827471293008,0.4,2.0238866055624745,[0.         0.01724696 0.         0.         0.01933967 0.         0.         0.         0.01654334 0.         0.         0.         0.         0.01341596 0.         0.         0.01466208 0.         0.         0.         0.         0.         0.         0.         0.         0.         0.01189818 0.90689381 0.         0.         0.        ],[0. 1. 0. 0. 1. 0. 0. 0. 1. 0. 0. 0. 0. 1. 0. 0. 1. 0. 0. 0. 0. 0. 0. 0. 0. 0. 1. 1. 0. 0. 0.],7.0,10000,30,0.6,10,1,7,,problem_solving
6000,0.02285784669703674,0.0026122827471293008,0.4,-1.8336388376905757,[0.         0.01724696 0.         0.         0.01933967 0.         0.         0.         0.01654334 0.         0.         0.         0.         0.01341596 0.         0.         0.01466208 0.         0.         0.         0.         0.         0.         0.         0.         0.         0.01189818 0.90689381 0.         0.         0.        ],[0. 1. 0. 0. 1. 0. 0. 0. 1. 0. 0. 0. 0. 1. 0. 0. 1. 0. 0. 0. 0. 0. 0. 0. 0. 0. 1. 1. 0. 0. 0.],7.0,10000,30,0.6,10,1,7,,problem_solving
6100,0.02285784669703674,0.0026122827471293008,0.4,-8.303835431275466,[0.         0.01724696 0.         0.         0.01933967 0.         0.         0.         0.01654334 0.         0.         0.         0.         0.01341596 0.         0.         0.01466208 0.         0.         0.         0.         0.         0.         0.         0.         0.         0.01189818 0.90689381 0.         0.         0.        ],[0. 1. 0. 0. 1. 0. 0. 0. 1. 0. 0. 0. 0. 1. 0. 0. 1. 0. 0. 0. 0. 0. 0. 0. 0. 0. 1. 1. 0. 0. 0.],7.0,10000,30,0.6,10,1,7,,problem_solving
6200,0.02285784669703674,0.0026122827471293008,0.4,2.099799247137931,[0.         0.01724696 0.         0.         0.01933967 0.         0.         0.         0.01654334 0.         0.         0.         0.         0.01341596 0.         0.         0.01466208 0.         0.         0.         0.         0.         0.         0.         0.         0.         0.01189818 0.90689381 0.         0.         0.        ],[0. 1. 0. 0. 1. 0. 0. 0. 1. 0. 0. 0. 0. 1. 0. 0. 1. 0. 0. 0. 0. 0. 0. 0. 0. 0. 1. 1. 0. 0. 0.],7.0,10000,30,0.6,10,1,7,,problem_solving
6300,0.02285784669703674,0.0026122827471293008,0.4,3.954429993631958,[0.         0.01724696 0.         0.         0.01933967 0.         0.         0.         0.01654334 0.         0.         0.         0.         0.01341596 0.         0.         0.01466208 0.         0.         0.         0.         0.         0.         0.         0.         0.         0.01189818 0.90689381 0.         0.         0.        ],[0. 1. 0. 0. 1. 0. 0. 0. 1. 0. 0. 0. 0. 1. 0. 0. 1. 0. 0. 0. 0. 0. 0. 0. 0. 0. 1. 1. 0. 0. 0.],7.0,10000,30,0.6,10,1,7,,problem_solving
6400,0.02285784669703674,0.0026122827471293008,0.4,5.747057953307763,[0.         0.01724696 0.         0.         0.01933967 0.         0.         0.         0.01654334 0.         0.         0.         0.         0.01341596 0.         0.         0.01466208 0.         0.         0.         0.         0.         0.         0.         0.         0.         0.01189818 0.90689381 0.         0.         0.        ],[0. 1. 0. 0. 1. 0. 0. 0. 1. 0. 0. 0. 0. 1. 0. 0. 1. 0. 0. 0. 0. 0. 0. 0. 0. 0. 1. 1. 0. 0. 0.],7.0,10000,30,0.6,10,1,7,,problem_solving
6500,0.02285784669703674,0.0026122827471293008,0.4,6.676037334111746,[0.         0.01724696 0.         0.         0.01933967 0.         0.         0.         0.01654334 0.         0.         0.         0.         0.01341596 0.         0.         0.01466208 0.         0.         0.         0.         0.         0.         0.         0.         0.         0.01189818 0.90689381 0.         0.         0.        ],[0. 1. 0. 0. 1. 0. 0. 0. 1. 0. 0. 0. 0. 1. 0. 0. 1. 0. 0. 0. 0. 0. 0. 0. 0. 0. 1. 1. 0. 0. 0.],7.0,10000,30,0.6,10,1,7,,problem_solving
6600,0.02285784669703674,0.0026122827471293008,0.4,-0.35371715106979185,[0.         0.01724696 0.         0.         0.01933967 0.         0.         0.         0.01654334 0.         0.         0.         0.         0.01341596 0.         0.         0.01466208 0.         0.         0.         0.         0.         0.         0.         0.         0.         0.01189818 0.90689381 0.         0.         0.        ],[0. 1. 0. 0. 1. 0. 0. 0. 1. 0. 0. 0. 0. 1. 0. 0. 1. 0. 0. 0. 0. 0. 0. 0. 0. 0. 1. 1. 0. 0. 0.],7.0,10000,30,0.6,10,1,7,,problem_solving
6700,0.02285784669703674,0.0026122827471293008,0.4,15.185431011209708,[0.         0.01724696 0.         0.         0.01933967 0.         0.         0.         0.01654334 0.         0.         0.         0.         0.01341596 0.         0.         0.01466208 0.         0.         0.         0.         0.         0.         0.         0.         0.         0.01189818 0.90689381 0.         0.         0.        ],[0. 1. 0. 0. 1. 0. 0. 0. 1. 0. 0. 0. 0. 1. 0. 0. 1. 0. 0. 0. 0. 0. 0. 0. 0. 0. 1. 1. 0. 0. 0.],7.0,10000,30,0.6,10,1,7,,problem_solving
6800,0.02285784669703674,0.0026122827471293008,0.4,-17.741684670221844,[0.         0.01724696 0.         0.         0.01933967 0.         0.         0.         0.01654334 0.         0.         0.         0.         0.01341596 0.         0.         0.01466208 0.         0.         0.         0.         0.         0.         0.         0.         0.         0.01189818 0.90689381 0.         0.         0.        ],[0. 1. 0. 0. 1. 0. 0. 0. 1. 0. 0. 0. 0. 1. 0. 0. 1. 0. 0. 0. 0. 0. 0. 0. 0. 0. 1. 1. 0. 0. 0.],7.0,10000,30,0.6,10,1,7,,problem_solving
6900,0.02285784669703674,0.0026122827471293008,0.4,3.365475043592221,[0.         0.01724696 0.         0.         0.01933967 0.         0.         0.         0.01654334 0.         0.         0.         0.         0.01341596 0.         0.         0.01466208 0.         0.         0.         0.         0.         0.         0.         0.         0.         0.01189818 0.90689381 0.         0.         0.        ],[0. 1. 0. 0. 1. 0. 0. 0. 1. 0. 0. 0. 0. 1. 0. 0. 1. 0. 0. 0. 0. 0. 0. 0. 0. 0. 1. 1. 0. 0. 0.],7.0,10000,30,0.6,10,1,7,,problem_solving
7000,0.02285784669703674,0.0026122827471293008,0.4,-2.8828145358176154,[0.         0.01724696 0.         0.         0.01933967 0.         0.         0.         0.01654334 0.         0.         0.         0.         0.01341596 0.         0.         0.01466208 0.         0.         0.         0.         0.         0.         0.         0.         0.         0.01189818 0.90689381 0.         0.         0.        ],[0. 1. 0. 0. 1. 0. 0. 0. 1. 0. 0. 0. 0. 1. 0. 0. 1. 0. 0. 0. 0. 0. 0. 0. 0. 0. 1. 1. 0. 0. 0.],7.0,10000,30,0.6,10,1,7,,problem_solving
7100,0.02285784669703674,0.0026122827471293008,0.4,7.956319463829926,[0.         0.01724696 0.         0.         0.01933967 0.         0.         0.         0.01654334 0.         0.         0.         0.         0.01341596 0.         0.         0.01466208 0.         0.         0.         0.         0.         0.         0.         0.         0.         0.01189818 0.90689381 0.         0.         0.        ],[0. 1. 0. 0. 1. 0. 0. 0. 1. 0. 0. 0. 0. 1. 0. 0. 1. 0. 0. 0. 0. 0. 0. 0. 0. 0. 1. 1. 0. 0. 0.],7.0,10000,30,0.6,10,1,7,,problem_solving
7200,0.02285784669703674,0.0026122827471293008,0.4,-8.260668855348673,[0.         0.01724696 0.         0.         0.01933967 0.         0.         0.         0.01654334 0.         0.         0.         0.         0.01341596 0.         0.         0.01466208 0.         0.         0.         0.         0.         0.         0.         0.         0.         0.01189818 0.90689381 0.         0.         0.        ],[0. 1. 0. 0. 1. 0. 0. 0. 1. 0. 0. 0. 0. 1. 0. 0. 1. 0. 0. 0. 0. 0. 0. 0. 0. 0. 1. 1. 0. 0. 0.],7.0,10000,30,0.6,10,1,7,,problem_solving
7300,0.02285784669703674,0.0026122827471293008,0.4,-0.8269677189126381,[0.         0.01724696 0.         0.         0.01933967 0.         0.         0.         0.01654334 0.         0.         0.         0.         0.01341596 0.         0.         0.01466208 0.         0.         0.         0.         0.         0.         0.         0.         0.         0.01189818 0.90689381 0.         0.         0.        ],[0. 1. 0. 0. 1. 0. 0. 0. 1. 0. 0. 0. 0. 1. 0. 0. 1. 0. 0. 0. 0. 0. 0. 0. 0. 0. 1. 1. 0. 0. 0.],7.0,10000,30,0.6,10,1,7,,problem_solving
7400,0.02285784669703674,0.0026122827471293008,0.4,23.14909799620066,[0.         0.01724696 0.         0.         0.01933967 0.         0.         0.         0.01654334 0.         0.         0.         0.         0.01341596 0.         0.         0.01466208 0.         0.         0.         0.         0.         0.         0.         0.         0.         0.01189818 0.90689381 0.         0.         0.        ],[0. 1. 0. 0. 1. 0. 0. 0. 1. 0. 0. 0. 0. 1. 0. 0. 1. 0. 0. 0. 0. 0. 0. 0. 0. 0. 1. 1. 0. 0. 0.],7.0,10000,30,0.6,10,1,7,,problem_solving
7500,0.02285784669703674,0.0026122827471293008,0.4,-21.540692441101168,[0.         0.01724696 0.         0.         0.01933967 0.         0.         0.         0.01654334 0.         0.         0.         0.         0.01341596 0.         0.         0.01466208 0.         0.         0.         0.         0.         0.         0.         0.         0.         0.01189818 0.90689381 0.         0.         0.        ],[0. 1. 0. 0. 1. 0. 0. 0. 1. 0. 0. 0. 0. 1. 0. 0. 1. 0. 0. 0. 0. 0. 0. 0. 0. 0. 1. 1. 0. 0. 0.],7.0,10000,30,0.6,10,1,7,,problem_solving
7600,0.02285784669703674,0.0026122827471293008,0.4,8.514745050385145,[0.         0.01724696 0.         0.         0.01933967 0.         0.         0.         0.01654334 0.         0.         0.         0.         0.01341596 0.         0.         0.01466208 0.         0.         0.         0.         0.         0.         0.         0.         0.         0.01189818 0.90689381 0.         0.         0.        ],[0. 1. 0. 0. 1. 0. 0. 0. 1. 0. 0. 0. 0. 1. 0. 0. 1. 0. 0. 0. 0. 0. 0. 0. 0. 0. 1. 1. 0. 0. 0.],7.0,10000,30,0.6,10,1,7,,problem_solving
7700,0.02285784669703674,0.0026122827471293008,0.4,10.463567572041196,[0.         0.01724696 0.         0.         0.01933967 0.         0.         0.         0.01654334 0.         0.         0.         0.         0.01341596 0.         0.         0.01466208 0.         0.         0.         0.         0.         0.         0.         0.         0.         0.01189818 0.90689381 0.         0.         0.        ],[0. 1. 0. 0. 1. 0. 0. 0. 1. 0. 0. 0. 0. 1. 0. 0. 1. 0. 0. 0. 0. 0. 0. 0. 0. 0. 1. 1. 0. 0. 0.],7.0,10000,30,0.6,10,1,7,,problem_solving
7800,0.02285784669703674,0.0026122827471293008,0.4,2.282191102879486,[0.         0.01724696 0.         0.         0.01933967 0.         0.         0.         0.01654334 0.         0.         0.         0.         0.01341596 0.         0.         0.01466208 0.         0.         0.         0.         0.         0.         0.         0.         0.         0.01189818 0.90689381 0.         0.         0.        ],[0. 1. 0. 0. 1. 0. 0. 0. 1. 0. 0. 0. 0. 1. 0. 0. 1. 0. 0. 0. 0. 0. 0. 0. 0. 0. 1. 1. 0. 0. 0.],7.0,10000,30,0.6,10,1,7,,problem_solving
7900,0.02285784669703674,0.0026122827471293008,0.4,-15.054307999569012,[0.         0.01724696 0.         0.         0.01933967 0.         0.         0.         0.01654334 0.         0.         0.         0.         0.01341596 0.         0.         0.01466208 0.         0.         0.         0.         0.         0.         0.         0.         0.         0.01189818 0.90689381 0.         0.         0.        ],[0. 1. 0. 0. 1. 0. 0. 0. 1. 0. 0. 0. 0. 1. 0. 0. 1. 0. 0. 0. 0. 0. 0. 0. 0. 0. 1. 1. 0. 0. 0.],7.0,10000,30,0.6,10,1,7,,problem_solving
8000,0.02285784669703674,0.0026122827471293008,0.4,11.067055833860152,[0.         0.01724696 0.         0.         0.01933967 0.         0.         0.         0.01654334 0.         0.         0.         0.         0.01341596 0.         0.         0.01466208 0.         0.         0.         0.         0.         0.         0.         0.         0.         0.01189818 0.90689381 0.         0.         0.        ],[0. 1. 0. 0. 1. 0. 0. 0. 1. 0. 0. 0. 0. 1. 0. 0. 1. 0. 0. 0. 0. 0. 0. 0. 0. 0. 1. 1. 0. 0. 0.],7.0,10000,30,0.6,10,1,7,,problem_solving
8100,0.02285784669703674,0.0026122827471293008,0.4,-7.344085431496083,[0.         0.01724696 0.         0.         0.01933967 0.         0.         0.         0.01654334 0.         0.         0.         0.         0.01341596 0.         0.         0.01466208 0.         0.         0.         0.         0.         0.         0.         0.         0.         0.01189818 0.90689381 0.         0.         0.        ],[0. 1. 0. 0. 1. 0. 0. 0. 1. 0. 0. 0. 0. 1. 0. 0. 1. 0. 0. 0. 0. 0. 0. 0. 0. 0. 1. 1. 0. 0. 0.],7.0,10000,30,0.6,10,1,7,,problem_solving
8200,0.02285784669703674,0.0026122827471293008,0.4,-19.368726168939624,[0.         0.01724696 0.         0.         0.01933967 0.         0.         0.         0.01654334 0.         0.         0.         0.         0.01341596 0.         0.         0.01466208 0.         0.         0.         0.         0.         0.         0.         0.         0.         0.01189818 0.90689381 0.         0.         0.        ],[0. 1. 0. 0. 1. 0. 0. 0. 1. 0. 0. 0. 0. 1. 0. 0. 1. 0. 0. 0. 0. 0. 0. 0. 0. 0. 1. 1. 0. 0. 0.],7.0,10000,30,0.6,10,1,7,,problem_solving
8300,0.02285784669703674,0.0026122827471293008,0.4,8.169742088734184,[0.         0.01724696 0.         0.         0.01933967 0.         0.         0.         0.01654334 0.         0.         0.         0.         0.01341596 0.         0.         0.01466208 0.         0.         0.         0.         0.         0.         0.         0.         0.         0.01189818 0.90689381 0.         0.         0.        ],[0. 1. 0. 0. 1. 0. 0. 0. 1. 0. 0. 0. 0. 1. 0. 0. 1. 0. 0. 0. 0. 0. 0. 0. 0. 0. 1. 1. 0. 0. 0.],7.0,10000,30,0.6,10,1,7,,problem_solving
8400,0.02285784669703674,0.0026122827471293008,0.4,-1.8725976975830285,[0.         0.01724696 0.         0.         0.01933967 0.         0.         0.         0.01654334 0.         0.         0.         0.         0.01341596 0.         0.         0.01466208 0.         0.         0.         0.         0.         0.         0.         0.         0.         0.01189818 0.90689381 0.         0.         0.        ],[0. 1. 0. 0. 1. 0. 0. 0. 1. 0. 0. 0. 0. 1. 0. 0. 1. 0. 0. 0. 0. 0. 0. 0. 0. 0. 1. 1. 0. 0. 0.],7.0,10000,30,0.6,10,1,7,,problem_solving
8500,0.02285784669703674,0.0026122827471293008,0.4,-11.135615544494206,[0.         0.01724696 0.         0.         0.01933967 0.         0.         0.         0.01654334 0.         0.         0.         0.         0.01341596 0.         0.         0.01466208 0.         0.         0.         0.         0.         0.         0.         0.         0.         0.01189818 0.90689381 0.         0.         0.        ],[0. 1. 0. 0. 1. 0. 0. 0. 1. 0. 0. 0. 0. 1. 0. 0. 1. 0. 0. 0. 0. 0. 0. 0. 0. 0. 1. 1. 0. 0. 0.],7.0,10000,30,0.6,10,1,7,,problem_solving
8600,0.02285784669703674,0.0026122827471293008,0.4,-0.5033119417177427,[0.         0.01724696 0.         0.         0.01933967 0.         0.         0.         0.01654334 0.         0.         0.         0.         0.01341596 0.         0.         0.01466208 0.         0.         0.         0.         0.         0.         0.         0.         0.         0.01189818 0.90689381 0.         0.         0.        ],[0. 1. 0. 0. 1. 0. 0. 0. 1. 0. 0. 0. 0. 1. 0. 0. 1. 0. 0. 0. 0. 0. 0. 0. 0. 0. 1. 1. 0. 0. 0.],7.0,10000,30,0.6,10,1,7,,problem_solving
8700,0.02285784669703674,0.0026122827471293008,0.4,-15.60600094356814,[0.         0.01724696 0.         0.         0.01933967 0.         0.         0.         0.01654334 0.         0.         0.         0.         0.01341596 0.         0.         0.01466208 0.         0.         0.         0.         0.         0.         0.         0.         0.         0.01189818 0.90689381 0.         0.         0.        ],[0. 1. 0. 0. 1. 0. 0. 0. 1. 0. 0. 0. 0. 1. 0. 0. 1. 0. 0. 0. 0. 0. 0. 0. 0. 0. 1. 1. 0. 0. 0.],7.0,10000,30,0.6,10,1,7,,problem_solving
8800,0.02285784669703674,0.0026122827471293008,0.4,-11.788116215674751,[0.         0.01724696 0.         0.         0.01933967 0.         0.         0.         0.01654334 0.         0.         0.         0.         0.01341596 0.         0.         0.01466208 0.         0.         0.         0.         0.         0.         0.         0.         0.         0.01189818 0.90689381 0.         0.         0.        ],[0. 1. 0. 0. 1. 0. 0. 0. 1. 0. 0. 0. 0. 1. 0. 0. 1. 0. 0. 0. 0. 0. 0. 0. 0. 0. 1. 1. 0. 0. 0.],7.0,10000,30,0.6,10,1,7,,problem_solving
8900,0.02285784669703674,0.0026122827471293008,0.4,1.1286715759501733,[0.         0.01724696 0.         0.         0.01933967 0.         0.         0.         0.01654334 0.         0.         0.         0.         0.01341596 0.         0.         0.01466208 0.         0.         0.         0.         0.         0.         0.         0.         0.         0.01189818 0.90689381 0.         0.         0.        ],[0. 1. 0. 0. 1. 0. 0. 0. 1. 0. 0. 0. 0. 1. 0. 0. 1. 0. 0. 0. 0. 0. 0. 0. 0. 0. 1. 1. 0. 0. 0.],7.0,10000,30,0.6,10,1,7,,problem_solving
9000,0.02285784669703674,0.0026122827471293008,0.4,-6.824042803411067,[0.         0.01724696 0.         0.         0.01933967 0.         0.         0.         0.01654334 0.         0.         0.         0.         0.01341596 0.         0.         0.01466208 0.         0.         0.         0.         0.         0.         0.         0.         0.         0.01189818 0.90689381 0.         0.         0.        ],[0. 1. 0. 0. 1. 0. 0. 0. 1. 0. 0. 0. 0. 1. 0. 0. 1. 0. 0. 0. 0. 0. 0. 0. 0. 0. 1. 1. 0. 0. 0.],7.0,10000,30,0.6,10,1,7,,problem_solving
9100,0.02285784669703674,0.0026122827471293008,0.4,1.85763457047982,[0.         0.01724696 0.         0.         0.01933967 0.         0.         0.         0.01654334 0.         0.         0.         0.         0.01341596 0.         0.         0.01466208 0.         0.         0.         0.         0.         0.         0.         0.         0.         0.01189818 0.90689381 0.         0.         0.        ],[0. 1. 0. 0. 1. 0. 0. 0. 1. 0. 0. 0. 0. 1. 0. 0. 1. 0. 0. 0. 0. 0. 0. 0. 0. 0. 1. 1. 0. 0. 0.],7.0,10000,30,0.6,10,1,7,,problem_solving
9200,0.02285784669703674,0.0026122827471293008,0.4,14.925977632543324,[0.         0.01724696 0.         0.         0.01933967 0.         0.         0.         0.01654334 0.         0.         0.         0.         0.01341596 0.         0.         0.01466208 0.         0.         0.         0.         0.         0.         0.         0.         0.         0.01189818 0.90689381 0.         0.         0.        ],[0. 1. 0. 0. 1. 0. 0. 0. 1. 0. 0. 0. 0. 1. 0. 0. 1. 0. 0. 0. 0. 0. 0. 0. 0. 0. 1. 1. 0. 0. 0.],7.0,10000,30,0.6,10,1,7,,problem_solving
9300,0.02009658408074115,0.0024531823491793334,0.4,15.026508332846515,[0.01447149 0.         0.         0.         0.01691252 0.         0.         0.         0.         0.         0.01349112 0.         0.         0.         0.         0.         0.         0.         0.         0.         0.         0.01206112 0.         0.         0.         0.         0.         0.90992998 0.         0.01728622 0.01584755],[1. 0. 0. 0. 1. 0. 0. 0. 0. 0. 1. 0. 0. 0. 0. 0. 0. 0. 0. 0. 0. 1. 0. 0. 0. 0. 0. 1. 0. 1. 1.],7.0,10000,30,0.6,10,1,7,,problem_solving
9400,0.02009658408074115,0.0024531823491793334,0.4,-19.54757994830153,[0.01447149 0.         0.         0.         0.01691252 0.         0.         0.         0.         0.         0.01349112 0.         0.         0.         0.         0.         0.         0.         0.         0.         0.         0.01206112 0.         0.         0.         0.         0.         0.90992998 0.         0.01728622 0.01584755],[1. 0. 0. 0. 1. 0. 0. 0. 0. 0. 1. 0. 0. 0. 0. 0. 0. 0. 0. 0. 0. 1. 0. 0. 0. 0. 0. 1. 0. 1. 1.],7.0,10000,30,0.6,10,1,7,,problem_solving
9500,0.02009658408074115,0.0024531823491793334,0.4,14.743042725188296,[0.01447149 0.         0.         0.         0.01691252 0.         0.         0.         0.         0.         0.01349112 0.         0.         0.         0.         0.         0.         0.         0.         0.         0.         0.01206112 0.         0.         0.         0.         0.         0.90992998 0.         0.01728622 0.01584755],[1. 0. 0. 0. 1. 0. 0. 0. 0. 0. 1. 0. 0. 0. 0. 0. 0. 0. 0. 0. 0. 1. 0. 0. 0. 0. 0. 1. 0. 1. 1.],7.0,10000,30,0.6,10,1,7,,problem_solving
9600,0.02009658408074115,0.0024531823491793334,0.4,0.20574105575399407,[0.01447149 0.         0.         0.         0.01691252 0.         0.         0.         0.         0.         0.01349112 0.         0.         0.         0.         0.         0.         0.         0.         0.         0.         0.01206112 0.         0.         0.         0.         0.         0.90992998 0.         0.01728622 0.01584755],[1. 0. 0. 0. 1. 0. 0. 0. 0. 0. 1. 0. 0. 0. 0. 0. 0. 0. 0. 0. 0. 1. 0. 0. 0. 0. 0. 1. 0. 1. 1.],7.0,10000,30,0.6,10,1,7,,problem_solving
9700,0.02009658408074115,0.0024531823491793334,0.4,3.2997937052241566,[0.01447149 0.         0.         0.         0.01691252 0.         0.         0.         0.         0.         0.01349112 0.         0.         0.         0.         0.         0.         0.         0.         0.         0.         0.01206112 0.         0.         0.         0.         0.         0.90992998 0.         0.01728622 0.01584755],[1. 0. 0. 0. 1. 0. 0. 0. 0. 0. 1. 0. 0. 0. 0. 0. 0. 0. 0. 0. 0. 1. 0. 0. 0. 0. 0. 1. 0. 1. 1.],7.0,10000,30,0.6,10,1,7,,problem_solving
9800,0.02009658408074115,0.0024531823491793334,0.4,-7.547526193239965,[0.01447149 0.         0.         0.         0.01691252 0.         0.         0.         0.         0.         0.01349112 0.         0.         0.         0.         0.         0.         0.         0.         0.         0.         0.01206112 0.         0.         0.         0.         0.         0.90992998 0.         0.01728622 0.01584755],[1. 0. 0. 0. 1. 0. 0. 0. 0. 0. 1. 0. 0. 0. 0. 0. 0. 0. 0. 0. 0. 1. 0. 0. 0. 0. 0. 1. 0. 1. 1.],7.0,10000,30,0.6,10,1,7,,problem_solving
9900,0.02009658408074115,0.0024531823491793334,0.4,-4.52168695433143,[0.01447149 0.         0.         0.         0.01691252 0.         0.         0.         0.         0.         0.01349112 0.         0.         0.         0.         0.         0.         0.         0.         0.         0.         0.01206112 0.         0.         0.         0.         0.         0.90992998 0.         0.01728622 0.01584755],[1. 0. 0. 0. 1. 0. 0. 0. 0. 0. 1. 0. 0. 0. 0. 0. 0. 0. 0. 0. 0. 1. 0. 0. 0. 0. 0. 1. 0. 1. 1.],7.0,10000,30,0.6,10,1,7,,problem_solving
9999,0.02009658408074115,0.0024531823491793334,0.4,-7.844276440852761,[0.01447149 0.         0.         0.         0.01691252 0.         0.         0.         0.         0.         0.01349112 0.         0.         0.         0.         0.         0.         0.         0.         0.         0.         0.01206112 0.         0.         0.         0.         0.         0.90992998 0.         0.01728622 0.01584755],[1. 0. 0. 0. 1. 0. 0. 0. 0. 0. 1. 0. 0. 0. 0. 0. 0. 0. 0. 0. 0. 1. 0. 0. 0. 0. 0. 1. 0. 1. 1.],7.0,10000,30,0.6,10,1,7,,problem_solving
