iter,cost,return,par,move,X,Z,Q,max_iter,mem_size,mem_consider,sigma,port_n,k,seed,tag
1,0.1494175946670609,0.0018838519686333864,0.4,5.671604951595657,[0.         0.         0.         0.         0.02141752 0.         0.         0.         0.         0.         0.         0.         0.02488073 0.0164156  0.         0.         0.0225913  0.         0.         0.         0.01520399 0.         0.         0.         0.         0.         0.         0.01093189 0.01941071 0.86914825 0.        ],[0. 0. 0. 0. 1. 0. 0. 0. 0. 0. 0. 0. 1. 1. 0. 0. 1. 0. 0. 0. 1. 0. 0. 0. 0. 0. 0. 1. 1. 1. 0.],8.0,1000,30,0.6,10,1,8,,problem_solving
10,0.0361269196744607,0.009953223677395108,0.4,-7.642428642219796,[0.         0.         0.         0.         0.88257556 0.         0.         0.         0.         0.02310854 0.         0.         0.01105675 0.01496411 0.         0.         0.01973809 0.         0.         0.02531786 0.01209155 0.         0.         0.         0.         0.         0.         0.         0.         0.         0.01114756],[0. 0. 0. 0. 1. 0. 0. 0. 0. 1. 0. 0. 1. 1. 0. 0. 1. 0. 0. 1. 1. 0. 0. 0. 0. 0. 0. 0. 0. 0. 1.],8.0,1000,30,0.6,10,1,8,,problem_solving
20,0.0361269196744607,0.009953223677395108,0.4,5.63937281367976,[0.         0.         0.         0.         0.88257556 0.         0.         0.         0.         0.02310854 0.         0.         0.01105675 0.01496411 0.         0.         0.01973809 0.         0.         0.02531786 0.01209155 0.         0.         0.         0.         0.         0.         0.         0.         0.         0.01114756],[0. 0. 0. 0. 1. 0. 0. 0. 0. 1. 0. 0. 1. 1. 0. 0. 1. 0. 0. 1. 1. 0. 0. 0. 0. 0. 0. 0. 0. 0. 1.],8.0,1000,30,0.6,10,1,8,,problem_solving
30,0.0361269196744607,0.009953223677395108,0.4,7.358758029936357,[0.         0.         0.         0.         0.88257556 0.         0.         0.         0.         0.02310854 0.         0.         0.01105675 0.01496411 0.         0.         0.01973809 0.         0.         0.02531786 0.01209155 0.         0.         0.         0.         0.         0.         0.         0.         0.         0.01114756],[0. 0. 0. 0. 1. 0. 0. 0. 0. 1. 0. 0. 1. 1. 0. 0. 1. 0. 0. 1. 1. 0. 0. 0. 0. 0. 0. 0. 0. 0. 1.],8.0,1000,30,0.6,10,1,8,,problem_solving
40,0.0361269196744607,0.009953223677395108,0.4,13.412196898803092,[0.         0.         0.         0.         0.88257556 0.         0.         0.         0.         0.02310854 0.         0.         0.01105675 0.01496411 0.         0.         0.01973809 0.         0.         0.02531786 0.01209155 0.         0.         0.         0.         0.         0.         0.         0.         0.         0.01114756],[0. 0. 0. 0. 1. 0. 0. 0. 0. 1. 0. 0. 1. 1. 0. 0. 1. 0. 0. 1. 1. 0. 0. 0. 0. 0. 0. 0. 0. 0. 1.],8.0,1000,30,0.6,10,1,8,,problem_solving
50,0.0361269196744607,0.009953223677395108,0.4,13.303815648499121,[0.         0.         0.         0.         0.88257556 0.         0.         0.         0.         0.02310854 0.         0.         0.01105675 0.01496411 0.         0.         0.01973809 0.         0.         0.02531786 0.01209155 0.         0.         0.         0.         0.         0.         0.         0.         0.         0.01114756],[0. 0. 0. 0. 1. 0. 0. 0. 0. 1. 0. 0. 1. 1. 0. 0. 1. 0. 0. 1. 1. 0. 0. 0. 0. 0. 0. 0. 0. 0. 1.],8.0,1000,30,0.6,10,1,8,,problem_solving
60,0.0361269196744607,0.009953223677395108,0.4,3.080770622601187,[0.         0.         0.         0.         0.88257556 0.         0.         0.         0.         0.02310854 0.         0.         0.01105675 0.01496411 0.         0.         0.01973809 0.         0.         0.02531786 0.01209155 0.         0.         0.         0.         0.         0.         0.         0.         0.         0.01114756],[0. 0. 0. 0. 1. 0. 0. 0. 0. 1. 0. 0. 1. 1. 0. 0. 1. 0. 0. 1. 1. 0. 0. 0. 0. 0. 0. 0. 0. 0. 1.],8.0,1000,30,0.6,10,1,8,,problem_solving
70,0.0361269196744607,0.009953223677395108,0.4,9.356450975560026,[0.         0.         0.         0.         0.88257556 0.         0.         0.         0.         0.02310854 0.         0.         0.01105675 0.01496411 0.         0.         0.01973809 0.         0.         0.02531786 0.01209155 0.         0.         0.         0.         0.         0.         0.         0.         0.         0.01114756],[0. 0. 0. 0. 1. 0. 0. 0. 0. 1. 0. 0. 1. 1. 0. 0. 1. 0. 0. 1. 1. 0. 0. 0. 0. 0. 0. 0. 0. 0. 1.],8.0,1000,30,0.6,10,1,8,,problem_solving
80,0.0361269196744607,0.009953223677395108,0.4,15.880737458480695,[0.         0.         0.         0.         0.88257556 0.         0.         0.         0.         0.02310854 0.         0.         0.01105675 0.01496411 0.         0.         0.01973809 0.         0.         0.02531786 0.01209155 0.         0.         0.         0.         0.         0.         0.         0.         0.         0.01114756],[0. 0. 0. 0. 1. 0. 0. 0. 0. 1. 0. 0. 1. 1. 0. 0. 1. 0. 0. 1. 1. 0. 0. 0. 0. 0. 0. 0. 0. 0. 1.],8.0,1000,30,0.6,10,1,8,,problem_solving
90,0.0361269196744607,0.009953223677395108,0.4,16.77181854360659,[0.         0.         0.         0.         0.88257556 0.         0.         0.         0.         0.02310854 0.         0.         0.01105675 0.01496411 0.         0.         0.01973809 0.         0.         0.02531786 0.01209155 0.         0.         0.         0.         0.         0.         0.         0.         0.         0.01114756],[0. 0. 0. 0. 1. 0. 0. 0. 0. 1. 0. 0. 1. 1. 0. 0. 1. 0. 0. 1. 1. 0. 0. 0. 0. 0. 0. 0. 0. 0. 1.],8.0,1000,30,0.6,10,1,8,,problem_solving
100,0.0361269196744607,0.009953223677395108,0.4,-3.3972979851048386,[0.         0.         0.         0.         0.88257556 0.         0.         0.         0.         0.02310854 0.         0.         0.01105675 0.01496411 0.         0.         0.01973809 0.         0.         0.02531786 0.01209155 0.         0.         0.         0.         0.         0.         0.         0.         0.         0.01114756],[0. 0. 0. 0. 1. 0. 0. 0. 0. 1. 0. 0. 1. 1. 0. 0. 1. 0. 0. 1. 1. 0. 0. 0. 0. 0. 0. 0. 0. 0. 1.],8.0,1000,30,0.6,10,1,8,,problem_solving
110,0.0361269196744607,0.009953223677395108,0.4,5.540612197837358,[0.         0.         0.         0.         0.88257556 0.         0.         0.         0.         0.02310854 0.         0.         0.01105675 0.01496411 0.         0.         0.01973809 0.         0.         0.02531786 0.01209155 0.         0.         0.         0.         0.         0.         0.         0.         0.         0.01114756],[0. 0. 0. 0. 1. 0. 0. 0. 0. 1. 0. 0. 1. 1. 0. 0. 1. 0. 0. 1. 1. 0. 0. 0. 0. 0. 0. 0. 0. 0. 1.],8.0,1000,30,0.6,10,1,8,,problem_solving
120,0.0361269196744607,0.009953223677395108,0.4,3.2363287879279463,[0.         0.         0.         0.         0.88257556 0.         0.         0.         0.         0.02310854 0.         0.         0.01105675 0.01496411 0.         0.         0.01973809 0.         0.         0.02531786 0.01209155 0.         0.         0.         0.         0.         0.         0.         0.         0.         0.01114756],[0. 0. 0. 0. 1. 0. 0. 0. 0. 1. 0. 0. 1. 1. 0. 0. 1. 0. 0. 1. 1. 0. 0. 0. 0. 0. 0. 0. 0. 0. 1.],8.0,1000,30,0.6,10,1,8,,problem_solving
130,0.0361269196744607,0.009953223677395108,0.4,-10.109528387993137,[0.         0.         0.         0.         0.88257556 0.         0.         0.         0.         0.02310854 0.         0.         0.01105675 0.01496411 0.         0.         0.01973809 0.         0.         0.02531786 0.01209155 0.         0.         0.         0.         0.         0.         0.         0.         0.         0.01114756],[0. 0. 0. 0. 1. 0. 0. 0. 0. 1. 0. 0. 1. 1. 0. 0. 1. 0. 0. 1. 1. 0. 0. 0. 0. 0. 0. 0. 0. 0. 1.],8.0,1000,30,0.6,10,1,8,,problem_solving
140,0.03283368547829302,0.009972653456961982,0.4,10.362965901788119,[0.01918493 0.         0.         0.         0.88563832 0.         0.         0.         0.         0.         0.         0.         0.         0.0218795  0.         0.01177482 0.01070009 0.         0.         0.         0.         0.         0.         0.02010475 0.         0.01485294 0.         0.         0.01586465 0.         0.        ],[1. 0. 0. 0. 1. 0. 0. 0. 0. 0. 0. 0. 0. 1. 0. 1. 1. 0. 0. 0. 0. 0. 0. 1. 0. 1. 0. 0. 1. 0. 0.],8.0,1000,30,0.6,10,1,8,,problem_solving
150,0.03283368547829302,0.009972653456961982,0.4,-0.20956432803448447,[0.01918493 0.         0.         0.         0.88563832 0.         0.         0.         0.         0.         0.         0.         0.         0.0218795  0.         0.01177482 0.01070009 0.         0.         0.         0.         0.         0.         0.02010475 0.         0.01485294 0.         0.         0.01586465 0.         0.        ],[1. 0. 0. 0. 1. 0. 0. 0. 0. 0. 0. 0. 0. 1. 0. 1. 1. 0. 0. 0. 0. 0. 0. 1. 0. 1. 0. 0. 1. 0. 0.],8.0,1000,30,0.6,10,1,8,,problem_solving
160,0.03283368547829302,0.009972653456961982,0.4,3.3673273063540576,[0.01918493 0.         0.         0.         0.88563832 0.         0.         0.         0.         0.         0.         0.         0.         0.0218795  0.         0.01177482 0.01070009 0.         0.         0.         0.         0.         0.         0.02010475 0.         0.01485294 0.         0.         0.01586465 0.         0.        ],[1. 0. 0. 0. 1. 0. 0. 0. 0. 0. 0. 0. 0. 1. 0. 1. 1. 0. 0. 0. 0. 0. 0. 1. 0. 1. 0. 0. 1. 0. 0.],8.0,1000,30,0.6,10,1,8,,problem_solving
170,0.03283368547829302,0.009972653456961982,0.4,-16.815963941663902,[0.01918493 0.         0.         0.         0.88563832 0.         0.         0.         0.         0.         0.         0.         0.         0.0218795  0.         0.01177482 0.01070009 0.         0.         0.         0.         0.         0.         0.02010475 0.         0.01485294 0.         0.         0.01586465 0.         0.        ],[1. 0. 0. 0. 1. 0. 0. 0. 0. 0. 0. 0. 0. 1. 0. 1. 1. 0. 0. 0. 0. 0. 0. 1. 0. 1. 0. 0. 1. 0. 0.],8.0,1000,30,0.6,10,1,8,,problem_solving
180,0.03283368547829302,0.009972653456961982,0.4,-3.402621779077003,[0.01918493 0.         0.         0.         0.88563832 0.         0.         0.         0.         0.         0.         0.         0.         0.0218795  0.         0.01177482 0.01070009 0.         0.         0.         0.         0.         0.         0.02010475 0.         0.01485294 0.         0.         0.01586465 0.         0.        ],[1. 0. 0. 0. 1. 0. 0. 0. 0. 0. 0. 0. 0. 1. 0. 1. 1. 0. 0. 0. 0. 0. 0. 1. 0. 1. 0. 0. 1. 0. 0.],8.0,1000,30,0.6,10,1,8,,problem_solving
190,0.03283368547829302,0.009972653456961982,0.4,0.7617350436984847,[0.01918493 0.         0.         0.         0.88563832 0.         0.         0.         0.         0.         0.         0.         0.         0.0218795  0.         0.01177482 0.01070009 0.         0.         0.         0.         0.         0.         0.02010475 0.         0.01485294 0.         0.         0.01586465 0.         0.        ],[1. 0. 0. 0. 1. 0. 0. 0. 0. 0. 0. 0. 0. 1. 0. 1. 1. 0. 0. 0. 0. 0. 0. 1. 0. 1. 0. 0. 1. 0. 0.],8.0,1000,30,0.6,10,1,8,,problem_solving
200,0.03283368547829302,0.009972653456961982,0.4,16.59854313528087,[0.01918493 0.         0.         0.         0.88563832 0.         0.         0.         0.         0.         0.         0.         0.         0.0218795  0.         0.01177482 0.01070009 0.         0.         0.         0.         0.         0.         0.02010475 0.         0.01485294 0.         0.         0.01586465 0.         0.        ],[1. 0. 0. 0. 1. 0. 0. 0. 0. 0. 0. 0. 0. 1. 0. 1. 1. 0. 0. 0. 0. 0. 0. 1. 0. 1. 0. 0. 1. 0. 0.],8.0,1000,30,0.6,10,1,8,,problem_solving
210,0.03283368547829302,0.009972653456961982,0.4,4.3974963356496835,[0.01918493 0.         0.         0.         0.88563832 0.         0.         0.         0.         0.         0.         0.         0.         0.0218795  0.         0.01177482 0.01070009 0.         0.         0.         0.         0.         0.         0.02010475 0.         0.01485294 0.         0.         0.01586465 0.         0.        ],[1. 0. 0. 0. 1. 0. 0. 0. 0. 0. 0. 0. 0. 1. 0. 1. 1. 0. 0. 0. 0. 0. 0. 1. 0. 1. 0. 0. 1. 0. 0.],8.0,1000,30,0.6,10,1,8,,problem_solving
220,0.03283368547829302,0.009972653456961982,0.4,-7.470326518707494,[0.01918493 0.         0.         0.         0.88563832 0.         0.         0.         0.         0.         0.         0.         0.         0.0218795  0.         0.01177482 0.01070009 0.         0.         0.         0.         0.         0.         0.02010475 0.         0.01485294 0.         0.         0.01586465 0.         0.        ],[1. 0. 0. 0. 1. 0. 0. 0. 0. 0. 0. 0. 0. 1. 0. 1. 1. 0. 0. 0. 0. 0. 0. 1. 0. 1. 0. 0. 1. 0. 0.],8.0,1000,30,0.6,10,1,8,,problem_solving
230,0.03283368547829302,0.009972653456961982,0.4,19.25070433150699,[0.01918493 0.         0.         0.         0.88563832 0.         0.         0.         0.         0.         0.         0.         0.         0.0218795  0.         0.01177482 0.01070009 0.         0.         0.         0.         0.         0.         0.02010475 0.         0.01485294 0.         0.         0.01586465 0.         0.        ],[1. 0. 0. 0. 1. 0. 0. 0. 0. 0. 0. 0. 0. 1. 0. 1. 1. 0. 0. 0. 0. 0. 0. 1. 0. 1. 0. 0. 1. 0. 0.],8.0,1000,30,0.6,10,1,8,,problem_solving
240,0.03283368547829302,0.009972653456961982,0.4,5.002025091910029,[0.01918493 0.         0.         0.         0.88563832 0.         0.         0.         0.         0.         0.         0.         0.         0.0218795  0.         0.01177482 0.01070009 0.         0.         0.         0.         0.         0.         0.02010475 0.         0.01485294 0.         0.         0.01586465 0.         0.        ],[1. 0. 0. 0. 1. 0. 0. 0. 0. 0. 0. 0. 0. 1. 0. 1. 1. 0. 0. 0. 0. 0. 0. 1. 0. 1. 0. 0. 1. 0. 0.],8.0,1000,30,0.6,10,1,8,,problem_solving
250,0.03283368547829302,0.009972653456961982,0.4,-11.07260122593162,[0.01918493 0.         0.         0.         0.88563832 0.         0.         0.         0.         0.         0.         0.         0.         0.0218795  0.         0.01177482 0.01070009 0.         0.         0.         0.         0.         0.         0.02010475 0.         0.01485294 0.         0.         0.01586465 0.         0.        ],[1. 0. 0. 0. 1. 0. 0. 0. 0. 0. 0. 0. 0. 1. 0. 1. 1. 0. 0. 0. 0. 0. 0. 1. 0. 1. 0. 0. 1. 0. 0.],8.0,1000,30,0.6,10,1,8,,problem_solving
260,0.03283368547829302,0.009972653456961982,0.4,13.898028741229504,[0.01918493 0.         0.         0.         0.88563832 0.         0.         0.         0.         0.         0.         0.         0.         0.0218795  0.         0.01177482 0.01070009 0.         0.         0.         0.         0.         0.         0.02010475 0.         0.01485294 0.         0.         0.01586465 0.         0.        ],[1. 0. 0. 0. 1. 0. 0. 0. 0. 0. 0. 0. 0. 1. 0. 1. 1. 0. 0. 0. 0. 0. 0. 1. 0. 1. 0. 0. 1. 0. 0.],8.0,1000,30,0.6,10,1,8,,problem_solving
270,0.03283368547829302,0.009972653456961982,0.4,-3.876715703978189,[0.01918493 0.         0.         0.         0.88563832 0.         0.         0.         0.         0.         0.         0.         0.         0.0218795  0.         0.01177482 0.01070009 0.         0.         0.         0.         0.         0.         0.02010475 0.         0.01485294 0.         0.         0.01586465 0.         0.        ],[1. 0. 0. 0. 1. 0. 0. 0. 0. 0. 0. 0. 0. 1. 0. 1. 1. 0. 0. 0. 0. 0. 0. 1. 0. 1. 0. 0. 1. 0. 0.],8.0,1000,30,0.6,10,1,8,,problem_solving
280,0.03283368547829302,0.009972653456961982,0.4,3.563226182646659,[0.01918493 0.         0.         0.         0.88563832 0.         0.         0.         0.         0.         0.         0.         0.         0.0218795  0.         0.01177482 0.01070009 0.         0.         0.         0.         0.         0.         0.02010475 0.         0.01485294 0.         0.         0.01586465 0.         0.        ],[1. 0. 0. 0. 1. 0. 0. 0. 0. 0. 0. 0. 0. 1. 0. 1. 1. 0. 0. 0. 0. 0. 0. 1. 0. 1. 0. 0. 1. 0. 0.],8.0,1000,30,0.6,10,1,8,,problem_solving
290,0.03283368547829302,0.009972653456961982,0.4,5.257741643894237,[0.01918493 0.         0.         0.         0.88563832 0.         0.         0.         0.         0.         0.         0.         0.         0.0218795  0.         0.01177482 0.01070009 0.         0.         0.         0.         0.         0.         0.02010475 0.         0.01485294 0.         0.         0.01586465 0.         0.        ],[1. 0. 0. 0. 1. 0. 0. 0. 0. 0. 0. 0. 0. 1. 0. 1. 1. 0. 0. 0. 0. 0. 0. 1. 0. 1. 0. 0. 1. 0. 0.],8.0,1000,30,0.6,10,1,8,,problem_solving
300,0.03283368547829302,0.009972653456961982,0.4,-6.367450041159573,[0.01918493 0.         0.         0.         0.88563832 0.         0.         0.         0.         0.         0.         0.         0.         0.0218795  0.         0.01177482 0.01070009 0.         0.         0.         0.         0.         0.         0.02010475 0.         0.01485294 0.         0.         0.01586465 0.         0.        ],[1. 0. 0. 0. 1. 0. 0. 0. 0. 0. 0. 0. 0. 1. 0. 1. 1. 0. 0. 0. 0. 0. 0. 1. 0. 1. 0. 0. 1. 0. 0.],8.0,1000,30,0.6,10,1,8,,problem_solving
310,0.03283368547829302,0.009972653456961982,0.4,2.275358509470506,[0.01918493 0.         0.         0.         0.88563832 0.         0.         0.         0.         0.         0.         0.         0.         0.0218795  0.         0.01177482 0.01070009 0.         0.         0.         0.         0.         0.         0.02010475 0.         0.01485294 0.         0.         0.01586465 0.         0.        ],[1. 0. 0. 0. 1. 0. 0. 0. 0. 0. 0. 0. 0. 1. 0. 1. 1. 0. 0. 0. 0. 0. 0. 1. 0. 1. 0. 0. 1. 0. 0.],8.0,1000,30,0.6,10,1,8,,problem_solving
320,0.03283368547829302,0.009972653456961982,0.4,6.420317053526108,[0.01918493 0.         0.         0.         0.88563832 0.         0.         0.         0.         0.         0.         0.         0.         0.0218795  0.         0.01177482 0.01070009 0.         0.         0.         0.         0.         0.         0.02010475 0.         0.01485294 0.         0.         0.01586465 0.         0.        ],[1. 0. 0. 0. 1. 0. 0. 0. 0. 0. 0. 0. 0. 1. 0. 1. 1. 0. 0. 0. 0. 0. 0. 1. 0. 1. 0. 0. 1. 0. 0.],8.0,1000,30,0.6,10,1,8,,problem_solving
330,0.03283368547829302,0.009972653456961982,0.4,-17.266663195481133,[0.01918493 0.         0.         0.         0.88563832 0.         0.         0.         0.         0.         0.         0.         0.         0.0218795  0.         0.01177482 0.01070009 0.         0.         0.         0.         0.         0.         0.02010475 0.         0.01485294 0.         0.         0.01586465 0.         0.        ],[1. 0. 0. 0. 1. 0. 0. 0. 0. 0. 0. 0. 0. 1. 0. 1. 1. 0. 0. 0. 0. 0. 0. 1. 0. 1. 0. 0. 1. 0. 0.],8.0,1000,30,0.6,10,1,8,,problem_solving
340,0.03283368547829302,0.009972653456961982,0.4,0.11665419357086124,[0.01918493 0.         0.         0.         0.88563832 0.         0.         0.         0.         0.         0.         0.         0.         0.0218795  0.         0.01177482 0.01070009 0.         0.         0.         0.         0.         0.         0.02010475 0.         0.01485294 0.         0.         0.01586465 0.         0.        ],[1. 0. 0. 0. 1. 0. 0. 0. 0. 0. 0. 0. 0. 1. 0. 1. 1. 0. 0. 0. 0. 0. 0. 1. 0. 1. 0. 0. 1. 0. 0.],8.0,1000,30,0.6,10,1,8,,problem_solving
350,0.03283368547829302,0.009972653456961982,0.4,1.0891186745110177,[0.01918493 0.         0.         0.         0.88563832 0.         0.         0.         0.         0.         0.         0.         0.         0.0218795  0.         0.01177482 0.01070009 0.         0.         0.         0.         0.         0.         0.02010475 0.         0.01485294 0.         0.         0.01586465 0.         0.        ],[1. 0. 0. 0. 1. 0. 0. 0. 0. 0. 0. 0. 0. 1. 0. 1. 1. 0. 0. 0. 0. 0. 0. 1. 0. 1. 0. 0. 1. 0. 0.],8.0,1000,30,0.6,10,1,8,,problem_solving
360,0.03283368547829302,0.009972653456961982,0.4,-16.34598282568065,[0.01918493 0.         0.         0.         0.88563832 0.         0.         0.         0.         0.         0.         0.         0.         0.0218795  0.         0.01177482 0.01070009 0.         0.         0.         0.         0.         0.         0.02010475 0.         0.01485294 0.         0.         0.01586465 0.         0.        ],[1. 0. 0. 0. 1. 0. 0. 0. 0. 0. 0. 0. 0. 1. 0. 1. 1. 0. 0. 0. 0. 0. 0. 1. 0. 1. 0. 0. 1. 0. 0.],8.0,1000,30,0.6,10,1,8,,problem_solving
370,0.03283368547829302,0.009972653456961982,0.4,-10.256194272084503,[0.01918493 0.         0.         0.         0.88563832 0.         0.         0.         0.         0.         0.         0.         0.         0.0218795  0.         0.01177482 0.01070009 0.         0.         0.         0.         0.         0.         0.02010475 0.         0.01485294 0.         0.         0.01586465 0.         0.        ],[1. 0. 0. 0. 1. 0. 0. 0. 0. 0. 0. 0. 0. 1. 0. 1. 1. 0. 0. 0. 0. 0. 0. 1. 0. 1. 0. 0. 1. 0. 0.],8.0,1000,30,0.6,10,1,8,,problem_solving
380,0.02833381152255001,0.0024681869075463474,0.4,-13.705745274076744,[0.         0.         0.         0.         0.         0.         0.         0.         0.01465894 0.         0.         0.         0.         0.         0.         0.         0.         0.0155637  0.01368395 0.         0.         0.         0.01300801 0.         0.01739049 0.         0.01833311 0.89676628 0.         0.01059552 0.        ],[0. 0. 0. 0. 0. 0. 0. 0. 1. 0. 0. 0. 0. 0. 0. 0. 0. 1. 1. 0. 0. 0. 1. 0. 1. 0. 1. 1. 0. 1. 0.],8.0,1000,30,0.6,10,1,8,,problem_solving
390,0.02833381152255001,0.0024681869075463474,0.4,-0.780444887681825,[0.         0.         0.         0.         0.         0.         0.         0.         0.01465894 0.         0.         0.         0.         0.         0.         0.         0.         0.0155637  0.01368395 0.         0.         0.         0.01300801 0.         0.01739049 0.         0.01833311 0.89676628 0.         0.01059552 0.        ],[0. 0. 0. 0. 0. 0. 0. 0. 1. 0. 0. 0. 0. 0. 0. 0. 0. 1. 1. 0. 0. 0. 1. 0. 1. 0. 1. 1. 0. 1. 0.],8.0,1000,30,0.6,10,1,8,,problem_solving
400,0.02833381152255001,0.0024681869075463474,0.4,1.503749542697514,[0.         0.         0.         0.         0.         0.         0.         0.         0.01465894 0.         0.         0.         0.         0.         0.         0.         0.         0.0155637  0.01368395 0.         0.         0.         0.01300801 0.         0.01739049 0.         0.01833311 0.89676628 0.         0.01059552 0.        ],[0. 0. 0. 0. 0. 0. 0. 0. 1. 0. 0. 0. 0. 0. 0. 0. 0. 1. 1. 0. 0. 0. 1. 0. 1. 0. 1. 1. 0. 1. 0.],8.0,1000,30,0.6,10,1,8,,problem_solving
410,0.02833381152255001,0.0024681869075463474,0.4,12.10752256189285,[0.         0.         0.         0.         0.         0.         0.         0.         0.01465894 0.         0.         0.         0.         0.         0.         0.         0.         0.0155637  0.01368395 0.         0.         0.         0.01300801 0.         0.01739049 0.         0.01833311 0.89676628 0.         0.01059552 0.        ],[0. 0. 0. 0. 0. 0. 0. 0. 1. 0. 0. 0. 0. 0. 0. 0. 0. 1. 1. 0. 0. 0. 1. 0. 1. 0. 1. 1. 0. 1. 0.],8.0,1000,30,0.6,10,1,8,,problem_solving
420,0.02833381152255001,0.0024681869075463474,0.4,4.8441839479161715,[0.         0.         0.         0.         0.         0.         0.         0.         0.01465894 0.         0.         0.         0.         0.         0.         0.         0.         0.0155637  0.01368395 0.         0.         0.         0.01300801 0.         0.01739049 0.         0.01833311 0.89676628 0.         0.01059552 0.        ],[0. 0. 0. 0. 0. 0. 0. 0. 1. 0. 0. 0. 0. 0. 0. 0. 0. 1. 1. 0. 0. 0. 1. 0. 1. 0. 1. 1. 0. 1. 0.],8.0,1000,30,0.6,10,1,8,,problem_solving
430,0.02833381152255001,0.0024681869075463474,0.4,12.142960934551503,[0.         0.         0.         0.         0.         0.         0.         0.         0.01465894 0.         0.         0.         0.         0.         0.         0.         0.         0.0155637  0.01368395 0.         0.         0.         0.01300801 0.         0.01739049 0.         0.01833311 0.89676628 0.         0.01059552 0.        ],[0. 0. 0. 0. 0. 0. 0. 0. 1. 0. 0. 0. 0. 0. 0. 0. 0. 1. 1. 0. 0. 0. 1. 0. 1. 0. 1. 1. 0. 1. 0.],8.0,1000,30,0.6,10,1,8,,problem_solving
440,0.02833381152255001,0.0024681869075463474,0.4,2.9714786158114013,[0.         0.         0.         0.         0.         0.         0.         0.         0.01465894 0.         0.         0.         0.         0.         0.         0.         0.         0.0155637  0.01368395 0.         0.         0.         0.01300801 0.         0.01739049 0.         0.01833311 0.89676628 0.         0.01059552 0.        ],[0. 0. 0. 0. 0. 0. 0. 0. 1. 0. 0. 0. 0. 0. 0. 0. 0. 1. 1. 0. 0. 0. 1. 0. 1. 0. 1. 1. 0. 1. 0.],8.0,1000,30,0.6,10,1,8,,problem_solving
450,0.02833381152255001,0.0024681869075463474,0.4,17.86200247280454,[0.         0.         0.         0.         0.         0.         0.         0.         0.01465894 0.         0.         0.         0.         0.         0.         0.         0.         0.0155637  0.01368395 0.         0.         0.         0.01300801 0.         0.01739049 0.         0.01833311 0.89676628 0.         0.01059552 0.        ],[0. 0. 0. 0. 0. 0. 0. 0. 1. 0. 0. 0. 0. 0. 0. 0. 0. 1. 1. 0. 0. 0. 1. 0. 1. 0. 1. 1. 0. 1. 0.],8.0,1000,30,0.6,10,1,8,,problem_solving
460,0.02833381152255001,0.0024681869075463474,0.4,5.8233917635457875,[0.         0.         0.         0.         0.         0.         0.         0.         0.01465894 0.         0.         0.         0.         0.         0.         0.         0.         0.0155637  0.01368395 0.         0.         0.         0.01300801 0.         0.01739049 0.         0.01833311 0.89676628 0.         0.01059552 0.        ],[0. 0. 0. 0. 0. 0. 0. 0. 1. 0. 0. 0. 0. 0. 0. 0. 0. 1. 1. 0. 0. 0. 1. 0. 1. 0. 1. 1. 0. 1. 0.],8.0,1000,30,0.6,10,1,8,,problem_solving
470,0.02833381152255001,0.0024681869075463474,0.4,-6.921997739622594,[0.         0.         0.         0.         0.         0.         0.         0.         0.01465894 0.         0.         0.         0.         0.         0.         0.         0.         0.0155637  0.01368395 0.         0.         0.         0.01300801 0.         0.01739049 0.         0.01833311 0.89676628 0.         0.01059552 0.        ],[0. 0. 0. 0. 0. 0. 0. 0. 1. 0. 0. 0. 0. 0. 0. 0. 0. 1. 1. 0. 0. 0. 1. 0. 1. 0. 1. 1. 0. 1. 0.],8.0,1000,30,0.6,10,1,8,,problem_solving
480,0.02833381152255001,0.0024681869075463474,0.4,2.4808979893470102,[0.         0.         0.         0.         0.         0.         0.         0.         0.01465894 0.         0.         0.         0.         0.         0.         0.         0.         0.0155637  0.01368395 0.         0.         0.         0.01300801 0.         0.01739049 0.         0.01833311 0.89676628 0.         0.01059552 0.        ],[0. 0. 0. 0. 0. 0. 0. 0. 1. 0. 0. 0. 0. 0. 0. 0. 0. 1. 1. 0. 0. 0. 1. 0. 1. 0. 1. 1. 0. 1. 0.],8.0,1000,30,0.6,10,1,8,,problem_solving
490,0.02833381152255001,0.0024681869075463474,0.4,9.323282568354932,[0.         0.         0.         0.         0.         0.         0.         0.         0.01465894 0.         0.         0.         0.         0.         0.         0.         0.         0.0155637  0.01368395 0.         0.         0.         0.01300801 0.         0.01739049 0.         0.01833311 0.89676628 0.         0.01059552 0.        ],[0. 0. 0. 0. 0. 0. 0. 0. 1. 0. 0. 0. 0. 0. 0. 0. 0. 1. 1. 0. 0. 0. 1. 0. 1. 0. 1. 1. 0. 1. 0.],8.0,1000,30,0.6,10,1,8,,problem_solving
500,0.02833381152255001,0.0024681869075463474,0.4,0.3013529078370052,[0.         0.         0.         0.         0.         0.         0.         0.         0.01465894 0.         0.         0.         0.         0.         0.         0.         0.         0.0155637  0.01368395 0.         0.         0.         0.01300801 0.         0.01739049 0.         0.01833311 0.89676628 0.         0.01059552 0.        ],[0. 0. 0. 0. 0. 0. 0. 0. 1. 0. 0. 0. 0. 0. 0. 0. 0. 1. 1. 0. 0. 0. 1. 0. 1. 0. 1. 1. 0. 1. 0.],8.0,1000,30,0.6,10,1,8,,problem_solving
510,0.02833381152255001,0.0024681869075463474,0.4,-3.923360746907718,[0.         0.         0.         0.         0.         0.         0.         0.         0.01465894 0.         0.         0.         0.         0.         0.         0.         0.         0.0155637  0.01368395 0.         0.         0.         0.01300801 0.         0.01739049 0.         0.01833311 0.89676628 0.         0.01059552 0.        ],[0. 0. 0. 0. 0. 0. 0. 0. 1. 0. 0. 0. 0. 0. 0. 0. 0. 1. 1. 0. 0. 0. 1. 0. 1. 0. 1. 1. 0. 1. 0.],8.0,1000,30,0.6,10,1,8,,problem_solving
520,0.02833381152255001,0.0024681869075463474,0.4,-11.053624240013276,[0.         0.         0.         0.         0.         0.         0.         0.         0.01465894 0.         0.         0.         0.         0.         0.         0.         0.         0.0155637  0.01368395 0.         0.         0.         0.01300801 0.         0.01739049 0.         0.01833311 0.89676628 0.         0.01059552 0.        ],[0. 0. 0. 0. 0. 0. 0. 0. 1. 0. 0. 0. 0. 0. 0. 0. 0. 1. 1. 0. 0. 0. 1. 0. 1. 0. 1. 1. 0. 1. 0.],8.0,1000,30,0.6,10,1,8,,problem_solving
530,0.02833381152255001,0.0024681869075463474,0.4,-8.008717573659329,[0.         0.         0.         0.         0.         0.         0.         0.         0.01465894 0.         0.         0.         0.         0.         0.         0.         0.         0.0155637  0.01368395 0.         0.         0.         0.01300801 0.         0.01739049 0.         0.01833311 0.89676628 0.         0.01059552 0.        ],[0. 0. 0. 0. 0. 0. 0. 0. 1. 0. 0. 0. 0. 0. 0. 0. 0. 1. 1. 0. 0. 0. 1. 0. 1. 0. 1. 1. 0. 1. 0.],8.0,1000,30,0.6,10,1,8,,problem_solving
540,0.02833381152255001,0.0024681869075463474,0.4,3.5983978190818493,[0.         0.         0.         0.         0.         0.         0.         0.         0.01465894 0.         0.         0.         0.         0.         0.         0.         0.         0.0155637  0.01368395 0.         0.         0.         0.01300801 0.         0.01739049 0.         0.01833311 0.89676628 0.         0.01059552 0.        ],[0. 0. 0. 0. 0. 0. 0. 0. 1. 0. 0. 0. 0. 0. 0. 0. 0. 1. 1. 0. 0. 0. 1. 0. 1. 0. 1. 1. 0. 1. 0.],8.0,1000,30,0.6,10,1,8,,problem_solving
550,0.02833381152255001,0.0024681869075463474,0.4,2.229302111404749,[0.         0.         0.         0.         0.         0.         0.         0.         0.01465894 0.         0.         0.         0.         0.         0.         0.         0.         0.0155637  0.01368395 0.         0.         0.         0.01300801 0.         0.01739049 0.         0.01833311 0.89676628 0.         0.01059552 0.        ],[0. 0. 0. 0. 0. 0. 0. 0. 1. 0. 0. 0. 0. 0. 0. 0. 0. 1. 1. 0. 0. 0. 1. 0. 1. 0. 1. 1. 0. 1. 0.],8.0,1000,30,0.6,10,1,8,,problem_solving
560,0.02833381152255001,0.0024681869075463474,0.4,-1.6110799896801407,[0.         0.         0.         0.         0.         0.         0.         0.         0.01465894 0.         0.         0.         0.         0.         0.         0.         0.         0.0155637  0.01368395 0.         0.         0.         0.01300801 0.         0.01739049 0.         0.01833311 0.89676628 0.         0.01059552 0.        ],[0. 0. 0. 0. 0. 0. 0. 0. 1. 0. 0. 0. 0. 0. 0. 0. 0. 1. 1. 0. 0. 0. 1. 0. 1. 0. 1. 1. 0. 1. 0.],8.0,1000,30,0.6,10,1,8,,problem_solving
570,0.02833381152255001,0.0024681869075463474,0.4,0.5621517248592114,[0.         0.         0.         0.         0.         0.         0.         0.         0.01465894 0.         0.         0.         0.         0.         0.         0.         0.         0.0155637  0.01368395 0.         0.         0.         0.01300801 0.         0.01739049 0.         0.01833311 0.89676628 0.         0.01059552 0.        ],[0. 0. 0. 0. 0. 0. 0. 0. 1. 0. 0. 0. 0. 0. 0. 0. 0. 1. 1. 0. 0. 0. 1. 0. 1. 0. 1. 1. 0. 1. 0.],8.0,1000,30,0.6,10,1,8,,problem_solving
580,0.02833381152255001,0.0024681869075463474,0.4,-6.027591911635135,[0.         0.         0.         0.         0.         0.         0.         0.         0.01465894 0.         0.         0.         0.         0.         0.         0.         0.         0.0155637  0.01368395 0.         0.         0.         0.01300801 0.         0.01739049 0.         0.01833311 0.89676628 0.         0.01059552 0.        ],[0. 0. 0. 0. 0. 0. 0. 0. 1. 0. 0. 0. 0. 0. 0. 0. 0. 1. 1. 0. 0. 0. 1. 0. 1. 0. 1. 1. 0. 1. 0.],8.0,1000,30,0.6,10,1,8,,problem_solving
590,0.02833381152255001,0.0024681869075463474,0.4,-8.121450477599458,[0.         0.         0.         0.         0.         0.         0.         0.         0.01465894 0.         0.         0.         0.         0.         0.         0.         0.         0.0155637  0.01368395 0.         0.         0.         0.01300801 0.         0.01739049 0.         0.01833311 0.89676628 0.         0.01059552 0.        ],[0. 0. 0. 0. 0. 0. 0. 0. 1. 0. 0. 0. 0. 0. 0. 0. 0. 1. 1. 0. 0. 0. 1. 0. 1. 0. 1. 1. 0. 1. 0.],8.0,1000,30,0.6,10,1,8,,problem_solving
600,0.02833381152255001,0.0024681869075463474,0.4,19.28802404171652,[0.         0.         0.         0.         0.         0.         0.         0.         0.01465894 0.         0.         0.         0.         0.         0.         0.         0.         0.0155637  0.01368395 0.         0.         0.         0.01300801 0.         0.01739049 0.         0.01833311 0.89676628 0.         0.01059552 0.        ],[0. 0. 0. 0. 0. 0. 0. 0. 1. 0. 0. 0. 0. 0. 0. 0. 0. 1. 1. 0. 0. 0. 1. 0. 1. 0. 1. 1. 0. 1. 0.],8.0,1000,30,0.6,10,1,8,,problem_solving
610,0.02833381152255001,0.0024681869075463474,0.4,-3.7689671625462267,[0.         0.         0.         0.         0.         0.         0.         0.         0.01465894 0.         0.         0.         0.         0.         0.         0.         0.         0.0155637  0.01368395 0.         0.         0.         0.01300801 0.         0.01739049 0.         0.01833311 0.89676628 0.         0.01059552 0.        ],[0. 0. 0. 0. 0. 0. 0. 0. 1. 0. 0. 0. 0. 0. 0. 0. 0. 1. 1. 0. 0. 0. 1. 0. 1. 0. 1. 1. 0. 1. 0.],8.0,1000,30,0.6,10,1,8,,problem_solving
620,0.02833381152255001,0.0024681869075463474,0.4,-4.622178544724625,[0.         0.         0.         0.         0.         0.         0.         0.         0.01465894 0.         0.         0.         0.         0.         0.         0.         0.         0.0155637  0.01368395 0.         0.         0.         0.01300801 0.         0.01739049 0.         0.01833311 0.89676628 0.         0.01059552 0.        ],[0. 0. 0. 0. 0. 0. 0. 0. 1. 0. 0. 0. 0. 0. 0. 0. 0. 1. 1. 0. 0. 0. 1. 0. 1. 0. 1. 1. 0. 1. 0.],8.0,1000,30,0.6,10,1,8,,problem_solving
630,0.02833381152255001,0.0024681869075463474,0.4,21.834399706158536,[0.         0.         0.         0.         0.         0.         0.         0.         0.01465894 0.         0.         0.         0.         0.         0.         0.         0.         0.0155637  0.01368395 0.         0.         0.         0.01300801 0.         0.01739049 0.         0.01833311 0.89676628 0.         0.01059552 0.        ],[0. 0. 0. 0. 0. 0. 0. 0. 1. 0. 0. 0. 0. 0. 0. 0. 0. 1. 1. 0. 0. 0. 1. 0. 1. 0. 1. 1. 0. 1. 0.],8.0,1000,30,0.6,10,1,8,,problem_solving
640,0.02833381152255001,0.0024681869075463474,0.4,2.026753233239023,[0.         0.         0.         0.         0.         0.         0.         0.         0.01465894 0.         0.         0.         0.         0.         0.         0.         0.         0.0155637  0.01368395 0.         0.         0.         0.01300801 0.         0.01739049 0.         0.01833311 0.89676628 0.         0.01059552 0.        ],[0. 0. 0. 0. 0. 0. 0. 0. 1. 0. 0. 0. 0. 0. 0. 0. 0. 1. 1. 0. 0. 0. 1. 0. 1. 0. 1. 1. 0. 1. 0.],8.0,1000,30,0.6,10,1,8,,problem_solving
650,0.02833381152255001,0.0024681869075463474,0.4,5.188362248057938,[0.         0.         0.         0.         0.         0.         0.         0.         0.01465894 0.         0.         0.         0.         0.         0.         0.         0.         0.0155637  0.01368395 0.         0.         0.         0.01300801 0.         0.01739049 0.         0.01833311 0.89676628 0.         0.01059552 0.        ],[0. 0. 0. 0. 0. 0. 0. 0. 1. 0. 0. 0. 0. 0. 0. 0. 0. 1. 1. 0. 0. 0. 1. 0. 1. 0. 1. 1. 0. 1. 0.],8.0,1000,30,0.6,10,1,8,,problem_solving
660,0.02833381152255001,0.0024681869075463474,0.4,8.323276497589854,[0.         0.         0.         0.         0.         0.         0.         0.         0.01465894 0.         0.         0.         0.         0.         0.         0.         0.         0.0155637  0.01368395 0.         0.         0.         0.01300801 0.         0.01739049 0.         0.01833311 0.89676628 0.         0.01059552 0.        ],[0. 0. 0. 0. 0. 0. 0. 0. 1. 0. 0. 0. 0. 0. 0. 0. 0. 1. 1. 0. 0. 0. 1. 0. 1. 0. 1. 1. 0. 1. 0.],8.0,1000,30,0.6,10,1,8,,problem_solving
670,0.02833381152255001,0.0024681869075463474,0.4,12.723065239019014,[0.         0.         0.         0.         0.         0.         0.         0.         0.01465894 0.         0.         0.         0.         0.         0.         0.         0.         0.0155637  0.01368395 0.         0.         0.         0.01300801 0.         0.01739049 0.         0.01833311 0.89676628 0.         0.01059552 0.        ],[0. 0. 0. 0. 0. 0. 0. 0. 1. 0. 0. 0. 0. 0. 0. 0. 0. 1. 1. 0. 0. 0. 1. 0. 1. 0. 1. 1. 0. 1. 0.],8.0,1000,30,0.6,10,1,8,,problem_solving
680,0.02833381152255001,0.0024681869075463474,0.4,-14.956405055754011,[0.         0.         0.         0.         0.         0.         0.         0.         0.01465894 0.         0.         0.         0.         0.         0.         0.         0.         0.0155637  0.01368395 0.         0.         0.         0.01300801 0.         0.01739049 0.         0.01833311 0.89676628 0.         0.01059552 0.        ],[0. 0. 0. 0. 0. 0. 0. 0. 1. 0. 0. 0. 0. 0. 0. 0. 0. 1. 1. 0. 0. 0. 1. 0. 1. 0. 1. 1. 0. 1. 0.],8.0,1000,30,0.6,10,1,8,,problem_solving
690,0.02833381152255001,0.0024681869075463474,0.4,0.9280334027504007,[0.         0.         0.         0.         0.         0.         0.         0.         0.01465894 0.         0.         0.         0.         0.         0.         0.         0.         0.0155637  0.01368395 0.         0.         0.         0.01300801 0.         0.01739049 0.         0.01833311 0.89676628 0.         0.01059552 0.        ],[0. 0. 0. 0. 0. 0. 0. 0. 1. 0. 0. 0. 0. 0. 0. 0. 0. 1. 1. 0. 0. 0. 1. 0. 1. 0. 1. 1. 0. 1. 0.],8.0,1000,30,0.6,10,1,8,,problem_solving
700,0.02833381152255001,0.0024681869075463474,0.4,-1.1268907918018398,[0.         0.         0.         0.         0.         0.         0.         0.         0.01465894 0.         0.         0.         0.         0.         0.         0.         0.         0.0155637  0.01368395 0.         0.         0.         0.01300801 0.         0.01739049 0.         0.01833311 0.89676628 0.         0.01059552 0.        ],[0. 0. 0. 0. 0. 0. 0. 0. 1. 0. 0. 0. 0. 0. 0. 0. 0. 1. 1. 0. 0. 0. 1. 0. 1. 0. 1. 1. 0. 1. 0.],8.0,1000,30,0.6,10,1,8,,problem_solving
710,0.02833381152255001,0.0024681869075463474,0.4,-4.428692587662766,[0.         0.         0.         0.         0.         0.         0.         0.         0.01465894 0.         0.         0.         0.         0.         0.         0.         0.         0.0155637  0.01368395 0.         0.         0.         0.01300801 0.         0.01739049 0.         0.01833311 0.89676628 0.         0.01059552 0.        ],[0. 0. 0. 0. 0. 0. 0. 0. 1. 0. 0. 0. 0. 0. 0. 0. 0. 1. 1. 0. 0. 0. 1. 0. 1. 0. 1. 1. 0. 1. 0.],8.0,1000,30,0.6,10,1,8,,problem_solving
720,0.02833381152255001,0.0024681869075463474,0.4,5.308393807502458,[0.         0.         0.         0.         0.         0.         0.         0.         0.01465894 0.         0.         0.         0.         0.         0.         0.         0.         0.0155637  0.01368395 0.         0.         0.         0.01300801 0.         0.01739049 0.         0.01833311 0.89676628 0.         0.01059552 0.        ],[0. 0. 0. 0. 0. 0. 0. 0. 1. 0. 0. 0. 0. 0. 0. 0. 0. 1. 1. 0. 0. 0. 1. 0. 1. 0. 1. 1. 0. 1. 0.],8.0,1000,30,0.6,10,1,8,,problem_solving
730,0.02833381152255001,0.0024681869075463474,0.4,-18.993409576617918,[0.         0.         0.         0.         0.         0.         0.         0.         0.01465894 0.         0.         0.         0.         0.         0.         0.         0.         0.0155637  0.01368395 0.         0.         0.         0.01300801 0.         0.01739049 0.         0.01833311 0.89676628 0.         0.01059552 0.        ],[0. 0. 0. 0. 0. 0. 0. 0. 1. 0. 0. 0. 0. 0. 0. 0. 0. 1. 1. 0. 0. 0. 1. 0. 1. 0. 1. 1. 0. 1. 0.],8.0,1000,30,0.6,10,1,8,,problem_solving
740,0.02833381152255001,0.0024681869075463474,0.4,7.576472605588382,[0.         0.         0.         0.         0.         0.         0.         0.         0.01465894 0.         0.         0.         0.         0.         0.         0.         0.         0.0155637  0.01368395 0.         0.         0.         0.01300801 0.         0.01739049 0.         0.01833311 0.89676628 0.         0.01059552 0.        ],[0. 0. 0. 0. 0. 0. 0. 0. 1. 0. 0. 0. 0. 0. 0. 0. 0. 1. 1. 0. 0. 0. 1. 0. 1. 0. 1. 1. 0. 1. 0.],8.0,1000,30,0.6,10,1,8,,problem_solving
750,0.02833381152255001,0.0024681869075463474,0.4,-20.887594494700853,[0.         0.         0.         0.         0.         0.         0.         0.         0.01465894 0.         0.         0.         0.         0.         0.         0.         0.         0.0155637  0.01368395 0.         0.         0.         0.01300801 0.         0.01739049 0.         0.01833311 0.89676628 0.         0.01059552 0.        ],[0. 0. 0. 0. 0. 0. 0. 0. 1. 0. 0. 0. 0. 0. 0. 0. 0. 1. 1. 0. 0. 0. 1. 0. 1. 0. 1. 1. 0. 1. 0.],8.0,1000,30,0.6,10,1,8,,problem_solving
760,0.02833381152255001,0.0024681869075463474,0.4,1.4367931416071158,[0.         0.         0.         0.         0.         0.         0.         0.         0.01465894 0.         0.         0.         0.         0.         0.         0.         0.         0.0155637  0.01368395 0.         0.         0.         0.01300801 0.         0.01739049 0.         0.01833311 0.89676628 0.         0.01059552 0.        ],[0. 0. 0. 0. 0. 0. 0. 0. 1. 0. 0. 0. 0. 0. 0. 0. 0. 1. 1. 0. 0. 0. 1. 0. 1. 0. 1. 1. 0. 1. 0.],8.0,1000,30,0.6,10,1,8,,problem_solving
770,0.02833381152255001,0.0024681869075463474,0.4,-4.7816661198590875,[0.         0.         0.         0.         0.         0.         0.         0.         0.01465894 0.         0.         0.         0.         0.         0.         0.         0.         0.0155637  0.01368395 0.         0.         0.         0.01300801 0.         0.01739049 0.         0.01833311 0.89676628 0.         0.01059552 0.        ],[0. 0. 0. 0. 0. 0. 0. 0. 1. 0. 0. 0. 0. 0. 0. 0. 0. 1. 1. 0. 0. 0. 1. 0. 1. 0. 1. 1. 0. 1. 0.],8.0,1000,30,0.6,10,1,8,,problem_solving
780,0.02833381152255001,0.0024681869075463474,0.4,-11.763008100723935,[0.         0.         0.         0.         0.         0.         0.         0.         0.01465894 0.         0.         0.         0.         0.         0.         0.         0.         0.0155637  0.01368395 0.         0.         0.         0.01300801 0.         0.01739049 0.         0.01833311 0.89676628 0.         0.01059552 0.        ],[0. 0. 0. 0. 0. 0. 0. 0. 1. 0. 0. 0. 0. 0. 0. 0. 0. 1. 1. 0. 0. 0. 1. 0. 1. 0. 1. 1. 0. 1. 0.],8.0,1000,30,0.6,10,1,8,,problem_solving
790,0.02833381152255001,0.0024681869075463474,0.4,-8.200890641420962,[0.         0.         0.         0.         0.         0.         0.         0.         0.01465894 0.         0.         0.         0.         0.         0.         0.         0.         0.0155637  0.01368395 0.         0.         0.         0.01300801 0.         0.01739049 0.         0.01833311 0.89676628 0.         0.01059552 0.        ],[0. 0. 0. 0. 0. 0. 0. 0. 1. 0. 0. 0. 0. 0. 0. 0. 0. 1. 1. 0. 0. 0. 1. 0. 1. 0. 1. 1. 0. 1. 0.],8.0,1000,30,0.6,10,1,8,,problem_solving
800,0.02833381152255001,0.0024681869075463474,0.4,-15.144134326549022,[0.         0.         0.         0.         0.         0.         0.         0.         0.01465894 0.         0.         0.         0.         0.         0.         0.         0.         0.0155637  0.01368395 0.         0.         0.         0.01300801 0.         0.01739049 0.         0.01833311 0.89676628 0.         0.01059552 0.        ],[0. 0. 0. 0. 0. 0. 0. 0. 1. 0. 0. 0. 0. 0. 0. 0. 0. 1. 1. 0. 0. 0. 1. 0. 1. 0. 1. 1. 0. 1. 0.],8.0,1000,30,0.6,10,1,8,,problem_solving
810,0.02833381152255001,0.0024681869075463474,0.4,-20.419851507984248,[0.         0.         0.         0.         0.         0.         0.         0.         0.01465894 0.         0.         0.         0.         0.         0.         0.         0.         0.0155637  0.01368395 0.         0.         0.         0.01300801 0.         0.01739049 0.         0.01833311 0.89676628 0.         0.01059552 0.        ],[0. 0. 0. 0. 0. 0. 0. 0. 1. 0. 0. 0. 0. 0. 0. 0. 0. 1. 1. 0. 0. 0. 1. 0. 1. 0. 1. 1. 0. 1. 0.],8.0,1000,30,0.6,10,1,8,,problem_solving
820,0.02833381152255001,0.0024681869075463474,0.4,-7.1687803047526,[0.         0.         0.         0.         0.         0.         0.         0.         0.01465894 0.         0.         0.         0.         0.         0.         0.         0.         0.0155637  0.01368395 0.         0.         0.         0.01300801 0.         0.01739049 0.         0.01833311 0.89676628 0.         0.01059552 0.        ],[0. 0. 0. 0. 0. 0. 0. 0. 1. 0. 0. 0. 0. 0. 0. 0. 0. 1. 1. 0. 0. 0. 1. 0. 1. 0. 1. 1. 0. 1. 0.],8.0,1000,30,0.6,10,1,8,,problem_solving
830,0.02833381152255001,0.0024681869075463474,0.4,-16.802298491973712,[0.         0.         0.         0.         0.         0.         0.         0.         0.01465894 0.         0.         0.         0.         0.         0.         0.         0.         0.0155637  0.01368395 0.         0.         0.         0.01300801 0.         0.01739049 0.         0.01833311 0.89676628 0.         0.01059552 0.        ],[0. 0. 0. 0. 0. 0. 0. 0. 1. 0. 0. 0. 0. 0. 0. 0. 0. 1. 1. 0. 0. 0. 1. 0. 1. 0. 1. 1. 0. 1. 0.],8.0,1000,30,0.6,10,1,8,,problem_solving
840,0.02833381152255001,0.0024681869075463474,0.4,13.924475766281518,[0.         0.         0.         0.         0.         0.         0.         0.         0.01465894 0.         0.         0.         0.         0.         0.         0.         0.         0.0155637  0.01368395 0.         0.         0.         0.01300801 0.         0.01739049 0.         0.01833311 0.89676628 0.         0.01059552 0.        ],[0. 0. 0. 0. 0. 0. 0. 0. 1. 0. 0. 0. 0. 0. 0. 0. 0. 1. 1. 0. 0. 0. 1. 0. 1. 0. 1. 1. 0. 1. 0.],8.0,1000,30,0.6,10,1,8,,problem_solving
850,0.02833381152255001,0.0024681869075463474,0.4,17.832583107182177,[0.         0.         0.         0.         0.         0.         0.         0.         0.01465894 0.         0.         0.         0.         0.         0.         0.         0.         0.0155637  0.01368395 0.         0.         0.         0.01300801 0.         0.01739049 0.         0.01833311 0.89676628 0.         0.01059552 0.        ],[0. 0. 0. 0. 0. 0. 0. 0. 1. 0. 0. 0. 0. 0. 0. 0. 0. 1. 1. 0. 0. 0. 1. 0. 1. 0. 1. 1. 0. 1. 0.],8.0,1000,30,0.6,10,1,8,,problem_solving
860,0.02833381152255001,0.0024681869075463474,0.4,-17.757287698492263,[0.         0.         0.         0.         0.         0.         0.         0.         0.01465894 0.         0.         0.         0.         0.         0.         0.         0.         0.0155637  0.01368395 0.         0.         0.         0.01300801 0.         0.01739049 0.         0.01833311 0.89676628 0.         0.01059552 0.        ],[0. 0. 0. 0. 0. 0. 0. 0. 1. 0. 0. 0. 0. 0. 0. 0. 0. 1. 1. 0. 0. 0. 1. 0. 1. 0. 1. 1. 0. 1. 0.],8.0,1000,30,0.6,10,1,8,,problem_solving
870,0.02833381152255001,0.0024681869075463474,0.4,4.666255705733536,[0.         0.         0.         0.         0.         0.         0.         0.         0.01465894 0.         0.         0.         0.         0.         0.         0.         0.         0.0155637  0.01368395 0.         0.         0.         0.01300801 0.         0.01739049 0.         0.01833311 0.89676628 0.         0.01059552 0.        ],[0. 0. 0. 0. 0. 0. 0. 0. 1. 0. 0. 0. 0. 0. 0. 0. 0. 1. 1. 0. 0. 0. 1. 0. 1. 0. 1. 1. 0. 1. 0.],8.0,1000,30,0.6,10,1,8,,problem_solving
880,0.02833381152255001,0.0024681869075463474,0.4,-2.9091678694045084,[0.         0.         0.         0.         0.         0.         0.         0.         0.01465894 0.         0.         0.         0.         0.         0.         0.         0.         0.0155637  0.01368395 0.         0.         0.         0.01300801 0.         0.01739049 0.         0.01833311 0.89676628 0.         0.01059552 0.        ],[0. 0. 0. 0. 0. 0. 0. 0. 1. 0. 0. 0. 0. 0. 0. 0. 0. 1. 1. 0. 0. 0. 1. 0. 1. 0. 1. 1. 0. 1. 0.],8.0,1000,30,0.6,10,1,8,,problem_solving
890,0.02833381152255001,0.0024681869075463474,0.4,-1.6098997808060245,[0.         0.         0.         0.         0.         0.         0.         0.         0.01465894 0.         0.         0.         0.         0.         0.         0.         0.         0.0155637  0.01368395 0.         0.         0.         0.01300801 0.         0.01739049 0.         0.01833311 0.89676628 0.         0.01059552 0.        ],[0. 0. 0. 0. 0. 0. 0. 0. 1. 0. 0. 0. 0. 0. 0. 0. 0. 1. 1. 0. 0. 0. 1. 0. 1. 0. 1. 1. 0. 1. 0.],8.0,1000,30,0.6,10,1,8,,problem_solving
900,0.02833381152255001,0.0024681869075463474,0.4,1.7170138869146536,[0.         0.         0.         0.         0.         0.         0.         0.         0.01465894 0.         0.         0.         0.         0.         0.         0.         0.         0.0155637  0.01368395 0.         0.         0.         0.01300801 0.         0.01739049 0.         0.01833311 0.89676628 0.         0.01059552 0.        ],[0. 0. 0. 0. 0. 0. 0. 0. 1. 0. 0. 0. 0. 0. 0. 0. 0. 1. 1. 0. 0. 0. 1. 0. 1. 0. 1. 1. 0. 1. 0.],8.0,1000,30,0.6,10,1,8,,problem_solving
910,0.02833381152255001,0.0024681869075463474,0.4,-11.875140494236938,[0.         0.         0.         0.         0.         0.         0.         0.         0.01465894 0.         0.         0.         0.         0.         0.         0.         0.         0.0155637  0.01368395 0.         0.         0.         0.01300801 0.         0.01739049 0.         0.01833311 0.89676628 0.         0.01059552 0.        ],[0. 0. 0. 0. 0. 0. 0. 0. 1. 0. 0. 0. 0. 0. 0. 0. 0. 1. 1. 0. 0. 0. 1. 0. 1. 0. 1. 1. 0. 1. 0.],8.0,1000,30,0.6,10,1,8,,problem_solving
920,0.02833381152255001,0.0024681869075463474,0.4,-10.460345876105531,[0.         0.         0.         0.         0.         0.         0.         0.         0.01465894 0.         0.         0.         0.         0.         0.         0.         0.         0.0155637  0.01368395 0.         0.         0.         0.01300801 0.         0.01739049 0.         0.01833311 0.89676628 0.         0.01059552 0.        ],[0. 0. 0. 0. 0. 0. 0. 0. 1. 0. 0. 0. 0. 0. 0. 0. 0. 1. 1. 0. 0. 0. 1. 0. 1. 0. 1. 1. 0. 1. 0.],8.0,1000,30,0.6,10,1,8,,problem_solving
930,0.02833381152255001,0.0024681869075463474,0.4,6.045632429328184,[0.         0.         0.         0.         0.         0.         0.         0.         0.01465894 0.         0.         0.         0.         0.         0.         0.         0.         0.0155637  0.01368395 0.         0.         0.         0.01300801 0.         0.01739049 0.         0.01833311 0.89676628 0.         0.01059552 0.        ],[0. 0. 0. 0. 0. 0. 0. 0. 1. 0. 0. 0. 0. 0. 0. 0. 0. 1. 1. 0. 0. 0. 1. 0. 1. 0. 1. 1. 0. 1. 0.],8.0,1000,30,0.6,10,1,8,,problem_solving
940,0.02833381152255001,0.0024681869075463474,0.4,1.0171333852321567,[0.         0.         0.         0.         0.         0.         0.         0.         0.01465894 0.         0.         0.         0.         0.         0.         0.         0.         0.0155637  0.01368395 0.         0.         0.         0.01300801 0.         0.01739049 0.         0.01833311 0.89676628 0.         0.01059552 0.        ],[0. 0. 0. 0. 0. 0. 0. 0. 1. 0. 0. 0. 0. 0. 0. 0. 0. 1. 1. 0. 0. 0. 1. 0. 1. 0. 1. 1. 0. 1. 0.],8.0,1000,30,0.6,10,1,8,,problem_solving
950,0.02833381152255001,0.0024681869075463474,0.4,2.4233930266521706,[0.         0.         0.         0.         0.         0.         0.         0.         0.01465894 0.         0.         0.         0.         0.         0.         0.         0.         0.0155637  0.01368395 0.         0.         0.         0.01300801 0.         0.01739049 0.         0.01833311 0.89676628 0.         0.01059552 0.        ],[0. 0. 0. 0. 0. 0. 0. 0. 1. 0. 0. 0. 0. 0. 0. 0. 0. 1. 1. 0. 0. 0. 1. 0. 1. 0. 1. 1. 0. 1. 0.],8.0,1000,30,0.6,10,1,8,,problem_solving
960,0.02833381152255001,0.0024681869075463474,0.4,6.084461895138138,[0.         0.         0.         0.         0.         0.         0.         0.         0.01465894 0.         0.         0.         0.         0.         0.         0.         0.         0.0155637  0.01368395 0.         0.         0.         0.01300801 0.         0.01739049 0.         0.01833311 0.89676628 0.         0.01059552 0.        ],[0. 0. 0. 0. 0. 0. 0. 0. 1. 0. 0. 0. 0. 0. 0. 0. 0. 1. 1. 0. 0. 0. 1. 0. 1. 0. 1. 1. 0. 1. 0.],8.0,1000,30,0.6,10,1,8,,problem_solving
970,0.02833381152255001,0.0024681869075463474,0.4,10.505679945036157,[0.         0.         0.         0.         0.         0.         0.         0.         0.01465894 0.         0.         0.         0.         0.         0.         0.         0.         0.0155637  0.01368395 0.         0.         0.         0.01300801 0.         0.01739049 0.         0.01833311 0.89676628 0.         0.01059552 0.        ],[0. 0. 0. 0. 0. 0. 0. 0. 1. 0. 0. 0. 0. 0. 0. 0. 0. 1. 1. 0. 0. 0. 1. 0. 1. 0. 1. 1. 0. 1. 0.],8.0,1000,30,0.6,10,1,8,,problem_solving
980,0.02833381152255001,0.0024681869075463474,0.4,-17.268512109302236,[0.         0.         0.         0.         0.         0.         0.         0.         0.01465894 0.         0.         0.         0.         0.         0.         0.         0.         0.0155637  0.01368395 0.         0.         0.         0.01300801 0.         0.01739049 0.         0.01833311 0.89676628 0.         0.01059552 0.        ],[0. 0. 0. 0. 0. 0. 0. 0. 1. 0. 0. 0. 0. 0. 0. 0. 0. 1. 1. 0. 0. 0. 1. 0. 1. 0. 1. 1. 0. 1. 0.],8.0,1000,30,0.6,10,1,8,,problem_solving
990,0.02833381152255001,0.0024681869075463474,0.4,21.789149459958487,[0.         0.         0.         0.         0.         0.         0.         0.         0.01465894 0.         0.         0.         0.         0.         0.         0.         0.         0.0155637  0.01368395 0.         0.         0.         0.01300801 0.         0.01739049 0.         0.01833311 0.89676628 0.         0.01059552 0.        ],[0. 0. 0. 0. 0. 0. 0. 0. 1. 0. 0. 0. 0. 0. 0. 0. 0. 1. 1. 0. 0. 0. 1. 0. 1. 0. 1. 1. 0. 1. 0.],8.0,1000,30,0.6,10,1,8,,problem_solving
999,0.02833381152255001,0.0024681869075463474,0.4,-1.241522677615435,[0.         0.         0.         0.         0.         0.         0.         0.         0.01465894 0.         0.         0.         0.         0.         0.         0.         0.         0.0155637  0.01368395 0.         0.         0.         0.01300801 0.         0.01739049 0.         0.01833311 0.89676628 0.         0.01059552 0.        ],[0. 0. 0. 0. 0. 0. 0. 0. 1. 0. 0. 0. 0. 0. 0. 0. 0. 1. 1. 0. 0. 0. 1. 0. 1. 0. 1. 1. 0. 1. 0.],8.0,1000,30,0.6,10,1,8,,problem_solving
