iter,cost,risk,return,par,bw,move,X,Z,Q,pop_init,max_iter,pop_size,mem_size,mem_consider,par_min,par_max,bw_min,bw_max,sigma,lambda,port_n,k,seed,tag,local_search
1,0.060330842365448646,0.14315,0.0051907231866585675,0.50004,0.8999471007548476,0.2265586649886459,[0.03708432 0.         0.         0.         0.03778945 0.02471173 0.         0.         0.         0.         0.         0.         0.         0.         0.         0.         0.         0.         0.02550322 0.         0.         0.         0.02217143 0.         0.         0.03103775 0.         0.76949471 0.         0.0258302  0.02637718],[1. 0. 0. 0. 1. 1. 0. 0. 0. 0. 0. 0. 0. 0. 0. 0. 0. 0. 1. 0. 0. 0. 1. 0. 0. 1. 0. 1. 0. 1. 1.],9.0,best,10000,100000,100,0.9,0.5,0.9,0.5,0.9,1,0.7,1,9,,problem_solving,10
100,0.029482506929649845,0.1328,0.004056856365067556,0.504,0.894725436791504,1.620070782364706,[0.         0.         0.         0.         0.01602054 0.         0.01602054 0.01814457 0.         0.         0.         0.         0.0185419  0.         0.02263367 0.         0.         0.         0.         0.         0.         0.         0.03531437 0.01391446 0.         0.01391446 0.         0.84549547 0.         0.         0.        ],[0. 0. 0. 0. 1. 0. 1. 1. 0. 0. 0. 0. 1. 0. 1. 0. 0. 0. 0. 0. 0. 0. 1. 1. 0. 1. 0. 1. 0. 0. 0.],9.0,best,10000,100000,100,0.9,0.5,0.9,0.5,0.9,1,0.7,1,9,,problem_solving,10
200,0.029482506929649845,0.1328,0.004056856365067556,0.508,0.8894817858241639,-1.0219583622336272,[0.         0.         0.         0.         0.01602054 0.         0.01602054 0.01814457 0.         0.         0.         0.         0.0185419  0.         0.02263367 0.         0.         0.         0.         0.         0.         0.         0.03531437 0.01391446 0.         0.01391446 0.         0.84549547 0.         0.         0.        ],[0. 0. 0. 0. 1. 0. 1. 1. 0. 0. 0. 0. 1. 0. 1. 0. 0. 0. 0. 0. 0. 0. 1. 1. 0. 1. 0. 1. 0. 0. 0.],9.0,best,10000,100000,100,0.9,0.5,0.9,0.5,0.9,1,0.7,1,9,,problem_solving,10
300,0.029393478104597616,0.131682,0.004257659410597581,0.512,0.8842688659329022,-0.14682694245311728,[0.         0.         0.         0.         0.         0.         0.         0.         0.         0.02120302 0.02223013 0.01607313 0.         0.         0.         0.02123866 0.         0.         0.01845333 0.         0.02945788 0.         0.         0.         0.         0.01319922 0.         0.83638246 0.         0.         0.02176218],[0. 0. 0. 0. 0. 0. 0. 0. 0. 1. 1. 1. 0. 0. 0. 1. 0. 0. 1. 0. 1. 0. 0. 0. 0. 1. 0. 1. 0. 0. 1.],9.0,best,10000,100000,100,0.9,0.5,0.9,0.5,0.9,1,0.7,1,9,,problem_solving,10
400,0.024914441554199,0.142198,0.0029736132227851566,0.516,0.879086497014382,0.013223614318945134,[0.         0.         0.         0.         0.84351465 0.0163776  0.         0.01510136 0.         0.         0.         0.         0.         0.01510136 0.         0.01757833 0.         0.         0.         0.         0.         0.01406502 0.         0.02165451 0.         0.01564081 0.         0.04096637 0.         0.         0.        ],[0. 0. 0. 0. 1. 1. 0. 1. 0. 0. 0. 0. 0. 1. 0. 1. 0. 0. 0. 0. 0. 1. 0. 1. 0. 1. 0. 1. 0. 0. 0.],9.0,best,10000,100000,100,0.9,0.5,0.9,0.5,0.9,1,0.7,1,9,,problem_solving,10
500,0.02412190460987173,0.134548,0.0035732087499482012,0.52,0.8739345000207845,-0.11045039385259758,[0.         0.         0.         0.         0.83547004 0.         0.         0.         0.         0.         0.01267568 0.         0.         0.01404803 0.01267568 0.         0.02464099 0.         0.         0.         0.         0.         0.         0.01418253 0.01404803 0.02669857 0.         0.04556043 0.         0.         0.        ],[0. 0. 0. 0. 1. 0. 0. 0. 0. 0. 1. 0. 0. 1. 1. 0. 1. 0. 0. 0. 0. 0. 0. 1. 1. 1. 0. 1. 0. 0. 0.],9.0,best,10000,100000,100,0.9,0.5,0.9,0.5,0.9,1,0.7,1,9,,problem_solving,10
600,0.02412190460987173,0.134548,0.0035732087499482012,0.524,0.8688126969536234,0.5375413589990814,[0.         0.         0.         0.         0.83547004 0.         0.         0.         0.         0.         0.01267568 0.         0.         0.01404803 0.01267568 0.         0.02464099 0.         0.         0.         0.         0.         0.         0.01418253 0.01404803 0.02669857 0.         0.04556043 0.         0.         0.        ],[0. 0. 0. 0. 1. 0. 0. 0. 0. 0. 1. 0. 0. 1. 1. 0. 1. 0. 0. 0. 0. 0. 0. 1. 1. 1. 0. 1. 0. 0. 0.],9.0,best,10000,100000,100,0.9,0.5,0.9,0.5,0.9,1,0.7,1,9,,problem_solving,10
700,0.02412190460987173,0.134548,0.0035732087499482012,0.528,0.8637209108575947,0.0763929440707854,[0.         0.         0.         0.         0.83547004 0.         0.         0.         0.         0.         0.01267568 0.         0.         0.01404803 0.01267568 0.         0.02464099 0.         0.         0.         0.         0.         0.         0.01418253 0.01404803 0.02669857 0.         0.04556043 0.         0.         0.        ],[0. 0. 0. 0. 1. 0. 0. 0. 0. 0. 1. 0. 0. 1. 1. 0. 1. 0. 0. 0. 0. 0. 0. 1. 1. 1. 0. 1. 0. 0. 0.],9.0,best,10000,100000,100,0.9,0.5,0.9,0.5,0.9,1,0.7,1,9,,problem_solving,10
800,0.02412190460987173,0.134548,0.0035732087499482012,0.532,0.8586589658144633,1.5497163410719659,[0.         0.         0.         0.         0.83547004 0.         0.         0.         0.         0.         0.01267568 0.         0.         0.01404803 0.01267568 0.         0.02464099 0.         0.         0.         0.         0.         0.         0.01418253 0.01404803 0.02669857 0.         0.04556043 0.         0.         0.        ],[0. 0. 0. 0. 1. 0. 0. 0. 0. 0. 1. 0. 0. 1. 1. 0. 1. 0. 0. 0. 0. 0. 0. 1. 1. 1. 0. 1. 0. 0. 0.],9.0,best,10000,100000,100,0.9,0.5,0.9,0.5,0.9,1,0.7,1,9,,problem_solving,10
900,0.02412190460987173,0.134548,0.0035732087499482012,0.536,0.8536266869369854,-0.09945039797264946,[0.         0.         0.         0.         0.83547004 0.         0.         0.         0.         0.         0.01267568 0.         0.         0.01404803 0.01267568 0.         0.02464099 0.         0.         0.         0.         0.         0.         0.01418253 0.01404803 0.02669857 0.         0.04556043 0.         0.         0.        ],[0. 0. 0. 0. 1. 0. 0. 0. 0. 0. 1. 0. 0. 1. 1. 0. 1. 0. 0. 0. 0. 0. 0. 1. 1. 1. 0. 1. 0. 0. 0.],9.0,best,10000,100000,100,0.9,0.5,0.9,0.5,0.9,1,0.7,1,9,,problem_solving,10
1000,0.02412190460987173,0.134548,0.0035732087499482012,0.54,0.8486239003628652,0.553187512823746,[0.         0.         0.         0.         0.83547004 0.         0.         0.         0.         0.         0.01267568 0.         0.         0.01404803 0.01267568 0.         0.02464099 0.         0.         0.         0.         0.         0.         0.01418253 0.01404803 0.02669857 0.         0.04556043 0.         0.         0.        ],[0. 0. 0. 0. 1. 0. 0. 0. 0. 0. 1. 0. 0. 1. 1. 0. 1. 0. 0. 0. 0. 0. 0. 1. 1. 1. 0. 1. 0. 0. 0.],9.0,best,10000,100000,100,0.9,0.5,0.9,0.5,0.9,1,0.7,1,9,,problem_solving,10
1100,0.02412190460987173,0.134548,0.0035732087499482012,0.544,0.8436504332487491,-0.12339788024046376,[0.         0.         0.         0.         0.83547004 0.         0.         0.         0.         0.         0.01267568 0.         0.         0.01404803 0.01267568 0.         0.02464099 0.         0.         0.         0.         0.         0.         0.01418253 0.01404803 0.02669857 0.         0.04556043 0.         0.         0.        ],[0. 0. 0. 0. 1. 0. 0. 0. 0. 0. 1. 0. 0. 1. 1. 0. 1. 0. 0. 0. 0. 0. 0. 1. 1. 1. 0. 1. 0. 0. 0.],9.0,best,10000,100000,100,0.9,0.5,0.9,0.5,0.9,1,0.7,1,9,,problem_solving,10
1200,0.02412190460987173,0.134548,0.0035732087499482012,0.548,0.838706113764254,-0.4796237855217633,[0.         0.         0.         0.         0.83547004 0.         0.         0.         0.         0.         0.01267568 0.         0.         0.01404803 0.01267568 0.         0.02464099 0.         0.         0.         0.         0.         0.         0.01418253 0.01404803 0.02669857 0.         0.04556043 0.         0.         0.        ],[0. 0. 0. 0. 1. 0. 0. 0. 0. 0. 1. 0. 0. 1. 1. 0. 1. 0. 0. 0. 0. 0. 0. 1. 1. 1. 0. 1. 0. 0. 0.],9.0,best,10000,100000,100,0.9,0.5,0.9,0.5,0.9,1,0.7,1,9,,problem_solving,10
1300,0.02412190460987173,0.134548,0.0035732087499482012,0.552,0.83379077108603,2.5657884366840356,[0.         0.         0.         0.         0.83547004 0.         0.         0.         0.         0.         0.01267568 0.         0.         0.01404803 0.01267568 0.         0.02464099 0.         0.         0.         0.         0.         0.         0.01418253 0.01404803 0.02669857 0.         0.04556043 0.         0.         0.        ],[0. 0. 0. 0. 1. 0. 0. 0. 0. 0. 1. 0. 0. 1. 1. 0. 1. 0. 0. 0. 0. 0. 0. 1. 1. 1. 0. 1. 0. 0. 0.],9.0,best,10000,100000,100,0.9,0.5,0.9,0.5,0.9,1,0.7,1,9,,problem_solving,10
1400,0.02412190460987173,0.134548,0.0035732087499482012,0.556,0.828904235391859,0.8852594451757488,[0.         0.         0.         0.         0.83547004 0.         0.         0.         0.         0.         0.01267568 0.         0.         0.01404803 0.01267568 0.         0.02464099 0.         0.         0.         0.         0.         0.         0.01418253 0.01404803 0.02669857 0.         0.04556043 0.         0.         0.        ],[0. 0. 0. 0. 1. 0. 0. 0. 0. 0. 1. 0. 0. 1. 1. 0. 1. 0. 0. 0. 0. 0. 0. 1. 1. 1. 0. 1. 0. 0. 0.],9.0,best,10000,100000,100,0.9,0.5,0.9,0.5,0.9,1,0.7,1,9,,problem_solving,10
1500,0.02412190460987173,0.134548,0.0035732087499482012,0.56,0.8240463378547873,0.006204502965492425,[0.         0.         0.         0.         0.83547004 0.         0.         0.         0.         0.         0.01267568 0.         0.         0.01404803 0.01267568 0.         0.02464099 0.         0.         0.         0.         0.         0.         0.01418253 0.01404803 0.02669857 0.         0.04556043 0.         0.         0.        ],[0. 0. 0. 0. 1. 0. 0. 0. 0. 0. 1. 0. 0. 1. 1. 0. 1. 0. 0. 0. 0. 0. 0. 1. 1. 1. 0. 1. 0. 0. 0.],9.0,best,10000,100000,100,0.9,0.5,0.9,0.5,0.9,1,0.7,1,9,,problem_solving,10
1600,0.02412190460987173,0.134548,0.0035732087499482012,0.5640000000000001,0.8192169106372932,0.293808338647743,[0.         0.         0.         0.         0.83547004 0.         0.         0.         0.         0.         0.01267568 0.         0.         0.01404803 0.01267568 0.         0.02464099 0.         0.         0.         0.         0.         0.         0.01418253 0.01404803 0.02669857 0.         0.04556043 0.         0.         0.        ],[0. 0. 0. 0. 1. 0. 0. 0. 0. 0. 1. 0. 0. 1. 1. 0. 1. 0. 0. 0. 0. 0. 0. 1. 1. 1. 0. 1. 0. 0. 0.],9.0,best,10000,100000,100,0.9,0.5,0.9,0.5,0.9,1,0.7,1,9,,problem_solving,10
1700,0.02412190460987173,0.134548,0.0035732087499482012,0.5680000000000001,0.8144157868854872,-1.3219251948300639,[0.         0.         0.         0.         0.83547004 0.         0.         0.         0.         0.         0.01267568 0.         0.         0.01404803 0.01267568 0.         0.02464099 0.         0.         0.         0.         0.         0.         0.01418253 0.01404803 0.02669857 0.         0.04556043 0.         0.         0.        ],[0. 0. 0. 0. 1. 0. 0. 0. 0. 0. 1. 0. 0. 1. 1. 0. 1. 0. 0. 0. 0. 0. 0. 1. 1. 1. 0. 1. 0. 0. 0.],9.0,best,10000,100000,100,0.9,0.5,0.9,0.5,0.9,1,0.7,1,9,,problem_solving,10
1800,0.02412190460987173,0.134548,0.0035732087499482012,0.5720000000000001,0.8096428007233489,-0.18958515603358228,[0.         0.         0.         0.         0.83547004 0.         0.         0.         0.         0.         0.01267568 0.         0.         0.01404803 0.01267568 0.         0.02464099 0.         0.         0.         0.         0.         0.         0.01418253 0.01404803 0.02669857 0.         0.04556043 0.         0.         0.        ],[0. 0. 0. 0. 1. 0. 0. 0. 0. 0. 1. 0. 0. 1. 1. 0. 1. 0. 0. 0. 0. 0. 0. 1. 1. 1. 0. 1. 0. 0. 0.],9.0,best,10000,100000,100,0.9,0.5,0.9,0.5,0.9,1,0.7,1,9,,problem_solving,10
1900,0.02412190460987173,0.134548,0.0035732087499482012,0.5760000000000001,0.8048977872469943,-0.5489456896491186,[0.         0.         0.         0.         0.83547004 0.         0.         0.         0.         0.         0.01267568 0.         0.         0.01404803 0.01267568 0.         0.02464099 0.         0.         0.         0.         0.         0.         0.01418253 0.01404803 0.02669857 0.         0.04556043 0.         0.         0.        ],[0. 0. 0. 0. 1. 0. 0. 0. 0. 0. 1. 0. 0. 1. 1. 0. 1. 0. 0. 0. 0. 0. 0. 1. 1. 1. 0. 1. 0. 0. 0.],9.0,best,10000,100000,100,0.9,0.5,0.9,0.5,0.9,1,0.7,1,9,,problem_solving,10
2000,0.02412190460987173,0.134548,0.0035732087499482012,0.58,0.80018058251898,0.9485652636706828,[0.         0.         0.         0.         0.83547004 0.         0.         0.         0.         0.         0.01267568 0.         0.         0.01404803 0.01267568 0.         0.02464099 0.         0.         0.         0.         0.         0.         0.01418253 0.01404803 0.02669857 0.         0.04556043 0.         0.         0.        ],[0. 0. 0. 0. 1. 0. 0. 0. 0. 0. 1. 0. 0. 1. 1. 0. 1. 0. 0. 0. 0. 0. 0. 1. 1. 1. 0. 1. 0. 0. 0.],9.0,best,10000,100000,100,0.9,0.5,0.9,0.5,0.9,1,0.7,1,9,,problem_solving,10
2100,0.02412190460987173,0.134548,0.0035732087499482012,0.584,0.7954910235626383,0.013926590685469918,[0.         0.         0.         0.         0.83547004 0.         0.         0.         0.         0.         0.01267568 0.         0.         0.01404803 0.01267568 0.         0.02464099 0.         0.         0.         0.         0.         0.         0.01418253 0.01404803 0.02669857 0.         0.04556043 0.         0.         0.        ],[0. 0. 0. 0. 1. 0. 0. 0. 0. 0. 1. 0. 0. 1. 1. 0. 1. 0. 0. 0. 0. 0. 0. 1. 1. 1. 0. 1. 0. 0. 0.],9.0,best,10000,100000,100,0.9,0.5,0.9,0.5,0.9,1,0.7,1,9,,problem_solving,10
2200,0.02412190460987173,0.134548,0.0035732087499482012,0.588,0.7908289483564468,2.139400965977095,[0.         0.         0.         0.         0.83547004 0.         0.         0.         0.         0.         0.01267568 0.         0.         0.01404803 0.01267568 0.         0.02464099 0.         0.         0.         0.         0.         0.         0.01418253 0.01404803 0.02669857 0.         0.04556043 0.         0.         0.        ],[0. 0. 0. 0. 1. 0. 0. 0. 0. 0. 1. 0. 0. 1. 1. 0. 1. 0. 0. 0. 0. 0. 0. 1. 1. 1. 0. 1. 0. 0. 0.],9.0,best,10000,100000,100,0.9,0.5,0.9,0.5,0.9,1,0.7,1,9,,problem_solving,10
2300,0.02344225005272105,0.137575,0.004525766161312429,0.592,0.7861941958284306,-0.03184717367391155,[0.01643078 0.         0.01643078 0.         0.85248719 0.         0.         0.         0.01361982 0.         0.02229165 0.         0.         0.         0.         0.         0.02581665 0.01921049 0.         0.         0.         0.         0.         0.         0.         0.01728186 0.         0.01643078 0.         0.         0.        ],[1. 0. 1. 0. 1. 0. 0. 0. 1. 0. 1. 0. 0. 0. 0. 0. 1. 1. 0. 0. 0. 0. 0. 0. 0. 1. 0. 1. 0. 0. 0.],9.0,best,10000,100000,100,0.9,0.5,0.9,0.5,0.9,1,0.7,1,9,,problem_solving,10
2400,0.02344225005272105,0.137575,0.004525766161312429,0.596,0.7815866058505976,0.2584924736217931,[0.01643078 0.         0.01643078 0.         0.85248719 0.         0.         0.         0.01361982 0.         0.02229165 0.         0.         0.         0.         0.         0.02581665 0.01921049 0.         0.         0.         0.         0.         0.         0.         0.01728186 0.         0.01643078 0.         0.         0.        ],[1. 0. 1. 0. 1. 0. 0. 0. 1. 0. 1. 0. 0. 0. 0. 0. 1. 1. 0. 0. 0. 0. 0. 0. 0. 1. 0. 1. 0. 0. 0.],9.0,best,10000,100000,100,0.9,0.5,0.9,0.5,0.9,1,0.7,1,9,,problem_solving,10
2500,0.02344225005272105,0.137575,0.004525766161312429,0.6,0.7770060192334055,1.5865154467536922,[0.01643078 0.         0.01643078 0.         0.85248719 0.         0.         0.         0.01361982 0.         0.02229165 0.         0.         0.         0.         0.         0.02581665 0.01921049 0.         0.         0.         0.         0.         0.         0.         0.01728186 0.         0.01643078 0.         0.         0.        ],[1. 0. 1. 0. 1. 0. 0. 0. 1. 0. 1. 0. 0. 0. 0. 0. 1. 1. 0. 0. 0. 0. 0. 0. 0. 1. 0. 1. 0. 0. 0.],9.0,best,10000,100000,100,0.9,0.5,0.9,0.5,0.9,1,0.7,1,9,,problem_solving,10
2600,0.02344225005272105,0.137575,0.004525766161312429,0.604,0.7724522777202627,1.2050192096014132,[0.01643078 0.         0.01643078 0.         0.85248719 0.         0.         0.         0.01361982 0.         0.02229165 0.         0.         0.         0.         0.         0.02581665 0.01921049 0.         0.         0.         0.         0.         0.         0.         0.01728186 0.         0.01643078 0.         0.         0.        ],[1. 0. 1. 0. 1. 0. 0. 0. 1. 0. 1. 0. 0. 0. 0. 0. 1. 1. 0. 0. 0. 0. 0. 0. 0. 1. 0. 1. 0. 0. 0.],9.0,best,10000,100000,100,0.9,0.5,0.9,0.5,0.9,1,0.7,1,9,,problem_solving,10
2700,0.02344225005272105,0.137575,0.004525766161312429,0.608,0.7679252239820602,-0.6309215368486044,[0.01643078 0.         0.01643078 0.         0.85248719 0.         0.         0.         0.01361982 0.         0.02229165 0.         0.         0.         0.         0.         0.02581665 0.01921049 0.         0.         0.         0.         0.         0.         0.         0.01728186 0.         0.01643078 0.         0.         0.        ],[1. 0. 1. 0. 1. 0. 0. 0. 1. 0. 1. 0. 0. 0. 0. 0. 1. 1. 0. 0. 0. 0. 0. 0. 0. 1. 0. 1. 0. 0. 0.],9.0,best,10000,100000,100,0.9,0.5,0.9,0.5,0.9,1,0.7,1,9,,problem_solving,10
2800,0.02344225005272105,0.137575,0.004525766161312429,0.612,0.7634247016117359,1.231523154489716,[0.01643078 0.         0.01643078 0.         0.85248719 0.         0.         0.         0.01361982 0.         0.02229165 0.         0.         0.         0.         0.         0.02581665 0.01921049 0.         0.         0.         0.         0.         0.         0.         0.01728186 0.         0.01643078 0.         0.         0.        ],[1. 0. 1. 0. 1. 0. 0. 0. 1. 0. 1. 0. 0. 0. 0. 0. 1. 1. 0. 0. 0. 0. 0. 0. 0. 1. 0. 1. 0. 0. 0.],9.0,best,10000,100000,100,0.9,0.5,0.9,0.5,0.9,1,0.7,1,9,,problem_solving,10
2900,0.02344225005272105,0.137575,0.004525766161312429,0.616,0.758950555118871,0.12444370794874667,[0.01643078 0.         0.01643078 0.         0.85248719 0.         0.         0.         0.01361982 0.         0.02229165 0.         0.         0.         0.         0.         0.02581665 0.01921049 0.         0.         0.         0.         0.         0.         0.         0.01728186 0.         0.01643078 0.         0.         0.        ],[1. 0. 1. 0. 1. 0. 0. 0. 1. 0. 1. 0. 0. 0. 0. 0. 1. 1. 0. 0. 0. 0. 0. 0. 0. 1. 0. 1. 0. 0. 0.],9.0,best,10000,100000,100,0.9,0.5,0.9,0.5,0.9,1,0.7,1,9,,problem_solving,10
3000,0.02344225005272105,0.137575,0.004525766161312429,0.62,0.754502629924318,1.264710468273765,[0.01643078 0.         0.01643078 0.         0.85248719 0.         0.         0.         0.01361982 0.         0.02229165 0.         0.         0.         0.         0.         0.02581665 0.01921049 0.         0.         0.         0.         0.         0.         0.         0.01728186 0.         0.01643078 0.         0.         0.        ],[1. 0. 1. 0. 1. 0. 0. 0. 1. 0. 1. 0. 0. 0. 0. 0. 1. 1. 0. 0. 0. 0. 0. 0. 0. 1. 0. 1. 0. 0. 0.],9.0,best,10000,100000,100,0.9,0.5,0.9,0.5,0.9,1,0.7,1,9,,problem_solving,10
3100,0.02344225005272105,0.137575,0.004525766161312429,0.624,0.7500807723548599,0.5763518502531135,[0.01643078 0.         0.01643078 0.         0.85248719 0.         0.         0.         0.01361982 0.         0.02229165 0.         0.         0.         0.         0.         0.02581665 0.01921049 0.         0.         0.         0.         0.         0.         0.         0.01728186 0.         0.01643078 0.         0.         0.        ],[1. 0. 1. 0. 1. 0. 0. 0. 1. 0. 1. 0. 0. 0. 0. 0. 1. 1. 0. 0. 0. 0. 0. 0. 0. 1. 0. 1. 0. 0. 0.],9.0,best,10000,100000,100,0.9,0.5,0.9,0.5,0.9,1,0.7,1,9,,problem_solving,10
3200,0.02344225005272105,0.137575,0.004525766161312429,0.628,0.7456848296379007,0.9008105329583619,[0.01643078 0.         0.01643078 0.         0.85248719 0.         0.         0.         0.01361982 0.         0.02229165 0.         0.         0.         0.         0.         0.02581665 0.01921049 0.         0.         0.         0.         0.         0.         0.         0.01728186 0.         0.01643078 0.         0.         0.        ],[1. 0. 1. 0. 1. 0. 0. 0. 1. 0. 1. 0. 0. 0. 0. 0. 1. 1. 0. 0. 0. 0. 0. 0. 0. 1. 0. 1. 0. 0. 0.],9.0,best,10000,100000,100,0.9,0.5,0.9,0.5,0.9,1,0.7,1,9,,problem_solving,10
3300,0.02344225005272105,0.137575,0.004525766161312429,0.632,0.7413146498961878,1.9328397336744612,[0.01643078 0.         0.01643078 0.         0.85248719 0.         0.         0.         0.01361982 0.         0.02229165 0.         0.         0.         0.         0.         0.02581665 0.01921049 0.         0.         0.         0.         0.         0.         0.         0.01728186 0.         0.01643078 0.         0.         0.        ],[1. 0. 1. 0. 1. 0. 0. 0. 1. 0. 1. 0. 0. 0. 0. 0. 1. 1. 0. 0. 0. 0. 0. 0. 0. 1. 0. 1. 0. 0. 0.],9.0,best,10000,100000,100,0.9,0.5,0.9,0.5,0.9,1,0.7,1,9,,problem_solving,10
3400,0.02344225005272105,0.137575,0.004525766161312429,0.636,0.7369700821425638,0.3411766250386301,[0.01643078 0.         0.01643078 0.         0.85248719 0.         0.         0.         0.01361982 0.         0.02229165 0.         0.         0.         0.         0.         0.02581665 0.01921049 0.         0.         0.         0.         0.         0.         0.         0.01728186 0.         0.01643078 0.         0.         0.        ],[1. 0. 1. 0. 1. 0. 0. 0. 1. 0. 1. 0. 0. 0. 0. 0. 1. 1. 0. 0. 0. 0. 0. 0. 0. 1. 0. 1. 0. 0. 0.],9.0,best,10000,100000,100,0.9,0.5,0.9,0.5,0.9,1,0.7,1,9,,problem_solving,10
3500,0.02344225005272105,0.137575,0.004525766161312429,0.64,0.7326509762747511,-1.206834583362453,[0.01643078 0.         0.01643078 0.         0.85248719 0.         0.         0.         0.01361982 0.         0.02229165 0.         0.         0.         0.         0.         0.02581665 0.01921049 0.         0.         0.         0.         0.         0.         0.         0.01728186 0.         0.01643078 0.         0.         0.        ],[1. 0. 1. 0. 1. 0. 0. 0. 1. 0. 1. 0. 0. 0. 0. 0. 1. 1. 0. 0. 0. 0. 0. 0. 0. 1. 0. 1. 0. 0. 0.],9.0,best,10000,100000,100,0.9,0.5,0.9,0.5,0.9,1,0.7,1,9,,problem_solving,10
3600,0.02344225005272105,0.137575,0.004525766161312429,0.644,0.7283571830701648,0.43139882971771903,[0.01643078 0.         0.01643078 0.         0.85248719 0.         0.         0.         0.01361982 0.         0.02229165 0.         0.         0.         0.         0.         0.02581665 0.01921049 0.         0.         0.         0.         0.         0.         0.         0.01728186 0.         0.01643078 0.         0.         0.        ],[1. 0. 1. 0. 1. 0. 0. 0. 1. 0. 1. 0. 0. 0. 0. 0. 1. 1. 0. 0. 0. 0. 0. 0. 0. 1. 0. 1. 0. 0. 0.],9.0,best,10000,100000,100,0.9,0.5,0.9,0.5,0.9,1,0.7,1,9,,problem_solving,10
3700,0.02344225005272105,0.137575,0.004525766161312429,0.648,0.7240885541807586,1.1718676514355386,[0.01643078 0.         0.01643078 0.         0.85248719 0.         0.         0.         0.01361982 0.         0.02229165 0.         0.         0.         0.         0.         0.02581665 0.01921049 0.         0.         0.         0.         0.         0.         0.         0.01728186 0.         0.01643078 0.         0.         0.        ],[1. 0. 1. 0. 1. 0. 0. 0. 1. 0. 1. 0. 0. 0. 0. 0. 1. 1. 0. 0. 0. 0. 0. 0. 0. 1. 0. 1. 0. 0. 0.],9.0,best,10000,100000,100,0.9,0.5,0.9,0.5,0.9,1,0.7,1,9,,problem_solving,10
3800,0.02344225005272105,0.137575,0.004525766161312429,0.652,0.7198449421278975,-0.23635418198669228,[0.01643078 0.         0.01643078 0.         0.85248719 0.         0.         0.         0.01361982 0.         0.02229165 0.         0.         0.         0.         0.         0.02581665 0.01921049 0.         0.         0.         0.         0.         0.         0.         0.01728186 0.         0.01643078 0.         0.         0.        ],[1. 0. 1. 0. 1. 0. 0. 0. 1. 0. 1. 0. 0. 0. 0. 0. 1. 1. 0. 0. 0. 0. 0. 0. 0. 1. 0. 1. 0. 0. 0.],9.0,best,10000,100000,100,0.9,0.5,0.9,0.5,0.9,1,0.7,1,9,,problem_solving,10
3900,0.02344225005272105,0.137575,0.004525766161312429,0.656,0.7156262002972644,-0.26874066558234616,[0.01643078 0.         0.01643078 0.         0.85248719 0.         0.         0.         0.01361982 0.         0.02229165 0.         0.         0.         0.         0.         0.02581665 0.01921049 0.         0.         0.         0.         0.         0.         0.         0.01728186 0.         0.01643078 0.         0.         0.        ],[1. 0. 1. 0. 1. 0. 0. 0. 1. 0. 1. 0. 0. 0. 0. 0. 1. 1. 0. 0. 0. 0. 0. 0. 0. 1. 0. 1. 0. 0. 0.],9.0,best,10000,100000,100,0.9,0.5,0.9,0.5,0.9,1,0.7,1,9,,problem_solving,10
4000,0.02344225005272105,0.137575,0.004525766161312429,0.66,0.7114321829337936,0.6969658015988441,[0.01643078 0.         0.01643078 0.         0.85248719 0.         0.         0.         0.01361982 0.         0.02229165 0.         0.         0.         0.         0.         0.02581665 0.01921049 0.         0.         0.         0.         0.         0.         0.         0.01728186 0.         0.01643078 0.         0.         0.        ],[1. 0. 1. 0. 1. 0. 0. 0. 1. 0. 1. 0. 0. 0. 0. 0. 1. 1. 0. 0. 0. 0. 0. 0. 0. 1. 0. 1. 0. 0. 0.],9.0,best,10000,100000,100,0.9,0.5,0.9,0.5,0.9,1,0.7,1,9,,problem_solving,10
4100,0.02344225005272105,0.137575,0.004525766161312429,0.664,0.707262745136635,-0.39436213255562586,[0.01643078 0.         0.01643078 0.         0.85248719 0.         0.         0.         0.01361982 0.         0.02229165 0.         0.         0.         0.         0.         0.02581665 0.01921049 0.         0.         0.         0.         0.         0.         0.         0.01728186 0.         0.01643078 0.         0.         0.        ],[1. 0. 1. 0. 1. 0. 0. 0. 1. 0. 1. 0. 0. 0. 0. 0. 1. 1. 0. 0. 0. 0. 0. 0. 0. 1. 0. 1. 0. 0. 0.],9.0,best,10000,100000,100,0.9,0.5,0.9,0.5,0.9,1,0.7,1,9,,problem_solving,10
4200,0.02344225005272105,0.137575,0.004525766161312429,0.668,0.7031177428541489,-0.16253100076768287,[0.01643078 0.         0.01643078 0.         0.85248719 0.         0.         0.         0.01361982 0.         0.02229165 0.         0.         0.         0.         0.         0.02581665 0.01921049 0.         0.         0.         0.         0.         0.         0.         0.01728186 0.         0.01643078 0.         0.         0.        ],[1. 0. 1. 0. 1. 0. 0. 0. 1. 0. 1. 0. 0. 0. 0. 0. 1. 1. 0. 0. 0. 0. 0. 0. 0. 1. 0. 1. 0. 0. 0.],9.0,best,10000,100000,100,0.9,0.5,0.9,0.5,0.9,1,0.7,1,9,,problem_solving,10
4300,0.02344225005272105,0.137575,0.004525766161312429,0.672,0.6989970328789274,-0.31771445020248207,[0.01643078 0.         0.01643078 0.         0.85248719 0.         0.         0.         0.01361982 0.         0.02229165 0.         0.         0.         0.         0.         0.02581665 0.01921049 0.         0.         0.         0.         0.         0.         0.         0.01728186 0.         0.01643078 0.         0.         0.        ],[1. 0. 1. 0. 1. 0. 0. 0. 1. 0. 1. 0. 0. 0. 0. 0. 1. 1. 0. 0. 0. 0. 0. 0. 0. 1. 0. 1. 0. 0. 0.],9.0,best,10000,100000,100,0.9,0.5,0.9,0.5,0.9,1,0.7,1,9,,problem_solving,10
4400,0.02344225005272105,0.137575,0.004525766161312429,0.676,0.6949004728428485,-0.4467653726635826,[0.01643078 0.         0.01643078 0.         0.85248719 0.         0.         0.         0.01361982 0.         0.02229165 0.         0.         0.         0.         0.         0.02581665 0.01921049 0.         0.         0.         0.         0.         0.         0.         0.01728186 0.         0.01643078 0.         0.         0.        ],[1. 0. 1. 0. 1. 0. 0. 0. 1. 0. 1. 0. 0. 0. 0. 0. 1. 1. 0. 0. 0. 0. 0. 0. 0. 1. 0. 1. 0. 0. 0.],9.0,best,10000,100000,100,0.9,0.5,0.9,0.5,0.9,1,0.7,1,9,,problem_solving,10
4500,0.02344225005272105,0.137575,0.004525766161312429,0.68,0.6908279212121557,-1.0460523321036361,[0.01643078 0.         0.01643078 0.         0.85248719 0.         0.         0.         0.01361982 0.         0.02229165 0.         0.         0.         0.         0.         0.02581665 0.01921049 0.         0.         0.         0.         0.         0.         0.         0.01728186 0.         0.01643078 0.         0.         0.        ],[1. 0. 1. 0. 1. 0. 0. 0. 1. 0. 1. 0. 0. 0. 0. 0. 1. 1. 0. 0. 0. 0. 0. 0. 0. 1. 0. 1. 0. 0. 0.],9.0,best,10000,100000,100,0.9,0.5,0.9,0.5,0.9,1,0.7,1,9,,problem_solving,10
4600,0.02344225005272105,0.137575,0.004525766161312429,0.684,0.6867792372825697,-1.2755703599567323,[0.01643078 0.         0.01643078 0.         0.85248719 0.         0.         0.         0.01361982 0.         0.02229165 0.         0.         0.         0.         0.         0.02581665 0.01921049 0.         0.         0.         0.         0.         0.         0.         0.01728186 0.         0.01643078 0.         0.         0.        ],[1. 0. 1. 0. 1. 0. 0. 0. 1. 0. 1. 0. 0. 0. 0. 0. 1. 1. 0. 0. 0. 0. 0. 0. 0. 1. 0. 1. 0. 0. 0.],9.0,best,10000,100000,100,0.9,0.5,0.9,0.5,0.9,1,0.7,1,9,,problem_solving,10
4700,0.02344225005272105,0.137575,0.004525766161312429,0.6880000000000001,0.6827542811744257,0.5319394979698945,[0.01643078 0.         0.01643078 0.         0.85248719 0.         0.         0.         0.01361982 0.         0.02229165 0.         0.         0.         0.         0.         0.02581665 0.01921049 0.         0.         0.         0.         0.         0.         0.         0.01728186 0.         0.01643078 0.         0.         0.        ],[1. 0. 1. 0. 1. 0. 0. 0. 1. 0. 1. 0. 0. 0. 0. 0. 1. 1. 0. 0. 0. 0. 0. 0. 0. 1. 0. 1. 0. 0. 0.],9.0,best,10000,100000,100,0.9,0.5,0.9,0.5,0.9,1,0.7,1,9,,problem_solving,10
4800,0.02344225005272105,0.137575,0.004525766161312429,0.692,0.6787529138278414,-0.3906972041033259,[0.01643078 0.         0.01643078 0.         0.85248719 0.         0.         0.         0.01361982 0.         0.02229165 0.         0.         0.         0.         0.         0.02581665 0.01921049 0.         0.         0.         0.         0.         0.         0.         0.01728186 0.         0.01643078 0.         0.         0.        ],[1. 0. 1. 0. 1. 0. 0. 0. 1. 0. 1. 0. 0. 0. 0. 0. 1. 1. 0. 0. 0. 0. 0. 0. 0. 1. 0. 1. 0. 0. 0.],9.0,best,10000,100000,100,0.9,0.5,0.9,0.5,0.9,1,0.7,1,9,,problem_solving,10
4900,0.02344225005272105,0.137575,0.004525766161312429,0.696,0.6747749969979128,-0.4233415163095083,[0.01643078 0.         0.01643078 0.         0.85248719 0.         0.         0.         0.01361982 0.         0.02229165 0.         0.         0.         0.         0.         0.02581665 0.01921049 0.         0.         0.         0.         0.         0.         0.         0.01728186 0.         0.01643078 0.         0.         0.        ],[1. 0. 1. 0. 1. 0. 0. 0. 1. 0. 1. 0. 0. 0. 0. 0. 1. 1. 0. 0. 0. 0. 0. 0. 0. 1. 0. 1. 0. 0. 0.],9.0,best,10000,100000,100,0.9,0.5,0.9,0.5,0.9,1,0.7,1,9,,problem_solving,10
5000,0.02344225005272105,0.137575,0.004525766161312429,0.7,0.6708203932499369,-1.2403211497118691,[0.01643078 0.         0.01643078 0.         0.85248719 0.         0.         0.         0.01361982 0.         0.02229165 0.         0.         0.         0.         0.         0.02581665 0.01921049 0.         0.         0.         0.         0.         0.         0.         0.01728186 0.         0.01643078 0.         0.         0.        ],[1. 0. 1. 0. 1. 0. 0. 0. 1. 0. 1. 0. 0. 0. 0. 0. 1. 1. 0. 0. 0. 0. 0. 0. 0. 1. 0. 1. 0. 0. 0.],9.0,best,10000,100000,100,0.9,0.5,0.9,0.5,0.9,1,0.7,1,9,,problem_solving,10
5100,0.02344225005272105,0.137575,0.004525766161312429,0.704,0.6668889659546647,-0.6899944181989964,[0.01643078 0.         0.01643078 0.         0.85248719 0.         0.         0.         0.01361982 0.         0.02229165 0.         0.         0.         0.         0.         0.02581665 0.01921049 0.         0.         0.         0.         0.         0.         0.         0.01728186 0.         0.01643078 0.         0.         0.        ],[1. 0. 1. 0. 1. 0. 0. 0. 1. 0. 1. 0. 0. 0. 0. 0. 1. 1. 0. 0. 0. 0. 0. 0. 0. 1. 0. 1. 0. 0. 0.],9.0,best,10000,100000,100,0.9,0.5,0.9,0.5,0.9,1,0.7,1,9,,problem_solving,10
5200,0.02344225005272105,0.137575,0.004525766161312429,0.708,0.6629805792835798,-1.6606417631491277,[0.01643078 0.         0.01643078 0.         0.85248719 0.         0.         0.         0.01361982 0.         0.02229165 0.         0.         0.         0.         0.         0.02581665 0.01921049 0.         0.         0.         0.         0.         0.         0.         0.01728186 0.         0.01643078 0.         0.         0.        ],[1. 0. 1. 0. 1. 0. 0. 0. 1. 0. 1. 0. 0. 0. 0. 0. 1. 1. 0. 0. 0. 0. 0. 0. 0. 1. 0. 1. 0. 0. 0.],9.0,best,10000,100000,100,0.9,0.5,0.9,0.5,0.9,1,0.7,1,9,,problem_solving,10
5300,0.02344225005272105,0.137575,0.004525766161312429,0.712,0.6590950982042058,0.032086811812877314,[0.01643078 0.         0.01643078 0.         0.85248719 0.         0.         0.         0.01361982 0.         0.02229165 0.         0.         0.         0.         0.         0.02581665 0.01921049 0.         0.         0.         0.         0.         0.         0.         0.01728186 0.         0.01643078 0.         0.         0.        ],[1. 0. 1. 0. 1. 0. 0. 0. 1. 0. 1. 0. 0. 0. 0. 0. 1. 1. 0. 0. 0. 0. 0. 0. 0. 1. 0. 1. 0. 0. 0.],9.0,best,10000,100000,100,0.9,0.5,0.9,0.5,0.9,1,0.7,1,9,,problem_solving,10
5400,0.02344225005272105,0.137575,0.004525766161312429,0.716,0.6552323884754414,0.37378594670217635,[0.01643078 0.         0.01643078 0.         0.85248719 0.         0.         0.         0.01361982 0.         0.02229165 0.         0.         0.         0.         0.         0.02581665 0.01921049 0.         0.         0.         0.         0.         0.         0.         0.01728186 0.         0.01643078 0.         0.         0.        ],[1. 0. 1. 0. 1. 0. 0. 0. 1. 0. 1. 0. 0. 0. 0. 0. 1. 1. 0. 0. 0. 0. 0. 0. 0. 1. 0. 1. 0. 0. 0.],9.0,best,10000,100000,100,0.9,0.5,0.9,0.5,0.9,1,0.7,1,9,,problem_solving,10
5500,0.02344225005272105,0.137575,0.004525766161312429,0.72,0.651392316642922,-0.42057767793834044,[0.01643078 0.         0.01643078 0.         0.85248719 0.         0.         0.         0.01361982 0.         0.02229165 0.         0.         0.         0.         0.         0.02581665 0.01921049 0.         0.         0.         0.         0.         0.         0.         0.01728186 0.         0.01643078 0.         0.         0.        ],[1. 0. 1. 0. 1. 0. 0. 0. 1. 0. 1. 0. 0. 0. 0. 0. 1. 1. 0. 0. 0. 0. 0. 0. 0. 1. 0. 1. 0. 0. 0.],9.0,best,10000,100000,100,0.9,0.5,0.9,0.5,0.9,1,0.7,1,9,,problem_solving,10
5600,0.02344225005272105,0.137575,0.004525766161312429,0.724,0.6475747500344088,-0.19280685813224716,[0.01643078 0.         0.01643078 0.         0.85248719 0.         0.         0.         0.01361982 0.         0.02229165 0.         0.         0.         0.         0.         0.02581665 0.01921049 0.         0.         0.         0.         0.         0.         0.         0.01728186 0.         0.01643078 0.         0.         0.        ],[1. 0. 1. 0. 1. 0. 0. 0. 1. 0. 1. 0. 0. 0. 0. 0. 1. 1. 0. 0. 0. 0. 0. 0. 0. 1. 0. 1. 0. 0. 0.],9.0,best,10000,100000,100,0.9,0.5,0.9,0.5,0.9,1,0.7,1,9,,problem_solving,10
5700,0.02344225005272105,0.137575,0.004525766161312429,0.728,0.643779556755206,-0.21489420038302542,[0.01643078 0.         0.01643078 0.         0.85248719 0.         0.         0.         0.01361982 0.         0.02229165 0.         0.         0.         0.         0.         0.02581665 0.01921049 0.         0.         0.         0.         0.         0.         0.         0.01728186 0.         0.01643078 0.         0.         0.        ],[1. 0. 1. 0. 1. 0. 0. 0. 1. 0. 1. 0. 0. 0. 0. 0. 1. 1. 0. 0. 0. 0. 0. 0. 0. 1. 0. 1. 0. 0. 0.],9.0,best,10000,100000,100,0.9,0.5,0.9,0.5,0.9,1,0.7,1,9,,problem_solving,10
5800,0.02344225005272105,0.137575,0.004525766161312429,0.732,0.6400066056836028,1.3094073282809695,[0.01643078 0.         0.01643078 0.         0.85248719 0.         0.         0.         0.01361982 0.         0.02229165 0.         0.         0.         0.         0.         0.02581665 0.01921049 0.         0.         0.         0.         0.         0.         0.         0.01728186 0.         0.01643078 0.         0.         0.        ],[1. 0. 1. 0. 1. 0. 0. 0. 1. 0. 1. 0. 0. 0. 0. 0. 1. 1. 0. 0. 0. 0. 0. 0. 0. 1. 0. 1. 0. 0. 0.],9.0,best,10000,100000,100,0.9,0.5,0.9,0.5,0.9,1,0.7,1,9,,problem_solving,10
5900,0.02344225005272105,0.137575,0.004525766161312429,0.736,0.6362557664663436,-0.4428557496963209,[0.01643078 0.         0.01643078 0.         0.85248719 0.         0.         0.         0.01361982 0.         0.02229165 0.         0.         0.         0.         0.         0.02581665 0.01921049 0.         0.         0.         0.         0.         0.         0.         0.01728186 0.         0.01643078 0.         0.         0.        ],[1. 0. 1. 0. 1. 0. 0. 0. 1. 0. 1. 0. 0. 0. 0. 0. 1. 1. 0. 0. 0. 0. 0. 0. 0. 1. 0. 1. 0. 0. 0.],9.0,best,10000,100000,100,0.9,0.5,0.9,0.5,0.9,1,0.7,1,9,,problem_solving,10
6000,0.02344225005272105,0.137575,0.004525766161312429,0.74,0.6325269095141249,-0.5004422006159859,[0.01643078 0.         0.01643078 0.         0.85248719 0.         0.         0.         0.01361982 0.         0.02229165 0.         0.         0.         0.         0.         0.02581665 0.01921049 0.         0.         0.         0.         0.         0.         0.         0.01728186 0.         0.01643078 0.         0.         0.        ],[1. 0. 1. 0. 1. 0. 0. 0. 1. 0. 1. 0. 0. 0. 0. 0. 1. 1. 0. 0. 0. 0. 0. 0. 0. 1. 0. 1. 0. 0. 0.],9.0,best,10000,100000,100,0.9,0.5,0.9,0.5,0.9,1,0.7,1,9,,problem_solving,10
6100,0.02344225005272105,0.137575,0.004525766161312429,0.744,0.6288199059971172,0.7643819236981835,[0.01643078 0.         0.01643078 0.         0.85248719 0.         0.         0.         0.01361982 0.         0.02229165 0.         0.         0.         0.         0.         0.02581665 0.01921049 0.         0.         0.         0.         0.         0.         0.         0.01728186 0.         0.01643078 0.         0.         0.        ],[1. 0. 1. 0. 1. 0. 0. 0. 1. 0. 1. 0. 0. 0. 0. 0. 1. 1. 0. 0. 0. 0. 0. 0. 0. 1. 0. 1. 0. 0. 0.],9.0,best,10000,100000,100,0.9,0.5,0.9,0.5,0.9,1,0.7,1,9,,problem_solving,10
6200,0.02344225005272105,0.137575,0.004525766161312429,0.748,0.6251346278405147,-0.02267217074272056,[0.01643078 0.         0.01643078 0.         0.85248719 0.         0.         0.         0.01361982 0.         0.02229165 0.         0.         0.         0.         0.         0.02581665 0.01921049 0.         0.         0.         0.         0.         0.         0.         0.01728186 0.         0.01643078 0.         0.         0.        ],[1. 0. 1. 0. 1. 0. 0. 0. 1. 0. 1. 0. 0. 0. 0. 0. 1. 1. 0. 0. 0. 0. 0. 0. 0. 1. 0. 1. 0. 0. 0.],9.0,best,10000,100000,100,0.9,0.5,0.9,0.5,0.9,1,0.7,1,9,,problem_solving,10
6300,0.02344225005272105,0.137575,0.004525766161312429,0.752,0.6214709477201097,0.16008153888362495,[0.01643078 0.         0.01643078 0.         0.85248719 0.         0.         0.         0.01361982 0.         0.02229165 0.         0.         0.         0.         0.         0.02581665 0.01921049 0.         0.         0.         0.         0.         0.         0.         0.01728186 0.         0.01643078 0.         0.         0.        ],[1. 0. 1. 0. 1. 0. 0. 0. 1. 0. 1. 0. 0. 0. 0. 0. 1. 1. 0. 0. 0. 0. 0. 0. 0. 1. 0. 1. 0. 0. 0.],9.0,best,10000,100000,100,0.9,0.5,0.9,0.5,0.9,1,0.7,1,9,,problem_solving,10
6400,0.02344225005272105,0.137575,0.004525766161312429,0.756,0.6178287390578946,0.7717834889629316,[0.01643078 0.         0.01643078 0.         0.85248719 0.         0.         0.         0.01361982 0.         0.02229165 0.         0.         0.         0.         0.         0.02581665 0.01921049 0.         0.         0.         0.         0.         0.         0.         0.01728186 0.         0.01643078 0.         0.         0.        ],[1. 0. 1. 0. 1. 0. 0. 0. 1. 0. 1. 0. 0. 0. 0. 0. 1. 1. 0. 0. 0. 0. 0. 0. 0. 1. 0. 1. 0. 0. 0.],9.0,best,10000,100000,100,0.9,0.5,0.9,0.5,0.9,1,0.7,1,9,,problem_solving,10
6500,0.02344225005272105,0.137575,0.004525766161312429,0.76,0.6142078760176876,0.54206166316961,[0.01643078 0.         0.01643078 0.         0.85248719 0.         0.         0.         0.01361982 0.         0.02229165 0.         0.         0.         0.         0.         0.02581665 0.01921049 0.         0.         0.         0.         0.         0.         0.         0.01728186 0.         0.01643078 0.         0.         0.        ],[1. 0. 1. 0. 1. 0. 0. 0. 1. 0. 1. 0. 0. 0. 0. 0. 1. 1. 0. 0. 0. 0. 0. 0. 0. 1. 0. 1. 0. 0. 0.],9.0,best,10000,100000,100,0.9,0.5,0.9,0.5,0.9,1,0.7,1,9,,problem_solving,10
6600,0.02344225005272105,0.137575,0.004525766161312429,0.764,0.6106082335007861,-0.3301185045068644,[0.01643078 0.         0.01643078 0.         0.85248719 0.         0.         0.         0.01361982 0.         0.02229165 0.         0.         0.         0.         0.         0.02581665 0.01921049 0.         0.         0.         0.         0.         0.         0.         0.01728186 0.         0.01643078 0.         0.         0.        ],[1. 0. 1. 0. 1. 0. 0. 0. 1. 0. 1. 0. 0. 0. 0. 0. 1. 1. 0. 0. 0. 0. 0. 0. 0. 1. 0. 1. 0. 0. 0.],9.0,best,10000,100000,100,0.9,0.5,0.9,0.5,0.9,1,0.7,1,9,,problem_solving,10
6700,0.02344225005272105,0.137575,0.004525766161312429,0.768,0.6070296871416437,-0.7186125252576482,[0.01643078 0.         0.01643078 0.         0.85248719 0.         0.         0.         0.01361982 0.         0.02229165 0.         0.         0.         0.         0.         0.02581665 0.01921049 0.         0.         0.         0.         0.         0.         0.         0.01728186 0.         0.01643078 0.         0.         0.        ],[1. 0. 1. 0. 1. 0. 0. 0. 1. 0. 1. 0. 0. 0. 0. 0. 1. 1. 0. 0. 0. 0. 0. 0. 0. 1. 0. 1. 0. 0. 0.],9.0,best,10000,100000,100,0.9,0.5,0.9,0.5,0.9,1,0.7,1,9,,problem_solving,10
6800,0.02344225005272105,0.137575,0.004525766161312429,0.772,0.6034721133035746,-0.674636964558334,[0.01643078 0.         0.01643078 0.         0.85248719 0.         0.         0.         0.01361982 0.         0.02229165 0.         0.         0.         0.         0.         0.02581665 0.01921049 0.         0.         0.         0.         0.         0.         0.         0.01728186 0.         0.01643078 0.         0.         0.        ],[1. 0. 1. 0. 1. 0. 0. 0. 1. 0. 1. 0. 0. 0. 0. 0. 1. 1. 0. 0. 0. 0. 0. 0. 0. 1. 0. 1. 0. 0. 0.],9.0,best,10000,100000,100,0.9,0.5,0.9,0.5,0.9,1,0.7,1,9,,problem_solving,10
6900,0.02344225005272105,0.137575,0.004525766161312429,0.776,0.5999353890744809,0.9243470936182575,[0.01643078 0.         0.01643078 0.         0.85248719 0.         0.         0.         0.01361982 0.         0.02229165 0.         0.         0.         0.         0.         0.02581665 0.01921049 0.         0.         0.         0.         0.         0.         0.         0.01728186 0.         0.01643078 0.         0.         0.        ],[1. 0. 1. 0. 1. 0. 0. 0. 1. 0. 1. 0. 0. 0. 0. 0. 1. 1. 0. 0. 0. 0. 0. 0. 0. 1. 0. 1. 0. 0. 0.],9.0,best,10000,100000,100,0.9,0.5,0.9,0.5,0.9,1,0.7,1,9,,problem_solving,10
7000,0.02344225005272105,0.137575,0.004525766161312429,0.78,0.5964193922626064,1.0778168925597826,[0.01643078 0.         0.01643078 0.         0.85248719 0.         0.         0.         0.01361982 0.         0.02229165 0.         0.         0.         0.         0.         0.02581665 0.01921049 0.         0.         0.         0.         0.         0.         0.         0.01728186 0.         0.01643078 0.         0.         0.        ],[1. 0. 1. 0. 1. 0. 0. 0. 1. 0. 1. 0. 0. 0. 0. 0. 1. 1. 0. 0. 0. 0. 0. 0. 0. 1. 0. 1. 0. 0. 0.],9.0,best,10000,100000,100,0.9,0.5,0.9,0.5,0.9,1,0.7,1,9,,problem_solving,10
7100,0.02344225005272105,0.137575,0.004525766161312429,0.784,0.5929240013923155,0.5318888118420851,[0.01643078 0.         0.01643078 0.         0.85248719 0.         0.         0.         0.01361982 0.         0.02229165 0.         0.         0.         0.         0.         0.02581665 0.01921049 0.         0.         0.         0.         0.         0.         0.         0.01728186 0.         0.01643078 0.         0.         0.        ],[1. 0. 1. 0. 1. 0. 0. 0. 1. 0. 1. 0. 0. 0. 0. 0. 1. 1. 0. 0. 0. 0. 0. 0. 0. 1. 0. 1. 0. 0. 0.],9.0,best,10000,100000,100,0.9,0.5,0.9,0.5,0.9,1,0.7,1,9,,problem_solving,10
7200,0.02344225005272105,0.137575,0.004525766161312429,0.788,0.5894490956998952,-0.1890281371651315,[0.01643078 0.         0.01643078 0.         0.85248719 0.         0.         0.         0.01361982 0.         0.02229165 0.         0.         0.         0.         0.         0.02581665 0.01921049 0.         0.         0.         0.         0.         0.         0.         0.01728186 0.         0.01643078 0.         0.         0.        ],[1. 0. 1. 0. 1. 0. 0. 0. 1. 0. 1. 0. 0. 0. 0. 0. 1. 1. 0. 0. 0. 0. 0. 0. 0. 1. 0. 1. 0. 0. 0.],9.0,best,10000,100000,100,0.9,0.5,0.9,0.5,0.9,1,0.7,1,9,,problem_solving,10
7300,0.02344225005272105,0.137575,0.004525766161312429,0.792,0.5859945551293843,0.754999090866443,[0.01643078 0.         0.01643078 0.         0.85248719 0.         0.         0.         0.01361982 0.         0.02229165 0.         0.         0.         0.         0.         0.02581665 0.01921049 0.         0.         0.         0.         0.         0.         0.         0.01728186 0.         0.01643078 0.         0.         0.        ],[1. 0. 1. 0. 1. 0. 0. 0. 1. 0. 1. 0. 0. 0. 0. 0. 1. 1. 0. 0. 0. 0. 0. 0. 0. 1. 0. 1. 0. 0. 0.],9.0,best,10000,100000,100,0.9,0.5,0.9,0.5,0.9,1,0.7,1,9,,problem_solving,10
7400,0.02344225005272105,0.137575,0.004525766161312429,0.796,0.5825602603284237,0.907176648741111,[0.01643078 0.         0.01643078 0.         0.85248719 0.         0.         0.         0.01361982 0.         0.02229165 0.         0.         0.         0.         0.         0.02581665 0.01921049 0.         0.         0.         0.         0.         0.         0.         0.01728186 0.         0.01643078 0.         0.         0.        ],[1. 0. 1. 0. 1. 0. 0. 0. 1. 0. 1. 0. 0. 0. 0. 0. 1. 1. 0. 0. 0. 0. 0. 0. 0. 1. 0. 1. 0. 0. 0.],9.0,best,10000,100000,100,0.9,0.5,0.9,0.5,0.9,1,0.7,1,9,,problem_solving,10
7500,0.02344225005272105,0.137575,0.004525766161312429,0.8,0.5791460926441345,0.565321408300283,[0.01643078 0.         0.01643078 0.         0.85248719 0.         0.         0.         0.01361982 0.         0.02229165 0.         0.         0.         0.         0.         0.02581665 0.01921049 0.         0.         0.         0.         0.         0.         0.         0.01728186 0.         0.01643078 0.         0.         0.        ],[1. 0. 1. 0. 1. 0. 0. 0. 1. 0. 1. 0. 0. 0. 0. 0. 1. 1. 0. 0. 0. 0. 0. 0. 0. 1. 0. 1. 0. 0. 0.],9.0,best,10000,100000,100,0.9,0.5,0.9,0.5,0.9,1,0.7,1,9,,problem_solving,10
7600,0.02344225005272105,0.137575,0.004525766161312429,0.804,0.5757519341190179,-0.38217135488814014,[0.01643078 0.         0.01643078 0.         0.85248719 0.         0.         0.         0.01361982 0.         0.02229165 0.         0.         0.         0.         0.         0.02581665 0.01921049 0.         0.         0.         0.         0.         0.         0.         0.01728186 0.         0.01643078 0.         0.         0.        ],[1. 0. 1. 0. 1. 0. 0. 0. 1. 0. 1. 0. 0. 0. 0. 0. 1. 1. 0. 0. 0. 0. 0. 0. 0. 1. 0. 1. 0. 0. 0.],9.0,best,10000,100000,100,0.9,0.5,0.9,0.5,0.9,1,0.7,1,9,,problem_solving,10
7700,0.02344225005272105,0.137575,0.004525766161312429,0.808,0.5723776674868795,-0.9610506195582864,[0.01643078 0.         0.01643078 0.         0.85248719 0.         0.         0.         0.01361982 0.         0.02229165 0.         0.         0.         0.         0.         0.02581665 0.01921049 0.         0.         0.         0.         0.         0.         0.         0.01728186 0.         0.01643078 0.         0.         0.        ],[1. 0. 1. 0. 1. 0. 0. 0. 1. 0. 1. 0. 0. 0. 0. 0. 1. 1. 0. 0. 0. 0. 0. 0. 0. 1. 0. 1. 0. 0. 0.],9.0,best,10000,100000,100,0.9,0.5,0.9,0.5,0.9,1,0.7,1,9,,problem_solving,10
7800,0.02344225005272105,0.137575,0.004525766161312429,0.812,0.5690231761687783,0.7623316163362792,[0.01643078 0.         0.01643078 0.         0.85248719 0.         0.         0.         0.01361982 0.         0.02229165 0.         0.         0.         0.         0.         0.02581665 0.01921049 0.         0.         0.         0.         0.         0.         0.         0.01728186 0.         0.01643078 0.         0.         0.        ],[1. 0. 1. 0. 1. 0. 0. 0. 1. 0. 1. 0. 0. 0. 0. 0. 1. 1. 0. 0. 0. 0. 0. 0. 0. 1. 0. 1. 0. 0. 0.],9.0,best,10000,100000,100,0.9,0.5,0.9,0.5,0.9,1,0.7,1,9,,problem_solving,10
7900,0.02344225005272105,0.137575,0.004525766161312429,0.8160000000000001,0.5656883442689989,0.2876784247123371,[0.01643078 0.         0.01643078 0.         0.85248719 0.         0.         0.         0.01361982 0.         0.02229165 0.         0.         0.         0.         0.         0.02581665 0.01921049 0.         0.         0.         0.         0.         0.         0.         0.01728186 0.         0.01643078 0.         0.         0.        ],[1. 0. 1. 0. 1. 0. 0. 0. 1. 0. 1. 0. 0. 0. 0. 0. 1. 1. 0. 0. 0. 0. 0. 0. 0. 1. 0. 1. 0. 0. 0.],9.0,best,10000,100000,100,0.9,0.5,0.9,0.5,0.9,1,0.7,1,9,,problem_solving,10
8000,0.02344225005272105,0.137575,0.004525766161312429,0.8200000000000001,0.5623730565710474,-0.06285849697042234,[0.01643078 0.         0.01643078 0.         0.85248719 0.         0.         0.         0.01361982 0.         0.02229165 0.         0.         0.         0.         0.         0.02581665 0.01921049 0.         0.         0.         0.         0.         0.         0.         0.01728186 0.         0.01643078 0.         0.         0.        ],[1. 0. 1. 0. 1. 0. 0. 0. 1. 0. 1. 0. 0. 0. 0. 0. 1. 1. 0. 0. 0. 0. 0. 0. 0. 1. 0. 1. 0. 0. 0.],9.0,best,10000,100000,100,0.9,0.5,0.9,0.5,0.9,1,0.7,1,9,,problem_solving,10
8100,0.02344225005272105,0.137575,0.004525766161312429,0.8240000000000001,0.5590771985336705,0.8253497848984809,[0.01643078 0.         0.01643078 0.         0.85248719 0.         0.         0.         0.01361982 0.         0.02229165 0.         0.         0.         0.         0.         0.02581665 0.01921049 0.         0.         0.         0.         0.         0.         0.         0.01728186 0.         0.01643078 0.         0.         0.        ],[1. 0. 1. 0. 1. 0. 0. 0. 1. 0. 1. 0. 0. 0. 0. 0. 1. 1. 0. 0. 0. 0. 0. 0. 0. 1. 0. 1. 0. 0. 0.],9.0,best,10000,100000,100,0.9,0.5,0.9,0.5,0.9,1,0.7,1,9,,problem_solving,10
8200,0.02344225005272105,0.137575,0.004525766161312429,0.8280000000000001,0.5558006562868987,-0.3804288683398869,[0.01643078 0.         0.01643078 0.         0.85248719 0.         0.         0.         0.01361982 0.         0.02229165 0.         0.         0.         0.         0.         0.02581665 0.01921049 0.         0.         0.         0.         0.         0.         0.         0.01728186 0.         0.01643078 0.         0.         0.        ],[1. 0. 1. 0. 1. 0. 0. 0. 1. 0. 1. 0. 0. 0. 0. 0. 1. 1. 0. 0. 0. 0. 0. 0. 0. 1. 0. 1. 0. 0. 0.],9.0,best,10000,100000,100,0.9,0.5,0.9,0.5,0.9,1,0.7,1,9,,problem_solving,10
8300,0.02344225005272105,0.137575,0.004525766161312429,0.8320000000000001,0.5525433166281111,-0.16036483427464066,[0.01643078 0.         0.01643078 0.         0.85248719 0.         0.         0.         0.01361982 0.         0.02229165 0.         0.         0.         0.         0.         0.02581665 0.01921049 0.         0.         0.         0.         0.         0.         0.         0.01728186 0.         0.01643078 0.         0.         0.        ],[1. 0. 1. 0. 1. 0. 0. 0. 1. 0. 1. 0. 0. 0. 0. 0. 1. 1. 0. 0. 0. 0. 0. 0. 0. 1. 0. 1. 0. 0. 0.],9.0,best,10000,100000,100,0.9,0.5,0.9,0.5,0.9,1,0.7,1,9,,problem_solving,10
8400,0.02344225005272105,0.137575,0.004525766161312429,0.8360000000000001,0.5493050670181255,0.18467903141489073,[0.01643078 0.         0.01643078 0.         0.85248719 0.         0.         0.         0.01361982 0.         0.02229165 0.         0.         0.         0.         0.         0.02581665 0.01921049 0.         0.         0.         0.         0.         0.         0.         0.01728186 0.         0.01643078 0.         0.         0.        ],[1. 0. 1. 0. 1. 0. 0. 0. 1. 0. 1. 0. 0. 0. 0. 0. 1. 1. 0. 0. 0. 0. 0. 0. 0. 1. 0. 1. 0. 0. 0.],9.0,best,10000,100000,100,0.9,0.5,0.9,0.5,0.9,1,0.7,1,9,,problem_solving,10
8500,0.02344225005272105,0.137575,0.004525766161312429,0.8400000000000001,0.5460857955773097,0.16729480719316406,[0.01643078 0.         0.01643078 0.         0.85248719 0.         0.         0.         0.01361982 0.         0.02229165 0.         0.         0.         0.         0.         0.02581665 0.01921049 0.         0.         0.         0.         0.         0.         0.         0.01728186 0.         0.01643078 0.         0.         0.        ],[1. 0. 1. 0. 1. 0. 0. 0. 1. 0. 1. 0. 0. 0. 0. 0. 1. 1. 0. 0. 0. 0. 0. 0. 0. 1. 0. 1. 0. 0. 0.],9.0,best,10000,100000,100,0.9,0.5,0.9,0.5,0.9,1,0.7,1,9,,problem_solving,10
8600,0.02344225005272105,0.137575,0.004525766161312429,0.8440000000000001,0.542885391081716,-0.3289395973741297,[0.01643078 0.         0.01643078 0.         0.85248719 0.         0.         0.         0.01361982 0.         0.02229165 0.         0.         0.         0.         0.         0.02581665 0.01921049 0.         0.         0.         0.         0.         0.         0.         0.01728186 0.         0.01643078 0.         0.         0.        ],[1. 0. 1. 0. 1. 0. 0. 0. 1. 0. 1. 0. 0. 0. 0. 0. 1. 1. 0. 0. 0. 0. 0. 0. 0. 1. 0. 1. 0. 0. 0.],9.0,best,10000,100000,100,0.9,0.5,0.9,0.5,0.9,1,0.7,1,9,,problem_solving,10
8700,0.02344225005272105,0.137575,0.004525766161312429,0.8480000000000001,0.5397037429592386,-0.7502156848658877,[0.01643078 0.         0.01643078 0.         0.85248719 0.         0.         0.         0.01361982 0.         0.02229165 0.         0.         0.         0.         0.         0.02581665 0.01921049 0.         0.         0.         0.         0.         0.         0.         0.01728186 0.         0.01643078 0.         0.         0.        ],[1. 0. 1. 0. 1. 0. 0. 0. 1. 0. 1. 0. 0. 0. 0. 0. 1. 1. 0. 0. 0. 0. 0. 0. 0. 1. 0. 1. 0. 0. 0.],9.0,best,10000,100000,100,0.9,0.5,0.9,0.5,0.9,1,0.7,1,9,,problem_solving,10
8800,0.02344225005272105,0.137575,0.004525766161312429,0.8520000000000001,0.5365407412857937,0.4534444735785847,[0.01643078 0.         0.01643078 0.         0.85248719 0.         0.         0.         0.01361982 0.         0.02229165 0.         0.         0.         0.         0.         0.02581665 0.01921049 0.         0.         0.         0.         0.         0.         0.         0.01728186 0.         0.01643078 0.         0.         0.        ],[1. 0. 1. 0. 1. 0. 0. 0. 1. 0. 1. 0. 0. 0. 0. 0. 1. 1. 0. 0. 0. 0. 0. 0. 0. 1. 0. 1. 0. 0. 0.],9.0,best,10000,100000,100,0.9,0.5,0.9,0.5,0.9,1,0.7,1,9,,problem_solving,10
8900,0.02344225005272105,0.137575,0.004525766161312429,0.8560000000000001,0.5333962767815211,0.08758781601602829,[0.01643078 0.         0.01643078 0.         0.85248719 0.         0.         0.         0.01361982 0.         0.02229165 0.         0.         0.         0.         0.         0.02581665 0.01921049 0.         0.         0.         0.         0.         0.         0.         0.01728186 0.         0.01643078 0.         0.         0.        ],[1. 0. 1. 0. 1. 0. 0. 0. 1. 0. 1. 0. 0. 0. 0. 0. 1. 1. 0. 0. 0. 0. 0. 0. 0. 1. 0. 1. 0. 0. 0.],9.0,best,10000,100000,100,0.9,0.5,0.9,0.5,0.9,1,0.7,1,9,,problem_solving,10
9000,0.02344225005272105,0.137575,0.004525766161312429,0.8600000000000001,0.5302702408070095,0.9161050896357065,[0.01643078 0.         0.01643078 0.         0.85248719 0.         0.         0.         0.01361982 0.         0.02229165 0.         0.         0.         0.         0.         0.02581665 0.01921049 0.         0.         0.         0.         0.         0.         0.         0.01728186 0.         0.01643078 0.         0.         0.        ],[1. 0. 1. 0. 1. 0. 0. 0. 1. 0. 1. 0. 0. 0. 0. 0. 1. 1. 0. 0. 0. 0. 0. 0. 0. 1. 0. 1. 0. 0. 0.],9.0,best,10000,100000,100,0.9,0.5,0.9,0.5,0.9,1,0.7,1,9,,problem_solving,10
9100,0.02344225005272105,0.137575,0.004525766161312429,0.8640000000000001,0.5271625253595416,0.4212921045897072,[0.01643078 0.         0.01643078 0.         0.85248719 0.         0.         0.         0.01361982 0.         0.02229165 0.         0.         0.         0.         0.         0.02581665 0.01921049 0.         0.         0.         0.         0.         0.         0.         0.01728186 0.         0.01643078 0.         0.         0.        ],[1. 0. 1. 0. 1. 0. 0. 0. 1. 0. 1. 0. 0. 0. 0. 0. 1. 1. 0. 0. 0. 0. 0. 0. 0. 1. 0. 1. 0. 0. 0.],9.0,best,10000,100000,100,0.9,0.5,0.9,0.5,0.9,1,0.7,1,9,,problem_solving,10
9200,0.02344225005272105,0.137575,0.004525766161312429,0.8680000000000001,0.5240730230693647,-0.11900766162271025,[0.01643078 0.         0.01643078 0.         0.85248719 0.         0.         0.         0.01361982 0.         0.02229165 0.         0.         0.         0.         0.         0.02581665 0.01921049 0.         0.         0.         0.         0.         0.         0.         0.01728186 0.         0.01643078 0.         0.         0.        ],[1. 0. 1. 0. 1. 0. 0. 0. 1. 0. 1. 0. 0. 0. 0. 0. 1. 1. 0. 0. 0. 0. 0. 0. 0. 1. 0. 1. 0. 0. 0.],9.0,best,10000,100000,100,0.9,0.5,0.9,0.5,0.9,1,0.7,1,9,,problem_solving,10
9300,0.02344225005272105,0.137575,0.004525766161312429,0.8720000000000001,0.5210016271959791,0.4794641297997606,[0.01643078 0.         0.01643078 0.         0.85248719 0.         0.         0.         0.01361982 0.         0.02229165 0.         0.         0.         0.         0.         0.02581665 0.01921049 0.         0.         0.         0.         0.         0.         0.         0.01728186 0.         0.01643078 0.         0.         0.        ],[1. 0. 1. 0. 1. 0. 0. 0. 1. 0. 1. 0. 0. 0. 0. 0. 1. 1. 0. 0. 0. 0. 0. 0. 0. 1. 0. 1. 0. 0. 0.],9.0,best,10000,100000,100,0.9,0.5,0.9,0.5,0.9,1,0.7,1,9,,problem_solving,10
9400,0.02344225005272105,0.137575,0.004525766161312429,0.8760000000000001,0.5179482316244518,-0.19274129617912036,[0.01643078 0.         0.01643078 0.         0.85248719 0.         0.         0.         0.01361982 0.         0.02229165 0.         0.         0.         0.         0.         0.02581665 0.01921049 0.         0.         0.         0.         0.         0.         0.         0.01728186 0.         0.01643078 0.         0.         0.        ],[1. 0. 1. 0. 1. 0. 0. 0. 1. 0. 1. 0. 0. 0. 0. 0. 1. 1. 0. 0. 0. 0. 0. 0. 0. 1. 0. 1. 0. 0. 0.],9.0,best,10000,100000,100,0.9,0.5,0.9,0.5,0.9,1,0.7,1,9,,problem_solving,10
9500,0.02344225005272105,0.137575,0.004525766161312429,0.88,0.5149127308617497,0.23986209977599524,[0.01643078 0.         0.01643078 0.         0.85248719 0.         0.         0.         0.01361982 0.         0.02229165 0.         0.         0.         0.         0.         0.02581665 0.01921049 0.         0.         0.         0.         0.         0.         0.         0.01728186 0.         0.01643078 0.         0.         0.        ],[1. 0. 1. 0. 1. 0. 0. 0. 1. 0. 1. 0. 0. 0. 0. 0. 1. 1. 0. 0. 0. 0. 0. 0. 0. 1. 0. 1. 0. 0. 0.],9.0,best,10000,100000,100,0.9,0.5,0.9,0.5,0.9,1,0.7,1,9,,problem_solving,10
9600,0.02344225005272105,0.137575,0.004525766161312429,0.884,0.5118950200330946,0.7311514070329653,[0.01643078 0.         0.01643078 0.         0.85248719 0.         0.         0.         0.01361982 0.         0.02229165 0.         0.         0.         0.         0.         0.02581665 0.01921049 0.         0.         0.         0.         0.         0.         0.         0.01728186 0.         0.01643078 0.         0.         0.        ],[1. 0. 1. 0. 1. 0. 0. 0. 1. 0. 1. 0. 0. 0. 0. 0. 1. 1. 0. 0. 0. 0. 0. 0. 0. 1. 0. 1. 0. 0. 0.],9.0,best,10000,100000,100,0.9,0.5,0.9,0.5,0.9,1,0.7,1,9,,problem_solving,10
9700,0.02344225005272105,0.137575,0.004525766161312429,0.888,0.5088949948783402,-0.19739601628096645,[0.01643078 0.         0.01643078 0.         0.85248719 0.         0.         0.         0.01361982 0.         0.02229165 0.         0.         0.         0.         0.         0.02581665 0.01921049 0.         0.         0.         0.         0.         0.         0.         0.01728186 0.         0.01643078 0.         0.         0.        ],[1. 0. 1. 0. 1. 0. 0. 0. 1. 0. 1. 0. 0. 0. 0. 0. 1. 1. 0. 0. 0. 0. 0. 0. 0. 1. 0. 1. 0. 0. 0.],9.0,best,10000,100000,100,0.9,0.5,0.9,0.5,0.9,1,0.7,1,9,,problem_solving,10
9800,0.02344225005272105,0.137575,0.004525766161312429,0.892,0.5059125517483702,-0.13520357286650417,[0.01643078 0.         0.01643078 0.         0.85248719 0.         0.         0.         0.01361982 0.         0.02229165 0.         0.         0.         0.         0.         0.02581665 0.01921049 0.         0.         0.         0.         0.         0.         0.         0.01728186 0.         0.01643078 0.         0.         0.        ],[1. 0. 1. 0. 1. 0. 0. 0. 1. 0. 1. 0. 0. 0. 0. 0. 1. 1. 0. 0. 0. 0. 0. 0. 0. 1. 0. 1. 0. 0. 0.],9.0,best,10000,100000,100,0.9,0.5,0.9,0.5,0.9,1,0.7,1,9,,problem_solving,10
9900,0.02344225005272105,0.137575,0.004525766161312429,0.896,0.5029475876015165,-0.1264966109086798,[0.01643078 0.         0.01643078 0.         0.85248719 0.         0.         0.         0.01361982 0.         0.02229165 0.         0.         0.         0.         0.         0.02581665 0.01921049 0.         0.         0.         0.         0.         0.         0.         0.01728186 0.         0.01643078 0.         0.         0.        ],[1. 0. 1. 0. 1. 0. 0. 0. 1. 0. 1. 0. 0. 0. 0. 0. 1. 1. 0. 0. 0. 0. 0. 0. 0. 1. 0. 1. 0. 0. 0.],9.0,best,10000,100000,100,0.9,0.5,0.9,0.5,0.9,1,0.7,1,9,,problem_solving,10
9999,0.02344225005272105,0.137575,0.004525766161312429,0.8999600000000001,0.500029390196995,-0.068782044635756,[0.01643078 0.         0.01643078 0.         0.85248719 0.         0.         0.         0.01361982 0.         0.02229165 0.         0.         0.         0.         0.         0.02581665 0.01921049 0.         0.         0.         0.         0.         0.         0.         0.01728186 0.         0.01643078 0.         0.         0.        ],[1. 0. 1. 0. 1. 0. 0. 0. 1. 0. 1. 0. 0. 0. 0. 0. 1. 1. 0. 0. 0. 0. 0. 0. 0. 1. 0. 1. 0. 0. 0.],9.0,best,10000,100000,100,0.9,0.5,0.9,0.5,0.9,1,0.7,1,9,,problem_solving,10
