iter,cost,risk,return,par,bw,move,X,Z,Q,pop_init,max_iter,pop_size,mem_size,mem_consider,par_min,par_max,bw_min,bw_max,sigma,lambda,port_n,k,seed,tag
1,0.05661713362688264,0.089802,0.005011903923192479,0.1004,0.69863918733465,0.050315412360989235,[0.         0.02465127 0.         0.         0.         0.         0.         0.         0.         0.         0.         0.         0.         0.02821258 0.02479088 0.         0.         0.         0.         0.         0.         0.         0.         0.         0.         0.         0.         0.89381803 0.         0.         0.02852724],[0. 1. 0. 0. 0. 0. 0. 0. 0. 0. 0. 0. 0. 1. 1. 0. 0. 0. 0. 0. 0. 0. 0. 0. 0. 0. 0. 1. 0. 0. 1.],5.0,best,1000,100,10,0.9,0.1,0.5,0.1,0.7,0.03,0.65,1,5,,problem_solving
10,0.05661713362688264,0.089802,0.005011903923192479,0.10400000000000001,0.6865103033060405,-0.016217734837191015,[0.         0.02465127 0.         0.         0.         0.         0.         0.         0.         0.         0.         0.         0.         0.02821258 0.02479088 0.         0.         0.         0.         0.         0.         0.         0.         0.         0.         0.         0.         0.89381803 0.         0.         0.02852724],[0. 1. 0. 0. 0. 0. 0. 0. 0. 0. 0. 0. 0. 1. 1. 0. 0. 0. 0. 0. 0. 0. 0. 0. 0. 0. 0. 1. 0. 0. 1.],5.0,best,1000,100,10,0.9,0.1,0.5,0.1,0.7,0.03,0.65,1,5,,problem_solving
20,0.049555270898137334,0.131681,0.005570292481698553,0.10800000000000001,0.6732805664933595,0.013525212991848145,[0.         0.02691116 0.         0.         0.         0.         0.         0.         0.         0.         0.02691116 0.         0.         0.         0.         0.         0.         0.02691116 0.         0.         0.         0.02448871 0.         0.         0.         0.         0.         0.8947778  0.         0.         0.        ],[0. 1. 0. 0. 0. 0. 0. 0. 0. 0. 1. 0. 0. 0. 0. 0. 0. 1. 0. 0. 0. 1. 0. 0. 0. 0. 0. 1. 0. 0. 0.],5.0,best,1000,100,10,0.9,0.1,0.5,0.1,0.7,0.03,0.65,1,5,,problem_solving
30,0.049555270898137334,0.131681,0.005570292481698553,0.112,0.6603057798763129,-0.01197549446654672,[0.         0.02691116 0.         0.         0.         0.         0.         0.         0.         0.         0.02691116 0.         0.         0.         0.         0.         0.         0.02691116 0.         0.         0.         0.02448871 0.         0.         0.         0.         0.         0.8947778  0.         0.         0.        ],[0. 1. 0. 0. 0. 0. 0. 0. 0. 0. 1. 0. 0. 0. 0. 0. 0. 1. 0. 0. 0. 1. 0. 0. 0. 0. 0. 1. 0. 0. 0.],5.0,best,1000,100,10,0.9,0.1,0.5,0.1,0.7,0.03,0.65,1,5,,problem_solving
40,0.049555270898137334,0.131681,0.005570292481698553,0.116,0.6475810303108847,0.012904812053308968,[0.         0.02691116 0.         0.         0.         0.         0.         0.         0.         0.         0.02691116 0.         0.         0.         0.         0.         0.         0.02691116 0.         0.         0.         0.02448871 0.         0.         0.         0.         0.         0.8947778  0.         0.         0.        ],[0. 1. 0. 0. 0. 0. 0. 0. 0. 0. 1. 0. 0. 0. 0. 0. 0. 1. 0. 0. 0. 1. 0. 0. 0. 0. 0. 1. 0. 0. 0.],5.0,best,1000,100,10,0.9,0.1,0.5,0.1,0.7,0.03,0.65,1,5,,problem_solving
50,0.049555270898137334,0.131681,0.005570292481698553,0.12000000000000001,0.6351014993342337,-0.005226389306339651,[0.         0.02691116 0.         0.         0.         0.         0.         0.         0.         0.         0.02691116 0.         0.         0.         0.         0.         0.         0.02691116 0.         0.         0.         0.02448871 0.         0.         0.         0.         0.         0.8947778  0.         0.         0.        ],[0. 1. 0. 0. 0. 0. 0. 0. 0. 0. 1. 0. 0. 0. 0. 0. 0. 1. 0. 0. 0. 1. 0. 0. 0. 0. 0. 1. 0. 0. 0.],5.0,best,1000,100,10,0.9,0.1,0.5,0.1,0.7,0.03,0.65,1,5,,problem_solving
60,0.049555270898137334,0.131681,0.005570292481698553,0.124,0.622862461340094,0.022182269978589936,[0.         0.02691116 0.         0.         0.         0.         0.         0.         0.         0.         0.02691116 0.         0.         0.         0.         0.         0.         0.02691116 0.         0.         0.         0.02448871 0.         0.         0.         0.         0.         0.8947778  0.         0.         0.        ],[0. 1. 0. 0. 0. 0. 0. 0. 0. 0. 1. 0. 0. 0. 0. 0. 0. 1. 0. 0. 0. 1. 0. 0. 0. 0. 0. 1. 0. 0. 0.],5.0,best,1000,100,10,0.9,0.1,0.5,0.1,0.7,0.03,0.65,1,5,,problem_solving
70,0.049555270898137334,0.131681,0.005570292481698553,0.128,0.6108592817893356,-0.0026042977420545313,[0.         0.02691116 0.         0.         0.         0.         0.         0.         0.         0.         0.02691116 0.         0.         0.         0.         0.         0.         0.02691116 0.         0.         0.         0.02448871 0.         0.         0.         0.         0.         0.8947778  0.         0.         0.        ],[0. 1. 0. 0. 0. 0. 0. 0. 0. 0. 1. 0. 0. 0. 0. 0. 0. 1. 0. 0. 0. 1. 0. 0. 0. 0. 0. 1. 0. 0. 0.],5.0,best,1000,100,10,0.9,0.1,0.5,0.1,0.7,0.03,0.65,1,5,,problem_solving
80,0.049555270898137334,0.131681,0.005570292481698553,0.132,0.5990874154550098,-0.007804199623959187,[0.         0.02691116 0.         0.         0.         0.         0.         0.         0.         0.         0.02691116 0.         0.         0.         0.         0.         0.         0.02691116 0.         0.         0.         0.02448871 0.         0.         0.         0.         0.         0.8947778  0.         0.         0.        ],[0. 1. 0. 0. 0. 0. 0. 0. 0. 0. 1. 0. 0. 0. 0. 0. 0. 1. 0. 0. 0. 1. 0. 0. 0. 0. 0. 1. 0. 0. 0.],5.0,best,1000,100,10,0.9,0.1,0.5,0.1,0.7,0.03,0.65,1,5,,problem_solving
90,0.049555270898137334,0.131681,0.005570292481698553,0.136,0.5875424047012152,-0.007054127210883564,[0.         0.02691116 0.         0.         0.         0.         0.         0.         0.         0.         0.02691116 0.         0.         0.         0.         0.         0.         0.02691116 0.         0.         0.         0.02448871 0.         0.         0.         0.         0.         0.8947778  0.         0.         0.        ],[0. 1. 0. 0. 0. 0. 0. 0. 0. 0. 1. 0. 0. 0. 0. 0. 0. 1. 0. 0. 0. 1. 0. 0. 0. 0. 0. 1. 0. 0. 0.],5.0,best,1000,100,10,0.9,0.1,0.5,0.1,0.7,0.03,0.65,1,5,,problem_solving
100,0.0392100957336143,0.146376,0.002835230967328814,0.14,0.576219877795131,-0.0037384663691944304,[0.         0.03682837 0.         0.         0.         0.         0.         0.         0.         0.         0.         0.         0.03424387 0.02130957 0.         0.         0.         0.         0.         0.         0.         0.         0.         0.         0.         0.         0.         0.86734677 0.         0.04027142 0.        ],[0. 1. 0. 0. 0. 0. 0. 0. 0. 0. 0. 0. 1. 1. 0. 0. 0. 0. 0. 0. 0. 0. 0. 0. 0. 0. 0. 1. 0. 1. 0.],5.0,best,1000,100,10,0.9,0.1,0.5,0.1,0.7,0.03,0.65,1,5,,problem_solving
110,0.0392100957336143,0.146376,0.002835230967328814,0.14400000000000002,0.5651155472515784,-0.0037990559764407615,[0.         0.03682837 0.         0.         0.         0.         0.         0.         0.         0.         0.         0.         0.03424387 0.02130957 0.         0.         0.         0.         0.         0.         0.         0.         0.         0.         0.         0.         0.         0.86734677 0.         0.04027142 0.        ],[0. 1. 0. 0. 0. 0. 0. 0. 0. 0. 0. 0. 1. 1. 0. 0. 0. 0. 0. 0. 0. 0. 0. 0. 0. 0. 0. 1. 0. 1. 0.],5.0,best,1000,100,10,0.9,0.1,0.5,0.1,0.7,0.03,0.65,1,5,,problem_solving
120,0.0392100957336143,0.146376,0.002835230967328814,0.14800000000000002,0.554225208209486,0.0038218955899149503,[0.         0.03682837 0.         0.         0.         0.         0.         0.         0.         0.         0.         0.         0.03424387 0.02130957 0.         0.         0.         0.         0.         0.         0.         0.         0.         0.         0.         0.         0.         0.86734677 0.         0.04027142 0.        ],[0. 1. 0. 0. 0. 0. 0. 0. 0. 0. 0. 0. 1. 1. 0. 0. 0. 0. 0. 0. 0. 0. 0. 0. 0. 0. 0. 1. 0. 1. 0.],5.0,best,1000,100,10,0.9,0.1,0.5,0.1,0.7,0.03,0.65,1,5,,problem_solving
130,0.0392100957336143,0.146376,0.002835230967328814,0.15200000000000002,0.5435447368396396,0.009342034038465428,[0.         0.03682837 0.         0.         0.         0.         0.         0.         0.         0.         0.         0.         0.03424387 0.02130957 0.         0.         0.         0.         0.         0.         0.         0.         0.         0.         0.         0.         0.         0.86734677 0.         0.04027142 0.        ],[0. 1. 0. 0. 0. 0. 0. 0. 0. 0. 0. 0. 1. 1. 0. 0. 0. 0. 0. 0. 0. 0. 0. 0. 0. 0. 0. 1. 0. 1. 0.],5.0,best,1000,100,10,0.9,0.1,0.5,0.1,0.7,0.03,0.65,1,5,,problem_solving
140,0.0392100957336143,0.146376,0.002835230967328814,0.156,0.5330700887831185,0.017618458384555856,[0.         0.03682837 0.         0.         0.         0.         0.         0.         0.         0.         0.         0.         0.03424387 0.02130957 0.         0.         0.         0.         0.         0.         0.         0.         0.         0.         0.         0.         0.         0.86734677 0.         0.04027142 0.        ],[0. 1. 0. 0. 0. 0. 0. 0. 0. 0. 0. 0. 1. 1. 0. 0. 0. 0. 0. 0. 0. 0. 0. 0. 0. 0. 0. 1. 0. 1. 0.],5.0,best,1000,100,10,0.9,0.1,0.5,0.1,0.7,0.03,0.65,1,5,,problem_solving
150,0.0392100957336143,0.146376,0.002835230967328814,0.16,0.5227972976198237,0.007490020917847524,[0.         0.03682837 0.         0.         0.         0.         0.         0.         0.         0.         0.         0.         0.03424387 0.02130957 0.         0.         0.         0.         0.         0.         0.         0.         0.         0.         0.         0.         0.         0.86734677 0.         0.04027142 0.        ],[0. 1. 0. 0. 0. 0. 0. 0. 0. 0. 0. 0. 1. 1. 0. 0. 0. 0. 0. 0. 0. 0. 0. 0. 0. 0. 0. 1. 0. 1. 0.],5.0,best,1000,100,10,0.9,0.1,0.5,0.1,0.7,0.03,0.65,1,5,,problem_solving
160,0.03678783855559023,0.11466,0.005025723269206052,0.164,0.5127224733665192,0.011043082471852041,[0.         0.         0.         0.         0.         0.         0.         0.         0.01994843 0.         0.         0.         0.04568991 0.         0.         0.         0.         0.02215184 0.         0.         0.         0.         0.         0.         0.         0.         0.         0.86884228 0.         0.04336754 0.        ],[0. 0. 0. 0. 0. 0. 0. 0. 1. 0. 0. 0. 1. 0. 0. 0. 0. 1. 0. 0. 0. 0. 0. 0. 0. 0. 0. 1. 0. 1. 0.],5.0,best,1000,100,10,0.9,0.1,0.5,0.1,0.7,0.03,0.65,1,5,,problem_solving
170,0.03678783855559023,0.11466,0.005025723269206052,0.168,0.5028418010038177,0.011779505912733666,[0.         0.         0.         0.         0.         0.         0.         0.         0.01994843 0.         0.         0.         0.04568991 0.         0.         0.         0.         0.02215184 0.         0.         0.         0.         0.         0.         0.         0.         0.         0.86884228 0.         0.04336754 0.        ],[0. 0. 0. 0. 0. 0. 0. 0. 1. 0. 0. 0. 1. 0. 0. 0. 0. 1. 0. 0. 0. 0. 0. 0. 0. 0. 0. 1. 0. 1. 0.],5.0,best,1000,100,10,0.9,0.1,0.5,0.1,0.7,0.03,0.65,1,5,,problem_solving
180,0.03678783855559023,0.11466,0.005025723269206052,0.17200000000000001,0.4931515390315523,-0.011640062117013487,[0.         0.         0.         0.         0.         0.         0.         0.         0.01994843 0.         0.         0.         0.04568991 0.         0.         0.         0.         0.02215184 0.         0.         0.         0.         0.         0.         0.         0.         0.         0.86884228 0.         0.04336754 0.        ],[0. 0. 0. 0. 0. 0. 0. 0. 1. 0. 0. 0. 1. 0. 0. 0. 0. 1. 0. 0. 0. 0. 0. 0. 0. 0. 0. 1. 0. 1. 0.],5.0,best,1000,100,10,0.9,0.1,0.5,0.1,0.7,0.03,0.65,1,5,,problem_solving
190,0.03678783855559023,0.11466,0.005025723269206052,0.176,0.48364801805198804,-0.003469949870055993,[0.         0.         0.         0.         0.         0.         0.         0.         0.01994843 0.         0.         0.         0.04568991 0.         0.         0.         0.         0.02215184 0.         0.         0.         0.         0.         0.         0.         0.         0.         0.86884228 0.         0.04336754 0.        ],[0. 0. 0. 0. 0. 0. 0. 0. 1. 0. 0. 0. 1. 0. 0. 0. 0. 1. 0. 0. 0. 0. 0. 0. 0. 0. 0. 1. 0. 1. 0.],5.0,best,1000,100,10,0.9,0.1,0.5,0.1,0.7,0.03,0.65,1,5,,problem_solving
200,0.03678783855559023,0.11466,0.005025723269206052,0.18,0.4743276393803366,-0.009513503305647328,[0.         0.         0.         0.         0.         0.         0.         0.         0.01994843 0.         0.         0.         0.04568991 0.         0.         0.         0.         0.02215184 0.         0.         0.         0.         0.         0.         0.         0.         0.         0.86884228 0.         0.04336754 0.        ],[0. 0. 0. 0. 0. 0. 0. 0. 1. 0. 0. 0. 1. 0. 0. 0. 0. 1. 0. 0. 0. 0. 0. 0. 0. 0. 0. 1. 0. 1. 0.],5.0,best,1000,100,10,0.9,0.1,0.5,0.1,0.7,0.03,0.65,1,5,,problem_solving
210,0.03678783855559023,0.11466,0.005025723269206052,0.184,0.4651868736820473,-0.009303410819130494,[0.         0.         0.         0.         0.         0.         0.         0.         0.01994843 0.         0.         0.         0.04568991 0.         0.         0.         0.         0.02215184 0.         0.         0.         0.         0.         0.         0.         0.         0.         0.86884228 0.         0.04336754 0.        ],[0. 0. 0. 0. 0. 0. 0. 0. 1. 0. 0. 0. 1. 0. 0. 0. 0. 1. 0. 0. 0. 0. 0. 0. 0. 0. 0. 1. 0. 1. 0.],5.0,best,1000,100,10,0.9,0.1,0.5,0.1,0.7,0.03,0.65,1,5,,problem_solving
220,0.03678783855559023,0.11466,0.005025723269206052,0.188,0.4562222596363586,0.03149066255623493,[0.         0.         0.         0.         0.         0.         0.         0.         0.01994843 0.         0.         0.         0.04568991 0.         0.         0.         0.         0.02215184 0.         0.         0.         0.         0.         0.         0.         0.         0.         0.86884228 0.         0.04336754 0.        ],[0. 0. 0. 0. 0. 0. 0. 0. 1. 0. 0. 0. 1. 0. 0. 0. 0. 1. 0. 0. 0. 0. 0. 0. 0. 0. 0. 1. 0. 1. 0.],5.0,best,1000,100,10,0.9,0.1,0.5,0.1,0.7,0.03,0.65,1,5,,problem_solving
230,0.03678783855559023,0.11466,0.005025723269206052,0.192,0.44743040262560535,0.021821263593522367,[0.         0.         0.         0.         0.         0.         0.         0.         0.01994843 0.         0.         0.         0.04568991 0.         0.         0.         0.         0.02215184 0.         0.         0.         0.         0.         0.         0.         0.         0.         0.86884228 0.         0.04336754 0.        ],[0. 0. 0. 0. 0. 0. 0. 0. 1. 0. 0. 0. 1. 0. 0. 0. 0. 1. 0. 0. 0. 0. 0. 0. 0. 0. 0. 1. 0. 1. 0.],5.0,best,1000,100,10,0.9,0.1,0.5,0.1,0.7,0.03,0.65,1,5,,problem_solving
240,0.03678783855559023,0.11466,0.005025723269206052,0.196,0.438807973449783,0.0009518569741051732,[0.         0.         0.         0.         0.         0.         0.         0.         0.01994843 0.         0.         0.         0.04568991 0.         0.         0.         0.         0.02215184 0.         0.         0.         0.         0.         0.         0.         0.         0.         0.86884228 0.         0.04336754 0.        ],[0. 0. 0. 0. 0. 0. 0. 0. 1. 0. 0. 0. 1. 0. 0. 0. 0. 1. 0. 0. 0. 0. 0. 0. 0. 0. 0. 1. 0. 1. 0.],5.0,best,1000,100,10,0.9,0.1,0.5,0.1,0.7,0.03,0.65,1,5,,problem_solving
250,0.033093615503879334,0.110485,0.004107503572417134,0.2,0.430351707065885,-0.03148766949970016,[0.         0.         0.         0.         0.07352701 0.         0.         0.         0.         0.         0.         0.         0.03801285 0.01985087 0.         0.         0.         0.         0.         0.         0.         0.         0.         0.         0.         0.         0.         0.83506875 0.         0.03354052 0.        ],[0. 0. 0. 0. 1. 0. 0. 0. 0. 0. 0. 0. 1. 1. 0. 0. 0. 0. 0. 0. 0. 0. 0. 0. 0. 0. 0. 1. 0. 1. 0.],5.0,best,1000,100,10,0.9,0.1,0.5,0.1,0.7,0.03,0.65,1,5,,problem_solving
260,0.033093615503879334,0.110485,0.004107503572417134,0.20400000000000001,0.4220584013515329,0.012624417306607532,[0.         0.         0.         0.         0.07352701 0.         0.         0.         0.         0.         0.         0.         0.03801285 0.01985087 0.         0.         0.         0.         0.         0.         0.         0.         0.         0.         0.         0.         0.         0.83506875 0.         0.03354052 0.        ],[0. 0. 0. 0. 1. 0. 0. 0. 0. 0. 0. 0. 1. 1. 0. 0. 0. 0. 0. 0. 0. 0. 0. 0. 0. 0. 0. 1. 0. 1. 0.],5.0,best,1000,100,10,0.9,0.1,0.5,0.1,0.7,0.03,0.65,1,5,,problem_solving
270,0.033093615503879334,0.110485,0.004107503572417134,0.20800000000000002,0.4139249158924335,0.018153948377395597,[0.         0.         0.         0.         0.07352701 0.         0.         0.         0.         0.         0.         0.         0.03801285 0.01985087 0.         0.         0.         0.         0.         0.         0.         0.         0.         0.         0.         0.         0.         0.83506875 0.         0.03354052 0.        ],[0. 0. 0. 0. 1. 0. 0. 0. 0. 0. 0. 0. 1. 1. 0. 0. 0. 0. 0. 0. 0. 0. 0. 0. 0. 0. 0. 1. 0. 1. 0.],5.0,best,1000,100,10,0.9,0.1,0.5,0.1,0.7,0.03,0.65,1,5,,problem_solving
280,0.016469849565973912,0.131681,0.005570292481698553,0.21200000000000002,0.40594817079320256,-0.018840622001052323,[0.         0.02691116 0.         0.         0.         0.         0.         0.         0.         0.         0.02691116 0.         0.         0.         0.         0.         0.         0.02691116 0.         0.         0.         0.02448871 0.         0.         0.         0.         0.         0.8947778  0.         0.         0.        ],[0. 1. 0. 0. 0. 0. 0. 0. 0. 0. 1. 0. 0. 0. 0. 0. 0. 1. 0. 0. 0. 1. 0. 0. 0. 0. 0. 1. 0. 0. 0.],5.0,best,1000,100,10,0.9,0.1,0.5,0.1,0.7,0.03,0.65,1,5,,problem_solving
290,0.016469849565973912,0.131681,0.005570292481698553,0.21600000000000003,0.3981251455111055,-0.006153906409021334,[0.         0.02691116 0.         0.         0.         0.         0.         0.         0.         0.         0.02691116 0.         0.         0.         0.         0.         0.         0.02691116 0.         0.         0.         0.02448871 0.         0.         0.         0.         0.         0.8947778  0.         0.         0.        ],[0. 1. 0. 0. 0. 0. 0. 0. 0. 0. 1. 0. 0. 0. 0. 0. 0. 1. 0. 0. 0. 1. 0. 0. 0. 0. 0. 1. 0. 0. 0.],5.0,best,1000,100,10,0.9,0.1,0.5,0.1,0.7,0.03,0.65,1,5,,problem_solving
300,0.016469849565973912,0.131681,0.005570292481698553,0.22000000000000003,0.3904528777122722,0.021676687469099624,[0.         0.02691116 0.         0.         0.         0.         0.         0.         0.         0.         0.02691116 0.         0.         0.         0.         0.         0.         0.02691116 0.         0.         0.         0.02448871 0.         0.         0.         0.         0.         0.8947778  0.         0.         0.        ],[0. 1. 0. 0. 0. 0. 0. 0. 0. 0. 1. 0. 0. 0. 0. 0. 0. 1. 0. 0. 0. 1. 0. 0. 0. 0. 0. 1. 0. 0. 0.],5.0,best,1000,100,10,0.9,0.1,0.5,0.1,0.7,0.03,0.65,1,5,,problem_solving
310,0.016469849565973912,0.131681,0.005570292481698553,0.224,0.3829284621499548,0.006084351744412332,[0.         0.02691116 0.         0.         0.         0.         0.         0.         0.         0.         0.02691116 0.         0.         0.         0.         0.         0.         0.02691116 0.         0.         0.         0.02448871 0.         0.         0.         0.         0.         0.8947778  0.         0.         0.        ],[0. 1. 0. 0. 0. 0. 0. 0. 0. 0. 1. 0. 0. 0. 0. 0. 0. 1. 0. 0. 0. 1. 0. 0. 0. 0. 0. 1. 0. 0. 0.],5.0,best,1000,100,10,0.9,0.1,0.5,0.1,0.7,0.03,0.65,1,5,,problem_solving
320,0.016469849565973912,0.131681,0.005570292481698553,0.228,0.3755490495644016,-0.006461149740743995,[0.         0.02691116 0.         0.         0.         0.         0.         0.         0.         0.         0.02691116 0.         0.         0.         0.         0.         0.         0.02691116 0.         0.         0.         0.02448871 0.         0.         0.         0.         0.         0.8947778  0.         0.         0.        ],[0. 1. 0. 0. 0. 0. 0. 0. 0. 0. 1. 0. 0. 0. 0. 0. 0. 1. 0. 0. 0. 1. 0. 0. 0. 0. 0. 1. 0. 0. 0.],5.0,best,1000,100,10,0.9,0.1,0.5,0.1,0.7,0.03,0.65,1,5,,problem_solving
330,0.016469849565973912,0.131681,0.005570292481698553,0.232,0.3683118456039322,0.004024352381307492,[0.         0.02691116 0.         0.         0.         0.         0.         0.         0.         0.         0.02691116 0.         0.         0.         0.         0.         0.         0.02691116 0.         0.         0.         0.02448871 0.         0.         0.         0.         0.         0.8947778  0.         0.         0.        ],[0. 1. 0. 0. 0. 0. 0. 0. 0. 0. 1. 0. 0. 0. 0. 0. 0. 1. 0. 0. 0. 1. 0. 0. 0. 0. 0. 1. 0. 0. 0.],5.0,best,1000,100,10,0.9,0.1,0.5,0.1,0.7,0.03,0.65,1,5,,problem_solving
340,0.016469849565973912,0.131681,0.005570292481698553,0.23600000000000002,0.3612141097668044,0.018276495582579738,[0.         0.02691116 0.         0.         0.         0.         0.         0.         0.         0.         0.02691116 0.         0.         0.         0.         0.         0.         0.02691116 0.         0.         0.         0.02448871 0.         0.         0.         0.         0.         0.8947778  0.         0.         0.        ],[0. 1. 0. 0. 0. 0. 0. 0. 0. 0. 1. 0. 0. 0. 0. 0. 0. 1. 0. 0. 0. 1. 0. 0. 0. 0. 0. 1. 0. 0. 0.],5.0,best,1000,100,10,0.9,0.1,0.5,0.1,0.7,0.03,0.65,1,5,,problem_solving
350,0.016469849565973912,0.131681,0.005570292481698553,0.24000000000000002,0.3542531543634719,-0.005266263169042168,[0.         0.02691116 0.         0.         0.         0.         0.         0.         0.         0.         0.02691116 0.         0.         0.         0.         0.         0.         0.02691116 0.         0.         0.         0.02448871 0.         0.         0.         0.         0.         0.8947778  0.         0.         0.        ],[0. 1. 0. 0. 0. 0. 0. 0. 0. 0. 1. 0. 0. 0. 0. 0. 0. 1. 0. 0. 0. 1. 0. 0. 0. 0. 0. 1. 0. 0. 0.],5.0,best,1000,100,10,0.9,0.1,0.5,0.1,0.7,0.03,0.65,1,5,,problem_solving
360,0.016469849565973912,0.131681,0.005570292481698553,0.24400000000000002,0.3474263434988409,-0.011181311166882823,[0.         0.02691116 0.         0.         0.         0.         0.         0.         0.         0.         0.02691116 0.         0.         0.         0.         0.         0.         0.02691116 0.         0.         0.         0.02448871 0.         0.         0.         0.         0.         0.8947778  0.         0.         0.        ],[0. 1. 0. 0. 0. 0. 0. 0. 0. 0. 1. 0. 0. 0. 0. 0. 0. 1. 0. 0. 0. 1. 0. 0. 0. 0. 0. 1. 0. 0. 0.],5.0,best,1000,100,10,0.9,0.1,0.5,0.1,0.7,0.03,0.65,1,5,,problem_solving
370,0.016469849565973912,0.131681,0.005570292481698553,0.24800000000000003,0.3407310920741399,0.006418214247109945,[0.         0.02691116 0.         0.         0.         0.         0.         0.         0.         0.         0.02691116 0.         0.         0.         0.         0.         0.         0.02691116 0.         0.         0.         0.02448871 0.         0.         0.         0.         0.         0.8947778  0.         0.         0.        ],[0. 1. 0. 0. 0. 0. 0. 0. 0. 0. 1. 0. 0. 0. 0. 0. 0. 1. 0. 0. 0. 1. 0. 0. 0. 0. 0. 1. 0. 0. 0.],5.0,best,1000,100,10,0.9,0.1,0.5,0.1,0.7,0.03,0.65,1,5,,problem_solving
380,0.016469849565973912,0.131681,0.005570292481698553,0.252,0.33416486480802304,-0.004966005217084735,[0.         0.02691116 0.         0.         0.         0.         0.         0.         0.         0.         0.02691116 0.         0.         0.         0.         0.         0.         0.02691116 0.         0.         0.         0.02448871 0.         0.         0.         0.         0.         0.8947778  0.         0.         0.        ],[0. 1. 0. 0. 0. 0. 0. 0. 0. 0. 1. 0. 0. 0. 0. 0. 0. 1. 0. 0. 0. 1. 0. 0. 0. 0. 0. 1. 0. 0. 0.],5.0,best,1000,100,10,0.9,0.1,0.5,0.1,0.7,0.03,0.65,1,5,,problem_solving
390,0.016469849565973912,0.131681,0.005570292481698553,0.256,0.3277251752765399,0.029168674166590882,[0.         0.02691116 0.         0.         0.         0.         0.         0.         0.         0.         0.02691116 0.         0.         0.         0.         0.         0.         0.02691116 0.         0.         0.         0.02448871 0.         0.         0.         0.         0.         0.8947778  0.         0.         0.        ],[0. 1. 0. 0. 0. 0. 0. 0. 0. 0. 1. 0. 0. 0. 0. 0. 0. 1. 0. 0. 0. 1. 0. 0. 0. 0. 0. 1. 0. 0. 0.],5.0,best,1000,100,10,0.9,0.1,0.5,0.1,0.7,0.03,0.65,1,5,,problem_solving
400,0.016469849565973912,0.131681,0.005570292481698553,0.26,0.3214095849716039,-0.014579798292750792,[0.         0.02691116 0.         0.         0.         0.         0.         0.         0.         0.         0.02691116 0.         0.         0.         0.         0.         0.         0.02691116 0.         0.         0.         0.02448871 0.         0.         0.         0.         0.         0.8947778  0.         0.         0.        ],[0. 1. 0. 0. 0. 0. 0. 0. 0. 0. 1. 0. 0. 0. 0. 0. 0. 1. 0. 0. 0. 1. 0. 0. 0. 0. 0. 1. 0. 0. 0.],5.0,best,1000,100,10,0.9,0.1,0.5,0.1,0.7,0.03,0.65,1,5,,problem_solving
410,0.016469849565973912,0.131681,0.005570292481698553,0.264,0.31521570237760627,-0.0031519618808655515,[0.         0.02691116 0.         0.         0.         0.         0.         0.         0.         0.         0.02691116 0.         0.         0.         0.         0.         0.         0.02691116 0.         0.         0.         0.02448871 0.         0.         0.         0.         0.         0.8947778  0.         0.         0.        ],[0. 1. 0. 0. 0. 0. 0. 0. 0. 0. 1. 0. 0. 0. 0. 0. 0. 1. 0. 0. 0. 1. 0. 0. 0. 0. 0. 1. 0. 0. 0.],5.0,best,1000,100,10,0.9,0.1,0.5,0.1,0.7,0.03,0.65,1,5,,problem_solving
420,0.016469849565973912,0.131681,0.005570292481698553,0.268,0.30914118206582436,-0.0033169218343091274,[0.         0.02691116 0.         0.         0.         0.         0.         0.         0.         0.         0.02691116 0.         0.         0.         0.         0.         0.         0.02691116 0.         0.         0.         0.02448871 0.         0.         0.         0.         0.         0.8947778  0.         0.         0.        ],[0. 1. 0. 0. 0. 0. 0. 0. 0. 0. 1. 0. 0. 0. 0. 0. 0. 1. 0. 0. 0. 1. 0. 0. 0. 0. 0. 1. 0. 0. 0.],5.0,best,1000,100,10,0.9,0.1,0.5,0.1,0.7,0.03,0.65,1,5,,problem_solving
430,0.016469849565973912,0.131681,0.005570292481698553,0.272,0.3031837238062814,0.006061793592501972,[0.         0.02691116 0.         0.         0.         0.         0.         0.         0.         0.         0.02691116 0.         0.         0.         0.         0.         0.         0.02691116 0.         0.         0.         0.02448871 0.         0.         0.         0.         0.         0.8947778  0.         0.         0.        ],[0. 1. 0. 0. 0. 0. 0. 0. 0. 0. 1. 0. 0. 0. 0. 0. 0. 1. 0. 0. 0. 1. 0. 0. 0. 0. 0. 1. 0. 0. 0.],5.0,best,1000,100,10,0.9,0.1,0.5,0.1,0.7,0.03,0.65,1,5,,problem_solving
440,0.016469849565973912,0.131681,0.005570292481698553,0.276,0.29734107169672147,0.004772853153743712,[0.         0.02691116 0.         0.         0.         0.         0.         0.         0.         0.         0.02691116 0.         0.         0.         0.         0.         0.         0.02691116 0.         0.         0.         0.02448871 0.         0.         0.         0.         0.         0.8947778  0.         0.         0.        ],[0. 1. 0. 0. 0. 0. 0. 0. 0. 0. 1. 0. 0. 0. 0. 0. 0. 1. 0. 0. 0. 1. 0. 0. 0. 0. 0. 1. 0. 0. 0.],5.0,best,1000,100,10,0.9,0.1,0.5,0.1,0.7,0.03,0.65,1,5,,problem_solving
450,0.016469849565973912,0.131681,0.005570292481698553,0.28,0.2916110133083706,0.0027890325499058417,[0.         0.02691116 0.         0.         0.         0.         0.         0.         0.         0.         0.02691116 0.         0.         0.         0.         0.         0.         0.02691116 0.         0.         0.         0.02448871 0.         0.         0.         0.         0.         0.8947778  0.         0.         0.        ],[0. 1. 0. 0. 0. 0. 0. 0. 0. 0. 1. 0. 0. 0. 0. 0. 0. 1. 0. 0. 0. 1. 0. 0. 0. 0. 0. 1. 0. 0. 0.],5.0,best,1000,100,10,0.9,0.1,0.5,0.1,0.7,0.03,0.65,1,5,,problem_solving
460,0.016469849565973912,0.131681,0.005570292481698553,0.28400000000000003,0.285991378848159,-0.0013037496686283234,[0.         0.02691116 0.         0.         0.         0.         0.         0.         0.         0.         0.02691116 0.         0.         0.         0.         0.         0.         0.02691116 0.         0.         0.         0.02448871 0.         0.         0.         0.         0.         0.8947778  0.         0.         0.        ],[0. 1. 0. 0. 0. 0. 0. 0. 0. 0. 1. 0. 0. 0. 0. 0. 0. 1. 0. 0. 0. 1. 0. 0. 0. 0. 0. 1. 0. 0. 0.],5.0,best,1000,100,10,0.9,0.1,0.5,0.1,0.7,0.03,0.65,1,5,,problem_solving
470,0.016469849565973912,0.131681,0.005570292481698553,0.28800000000000003,0.2804800403370891,0.008199602490200174,[0.         0.02691116 0.         0.         0.         0.         0.         0.         0.         0.         0.02691116 0.         0.         0.         0.         0.         0.         0.02691116 0.         0.         0.         0.02448871 0.         0.         0.         0.         0.         0.8947778  0.         0.         0.        ],[0. 1. 0. 0. 0. 0. 0. 0. 0. 0. 1. 0. 0. 0. 0. 0. 0. 1. 0. 0. 0. 1. 0. 0. 0. 0. 0. 1. 0. 0. 0.],5.0,best,1000,100,10,0.9,0.1,0.5,0.1,0.7,0.03,0.65,1,5,,problem_solving
480,0.016469849565973912,0.131681,0.005570292481698553,0.29200000000000004,0.27507491080443647,0.008344982744266066,[0.         0.02691116 0.         0.         0.         0.         0.         0.         0.         0.         0.02691116 0.         0.         0.         0.         0.         0.         0.02691116 0.         0.         0.         0.02448871 0.         0.         0.         0.         0.         0.8947778  0.         0.         0.        ],[0. 1. 0. 0. 0. 0. 0. 0. 0. 0. 1. 0. 0. 0. 0. 0. 0. 1. 0. 0. 0. 1. 0. 0. 0. 0. 0. 1. 0. 0. 0.],5.0,best,1000,100,10,0.9,0.1,0.5,0.1,0.7,0.03,0.65,1,5,,problem_solving
490,0.016469849565973912,0.131681,0.005570292481698553,0.29600000000000004,0.2697739434974796,0.01103265149776716,[0.         0.02691116 0.         0.         0.         0.         0.         0.         0.         0.         0.02691116 0.         0.         0.         0.         0.         0.         0.02691116 0.         0.         0.         0.02448871 0.         0.         0.         0.         0.         0.8947778  0.         0.         0.        ],[0. 1. 0. 0. 0. 0. 0. 0. 0. 0. 1. 0. 0. 0. 0. 0. 0. 1. 0. 0. 0. 1. 0. 0. 0. 0. 0. 1. 0. 0. 0.],5.0,best,1000,100,10,0.9,0.1,0.5,0.1,0.7,0.03,0.65,1,5,,problem_solving
500,0.016469849565973912,0.131681,0.005570292481698553,0.30000000000000004,0.2645751311064591,1.8605727826960534e-05,[0.         0.02691116 0.         0.         0.         0.         0.         0.         0.         0.         0.02691116 0.         0.         0.         0.         0.         0.         0.02691116 0.         0.         0.         0.02448871 0.         0.         0.         0.         0.         0.8947778  0.         0.         0.        ],[0. 1. 0. 0. 0. 0. 0. 0. 0. 0. 1. 0. 0. 0. 0. 0. 0. 1. 0. 0. 0. 1. 0. 0. 0. 0. 0. 1. 0. 0. 0.],5.0,best,1000,100,10,0.9,0.1,0.5,0.1,0.7,0.03,0.65,1,5,,problem_solving
510,0.016469849565973912,0.131681,0.005570292481698553,0.30400000000000005,0.25947650500447234,2.5655821428130035e-05,[0.         0.02691116 0.         0.         0.         0.         0.         0.         0.         0.         0.02691116 0.         0.         0.         0.         0.         0.         0.02691116 0.         0.         0.         0.02448871 0.         0.         0.         0.         0.         0.8947778  0.         0.         0.        ],[0. 1. 0. 0. 0. 0. 0. 0. 0. 0. 1. 0. 0. 0. 0. 0. 0. 1. 0. 0. 0. 1. 0. 0. 0. 0. 0. 1. 0. 0. 0.],5.0,best,1000,100,10,0.9,0.1,0.5,0.1,0.7,0.03,0.65,1,5,,problem_solving
520,0.016469849565973912,0.131681,0.005570292481698553,0.30800000000000005,0.2544761345020166,-0.010924039758333176,[0.         0.02691116 0.         0.         0.         0.         0.         0.         0.         0.         0.02691116 0.         0.         0.         0.         0.         0.         0.02691116 0.         0.         0.         0.02448871 0.         0.         0.         0.         0.         0.8947778  0.         0.         0.        ],[0. 1. 0. 0. 0. 0. 0. 0. 0. 0. 1. 0. 0. 0. 0. 0. 0. 1. 0. 0. 0. 1. 0. 0. 0. 0. 0. 1. 0. 0. 0.],5.0,best,1000,100,10,0.9,0.1,0.5,0.1,0.7,0.03,0.65,1,5,,problem_solving
530,0.016469849565973912,0.131681,0.005570292481698553,0.31200000000000006,0.24957212611589738,0.00212959110623659,[0.         0.02691116 0.         0.         0.         0.         0.         0.         0.         0.         0.02691116 0.         0.         0.         0.         0.         0.         0.02691116 0.         0.         0.         0.02448871 0.         0.         0.         0.         0.         0.8947778  0.         0.         0.        ],[0. 1. 0. 0. 0. 0. 0. 0. 0. 0. 1. 0. 0. 0. 0. 0. 0. 1. 0. 0. 0. 1. 0. 0. 0. 0. 0. 1. 0. 0. 0.],5.0,best,1000,100,10,0.9,0.1,0.5,0.1,0.7,0.03,0.65,1,5,,problem_solving
540,0.016469849565973912,0.131681,0.005570292481698553,0.316,0.24476262285222591,-0.0018047921794695611,[0.         0.02691116 0.         0.         0.         0.         0.         0.         0.         0.         0.02691116 0.         0.         0.         0.         0.         0.         0.02691116 0.         0.         0.         0.02448871 0.         0.         0.         0.         0.         0.8947778  0.         0.         0.        ],[0. 1. 0. 0. 0. 0. 0. 0. 0. 0. 1. 0. 0. 0. 0. 0. 0. 1. 0. 0. 0. 1. 0. 0. 0. 0. 0. 1. 0. 0. 0.],5.0,best,1000,100,10,0.9,0.1,0.5,0.1,0.7,0.03,0.65,1,5,,problem_solving
550,0.016469849565973912,0.131681,0.005570292481698553,0.32,0.24004580350323373,-0.008063693734184864,[0.         0.02691116 0.         0.         0.         0.         0.         0.         0.         0.         0.02691116 0.         0.         0.         0.         0.         0.         0.02691116 0.         0.         0.         0.02448871 0.         0.         0.         0.         0.         0.8947778  0.         0.         0.        ],[0. 1. 0. 0. 0. 0. 0. 0. 0. 0. 1. 0. 0. 0. 0. 0. 0. 1. 0. 0. 0. 1. 0. 0. 0. 0. 0. 1. 0. 0. 0.],5.0,best,1000,100,10,0.9,0.1,0.5,0.1,0.7,0.03,0.65,1,5,,problem_solving
560,0.016469849565973912,0.131681,0.005570292481698553,0.324,0.23541988195763883,0.006939619519701816,[0.         0.02691116 0.         0.         0.         0.         0.         0.         0.         0.         0.02691116 0.         0.         0.         0.         0.         0.         0.02691116 0.         0.         0.         0.02448871 0.         0.         0.         0.         0.         0.8947778  0.         0.         0.        ],[0. 1. 0. 0. 0. 0. 0. 0. 0. 0. 1. 0. 0. 0. 0. 0. 0. 1. 0. 0. 0. 1. 0. 0. 0. 0. 0. 1. 0. 0. 0.],5.0,best,1000,100,10,0.9,0.1,0.5,0.1,0.7,0.03,0.65,1,5,,problem_solving
570,0.016469849565973912,0.131681,0.005570292481698553,0.328,0.23088310652430125,-0.011376285226168638,[0.         0.02691116 0.         0.         0.         0.         0.         0.         0.         0.         0.02691116 0.         0.         0.         0.         0.         0.         0.02691116 0.         0.         0.         0.02448871 0.         0.         0.         0.         0.         0.8947778  0.         0.         0.        ],[0. 1. 0. 0. 0. 0. 0. 0. 0. 0. 1. 0. 0. 0. 0. 0. 0. 1. 0. 0. 0. 1. 0. 0. 0. 0. 0. 1. 0. 0. 0.],5.0,best,1000,100,10,0.9,0.1,0.5,0.1,0.7,0.03,0.65,1,5,,problem_solving
580,0.016469849565973912,0.131681,0.005570292481698553,0.332,0.22643375926891277,-0.01061687783142611,[0.         0.02691116 0.         0.         0.         0.         0.         0.         0.         0.         0.02691116 0.         0.         0.         0.         0.         0.         0.02691116 0.         0.         0.         0.02448871 0.         0.         0.         0.         0.         0.8947778  0.         0.         0.        ],[0. 1. 0. 0. 0. 0. 0. 0. 0. 0. 1. 0. 0. 0. 0. 0. 0. 1. 0. 0. 0. 1. 0. 0. 0. 0. 0. 1. 0. 0. 0.],5.0,best,1000,100,10,0.9,0.1,0.5,0.1,0.7,0.03,0.65,1,5,,problem_solving
590,0.016469849565973912,0.131681,0.005570292481698553,0.336,0.22207015536346894,-0.004122288930289399,[0.         0.02691116 0.         0.         0.         0.         0.         0.         0.         0.         0.02691116 0.         0.         0.         0.         0.         0.         0.02691116 0.         0.         0.         0.02448871 0.         0.         0.         0.         0.         0.8947778  0.         0.         0.        ],[0. 1. 0. 0. 0. 0. 0. 0. 0. 0. 1. 0. 0. 0. 0. 0. 0. 1. 0. 0. 0. 1. 0. 0. 0. 0. 0. 1. 0. 0. 0.],5.0,best,1000,100,10,0.9,0.1,0.5,0.1,0.7,0.03,0.65,1,5,,problem_solving
600,0.016469849565973912,0.131681,0.005570292481698553,0.34,0.21779064244827798,-0.0057837325439799294,[0.         0.02691116 0.         0.         0.         0.         0.         0.         0.         0.         0.02691116 0.         0.         0.         0.         0.         0.         0.02691116 0.         0.         0.         0.02448871 0.         0.         0.         0.         0.         0.8947778  0.         0.         0.        ],[0. 1. 0. 0. 0. 0. 0. 0. 0. 0. 1. 0. 0. 0. 0. 0. 0. 1. 0. 0. 0. 1. 0. 0. 0. 0. 0. 1. 0. 0. 0.],5.0,best,1000,100,10,0.9,0.1,0.5,0.1,0.7,0.03,0.65,1,5,,problem_solving
610,0.016469849565973912,0.131681,0.005570292481698553,0.34400000000000003,0.2135936000062639,-0.013069293340025821,[0.         0.02691116 0.         0.         0.         0.         0.         0.         0.         0.         0.02691116 0.         0.         0.         0.         0.         0.         0.02691116 0.         0.         0.         0.02448871 0.         0.         0.         0.         0.         0.8947778  0.         0.         0.        ],[0. 1. 0. 0. 0. 0. 0. 0. 0. 0. 1. 0. 0. 0. 0. 0. 0. 1. 0. 0. 0. 1. 0. 0. 0. 0. 0. 1. 0. 0. 0.],5.0,best,1000,100,10,0.9,0.1,0.5,0.1,0.7,0.03,0.65,1,5,,problem_solving
620,0.016469849565973912,0.131681,0.005570292481698553,0.348,0.20947743874932764,-8.536135539531558e-05,[0.         0.02691116 0.         0.         0.         0.         0.         0.         0.         0.         0.02691116 0.         0.         0.         0.         0.         0.         0.02691116 0.         0.         0.         0.02448871 0.         0.         0.         0.         0.         0.8947778  0.         0.         0.        ],[0. 1. 0. 0. 0. 0. 0. 0. 0. 0. 1. 0. 0. 0. 0. 0. 0. 1. 0. 0. 0. 1. 0. 0. 0. 0. 0. 1. 0. 0. 0.],5.0,best,1000,100,10,0.9,0.1,0.5,0.1,0.7,0.03,0.65,1,5,,problem_solving
630,0.016469849565973912,0.131681,0.005570292481698553,0.352,0.20544060001653347,0.007270094525719716,[0.         0.02691116 0.         0.         0.         0.         0.         0.         0.         0.         0.02691116 0.         0.         0.         0.         0.         0.         0.02691116 0.         0.         0.         0.02448871 0.         0.         0.         0.         0.         0.8947778  0.         0.         0.        ],[0. 1. 0. 0. 0. 0. 0. 0. 0. 0. 1. 0. 0. 0. 0. 0. 0. 1. 0. 0. 0. 1. 0. 0. 0. 0. 0. 1. 0. 0. 0.],5.0,best,1000,100,10,0.9,0.1,0.5,0.1,0.7,0.03,0.65,1,5,,problem_solving
640,0.016469849565973912,0.131681,0.005570292481698553,0.356,0.20148155518389335,0.001261467990774563,[0.         0.02691116 0.         0.         0.         0.         0.         0.         0.         0.         0.02691116 0.         0.         0.         0.         0.         0.         0.02691116 0.         0.         0.         0.02448871 0.         0.         0.         0.         0.         0.8947778  0.         0.         0.        ],[0. 1. 0. 0. 0. 0. 0. 0. 0. 0. 1. 0. 0. 0. 0. 0. 0. 1. 0. 0. 0. 1. 0. 0. 0. 0. 0. 1. 0. 0. 0.],5.0,best,1000,100,10,0.9,0.1,0.5,0.1,0.7,0.03,0.65,1,5,,problem_solving
650,0.016469849565973912,0.131681,0.005570292481698553,0.36,0.19759880508552483,-0.007118906689561185,[0.         0.02691116 0.         0.         0.         0.         0.         0.         0.         0.         0.02691116 0.         0.         0.         0.         0.         0.         0.02691116 0.         0.         0.         0.02448871 0.         0.         0.         0.         0.         0.8947778  0.         0.         0.        ],[0. 1. 0. 0. 0. 0. 0. 0. 0. 0. 1. 0. 0. 0. 0. 0. 0. 1. 0. 0. 0. 1. 0. 0. 0. 0. 0. 1. 0. 0. 0.],5.0,best,1000,100,10,0.9,0.1,0.5,0.1,0.7,0.03,0.65,1,5,,problem_solving
660,0.016469849565973912,0.131681,0.005570292481698553,0.364,0.19379087944596401,0.003148355710509565,[0.         0.02691116 0.         0.         0.         0.         0.         0.         0.         0.         0.02691116 0.         0.         0.         0.         0.         0.         0.02691116 0.         0.         0.         0.02448871 0.         0.         0.         0.         0.         0.8947778  0.         0.         0.        ],[0. 1. 0. 0. 0. 0. 0. 0. 0. 0. 1. 0. 0. 0. 0. 0. 0. 1. 0. 0. 0. 1. 0. 0. 0. 0. 0. 1. 0. 0. 0.],5.0,best,1000,100,10,0.9,0.1,0.5,0.1,0.7,0.03,0.65,1,5,,problem_solving
670,0.016469849565973912,0.131681,0.005570292481698553,0.368,0.1900563363234187,0.005251576331359203,[0.         0.02691116 0.         0.         0.         0.         0.         0.         0.         0.         0.02691116 0.         0.         0.         0.         0.         0.         0.02691116 0.         0.         0.         0.02448871 0.         0.         0.         0.         0.         0.8947778  0.         0.         0.        ],[0. 1. 0. 0. 0. 0. 0. 0. 0. 0. 1. 0. 0. 0. 0. 0. 0. 1. 0. 0. 0. 1. 0. 0. 0. 0. 0. 1. 0. 0. 0.],5.0,best,1000,100,10,0.9,0.1,0.5,0.1,0.7,0.03,0.65,1,5,,problem_solving
680,0.016469849565973912,0.131681,0.005570292481698553,0.372,0.18639376156374998,0.014530915525454616,[0.         0.02691116 0.         0.         0.         0.         0.         0.         0.         0.         0.02691116 0.         0.         0.         0.         0.         0.         0.02691116 0.         0.         0.         0.02448871 0.         0.         0.         0.         0.         0.8947778  0.         0.         0.        ],[0. 1. 0. 0. 0. 0. 0. 0. 0. 0. 1. 0. 0. 0. 0. 0. 0. 1. 0. 0. 0. 1. 0. 0. 0. 0. 0. 1. 0. 0. 0.],5.0,best,1000,100,10,0.9,0.1,0.5,0.1,0.7,0.03,0.65,1,5,,problem_solving
690,0.016469849565973912,0.131681,0.005570292481698553,0.376,0.1828017682649769,0.004526528838268404,[0.         0.02691116 0.         0.         0.         0.         0.         0.         0.         0.         0.02691116 0.         0.         0.         0.         0.         0.         0.02691116 0.         0.         0.         0.02448871 0.         0.         0.         0.         0.         0.8947778  0.         0.         0.        ],[0. 1. 0. 0. 0. 0. 0. 0. 0. 0. 1. 0. 0. 0. 0. 0. 0. 1. 0. 0. 0. 1. 0. 0. 0. 0. 0. 1. 0. 0. 0.],5.0,best,1000,100,10,0.9,0.1,0.5,0.1,0.7,0.03,0.65,1,5,,problem_solving
700,0.016392494198893128,0.146333,0.0036448298411982448,0.38,0.17927899625209975,-0.00549483461570276,[0.         0.04525951 0.         0.         0.         0.         0.         0.02019383 0.         0.         0.         0.         0.         0.02019383 0.         0.         0.         0.         0.         0.         0.         0.         0.         0.         0.         0.         0.         0.89415899 0.         0.         0.02019383],[0. 1. 0. 0. 0. 0. 0. 1. 0. 0. 0. 0. 0. 1. 0. 0. 0. 0. 0. 0. 0. 0. 0. 0. 0. 0. 0. 1. 0. 0. 1.],5.0,best,1000,100,10,0.9,0.1,0.5,0.1,0.7,0.03,0.65,1,5,,problem_solving
710,0.016392494198893128,0.146333,0.0036448298411982448,0.384,0.17582411156204497,0.0030042145215709525,[0.         0.04525951 0.         0.         0.         0.         0.         0.02019383 0.         0.         0.         0.         0.         0.02019383 0.         0.         0.         0.         0.         0.         0.         0.         0.         0.         0.         0.         0.         0.89415899 0.         0.         0.02019383],[0. 1. 0. 0. 0. 0. 0. 1. 0. 0. 0. 0. 0. 1. 0. 0. 0. 0. 0. 0. 0. 0. 0. 0. 0. 0. 0. 1. 0. 0. 1.],5.0,best,1000,100,10,0.9,0.1,0.5,0.1,0.7,0.03,0.65,1,5,,problem_solving
720,0.016392494198893128,0.146333,0.0036448298411982448,0.388,0.17243580593853514,0.001360422400358282,[0.         0.04525951 0.         0.         0.         0.         0.         0.02019383 0.         0.         0.         0.         0.         0.02019383 0.         0.         0.         0.         0.         0.         0.         0.         0.         0.         0.         0.         0.         0.89415899 0.         0.         0.02019383],[0. 1. 0. 0. 0. 0. 0. 1. 0. 0. 0. 0. 0. 1. 0. 0. 0. 0. 0. 0. 0. 0. 0. 0. 0. 0. 0. 1. 0. 0. 1.],5.0,best,1000,100,10,0.9,0.1,0.5,0.1,0.7,0.03,0.65,1,5,,problem_solving
730,0.016392494198893128,0.146333,0.0036448298411982448,0.392,0.16911279633669332,-0.002360940575228717,[0.         0.04525951 0.         0.         0.         0.         0.         0.02019383 0.         0.         0.         0.         0.         0.02019383 0.         0.         0.         0.         0.         0.         0.         0.         0.         0.         0.         0.         0.         0.89415899 0.         0.         0.02019383],[0. 1. 0. 0. 0. 0. 0. 1. 0. 0. 0. 0. 0. 1. 0. 0. 0. 0. 0. 0. 0. 0. 0. 0. 0. 0. 0. 1. 0. 0. 1.],5.0,best,1000,100,10,0.9,0.1,0.5,0.1,0.7,0.03,0.65,1,5,,problem_solving
740,0.016392494198893128,0.146333,0.0036448298411982448,0.396,0.16585382443719424,-0.005408872788313656,[0.         0.04525951 0.         0.         0.         0.         0.         0.02019383 0.         0.         0.         0.         0.         0.02019383 0.         0.         0.         0.         0.         0.         0.         0.         0.         0.         0.         0.         0.         0.89415899 0.         0.         0.02019383],[0. 1. 0. 0. 0. 0. 0. 1. 0. 0. 0. 0. 0. 1. 0. 0. 0. 0. 0. 0. 0. 0. 0. 0. 0. 0. 0. 1. 0. 0. 1.],5.0,best,1000,100,10,0.9,0.1,0.5,0.1,0.7,0.03,0.65,1,5,,problem_solving
750,0.016392494198893128,0.146333,0.0036448298411982448,0.4,0.1626576561697786,-0.0040270527546120505,[0.         0.04525951 0.         0.         0.         0.         0.         0.02019383 0.         0.         0.         0.         0.         0.02019383 0.         0.         0.         0.         0.         0.         0.         0.         0.         0.         0.         0.         0.         0.89415899 0.         0.         0.02019383],[0. 1. 0. 0. 0. 0. 0. 1. 0. 0. 0. 0. 0. 1. 0. 0. 0. 0. 0. 0. 0. 0. 0. 0. 0. 0. 0. 1. 0. 0. 1.],5.0,best,1000,100,10,0.9,0.1,0.5,0.1,0.7,0.03,0.65,1,5,,problem_solving
760,0.016392494198893128,0.146333,0.0036448298411982448,0.404,0.15952308124594905,-0.0037554344258519438,[0.         0.04525951 0.         0.         0.         0.         0.         0.02019383 0.         0.         0.         0.         0.         0.02019383 0.         0.         0.         0.         0.         0.         0.         0.         0.         0.         0.         0.         0.         0.89415899 0.         0.         0.02019383],[0. 1. 0. 0. 0. 0. 0. 1. 0. 0. 0. 0. 0. 1. 0. 0. 0. 0. 0. 0. 0. 0. 0. 0. 0. 0. 0. 1. 0. 0. 1.],5.0,best,1000,100,10,0.9,0.1,0.5,0.1,0.7,0.03,0.65,1,5,,problem_solving
770,0.016392494198893128,0.146333,0.0036448298411982448,0.40800000000000003,0.15644891270067235,-0.005819293002076061,[0.         0.04525951 0.         0.         0.         0.         0.         0.02019383 0.         0.         0.         0.         0.         0.02019383 0.         0.         0.         0.         0.         0.         0.         0.         0.         0.         0.         0.         0.         0.89415899 0.         0.         0.02019383],[0. 1. 0. 0. 0. 0. 0. 1. 0. 0. 0. 0. 0. 1. 0. 0. 0. 0. 0. 0. 0. 0. 0. 0. 0. 0. 0. 1. 0. 0. 1.],5.0,best,1000,100,10,0.9,0.1,0.5,0.1,0.7,0.03,0.65,1,5,,problem_solving
780,0.016392494198893128,0.146333,0.0036448298411982448,0.41200000000000003,0.15343398644291262,4.0754831410978315e-05,[0.         0.04525951 0.         0.         0.         0.         0.         0.02019383 0.         0.         0.         0.         0.         0.02019383 0.         0.         0.         0.         0.         0.         0.         0.         0.         0.         0.         0.         0.         0.89415899 0.         0.         0.02019383],[0. 1. 0. 0. 0. 0. 0. 1. 0. 0. 0. 0. 0. 1. 0. 0. 0. 0. 0. 0. 0. 0. 0. 0. 0. 0. 0. 1. 0. 0. 1.],5.0,best,1000,100,10,0.9,0.1,0.5,0.1,0.7,0.03,0.65,1,5,,problem_solving
790,0.016392494198893128,0.146333,0.0036448298411982448,0.41600000000000004,0.1504771608148269,-0.00026965323947116676,[0.         0.04525951 0.         0.         0.         0.         0.         0.02019383 0.         0.         0.         0.         0.         0.02019383 0.         0.         0.         0.         0.         0.         0.         0.         0.         0.         0.         0.         0.         0.89415899 0.         0.         0.02019383],[0. 1. 0. 0. 0. 0. 0. 1. 0. 0. 0. 0. 0. 1. 0. 0. 0. 0. 0. 0. 0. 0. 0. 0. 0. 0. 0. 1. 0. 0. 1.],5.0,best,1000,100,10,0.9,0.1,0.5,0.1,0.7,0.03,0.65,1,5,,problem_solving
800,0.016392494198893128,0.146333,0.0036448298411982448,0.42000000000000004,0.1475773161594552,0.0012827384424962257,[0.         0.04525951 0.         0.         0.         0.         0.         0.02019383 0.         0.         0.         0.         0.         0.02019383 0.         0.         0.         0.         0.         0.         0.         0.         0.         0.         0.         0.         0.         0.89415899 0.         0.         0.02019383],[0. 1. 0. 0. 0. 0. 0. 1. 0. 0. 0. 0. 0. 1. 0. 0. 0. 0. 0. 0. 0. 0. 0. 0. 0. 0. 0. 1. 0. 0. 1.],5.0,best,1000,100,10,0.9,0.1,0.5,0.1,0.7,0.03,0.65,1,5,,problem_solving
810,0.016392494198893128,0.146333,0.0036448298411982448,0.42400000000000004,0.1447333543967415,0.01027442601241043,[0.         0.04525951 0.         0.         0.         0.         0.         0.02019383 0.         0.         0.         0.         0.         0.02019383 0.         0.         0.         0.         0.         0.         0.         0.         0.         0.         0.         0.         0.         0.89415899 0.         0.         0.02019383],[0. 1. 0. 0. 0. 0. 0. 1. 0. 0. 0. 0. 0. 1. 0. 0. 0. 0. 0. 0. 0. 0. 0. 0. 0. 0. 0. 1. 0. 0. 1.],5.0,best,1000,100,10,0.9,0.1,0.5,0.1,0.7,0.03,0.65,1,5,,problem_solving
820,0.016392494198893128,0.146333,0.0036448298411982448,0.42800000000000005,0.1419441986077252,0.003473609916556582,[0.         0.04525951 0.         0.         0.         0.         0.         0.02019383 0.         0.         0.         0.         0.         0.02019383 0.         0.         0.         0.         0.         0.         0.         0.         0.         0.         0.         0.         0.         0.89415899 0.         0.         0.02019383],[0. 1. 0. 0. 0. 0. 0. 1. 0. 0. 0. 0. 0. 1. 0. 0. 0. 0. 0. 0. 0. 0. 0. 0. 0. 0. 0. 1. 0. 0. 1.],5.0,best,1000,100,10,0.9,0.1,0.5,0.1,0.7,0.03,0.65,1,5,,problem_solving
830,0.016392494198893128,0.146333,0.0036448298411982448,0.43200000000000005,0.13920879262674613,0.008004699118368621,[0.         0.04525951 0.         0.         0.         0.         0.         0.02019383 0.         0.         0.         0.         0.         0.02019383 0.         0.         0.         0.         0.         0.         0.         0.         0.         0.         0.         0.         0.         0.89415899 0.         0.         0.02019383],[0. 1. 0. 0. 0. 0. 0. 1. 0. 0. 0. 0. 0. 1. 0. 0. 0. 0. 0. 0. 0. 0. 0. 0. 0. 0. 0. 1. 0. 0. 1.],5.0,best,1000,100,10,0.9,0.1,0.5,0.1,0.7,0.03,0.65,1,5,,problem_solving
840,0.016392494198893128,0.146333,0.0036448298411982448,0.43600000000000005,0.1365261006415074,0.006855653961536263,[0.         0.04525951 0.         0.         0.         0.         0.         0.02019383 0.         0.         0.         0.         0.         0.02019383 0.         0.         0.         0.         0.         0.         0.         0.         0.         0.         0.         0.         0.         0.89415899 0.         0.         0.02019383],[0. 1. 0. 0. 0. 0. 0. 1. 0. 0. 0. 0. 0. 1. 0. 0. 0. 0. 0. 0. 0. 0. 0. 0. 0. 0. 0. 1. 0. 0. 1.],5.0,best,1000,100,10,0.9,0.1,0.5,0.1,0.7,0.03,0.65,1,5,,problem_solving
850,0.016392494198893128,0.146333,0.0036448298411982448,0.44000000000000006,0.1338951068008461,-0.0012083397066153876,[0.         0.04525951 0.         0.         0.         0.         0.         0.02019383 0.         0.         0.         0.         0.         0.02019383 0.         0.         0.         0.         0.         0.         0.         0.         0.         0.         0.         0.         0.         0.89415899 0.         0.         0.02019383],[0. 1. 0. 0. 0. 0. 0. 1. 0. 0. 0. 0. 0. 1. 0. 0. 0. 0. 0. 0. 0. 0. 0. 0. 0. 0. 0. 1. 0. 0. 1.],5.0,best,1000,100,10,0.9,0.1,0.5,0.1,0.7,0.03,0.65,1,5,,problem_solving
860,0.016392494198893128,0.146333,0.0036448298411982448,0.44400000000000006,0.1313148148300622,0.0018102269552643909,[0.         0.04525951 0.         0.         0.         0.         0.         0.02019383 0.         0.         0.         0.         0.         0.02019383 0.         0.         0.         0.         0.         0.         0.         0.         0.         0.         0.         0.         0.         0.89415899 0.         0.         0.02019383],[0. 1. 0. 0. 0. 0. 0. 1. 0. 0. 0. 0. 0. 1. 0. 0. 0. 0. 0. 0. 0. 0. 0. 0. 0. 0. 0. 1. 0. 0. 1.],5.0,best,1000,100,10,0.9,0.1,0.5,0.1,0.7,0.03,0.65,1,5,,problem_solving
870,0.016392494198893128,0.146333,0.0036448298411982448,0.44800000000000006,0.12878424765366075,0.004974011235782917,[0.         0.04525951 0.         0.         0.         0.         0.         0.02019383 0.         0.         0.         0.         0.         0.02019383 0.         0.         0.         0.         0.         0.         0.         0.         0.         0.         0.         0.         0.         0.89415899 0.         0.         0.02019383],[0. 1. 0. 0. 0. 0. 0. 1. 0. 0. 0. 0. 0. 1. 0. 0. 0. 0. 0. 0. 0. 0. 0. 0. 0. 0. 0. 1. 0. 0. 1.],5.0,best,1000,100,10,0.9,0.1,0.5,0.1,0.7,0.03,0.65,1,5,,problem_solving
880,0.016392494198893128,0.146333,0.0036448298411982448,0.45200000000000007,0.12630244702536408,0.0003993682526396794,[0.         0.04525951 0.         0.         0.         0.         0.         0.02019383 0.         0.         0.         0.         0.         0.02019383 0.         0.         0.         0.         0.         0.         0.         0.         0.         0.         0.         0.         0.         0.89415899 0.         0.         0.02019383],[0. 1. 0. 0. 0. 0. 0. 1. 0. 0. 0. 0. 0. 1. 0. 0. 0. 0. 0. 0. 0. 0. 0. 0. 0. 0. 0. 1. 0. 0. 1.],5.0,best,1000,100,10,0.9,0.1,0.5,0.1,0.7,0.03,0.65,1,5,,problem_solving
890,0.016392494198893128,0.146333,0.0036448298411982448,0.45600000000000007,0.12386847316525405,-0.0008902293316471629,[0.         0.04525951 0.         0.         0.         0.         0.         0.02019383 0.         0.         0.         0.         0.         0.02019383 0.         0.         0.         0.         0.         0.         0.         0.         0.         0.         0.         0.         0.         0.89415899 0.         0.         0.02019383],[0. 1. 0. 0. 0. 0. 0. 1. 0. 0. 0. 0. 0. 1. 0. 0. 0. 0. 0. 0. 0. 0. 0. 0. 0. 0. 0. 1. 0. 0. 1.],5.0,best,1000,100,10,0.9,0.1,0.5,0.1,0.7,0.03,0.65,1,5,,problem_solving
900,0.016392494198893128,0.146333,0.0036448298411982448,0.4600000000000001,0.12148140440390671,-0.002543893507936534,[0.         0.04525951 0.         0.         0.         0.         0.         0.02019383 0.         0.         0.         0.         0.         0.02019383 0.         0.         0.         0.         0.         0.         0.         0.         0.         0.         0.         0.         0.         0.89415899 0.         0.         0.02019383],[0. 1. 0. 0. 0. 0. 0. 1. 0. 0. 0. 0. 0. 1. 0. 0. 0. 0. 0. 0. 0. 0. 0. 0. 0. 0. 0. 1. 0. 0. 1.],5.0,best,1000,100,10,0.9,0.1,0.5,0.1,0.7,0.03,0.65,1,5,,problem_solving
910,0.016392494198893128,0.146333,0.0036448298411982448,0.46399999999999997,0.11914033683338536,0.0003774574611935444,[0.         0.04525951 0.         0.         0.         0.         0.         0.02019383 0.         0.         0.         0.         0.         0.02019383 0.         0.         0.         0.         0.         0.         0.         0.         0.         0.         0.         0.         0.         0.89415899 0.         0.         0.02019383],[0. 1. 0. 0. 0. 0. 0. 1. 0. 0. 0. 0. 0. 1. 0. 0. 0. 0. 0. 0. 0. 0. 0. 0. 0. 0. 0. 1. 0. 0. 1.],5.0,best,1000,100,10,0.9,0.1,0.5,0.1,0.7,0.03,0.65,1,5,,problem_solving
920,0.016392494198893128,0.146333,0.0036448298411982448,0.46799999999999997,0.11684438396495887,-0.0013048175027833252,[0.         0.04525951 0.         0.         0.         0.         0.         0.02019383 0.         0.         0.         0.         0.         0.02019383 0.         0.         0.         0.         0.         0.         0.         0.         0.         0.         0.         0.         0.         0.89415899 0.         0.         0.02019383],[0. 1. 0. 0. 0. 0. 0. 1. 0. 0. 0. 0. 0. 1. 0. 0. 0. 0. 0. 0. 0. 0. 0. 0. 0. 0. 0. 1. 0. 0. 1.],5.0,best,1000,100,10,0.9,0.1,0.5,0.1,0.7,0.03,0.65,1,5,,problem_solving
930,0.016392494198893128,0.146333,0.0036448298411982448,0.472,0.11459267639341625,0.005173182058118334,[0.         0.04525951 0.         0.         0.         0.         0.         0.02019383 0.         0.         0.         0.         0.         0.02019383 0.         0.         0.         0.         0.         0.         0.         0.         0.         0.         0.         0.         0.         0.89415899 0.         0.         0.02019383],[0. 1. 0. 0. 0. 0. 0. 1. 0. 0. 0. 0. 0. 1. 0. 0. 0. 0. 0. 0. 0. 0. 0. 0. 0. 0. 0. 1. 0. 0. 1.],5.0,best,1000,100,10,0.9,0.1,0.5,0.1,0.7,0.03,0.65,1,5,,problem_solving
940,0.016392494198893128,0.146333,0.0036448298411982448,0.476,0.11238436146785019,-0.0023365180143555737,[0.         0.04525951 0.         0.         0.         0.         0.         0.02019383 0.         0.         0.         0.         0.         0.02019383 0.         0.         0.         0.         0.         0.         0.         0.         0.         0.         0.         0.         0.         0.89415899 0.         0.         0.02019383],[0. 1. 0. 0. 0. 0. 0. 1. 0. 0. 0. 0. 0. 1. 0. 0. 0. 0. 0. 0. 0. 0. 0. 0. 0. 0. 0. 1. 0. 0. 1.],5.0,best,1000,100,10,0.9,0.1,0.5,0.1,0.7,0.03,0.65,1,5,,problem_solving
950,0.016392494198893128,0.146333,0.0036448298411982448,0.48,0.11021860296878504,0.0028414105467561733,[0.         0.04525951 0.         0.         0.         0.         0.         0.02019383 0.         0.         0.         0.         0.         0.02019383 0.         0.         0.         0.         0.         0.         0.         0.         0.         0.         0.         0.         0.         0.89415899 0.         0.         0.02019383],[0. 1. 0. 0. 0. 0. 0. 1. 0. 0. 0. 0. 0. 1. 0. 0. 0. 0. 0. 0. 0. 0. 0. 0. 0. 0. 0. 1. 0. 0. 1.],5.0,best,1000,100,10,0.9,0.1,0.5,0.1,0.7,0.03,0.65,1,5,,problem_solving
960,0.016392494198893128,0.146333,0.0036448298411982448,0.484,0.10809458079152667,-0.0026622696417031018,[0.         0.04525951 0.         0.         0.         0.         0.         0.02019383 0.         0.         0.         0.         0.         0.02019383 0.         0.         0.         0.         0.         0.         0.         0.         0.         0.         0.         0.         0.         0.89415899 0.         0.         0.02019383],[0. 1. 0. 0. 0. 0. 0. 1. 0. 0. 0. 0. 0. 1. 0. 0. 0. 0. 0. 0. 0. 0. 0. 0. 0. 0. 0. 1. 0. 0. 1.],5.0,best,1000,100,10,0.9,0.1,0.5,0.1,0.7,0.03,0.65,1,5,,problem_solving
970,0.016392494198893128,0.146333,0.0036448298411982448,0.488,0.10601149063561469,0.003444353419860525,[0.         0.04525951 0.         0.         0.         0.         0.         0.02019383 0.         0.         0.         0.         0.         0.02019383 0.         0.         0.         0.         0.         0.         0.         0.         0.         0.         0.         0.         0.         0.89415899 0.         0.         0.02019383],[0. 1. 0. 0. 0. 0. 0. 1. 0. 0. 0. 0. 0. 1. 0. 0. 0. 0. 0. 0. 0. 0. 0. 0. 0. 0. 0. 1. 0. 0. 1.],5.0,best,1000,100,10,0.9,0.1,0.5,0.1,0.7,0.03,0.65,1,5,,problem_solving
980,0.016392494198893128,0.146333,0.0036448298411982448,0.492,0.10396854370025903,-0.0015281802934843526,[0.         0.04525951 0.         0.         0.         0.         0.         0.02019383 0.         0.         0.         0.         0.         0.02019383 0.         0.         0.         0.         0.         0.         0.         0.         0.         0.         0.         0.         0.         0.89415899 0.         0.         0.02019383],[0. 1. 0. 0. 0. 0. 0. 1. 0. 0. 0. 0. 0. 1. 0. 0. 0. 0. 0. 0. 0. 0. 0. 0. 0. 0. 0. 1. 0. 0. 1.],5.0,best,1000,100,10,0.9,0.1,0.5,0.1,0.7,0.03,0.65,1,5,,problem_solving
990,0.016392494198893128,0.146333,0.0036448298411982448,0.496,0.10196496638564592,0.004679234165530078,[0.         0.04525951 0.         0.         0.         0.         0.         0.02019383 0.         0.         0.         0.         0.         0.02019383 0.         0.         0.         0.         0.         0.         0.         0.         0.         0.         0.         0.         0.         0.89415899 0.         0.         0.02019383],[0. 1. 0. 0. 0. 0. 0. 1. 0. 0. 0. 0. 0. 1. 0. 0. 0. 0. 0. 0. 0. 0. 0. 0. 0. 0. 0. 1. 0. 0. 1.],5.0,best,1000,100,10,0.9,0.1,0.5,0.1,0.7,0.03,0.65,1,5,,problem_solving
999,0.016392494198893128,0.146333,0.0036448298411982448,0.49960000000000004,0.100194780466086,-0.0021198798523472265,[0.         0.04525951 0.         0.         0.         0.         0.         0.02019383 0.         0.         0.         0.         0.         0.02019383 0.         0.         0.         0.         0.         0.         0.         0.         0.         0.         0.         0.         0.         0.89415899 0.         0.         0.02019383],[0. 1. 0. 0. 0. 0. 0. 1. 0. 0. 0. 0. 0. 1. 0. 0. 0. 0. 0. 0. 0. 0. 0. 0. 0. 0. 0. 1. 0. 0. 1.],5.0,best,1000,100,10,0.9,0.1,0.5,0.1,0.7,0.03,0.65,1,5,,problem_solving
