iter,cost,return,par,move,X,Z,Q,max_iter,mem_size,mem_consider,sigma,port_n,k,seed,tag
1,0.0627273377529506,0.002239424443864235,0.4,1.0549210728909186,[0.         0.         0.         0.         0.         0.         0.         0.         0.         0.         0.         0.         0.         0.01865741 0.         0.02195314 0.         0.         0.         0.         0.         0.         0.         0.         0.         0.95938945 0.         0.         0.         0.         0.        ],[0. 0. 0. 0. 0. 0. 0. 0. 0. 0. 0. 0. 0. 1. 0. 1. 0. 0. 0. 0. 0. 0. 0. 0. 0. 1. 0. 0. 0. 0. 0.],3.0,10000,30,0.6,10,1,3,,problem_solving
100,0.04965419188511481,0.0038559142724765272,0.4,9.641069066397915,[0.         0.         0.         0.         0.         0.         0.         0.         0.         0.         0.         0.         0.         0.         0.         0.         0.         0.         0.         0.         0.         0.         0.01430608 0.01266219 0.         0.         0.         0.97303173 0.         0.         0.        ],[0. 0. 0. 0. 0. 0. 0. 0. 0. 0. 0. 0. 0. 0. 0. 0. 0. 0. 0. 0. 0. 0. 1. 1. 0. 0. 0. 1. 0. 0. 0.],3.0,10000,30,0.6,10,1,3,,problem_solving
200,0.03737324214175111,0.0023626236895271514,0.4,-3.5073955919965973,[0.         0.         0.         0.         0.         0.01207942 0.         0.         0.         0.         0.         0.         0.         0.01259697 0.         0.         0.         0.         0.         0.         0.         0.         0.         0.         0.         0.         0.         0.97532362 0.         0.         0.        ],[0. 0. 0. 0. 0. 1. 0. 0. 0. 0. 0. 0. 0. 1. 0. 0. 0. 0. 0. 0. 0. 0. 0. 0. 0. 0. 0. 1. 0. 0. 0.],3.0,10000,30,0.6,10,1,3,,problem_solving
300,0.011132113574998014,0.002385961819364151,0.4,7.009167783656016,[0.         0.         0.         0.         0.         0.         0.         0.         0.         0.         0.         0.         0.         0.         0.         0.         0.         0.01936045 0.02897065 0.         0.         0.         0.         0.         0.         0.         0.         0.9516689  0.         0.         0.        ],[0. 0. 0. 0. 0. 0. 0. 0. 0. 0. 0. 0. 0. 0. 0. 0. 0. 1. 1. 0. 0. 0. 0. 0. 0. 0. 0. 1. 0. 0. 0.],3.0,10000,30,0.6,10,1,3,,problem_solving
400,0.011132113574998014,0.002385961819364151,0.4,21.696274934784242,[0.         0.         0.         0.         0.         0.         0.         0.         0.         0.         0.         0.         0.         0.         0.         0.         0.         0.01936045 0.02897065 0.         0.         0.         0.         0.         0.         0.         0.         0.9516689  0.         0.         0.        ],[0. 0. 0. 0. 0. 0. 0. 0. 0. 0. 0. 0. 0. 0. 0. 0. 0. 1. 1. 0. 0. 0. 0. 0. 0. 0. 0. 1. 0. 0. 0.],3.0,10000,30,0.6,10,1,3,,problem_solving
500,0.011132113574998014,0.002385961819364151,0.4,-1.8099929074413803,[0.         0.         0.         0.         0.         0.         0.         0.         0.         0.         0.         0.         0.         0.         0.         0.         0.         0.01936045 0.02897065 0.         0.         0.         0.         0.         0.         0.         0.         0.9516689  0.         0.         0.        ],[0. 0. 0. 0. 0. 0. 0. 0. 0. 0. 0. 0. 0. 0. 0. 0. 0. 1. 1. 0. 0. 0. 0. 0. 0. 0. 0. 1. 0. 0. 0.],3.0,10000,30,0.6,10,1,3,,problem_solving
600,0.011132113574998014,0.002385961819364151,0.4,-16.443316591972106,[0.         0.         0.         0.         0.         0.         0.         0.         0.         0.         0.         0.         0.         0.         0.         0.         0.         0.01936045 0.02897065 0.         0.         0.         0.         0.         0.         0.         0.         0.9516689  0.         0.         0.        ],[0. 0. 0. 0. 0. 0. 0. 0. 0. 0. 0. 0. 0. 0. 0. 0. 0. 1. 1. 0. 0. 0. 0. 0. 0. 0. 0. 1. 0. 0. 0.],3.0,10000,30,0.6,10,1,3,,problem_solving
700,0.011132113574998014,0.002385961819364151,0.4,3.1194962934451826,[0.         0.         0.         0.         0.         0.         0.         0.         0.         0.         0.         0.         0.         0.         0.         0.         0.         0.01936045 0.02897065 0.         0.         0.         0.         0.         0.         0.         0.         0.9516689  0.         0.         0.        ],[0. 0. 0. 0. 0. 0. 0. 0. 0. 0. 0. 0. 0. 0. 0. 0. 0. 1. 1. 0. 0. 0. 0. 0. 0. 0. 0. 1. 0. 0. 0.],3.0,10000,30,0.6,10,1,3,,problem_solving
800,0.011132113574998014,0.002385961819364151,0.4,1.9339620251785683,[0.         0.         0.         0.         0.         0.         0.         0.         0.         0.         0.         0.         0.         0.         0.         0.         0.         0.01936045 0.02897065 0.         0.         0.         0.         0.         0.         0.         0.         0.9516689  0.         0.         0.        ],[0. 0. 0. 0. 0. 0. 0. 0. 0. 0. 0. 0. 0. 0. 0. 0. 0. 1. 1. 0. 0. 0. 0. 0. 0. 0. 0. 1. 0. 0. 0.],3.0,10000,30,0.6,10,1,3,,problem_solving
900,0.011132113574998014,0.002385961819364151,0.4,-10.051771915067729,[0.         0.         0.         0.         0.         0.         0.         0.         0.         0.         0.         0.         0.         0.         0.         0.         0.         0.01936045 0.02897065 0.         0.         0.         0.         0.         0.         0.         0.         0.9516689  0.         0.         0.        ],[0. 0. 0. 0. 0. 0. 0. 0. 0. 0. 0. 0. 0. 0. 0. 0. 0. 1. 1. 0. 0. 0. 0. 0. 0. 0. 0. 1. 0. 0. 0.],3.0,10000,30,0.6,10,1,3,,problem_solving
1000,0.010658124560968018,0.002401141862483836,0.4,-3.8132784006511162,[0.02326749 0.         0.         0.         0.         0.         0.         0.         0.         0.         0.         0.         0.         0.         0.         0.         0.         0.         0.         0.         0.         0.         0.         0.         0.         0.03547214 0.         0.94126037 0.         0.         0.        ],[1. 0. 0. 0. 0. 0. 0. 0. 0. 0. 0. 0. 0. 0. 0. 0. 0. 0. 0. 0. 0. 0. 0. 0. 0. 1. 0. 1. 0. 0. 0.],3.0,10000,30,0.6,10,1,3,,problem_solving
1100,0.010658124560968018,0.002401141862483836,0.4,0.6527831312825745,[0.02326749 0.         0.         0.         0.         0.         0.         0.         0.         0.         0.         0.         0.         0.         0.         0.         0.         0.         0.         0.         0.         0.         0.         0.         0.         0.03547214 0.         0.94126037 0.         0.         0.        ],[1. 0. 0. 0. 0. 0. 0. 0. 0. 0. 0. 0. 0. 0. 0. 0. 0. 0. 0. 0. 0. 0. 0. 0. 0. 1. 0. 1. 0. 0. 0.],3.0,10000,30,0.6,10,1,3,,problem_solving
1200,0.010658124560968018,0.002401141862483836,0.4,-6.805853199977174,[0.02326749 0.         0.         0.         0.         0.         0.         0.         0.         0.         0.         0.         0.         0.         0.         0.         0.         0.         0.         0.         0.         0.         0.         0.         0.         0.03547214 0.         0.94126037 0.         0.         0.        ],[1. 0. 0. 0. 0. 0. 0. 0. 0. 0. 0. 0. 0. 0. 0. 0. 0. 0. 0. 0. 0. 0. 0. 0. 0. 1. 0. 1. 0. 0. 0.],3.0,10000,30,0.6,10,1,3,,problem_solving
1300,0.010658124560968018,0.002401141862483836,0.4,1.2089351151537218,[0.02326749 0.         0.         0.         0.         0.         0.         0.         0.         0.         0.         0.         0.         0.         0.         0.         0.         0.         0.         0.         0.         0.         0.         0.         0.         0.03547214 0.         0.94126037 0.         0.         0.        ],[1. 0. 0. 0. 0. 0. 0. 0. 0. 0. 0. 0. 0. 0. 0. 0. 0. 0. 0. 0. 0. 0. 0. 0. 0. 1. 0. 1. 0. 0. 0.],3.0,10000,30,0.6,10,1,3,,problem_solving
1400,0.010658124560968018,0.002401141862483836,0.4,6.281104662606331,[0.02326749 0.         0.         0.         0.         0.         0.         0.         0.         0.         0.         0.         0.         0.         0.         0.         0.         0.         0.         0.         0.         0.         0.         0.         0.         0.03547214 0.         0.94126037 0.         0.         0.        ],[1. 0. 0. 0. 0. 0. 0. 0. 0. 0. 0. 0. 0. 0. 0. 0. 0. 0. 0. 0. 0. 0. 0. 0. 0. 1. 0. 1. 0. 0. 0.],3.0,10000,30,0.6,10,1,3,,problem_solving
1500,0.010658124560968018,0.002401141862483836,0.4,-9.410566995456266,[0.02326749 0.         0.         0.         0.         0.         0.         0.         0.         0.         0.         0.         0.         0.         0.         0.         0.         0.         0.         0.         0.         0.         0.         0.         0.         0.03547214 0.         0.94126037 0.         0.         0.        ],[1. 0. 0. 0. 0. 0. 0. 0. 0. 0. 0. 0. 0. 0. 0. 0. 0. 0. 0. 0. 0. 0. 0. 0. 0. 1. 0. 1. 0. 0. 0.],3.0,10000,30,0.6,10,1,3,,problem_solving
1600,0.006144052568062237,0.004736138125176182,0.4,-10.084943724850731,[0.         0.         0.         0.         0.         0.         0.         0.         0.         0.         0.         0.         0.         0.01340781 0.         0.         0.         0.         0.         0.         0.         0.         0.         0.         0.         0.96971663 0.         0.01687555 0.         0.         0.        ],[0. 0. 0. 0. 0. 0. 0. 0. 0. 0. 0. 0. 0. 1. 0. 0. 0. 0. 0. 0. 0. 0. 0. 0. 0. 1. 0. 1. 0. 0. 0.],3.0,10000,30,0.6,10,1,3,,problem_solving
1700,0.006144052568062237,0.004736138125176182,0.4,-1.7063333022517284,[0.         0.         0.         0.         0.         0.         0.         0.         0.         0.         0.         0.         0.         0.01340781 0.         0.         0.         0.         0.         0.         0.         0.         0.         0.         0.         0.96971663 0.         0.01687555 0.         0.         0.        ],[0. 0. 0. 0. 0. 0. 0. 0. 0. 0. 0. 0. 0. 1. 0. 0. 0. 0. 0. 0. 0. 0. 0. 0. 0. 1. 0. 1. 0. 0. 0.],3.0,10000,30,0.6,10,1,3,,problem_solving
1800,0.006144052568062237,0.004736138125176182,0.4,-9.57827329640656,[0.         0.         0.         0.         0.         0.         0.         0.         0.         0.         0.         0.         0.         0.01340781 0.         0.         0.         0.         0.         0.         0.         0.         0.         0.         0.         0.96971663 0.         0.01687555 0.         0.         0.        ],[0. 0. 0. 0. 0. 0. 0. 0. 0. 0. 0. 0. 0. 1. 0. 0. 0. 0. 0. 0. 0. 0. 0. 0. 0. 1. 0. 1. 0. 0. 0.],3.0,10000,30,0.6,10,1,3,,problem_solving
1900,0.006144052568062237,0.004736138125176182,0.4,-8.927543707575932,[0.         0.         0.         0.         0.         0.         0.         0.         0.         0.         0.         0.         0.         0.01340781 0.         0.         0.         0.         0.         0.         0.         0.         0.         0.         0.         0.96971663 0.         0.01687555 0.         0.         0.        ],[0. 0. 0. 0. 0. 0. 0. 0. 0. 0. 0. 0. 0. 1. 0. 0. 0. 0. 0. 0. 0. 0. 0. 0. 0. 1. 0. 1. 0. 0. 0.],3.0,10000,30,0.6,10,1,3,,problem_solving
2000,0.006144052568062237,0.004736138125176182,0.4,-7.961444044711319,[0.         0.         0.         0.         0.         0.         0.         0.         0.         0.         0.         0.         0.         0.01340781 0.         0.         0.         0.         0.         0.         0.         0.         0.         0.         0.         0.96971663 0.         0.01687555 0.         0.         0.        ],[0. 0. 0. 0. 0. 0. 0. 0. 0. 0. 0. 0. 0. 1. 0. 0. 0. 0. 0. 0. 0. 0. 0. 0. 0. 1. 0. 1. 0. 0. 0.],3.0,10000,30,0.6,10,1,3,,problem_solving
2100,0.006144052568062237,0.004736138125176182,0.4,-11.356446239959123,[0.         0.         0.         0.         0.         0.         0.         0.         0.         0.         0.         0.         0.         0.01340781 0.         0.         0.         0.         0.         0.         0.         0.         0.         0.         0.         0.96971663 0.         0.01687555 0.         0.         0.        ],[0. 0. 0. 0. 0. 0. 0. 0. 0. 0. 0. 0. 0. 1. 0. 0. 0. 0. 0. 0. 0. 0. 0. 0. 0. 1. 0. 1. 0. 0. 0.],3.0,10000,30,0.6,10,1,3,,problem_solving
2200,0.006144052568062237,0.004736138125176182,0.4,-2.806147108090845,[0.         0.         0.         0.         0.         0.         0.         0.         0.         0.         0.         0.         0.         0.01340781 0.         0.         0.         0.         0.         0.         0.         0.         0.         0.         0.         0.96971663 0.         0.01687555 0.         0.         0.        ],[0. 0. 0. 0. 0. 0. 0. 0. 0. 0. 0. 0. 0. 1. 0. 0. 0. 0. 0. 0. 0. 0. 0. 0. 0. 1. 0. 1. 0. 0. 0.],3.0,10000,30,0.6,10,1,3,,problem_solving
2300,0.006144052568062237,0.004736138125176182,0.4,5.751500669627539,[0.         0.         0.         0.         0.         0.         0.         0.         0.         0.         0.         0.         0.         0.01340781 0.         0.         0.         0.         0.         0.         0.         0.         0.         0.         0.         0.96971663 0.         0.01687555 0.         0.         0.        ],[0. 0. 0. 0. 0. 0. 0. 0. 0. 0. 0. 0. 0. 1. 0. 0. 0. 0. 0. 0. 0. 0. 0. 0. 0. 1. 0. 1. 0. 0. 0.],3.0,10000,30,0.6,10,1,3,,problem_solving
2400,0.006144052568062237,0.004736138125176182,0.4,21.656066162388797,[0.         0.         0.         0.         0.         0.         0.         0.         0.         0.         0.         0.         0.         0.01340781 0.         0.         0.         0.         0.         0.         0.         0.         0.         0.         0.         0.96971663 0.         0.01687555 0.         0.         0.        ],[0. 0. 0. 0. 0. 0. 0. 0. 0. 0. 0. 0. 0. 1. 0. 0. 0. 0. 0. 0. 0. 0. 0. 0. 0. 1. 0. 1. 0. 0. 0.],3.0,10000,30,0.6,10,1,3,,problem_solving
2500,0.006144052568062237,0.004736138125176182,0.4,2.959130161142623,[0.         0.         0.         0.         0.         0.         0.         0.         0.         0.         0.         0.         0.         0.01340781 0.         0.         0.         0.         0.         0.         0.         0.         0.         0.         0.         0.96971663 0.         0.01687555 0.         0.         0.        ],[0. 0. 0. 0. 0. 0. 0. 0. 0. 0. 0. 0. 0. 1. 0. 0. 0. 0. 0. 0. 0. 0. 0. 0. 0. 1. 0. 1. 0. 0. 0.],3.0,10000,30,0.6,10,1,3,,problem_solving
2600,0.006144052568062237,0.004736138125176182,0.4,-15.509946913473044,[0.         0.         0.         0.         0.         0.         0.         0.         0.         0.         0.         0.         0.         0.01340781 0.         0.         0.         0.         0.         0.         0.         0.         0.         0.         0.         0.96971663 0.         0.01687555 0.         0.         0.        ],[0. 0. 0. 0. 0. 0. 0. 0. 0. 0. 0. 0. 0. 1. 0. 0. 0. 0. 0. 0. 0. 0. 0. 0. 0. 1. 0. 1. 0. 0. 0.],3.0,10000,30,0.6,10,1,3,,problem_solving
2700,0.006144052568062237,0.004736138125176182,0.4,-8.144527215988896,[0.         0.         0.         0.         0.         0.         0.         0.         0.         0.         0.         0.         0.         0.01340781 0.         0.         0.         0.         0.         0.         0.         0.         0.         0.         0.         0.96971663 0.         0.01687555 0.         0.         0.        ],[0. 0. 0. 0. 0. 0. 0. 0. 0. 0. 0. 0. 0. 1. 0. 0. 0. 0. 0. 0. 0. 0. 0. 0. 0. 1. 0. 1. 0. 0. 0.],3.0,10000,30,0.6,10,1,3,,problem_solving
2800,0.006144052568062237,0.004736138125176182,0.4,-7.325887399706918,[0.         0.         0.         0.         0.         0.         0.         0.         0.         0.         0.         0.         0.         0.01340781 0.         0.         0.         0.         0.         0.         0.         0.         0.         0.         0.         0.96971663 0.         0.01687555 0.         0.         0.        ],[0. 0. 0. 0. 0. 0. 0. 0. 0. 0. 0. 0. 0. 1. 0. 0. 0. 0. 0. 0. 0. 0. 0. 0. 0. 1. 0. 1. 0. 0. 0.],3.0,10000,30,0.6,10,1,3,,problem_solving
2900,0.006144052568062237,0.004736138125176182,0.4,-10.796945480892656,[0.         0.         0.         0.         0.         0.         0.         0.         0.         0.         0.         0.         0.         0.01340781 0.         0.         0.         0.         0.         0.         0.         0.         0.         0.         0.         0.96971663 0.         0.01687555 0.         0.         0.        ],[0. 0. 0. 0. 0. 0. 0. 0. 0. 0. 0. 0. 0. 1. 0. 0. 0. 0. 0. 0. 0. 0. 0. 0. 0. 1. 0. 1. 0. 0. 0.],3.0,10000,30,0.6,10,1,3,,problem_solving
3000,0.006144052568062237,0.004736138125176182,0.4,-11.54574655198503,[0.         0.         0.         0.         0.         0.         0.         0.         0.         0.         0.         0.         0.         0.01340781 0.         0.         0.         0.         0.         0.         0.         0.         0.         0.         0.         0.96971663 0.         0.01687555 0.         0.         0.        ],[0. 0. 0. 0. 0. 0. 0. 0. 0. 0. 0. 0. 0. 1. 0. 0. 0. 0. 0. 0. 0. 0. 0. 0. 0. 1. 0. 1. 0. 0. 0.],3.0,10000,30,0.6,10,1,3,,problem_solving
3100,0.006144052568062237,0.004736138125176182,0.4,-14.221297451781963,[0.         0.         0.         0.         0.         0.         0.         0.         0.         0.         0.         0.         0.         0.01340781 0.         0.         0.         0.         0.         0.         0.         0.         0.         0.         0.         0.96971663 0.         0.01687555 0.         0.         0.        ],[0. 0. 0. 0. 0. 0. 0. 0. 0. 0. 0. 0. 0. 1. 0. 0. 0. 0. 0. 0. 0. 0. 0. 0. 0. 1. 0. 1. 0. 0. 0.],3.0,10000,30,0.6,10,1,3,,problem_solving
3200,0.006144052568062237,0.004736138125176182,0.4,1.6313767310786926,[0.         0.         0.         0.         0.         0.         0.         0.         0.         0.         0.         0.         0.         0.01340781 0.         0.         0.         0.         0.         0.         0.         0.         0.         0.         0.         0.96971663 0.         0.01687555 0.         0.         0.        ],[0. 0. 0. 0. 0. 0. 0. 0. 0. 0. 0. 0. 0. 1. 0. 0. 0. 0. 0. 0. 0. 0. 0. 0. 0. 1. 0. 1. 0. 0. 0.],3.0,10000,30,0.6,10,1,3,,problem_solving
3300,0.006144052568062237,0.004736138125176182,0.4,-7.077138521929445,[0.         0.         0.         0.         0.         0.         0.         0.         0.         0.         0.         0.         0.         0.01340781 0.         0.         0.         0.         0.         0.         0.         0.         0.         0.         0.         0.96971663 0.         0.01687555 0.         0.         0.        ],[0. 0. 0. 0. 0. 0. 0. 0. 0. 0. 0. 0. 0. 1. 0. 0. 0. 0. 0. 0. 0. 0. 0. 0. 0. 1. 0. 1. 0. 0. 0.],3.0,10000,30,0.6,10,1,3,,problem_solving
3400,0.006144052568062237,0.004736138125176182,0.4,-3.1043663476424044,[0.         0.         0.         0.         0.         0.         0.         0.         0.         0.         0.         0.         0.         0.01340781 0.         0.         0.         0.         0.         0.         0.         0.         0.         0.         0.         0.96971663 0.         0.01687555 0.         0.         0.        ],[0. 0. 0. 0. 0. 0. 0. 0. 0. 0. 0. 0. 0. 1. 0. 0. 0. 0. 0. 0. 0. 0. 0. 0. 0. 1. 0. 1. 0. 0. 0.],3.0,10000,30,0.6,10,1,3,,problem_solving
3500,0.006144052568062237,0.004736138125176182,0.4,0.8057452856069978,[0.         0.         0.         0.         0.         0.         0.         0.         0.         0.         0.         0.         0.         0.01340781 0.         0.         0.         0.         0.         0.         0.         0.         0.         0.         0.         0.96971663 0.         0.01687555 0.         0.         0.        ],[0. 0. 0. 0. 0. 0. 0. 0. 0. 0. 0. 0. 0. 1. 0. 0. 0. 0. 0. 0. 0. 0. 0. 0. 0. 1. 0. 1. 0. 0. 0.],3.0,10000,30,0.6,10,1,3,,problem_solving
3600,0.006144052568062237,0.004736138125176182,0.4,19.611556577345137,[0.         0.         0.         0.         0.         0.         0.         0.         0.         0.         0.         0.         0.         0.01340781 0.         0.         0.         0.         0.         0.         0.         0.         0.         0.         0.         0.96971663 0.         0.01687555 0.         0.         0.        ],[0. 0. 0. 0. 0. 0. 0. 0. 0. 0. 0. 0. 0. 1. 0. 0. 0. 0. 0. 0. 0. 0. 0. 0. 0. 1. 0. 1. 0. 0. 0.],3.0,10000,30,0.6,10,1,3,,problem_solving
3700,0.006144052568062237,0.004736138125176182,0.4,-25.897114607101127,[0.         0.         0.         0.         0.         0.         0.         0.         0.         0.         0.         0.         0.         0.01340781 0.         0.         0.         0.         0.         0.         0.         0.         0.         0.         0.         0.96971663 0.         0.01687555 0.         0.         0.        ],[0. 0. 0. 0. 0. 0. 0. 0. 0. 0. 0. 0. 0. 1. 0. 0. 0. 0. 0. 0. 0. 0. 0. 0. 0. 1. 0. 1. 0. 0. 0.],3.0,10000,30,0.6,10,1,3,,problem_solving
3800,0.006144052568062237,0.004736138125176182,0.4,-7.28788678229531,[0.         0.         0.         0.         0.         0.         0.         0.         0.         0.         0.         0.         0.         0.01340781 0.         0.         0.         0.         0.         0.         0.         0.         0.         0.         0.         0.96971663 0.         0.01687555 0.         0.         0.        ],[0. 0. 0. 0. 0. 0. 0. 0. 0. 0. 0. 0. 0. 1. 0. 0. 0. 0. 0. 0. 0. 0. 0. 0. 0. 1. 0. 1. 0. 0. 0.],3.0,10000,30,0.6,10,1,3,,problem_solving
3900,0.006144052568062237,0.004736138125176182,0.4,-18.565060396469644,[0.         0.         0.         0.         0.         0.         0.         0.         0.         0.         0.         0.         0.         0.01340781 0.         0.         0.         0.         0.         0.         0.         0.         0.         0.         0.         0.96971663 0.         0.01687555 0.         0.         0.        ],[0. 0. 0. 0. 0. 0. 0. 0. 0. 0. 0. 0. 0. 1. 0. 0. 0. 0. 0. 0. 0. 0. 0. 0. 0. 1. 0. 1. 0. 0. 0.],3.0,10000,30,0.6,10,1,3,,problem_solving
4000,0.006144052568062237,0.004736138125176182,0.4,2.590220394785318,[0.         0.         0.         0.         0.         0.         0.         0.         0.         0.         0.         0.         0.         0.01340781 0.         0.         0.         0.         0.         0.         0.         0.         0.         0.         0.         0.96971663 0.         0.01687555 0.         0.         0.        ],[0. 0. 0. 0. 0. 0. 0. 0. 0. 0. 0. 0. 0. 1. 0. 0. 0. 0. 0. 0. 0. 0. 0. 0. 0. 1. 0. 1. 0. 0. 0.],3.0,10000,30,0.6,10,1,3,,problem_solving
4100,0.006144052568062237,0.004736138125176182,0.4,8.586201455893878,[0.         0.         0.         0.         0.         0.         0.         0.         0.         0.         0.         0.         0.         0.01340781 0.         0.         0.         0.         0.         0.         0.         0.         0.         0.         0.         0.96971663 0.         0.01687555 0.         0.         0.        ],[0. 0. 0. 0. 0. 0. 0. 0. 0. 0. 0. 0. 0. 1. 0. 0. 0. 0. 0. 0. 0. 0. 0. 0. 0. 1. 0. 1. 0. 0. 0.],3.0,10000,30,0.6,10,1,3,,problem_solving
4200,0.006144052568062237,0.004736138125176182,0.4,-4.573024371724043,[0.         0.         0.         0.         0.         0.         0.         0.         0.         0.         0.         0.         0.         0.01340781 0.         0.         0.         0.         0.         0.         0.         0.         0.         0.         0.         0.96971663 0.         0.01687555 0.         0.         0.        ],[0. 0. 0. 0. 0. 0. 0. 0. 0. 0. 0. 0. 0. 1. 0. 0. 0. 0. 0. 0. 0. 0. 0. 0. 0. 1. 0. 1. 0. 0. 0.],3.0,10000,30,0.6,10,1,3,,problem_solving
4300,0.006144052568062237,0.004736138125176182,0.4,-2.7159658782592615,[0.         0.         0.         0.         0.         0.         0.         0.         0.         0.         0.         0.         0.         0.01340781 0.         0.         0.         0.         0.         0.         0.         0.         0.         0.         0.         0.96971663 0.         0.01687555 0.         0.         0.        ],[0. 0. 0. 0. 0. 0. 0. 0. 0. 0. 0. 0. 0. 1. 0. 0. 0. 0. 0. 0. 0. 0. 0. 0. 0. 1. 0. 1. 0. 0. 0.],3.0,10000,30,0.6,10,1,3,,problem_solving
4400,0.006144052568062237,0.004736138125176182,0.4,-10.36576737721955,[0.         0.         0.         0.         0.         0.         0.         0.         0.         0.         0.         0.         0.         0.01340781 0.         0.         0.         0.         0.         0.         0.         0.         0.         0.         0.         0.96971663 0.         0.01687555 0.         0.         0.        ],[0. 0. 0. 0. 0. 0. 0. 0. 0. 0. 0. 0. 0. 1. 0. 0. 0. 0. 0. 0. 0. 0. 0. 0. 0. 1. 0. 1. 0. 0. 0.],3.0,10000,30,0.6,10,1,3,,problem_solving
4500,0.006144052568062237,0.004736138125176182,0.4,2.690402119071567,[0.         0.         0.         0.         0.         0.         0.         0.         0.         0.         0.         0.         0.         0.01340781 0.         0.         0.         0.         0.         0.         0.         0.         0.         0.         0.         0.96971663 0.         0.01687555 0.         0.         0.        ],[0. 0. 0. 0. 0. 0. 0. 0. 0. 0. 0. 0. 0. 1. 0. 0. 0. 0. 0. 0. 0. 0. 0. 0. 0. 1. 0. 1. 0. 0. 0.],3.0,10000,30,0.6,10,1,3,,problem_solving
4600,0.006144052568062237,0.004736138125176182,0.4,9.791309790484163,[0.         0.         0.         0.         0.         0.         0.         0.         0.         0.         0.         0.         0.         0.01340781 0.         0.         0.         0.         0.         0.         0.         0.         0.         0.         0.         0.96971663 0.         0.01687555 0.         0.         0.        ],[0. 0. 0. 0. 0. 0. 0. 0. 0. 0. 0. 0. 0. 1. 0. 0. 0. 0. 0. 0. 0. 0. 0. 0. 0. 1. 0. 1. 0. 0. 0.],3.0,10000,30,0.6,10,1,3,,problem_solving
4700,0.006144052568062237,0.004736138125176182,0.4,9.801347145340605,[0.         0.         0.         0.         0.         0.         0.         0.         0.         0.         0.         0.         0.         0.01340781 0.         0.         0.         0.         0.         0.         0.         0.         0.         0.         0.         0.96971663 0.         0.01687555 0.         0.         0.        ],[0. 0. 0. 0. 0. 0. 0. 0. 0. 0. 0. 0. 0. 1. 0. 0. 0. 0. 0. 0. 0. 0. 0. 0. 0. 1. 0. 1. 0. 0. 0.],3.0,10000,30,0.6,10,1,3,,problem_solving
4800,0.006144052568062237,0.004736138125176182,0.4,-2.2029403920465565,[0.         0.         0.         0.         0.         0.         0.         0.         0.         0.         0.         0.         0.         0.01340781 0.         0.         0.         0.         0.         0.         0.         0.         0.         0.         0.         0.96971663 0.         0.01687555 0.         0.         0.        ],[0. 0. 0. 0. 0. 0. 0. 0. 0. 0. 0. 0. 0. 1. 0. 0. 0. 0. 0. 0. 0. 0. 0. 0. 0. 1. 0. 1. 0. 0. 0.],3.0,10000,30,0.6,10,1,3,,problem_solving
4900,0.006144052568062237,0.004736138125176182,0.4,-10.706375647431273,[0.         0.         0.         0.         0.         0.         0.         0.         0.         0.         0.         0.         0.         0.01340781 0.         0.         0.         0.         0.         0.         0.         0.         0.         0.         0.         0.96971663 0.         0.01687555 0.         0.         0.        ],[0. 0. 0. 0. 0. 0. 0. 0. 0. 0. 0. 0. 0. 1. 0. 0. 0. 0. 0. 0. 0. 0. 0. 0. 0. 1. 0. 1. 0. 0. 0.],3.0,10000,30,0.6,10,1,3,,problem_solving
5000,0.006144052568062237,0.004736138125176182,0.4,11.72456655723543,[0.         0.         0.         0.         0.         0.         0.         0.         0.         0.         0.         0.         0.         0.01340781 0.         0.         0.         0.         0.         0.         0.         0.         0.         0.         0.         0.96971663 0.         0.01687555 0.         0.         0.        ],[0. 0. 0. 0. 0. 0. 0. 0. 0. 0. 0. 0. 0. 1. 0. 0. 0. 0. 0. 0. 0. 0. 0. 0. 0. 1. 0. 1. 0. 0. 0.],3.0,10000,30,0.6,10,1,3,,problem_solving
5100,0.006144052568062237,0.004736138125176182,0.4,-10.736748874922082,[0.         0.         0.         0.         0.         0.         0.         0.         0.         0.         0.         0.         0.         0.01340781 0.         0.         0.         0.         0.         0.         0.         0.         0.         0.         0.         0.96971663 0.         0.01687555 0.         0.         0.        ],[0. 0. 0. 0. 0. 0. 0. 0. 0. 0. 0. 0. 0. 1. 0. 0. 0. 0. 0. 0. 0. 0. 0. 0. 0. 1. 0. 1. 0. 0. 0.],3.0,10000,30,0.6,10,1,3,,problem_solving
5200,0.006144052568062237,0.004736138125176182,0.4,5.156055911269563,[0.         0.         0.         0.         0.         0.         0.         0.         0.         0.         0.         0.         0.         0.01340781 0.         0.         0.         0.         0.         0.         0.         0.         0.         0.         0.         0.96971663 0.         0.01687555 0.         0.         0.        ],[0. 0. 0. 0. 0. 0. 0. 0. 0. 0. 0. 0. 0. 1. 0. 0. 0. 0. 0. 0. 0. 0. 0. 0. 0. 1. 0. 1. 0. 0. 0.],3.0,10000,30,0.6,10,1,3,,problem_solving
5300,0.006144052568062237,0.004736138125176182,0.4,2.1927208748139253,[0.         0.         0.         0.         0.         0.         0.         0.         0.         0.         0.         0.         0.         0.01340781 0.         0.         0.         0.         0.         0.         0.         0.         0.         0.         0.         0.96971663 0.         0.01687555 0.         0.         0.        ],[0. 0. 0. 0. 0. 0. 0. 0. 0. 0. 0. 0. 0. 1. 0. 0. 0. 0. 0. 0. 0. 0. 0. 0. 0. 1. 0. 1. 0. 0. 0.],3.0,10000,30,0.6,10,1,3,,problem_solving
5400,0.006144052568062237,0.004736138125176182,0.4,-1.689587785484962,[0.         0.         0.         0.         0.         0.         0.         0.         0.         0.         0.         0.         0.         0.01340781 0.         0.         0.         0.         0.         0.         0.         0.         0.         0.         0.         0.96971663 0.         0.01687555 0.         0.         0.        ],[0. 0. 0. 0. 0. 0. 0. 0. 0. 0. 0. 0. 0. 1. 0. 0. 0. 0. 0. 0. 0. 0. 0. 0. 0. 1. 0. 1. 0. 0. 0.],3.0,10000,30,0.6,10,1,3,,problem_solving
5500,0.006144052568062237,0.004736138125176182,0.4,-7.087426288807281,[0.         0.         0.         0.         0.         0.         0.         0.         0.         0.         0.         0.         0.         0.01340781 0.         0.         0.         0.         0.         0.         0.         0.         0.         0.         0.         0.96971663 0.         0.01687555 0.         0.         0.        ],[0. 0. 0. 0. 0. 0. 0. 0. 0. 0. 0. 0. 0. 1. 0. 0. 0. 0. 0. 0. 0. 0. 0. 0. 0. 1. 0. 1. 0. 0. 0.],3.0,10000,30,0.6,10,1,3,,problem_solving
5600,0.006144052568062237,0.004736138125176182,0.4,5.371324464352313,[0.         0.         0.         0.         0.         0.         0.         0.         0.         0.         0.         0.         0.         0.01340781 0.         0.         0.         0.         0.         0.         0.         0.         0.         0.         0.         0.96971663 0.         0.01687555 0.         0.         0.        ],[0. 0. 0. 0. 0. 0. 0. 0. 0. 0. 0. 0. 0. 1. 0. 0. 0. 0. 0. 0. 0. 0. 0. 0. 0. 1. 0. 1. 0. 0. 0.],3.0,10000,30,0.6,10,1,3,,problem_solving
5700,0.006144052568062237,0.004736138125176182,0.4,10.328911026369244,[0.         0.         0.         0.         0.         0.         0.         0.         0.         0.         0.         0.         0.         0.01340781 0.         0.         0.         0.         0.         0.         0.         0.         0.         0.         0.         0.96971663 0.         0.01687555 0.         0.         0.        ],[0. 0. 0. 0. 0. 0. 0. 0. 0. 0. 0. 0. 0. 1. 0. 0. 0. 0. 0. 0. 0. 0. 0. 0. 0. 1. 0. 1. 0. 0. 0.],3.0,10000,30,0.6,10,1,3,,problem_solving
5800,0.006144052568062237,0.004736138125176182,0.4,7.981697521033938,[0.         0.         0.         0.         0.         0.         0.         0.         0.         0.         0.         0.         0.         0.01340781 0.         0.         0.         0.         0.         0.         0.         0.         0.         0.         0.         0.96971663 0.         0.01687555 0.         0.         0.        ],[0. 0. 0. 0. 0. 0. 0. 0. 0. 0. 0. 0. 0. 1. 0. 0. 0. 0. 0. 0. 0. 0. 0. 0. 0. 1. 0. 1. 0. 0. 0.],3.0,10000,30,0.6,10,1,3,,problem_solving
5900,0.006144052568062237,0.004736138125176182,0.4,-3.1793431807698362,[0.         0.         0.         0.         0.         0.         0.         0.         0.         0.         0.         0.         0.         0.01340781 0.         0.         0.         0.         0.         0.         0.         0.         0.         0.         0.         0.96971663 0.         0.01687555 0.         0.         0.        ],[0. 0. 0. 0. 0. 0. 0. 0. 0. 0. 0. 0. 0. 1. 0. 0. 0. 0. 0. 0. 0. 0. 0. 0. 0. 1. 0. 1. 0. 0. 0.],3.0,10000,30,0.6,10,1,3,,problem_solving
6000,0.006144052568062237,0.004736138125176182,0.4,-6.1578929588918925,[0.         0.         0.         0.         0.         0.         0.         0.         0.         0.         0.         0.         0.         0.01340781 0.         0.         0.         0.         0.         0.         0.         0.         0.         0.         0.         0.96971663 0.         0.01687555 0.         0.         0.        ],[0. 0. 0. 0. 0. 0. 0. 0. 0. 0. 0. 0. 0. 1. 0. 0. 0. 0. 0. 0. 0. 0. 0. 0. 0. 1. 0. 1. 0. 0. 0.],3.0,10000,30,0.6,10,1,3,,problem_solving
6100,0.006144052568062237,0.004736138125176182,0.4,-0.7522964135811949,[0.         0.         0.         0.         0.         0.         0.         0.         0.         0.         0.         0.         0.         0.01340781 0.         0.         0.         0.         0.         0.         0.         0.         0.         0.         0.         0.96971663 0.         0.01687555 0.         0.         0.        ],[0. 0. 0. 0. 0. 0. 0. 0. 0. 0. 0. 0. 0. 1. 0. 0. 0. 0. 0. 0. 0. 0. 0. 0. 0. 1. 0. 1. 0. 0. 0.],3.0,10000,30,0.6,10,1,3,,problem_solving
6200,0.006144052568062237,0.004736138125176182,0.4,-13.56608956509383,[0.         0.         0.         0.         0.         0.         0.         0.         0.         0.         0.         0.         0.         0.01340781 0.         0.         0.         0.         0.         0.         0.         0.         0.         0.         0.         0.96971663 0.         0.01687555 0.         0.         0.        ],[0. 0. 0. 0. 0. 0. 0. 0. 0. 0. 0. 0. 0. 1. 0. 0. 0. 0. 0. 0. 0. 0. 0. 0. 0. 1. 0. 1. 0. 0. 0.],3.0,10000,30,0.6,10,1,3,,problem_solving
6300,0.006144052568062237,0.004736138125176182,0.4,-4.922103498835546,[0.         0.         0.         0.         0.         0.         0.         0.         0.         0.         0.         0.         0.         0.01340781 0.         0.         0.         0.         0.         0.         0.         0.         0.         0.         0.         0.96971663 0.         0.01687555 0.         0.         0.        ],[0. 0. 0. 0. 0. 0. 0. 0. 0. 0. 0. 0. 0. 1. 0. 0. 0. 0. 0. 0. 0. 0. 0. 0. 0. 1. 0. 1. 0. 0. 0.],3.0,10000,30,0.6,10,1,3,,problem_solving
6400,0.006144052568062237,0.004736138125176182,0.4,1.3354165200783457,[0.         0.         0.         0.         0.         0.         0.         0.         0.         0.         0.         0.         0.         0.01340781 0.         0.         0.         0.         0.         0.         0.         0.         0.         0.         0.         0.96971663 0.         0.01687555 0.         0.         0.        ],[0. 0. 0. 0. 0. 0. 0. 0. 0. 0. 0. 0. 0. 1. 0. 0. 0. 0. 0. 0. 0. 0. 0. 0. 0. 1. 0. 1. 0. 0. 0.],3.0,10000,30,0.6,10,1,3,,problem_solving
6500,0.006144052568062237,0.004736138125176182,0.4,-0.7051411345485068,[0.         0.         0.         0.         0.         0.         0.         0.         0.         0.         0.         0.         0.         0.01340781 0.         0.         0.         0.         0.         0.         0.         0.         0.         0.         0.         0.96971663 0.         0.01687555 0.         0.         0.        ],[0. 0. 0. 0. 0. 0. 0. 0. 0. 0. 0. 0. 0. 1. 0. 0. 0. 0. 0. 0. 0. 0. 0. 0. 0. 1. 0. 1. 0. 0. 0.],3.0,10000,30,0.6,10,1,3,,problem_solving
6600,0.006144052568062237,0.004736138125176182,0.4,-17.623227686629086,[0.         0.         0.         0.         0.         0.         0.         0.         0.         0.         0.         0.         0.         0.01340781 0.         0.         0.         0.         0.         0.         0.         0.         0.         0.         0.         0.96971663 0.         0.01687555 0.         0.         0.        ],[0. 0. 0. 0. 0. 0. 0. 0. 0. 0. 0. 0. 0. 1. 0. 0. 0. 0. 0. 0. 0. 0. 0. 0. 0. 1. 0. 1. 0. 0. 0.],3.0,10000,30,0.6,10,1,3,,problem_solving
6700,0.006144052568062237,0.004736138125176182,0.4,-3.2844397799406018,[0.         0.         0.         0.         0.         0.         0.         0.         0.         0.         0.         0.         0.         0.01340781 0.         0.         0.         0.         0.         0.         0.         0.         0.         0.         0.         0.96971663 0.         0.01687555 0.         0.         0.        ],[0. 0. 0. 0. 0. 0. 0. 0. 0. 0. 0. 0. 0. 1. 0. 0. 0. 0. 0. 0. 0. 0. 0. 0. 0. 1. 0. 1. 0. 0. 0.],3.0,10000,30,0.6,10,1,3,,problem_solving
6800,0.006144052568062237,0.004736138125176182,0.4,-10.654272962390332,[0.         0.         0.         0.         0.         0.         0.         0.         0.         0.         0.         0.         0.         0.01340781 0.         0.         0.         0.         0.         0.         0.         0.         0.         0.         0.         0.96971663 0.         0.01687555 0.         0.         0.        ],[0. 0. 0. 0. 0. 0. 0. 0. 0. 0. 0. 0. 0. 1. 0. 0. 0. 0. 0. 0. 0. 0. 0. 0. 0. 1. 0. 1. 0. 0. 0.],3.0,10000,30,0.6,10,1,3,,problem_solving
6900,0.005516675764289011,0.002340675447490813,0.4,1.770839796976957,[0.         0.         0.         0.         0.         0.         0.         0.         0.         0.         0.         0.         0.         0.         0.         0.01354955 0.         0.         0.         0.         0.         0.         0.         0.         0.         0.0132154  0.         0.97323505 0.         0.         0.        ],[0. 0. 0. 0. 0. 0. 0. 0. 0. 0. 0. 0. 0. 0. 0. 1. 0. 0. 0. 0. 0. 0. 0. 0. 0. 1. 0. 1. 0. 0. 0.],3.0,10000,30,0.6,10,1,3,,problem_solving
7000,0.005516675764289011,0.002340675447490813,0.4,-2.774124864345188,[0.         0.         0.         0.         0.         0.         0.         0.         0.         0.         0.         0.         0.         0.         0.         0.01354955 0.         0.         0.         0.         0.         0.         0.         0.         0.         0.0132154  0.         0.97323505 0.         0.         0.        ],[0. 0. 0. 0. 0. 0. 0. 0. 0. 0. 0. 0. 0. 0. 0. 1. 0. 0. 0. 0. 0. 0. 0. 0. 0. 1. 0. 1. 0. 0. 0.],3.0,10000,30,0.6,10,1,3,,problem_solving
7100,0.005516675764289011,0.002340675447490813,0.4,-2.3525378637564387,[0.         0.         0.         0.         0.         0.         0.         0.         0.         0.         0.         0.         0.         0.         0.         0.01354955 0.         0.         0.         0.         0.         0.         0.         0.         0.         0.0132154  0.         0.97323505 0.         0.         0.        ],[0. 0. 0. 0. 0. 0. 0. 0. 0. 0. 0. 0. 0. 0. 0. 1. 0. 0. 0. 0. 0. 0. 0. 0. 0. 1. 0. 1. 0. 0. 0.],3.0,10000,30,0.6,10,1,3,,problem_solving
7200,0.005516675764289011,0.002340675447490813,0.4,-2.045626175542748,[0.         0.         0.         0.         0.         0.         0.         0.         0.         0.         0.         0.         0.         0.         0.         0.01354955 0.         0.         0.         0.         0.         0.         0.         0.         0.         0.0132154  0.         0.97323505 0.         0.         0.        ],[0. 0. 0. 0. 0. 0. 0. 0. 0. 0. 0. 0. 0. 0. 0. 1. 0. 0. 0. 0. 0. 0. 0. 0. 0. 1. 0. 1. 0. 0. 0.],3.0,10000,30,0.6,10,1,3,,problem_solving
7300,0.005516675764289011,0.002340675447490813,0.4,5.808824967605878,[0.         0.         0.         0.         0.         0.         0.         0.         0.         0.         0.         0.         0.         0.         0.         0.01354955 0.         0.         0.         0.         0.         0.         0.         0.         0.         0.0132154  0.         0.97323505 0.         0.         0.        ],[0. 0. 0. 0. 0. 0. 0. 0. 0. 0. 0. 0. 0. 0. 0. 1. 0. 0. 0. 0. 0. 0. 0. 0. 0. 1. 0. 1. 0. 0. 0.],3.0,10000,30,0.6,10,1,3,,problem_solving
7400,0.005516675764289011,0.002340675447490813,0.4,5.7623111806854554,[0.         0.         0.         0.         0.         0.         0.         0.         0.         0.         0.         0.         0.         0.         0.         0.01354955 0.         0.         0.         0.         0.         0.         0.         0.         0.         0.0132154  0.         0.97323505 0.         0.         0.        ],[0. 0. 0. 0. 0. 0. 0. 0. 0. 0. 0. 0. 0. 0. 0. 1. 0. 0. 0. 0. 0. 0. 0. 0. 0. 1. 0. 1. 0. 0. 0.],3.0,10000,30,0.6,10,1,3,,problem_solving
7500,0.005516675764289011,0.002340675447490813,0.4,1.229597426907068,[0.         0.         0.         0.         0.         0.         0.         0.         0.         0.         0.         0.         0.         0.         0.         0.01354955 0.         0.         0.         0.         0.         0.         0.         0.         0.         0.0132154  0.         0.97323505 0.         0.         0.        ],[0. 0. 0. 0. 0. 0. 0. 0. 0. 0. 0. 0. 0. 0. 0. 1. 0. 0. 0. 0. 0. 0. 0. 0. 0. 1. 0. 1. 0. 0. 0.],3.0,10000,30,0.6,10,1,3,,problem_solving
7600,0.005516675764289011,0.002340675447490813,0.4,20.680398975124852,[0.         0.         0.         0.         0.         0.         0.         0.         0.         0.         0.         0.         0.         0.         0.         0.01354955 0.         0.         0.         0.         0.         0.         0.         0.         0.         0.0132154  0.         0.97323505 0.         0.         0.        ],[0. 0. 0. 0. 0. 0. 0. 0. 0. 0. 0. 0. 0. 0. 0. 1. 0. 0. 0. 0. 0. 0. 0. 0. 0. 1. 0. 1. 0. 0. 0.],3.0,10000,30,0.6,10,1,3,,problem_solving
7700,0.005516675764289011,0.002340675447490813,0.4,2.3882409996975245,[0.         0.         0.         0.         0.         0.         0.         0.         0.         0.         0.         0.         0.         0.         0.         0.01354955 0.         0.         0.         0.         0.         0.         0.         0.         0.         0.0132154  0.         0.97323505 0.         0.         0.        ],[0. 0. 0. 0. 0. 0. 0. 0. 0. 0. 0. 0. 0. 0. 0. 1. 0. 0. 0. 0. 0. 0. 0. 0. 0. 1. 0. 1. 0. 0. 0.],3.0,10000,30,0.6,10,1,3,,problem_solving
7800,0.005516675764289011,0.002340675447490813,0.4,14.450360262708308,[0.         0.         0.         0.         0.         0.         0.         0.         0.         0.         0.         0.         0.         0.         0.         0.01354955 0.         0.         0.         0.         0.         0.         0.         0.         0.         0.0132154  0.         0.97323505 0.         0.         0.        ],[0. 0. 0. 0. 0. 0. 0. 0. 0. 0. 0. 0. 0. 0. 0. 1. 0. 0. 0. 0. 0. 0. 0. 0. 0. 1. 0. 1. 0. 0. 0.],3.0,10000,30,0.6,10,1,3,,problem_solving
7900,0.005516675764289011,0.002340675447490813,0.4,-13.03476787386881,[0.         0.         0.         0.         0.         0.         0.         0.         0.         0.         0.         0.         0.         0.         0.         0.01354955 0.         0.         0.         0.         0.         0.         0.         0.         0.         0.0132154  0.         0.97323505 0.         0.         0.        ],[0. 0. 0. 0. 0. 0. 0. 0. 0. 0. 0. 0. 0. 0. 0. 1. 0. 0. 0. 0. 0. 0. 0. 0. 0. 1. 0. 1. 0. 0. 0.],3.0,10000,30,0.6,10,1,3,,problem_solving
8000,0.005516675764289011,0.002340675447490813,0.4,7.3152528952208575,[0.         0.         0.         0.         0.         0.         0.         0.         0.         0.         0.         0.         0.         0.         0.         0.01354955 0.         0.         0.         0.         0.         0.         0.         0.         0.         0.0132154  0.         0.97323505 0.         0.         0.        ],[0. 0. 0. 0. 0. 0. 0. 0. 0. 0. 0. 0. 0. 0. 0. 1. 0. 0. 0. 0. 0. 0. 0. 0. 0. 1. 0. 1. 0. 0. 0.],3.0,10000,30,0.6,10,1,3,,problem_solving
8100,0.005516675764289011,0.002340675447490813,0.4,-3.192478286797344,[0.         0.         0.         0.         0.         0.         0.         0.         0.         0.         0.         0.         0.         0.         0.         0.01354955 0.         0.         0.         0.         0.         0.         0.         0.         0.         0.0132154  0.         0.97323505 0.         0.         0.        ],[0. 0. 0. 0. 0. 0. 0. 0. 0. 0. 0. 0. 0. 0. 0. 1. 0. 0. 0. 0. 0. 0. 0. 0. 0. 1. 0. 1. 0. 0. 0.],3.0,10000,30,0.6,10,1,3,,problem_solving
8200,0.005516675764289011,0.002340675447490813,0.4,-6.265960675514083,[0.         0.         0.         0.         0.         0.         0.         0.         0.         0.         0.         0.         0.         0.         0.         0.01354955 0.         0.         0.         0.         0.         0.         0.         0.         0.         0.0132154  0.         0.97323505 0.         0.         0.        ],[0. 0. 0. 0. 0. 0. 0. 0. 0. 0. 0. 0. 0. 0. 0. 1. 0. 0. 0. 0. 0. 0. 0. 0. 0. 1. 0. 1. 0. 0. 0.],3.0,10000,30,0.6,10,1,3,,problem_solving
8300,0.005516675764289011,0.002340675447490813,0.4,-1.592105201881082,[0.         0.         0.         0.         0.         0.         0.         0.         0.         0.         0.         0.         0.         0.         0.         0.01354955 0.         0.         0.         0.         0.         0.         0.         0.         0.         0.0132154  0.         0.97323505 0.         0.         0.        ],[0. 0. 0. 0. 0. 0. 0. 0. 0. 0. 0. 0. 0. 0. 0. 1. 0. 0. 0. 0. 0. 0. 0. 0. 0. 1. 0. 1. 0. 0. 0.],3.0,10000,30,0.6,10,1,3,,problem_solving
8400,0.005516675764289011,0.002340675447490813,0.4,-18.226630116193835,[0.         0.         0.         0.         0.         0.         0.         0.         0.         0.         0.         0.         0.         0.         0.         0.01354955 0.         0.         0.         0.         0.         0.         0.         0.         0.         0.0132154  0.         0.97323505 0.         0.         0.        ],[0. 0. 0. 0. 0. 0. 0. 0. 0. 0. 0. 0. 0. 0. 0. 1. 0. 0. 0. 0. 0. 0. 0. 0. 0. 1. 0. 1. 0. 0. 0.],3.0,10000,30,0.6,10,1,3,,problem_solving
8500,0.005516675764289011,0.002340675447490813,0.4,1.4136929994930338,[0.         0.         0.         0.         0.         0.         0.         0.         0.         0.         0.         0.         0.         0.         0.         0.01354955 0.         0.         0.         0.         0.         0.         0.         0.         0.         0.0132154  0.         0.97323505 0.         0.         0.        ],[0. 0. 0. 0. 0. 0. 0. 0. 0. 0. 0. 0. 0. 0. 0. 1. 0. 0. 0. 0. 0. 0. 0. 0. 0. 1. 0. 1. 0. 0. 0.],3.0,10000,30,0.6,10,1,3,,problem_solving
8600,0.005516675764289011,0.002340675447490813,0.4,6.390161970204643,[0.         0.         0.         0.         0.         0.         0.         0.         0.         0.         0.         0.         0.         0.         0.         0.01354955 0.         0.         0.         0.         0.         0.         0.         0.         0.         0.0132154  0.         0.97323505 0.         0.         0.        ],[0. 0. 0. 0. 0. 0. 0. 0. 0. 0. 0. 0. 0. 0. 0. 1. 0. 0. 0. 0. 0. 0. 0. 0. 0. 1. 0. 1. 0. 0. 0.],3.0,10000,30,0.6,10,1,3,,problem_solving
8700,0.005516675764289011,0.002340675447490813,0.4,6.32915839875643,[0.         0.         0.         0.         0.         0.         0.         0.         0.         0.         0.         0.         0.         0.         0.         0.01354955 0.         0.         0.         0.         0.         0.         0.         0.         0.         0.0132154  0.         0.97323505 0.         0.         0.        ],[0. 0. 0. 0. 0. 0. 0. 0. 0. 0. 0. 0. 0. 0. 0. 1. 0. 0. 0. 0. 0. 0. 0. 0. 0. 1. 0. 1. 0. 0. 0.],3.0,10000,30,0.6,10,1,3,,problem_solving
8800,0.005516675764289011,0.002340675447490813,0.4,-6.145115081658856,[0.         0.         0.         0.         0.         0.         0.         0.         0.         0.         0.         0.         0.         0.         0.         0.01354955 0.         0.         0.         0.         0.         0.         0.         0.         0.         0.0132154  0.         0.97323505 0.         0.         0.        ],[0. 0. 0. 0. 0. 0. 0. 0. 0. 0. 0. 0. 0. 0. 0. 1. 0. 0. 0. 0. 0. 0. 0. 0. 0. 1. 0. 1. 0. 0. 0.],3.0,10000,30,0.6,10,1,3,,problem_solving
8900,0.005516675764289011,0.002340675447490813,0.4,3.932889882023471,[0.         0.         0.         0.         0.         0.         0.         0.         0.         0.         0.         0.         0.         0.         0.         0.01354955 0.         0.         0.         0.         0.         0.         0.         0.         0.         0.0132154  0.         0.97323505 0.         0.         0.        ],[0. 0. 0. 0. 0. 0. 0. 0. 0. 0. 0. 0. 0. 0. 0. 1. 0. 0. 0. 0. 0. 0. 0. 0. 0. 1. 0. 1. 0. 0. 0.],3.0,10000,30,0.6,10,1,3,,problem_solving
9000,0.005516675764289011,0.002340675447490813,0.4,19.02469896756074,[0.         0.         0.         0.         0.         0.         0.         0.         0.         0.         0.         0.         0.         0.         0.         0.01354955 0.         0.         0.         0.         0.         0.         0.         0.         0.         0.0132154  0.         0.97323505 0.         0.         0.        ],[0. 0. 0. 0. 0. 0. 0. 0. 0. 0. 0. 0. 0. 0. 0. 1. 0. 0. 0. 0. 0. 0. 0. 0. 0. 1. 0. 1. 0. 0. 0.],3.0,10000,30,0.6,10,1,3,,problem_solving
9100,0.005516675764289011,0.002340675447490813,0.4,-16.16784056565868,[0.         0.         0.         0.         0.         0.         0.         0.         0.         0.         0.         0.         0.         0.         0.         0.01354955 0.         0.         0.         0.         0.         0.         0.         0.         0.         0.0132154  0.         0.97323505 0.         0.         0.        ],[0. 0. 0. 0. 0. 0. 0. 0. 0. 0. 0. 0. 0. 0. 0. 1. 0. 0. 0. 0. 0. 0. 0. 0. 0. 1. 0. 1. 0. 0. 0.],3.0,10000,30,0.6,10,1,3,,problem_solving
9200,0.005516675764289011,0.002340675447490813,0.4,12.023436449055211,[0.         0.         0.         0.         0.         0.         0.         0.         0.         0.         0.         0.         0.         0.         0.         0.01354955 0.         0.         0.         0.         0.         0.         0.         0.         0.         0.0132154  0.         0.97323505 0.         0.         0.        ],[0. 0. 0. 0. 0. 0. 0. 0. 0. 0. 0. 0. 0. 0. 0. 1. 0. 0. 0. 0. 0. 0. 0. 0. 0. 1. 0. 1. 0. 0. 0.],3.0,10000,30,0.6,10,1,3,,problem_solving
9300,0.005516675764289011,0.002340675447490813,0.4,4.562106064257912,[0.         0.         0.         0.         0.         0.         0.         0.         0.         0.         0.         0.         0.         0.         0.         0.01354955 0.         0.         0.         0.         0.         0.         0.         0.         0.         0.0132154  0.         0.97323505 0.         0.         0.        ],[0. 0. 0. 0. 0. 0. 0. 0. 0. 0. 0. 0. 0. 0. 0. 1. 0. 0. 0. 0. 0. 0. 0. 0. 0. 1. 0. 1. 0. 0. 0.],3.0,10000,30,0.6,10,1,3,,problem_solving
9400,0.005516675764289011,0.002340675447490813,0.4,-4.868292995628272,[0.         0.         0.         0.         0.         0.         0.         0.         0.         0.         0.         0.         0.         0.         0.         0.01354955 0.         0.         0.         0.         0.         0.         0.         0.         0.         0.0132154  0.         0.97323505 0.         0.         0.        ],[0. 0. 0. 0. 0. 0. 0. 0. 0. 0. 0. 0. 0. 0. 0. 1. 0. 0. 0. 0. 0. 0. 0. 0. 0. 1. 0. 1. 0. 0. 0.],3.0,10000,30,0.6,10,1,3,,problem_solving
9500,0.005516675764289011,0.002340675447490813,0.4,-1.3422537533957632,[0.         0.         0.         0.         0.         0.         0.         0.         0.         0.         0.         0.         0.         0.         0.         0.01354955 0.         0.         0.         0.         0.         0.         0.         0.         0.         0.0132154  0.         0.97323505 0.         0.         0.        ],[0. 0. 0. 0. 0. 0. 0. 0. 0. 0. 0. 0. 0. 0. 0. 1. 0. 0. 0. 0. 0. 0. 0. 0. 0. 1. 0. 1. 0. 0. 0.],3.0,10000,30,0.6,10,1,3,,problem_solving
9600,0.005516675764289011,0.002340675447490813,0.4,-10.292745328071696,[0.         0.         0.         0.         0.         0.         0.         0.         0.         0.         0.         0.         0.         0.         0.         0.01354955 0.         0.         0.         0.         0.         0.         0.         0.         0.         0.0132154  0.         0.97323505 0.         0.         0.        ],[0. 0. 0. 0. 0. 0. 0. 0. 0. 0. 0. 0. 0. 0. 0. 1. 0. 0. 0. 0. 0. 0. 0. 0. 0. 1. 0. 1. 0. 0. 0.],3.0,10000,30,0.6,10,1,3,,problem_solving
9700,0.005516675764289011,0.002340675447490813,0.4,4.447373994596477,[0.         0.         0.         0.         0.         0.         0.         0.         0.         0.         0.         0.         0.         0.         0.         0.01354955 0.         0.         0.         0.         0.         0.         0.         0.         0.         0.0132154  0.         0.97323505 0.         0.         0.        ],[0. 0. 0. 0. 0. 0. 0. 0. 0. 0. 0. 0. 0. 0. 0. 1. 0. 0. 0. 0. 0. 0. 0. 0. 0. 1. 0. 1. 0. 0. 0.],3.0,10000,30,0.6,10,1,3,,problem_solving
9800,0.005516675764289011,0.002340675447490813,0.4,-21.435744804913398,[0.         0.         0.         0.         0.         0.         0.         0.         0.         0.         0.         0.         0.         0.         0.         0.01354955 0.         0.         0.         0.         0.         0.         0.         0.         0.         0.0132154  0.         0.97323505 0.         0.         0.        ],[0. 0. 0. 0. 0. 0. 0. 0. 0. 0. 0. 0. 0. 0. 0. 1. 0. 0. 0. 0. 0. 0. 0. 0. 0. 1. 0. 1. 0. 0. 0.],3.0,10000,30,0.6,10,1,3,,problem_solving
9900,0.005516675764289011,0.002340675447490813,0.4,-1.0247459336932383,[0.         0.         0.         0.         0.         0.         0.         0.         0.         0.         0.         0.         0.         0.         0.         0.01354955 0.         0.         0.         0.         0.         0.         0.         0.         0.         0.0132154  0.         0.97323505 0.         0.         0.        ],[0. 0. 0. 0. 0. 0. 0. 0. 0. 0. 0. 0. 0. 0. 0. 1. 0. 0. 0. 0. 0. 0. 0. 0. 0. 1. 0. 1. 0. 0. 0.],3.0,10000,30,0.6,10,1,3,,problem_solving
9999,0.005516675764289011,0.002340675447490813,0.4,6.9259398529562475,[0.         0.         0.         0.         0.         0.         0.         0.         0.         0.         0.         0.         0.         0.         0.         0.01354955 0.         0.         0.         0.         0.         0.         0.         0.         0.         0.0132154  0.         0.97323505 0.         0.         0.        ],[0. 0. 0. 0. 0. 0. 0. 0. 0. 0. 0. 0. 0. 0. 0. 1. 0. 0. 0. 0. 0. 0. 0. 0. 0. 1. 0. 1. 0. 0. 0.],3.0,10000,30,0.6,10,1,3,,problem_solving
