iter,cost,return,par,move,X,Z,Q,max_iter,mem_size,mem_consider,sigma,port_n,k,seed,tag
1,0.13251246786072388,0.0069629814534736285,0.4,-20.779616747434623,[0.         0.         0.         0.         0.91108178 0.02415535 0.         0.         0.         0.01221999 0.02510544 0.         0.         0.         0.01413117 0.         0.         0.01330626 0.         0.         0.         0.         0.         0.         0.         0.         0.         0.         0.         0.         0.        ],[0. 0. 0. 0. 1. 1. 0. 0. 0. 1. 1. 0. 0. 0. 1. 0. 0. 1. 0. 0. 0. 0. 0. 0. 0. 0. 0. 0. 0. 0. 0.],6.0,10000,30,0.6,10,1,6,,problem_solving
100,0.030683959321543147,0.010015313077699772,0.4,3.982196932612096,[0.         0.         0.         0.01117238 0.94314631 0.         0.         0.         0.         0.         0.01184815 0.         0.         0.         0.         0.         0.         0.         0.         0.         0.         0.         0.01144197 0.         0.         0.         0.         0.01121129 0.         0.         0.01117989],[0. 0. 0. 1. 1. 0. 0. 0. 0. 0. 1. 0. 0. 0. 0. 0. 0. 0. 0. 0. 0. 0. 1. 0. 0. 0. 0. 1. 0. 0. 1.],6.0,10000,30,0.6,10,1,6,,problem_solving
200,0.025181062316764532,0.010325748069083903,0.4,-13.785016801849938,[0.02484628 0.         0.         0.01093545 0.9181422  0.         0.         0.         0.01139174 0.         0.         0.         0.         0.         0.         0.         0.         0.         0.         0.01434567 0.         0.         0.         0.         0.         0.         0.         0.         0.02033866 0.         0.        ],[1. 0. 0. 1. 1. 0. 0. 0. 1. 0. 0. 0. 0. 0. 0. 0. 0. 0. 0. 1. 0. 0. 0. 0. 0. 0. 0. 0. 1. 0. 0.],6.0,10000,30,0.6,10,1,6,,problem_solving
300,0.025181062316764532,0.010325748069083903,0.4,-2.978719233537077,[0.02484628 0.         0.         0.01093545 0.9181422  0.         0.         0.         0.01139174 0.         0.         0.         0.         0.         0.         0.         0.         0.         0.         0.01434567 0.         0.         0.         0.         0.         0.         0.         0.         0.02033866 0.         0.        ],[1. 0. 0. 1. 1. 0. 0. 0. 1. 0. 0. 0. 0. 0. 0. 0. 0. 0. 0. 1. 0. 0. 0. 0. 0. 0. 0. 0. 1. 0. 0.],6.0,10000,30,0.6,10,1,6,,problem_solving
400,0.025181062316764532,0.010325748069083903,0.4,-0.8227662332419341,[0.02484628 0.         0.         0.01093545 0.9181422  0.         0.         0.         0.01139174 0.         0.         0.         0.         0.         0.         0.         0.         0.         0.         0.01434567 0.         0.         0.         0.         0.         0.         0.         0.         0.02033866 0.         0.        ],[1. 0. 0. 1. 1. 0. 0. 0. 1. 0. 0. 0. 0. 0. 0. 0. 0. 0. 0. 1. 0. 0. 0. 0. 0. 0. 0. 0. 1. 0. 0.],6.0,10000,30,0.6,10,1,6,,problem_solving
500,0.025181062316764532,0.010325748069083903,0.4,-20.22977635878929,[0.02484628 0.         0.         0.01093545 0.9181422  0.         0.         0.         0.01139174 0.         0.         0.         0.         0.         0.         0.         0.         0.         0.         0.01434567 0.         0.         0.         0.         0.         0.         0.         0.         0.02033866 0.         0.        ],[1. 0. 0. 1. 1. 0. 0. 0. 1. 0. 0. 0. 0. 0. 0. 0. 0. 0. 0. 1. 0. 0. 0. 0. 0. 0. 0. 0. 1. 0. 0.],6.0,10000,30,0.6,10,1,6,,problem_solving
600,0.025181062316764532,0.010325748069083903,0.4,5.51841398084441,[0.02484628 0.         0.         0.01093545 0.9181422  0.         0.         0.         0.01139174 0.         0.         0.         0.         0.         0.         0.         0.         0.         0.         0.01434567 0.         0.         0.         0.         0.         0.         0.         0.         0.02033866 0.         0.        ],[1. 0. 0. 1. 1. 0. 0. 0. 1. 0. 0. 0. 0. 0. 0. 0. 0. 0. 0. 1. 0. 0. 0. 0. 0. 0. 0. 0. 1. 0. 0.],6.0,10000,30,0.6,10,1,6,,problem_solving
700,0.025181062316764532,0.010325748069083903,0.4,-0.28719064143834716,[0.02484628 0.         0.         0.01093545 0.9181422  0.         0.         0.         0.01139174 0.         0.         0.         0.         0.         0.         0.         0.         0.         0.         0.01434567 0.         0.         0.         0.         0.         0.         0.         0.         0.02033866 0.         0.        ],[1. 0. 0. 1. 1. 0. 0. 0. 1. 0. 0. 0. 0. 0. 0. 0. 0. 0. 0. 1. 0. 0. 0. 0. 0. 0. 0. 0. 1. 0. 0.],6.0,10000,30,0.6,10,1,6,,problem_solving
800,0.019627392463473774,0.010302500911381345,0.4,-7.378786505129663,[0.         0.         0.         0.         0.92560126 0.02475282 0.         0.         0.         0.01368759 0.         0.         0.         0.         0.         0.         0.         0.         0.         0.         0.         0.         0.         0.         0.         0.01251752 0.         0.01082417 0.01261664 0.         0.        ],[0. 0. 0. 0. 1. 1. 0. 0. 0. 1. 0. 0. 0. 0. 0. 0. 0. 0. 0. 0. 0. 0. 0. 0. 0. 1. 0. 1. 1. 0. 0.],6.0,10000,30,0.6,10,1,6,,problem_solving
900,0.019627392463473774,0.010302500911381345,0.4,23.49309961487622,[0.         0.         0.         0.         0.92560126 0.02475282 0.         0.         0.         0.01368759 0.         0.         0.         0.         0.         0.         0.         0.         0.         0.         0.         0.         0.         0.         0.         0.01251752 0.         0.01082417 0.01261664 0.         0.        ],[0. 0. 0. 0. 1. 1. 0. 0. 0. 1. 0. 0. 0. 0. 0. 0. 0. 0. 0. 0. 0. 0. 0. 0. 0. 1. 0. 1. 1. 0. 0.],6.0,10000,30,0.6,10,1,6,,problem_solving
1000,0.019627392463473774,0.010302500911381345,0.4,11.727861476861483,[0.         0.         0.         0.         0.92560126 0.02475282 0.         0.         0.         0.01368759 0.         0.         0.         0.         0.         0.         0.         0.         0.         0.         0.         0.         0.         0.         0.         0.01251752 0.         0.01082417 0.01261664 0.         0.        ],[0. 0. 0. 0. 1. 1. 0. 0. 0. 1. 0. 0. 0. 0. 0. 0. 0. 0. 0. 0. 0. 0. 0. 0. 0. 1. 0. 1. 1. 0. 0.],6.0,10000,30,0.6,10,1,6,,problem_solving
1100,0.019627392463473774,0.010302500911381345,0.4,-8.697024708102148,[0.         0.         0.         0.         0.92560126 0.02475282 0.         0.         0.         0.01368759 0.         0.         0.         0.         0.         0.         0.         0.         0.         0.         0.         0.         0.         0.         0.         0.01251752 0.         0.01082417 0.01261664 0.         0.        ],[0. 0. 0. 0. 1. 1. 0. 0. 0. 1. 0. 0. 0. 0. 0. 0. 0. 0. 0. 0. 0. 0. 0. 0. 0. 1. 0. 1. 1. 0. 0.],6.0,10000,30,0.6,10,1,6,,problem_solving
1200,0.019627392463473774,0.010302500911381345,0.4,-11.614904336115305,[0.         0.         0.         0.         0.92560126 0.02475282 0.         0.         0.         0.01368759 0.         0.         0.         0.         0.         0.         0.         0.         0.         0.         0.         0.         0.         0.         0.         0.01251752 0.         0.01082417 0.01261664 0.         0.        ],[0. 0. 0. 0. 1. 1. 0. 0. 0. 1. 0. 0. 0. 0. 0. 0. 0. 0. 0. 0. 0. 0. 0. 0. 0. 1. 0. 1. 1. 0. 0.],6.0,10000,30,0.6,10,1,6,,problem_solving
1300,0.019627392463473774,0.010302500911381345,0.4,-15.60351200903182,[0.         0.         0.         0.         0.92560126 0.02475282 0.         0.         0.         0.01368759 0.         0.         0.         0.         0.         0.         0.         0.         0.         0.         0.         0.         0.         0.         0.         0.01251752 0.         0.01082417 0.01261664 0.         0.        ],[0. 0. 0. 0. 1. 1. 0. 0. 0. 1. 0. 0. 0. 0. 0. 0. 0. 0. 0. 0. 0. 0. 0. 0. 0. 1. 0. 1. 1. 0. 0.],6.0,10000,30,0.6,10,1,6,,problem_solving
1400,0.019627392463473774,0.010302500911381345,0.4,-0.28561143697751956,[0.         0.         0.         0.         0.92560126 0.02475282 0.         0.         0.         0.01368759 0.         0.         0.         0.         0.         0.         0.         0.         0.         0.         0.         0.         0.         0.         0.         0.01251752 0.         0.01082417 0.01261664 0.         0.        ],[0. 0. 0. 0. 1. 1. 0. 0. 0. 1. 0. 0. 0. 0. 0. 0. 0. 0. 0. 0. 0. 0. 0. 0. 0. 1. 0. 1. 1. 0. 0.],6.0,10000,30,0.6,10,1,6,,problem_solving
1500,0.019627392463473774,0.010302500911381345,0.4,-13.09444622446492,[0.         0.         0.         0.         0.92560126 0.02475282 0.         0.         0.         0.01368759 0.         0.         0.         0.         0.         0.         0.         0.         0.         0.         0.         0.         0.         0.         0.         0.01251752 0.         0.01082417 0.01261664 0.         0.        ],[0. 0. 0. 0. 1. 1. 0. 0. 0. 1. 0. 0. 0. 0. 0. 0. 0. 0. 0. 0. 0. 0. 0. 0. 0. 1. 0. 1. 1. 0. 0.],6.0,10000,30,0.6,10,1,6,,problem_solving
1600,0.019627392463473774,0.010302500911381345,0.4,-8.430019224273682,[0.         0.         0.         0.         0.92560126 0.02475282 0.         0.         0.         0.01368759 0.         0.         0.         0.         0.         0.         0.         0.         0.         0.         0.         0.         0.         0.         0.         0.01251752 0.         0.01082417 0.01261664 0.         0.        ],[0. 0. 0. 0. 1. 1. 0. 0. 0. 1. 0. 0. 0. 0. 0. 0. 0. 0. 0. 0. 0. 0. 0. 0. 0. 1. 0. 1. 1. 0. 0.],6.0,10000,30,0.6,10,1,6,,problem_solving
1700,0.019627392463473774,0.010302500911381345,0.4,8.392234864397103,[0.         0.         0.         0.         0.92560126 0.02475282 0.         0.         0.         0.01368759 0.         0.         0.         0.         0.         0.         0.         0.         0.         0.         0.         0.         0.         0.         0.         0.01251752 0.         0.01082417 0.01261664 0.         0.        ],[0. 0. 0. 0. 1. 1. 0. 0. 0. 1. 0. 0. 0. 0. 0. 0. 0. 0. 0. 0. 0. 0. 0. 0. 0. 1. 0. 1. 1. 0. 0.],6.0,10000,30,0.6,10,1,6,,problem_solving
1800,0.019627392463473774,0.010302500911381345,0.4,-6.862216435929424,[0.         0.         0.         0.         0.92560126 0.02475282 0.         0.         0.         0.01368759 0.         0.         0.         0.         0.         0.         0.         0.         0.         0.         0.         0.         0.         0.         0.         0.01251752 0.         0.01082417 0.01261664 0.         0.        ],[0. 0. 0. 0. 1. 1. 0. 0. 0. 1. 0. 0. 0. 0. 0. 0. 0. 0. 0. 0. 0. 0. 0. 0. 0. 1. 0. 1. 1. 0. 0.],6.0,10000,30,0.6,10,1,6,,problem_solving
1900,0.019627392463473774,0.010302500911381345,0.4,1.4425026780905468,[0.         0.         0.         0.         0.92560126 0.02475282 0.         0.         0.         0.01368759 0.         0.         0.         0.         0.         0.         0.         0.         0.         0.         0.         0.         0.         0.         0.         0.01251752 0.         0.01082417 0.01261664 0.         0.        ],[0. 0. 0. 0. 1. 1. 0. 0. 0. 1. 0. 0. 0. 0. 0. 0. 0. 0. 0. 0. 0. 0. 0. 0. 0. 1. 0. 1. 1. 0. 0.],6.0,10000,30,0.6,10,1,6,,problem_solving
2000,0.019627392463473774,0.010302500911381345,0.4,6.151695763660559,[0.         0.         0.         0.         0.92560126 0.02475282 0.         0.         0.         0.01368759 0.         0.         0.         0.         0.         0.         0.         0.         0.         0.         0.         0.         0.         0.         0.         0.01251752 0.         0.01082417 0.01261664 0.         0.        ],[0. 0. 0. 0. 1. 1. 0. 0. 0. 1. 0. 0. 0. 0. 0. 0. 0. 0. 0. 0. 0. 0. 0. 0. 0. 1. 0. 1. 1. 0. 0.],6.0,10000,30,0.6,10,1,6,,problem_solving
2100,0.019627392463473774,0.010302500911381345,0.4,9.918527549850403,[0.         0.         0.         0.         0.92560126 0.02475282 0.         0.         0.         0.01368759 0.         0.         0.         0.         0.         0.         0.         0.         0.         0.         0.         0.         0.         0.         0.         0.01251752 0.         0.01082417 0.01261664 0.         0.        ],[0. 0. 0. 0. 1. 1. 0. 0. 0. 1. 0. 0. 0. 0. 0. 0. 0. 0. 0. 0. 0. 0. 0. 0. 0. 1. 0. 1. 1. 0. 0.],6.0,10000,30,0.6,10,1,6,,problem_solving
2200,0.019627392463473774,0.010302500911381345,0.4,-8.07797693245706,[0.         0.         0.         0.         0.92560126 0.02475282 0.         0.         0.         0.01368759 0.         0.         0.         0.         0.         0.         0.         0.         0.         0.         0.         0.         0.         0.         0.         0.01251752 0.         0.01082417 0.01261664 0.         0.        ],[0. 0. 0. 0. 1. 1. 0. 0. 0. 1. 0. 0. 0. 0. 0. 0. 0. 0. 0. 0. 0. 0. 0. 0. 0. 1. 0. 1. 1. 0. 0.],6.0,10000,30,0.6,10,1,6,,problem_solving
2300,0.019627392463473774,0.010302500911381345,0.4,-8.242046668691398,[0.         0.         0.         0.         0.92560126 0.02475282 0.         0.         0.         0.01368759 0.         0.         0.         0.         0.         0.         0.         0.         0.         0.         0.         0.         0.         0.         0.         0.01251752 0.         0.01082417 0.01261664 0.         0.        ],[0. 0. 0. 0. 1. 1. 0. 0. 0. 1. 0. 0. 0. 0. 0. 0. 0. 0. 0. 0. 0. 0. 0. 0. 0. 1. 0. 1. 1. 0. 0.],6.0,10000,30,0.6,10,1,6,,problem_solving
2400,0.019627392463473774,0.010302500911381345,0.4,13.4465773808777,[0.         0.         0.         0.         0.92560126 0.02475282 0.         0.         0.         0.01368759 0.         0.         0.         0.         0.         0.         0.         0.         0.         0.         0.         0.         0.         0.         0.         0.01251752 0.         0.01082417 0.01261664 0.         0.        ],[0. 0. 0. 0. 1. 1. 0. 0. 0. 1. 0. 0. 0. 0. 0. 0. 0. 0. 0. 0. 0. 0. 0. 0. 0. 1. 0. 1. 1. 0. 0.],6.0,10000,30,0.6,10,1,6,,problem_solving
2500,0.019627392463473774,0.010302500911381345,0.4,11.491030967309229,[0.         0.         0.         0.         0.92560126 0.02475282 0.         0.         0.         0.01368759 0.         0.         0.         0.         0.         0.         0.         0.         0.         0.         0.         0.         0.         0.         0.         0.01251752 0.         0.01082417 0.01261664 0.         0.        ],[0. 0. 0. 0. 1. 1. 0. 0. 0. 1. 0. 0. 0. 0. 0. 0. 0. 0. 0. 0. 0. 0. 0. 0. 0. 1. 0. 1. 1. 0. 0.],6.0,10000,30,0.6,10,1,6,,problem_solving
2600,0.019627392463473774,0.010302500911381345,0.4,9.273924333093998,[0.         0.         0.         0.         0.92560126 0.02475282 0.         0.         0.         0.01368759 0.         0.         0.         0.         0.         0.         0.         0.         0.         0.         0.         0.         0.         0.         0.         0.01251752 0.         0.01082417 0.01261664 0.         0.        ],[0. 0. 0. 0. 1. 1. 0. 0. 0. 1. 0. 0. 0. 0. 0. 0. 0. 0. 0. 0. 0. 0. 0. 0. 0. 1. 0. 1. 1. 0. 0.],6.0,10000,30,0.6,10,1,6,,problem_solving
2700,0.019627392463473774,0.010302500911381345,0.4,-6.158973871385081,[0.         0.         0.         0.         0.92560126 0.02475282 0.         0.         0.         0.01368759 0.         0.         0.         0.         0.         0.         0.         0.         0.         0.         0.         0.         0.         0.         0.         0.01251752 0.         0.01082417 0.01261664 0.         0.        ],[0. 0. 0. 0. 1. 1. 0. 0. 0. 1. 0. 0. 0. 0. 0. 0. 0. 0. 0. 0. 0. 0. 0. 0. 0. 1. 0. 1. 1. 0. 0.],6.0,10000,30,0.6,10,1,6,,problem_solving
2800,0.019627392463473774,0.010302500911381345,0.4,-1.7581536420401422,[0.         0.         0.         0.         0.92560126 0.02475282 0.         0.         0.         0.01368759 0.         0.         0.         0.         0.         0.         0.         0.         0.         0.         0.         0.         0.         0.         0.         0.01251752 0.         0.01082417 0.01261664 0.         0.        ],[0. 0. 0. 0. 1. 1. 0. 0. 0. 1. 0. 0. 0. 0. 0. 0. 0. 0. 0. 0. 0. 0. 0. 0. 0. 1. 0. 1. 1. 0. 0.],6.0,10000,30,0.6,10,1,6,,problem_solving
2900,0.019627392463473774,0.010302500911381345,0.4,-1.4184671666168416,[0.         0.         0.         0.         0.92560126 0.02475282 0.         0.         0.         0.01368759 0.         0.         0.         0.         0.         0.         0.         0.         0.         0.         0.         0.         0.         0.         0.         0.01251752 0.         0.01082417 0.01261664 0.         0.        ],[0. 0. 0. 0. 1. 1. 0. 0. 0. 1. 0. 0. 0. 0. 0. 0. 0. 0. 0. 0. 0. 0. 0. 0. 0. 1. 0. 1. 1. 0. 0.],6.0,10000,30,0.6,10,1,6,,problem_solving
3000,0.019627392463473774,0.010302500911381345,0.4,-0.628602552823005,[0.         0.         0.         0.         0.92560126 0.02475282 0.         0.         0.         0.01368759 0.         0.         0.         0.         0.         0.         0.         0.         0.         0.         0.         0.         0.         0.         0.         0.01251752 0.         0.01082417 0.01261664 0.         0.        ],[0. 0. 0. 0. 1. 1. 0. 0. 0. 1. 0. 0. 0. 0. 0. 0. 0. 0. 0. 0. 0. 0. 0. 0. 0. 1. 0. 1. 1. 0. 0.],6.0,10000,30,0.6,10,1,6,,problem_solving
3100,0.019627392463473774,0.010302500911381345,0.4,-11.154531381418813,[0.         0.         0.         0.         0.92560126 0.02475282 0.         0.         0.         0.01368759 0.         0.         0.         0.         0.         0.         0.         0.         0.         0.         0.         0.         0.         0.         0.         0.01251752 0.         0.01082417 0.01261664 0.         0.        ],[0. 0. 0. 0. 1. 1. 0. 0. 0. 1. 0. 0. 0. 0. 0. 0. 0. 0. 0. 0. 0. 0. 0. 0. 0. 1. 0. 1. 1. 0. 0.],6.0,10000,30,0.6,10,1,6,,problem_solving
3200,0.019627392463473774,0.010302500911381345,0.4,2.192183130476961,[0.         0.         0.         0.         0.92560126 0.02475282 0.         0.         0.         0.01368759 0.         0.         0.         0.         0.         0.         0.         0.         0.         0.         0.         0.         0.         0.         0.         0.01251752 0.         0.01082417 0.01261664 0.         0.        ],[0. 0. 0. 0. 1. 1. 0. 0. 0. 1. 0. 0. 0. 0. 0. 0. 0. 0. 0. 0. 0. 0. 0. 0. 0. 1. 0. 1. 1. 0. 0.],6.0,10000,30,0.6,10,1,6,,problem_solving
3300,0.019627392463473774,0.010302500911381345,0.4,-21.4718465260283,[0.         0.         0.         0.         0.92560126 0.02475282 0.         0.         0.         0.01368759 0.         0.         0.         0.         0.         0.         0.         0.         0.         0.         0.         0.         0.         0.         0.         0.01251752 0.         0.01082417 0.01261664 0.         0.        ],[0. 0. 0. 0. 1. 1. 0. 0. 0. 1. 0. 0. 0. 0. 0. 0. 0. 0. 0. 0. 0. 0. 0. 0. 0. 1. 0. 1. 1. 0. 0.],6.0,10000,30,0.6,10,1,6,,problem_solving
3400,0.019627392463473774,0.010302500911381345,0.4,-0.1784921054174651,[0.         0.         0.         0.         0.92560126 0.02475282 0.         0.         0.         0.01368759 0.         0.         0.         0.         0.         0.         0.         0.         0.         0.         0.         0.         0.         0.         0.         0.01251752 0.         0.01082417 0.01261664 0.         0.        ],[0. 0. 0. 0. 1. 1. 0. 0. 0. 1. 0. 0. 0. 0. 0. 0. 0. 0. 0. 0. 0. 0. 0. 0. 0. 1. 0. 1. 1. 0. 0.],6.0,10000,30,0.6,10,1,6,,problem_solving
3500,0.019627392463473774,0.010302500911381345,0.4,-2.8896640309479418,[0.         0.         0.         0.         0.92560126 0.02475282 0.         0.         0.         0.01368759 0.         0.         0.         0.         0.         0.         0.         0.         0.         0.         0.         0.         0.         0.         0.         0.01251752 0.         0.01082417 0.01261664 0.         0.        ],[0. 0. 0. 0. 1. 1. 0. 0. 0. 1. 0. 0. 0. 0. 0. 0. 0. 0. 0. 0. 0. 0. 0. 0. 0. 1. 0. 1. 1. 0. 0.],6.0,10000,30,0.6,10,1,6,,problem_solving
3600,0.019627392463473774,0.010302500911381345,0.4,13.92872745285773,[0.         0.         0.         0.         0.92560126 0.02475282 0.         0.         0.         0.01368759 0.         0.         0.         0.         0.         0.         0.         0.         0.         0.         0.         0.         0.         0.         0.         0.01251752 0.         0.01082417 0.01261664 0.         0.        ],[0. 0. 0. 0. 1. 1. 0. 0. 0. 1. 0. 0. 0. 0. 0. 0. 0. 0. 0. 0. 0. 0. 0. 0. 0. 1. 0. 1. 1. 0. 0.],6.0,10000,30,0.6,10,1,6,,problem_solving
3700,0.019627392463473774,0.010302500911381345,0.4,5.053967795786411,[0.         0.         0.         0.         0.92560126 0.02475282 0.         0.         0.         0.01368759 0.         0.         0.         0.         0.         0.         0.         0.         0.         0.         0.         0.         0.         0.         0.         0.01251752 0.         0.01082417 0.01261664 0.         0.        ],[0. 0. 0. 0. 1. 1. 0. 0. 0. 1. 0. 0. 0. 0. 0. 0. 0. 0. 0. 0. 0. 0. 0. 0. 0. 1. 0. 1. 1. 0. 0.],6.0,10000,30,0.6,10,1,6,,problem_solving
3800,0.019627392463473774,0.010302500911381345,0.4,9.353422027919985,[0.         0.         0.         0.         0.92560126 0.02475282 0.         0.         0.         0.01368759 0.         0.         0.         0.         0.         0.         0.         0.         0.         0.         0.         0.         0.         0.         0.         0.01251752 0.         0.01082417 0.01261664 0.         0.        ],[0. 0. 0. 0. 1. 1. 0. 0. 0. 1. 0. 0. 0. 0. 0. 0. 0. 0. 0. 0. 0. 0. 0. 0. 0. 1. 0. 1. 1. 0. 0.],6.0,10000,30,0.6,10,1,6,,problem_solving
3900,0.019627392463473774,0.010302500911381345,0.4,-5.064317371848583,[0.         0.         0.         0.         0.92560126 0.02475282 0.         0.         0.         0.01368759 0.         0.         0.         0.         0.         0.         0.         0.         0.         0.         0.         0.         0.         0.         0.         0.01251752 0.         0.01082417 0.01261664 0.         0.        ],[0. 0. 0. 0. 1. 1. 0. 0. 0. 1. 0. 0. 0. 0. 0. 0. 0. 0. 0. 0. 0. 0. 0. 0. 0. 1. 0. 1. 1. 0. 0.],6.0,10000,30,0.6,10,1,6,,problem_solving
4000,0.019627392463473774,0.010302500911381345,0.4,-3.9068708034849027,[0.         0.         0.         0.         0.92560126 0.02475282 0.         0.         0.         0.01368759 0.         0.         0.         0.         0.         0.         0.         0.         0.         0.         0.         0.         0.         0.         0.         0.01251752 0.         0.01082417 0.01261664 0.         0.        ],[0. 0. 0. 0. 1. 1. 0. 0. 0. 1. 0. 0. 0. 0. 0. 0. 0. 0. 0. 0. 0. 0. 0. 0. 0. 1. 0. 1. 1. 0. 0.],6.0,10000,30,0.6,10,1,6,,problem_solving
4100,0.019627392463473774,0.010302500911381345,0.4,1.0585608057835676,[0.         0.         0.         0.         0.92560126 0.02475282 0.         0.         0.         0.01368759 0.         0.         0.         0.         0.         0.         0.         0.         0.         0.         0.         0.         0.         0.         0.         0.01251752 0.         0.01082417 0.01261664 0.         0.        ],[0. 0. 0. 0. 1. 1. 0. 0. 0. 1. 0. 0. 0. 0. 0. 0. 0. 0. 0. 0. 0. 0. 0. 0. 0. 1. 0. 1. 1. 0. 0.],6.0,10000,30,0.6,10,1,6,,problem_solving
4200,0.019627392463473774,0.010302500911381345,0.4,-15.04964479803775,[0.         0.         0.         0.         0.92560126 0.02475282 0.         0.         0.         0.01368759 0.         0.         0.         0.         0.         0.         0.         0.         0.         0.         0.         0.         0.         0.         0.         0.01251752 0.         0.01082417 0.01261664 0.         0.        ],[0. 0. 0. 0. 1. 1. 0. 0. 0. 1. 0. 0. 0. 0. 0. 0. 0. 0. 0. 0. 0. 0. 0. 0. 0. 1. 0. 1. 1. 0. 0.],6.0,10000,30,0.6,10,1,6,,problem_solving
4300,0.019627392463473774,0.010302500911381345,0.4,21.352963789560327,[0.         0.         0.         0.         0.92560126 0.02475282 0.         0.         0.         0.01368759 0.         0.         0.         0.         0.         0.         0.         0.         0.         0.         0.         0.         0.         0.         0.         0.01251752 0.         0.01082417 0.01261664 0.         0.        ],[0. 0. 0. 0. 1. 1. 0. 0. 0. 1. 0. 0. 0. 0. 0. 0. 0. 0. 0. 0. 0. 0. 0. 0. 0. 1. 0. 1. 1. 0. 0.],6.0,10000,30,0.6,10,1,6,,problem_solving
4400,0.019627392463473774,0.010302500911381345,0.4,11.776221902204494,[0.         0.         0.         0.         0.92560126 0.02475282 0.         0.         0.         0.01368759 0.         0.         0.         0.         0.         0.         0.         0.         0.         0.         0.         0.         0.         0.         0.         0.01251752 0.         0.01082417 0.01261664 0.         0.        ],[0. 0. 0. 0. 1. 1. 0. 0. 0. 1. 0. 0. 0. 0. 0. 0. 0. 0. 0. 0. 0. 0. 0. 0. 0. 1. 0. 1. 1. 0. 0.],6.0,10000,30,0.6,10,1,6,,problem_solving
4500,0.019627392463473774,0.010302500911381345,0.4,-7.080080403458309,[0.         0.         0.         0.         0.92560126 0.02475282 0.         0.         0.         0.01368759 0.         0.         0.         0.         0.         0.         0.         0.         0.         0.         0.         0.         0.         0.         0.         0.01251752 0.         0.01082417 0.01261664 0.         0.        ],[0. 0. 0. 0. 1. 1. 0. 0. 0. 1. 0. 0. 0. 0. 0. 0. 0. 0. 0. 0. 0. 0. 0. 0. 0. 1. 0. 1. 1. 0. 0.],6.0,10000,30,0.6,10,1,6,,problem_solving
4600,0.019627392463473774,0.010302500911381345,0.4,10.737219403053913,[0.         0.         0.         0.         0.92560126 0.02475282 0.         0.         0.         0.01368759 0.         0.         0.         0.         0.         0.         0.         0.         0.         0.         0.         0.         0.         0.         0.         0.01251752 0.         0.01082417 0.01261664 0.         0.        ],[0. 0. 0. 0. 1. 1. 0. 0. 0. 1. 0. 0. 0. 0. 0. 0. 0. 0. 0. 0. 0. 0. 0. 0. 0. 1. 0. 1. 1. 0. 0.],6.0,10000,30,0.6,10,1,6,,problem_solving
4700,0.019627392463473774,0.010302500911381345,0.4,-17.43087072420581,[0.         0.         0.         0.         0.92560126 0.02475282 0.         0.         0.         0.01368759 0.         0.         0.         0.         0.         0.         0.         0.         0.         0.         0.         0.         0.         0.         0.         0.01251752 0.         0.01082417 0.01261664 0.         0.        ],[0. 0. 0. 0. 1. 1. 0. 0. 0. 1. 0. 0. 0. 0. 0. 0. 0. 0. 0. 0. 0. 0. 0. 0. 0. 1. 0. 1. 1. 0. 0.],6.0,10000,30,0.6,10,1,6,,problem_solving
4800,0.019627392463473774,0.010302500911381345,0.4,-17.50424200975345,[0.         0.         0.         0.         0.92560126 0.02475282 0.         0.         0.         0.01368759 0.         0.         0.         0.         0.         0.         0.         0.         0.         0.         0.         0.         0.         0.         0.         0.01251752 0.         0.01082417 0.01261664 0.         0.        ],[0. 0. 0. 0. 1. 1. 0. 0. 0. 1. 0. 0. 0. 0. 0. 0. 0. 0. 0. 0. 0. 0. 0. 0. 0. 1. 0. 1. 1. 0. 0.],6.0,10000,30,0.6,10,1,6,,problem_solving
4900,0.019627392463473774,0.010302500911381345,0.4,17.383278468354312,[0.         0.         0.         0.         0.92560126 0.02475282 0.         0.         0.         0.01368759 0.         0.         0.         0.         0.         0.         0.         0.         0.         0.         0.         0.         0.         0.         0.         0.01251752 0.         0.01082417 0.01261664 0.         0.        ],[0. 0. 0. 0. 1. 1. 0. 0. 0. 1. 0. 0. 0. 0. 0. 0. 0. 0. 0. 0. 0. 0. 0. 0. 0. 1. 0. 1. 1. 0. 0.],6.0,10000,30,0.6,10,1,6,,problem_solving
5000,0.019627392463473774,0.010302500911381345,0.4,-8.974645009488832,[0.         0.         0.         0.         0.92560126 0.02475282 0.         0.         0.         0.01368759 0.         0.         0.         0.         0.         0.         0.         0.         0.         0.         0.         0.         0.         0.         0.         0.01251752 0.         0.01082417 0.01261664 0.         0.        ],[0. 0. 0. 0. 1. 1. 0. 0. 0. 1. 0. 0. 0. 0. 0. 0. 0. 0. 0. 0. 0. 0. 0. 0. 0. 1. 0. 1. 1. 0. 0.],6.0,10000,30,0.6,10,1,6,,problem_solving
5100,0.019627392463473774,0.010302500911381345,0.4,15.229834464852852,[0.         0.         0.         0.         0.92560126 0.02475282 0.         0.         0.         0.01368759 0.         0.         0.         0.         0.         0.         0.         0.         0.         0.         0.         0.         0.         0.         0.         0.01251752 0.         0.01082417 0.01261664 0.         0.        ],[0. 0. 0. 0. 1. 1. 0. 0. 0. 1. 0. 0. 0. 0. 0. 0. 0. 0. 0. 0. 0. 0. 0. 0. 0. 1. 0. 1. 1. 0. 0.],6.0,10000,30,0.6,10,1,6,,problem_solving
5200,0.019627392463473774,0.010302500911381345,0.4,-7.349680912630639,[0.         0.         0.         0.         0.92560126 0.02475282 0.         0.         0.         0.01368759 0.         0.         0.         0.         0.         0.         0.         0.         0.         0.         0.         0.         0.         0.         0.         0.01251752 0.         0.01082417 0.01261664 0.         0.        ],[0. 0. 0. 0. 1. 1. 0. 0. 0. 1. 0. 0. 0. 0. 0. 0. 0. 0. 0. 0. 0. 0. 0. 0. 0. 1. 0. 1. 1. 0. 0.],6.0,10000,30,0.6,10,1,6,,problem_solving
5300,0.019627392463473774,0.010302500911381345,0.4,-5.577400623996707,[0.         0.         0.         0.         0.92560126 0.02475282 0.         0.         0.         0.01368759 0.         0.         0.         0.         0.         0.         0.         0.         0.         0.         0.         0.         0.         0.         0.         0.01251752 0.         0.01082417 0.01261664 0.         0.        ],[0. 0. 0. 0. 1. 1. 0. 0. 0. 1. 0. 0. 0. 0. 0. 0. 0. 0. 0. 0. 0. 0. 0. 0. 0. 1. 0. 1. 1. 0. 0.],6.0,10000,30,0.6,10,1,6,,problem_solving
5400,0.019627392463473774,0.010302500911381345,0.4,4.302438070682016,[0.         0.         0.         0.         0.92560126 0.02475282 0.         0.         0.         0.01368759 0.         0.         0.         0.         0.         0.         0.         0.         0.         0.         0.         0.         0.         0.         0.         0.01251752 0.         0.01082417 0.01261664 0.         0.        ],[0. 0. 0. 0. 1. 1. 0. 0. 0. 1. 0. 0. 0. 0. 0. 0. 0. 0. 0. 0. 0. 0. 0. 0. 0. 1. 0. 1. 1. 0. 0.],6.0,10000,30,0.6,10,1,6,,problem_solving
5500,0.019627392463473774,0.010302500911381345,0.4,4.4101223538695775,[0.         0.         0.         0.         0.92560126 0.02475282 0.         0.         0.         0.01368759 0.         0.         0.         0.         0.         0.         0.         0.         0.         0.         0.         0.         0.         0.         0.         0.01251752 0.         0.01082417 0.01261664 0.         0.        ],[0. 0. 0. 0. 1. 1. 0. 0. 0. 1. 0. 0. 0. 0. 0. 0. 0. 0. 0. 0. 0. 0. 0. 0. 0. 1. 0. 1. 1. 0. 0.],6.0,10000,30,0.6,10,1,6,,problem_solving
5600,0.019627392463473774,0.010302500911381345,0.4,-24.87294291542154,[0.         0.         0.         0.         0.92560126 0.02475282 0.         0.         0.         0.01368759 0.         0.         0.         0.         0.         0.         0.         0.         0.         0.         0.         0.         0.         0.         0.         0.01251752 0.         0.01082417 0.01261664 0.         0.        ],[0. 0. 0. 0. 1. 1. 0. 0. 0. 1. 0. 0. 0. 0. 0. 0. 0. 0. 0. 0. 0. 0. 0. 0. 0. 1. 0. 1. 1. 0. 0.],6.0,10000,30,0.6,10,1,6,,problem_solving
5700,0.019627392463473774,0.010302500911381345,0.4,2.998507191804936,[0.         0.         0.         0.         0.92560126 0.02475282 0.         0.         0.         0.01368759 0.         0.         0.         0.         0.         0.         0.         0.         0.         0.         0.         0.         0.         0.         0.         0.01251752 0.         0.01082417 0.01261664 0.         0.        ],[0. 0. 0. 0. 1. 1. 0. 0. 0. 1. 0. 0. 0. 0. 0. 0. 0. 0. 0. 0. 0. 0. 0. 0. 0. 1. 0. 1. 1. 0. 0.],6.0,10000,30,0.6,10,1,6,,problem_solving
5800,0.019627392463473774,0.010302500911381345,0.4,-0.9268891304661704,[0.         0.         0.         0.         0.92560126 0.02475282 0.         0.         0.         0.01368759 0.         0.         0.         0.         0.         0.         0.         0.         0.         0.         0.         0.         0.         0.         0.         0.01251752 0.         0.01082417 0.01261664 0.         0.        ],[0. 0. 0. 0. 1. 1. 0. 0. 0. 1. 0. 0. 0. 0. 0. 0. 0. 0. 0. 0. 0. 0. 0. 0. 0. 1. 0. 1. 1. 0. 0.],6.0,10000,30,0.6,10,1,6,,problem_solving
5900,0.019627392463473774,0.010302500911381345,0.4,-0.3963812698510108,[0.         0.         0.         0.         0.92560126 0.02475282 0.         0.         0.         0.01368759 0.         0.         0.         0.         0.         0.         0.         0.         0.         0.         0.         0.         0.         0.         0.         0.01251752 0.         0.01082417 0.01261664 0.         0.        ],[0. 0. 0. 0. 1. 1. 0. 0. 0. 1. 0. 0. 0. 0. 0. 0. 0. 0. 0. 0. 0. 0. 0. 0. 0. 1. 0. 1. 1. 0. 0.],6.0,10000,30,0.6,10,1,6,,problem_solving
6000,0.019627392463473774,0.010302500911381345,0.4,1.7142542205055435,[0.         0.         0.         0.         0.92560126 0.02475282 0.         0.         0.         0.01368759 0.         0.         0.         0.         0.         0.         0.         0.         0.         0.         0.         0.         0.         0.         0.         0.01251752 0.         0.01082417 0.01261664 0.         0.        ],[0. 0. 0. 0. 1. 1. 0. 0. 0. 1. 0. 0. 0. 0. 0. 0. 0. 0. 0. 0. 0. 0. 0. 0. 0. 1. 0. 1. 1. 0. 0.],6.0,10000,30,0.6,10,1,6,,problem_solving
6100,0.019627392463473774,0.010302500911381345,0.4,7.427549271700801,[0.         0.         0.         0.         0.92560126 0.02475282 0.         0.         0.         0.01368759 0.         0.         0.         0.         0.         0.         0.         0.         0.         0.         0.         0.         0.         0.         0.         0.01251752 0.         0.01082417 0.01261664 0.         0.        ],[0. 0. 0. 0. 1. 1. 0. 0. 0. 1. 0. 0. 0. 0. 0. 0. 0. 0. 0. 0. 0. 0. 0. 0. 0. 1. 0. 1. 1. 0. 0.],6.0,10000,30,0.6,10,1,6,,problem_solving
6200,0.019627392463473774,0.010302500911381345,0.4,-9.37375415727416,[0.         0.         0.         0.         0.92560126 0.02475282 0.         0.         0.         0.01368759 0.         0.         0.         0.         0.         0.         0.         0.         0.         0.         0.         0.         0.         0.         0.         0.01251752 0.         0.01082417 0.01261664 0.         0.        ],[0. 0. 0. 0. 1. 1. 0. 0. 0. 1. 0. 0. 0. 0. 0. 0. 0. 0. 0. 0. 0. 0. 0. 0. 0. 1. 0. 1. 1. 0. 0.],6.0,10000,30,0.6,10,1,6,,problem_solving
6300,0.019627392463473774,0.010302500911381345,0.4,5.253884756898012,[0.         0.         0.         0.         0.92560126 0.02475282 0.         0.         0.         0.01368759 0.         0.         0.         0.         0.         0.         0.         0.         0.         0.         0.         0.         0.         0.         0.         0.01251752 0.         0.01082417 0.01261664 0.         0.        ],[0. 0. 0. 0. 1. 1. 0. 0. 0. 1. 0. 0. 0. 0. 0. 0. 0. 0. 0. 0. 0. 0. 0. 0. 0. 1. 0. 1. 1. 0. 0.],6.0,10000,30,0.6,10,1,6,,problem_solving
6400,0.019627392463473774,0.010302500911381345,0.4,-1.2612352066796173,[0.         0.         0.         0.         0.92560126 0.02475282 0.         0.         0.         0.01368759 0.         0.         0.         0.         0.         0.         0.         0.         0.         0.         0.         0.         0.         0.         0.         0.01251752 0.         0.01082417 0.01261664 0.         0.        ],[0. 0. 0. 0. 1. 1. 0. 0. 0. 1. 0. 0. 0. 0. 0. 0. 0. 0. 0. 0. 0. 0. 0. 0. 0. 1. 0. 1. 1. 0. 0.],6.0,10000,30,0.6,10,1,6,,problem_solving
6500,0.01564301103878162,0.010428620089897355,0.4,15.36413975928636,[0.         0.         0.         0.01117238 0.94314631 0.         0.         0.         0.         0.         0.01184815 0.         0.         0.         0.         0.         0.         0.         0.         0.         0.         0.         0.01144197 0.         0.         0.         0.         0.01121129 0.         0.         0.01117989],[0. 0. 0. 1. 1. 0. 0. 0. 0. 0. 1. 0. 0. 0. 0. 0. 0. 0. 0. 0. 0. 0. 1. 0. 0. 0. 0. 1. 0. 0. 1.],6.0,10000,30,0.6,10,1,6,,problem_solving
6600,0.01564301103878162,0.010428620089897355,0.4,-10.756950384055354,[0.         0.         0.         0.01117238 0.94314631 0.         0.         0.         0.         0.         0.01184815 0.         0.         0.         0.         0.         0.         0.         0.         0.         0.         0.         0.01144197 0.         0.         0.         0.         0.01121129 0.         0.         0.01117989],[0. 0. 0. 1. 1. 0. 0. 0. 0. 0. 1. 0. 0. 0. 0. 0. 0. 0. 0. 0. 0. 0. 1. 0. 0. 0. 0. 1. 0. 0. 1.],6.0,10000,30,0.6,10,1,6,,problem_solving
6700,0.01564301103878162,0.010428620089897355,0.4,-8.392201582731133,[0.         0.         0.         0.01117238 0.94314631 0.         0.         0.         0.         0.         0.01184815 0.         0.         0.         0.         0.         0.         0.         0.         0.         0.         0.         0.01144197 0.         0.         0.         0.         0.01121129 0.         0.         0.01117989],[0. 0. 0. 1. 1. 0. 0. 0. 0. 0. 1. 0. 0. 0. 0. 0. 0. 0. 0. 0. 0. 0. 1. 0. 0. 0. 0. 1. 0. 0. 1.],6.0,10000,30,0.6,10,1,6,,problem_solving
6800,0.01564301103878162,0.010428620089897355,0.4,-0.14431790065903877,[0.         0.         0.         0.01117238 0.94314631 0.         0.         0.         0.         0.         0.01184815 0.         0.         0.         0.         0.         0.         0.         0.         0.         0.         0.         0.01144197 0.         0.         0.         0.         0.01121129 0.         0.         0.01117989],[0. 0. 0. 1. 1. 0. 0. 0. 0. 0. 1. 0. 0. 0. 0. 0. 0. 0. 0. 0. 0. 0. 1. 0. 0. 0. 0. 1. 0. 0. 1.],6.0,10000,30,0.6,10,1,6,,problem_solving
6900,0.01564301103878162,0.010428620089897355,0.4,3.111485323723352,[0.         0.         0.         0.01117238 0.94314631 0.         0.         0.         0.         0.         0.01184815 0.         0.         0.         0.         0.         0.         0.         0.         0.         0.         0.         0.01144197 0.         0.         0.         0.         0.01121129 0.         0.         0.01117989],[0. 0. 0. 1. 1. 0. 0. 0. 0. 0. 1. 0. 0. 0. 0. 0. 0. 0. 0. 0. 0. 0. 1. 0. 0. 0. 0. 1. 0. 0. 1.],6.0,10000,30,0.6,10,1,6,,problem_solving
7000,0.01564301103878162,0.010428620089897355,0.4,-0.8457738072664536,[0.         0.         0.         0.01117238 0.94314631 0.         0.         0.         0.         0.         0.01184815 0.         0.         0.         0.         0.         0.         0.         0.         0.         0.         0.         0.01144197 0.         0.         0.         0.         0.01121129 0.         0.         0.01117989],[0. 0. 0. 1. 1. 0. 0. 0. 0. 0. 1. 0. 0. 0. 0. 0. 0. 0. 0. 0. 0. 0. 1. 0. 0. 0. 0. 1. 0. 0. 1.],6.0,10000,30,0.6,10,1,6,,problem_solving
7100,0.01564301103878162,0.010428620089897355,0.4,-3.249831163418167,[0.         0.         0.         0.01117238 0.94314631 0.         0.         0.         0.         0.         0.01184815 0.         0.         0.         0.         0.         0.         0.         0.         0.         0.         0.         0.01144197 0.         0.         0.         0.         0.01121129 0.         0.         0.01117989],[0. 0. 0. 1. 1. 0. 0. 0. 0. 0. 1. 0. 0. 0. 0. 0. 0. 0. 0. 0. 0. 0. 1. 0. 0. 0. 0. 1. 0. 0. 1.],6.0,10000,30,0.6,10,1,6,,problem_solving
7200,0.01564301103878162,0.010428620089897355,0.4,-11.27895058610594,[0.         0.         0.         0.01117238 0.94314631 0.         0.         0.         0.         0.         0.01184815 0.         0.         0.         0.         0.         0.         0.         0.         0.         0.         0.         0.01144197 0.         0.         0.         0.         0.01121129 0.         0.         0.01117989],[0. 0. 0. 1. 1. 0. 0. 0. 0. 0. 1. 0. 0. 0. 0. 0. 0. 0. 0. 0. 0. 0. 1. 0. 0. 0. 0. 1. 0. 0. 1.],6.0,10000,30,0.6,10,1,6,,problem_solving
7300,0.01564301103878162,0.010428620089897355,0.4,9.14438879506361,[0.         0.         0.         0.01117238 0.94314631 0.         0.         0.         0.         0.         0.01184815 0.         0.         0.         0.         0.         0.         0.         0.         0.         0.         0.         0.01144197 0.         0.         0.         0.         0.01121129 0.         0.         0.01117989],[0. 0. 0. 1. 1. 0. 0. 0. 0. 0. 1. 0. 0. 0. 0. 0. 0. 0. 0. 0. 0. 0. 1. 0. 0. 0. 0. 1. 0. 0. 1.],6.0,10000,30,0.6,10,1,6,,problem_solving
7400,0.01564301103878162,0.010428620089897355,0.4,-9.796569374753444,[0.         0.         0.         0.01117238 0.94314631 0.         0.         0.         0.         0.         0.01184815 0.         0.         0.         0.         0.         0.         0.         0.         0.         0.         0.         0.01144197 0.         0.         0.         0.         0.01121129 0.         0.         0.01117989],[0. 0. 0. 1. 1. 0. 0. 0. 0. 0. 1. 0. 0. 0. 0. 0. 0. 0. 0. 0. 0. 0. 1. 0. 0. 0. 0. 1. 0. 0. 1.],6.0,10000,30,0.6,10,1,6,,problem_solving
7500,0.01564301103878162,0.010428620089897355,0.4,-15.7936555652447,[0.         0.         0.         0.01117238 0.94314631 0.         0.         0.         0.         0.         0.01184815 0.         0.         0.         0.         0.         0.         0.         0.         0.         0.         0.         0.01144197 0.         0.         0.         0.         0.01121129 0.         0.         0.01117989],[0. 0. 0. 1. 1. 0. 0. 0. 0. 0. 1. 0. 0. 0. 0. 0. 0. 0. 0. 0. 0. 0. 1. 0. 0. 0. 0. 1. 0. 0. 1.],6.0,10000,30,0.6,10,1,6,,problem_solving
7600,0.01564301103878162,0.010428620089897355,0.4,-5.947772484258522,[0.         0.         0.         0.01117238 0.94314631 0.         0.         0.         0.         0.         0.01184815 0.         0.         0.         0.         0.         0.         0.         0.         0.         0.         0.         0.01144197 0.         0.         0.         0.         0.01121129 0.         0.         0.01117989],[0. 0. 0. 1. 1. 0. 0. 0. 0. 0. 1. 0. 0. 0. 0. 0. 0. 0. 0. 0. 0. 0. 1. 0. 0. 0. 0. 1. 0. 0. 1.],6.0,10000,30,0.6,10,1,6,,problem_solving
7700,0.01564301103878162,0.010428620089897355,0.4,-13.057536755041266,[0.         0.         0.         0.01117238 0.94314631 0.         0.         0.         0.         0.         0.01184815 0.         0.         0.         0.         0.         0.         0.         0.         0.         0.         0.         0.01144197 0.         0.         0.         0.         0.01121129 0.         0.         0.01117989],[0. 0. 0. 1. 1. 0. 0. 0. 0. 0. 1. 0. 0. 0. 0. 0. 0. 0. 0. 0. 0. 0. 1. 0. 0. 0. 0. 1. 0. 0. 1.],6.0,10000,30,0.6,10,1,6,,problem_solving
7800,0.01564301103878162,0.010428620089897355,0.4,-17.758224508192367,[0.         0.         0.         0.01117238 0.94314631 0.         0.         0.         0.         0.         0.01184815 0.         0.         0.         0.         0.         0.         0.         0.         0.         0.         0.         0.01144197 0.         0.         0.         0.         0.01121129 0.         0.         0.01117989],[0. 0. 0. 1. 1. 0. 0. 0. 0. 0. 1. 0. 0. 0. 0. 0. 0. 0. 0. 0. 0. 0. 1. 0. 0. 0. 0. 1. 0. 0. 1.],6.0,10000,30,0.6,10,1,6,,problem_solving
7900,0.01564301103878162,0.010428620089897355,0.4,1.583566284673019,[0.         0.         0.         0.01117238 0.94314631 0.         0.         0.         0.         0.         0.01184815 0.         0.         0.         0.         0.         0.         0.         0.         0.         0.         0.         0.01144197 0.         0.         0.         0.         0.01121129 0.         0.         0.01117989],[0. 0. 0. 1. 1. 0. 0. 0. 0. 0. 1. 0. 0. 0. 0. 0. 0. 0. 0. 0. 0. 0. 1. 0. 0. 0. 0. 1. 0. 0. 1.],6.0,10000,30,0.6,10,1,6,,problem_solving
8000,0.01564301103878162,0.010428620089897355,0.4,-12.659319083273354,[0.         0.         0.         0.01117238 0.94314631 0.         0.         0.         0.         0.         0.01184815 0.         0.         0.         0.         0.         0.         0.         0.         0.         0.         0.         0.01144197 0.         0.         0.         0.         0.01121129 0.         0.         0.01117989],[0. 0. 0. 1. 1. 0. 0. 0. 0. 0. 1. 0. 0. 0. 0. 0. 0. 0. 0. 0. 0. 0. 1. 0. 0. 0. 0. 1. 0. 0. 1.],6.0,10000,30,0.6,10,1,6,,problem_solving
8100,0.01564301103878162,0.010428620089897355,0.4,2.904681374005005,[0.         0.         0.         0.01117238 0.94314631 0.         0.         0.         0.         0.         0.01184815 0.         0.         0.         0.         0.         0.         0.         0.         0.         0.         0.         0.01144197 0.         0.         0.         0.         0.01121129 0.         0.         0.01117989],[0. 0. 0. 1. 1. 0. 0. 0. 0. 0. 1. 0. 0. 0. 0. 0. 0. 0. 0. 0. 0. 0. 1. 0. 0. 0. 0. 1. 0. 0. 1.],6.0,10000,30,0.6,10,1,6,,problem_solving
8200,0.01564301103878162,0.010428620089897355,0.4,11.069811315361033,[0.         0.         0.         0.01117238 0.94314631 0.         0.         0.         0.         0.         0.01184815 0.         0.         0.         0.         0.         0.         0.         0.         0.         0.         0.         0.01144197 0.         0.         0.         0.         0.01121129 0.         0.         0.01117989],[0. 0. 0. 1. 1. 0. 0. 0. 0. 0. 1. 0. 0. 0. 0. 0. 0. 0. 0. 0. 0. 0. 1. 0. 0. 0. 0. 1. 0. 0. 1.],6.0,10000,30,0.6,10,1,6,,problem_solving
8300,0.01564301103878162,0.010428620089897355,0.4,4.6912689657851665,[0.         0.         0.         0.01117238 0.94314631 0.         0.         0.         0.         0.         0.01184815 0.         0.         0.         0.         0.         0.         0.         0.         0.         0.         0.         0.01144197 0.         0.         0.         0.         0.01121129 0.         0.         0.01117989],[0. 0. 0. 1. 1. 0. 0. 0. 0. 0. 1. 0. 0. 0. 0. 0. 0. 0. 0. 0. 0. 0. 1. 0. 0. 0. 0. 1. 0. 0. 1.],6.0,10000,30,0.6,10,1,6,,problem_solving
8400,0.01564301103878162,0.010428620089897355,0.4,-20.987184110437273,[0.         0.         0.         0.01117238 0.94314631 0.         0.         0.         0.         0.         0.01184815 0.         0.         0.         0.         0.         0.         0.         0.         0.         0.         0.         0.01144197 0.         0.         0.         0.         0.01121129 0.         0.         0.01117989],[0. 0. 0. 1. 1. 0. 0. 0. 0. 0. 1. 0. 0. 0. 0. 0. 0. 0. 0. 0. 0. 0. 1. 0. 0. 0. 0. 1. 0. 0. 1.],6.0,10000,30,0.6,10,1,6,,problem_solving
8500,0.01564301103878162,0.010428620089897355,0.4,2.9237419645068794,[0.         0.         0.         0.01117238 0.94314631 0.         0.         0.         0.         0.         0.01184815 0.         0.         0.         0.         0.         0.         0.         0.         0.         0.         0.         0.01144197 0.         0.         0.         0.         0.01121129 0.         0.         0.01117989],[0. 0. 0. 1. 1. 0. 0. 0. 0. 0. 1. 0. 0. 0. 0. 0. 0. 0. 0. 0. 0. 0. 1. 0. 0. 0. 0. 1. 0. 0. 1.],6.0,10000,30,0.6,10,1,6,,problem_solving
8600,0.01564301103878162,0.010428620089897355,0.4,2.755324901853091,[0.         0.         0.         0.01117238 0.94314631 0.         0.         0.         0.         0.         0.01184815 0.         0.         0.         0.         0.         0.         0.         0.         0.         0.         0.         0.01144197 0.         0.         0.         0.         0.01121129 0.         0.         0.01117989],[0. 0. 0. 1. 1. 0. 0. 0. 0. 0. 1. 0. 0. 0. 0. 0. 0. 0. 0. 0. 0. 0. 1. 0. 0. 0. 0. 1. 0. 0. 1.],6.0,10000,30,0.6,10,1,6,,problem_solving
8700,0.01564301103878162,0.010428620089897355,0.4,3.440006565408273,[0.         0.         0.         0.01117238 0.94314631 0.         0.         0.         0.         0.         0.01184815 0.         0.         0.         0.         0.         0.         0.         0.         0.         0.         0.         0.01144197 0.         0.         0.         0.         0.01121129 0.         0.         0.01117989],[0. 0. 0. 1. 1. 0. 0. 0. 0. 0. 1. 0. 0. 0. 0. 0. 0. 0. 0. 0. 0. 0. 1. 0. 0. 0. 0. 1. 0. 0. 1.],6.0,10000,30,0.6,10,1,6,,problem_solving
8800,0.01564301103878162,0.010428620089897355,0.4,0.4731018085521868,[0.         0.         0.         0.01117238 0.94314631 0.         0.         0.         0.         0.         0.01184815 0.         0.         0.         0.         0.         0.         0.         0.         0.         0.         0.         0.01144197 0.         0.         0.         0.         0.01121129 0.         0.         0.01117989],[0. 0. 0. 1. 1. 0. 0. 0. 0. 0. 1. 0. 0. 0. 0. 0. 0. 0. 0. 0. 0. 0. 1. 0. 0. 0. 0. 1. 0. 0. 1.],6.0,10000,30,0.6,10,1,6,,problem_solving
8900,0.01564301103878162,0.010428620089897355,0.4,-9.102755654169435,[0.         0.         0.         0.01117238 0.94314631 0.         0.         0.         0.         0.         0.01184815 0.         0.         0.         0.         0.         0.         0.         0.         0.         0.         0.         0.01144197 0.         0.         0.         0.         0.01121129 0.         0.         0.01117989],[0. 0. 0. 1. 1. 0. 0. 0. 0. 0. 1. 0. 0. 0. 0. 0. 0. 0. 0. 0. 0. 0. 1. 0. 0. 0. 0. 1. 0. 0. 1.],6.0,10000,30,0.6,10,1,6,,problem_solving
9000,0.01564301103878162,0.010428620089897355,0.4,4.429712378089722,[0.         0.         0.         0.01117238 0.94314631 0.         0.         0.         0.         0.         0.01184815 0.         0.         0.         0.         0.         0.         0.         0.         0.         0.         0.         0.01144197 0.         0.         0.         0.         0.01121129 0.         0.         0.01117989],[0. 0. 0. 1. 1. 0. 0. 0. 0. 0. 1. 0. 0. 0. 0. 0. 0. 0. 0. 0. 0. 0. 1. 0. 0. 0. 0. 1. 0. 0. 1.],6.0,10000,30,0.6,10,1,6,,problem_solving
9100,0.01564301103878162,0.010428620089897355,0.4,15.436287430942787,[0.         0.         0.         0.01117238 0.94314631 0.         0.         0.         0.         0.         0.01184815 0.         0.         0.         0.         0.         0.         0.         0.         0.         0.         0.         0.01144197 0.         0.         0.         0.         0.01121129 0.         0.         0.01117989],[0. 0. 0. 1. 1. 0. 0. 0. 0. 0. 1. 0. 0. 0. 0. 0. 0. 0. 0. 0. 0. 0. 1. 0. 0. 0. 0. 1. 0. 0. 1.],6.0,10000,30,0.6,10,1,6,,problem_solving
9200,0.01564301103878162,0.010428620089897355,0.4,8.454743121610697,[0.         0.         0.         0.01117238 0.94314631 0.         0.         0.         0.         0.         0.01184815 0.         0.         0.         0.         0.         0.         0.         0.         0.         0.         0.         0.01144197 0.         0.         0.         0.         0.01121129 0.         0.         0.01117989],[0. 0. 0. 1. 1. 0. 0. 0. 0. 0. 1. 0. 0. 0. 0. 0. 0. 0. 0. 0. 0. 0. 1. 0. 0. 0. 0. 1. 0. 0. 1.],6.0,10000,30,0.6,10,1,6,,problem_solving
9300,0.01564301103878162,0.010428620089897355,0.4,15.005093754929833,[0.         0.         0.         0.01117238 0.94314631 0.         0.         0.         0.         0.         0.01184815 0.         0.         0.         0.         0.         0.         0.         0.         0.         0.         0.         0.01144197 0.         0.         0.         0.         0.01121129 0.         0.         0.01117989],[0. 0. 0. 1. 1. 0. 0. 0. 0. 0. 1. 0. 0. 0. 0. 0. 0. 0. 0. 0. 0. 0. 1. 0. 0. 0. 0. 1. 0. 0. 1.],6.0,10000,30,0.6,10,1,6,,problem_solving
9400,0.01564301103878162,0.010428620089897355,0.4,-3.413631153342282,[0.         0.         0.         0.01117238 0.94314631 0.         0.         0.         0.         0.         0.01184815 0.         0.         0.         0.         0.         0.         0.         0.         0.         0.         0.         0.01144197 0.         0.         0.         0.         0.01121129 0.         0.         0.01117989],[0. 0. 0. 1. 1. 0. 0. 0. 0. 0. 1. 0. 0. 0. 0. 0. 0. 0. 0. 0. 0. 0. 1. 0. 0. 0. 0. 1. 0. 0. 1.],6.0,10000,30,0.6,10,1,6,,problem_solving
9500,0.01564301103878162,0.010428620089897355,0.4,-9.314077871065553,[0.         0.         0.         0.01117238 0.94314631 0.         0.         0.         0.         0.         0.01184815 0.         0.         0.         0.         0.         0.         0.         0.         0.         0.         0.         0.01144197 0.         0.         0.         0.         0.01121129 0.         0.         0.01117989],[0. 0. 0. 1. 1. 0. 0. 0. 0. 0. 1. 0. 0. 0. 0. 0. 0. 0. 0. 0. 0. 0. 1. 0. 0. 0. 0. 1. 0. 0. 1.],6.0,10000,30,0.6,10,1,6,,problem_solving
9600,0.01564301103878162,0.010428620089897355,0.4,4.0894084311066665,[0.         0.         0.         0.01117238 0.94314631 0.         0.         0.         0.         0.         0.01184815 0.         0.         0.         0.         0.         0.         0.         0.         0.         0.         0.         0.01144197 0.         0.         0.         0.         0.01121129 0.         0.         0.01117989],[0. 0. 0. 1. 1. 0. 0. 0. 0. 0. 1. 0. 0. 0. 0. 0. 0. 0. 0. 0. 0. 0. 1. 0. 0. 0. 0. 1. 0. 0. 1.],6.0,10000,30,0.6,10,1,6,,problem_solving
9700,0.01564301103878162,0.010428620089897355,0.4,-2.8269382139050103,[0.         0.         0.         0.01117238 0.94314631 0.         0.         0.         0.         0.         0.01184815 0.         0.         0.         0.         0.         0.         0.         0.         0.         0.         0.         0.01144197 0.         0.         0.         0.         0.01121129 0.         0.         0.01117989],[0. 0. 0. 1. 1. 0. 0. 0. 0. 0. 1. 0. 0. 0. 0. 0. 0. 0. 0. 0. 0. 0. 1. 0. 0. 0. 0. 1. 0. 0. 1.],6.0,10000,30,0.6,10,1,6,,problem_solving
9800,0.01564301103878162,0.010428620089897355,0.4,-8.059092944748885,[0.         0.         0.         0.01117238 0.94314631 0.         0.         0.         0.         0.         0.01184815 0.         0.         0.         0.         0.         0.         0.         0.         0.         0.         0.         0.01144197 0.         0.         0.         0.         0.01121129 0.         0.         0.01117989],[0. 0. 0. 1. 1. 0. 0. 0. 0. 0. 1. 0. 0. 0. 0. 0. 0. 0. 0. 0. 0. 0. 1. 0. 0. 0. 0. 1. 0. 0. 1.],6.0,10000,30,0.6,10,1,6,,problem_solving
9900,0.01564301103878162,0.010428620089897355,0.4,-5.74609960648907,[0.         0.         0.         0.01117238 0.94314631 0.         0.         0.         0.         0.         0.01184815 0.         0.         0.         0.         0.         0.         0.         0.         0.         0.         0.         0.01144197 0.         0.         0.         0.         0.01121129 0.         0.         0.01117989],[0. 0. 0. 1. 1. 0. 0. 0. 0. 0. 1. 0. 0. 0. 0. 0. 0. 0. 0. 0. 0. 0. 1. 0. 0. 0. 0. 1. 0. 0. 1.],6.0,10000,30,0.6,10,1,6,,problem_solving
9999,0.01564301103878162,0.010428620089897355,0.4,2.319348332538026,[0.         0.         0.         0.01117238 0.94314631 0.         0.         0.         0.         0.         0.01184815 0.         0.         0.         0.         0.         0.         0.         0.         0.         0.         0.         0.01144197 0.         0.         0.         0.         0.01121129 0.         0.         0.01117989],[0. 0. 0. 1. 1. 0. 0. 0. 0. 0. 1. 0. 0. 0. 0. 0. 0. 0. 0. 0. 0. 0. 1. 0. 0. 0. 0. 1. 0. 0. 1.],6.0,10000,30,0.6,10,1,6,,problem_solving
