iter,cost,return,par,move,X,Z,Q,max_iter,mem_size,mem_consider,sigma,port_n,k,seed,tag
1,0.17560783126561214,0.003598842414517058,0.4,-3.0215771306837587,[0.01447035 0.         0.         0.         0.87533273 0.01056939 0.         0.         0.         0.01754613 0.         0.         0.         0.         0.         0.         0.         0.         0.         0.01617217 0.         0.         0.01288891 0.         0.         0.01287185 0.         0.         0.01703312 0.01149277 0.01162258],[1. 0. 0. 0. 1. 1. 0. 0. 0. 1. 0. 0. 0. 0. 0. 0. 0. 0. 0. 1. 0. 0. 1. 0. 0. 1. 0. 0. 1. 1. 1.],10.0,10000,30,0.6,10,1,10,,problem_solving
100,0.035876696101813474,0.004604191044772212,0.4,-0.26470387549673796,[0.01335252 0.         0.01050702 0.01088031 0.01394265 0.         0.01305267 0.         0.         0.         0.         0.         0.         0.         0.         0.         0.         0.01239533 0.         0.         0.01408352 0.         0.         0.         0.01863757 0.87771234 0.         0.         0.         0.         0.01543607],[1. 0. 1. 1. 1. 0. 1. 0. 0. 0. 0. 0. 0. 0. 0. 0. 0. 1. 0. 0. 1. 0. 0. 0. 1. 1. 0. 0. 0. 0. 1.],10.0,10000,30,0.6,10,1,10,,problem_solving
200,0.035876696101813474,0.004604191044772212,0.4,2.2076208933359895,[0.01335252 0.         0.01050702 0.01088031 0.01394265 0.         0.01305267 0.         0.         0.         0.         0.         0.         0.         0.         0.         0.         0.01239533 0.         0.         0.01408352 0.         0.         0.         0.01863757 0.87771234 0.         0.         0.         0.         0.01543607],[1. 0. 1. 1. 1. 0. 1. 0. 0. 0. 0. 0. 0. 0. 0. 0. 0. 1. 0. 0. 1. 0. 0. 0. 1. 1. 0. 0. 0. 0. 1.],10.0,10000,30,0.6,10,1,10,,problem_solving
300,0.03493883677394393,0.004521066781946717,0.4,1.583236334386271,[0.         0.         0.         0.         0.         0.         0.         0.         0.         0.         0.         0.         0.         0.         0.01551102 0.01368197 0.01059343 0.         0.         0.         0.         0.01351052 0.         0.         0.01331883 0.88028467 0.01087561 0.         0.01263852 0.01385153 0.0157339 ],[0. 0. 0. 0. 0. 0. 0. 0. 0. 0. 0. 0. 0. 0. 1. 1. 1. 0. 0. 0. 0. 1. 0. 0. 1. 1. 1. 0. 1. 1. 1.],10.0,10000,30,0.6,10,1,10,,problem_solving
400,0.03493883677394393,0.004521066781946717,0.4,5.074195780090954,[0.         0.         0.         0.         0.         0.         0.         0.         0.         0.         0.         0.         0.         0.         0.01551102 0.01368197 0.01059343 0.         0.         0.         0.         0.01351052 0.         0.         0.01331883 0.88028467 0.01087561 0.         0.01263852 0.01385153 0.0157339 ],[0. 0. 0. 0. 0. 0. 0. 0. 0. 0. 0. 0. 0. 0. 1. 1. 1. 0. 0. 0. 0. 1. 0. 0. 1. 1. 1. 0. 1. 1. 1.],10.0,10000,30,0.6,10,1,10,,problem_solving
500,0.033854694790476474,0.010001669402535177,0.4,-5.214966805245735,[0.         0.         0.         0.         0.88016702 0.01592633 0.         0.         0.01568802 0.01043126 0.01047716 0.         0.         0.         0.01594874 0.         0.         0.         0.         0.         0.         0.01046106 0.         0.         0.         0.         0.01047649 0.01447477 0.01594917 0.         0.        ],[0. 0. 0. 0. 1. 1. 0. 0. 1. 1. 1. 0. 0. 0. 1. 0. 0. 0. 0. 0. 0. 1. 0. 0. 0. 0. 1. 1. 1. 0. 0.],10.0,10000,30,0.6,10,1,10,,problem_solving
600,0.033854694790476474,0.010001669402535177,0.4,5.536532713638602,[0.         0.         0.         0.         0.88016702 0.01592633 0.         0.         0.01568802 0.01043126 0.01047716 0.         0.         0.         0.01594874 0.         0.         0.         0.         0.         0.         0.01046106 0.         0.         0.         0.         0.01047649 0.01447477 0.01594917 0.         0.        ],[0. 0. 0. 0. 1. 1. 0. 0. 1. 1. 1. 0. 0. 0. 1. 0. 0. 0. 0. 0. 0. 1. 0. 0. 0. 0. 1. 1. 1. 0. 0.],10.0,10000,30,0.6,10,1,10,,problem_solving
700,0.033854694790476474,0.010001669402535177,0.4,9.602724454777222,[0.         0.         0.         0.         0.88016702 0.01592633 0.         0.         0.01568802 0.01043126 0.01047716 0.         0.         0.         0.01594874 0.         0.         0.         0.         0.         0.         0.01046106 0.         0.         0.         0.         0.01047649 0.01447477 0.01594917 0.         0.        ],[0. 0. 0. 0. 1. 1. 0. 0. 1. 1. 1. 0. 0. 0. 1. 0. 0. 0. 0. 0. 0. 1. 0. 0. 0. 0. 1. 1. 1. 0. 0.],10.0,10000,30,0.6,10,1,10,,problem_solving
800,0.033854694790476474,0.010001669402535177,0.4,4.379417243668341,[0.         0.         0.         0.         0.88016702 0.01592633 0.         0.         0.01568802 0.01043126 0.01047716 0.         0.         0.         0.01594874 0.         0.         0.         0.         0.         0.         0.01046106 0.         0.         0.         0.         0.01047649 0.01447477 0.01594917 0.         0.        ],[0. 0. 0. 0. 1. 1. 0. 0. 1. 1. 1. 0. 0. 0. 1. 0. 0. 0. 0. 0. 0. 1. 0. 0. 0. 0. 1. 1. 1. 0. 0.],10.0,10000,30,0.6,10,1,10,,problem_solving
900,0.033854694790476474,0.010001669402535177,0.4,-6.449605814157545,[0.         0.         0.         0.         0.88016702 0.01592633 0.         0.         0.01568802 0.01043126 0.01047716 0.         0.         0.         0.01594874 0.         0.         0.         0.         0.         0.         0.01046106 0.         0.         0.         0.         0.01047649 0.01447477 0.01594917 0.         0.        ],[0. 0. 0. 0. 1. 1. 0. 0. 1. 1. 1. 0. 0. 0. 1. 0. 0. 0. 0. 0. 0. 1. 0. 0. 0. 0. 1. 1. 1. 0. 0.],10.0,10000,30,0.6,10,1,10,,problem_solving
1000,0.033854694790476474,0.010001669402535177,0.4,-11.075651165632221,[0.         0.         0.         0.         0.88016702 0.01592633 0.         0.         0.01568802 0.01043126 0.01047716 0.         0.         0.         0.01594874 0.         0.         0.         0.         0.         0.         0.01046106 0.         0.         0.         0.         0.01047649 0.01447477 0.01594917 0.         0.        ],[0. 0. 0. 0. 1. 1. 0. 0. 1. 1. 1. 0. 0. 0. 1. 0. 0. 0. 0. 0. 0. 1. 0. 0. 0. 0. 1. 1. 1. 0. 0.],10.0,10000,30,0.6,10,1,10,,problem_solving
1100,0.033854694790476474,0.010001669402535177,0.4,19.50943452456886,[0.         0.         0.         0.         0.88016702 0.01592633 0.         0.         0.01568802 0.01043126 0.01047716 0.         0.         0.         0.01594874 0.         0.         0.         0.         0.         0.         0.01046106 0.         0.         0.         0.         0.01047649 0.01447477 0.01594917 0.         0.        ],[0. 0. 0. 0. 1. 1. 0. 0. 1. 1. 1. 0. 0. 0. 1. 0. 0. 0. 0. 0. 0. 1. 0. 0. 0. 0. 1. 1. 1. 0. 0.],10.0,10000,30,0.6,10,1,10,,problem_solving
1200,0.033854694790476474,0.010001669402535177,0.4,1.4165530647648277,[0.         0.         0.         0.         0.88016702 0.01592633 0.         0.         0.01568802 0.01043126 0.01047716 0.         0.         0.         0.01594874 0.         0.         0.         0.         0.         0.         0.01046106 0.         0.         0.         0.         0.01047649 0.01447477 0.01594917 0.         0.        ],[0. 0. 0. 0. 1. 1. 0. 0. 1. 1. 1. 0. 0. 0. 1. 0. 0. 0. 0. 0. 0. 1. 0. 0. 0. 0. 1. 1. 1. 0. 0.],10.0,10000,30,0.6,10,1,10,,problem_solving
1300,0.033854694790476474,0.010001669402535177,0.4,-10.835150735289911,[0.         0.         0.         0.         0.88016702 0.01592633 0.         0.         0.01568802 0.01043126 0.01047716 0.         0.         0.         0.01594874 0.         0.         0.         0.         0.         0.         0.01046106 0.         0.         0.         0.         0.01047649 0.01447477 0.01594917 0.         0.        ],[0. 0. 0. 0. 1. 1. 0. 0. 1. 1. 1. 0. 0. 0. 1. 0. 0. 0. 0. 0. 0. 1. 0. 0. 0. 0. 1. 1. 1. 0. 0.],10.0,10000,30,0.6,10,1,10,,problem_solving
1400,0.033854694790476474,0.010001669402535177,0.4,8.870726649552717,[0.         0.         0.         0.         0.88016702 0.01592633 0.         0.         0.01568802 0.01043126 0.01047716 0.         0.         0.         0.01594874 0.         0.         0.         0.         0.         0.         0.01046106 0.         0.         0.         0.         0.01047649 0.01447477 0.01594917 0.         0.        ],[0. 0. 0. 0. 1. 1. 0. 0. 1. 1. 1. 0. 0. 0. 1. 0. 0. 0. 0. 0. 0. 1. 0. 0. 0. 0. 1. 1. 1. 0. 0.],10.0,10000,30,0.6,10,1,10,,problem_solving
1500,0.033854694790476474,0.010001669402535177,0.4,19.419389638738355,[0.         0.         0.         0.         0.88016702 0.01592633 0.         0.         0.01568802 0.01043126 0.01047716 0.         0.         0.         0.01594874 0.         0.         0.         0.         0.         0.         0.01046106 0.         0.         0.         0.         0.01047649 0.01447477 0.01594917 0.         0.        ],[0. 0. 0. 0. 1. 1. 0. 0. 1. 1. 1. 0. 0. 0. 1. 0. 0. 0. 0. 0. 0. 1. 0. 0. 0. 0. 1. 1. 1. 0. 0.],10.0,10000,30,0.6,10,1,10,,problem_solving
1600,0.033854694790476474,0.010001669402535177,0.4,-14.772108827658483,[0.         0.         0.         0.         0.88016702 0.01592633 0.         0.         0.01568802 0.01043126 0.01047716 0.         0.         0.         0.01594874 0.         0.         0.         0.         0.         0.         0.01046106 0.         0.         0.         0.         0.01047649 0.01447477 0.01594917 0.         0.        ],[0. 0. 0. 0. 1. 1. 0. 0. 1. 1. 1. 0. 0. 0. 1. 0. 0. 0. 0. 0. 0. 1. 0. 0. 0. 0. 1. 1. 1. 0. 0.],10.0,10000,30,0.6,10,1,10,,problem_solving
1700,0.033854694790476474,0.010001669402535177,0.4,7.600447990344923,[0.         0.         0.         0.         0.88016702 0.01592633 0.         0.         0.01568802 0.01043126 0.01047716 0.         0.         0.         0.01594874 0.         0.         0.         0.         0.         0.         0.01046106 0.         0.         0.         0.         0.01047649 0.01447477 0.01594917 0.         0.        ],[0. 0. 0. 0. 1. 1. 0. 0. 1. 1. 1. 0. 0. 0. 1. 0. 0. 0. 0. 0. 0. 1. 0. 0. 0. 0. 1. 1. 1. 0. 0.],10.0,10000,30,0.6,10,1,10,,problem_solving
1800,0.033854694790476474,0.010001669402535177,0.4,0.10154779394689922,[0.         0.         0.         0.         0.88016702 0.01592633 0.         0.         0.01568802 0.01043126 0.01047716 0.         0.         0.         0.01594874 0.         0.         0.         0.         0.         0.         0.01046106 0.         0.         0.         0.         0.01047649 0.01447477 0.01594917 0.         0.        ],[0. 0. 0. 0. 1. 1. 0. 0. 1. 1. 1. 0. 0. 0. 1. 0. 0. 0. 0. 0. 0. 1. 0. 0. 0. 0. 1. 1. 1. 0. 0.],10.0,10000,30,0.6,10,1,10,,problem_solving
1900,0.033854694790476474,0.010001669402535177,0.4,-7.719501269764738,[0.         0.         0.         0.         0.88016702 0.01592633 0.         0.         0.01568802 0.01043126 0.01047716 0.         0.         0.         0.01594874 0.         0.         0.         0.         0.         0.         0.01046106 0.         0.         0.         0.         0.01047649 0.01447477 0.01594917 0.         0.        ],[0. 0. 0. 0. 1. 1. 0. 0. 1. 1. 1. 0. 0. 0. 1. 0. 0. 0. 0. 0. 0. 1. 0. 0. 0. 0. 1. 1. 1. 0. 0.],10.0,10000,30,0.6,10,1,10,,problem_solving
2000,0.033854694790476474,0.010001669402535177,0.4,-1.2359201134404847,[0.         0.         0.         0.         0.88016702 0.01592633 0.         0.         0.01568802 0.01043126 0.01047716 0.         0.         0.         0.01594874 0.         0.         0.         0.         0.         0.         0.01046106 0.         0.         0.         0.         0.01047649 0.01447477 0.01594917 0.         0.        ],[0. 0. 0. 0. 1. 1. 0. 0. 1. 1. 1. 0. 0. 0. 1. 0. 0. 0. 0. 0. 0. 1. 0. 0. 0. 0. 1. 1. 1. 0. 0.],10.0,10000,30,0.6,10,1,10,,problem_solving
2100,0.033854694790476474,0.010001669402535177,0.4,0.3441574189826796,[0.         0.         0.         0.         0.88016702 0.01592633 0.         0.         0.01568802 0.01043126 0.01047716 0.         0.         0.         0.01594874 0.         0.         0.         0.         0.         0.         0.01046106 0.         0.         0.         0.         0.01047649 0.01447477 0.01594917 0.         0.        ],[0. 0. 0. 0. 1. 1. 0. 0. 1. 1. 1. 0. 0. 0. 1. 0. 0. 0. 0. 0. 0. 1. 0. 0. 0. 0. 1. 1. 1. 0. 0.],10.0,10000,30,0.6,10,1,10,,problem_solving
2200,0.033854694790476474,0.010001669402535177,0.4,2.699417965497787,[0.         0.         0.         0.         0.88016702 0.01592633 0.         0.         0.01568802 0.01043126 0.01047716 0.         0.         0.         0.01594874 0.         0.         0.         0.         0.         0.         0.01046106 0.         0.         0.         0.         0.01047649 0.01447477 0.01594917 0.         0.        ],[0. 0. 0. 0. 1. 1. 0. 0. 1. 1. 1. 0. 0. 0. 1. 0. 0. 0. 0. 0. 0. 1. 0. 0. 0. 0. 1. 1. 1. 0. 0.],10.0,10000,30,0.6,10,1,10,,problem_solving
2300,0.033854694790476474,0.010001669402535177,0.4,18.171121634875817,[0.         0.         0.         0.         0.88016702 0.01592633 0.         0.         0.01568802 0.01043126 0.01047716 0.         0.         0.         0.01594874 0.         0.         0.         0.         0.         0.         0.01046106 0.         0.         0.         0.         0.01047649 0.01447477 0.01594917 0.         0.        ],[0. 0. 0. 0. 1. 1. 0. 0. 1. 1. 1. 0. 0. 0. 1. 0. 0. 0. 0. 0. 0. 1. 0. 0. 0. 0. 1. 1. 1. 0. 0.],10.0,10000,30,0.6,10,1,10,,problem_solving
2400,0.033854694790476474,0.010001669402535177,0.4,-10.7292758460113,[0.         0.         0.         0.         0.88016702 0.01592633 0.         0.         0.01568802 0.01043126 0.01047716 0.         0.         0.         0.01594874 0.         0.         0.         0.         0.         0.         0.01046106 0.         0.         0.         0.         0.01047649 0.01447477 0.01594917 0.         0.        ],[0. 0. 0. 0. 1. 1. 0. 0. 1. 1. 1. 0. 0. 0. 1. 0. 0. 0. 0. 0. 0. 1. 0. 0. 0. 0. 1. 1. 1. 0. 0.],10.0,10000,30,0.6,10,1,10,,problem_solving
2500,0.033854694790476474,0.010001669402535177,0.4,-21.90740035951739,[0.         0.         0.         0.         0.88016702 0.01592633 0.         0.         0.01568802 0.01043126 0.01047716 0.         0.         0.         0.01594874 0.         0.         0.         0.         0.         0.         0.01046106 0.         0.         0.         0.         0.01047649 0.01447477 0.01594917 0.         0.        ],[0. 0. 0. 0. 1. 1. 0. 0. 1. 1. 1. 0. 0. 0. 1. 0. 0. 0. 0. 0. 0. 1. 0. 0. 0. 0. 1. 1. 1. 0. 0.],10.0,10000,30,0.6,10,1,10,,problem_solving
2600,0.033854694790476474,0.010001669402535177,0.4,7.903848338275584,[0.         0.         0.         0.         0.88016702 0.01592633 0.         0.         0.01568802 0.01043126 0.01047716 0.         0.         0.         0.01594874 0.         0.         0.         0.         0.         0.         0.01046106 0.         0.         0.         0.         0.01047649 0.01447477 0.01594917 0.         0.        ],[0. 0. 0. 0. 1. 1. 0. 0. 1. 1. 1. 0. 0. 0. 1. 0. 0. 0. 0. 0. 0. 1. 0. 0. 0. 0. 1. 1. 1. 0. 0.],10.0,10000,30,0.6,10,1,10,,problem_solving
2700,0.033854694790476474,0.010001669402535177,0.4,-22.89634852997233,[0.         0.         0.         0.         0.88016702 0.01592633 0.         0.         0.01568802 0.01043126 0.01047716 0.         0.         0.         0.01594874 0.         0.         0.         0.         0.         0.         0.01046106 0.         0.         0.         0.         0.01047649 0.01447477 0.01594917 0.         0.        ],[0. 0. 0. 0. 1. 1. 0. 0. 1. 1. 1. 0. 0. 0. 1. 0. 0. 0. 0. 0. 0. 1. 0. 0. 0. 0. 1. 1. 1. 0. 0.],10.0,10000,30,0.6,10,1,10,,problem_solving
2800,0.033854694790476474,0.010001669402535177,0.4,-8.454994670128839,[0.         0.         0.         0.         0.88016702 0.01592633 0.         0.         0.01568802 0.01043126 0.01047716 0.         0.         0.         0.01594874 0.         0.         0.         0.         0.         0.         0.01046106 0.         0.         0.         0.         0.01047649 0.01447477 0.01594917 0.         0.        ],[0. 0. 0. 0. 1. 1. 0. 0. 1. 1. 1. 0. 0. 0. 1. 0. 0. 0. 0. 0. 0. 1. 0. 0. 0. 0. 1. 1. 1. 0. 0.],10.0,10000,30,0.6,10,1,10,,problem_solving
2900,0.033854694790476474,0.010001669402535177,0.4,-6.811268671456312,[0.         0.         0.         0.         0.88016702 0.01592633 0.         0.         0.01568802 0.01043126 0.01047716 0.         0.         0.         0.01594874 0.         0.         0.         0.         0.         0.         0.01046106 0.         0.         0.         0.         0.01047649 0.01447477 0.01594917 0.         0.        ],[0. 0. 0. 0. 1. 1. 0. 0. 1. 1. 1. 0. 0. 0. 1. 0. 0. 0. 0. 0. 0. 1. 0. 0. 0. 0. 1. 1. 1. 0. 0.],10.0,10000,30,0.6,10,1,10,,problem_solving
3000,0.033854694790476474,0.010001669402535177,0.4,3.326092150302227,[0.         0.         0.         0.         0.88016702 0.01592633 0.         0.         0.01568802 0.01043126 0.01047716 0.         0.         0.         0.01594874 0.         0.         0.         0.         0.         0.         0.01046106 0.         0.         0.         0.         0.01047649 0.01447477 0.01594917 0.         0.        ],[0. 0. 0. 0. 1. 1. 0. 0. 1. 1. 1. 0. 0. 0. 1. 0. 0. 0. 0. 0. 0. 1. 0. 0. 0. 0. 1. 1. 1. 0. 0.],10.0,10000,30,0.6,10,1,10,,problem_solving
3100,0.033854694790476474,0.010001669402535177,0.4,0.6862442814915797,[0.         0.         0.         0.         0.88016702 0.01592633 0.         0.         0.01568802 0.01043126 0.01047716 0.         0.         0.         0.01594874 0.         0.         0.         0.         0.         0.         0.01046106 0.         0.         0.         0.         0.01047649 0.01447477 0.01594917 0.         0.        ],[0. 0. 0. 0. 1. 1. 0. 0. 1. 1. 1. 0. 0. 0. 1. 0. 0. 0. 0. 0. 0. 1. 0. 0. 0. 0. 1. 1. 1. 0. 0.],10.0,10000,30,0.6,10,1,10,,problem_solving
3200,0.033854694790476474,0.010001669402535177,0.4,-11.841814005145201,[0.         0.         0.         0.         0.88016702 0.01592633 0.         0.         0.01568802 0.01043126 0.01047716 0.         0.         0.         0.01594874 0.         0.         0.         0.         0.         0.         0.01046106 0.         0.         0.         0.         0.01047649 0.01447477 0.01594917 0.         0.        ],[0. 0. 0. 0. 1. 1. 0. 0. 1. 1. 1. 0. 0. 0. 1. 0. 0. 0. 0. 0. 0. 1. 0. 0. 0. 0. 1. 1. 1. 0. 0.],10.0,10000,30,0.6,10,1,10,,problem_solving
3300,0.033854694790476474,0.010001669402535177,0.4,-4.273820143865255,[0.         0.         0.         0.         0.88016702 0.01592633 0.         0.         0.01568802 0.01043126 0.01047716 0.         0.         0.         0.01594874 0.         0.         0.         0.         0.         0.         0.01046106 0.         0.         0.         0.         0.01047649 0.01447477 0.01594917 0.         0.        ],[0. 0. 0. 0. 1. 1. 0. 0. 1. 1. 1. 0. 0. 0. 1. 0. 0. 0. 0. 0. 0. 1. 0. 0. 0. 0. 1. 1. 1. 0. 0.],10.0,10000,30,0.6,10,1,10,,problem_solving
3400,0.033854694790476474,0.010001669402535177,0.4,-1.6067867673506813,[0.         0.         0.         0.         0.88016702 0.01592633 0.         0.         0.01568802 0.01043126 0.01047716 0.         0.         0.         0.01594874 0.         0.         0.         0.         0.         0.         0.01046106 0.         0.         0.         0.         0.01047649 0.01447477 0.01594917 0.         0.        ],[0. 0. 0. 0. 1. 1. 0. 0. 1. 1. 1. 0. 0. 0. 1. 0. 0. 0. 0. 0. 0. 1. 0. 0. 0. 0. 1. 1. 1. 0. 0.],10.0,10000,30,0.6,10,1,10,,problem_solving
3500,0.033854694790476474,0.010001669402535177,0.4,14.625550615894618,[0.         0.         0.         0.         0.88016702 0.01592633 0.         0.         0.01568802 0.01043126 0.01047716 0.         0.         0.         0.01594874 0.         0.         0.         0.         0.         0.         0.01046106 0.         0.         0.         0.         0.01047649 0.01447477 0.01594917 0.         0.        ],[0. 0. 0. 0. 1. 1. 0. 0. 1. 1. 1. 0. 0. 0. 1. 0. 0. 0. 0. 0. 0. 1. 0. 0. 0. 0. 1. 1. 1. 0. 0.],10.0,10000,30,0.6,10,1,10,,problem_solving
3600,0.033854694790476474,0.010001669402535177,0.4,-16.797961274001945,[0.         0.         0.         0.         0.88016702 0.01592633 0.         0.         0.01568802 0.01043126 0.01047716 0.         0.         0.         0.01594874 0.         0.         0.         0.         0.         0.         0.01046106 0.         0.         0.         0.         0.01047649 0.01447477 0.01594917 0.         0.        ],[0. 0. 0. 0. 1. 1. 0. 0. 1. 1. 1. 0. 0. 0. 1. 0. 0. 0. 0. 0. 0. 1. 0. 0. 0. 0. 1. 1. 1. 0. 0.],10.0,10000,30,0.6,10,1,10,,problem_solving
3700,0.033854694790476474,0.010001669402535177,0.4,1.5999352451387732,[0.         0.         0.         0.         0.88016702 0.01592633 0.         0.         0.01568802 0.01043126 0.01047716 0.         0.         0.         0.01594874 0.         0.         0.         0.         0.         0.         0.01046106 0.         0.         0.         0.         0.01047649 0.01447477 0.01594917 0.         0.        ],[0. 0. 0. 0. 1. 1. 0. 0. 1. 1. 1. 0. 0. 0. 1. 0. 0. 0. 0. 0. 0. 1. 0. 0. 0. 0. 1. 1. 1. 0. 0.],10.0,10000,30,0.6,10,1,10,,problem_solving
3800,0.033854694790476474,0.010001669402535177,0.4,5.6963065309159635,[0.         0.         0.         0.         0.88016702 0.01592633 0.         0.         0.01568802 0.01043126 0.01047716 0.         0.         0.         0.01594874 0.         0.         0.         0.         0.         0.         0.01046106 0.         0.         0.         0.         0.01047649 0.01447477 0.01594917 0.         0.        ],[0. 0. 0. 0. 1. 1. 0. 0. 1. 1. 1. 0. 0. 0. 1. 0. 0. 0. 0. 0. 0. 1. 0. 0. 0. 0. 1. 1. 1. 0. 0.],10.0,10000,30,0.6,10,1,10,,problem_solving
3900,0.033854694790476474,0.010001669402535177,0.4,-8.559082293884547,[0.         0.         0.         0.         0.88016702 0.01592633 0.         0.         0.01568802 0.01043126 0.01047716 0.         0.         0.         0.01594874 0.         0.         0.         0.         0.         0.         0.01046106 0.         0.         0.         0.         0.01047649 0.01447477 0.01594917 0.         0.        ],[0. 0. 0. 0. 1. 1. 0. 0. 1. 1. 1. 0. 0. 0. 1. 0. 0. 0. 0. 0. 0. 1. 0. 0. 0. 0. 1. 1. 1. 0. 0.],10.0,10000,30,0.6,10,1,10,,problem_solving
4000,0.033854694790476474,0.010001669402535177,0.4,6.309363542398944,[0.         0.         0.         0.         0.88016702 0.01592633 0.         0.         0.01568802 0.01043126 0.01047716 0.         0.         0.         0.01594874 0.         0.         0.         0.         0.         0.         0.01046106 0.         0.         0.         0.         0.01047649 0.01447477 0.01594917 0.         0.        ],[0. 0. 0. 0. 1. 1. 0. 0. 1. 1. 1. 0. 0. 0. 1. 0. 0. 0. 0. 0. 0. 1. 0. 0. 0. 0. 1. 1. 1. 0. 0.],10.0,10000,30,0.6,10,1,10,,problem_solving
4100,0.033854694790476474,0.010001669402535177,0.4,-12.868153860823913,[0.         0.         0.         0.         0.88016702 0.01592633 0.         0.         0.01568802 0.01043126 0.01047716 0.         0.         0.         0.01594874 0.         0.         0.         0.         0.         0.         0.01046106 0.         0.         0.         0.         0.01047649 0.01447477 0.01594917 0.         0.        ],[0. 0. 0. 0. 1. 1. 0. 0. 1. 1. 1. 0. 0. 0. 1. 0. 0. 0. 0. 0. 0. 1. 0. 0. 0. 0. 1. 1. 1. 0. 0.],10.0,10000,30,0.6,10,1,10,,problem_solving
4200,0.033854694790476474,0.010001669402535177,0.4,5.98757577096941,[0.         0.         0.         0.         0.88016702 0.01592633 0.         0.         0.01568802 0.01043126 0.01047716 0.         0.         0.         0.01594874 0.         0.         0.         0.         0.         0.         0.01046106 0.         0.         0.         0.         0.01047649 0.01447477 0.01594917 0.         0.        ],[0. 0. 0. 0. 1. 1. 0. 0. 1. 1. 1. 0. 0. 0. 1. 0. 0. 0. 0. 0. 0. 1. 0. 0. 0. 0. 1. 1. 1. 0. 0.],10.0,10000,30,0.6,10,1,10,,problem_solving
4300,0.031648550920960423,0.004739260974897036,0.4,4.055896269767793,[0.         0.         0.         0.         0.01693688 0.         0.01048264 0.         0.         0.         0.01237324 0.         0.         0.         0.0156617  0.         0.01046544 0.         0.         0.         0.         0.         0.01522582 0.         0.01049851 0.87885926 0.         0.01319489 0.01630162 0.         0.        ],[0. 0. 0. 0. 1. 0. 1. 0. 0. 0. 1. 0. 0. 0. 1. 0. 1. 0. 0. 0. 0. 0. 1. 0. 1. 1. 0. 1. 1. 0. 0.],10.0,10000,30,0.6,10,1,10,,problem_solving
4400,0.031648550920960423,0.004739260974897036,0.4,2.5733407166956743,[0.         0.         0.         0.         0.01693688 0.         0.01048264 0.         0.         0.         0.01237324 0.         0.         0.         0.0156617  0.         0.01046544 0.         0.         0.         0.         0.         0.01522582 0.         0.01049851 0.87885926 0.         0.01319489 0.01630162 0.         0.        ],[0. 0. 0. 0. 1. 0. 1. 0. 0. 0. 1. 0. 0. 0. 1. 0. 1. 0. 0. 0. 0. 0. 1. 0. 1. 1. 0. 1. 1. 0. 0.],10.0,10000,30,0.6,10,1,10,,problem_solving
4500,0.031648550920960423,0.004739260974897036,0.4,-10.479534111317522,[0.         0.         0.         0.         0.01693688 0.         0.01048264 0.         0.         0.         0.01237324 0.         0.         0.         0.0156617  0.         0.01046544 0.         0.         0.         0.         0.         0.01522582 0.         0.01049851 0.87885926 0.         0.01319489 0.01630162 0.         0.        ],[0. 0. 0. 0. 1. 0. 1. 0. 0. 0. 1. 0. 0. 0. 1. 0. 1. 0. 0. 0. 0. 0. 1. 0. 1. 1. 0. 1. 1. 0. 0.],10.0,10000,30,0.6,10,1,10,,problem_solving
4600,0.031648550920960423,0.004739260974897036,0.4,9.051016983705635,[0.         0.         0.         0.         0.01693688 0.         0.01048264 0.         0.         0.         0.01237324 0.         0.         0.         0.0156617  0.         0.01046544 0.         0.         0.         0.         0.         0.01522582 0.         0.01049851 0.87885926 0.         0.01319489 0.01630162 0.         0.        ],[0. 0. 0. 0. 1. 0. 1. 0. 0. 0. 1. 0. 0. 0. 1. 0. 1. 0. 0. 0. 0. 0. 1. 0. 1. 1. 0. 1. 1. 0. 0.],10.0,10000,30,0.6,10,1,10,,problem_solving
4700,0.031648550920960423,0.004739260974897036,0.4,1.0773884878921576,[0.         0.         0.         0.         0.01693688 0.         0.01048264 0.         0.         0.         0.01237324 0.         0.         0.         0.0156617  0.         0.01046544 0.         0.         0.         0.         0.         0.01522582 0.         0.01049851 0.87885926 0.         0.01319489 0.01630162 0.         0.        ],[0. 0. 0. 0. 1. 0. 1. 0. 0. 0. 1. 0. 0. 0. 1. 0. 1. 0. 0. 0. 0. 0. 1. 0. 1. 1. 0. 1. 1. 0. 0.],10.0,10000,30,0.6,10,1,10,,problem_solving
4800,0.031648550920960423,0.004739260974897036,0.4,-7.349557160331825,[0.         0.         0.         0.         0.01693688 0.         0.01048264 0.         0.         0.         0.01237324 0.         0.         0.         0.0156617  0.         0.01046544 0.         0.         0.         0.         0.         0.01522582 0.         0.01049851 0.87885926 0.         0.01319489 0.01630162 0.         0.        ],[0. 0. 0. 0. 1. 0. 1. 0. 0. 0. 1. 0. 0. 0. 1. 0. 1. 0. 0. 0. 0. 0. 1. 0. 1. 1. 0. 1. 1. 0. 0.],10.0,10000,30,0.6,10,1,10,,problem_solving
4900,0.031648550920960423,0.004739260974897036,0.4,23.780731376463958,[0.         0.         0.         0.         0.01693688 0.         0.01048264 0.         0.         0.         0.01237324 0.         0.         0.         0.0156617  0.         0.01046544 0.         0.         0.         0.         0.         0.01522582 0.         0.01049851 0.87885926 0.         0.01319489 0.01630162 0.         0.        ],[0. 0. 0. 0. 1. 0. 1. 0. 0. 0. 1. 0. 0. 0. 1. 0. 1. 0. 0. 0. 0. 0. 1. 0. 1. 1. 0. 1. 1. 0. 0.],10.0,10000,30,0.6,10,1,10,,problem_solving
5000,0.031648550920960423,0.004739260974897036,0.4,-2.4148759406041767,[0.         0.         0.         0.         0.01693688 0.         0.01048264 0.         0.         0.         0.01237324 0.         0.         0.         0.0156617  0.         0.01046544 0.         0.         0.         0.         0.         0.01522582 0.         0.01049851 0.87885926 0.         0.01319489 0.01630162 0.         0.        ],[0. 0. 0. 0. 1. 0. 1. 0. 0. 0. 1. 0. 0. 0. 1. 0. 1. 0. 0. 0. 0. 0. 1. 0. 1. 1. 0. 1. 1. 0. 0.],10.0,10000,30,0.6,10,1,10,,problem_solving
5100,0.031648550920960423,0.004739260974897036,0.4,-1.905973996046554,[0.         0.         0.         0.         0.01693688 0.         0.01048264 0.         0.         0.         0.01237324 0.         0.         0.         0.0156617  0.         0.01046544 0.         0.         0.         0.         0.         0.01522582 0.         0.01049851 0.87885926 0.         0.01319489 0.01630162 0.         0.        ],[0. 0. 0. 0. 1. 0. 1. 0. 0. 0. 1. 0. 0. 0. 1. 0. 1. 0. 0. 0. 0. 0. 1. 0. 1. 1. 0. 1. 1. 0. 0.],10.0,10000,30,0.6,10,1,10,,problem_solving
5200,0.031648550920960423,0.004739260974897036,0.4,-11.06484985580453,[0.         0.         0.         0.         0.01693688 0.         0.01048264 0.         0.         0.         0.01237324 0.         0.         0.         0.0156617  0.         0.01046544 0.         0.         0.         0.         0.         0.01522582 0.         0.01049851 0.87885926 0.         0.01319489 0.01630162 0.         0.        ],[0. 0. 0. 0. 1. 0. 1. 0. 0. 0. 1. 0. 0. 0. 1. 0. 1. 0. 0. 0. 0. 0. 1. 0. 1. 1. 0. 1. 1. 0. 0.],10.0,10000,30,0.6,10,1,10,,problem_solving
5300,0.031648550920960423,0.004739260974897036,0.4,-8.413332170462542,[0.         0.         0.         0.         0.01693688 0.         0.01048264 0.         0.         0.         0.01237324 0.         0.         0.         0.0156617  0.         0.01046544 0.         0.         0.         0.         0.         0.01522582 0.         0.01049851 0.87885926 0.         0.01319489 0.01630162 0.         0.        ],[0. 0. 0. 0. 1. 0. 1. 0. 0. 0. 1. 0. 0. 0. 1. 0. 1. 0. 0. 0. 0. 0. 1. 0. 1. 1. 0. 1. 1. 0. 0.],10.0,10000,30,0.6,10,1,10,,problem_solving
5400,0.031648550920960423,0.004739260974897036,0.4,24.333492760587756,[0.         0.         0.         0.         0.01693688 0.         0.01048264 0.         0.         0.         0.01237324 0.         0.         0.         0.0156617  0.         0.01046544 0.         0.         0.         0.         0.         0.01522582 0.         0.01049851 0.87885926 0.         0.01319489 0.01630162 0.         0.        ],[0. 0. 0. 0. 1. 0. 1. 0. 0. 0. 1. 0. 0. 0. 1. 0. 1. 0. 0. 0. 0. 0. 1. 0. 1. 1. 0. 1. 1. 0. 0.],10.0,10000,30,0.6,10,1,10,,problem_solving
5500,0.031648550920960423,0.004739260974897036,0.4,-14.35856459940744,[0.         0.         0.         0.         0.01693688 0.         0.01048264 0.         0.         0.         0.01237324 0.         0.         0.         0.0156617  0.         0.01046544 0.         0.         0.         0.         0.         0.01522582 0.         0.01049851 0.87885926 0.         0.01319489 0.01630162 0.         0.        ],[0. 0. 0. 0. 1. 0. 1. 0. 0. 0. 1. 0. 0. 0. 1. 0. 1. 0. 0. 0. 0. 0. 1. 0. 1. 1. 0. 1. 1. 0. 0.],10.0,10000,30,0.6,10,1,10,,problem_solving
5600,0.031648550920960423,0.004739260974897036,0.4,-1.2965612156968211,[0.         0.         0.         0.         0.01693688 0.         0.01048264 0.         0.         0.         0.01237324 0.         0.         0.         0.0156617  0.         0.01046544 0.         0.         0.         0.         0.         0.01522582 0.         0.01049851 0.87885926 0.         0.01319489 0.01630162 0.         0.        ],[0. 0. 0. 0. 1. 0. 1. 0. 0. 0. 1. 0. 0. 0. 1. 0. 1. 0. 0. 0. 0. 0. 1. 0. 1. 1. 0. 1. 1. 0. 0.],10.0,10000,30,0.6,10,1,10,,problem_solving
5700,0.031648550920960423,0.004739260974897036,0.4,-11.824580458164764,[0.         0.         0.         0.         0.01693688 0.         0.01048264 0.         0.         0.         0.01237324 0.         0.         0.         0.0156617  0.         0.01046544 0.         0.         0.         0.         0.         0.01522582 0.         0.01049851 0.87885926 0.         0.01319489 0.01630162 0.         0.        ],[0. 0. 0. 0. 1. 0. 1. 0. 0. 0. 1. 0. 0. 0. 1. 0. 1. 0. 0. 0. 0. 0. 1. 0. 1. 1. 0. 1. 1. 0. 0.],10.0,10000,30,0.6,10,1,10,,problem_solving
5800,0.031648550920960423,0.004739260974897036,0.4,-4.277197208751505,[0.         0.         0.         0.         0.01693688 0.         0.01048264 0.         0.         0.         0.01237324 0.         0.         0.         0.0156617  0.         0.01046544 0.         0.         0.         0.         0.         0.01522582 0.         0.01049851 0.87885926 0.         0.01319489 0.01630162 0.         0.        ],[0. 0. 0. 0. 1. 0. 1. 0. 0. 0. 1. 0. 0. 0. 1. 0. 1. 0. 0. 0. 0. 0. 1. 0. 1. 1. 0. 1. 1. 0. 0.],10.0,10000,30,0.6,10,1,10,,problem_solving
5900,0.031648550920960423,0.004739260974897036,0.4,10.09616339707987,[0.         0.         0.         0.         0.01693688 0.         0.01048264 0.         0.         0.         0.01237324 0.         0.         0.         0.0156617  0.         0.01046544 0.         0.         0.         0.         0.         0.01522582 0.         0.01049851 0.87885926 0.         0.01319489 0.01630162 0.         0.        ],[0. 0. 0. 0. 1. 0. 1. 0. 0. 0. 1. 0. 0. 0. 1. 0. 1. 0. 0. 0. 0. 0. 1. 0. 1. 1. 0. 1. 1. 0. 0.],10.0,10000,30,0.6,10,1,10,,problem_solving
6000,0.031648550920960423,0.004739260974897036,0.4,-0.02203916412971343,[0.         0.         0.         0.         0.01693688 0.         0.01048264 0.         0.         0.         0.01237324 0.         0.         0.         0.0156617  0.         0.01046544 0.         0.         0.         0.         0.         0.01522582 0.         0.01049851 0.87885926 0.         0.01319489 0.01630162 0.         0.        ],[0. 0. 0. 0. 1. 0. 1. 0. 0. 0. 1. 0. 0. 0. 1. 0. 1. 0. 0. 0. 0. 0. 1. 0. 1. 1. 0. 1. 1. 0. 0.],10.0,10000,30,0.6,10,1,10,,problem_solving
6100,0.031648550920960423,0.004739260974897036,0.4,-1.135910213364182,[0.         0.         0.         0.         0.01693688 0.         0.01048264 0.         0.         0.         0.01237324 0.         0.         0.         0.0156617  0.         0.01046544 0.         0.         0.         0.         0.         0.01522582 0.         0.01049851 0.87885926 0.         0.01319489 0.01630162 0.         0.        ],[0. 0. 0. 0. 1. 0. 1. 0. 0. 0. 1. 0. 0. 0. 1. 0. 1. 0. 0. 0. 0. 0. 1. 0. 1. 1. 0. 1. 1. 0. 0.],10.0,10000,30,0.6,10,1,10,,problem_solving
6200,0.031648550920960423,0.004739260974897036,0.4,-5.731836503284025,[0.         0.         0.         0.         0.01693688 0.         0.01048264 0.         0.         0.         0.01237324 0.         0.         0.         0.0156617  0.         0.01046544 0.         0.         0.         0.         0.         0.01522582 0.         0.01049851 0.87885926 0.         0.01319489 0.01630162 0.         0.        ],[0. 0. 0. 0. 1. 0. 1. 0. 0. 0. 1. 0. 0. 0. 1. 0. 1. 0. 0. 0. 0. 0. 1. 0. 1. 1. 0. 1. 1. 0. 0.],10.0,10000,30,0.6,10,1,10,,problem_solving
6300,0.031648550920960423,0.004739260974897036,0.4,-9.482332237024847,[0.         0.         0.         0.         0.01693688 0.         0.01048264 0.         0.         0.         0.01237324 0.         0.         0.         0.0156617  0.         0.01046544 0.         0.         0.         0.         0.         0.01522582 0.         0.01049851 0.87885926 0.         0.01319489 0.01630162 0.         0.        ],[0. 0. 0. 0. 1. 0. 1. 0. 0. 0. 1. 0. 0. 0. 1. 0. 1. 0. 0. 0. 0. 0. 1. 0. 1. 1. 0. 1. 1. 0. 0.],10.0,10000,30,0.6,10,1,10,,problem_solving
6400,0.031648550920960423,0.004739260974897036,0.4,-8.904952961942481,[0.         0.         0.         0.         0.01693688 0.         0.01048264 0.         0.         0.         0.01237324 0.         0.         0.         0.0156617  0.         0.01046544 0.         0.         0.         0.         0.         0.01522582 0.         0.01049851 0.87885926 0.         0.01319489 0.01630162 0.         0.        ],[0. 0. 0. 0. 1. 0. 1. 0. 0. 0. 1. 0. 0. 0. 1. 0. 1. 0. 0. 0. 0. 0. 1. 0. 1. 1. 0. 1. 1. 0. 0.],10.0,10000,30,0.6,10,1,10,,problem_solving
6500,0.031648550920960423,0.004739260974897036,0.4,-3.057528064891817,[0.         0.         0.         0.         0.01693688 0.         0.01048264 0.         0.         0.         0.01237324 0.         0.         0.         0.0156617  0.         0.01046544 0.         0.         0.         0.         0.         0.01522582 0.         0.01049851 0.87885926 0.         0.01319489 0.01630162 0.         0.        ],[0. 0. 0. 0. 1. 0. 1. 0. 0. 0. 1. 0. 0. 0. 1. 0. 1. 0. 0. 0. 0. 0. 1. 0. 1. 1. 0. 1. 1. 0. 0.],10.0,10000,30,0.6,10,1,10,,problem_solving
6600,0.031648550920960423,0.004739260974897036,0.4,12.22785498599448,[0.         0.         0.         0.         0.01693688 0.         0.01048264 0.         0.         0.         0.01237324 0.         0.         0.         0.0156617  0.         0.01046544 0.         0.         0.         0.         0.         0.01522582 0.         0.01049851 0.87885926 0.         0.01319489 0.01630162 0.         0.        ],[0. 0. 0. 0. 1. 0. 1. 0. 0. 0. 1. 0. 0. 0. 1. 0. 1. 0. 0. 0. 0. 0. 1. 0. 1. 1. 0. 1. 1. 0. 0.],10.0,10000,30,0.6,10,1,10,,problem_solving
6700,0.031648550920960423,0.004739260974897036,0.4,-2.1133329908662852,[0.         0.         0.         0.         0.01693688 0.         0.01048264 0.         0.         0.         0.01237324 0.         0.         0.         0.0156617  0.         0.01046544 0.         0.         0.         0.         0.         0.01522582 0.         0.01049851 0.87885926 0.         0.01319489 0.01630162 0.         0.        ],[0. 0. 0. 0. 1. 0. 1. 0. 0. 0. 1. 0. 0. 0. 1. 0. 1. 0. 0. 0. 0. 0. 1. 0. 1. 1. 0. 1. 1. 0. 0.],10.0,10000,30,0.6,10,1,10,,problem_solving
6800,0.031648550920960423,0.004739260974897036,0.4,-0.8521401452642283,[0.         0.         0.         0.         0.01693688 0.         0.01048264 0.         0.         0.         0.01237324 0.         0.         0.         0.0156617  0.         0.01046544 0.         0.         0.         0.         0.         0.01522582 0.         0.01049851 0.87885926 0.         0.01319489 0.01630162 0.         0.        ],[0. 0. 0. 0. 1. 0. 1. 0. 0. 0. 1. 0. 0. 0. 1. 0. 1. 0. 0. 0. 0. 0. 1. 0. 1. 1. 0. 1. 1. 0. 0.],10.0,10000,30,0.6,10,1,10,,problem_solving
6900,0.031648550920960423,0.004739260974897036,0.4,-10.059156281663489,[0.         0.         0.         0.         0.01693688 0.         0.01048264 0.         0.         0.         0.01237324 0.         0.         0.         0.0156617  0.         0.01046544 0.         0.         0.         0.         0.         0.01522582 0.         0.01049851 0.87885926 0.         0.01319489 0.01630162 0.         0.        ],[0. 0. 0. 0. 1. 0. 1. 0. 0. 0. 1. 0. 0. 0. 1. 0. 1. 0. 0. 0. 0. 0. 1. 0. 1. 1. 0. 1. 1. 0. 0.],10.0,10000,30,0.6,10,1,10,,problem_solving
7000,0.031648550920960423,0.004739260974897036,0.4,23.58547927980455,[0.         0.         0.         0.         0.01693688 0.         0.01048264 0.         0.         0.         0.01237324 0.         0.         0.         0.0156617  0.         0.01046544 0.         0.         0.         0.         0.         0.01522582 0.         0.01049851 0.87885926 0.         0.01319489 0.01630162 0.         0.        ],[0. 0. 0. 0. 1. 0. 1. 0. 0. 0. 1. 0. 0. 0. 1. 0. 1. 0. 0. 0. 0. 0. 1. 0. 1. 1. 0. 1. 1. 0. 0.],10.0,10000,30,0.6,10,1,10,,problem_solving
7100,0.031648550920960423,0.004739260974897036,0.4,-1.2317040849898717,[0.         0.         0.         0.         0.01693688 0.         0.01048264 0.         0.         0.         0.01237324 0.         0.         0.         0.0156617  0.         0.01046544 0.         0.         0.         0.         0.         0.01522582 0.         0.01049851 0.87885926 0.         0.01319489 0.01630162 0.         0.        ],[0. 0. 0. 0. 1. 0. 1. 0. 0. 0. 1. 0. 0. 0. 1. 0. 1. 0. 0. 0. 0. 0. 1. 0. 1. 1. 0. 1. 1. 0. 0.],10.0,10000,30,0.6,10,1,10,,problem_solving
7200,0.031648550920960423,0.004739260974897036,0.4,10.885840918918777,[0.         0.         0.         0.         0.01693688 0.         0.01048264 0.         0.         0.         0.01237324 0.         0.         0.         0.0156617  0.         0.01046544 0.         0.         0.         0.         0.         0.01522582 0.         0.01049851 0.87885926 0.         0.01319489 0.01630162 0.         0.        ],[0. 0. 0. 0. 1. 0. 1. 0. 0. 0. 1. 0. 0. 0. 1. 0. 1. 0. 0. 0. 0. 0. 1. 0. 1. 1. 0. 1. 1. 0. 0.],10.0,10000,30,0.6,10,1,10,,problem_solving
7300,0.031648550920960423,0.004739260974897036,0.4,-5.999649468834695,[0.         0.         0.         0.         0.01693688 0.         0.01048264 0.         0.         0.         0.01237324 0.         0.         0.         0.0156617  0.         0.01046544 0.         0.         0.         0.         0.         0.01522582 0.         0.01049851 0.87885926 0.         0.01319489 0.01630162 0.         0.        ],[0. 0. 0. 0. 1. 0. 1. 0. 0. 0. 1. 0. 0. 0. 1. 0. 1. 0. 0. 0. 0. 0. 1. 0. 1. 1. 0. 1. 1. 0. 0.],10.0,10000,30,0.6,10,1,10,,problem_solving
7400,0.031648550920960423,0.004739260974897036,0.4,14.881325424352571,[0.         0.         0.         0.         0.01693688 0.         0.01048264 0.         0.         0.         0.01237324 0.         0.         0.         0.0156617  0.         0.01046544 0.         0.         0.         0.         0.         0.01522582 0.         0.01049851 0.87885926 0.         0.01319489 0.01630162 0.         0.        ],[0. 0. 0. 0. 1. 0. 1. 0. 0. 0. 1. 0. 0. 0. 1. 0. 1. 0. 0. 0. 0. 0. 1. 0. 1. 1. 0. 1. 1. 0. 0.],10.0,10000,30,0.6,10,1,10,,problem_solving
7500,0.031648550920960423,0.004739260974897036,0.4,-0.4440248361136835,[0.         0.         0.         0.         0.01693688 0.         0.01048264 0.         0.         0.         0.01237324 0.         0.         0.         0.0156617  0.         0.01046544 0.         0.         0.         0.         0.         0.01522582 0.         0.01049851 0.87885926 0.         0.01319489 0.01630162 0.         0.        ],[0. 0. 0. 0. 1. 0. 1. 0. 0. 0. 1. 0. 0. 0. 1. 0. 1. 0. 0. 0. 0. 0. 1. 0. 1. 1. 0. 1. 1. 0. 0.],10.0,10000,30,0.6,10,1,10,,problem_solving
7600,0.031648550920960423,0.004739260974897036,0.4,-3.617726428563799,[0.         0.         0.         0.         0.01693688 0.         0.01048264 0.         0.         0.         0.01237324 0.         0.         0.         0.0156617  0.         0.01046544 0.         0.         0.         0.         0.         0.01522582 0.         0.01049851 0.87885926 0.         0.01319489 0.01630162 0.         0.        ],[0. 0. 0. 0. 1. 0. 1. 0. 0. 0. 1. 0. 0. 0. 1. 0. 1. 0. 0. 0. 0. 0. 1. 0. 1. 1. 0. 1. 1. 0. 0.],10.0,10000,30,0.6,10,1,10,,problem_solving
7700,0.031648550920960423,0.004739260974897036,0.4,13.983673931575984,[0.         0.         0.         0.         0.01693688 0.         0.01048264 0.         0.         0.         0.01237324 0.         0.         0.         0.0156617  0.         0.01046544 0.         0.         0.         0.         0.         0.01522582 0.         0.01049851 0.87885926 0.         0.01319489 0.01630162 0.         0.        ],[0. 0. 0. 0. 1. 0. 1. 0. 0. 0. 1. 0. 0. 0. 1. 0. 1. 0. 0. 0. 0. 0. 1. 0. 1. 1. 0. 1. 1. 0. 0.],10.0,10000,30,0.6,10,1,10,,problem_solving
7800,0.031648550920960423,0.004739260974897036,0.4,7.797936039180985,[0.         0.         0.         0.         0.01693688 0.         0.01048264 0.         0.         0.         0.01237324 0.         0.         0.         0.0156617  0.         0.01046544 0.         0.         0.         0.         0.         0.01522582 0.         0.01049851 0.87885926 0.         0.01319489 0.01630162 0.         0.        ],[0. 0. 0. 0. 1. 0. 1. 0. 0. 0. 1. 0. 0. 0. 1. 0. 1. 0. 0. 0. 0. 0. 1. 0. 1. 1. 0. 1. 1. 0. 0.],10.0,10000,30,0.6,10,1,10,,problem_solving
7900,0.031648550920960423,0.004739260974897036,0.4,6.675416054076467,[0.         0.         0.         0.         0.01693688 0.         0.01048264 0.         0.         0.         0.01237324 0.         0.         0.         0.0156617  0.         0.01046544 0.         0.         0.         0.         0.         0.01522582 0.         0.01049851 0.87885926 0.         0.01319489 0.01630162 0.         0.        ],[0. 0. 0. 0. 1. 0. 1. 0. 0. 0. 1. 0. 0. 0. 1. 0. 1. 0. 0. 0. 0. 0. 1. 0. 1. 1. 0. 1. 1. 0. 0.],10.0,10000,30,0.6,10,1,10,,problem_solving
8000,0.031648550920960423,0.004739260974897036,0.4,0.8939821245928283,[0.         0.         0.         0.         0.01693688 0.         0.01048264 0.         0.         0.         0.01237324 0.         0.         0.         0.0156617  0.         0.01046544 0.         0.         0.         0.         0.         0.01522582 0.         0.01049851 0.87885926 0.         0.01319489 0.01630162 0.         0.        ],[0. 0. 0. 0. 1. 0. 1. 0. 0. 0. 1. 0. 0. 0. 1. 0. 1. 0. 0. 0. 0. 0. 1. 0. 1. 1. 0. 1. 1. 0. 0.],10.0,10000,30,0.6,10,1,10,,problem_solving
8100,0.031648550920960423,0.004739260974897036,0.4,-1.6562127674935156,[0.         0.         0.         0.         0.01693688 0.         0.01048264 0.         0.         0.         0.01237324 0.         0.         0.         0.0156617  0.         0.01046544 0.         0.         0.         0.         0.         0.01522582 0.         0.01049851 0.87885926 0.         0.01319489 0.01630162 0.         0.        ],[0. 0. 0. 0. 1. 0. 1. 0. 0. 0. 1. 0. 0. 0. 1. 0. 1. 0. 0. 0. 0. 0. 1. 0. 1. 1. 0. 1. 1. 0. 0.],10.0,10000,30,0.6,10,1,10,,problem_solving
8200,0.031648550920960423,0.004739260974897036,0.4,-8.190434846987456,[0.         0.         0.         0.         0.01693688 0.         0.01048264 0.         0.         0.         0.01237324 0.         0.         0.         0.0156617  0.         0.01046544 0.         0.         0.         0.         0.         0.01522582 0.         0.01049851 0.87885926 0.         0.01319489 0.01630162 0.         0.        ],[0. 0. 0. 0. 1. 0. 1. 0. 0. 0. 1. 0. 0. 0. 1. 0. 1. 0. 0. 0. 0. 0. 1. 0. 1. 1. 0. 1. 1. 0. 0.],10.0,10000,30,0.6,10,1,10,,problem_solving
8300,0.031648550920960423,0.004739260974897036,0.4,0.4904432027572251,[0.         0.         0.         0.         0.01693688 0.         0.01048264 0.         0.         0.         0.01237324 0.         0.         0.         0.0156617  0.         0.01046544 0.         0.         0.         0.         0.         0.01522582 0.         0.01049851 0.87885926 0.         0.01319489 0.01630162 0.         0.        ],[0. 0. 0. 0. 1. 0. 1. 0. 0. 0. 1. 0. 0. 0. 1. 0. 1. 0. 0. 0. 0. 0. 1. 0. 1. 1. 0. 1. 1. 0. 0.],10.0,10000,30,0.6,10,1,10,,problem_solving
8400,0.031648550920960423,0.004739260974897036,0.4,0.5022560740847997,[0.         0.         0.         0.         0.01693688 0.         0.01048264 0.         0.         0.         0.01237324 0.         0.         0.         0.0156617  0.         0.01046544 0.         0.         0.         0.         0.         0.01522582 0.         0.01049851 0.87885926 0.         0.01319489 0.01630162 0.         0.        ],[0. 0. 0. 0. 1. 0. 1. 0. 0. 0. 1. 0. 0. 0. 1. 0. 1. 0. 0. 0. 0. 0. 1. 0. 1. 1. 0. 1. 1. 0. 0.],10.0,10000,30,0.6,10,1,10,,problem_solving
8500,0.031648550920960423,0.004739260974897036,0.4,-6.543632069266572,[0.         0.         0.         0.         0.01693688 0.         0.01048264 0.         0.         0.         0.01237324 0.         0.         0.         0.0156617  0.         0.01046544 0.         0.         0.         0.         0.         0.01522582 0.         0.01049851 0.87885926 0.         0.01319489 0.01630162 0.         0.        ],[0. 0. 0. 0. 1. 0. 1. 0. 0. 0. 1. 0. 0. 0. 1. 0. 1. 0. 0. 0. 0. 0. 1. 0. 1. 1. 0. 1. 1. 0. 0.],10.0,10000,30,0.6,10,1,10,,problem_solving
8600,0.031648550920960423,0.004739260974897036,0.4,-6.407255979262327,[0.         0.         0.         0.         0.01693688 0.         0.01048264 0.         0.         0.         0.01237324 0.         0.         0.         0.0156617  0.         0.01046544 0.         0.         0.         0.         0.         0.01522582 0.         0.01049851 0.87885926 0.         0.01319489 0.01630162 0.         0.        ],[0. 0. 0. 0. 1. 0. 1. 0. 0. 0. 1. 0. 0. 0. 1. 0. 1. 0. 0. 0. 0. 0. 1. 0. 1. 1. 0. 1. 1. 0. 0.],10.0,10000,30,0.6,10,1,10,,problem_solving
8700,0.031648550920960423,0.004739260974897036,0.4,3.558871563836743,[0.         0.         0.         0.         0.01693688 0.         0.01048264 0.         0.         0.         0.01237324 0.         0.         0.         0.0156617  0.         0.01046544 0.         0.         0.         0.         0.         0.01522582 0.         0.01049851 0.87885926 0.         0.01319489 0.01630162 0.         0.        ],[0. 0. 0. 0. 1. 0. 1. 0. 0. 0. 1. 0. 0. 0. 1. 0. 1. 0. 0. 0. 0. 0. 1. 0. 1. 1. 0. 1. 1. 0. 0.],10.0,10000,30,0.6,10,1,10,,problem_solving
8800,0.031648550920960423,0.004739260974897036,0.4,-7.03312235489113,[0.         0.         0.         0.         0.01693688 0.         0.01048264 0.         0.         0.         0.01237324 0.         0.         0.         0.0156617  0.         0.01046544 0.         0.         0.         0.         0.         0.01522582 0.         0.01049851 0.87885926 0.         0.01319489 0.01630162 0.         0.        ],[0. 0. 0. 0. 1. 0. 1. 0. 0. 0. 1. 0. 0. 0. 1. 0. 1. 0. 0. 0. 0. 0. 1. 0. 1. 1. 0. 1. 1. 0. 0.],10.0,10000,30,0.6,10,1,10,,problem_solving
8900,0.031648550920960423,0.004739260974897036,0.4,15.416043638217875,[0.         0.         0.         0.         0.01693688 0.         0.01048264 0.         0.         0.         0.01237324 0.         0.         0.         0.0156617  0.         0.01046544 0.         0.         0.         0.         0.         0.01522582 0.         0.01049851 0.87885926 0.         0.01319489 0.01630162 0.         0.        ],[0. 0. 0. 0. 1. 0. 1. 0. 0. 0. 1. 0. 0. 0. 1. 0. 1. 0. 0. 0. 0. 0. 1. 0. 1. 1. 0. 1. 1. 0. 0.],10.0,10000,30,0.6,10,1,10,,problem_solving
9000,0.031648550920960423,0.004739260974897036,0.4,-0.45493563670740633,[0.         0.         0.         0.         0.01693688 0.         0.01048264 0.         0.         0.         0.01237324 0.         0.         0.         0.0156617  0.         0.01046544 0.         0.         0.         0.         0.         0.01522582 0.         0.01049851 0.87885926 0.         0.01319489 0.01630162 0.         0.        ],[0. 0. 0. 0. 1. 0. 1. 0. 0. 0. 1. 0. 0. 0. 1. 0. 1. 0. 0. 0. 0. 0. 1. 0. 1. 1. 0. 1. 1. 0. 0.],10.0,10000,30,0.6,10,1,10,,problem_solving
9100,0.031648550920960423,0.004739260974897036,0.4,9.580491291094958,[0.         0.         0.         0.         0.01693688 0.         0.01048264 0.         0.         0.         0.01237324 0.         0.         0.         0.0156617  0.         0.01046544 0.         0.         0.         0.         0.         0.01522582 0.         0.01049851 0.87885926 0.         0.01319489 0.01630162 0.         0.        ],[0. 0. 0. 0. 1. 0. 1. 0. 0. 0. 1. 0. 0. 0. 1. 0. 1. 0. 0. 0. 0. 0. 1. 0. 1. 1. 0. 1. 1. 0. 0.],10.0,10000,30,0.6,10,1,10,,problem_solving
9200,0.031648550920960423,0.004739260974897036,0.4,8.185466499004164,[0.         0.         0.         0.         0.01693688 0.         0.01048264 0.         0.         0.         0.01237324 0.         0.         0.         0.0156617  0.         0.01046544 0.         0.         0.         0.         0.         0.01522582 0.         0.01049851 0.87885926 0.         0.01319489 0.01630162 0.         0.        ],[0. 0. 0. 0. 1. 0. 1. 0. 0. 0. 1. 0. 0. 0. 1. 0. 1. 0. 0. 0. 0. 0. 1. 0. 1. 1. 0. 1. 1. 0. 0.],10.0,10000,30,0.6,10,1,10,,problem_solving
9300,0.031648550920960423,0.004739260974897036,0.4,20.761036797390297,[0.         0.         0.         0.         0.01693688 0.         0.01048264 0.         0.         0.         0.01237324 0.         0.         0.         0.0156617  0.         0.01046544 0.         0.         0.         0.         0.         0.01522582 0.         0.01049851 0.87885926 0.         0.01319489 0.01630162 0.         0.        ],[0. 0. 0. 0. 1. 0. 1. 0. 0. 0. 1. 0. 0. 0. 1. 0. 1. 0. 0. 0. 0. 0. 1. 0. 1. 1. 0. 1. 1. 0. 0.],10.0,10000,30,0.6,10,1,10,,problem_solving
9400,0.031648550920960423,0.004739260974897036,0.4,-6.931659114949254,[0.         0.         0.         0.         0.01693688 0.         0.01048264 0.         0.         0.         0.01237324 0.         0.         0.         0.0156617  0.         0.01046544 0.         0.         0.         0.         0.         0.01522582 0.         0.01049851 0.87885926 0.         0.01319489 0.01630162 0.         0.        ],[0. 0. 0. 0. 1. 0. 1. 0. 0. 0. 1. 0. 0. 0. 1. 0. 1. 0. 0. 0. 0. 0. 1. 0. 1. 1. 0. 1. 1. 0. 0.],10.0,10000,30,0.6,10,1,10,,problem_solving
9500,0.031648550920960423,0.004739260974897036,0.4,3.6800587482590648,[0.         0.         0.         0.         0.01693688 0.         0.01048264 0.         0.         0.         0.01237324 0.         0.         0.         0.0156617  0.         0.01046544 0.         0.         0.         0.         0.         0.01522582 0.         0.01049851 0.87885926 0.         0.01319489 0.01630162 0.         0.        ],[0. 0. 0. 0. 1. 0. 1. 0. 0. 0. 1. 0. 0. 0. 1. 0. 1. 0. 0. 0. 0. 0. 1. 0. 1. 1. 0. 1. 1. 0. 0.],10.0,10000,30,0.6,10,1,10,,problem_solving
9600,0.031648550920960423,0.004739260974897036,0.4,17.083350571353,[0.         0.         0.         0.         0.01693688 0.         0.01048264 0.         0.         0.         0.01237324 0.         0.         0.         0.0156617  0.         0.01046544 0.         0.         0.         0.         0.         0.01522582 0.         0.01049851 0.87885926 0.         0.01319489 0.01630162 0.         0.        ],[0. 0. 0. 0. 1. 0. 1. 0. 0. 0. 1. 0. 0. 0. 1. 0. 1. 0. 0. 0. 0. 0. 1. 0. 1. 1. 0. 1. 1. 0. 0.],10.0,10000,30,0.6,10,1,10,,problem_solving
9700,0.031648550920960423,0.004739260974897036,0.4,-14.547938670347975,[0.         0.         0.         0.         0.01693688 0.         0.01048264 0.         0.         0.         0.01237324 0.         0.         0.         0.0156617  0.         0.01046544 0.         0.         0.         0.         0.         0.01522582 0.         0.01049851 0.87885926 0.         0.01319489 0.01630162 0.         0.        ],[0. 0. 0. 0. 1. 0. 1. 0. 0. 0. 1. 0. 0. 0. 1. 0. 1. 0. 0. 0. 0. 0. 1. 0. 1. 1. 0. 1. 1. 0. 0.],10.0,10000,30,0.6,10,1,10,,problem_solving
9800,0.031648550920960423,0.004739260974897036,0.4,-0.15985195824468573,[0.         0.         0.         0.         0.01693688 0.         0.01048264 0.         0.         0.         0.01237324 0.         0.         0.         0.0156617  0.         0.01046544 0.         0.         0.         0.         0.         0.01522582 0.         0.01049851 0.87885926 0.         0.01319489 0.01630162 0.         0.        ],[0. 0. 0. 0. 1. 0. 1. 0. 0. 0. 1. 0. 0. 0. 1. 0. 1. 0. 0. 0. 0. 0. 1. 0. 1. 1. 0. 1. 1. 0. 0.],10.0,10000,30,0.6,10,1,10,,problem_solving
9900,0.031648550920960423,0.004739260974897036,0.4,26.466286485027485,[0.         0.         0.         0.         0.01693688 0.         0.01048264 0.         0.         0.         0.01237324 0.         0.         0.         0.0156617  0.         0.01046544 0.         0.         0.         0.         0.         0.01522582 0.         0.01049851 0.87885926 0.         0.01319489 0.01630162 0.         0.        ],[0. 0. 0. 0. 1. 0. 1. 0. 0. 0. 1. 0. 0. 0. 1. 0. 1. 0. 0. 0. 0. 0. 1. 0. 1. 1. 0. 1. 1. 0. 0.],10.0,10000,30,0.6,10,1,10,,problem_solving
9999,0.031648550920960423,0.004739260974897036,0.4,-0.21589122612691147,[0.         0.         0.         0.         0.01693688 0.         0.01048264 0.         0.         0.         0.01237324 0.         0.         0.         0.0156617  0.         0.01046544 0.         0.         0.         0.         0.         0.01522582 0.         0.01049851 0.87885926 0.         0.01319489 0.01630162 0.         0.        ],[0. 0. 0. 0. 1. 0. 1. 0. 0. 0. 1. 0. 0. 0. 1. 0. 1. 0. 0. 0. 0. 0. 1. 0. 1. 1. 0. 1. 1. 0. 0.],10.0,10000,30,0.6,10,1,10,,problem_solving
