iter,cost,return,par,move,X,Z,Q,max_iter,mem_size,mem_consider,sigma,port_n,k,seed,tag
1,0.02050760159841947,0.004668679848417178,0.4,4.069015441789846,[0.         0.         0.         0.         0.         0.         0.         0.         0.         0.         0.02130365 0.         0.         0.         0.         0.         0.         0.         0.         0.         0.         0.         0.         0.         0.         0.9226233  0.         0.02026783 0.02176042 0.0140448  0.        ],[0. 0. 0. 0. 0. 0. 0. 0. 0. 0. 1. 0. 0. 0. 0. 0. 0. 0. 0. 0. 0. 0. 0. 0. 0. 1. 0. 1. 1. 1. 0.],5.0,10000,30,0.6,10,1,5,,problem_solving
100,0.02050760159841947,0.004668679848417178,0.4,-1.8658623772504332,[0.         0.         0.         0.         0.         0.         0.         0.         0.         0.         0.02130365 0.         0.         0.         0.         0.         0.         0.         0.         0.         0.         0.         0.         0.         0.         0.9226233  0.         0.02026783 0.02176042 0.0140448  0.        ],[0. 0. 0. 0. 0. 0. 0. 0. 0. 0. 1. 0. 0. 0. 0. 0. 0. 0. 0. 0. 0. 0. 0. 0. 0. 1. 0. 1. 1. 1. 0.],5.0,10000,30,0.6,10,1,5,,problem_solving
200,0.02050760159841947,0.004668679848417178,0.4,15.576870436581178,[0.         0.         0.         0.         0.         0.         0.         0.         0.         0.         0.02130365 0.         0.         0.         0.         0.         0.         0.         0.         0.         0.         0.         0.         0.         0.         0.9226233  0.         0.02026783 0.02176042 0.0140448  0.        ],[0. 0. 0. 0. 0. 0. 0. 0. 0. 0. 1. 0. 0. 0. 0. 0. 0. 0. 0. 0. 0. 0. 0. 0. 0. 1. 0. 1. 1. 1. 0.],5.0,10000,30,0.6,10,1,5,,problem_solving
300,0.02050760159841947,0.004668679848417178,0.4,-2.5691600691599508,[0.         0.         0.         0.         0.         0.         0.         0.         0.         0.         0.02130365 0.         0.         0.         0.         0.         0.         0.         0.         0.         0.         0.         0.         0.         0.         0.9226233  0.         0.02026783 0.02176042 0.0140448  0.        ],[0. 0. 0. 0. 0. 0. 0. 0. 0. 0. 1. 0. 0. 0. 0. 0. 0. 0. 0. 0. 0. 0. 0. 0. 0. 1. 0. 1. 1. 1. 0.],5.0,10000,30,0.6,10,1,5,,problem_solving
400,0.02050760159841947,0.004668679848417178,0.4,13.742884923525951,[0.         0.         0.         0.         0.         0.         0.         0.         0.         0.         0.02130365 0.         0.         0.         0.         0.         0.         0.         0.         0.         0.         0.         0.         0.         0.         0.9226233  0.         0.02026783 0.02176042 0.0140448  0.        ],[0. 0. 0. 0. 0. 0. 0. 0. 0. 0. 1. 0. 0. 0. 0. 0. 0. 0. 0. 0. 0. 0. 0. 0. 0. 1. 0. 1. 1. 1. 0.],5.0,10000,30,0.6,10,1,5,,problem_solving
500,0.02050760159841947,0.004668679848417178,0.4,-12.329103177112682,[0.         0.         0.         0.         0.         0.         0.         0.         0.         0.         0.02130365 0.         0.         0.         0.         0.         0.         0.         0.         0.         0.         0.         0.         0.         0.         0.9226233  0.         0.02026783 0.02176042 0.0140448  0.        ],[0. 0. 0. 0. 0. 0. 0. 0. 0. 0. 1. 0. 0. 0. 0. 0. 0. 0. 0. 0. 0. 0. 0. 0. 0. 1. 0. 1. 1. 1. 0.],5.0,10000,30,0.6,10,1,5,,problem_solving
600,0.02050760159841947,0.004668679848417178,0.4,1.3046785410650552,[0.         0.         0.         0.         0.         0.         0.         0.         0.         0.         0.02130365 0.         0.         0.         0.         0.         0.         0.         0.         0.         0.         0.         0.         0.         0.         0.9226233  0.         0.02026783 0.02176042 0.0140448  0.        ],[0. 0. 0. 0. 0. 0. 0. 0. 0. 0. 1. 0. 0. 0. 0. 0. 0. 0. 0. 0. 0. 0. 0. 0. 0. 1. 0. 1. 1. 1. 0.],5.0,10000,30,0.6,10,1,5,,problem_solving
700,0.01885452606571165,0.002478179239719328,0.4,-1.810315004035633,[0.         0.         0.         0.         0.         0.         0.         0.         0.         0.         0.02180923 0.01945798 0.01718593 0.         0.         0.         0.         0.         0.         0.         0.         0.         0.         0.         0.         0.0215185  0.         0.92002837 0.         0.         0.        ],[0. 0. 0. 0. 0. 0. 0. 0. 0. 0. 1. 1. 1. 0. 0. 0. 0. 0. 0. 0. 0. 0. 0. 0. 0. 1. 0. 1. 0. 0. 0.],5.0,10000,30,0.6,10,1,5,,problem_solving
800,0.01885452606571165,0.002478179239719328,0.4,6.441237012078352,[0.         0.         0.         0.         0.         0.         0.         0.         0.         0.         0.02180923 0.01945798 0.01718593 0.         0.         0.         0.         0.         0.         0.         0.         0.         0.         0.         0.         0.0215185  0.         0.92002837 0.         0.         0.        ],[0. 0. 0. 0. 0. 0. 0. 0. 0. 0. 1. 1. 1. 0. 0. 0. 0. 0. 0. 0. 0. 0. 0. 0. 0. 1. 0. 1. 0. 0. 0.],5.0,10000,30,0.6,10,1,5,,problem_solving
900,0.01885452606571165,0.002478179239719328,0.4,2.370881016633914,[0.         0.         0.         0.         0.         0.         0.         0.         0.         0.         0.02180923 0.01945798 0.01718593 0.         0.         0.         0.         0.         0.         0.         0.         0.         0.         0.         0.         0.0215185  0.         0.92002837 0.         0.         0.        ],[0. 0. 0. 0. 0. 0. 0. 0. 0. 0. 1. 1. 1. 0. 0. 0. 0. 0. 0. 0. 0. 0. 0. 0. 0. 1. 0. 1. 0. 0. 0.],5.0,10000,30,0.6,10,1,5,,problem_solving
1000,0.01885452606571165,0.002478179239719328,0.4,7.584329108070942,[0.         0.         0.         0.         0.         0.         0.         0.         0.         0.         0.02180923 0.01945798 0.01718593 0.         0.         0.         0.         0.         0.         0.         0.         0.         0.         0.         0.         0.0215185  0.         0.92002837 0.         0.         0.        ],[0. 0. 0. 0. 0. 0. 0. 0. 0. 0. 1. 1. 1. 0. 0. 0. 0. 0. 0. 0. 0. 0. 0. 0. 0. 1. 0. 1. 0. 0. 0.],5.0,10000,30,0.6,10,1,5,,problem_solving
1100,0.016943142504079155,0.004638957602347686,0.4,-3.8347803023908957,[0.         0.         0.02417868 0.         0.         0.         0.         0.         0.         0.         0.         0.         0.         0.         0.         0.         0.         0.         0.         0.         0.         0.         0.         0.01435152 0.01082347 0.93529088 0.         0.01535544 0.         0.         0.        ],[0. 0. 1. 0. 0. 0. 0. 0. 0. 0. 0. 0. 0. 0. 0. 0. 0. 0. 0. 0. 0. 0. 0. 1. 1. 1. 0. 1. 0. 0. 0.],5.0,10000,30,0.6,10,1,5,,problem_solving
1200,0.016943142504079155,0.004638957602347686,0.4,-3.4281934489856827,[0.         0.         0.02417868 0.         0.         0.         0.         0.         0.         0.         0.         0.         0.         0.         0.         0.         0.         0.         0.         0.         0.         0.         0.         0.01435152 0.01082347 0.93529088 0.         0.01535544 0.         0.         0.        ],[0. 0. 1. 0. 0. 0. 0. 0. 0. 0. 0. 0. 0. 0. 0. 0. 0. 0. 0. 0. 0. 0. 0. 1. 1. 1. 0. 1. 0. 0. 0.],5.0,10000,30,0.6,10,1,5,,problem_solving
1300,0.016943142504079155,0.004638957602347686,0.4,12.33544200193035,[0.         0.         0.02417868 0.         0.         0.         0.         0.         0.         0.         0.         0.         0.         0.         0.         0.         0.         0.         0.         0.         0.         0.         0.         0.01435152 0.01082347 0.93529088 0.         0.01535544 0.         0.         0.        ],[0. 0. 1. 0. 0. 0. 0. 0. 0. 0. 0. 0. 0. 0. 0. 0. 0. 0. 0. 0. 0. 0. 0. 1. 1. 1. 0. 1. 0. 0. 0.],5.0,10000,30,0.6,10,1,5,,problem_solving
1400,0.016943142504079155,0.004638957602347686,0.4,-3.2386107330012788,[0.         0.         0.02417868 0.         0.         0.         0.         0.         0.         0.         0.         0.         0.         0.         0.         0.         0.         0.         0.         0.         0.         0.         0.         0.01435152 0.01082347 0.93529088 0.         0.01535544 0.         0.         0.        ],[0. 0. 1. 0. 0. 0. 0. 0. 0. 0. 0. 0. 0. 0. 0. 0. 0. 0. 0. 0. 0. 0. 0. 1. 1. 1. 0. 1. 0. 0. 0.],5.0,10000,30,0.6,10,1,5,,problem_solving
1500,0.016943142504079155,0.004638957602347686,0.4,-18.694453586957074,[0.         0.         0.02417868 0.         0.         0.         0.         0.         0.         0.         0.         0.         0.         0.         0.         0.         0.         0.         0.         0.         0.         0.         0.         0.01435152 0.01082347 0.93529088 0.         0.01535544 0.         0.         0.        ],[0. 0. 1. 0. 0. 0. 0. 0. 0. 0. 0. 0. 0. 0. 0. 0. 0. 0. 0. 0. 0. 0. 0. 1. 1. 1. 0. 1. 0. 0. 0.],5.0,10000,30,0.6,10,1,5,,problem_solving
1600,0.016943142504079155,0.004638957602347686,0.4,18.550502044499247,[0.         0.         0.02417868 0.         0.         0.         0.         0.         0.         0.         0.         0.         0.         0.         0.         0.         0.         0.         0.         0.         0.         0.         0.         0.01435152 0.01082347 0.93529088 0.         0.01535544 0.         0.         0.        ],[0. 0. 1. 0. 0. 0. 0. 0. 0. 0. 0. 0. 0. 0. 0. 0. 0. 0. 0. 0. 0. 0. 0. 1. 1. 1. 0. 1. 0. 0. 0.],5.0,10000,30,0.6,10,1,5,,problem_solving
1700,0.016943142504079155,0.004638957602347686,0.4,3.347996790733414,[0.         0.         0.02417868 0.         0.         0.         0.         0.         0.         0.         0.         0.         0.         0.         0.         0.         0.         0.         0.         0.         0.         0.         0.         0.01435152 0.01082347 0.93529088 0.         0.01535544 0.         0.         0.        ],[0. 0. 1. 0. 0. 0. 0. 0. 0. 0. 0. 0. 0. 0. 0. 0. 0. 0. 0. 0. 0. 0. 0. 1. 1. 1. 0. 1. 0. 0. 0.],5.0,10000,30,0.6,10,1,5,,problem_solving
1800,0.016943142504079155,0.004638957602347686,0.4,-2.4458503875137607,[0.         0.         0.02417868 0.         0.         0.         0.         0.         0.         0.         0.         0.         0.         0.         0.         0.         0.         0.         0.         0.         0.         0.         0.         0.01435152 0.01082347 0.93529088 0.         0.01535544 0.         0.         0.        ],[0. 0. 1. 0. 0. 0. 0. 0. 0. 0. 0. 0. 0. 0. 0. 0. 0. 0. 0. 0. 0. 0. 0. 1. 1. 1. 0. 1. 0. 0. 0.],5.0,10000,30,0.6,10,1,5,,problem_solving
1900,0.016943142504079155,0.004638957602347686,0.4,8.603325799965079,[0.         0.         0.02417868 0.         0.         0.         0.         0.         0.         0.         0.         0.         0.         0.         0.         0.         0.         0.         0.         0.         0.         0.         0.         0.01435152 0.01082347 0.93529088 0.         0.01535544 0.         0.         0.        ],[0. 0. 1. 0. 0. 0. 0. 0. 0. 0. 0. 0. 0. 0. 0. 0. 0. 0. 0. 0. 0. 0. 0. 1. 1. 1. 0. 1. 0. 0. 0.],5.0,10000,30,0.6,10,1,5,,problem_solving
2000,0.016943142504079155,0.004638957602347686,0.4,-9.294126578255893,[0.         0.         0.02417868 0.         0.         0.         0.         0.         0.         0.         0.         0.         0.         0.         0.         0.         0.         0.         0.         0.         0.         0.         0.         0.01435152 0.01082347 0.93529088 0.         0.01535544 0.         0.         0.        ],[0. 0. 1. 0. 0. 0. 0. 0. 0. 0. 0. 0. 0. 0. 0. 0. 0. 0. 0. 0. 0. 0. 0. 1. 1. 1. 0. 1. 0. 0. 0.],5.0,10000,30,0.6,10,1,5,,problem_solving
2100,0.016943142504079155,0.004638957602347686,0.4,-5.070457107896052,[0.         0.         0.02417868 0.         0.         0.         0.         0.         0.         0.         0.         0.         0.         0.         0.         0.         0.         0.         0.         0.         0.         0.         0.         0.01435152 0.01082347 0.93529088 0.         0.01535544 0.         0.         0.        ],[0. 0. 1. 0. 0. 0. 0. 0. 0. 0. 0. 0. 0. 0. 0. 0. 0. 0. 0. 0. 0. 0. 0. 1. 1. 1. 0. 1. 0. 0. 0.],5.0,10000,30,0.6,10,1,5,,problem_solving
2200,0.016943142504079155,0.004638957602347686,0.4,-2.050368257106761,[0.         0.         0.02417868 0.         0.         0.         0.         0.         0.         0.         0.         0.         0.         0.         0.         0.         0.         0.         0.         0.         0.         0.         0.         0.01435152 0.01082347 0.93529088 0.         0.01535544 0.         0.         0.        ],[0. 0. 1. 0. 0. 0. 0. 0. 0. 0. 0. 0. 0. 0. 0. 0. 0. 0. 0. 0. 0. 0. 0. 1. 1. 1. 0. 1. 0. 0. 0.],5.0,10000,30,0.6,10,1,5,,problem_solving
2300,0.016943142504079155,0.004638957602347686,0.4,3.0574657996591763,[0.         0.         0.02417868 0.         0.         0.         0.         0.         0.         0.         0.         0.         0.         0.         0.         0.         0.         0.         0.         0.         0.         0.         0.         0.01435152 0.01082347 0.93529088 0.         0.01535544 0.         0.         0.        ],[0. 0. 1. 0. 0. 0. 0. 0. 0. 0. 0. 0. 0. 0. 0. 0. 0. 0. 0. 0. 0. 0. 0. 1. 1. 1. 0. 1. 0. 0. 0.],5.0,10000,30,0.6,10,1,5,,problem_solving
2400,0.016943142504079155,0.004638957602347686,0.4,1.4805384660453726,[0.         0.         0.02417868 0.         0.         0.         0.         0.         0.         0.         0.         0.         0.         0.         0.         0.         0.         0.         0.         0.         0.         0.         0.         0.01435152 0.01082347 0.93529088 0.         0.01535544 0.         0.         0.        ],[0. 0. 1. 0. 0. 0. 0. 0. 0. 0. 0. 0. 0. 0. 0. 0. 0. 0. 0. 0. 0. 0. 0. 1. 1. 1. 0. 1. 0. 0. 0.],5.0,10000,30,0.6,10,1,5,,problem_solving
2500,0.016943142504079155,0.004638957602347686,0.4,1.1007606000597692,[0.         0.         0.02417868 0.         0.         0.         0.         0.         0.         0.         0.         0.         0.         0.         0.         0.         0.         0.         0.         0.         0.         0.         0.         0.01435152 0.01082347 0.93529088 0.         0.01535544 0.         0.         0.        ],[0. 0. 1. 0. 0. 0. 0. 0. 0. 0. 0. 0. 0. 0. 0. 0. 0. 0. 0. 0. 0. 0. 0. 1. 1. 1. 0. 1. 0. 0. 0.],5.0,10000,30,0.6,10,1,5,,problem_solving
2600,0.016943142504079155,0.004638957602347686,0.4,8.157093556405133,[0.         0.         0.02417868 0.         0.         0.         0.         0.         0.         0.         0.         0.         0.         0.         0.         0.         0.         0.         0.         0.         0.         0.         0.         0.01435152 0.01082347 0.93529088 0.         0.01535544 0.         0.         0.        ],[0. 0. 1. 0. 0. 0. 0. 0. 0. 0. 0. 0. 0. 0. 0. 0. 0. 0. 0. 0. 0. 0. 0. 1. 1. 1. 0. 1. 0. 0. 0.],5.0,10000,30,0.6,10,1,5,,problem_solving
2700,0.01540760620320089,0.004662159009172577,0.4,9.445781370328618,[0.         0.         0.         0.         0.         0.         0.         0.         0.         0.         0.         0.         0.01338292 0.         0.         0.         0.         0.01175466 0.         0.         0.         0.         0.         0.         0.         0.93826845 0.01560956 0.0209844  0.         0.         0.        ],[0. 0. 0. 0. 0. 0. 0. 0. 0. 0. 0. 0. 1. 0. 0. 0. 0. 1. 0. 0. 0. 0. 0. 0. 0. 1. 1. 1. 0. 0. 0.],5.0,10000,30,0.6,10,1,5,,problem_solving
2800,0.01540760620320089,0.004662159009172577,0.4,3.2047437509023196,[0.         0.         0.         0.         0.         0.         0.         0.         0.         0.         0.         0.         0.01338292 0.         0.         0.         0.         0.01175466 0.         0.         0.         0.         0.         0.         0.         0.93826845 0.01560956 0.0209844  0.         0.         0.        ],[0. 0. 0. 0. 0. 0. 0. 0. 0. 0. 0. 0. 1. 0. 0. 0. 0. 1. 0. 0. 0. 0. 0. 0. 0. 1. 1. 1. 0. 0. 0.],5.0,10000,30,0.6,10,1,5,,problem_solving
2900,0.01540760620320089,0.004662159009172577,0.4,-4.87984176269781,[0.         0.         0.         0.         0.         0.         0.         0.         0.         0.         0.         0.         0.01338292 0.         0.         0.         0.         0.01175466 0.         0.         0.         0.         0.         0.         0.         0.93826845 0.01560956 0.0209844  0.         0.         0.        ],[0. 0. 0. 0. 0. 0. 0. 0. 0. 0. 0. 0. 1. 0. 0. 0. 0. 1. 0. 0. 0. 0. 0. 0. 0. 1. 1. 1. 0. 0. 0.],5.0,10000,30,0.6,10,1,5,,problem_solving
3000,0.01540760620320089,0.004662159009172577,0.4,1.3579764796475926,[0.         0.         0.         0.         0.         0.         0.         0.         0.         0.         0.         0.         0.01338292 0.         0.         0.         0.         0.01175466 0.         0.         0.         0.         0.         0.         0.         0.93826845 0.01560956 0.0209844  0.         0.         0.        ],[0. 0. 0. 0. 0. 0. 0. 0. 0. 0. 0. 0. 1. 0. 0. 0. 0. 1. 0. 0. 0. 0. 0. 0. 0. 1. 1. 1. 0. 0. 0.],5.0,10000,30,0.6,10,1,5,,problem_solving
3100,0.01540760620320089,0.004662159009172577,0.4,-1.7168170536766723,[0.         0.         0.         0.         0.         0.         0.         0.         0.         0.         0.         0.         0.01338292 0.         0.         0.         0.         0.01175466 0.         0.         0.         0.         0.         0.         0.         0.93826845 0.01560956 0.0209844  0.         0.         0.        ],[0. 0. 0. 0. 0. 0. 0. 0. 0. 0. 0. 0. 1. 0. 0. 0. 0. 1. 0. 0. 0. 0. 0. 0. 0. 1. 1. 1. 0. 0. 0.],5.0,10000,30,0.6,10,1,5,,problem_solving
3200,0.01540760620320089,0.004662159009172577,0.4,1.0247317415673518,[0.         0.         0.         0.         0.         0.         0.         0.         0.         0.         0.         0.         0.01338292 0.         0.         0.         0.         0.01175466 0.         0.         0.         0.         0.         0.         0.         0.93826845 0.01560956 0.0209844  0.         0.         0.        ],[0. 0. 0. 0. 0. 0. 0. 0. 0. 0. 0. 0. 1. 0. 0. 0. 0. 1. 0. 0. 0. 0. 0. 0. 0. 1. 1. 1. 0. 0. 0.],5.0,10000,30,0.6,10,1,5,,problem_solving
3300,0.01540760620320089,0.004662159009172577,0.4,-11.456127275469656,[0.         0.         0.         0.         0.         0.         0.         0.         0.         0.         0.         0.         0.01338292 0.         0.         0.         0.         0.01175466 0.         0.         0.         0.         0.         0.         0.         0.93826845 0.01560956 0.0209844  0.         0.         0.        ],[0. 0. 0. 0. 0. 0. 0. 0. 0. 0. 0. 0. 1. 0. 0. 0. 0. 1. 0. 0. 0. 0. 0. 0. 0. 1. 1. 1. 0. 0. 0.],5.0,10000,30,0.6,10,1,5,,problem_solving
3400,0.01540760620320089,0.004662159009172577,0.4,8.938559441591327,[0.         0.         0.         0.         0.         0.         0.         0.         0.         0.         0.         0.         0.01338292 0.         0.         0.         0.         0.01175466 0.         0.         0.         0.         0.         0.         0.         0.93826845 0.01560956 0.0209844  0.         0.         0.        ],[0. 0. 0. 0. 0. 0. 0. 0. 0. 0. 0. 0. 1. 0. 0. 0. 0. 1. 0. 0. 0. 0. 0. 0. 0. 1. 1. 1. 0. 0. 0.],5.0,10000,30,0.6,10,1,5,,problem_solving
3500,0.01540760620320089,0.004662159009172577,0.4,2.2263225803589544,[0.         0.         0.         0.         0.         0.         0.         0.         0.         0.         0.         0.         0.01338292 0.         0.         0.         0.         0.01175466 0.         0.         0.         0.         0.         0.         0.         0.93826845 0.01560956 0.0209844  0.         0.         0.        ],[0. 0. 0. 0. 0. 0. 0. 0. 0. 0. 0. 0. 1. 0. 0. 0. 0. 1. 0. 0. 0. 0. 0. 0. 0. 1. 1. 1. 0. 0. 0.],5.0,10000,30,0.6,10,1,5,,problem_solving
3600,0.01540760620320089,0.004662159009172577,0.4,-1.650338714284881,[0.         0.         0.         0.         0.         0.         0.         0.         0.         0.         0.         0.         0.01338292 0.         0.         0.         0.         0.01175466 0.         0.         0.         0.         0.         0.         0.         0.93826845 0.01560956 0.0209844  0.         0.         0.        ],[0. 0. 0. 0. 0. 0. 0. 0. 0. 0. 0. 0. 1. 0. 0. 0. 0. 1. 0. 0. 0. 0. 0. 0. 0. 1. 1. 1. 0. 0. 0.],5.0,10000,30,0.6,10,1,5,,problem_solving
3700,0.014873011062256573,0.0024628770026086507,0.4,-0.2484218235206968,[0.         0.         0.         0.01102284 0.         0.         0.         0.         0.         0.         0.01116077 0.         0.01090244 0.         0.         0.         0.         0.         0.02711892 0.         0.         0.         0.         0.         0.         0.         0.         0.93979503 0.         0.         0.        ],[0. 0. 0. 1. 0. 0. 0. 0. 0. 0. 1. 0. 1. 0. 0. 0. 0. 0. 1. 0. 0. 0. 0. 0. 0. 0. 0. 1. 0. 0. 0.],5.0,10000,30,0.6,10,1,5,,problem_solving
3800,0.014873011062256573,0.0024628770026086507,0.4,5.160964124700621,[0.         0.         0.         0.01102284 0.         0.         0.         0.         0.         0.         0.01116077 0.         0.01090244 0.         0.         0.         0.         0.         0.02711892 0.         0.         0.         0.         0.         0.         0.         0.         0.93979503 0.         0.         0.        ],[0. 0. 0. 1. 0. 0. 0. 0. 0. 0. 1. 0. 1. 0. 0. 0. 0. 0. 1. 0. 0. 0. 0. 0. 0. 0. 0. 1. 0. 0. 0.],5.0,10000,30,0.6,10,1,5,,problem_solving
3900,0.014873011062256573,0.0024628770026086507,0.4,19.328183909144027,[0.         0.         0.         0.01102284 0.         0.         0.         0.         0.         0.         0.01116077 0.         0.01090244 0.         0.         0.         0.         0.         0.02711892 0.         0.         0.         0.         0.         0.         0.         0.         0.93979503 0.         0.         0.        ],[0. 0. 0. 1. 0. 0. 0. 0. 0. 0. 1. 0. 1. 0. 0. 0. 0. 0. 1. 0. 0. 0. 0. 0. 0. 0. 0. 1. 0. 0. 0.],5.0,10000,30,0.6,10,1,5,,problem_solving
4000,0.014873011062256573,0.0024628770026086507,0.4,-0.44569454435456946,[0.         0.         0.         0.01102284 0.         0.         0.         0.         0.         0.         0.01116077 0.         0.01090244 0.         0.         0.         0.         0.         0.02711892 0.         0.         0.         0.         0.         0.         0.         0.         0.93979503 0.         0.         0.        ],[0. 0. 0. 1. 0. 0. 0. 0. 0. 0. 1. 0. 1. 0. 0. 0. 0. 0. 1. 0. 0. 0. 0. 0. 0. 0. 0. 1. 0. 0. 0.],5.0,10000,30,0.6,10,1,5,,problem_solving
4100,0.014873011062256573,0.0024628770026086507,0.4,-11.3954046482675,[0.         0.         0.         0.01102284 0.         0.         0.         0.         0.         0.         0.01116077 0.         0.01090244 0.         0.         0.         0.         0.         0.02711892 0.         0.         0.         0.         0.         0.         0.         0.         0.93979503 0.         0.         0.        ],[0. 0. 0. 1. 0. 0. 0. 0. 0. 0. 1. 0. 1. 0. 0. 0. 0. 0. 1. 0. 0. 0. 0. 0. 0. 0. 0. 1. 0. 0. 0.],5.0,10000,30,0.6,10,1,5,,problem_solving
4200,0.014873011062256573,0.0024628770026086507,0.4,-9.567829837985615,[0.         0.         0.         0.01102284 0.         0.         0.         0.         0.         0.         0.01116077 0.         0.01090244 0.         0.         0.         0.         0.         0.02711892 0.         0.         0.         0.         0.         0.         0.         0.         0.93979503 0.         0.         0.        ],[0. 0. 0. 1. 0. 0. 0. 0. 0. 0. 1. 0. 1. 0. 0. 0. 0. 0. 1. 0. 0. 0. 0. 0. 0. 0. 0. 1. 0. 0. 0.],5.0,10000,30,0.6,10,1,5,,problem_solving
4300,0.014873011062256573,0.0024628770026086507,0.4,14.360068024833641,[0.         0.         0.         0.01102284 0.         0.         0.         0.         0.         0.         0.01116077 0.         0.01090244 0.         0.         0.         0.         0.         0.02711892 0.         0.         0.         0.         0.         0.         0.         0.         0.93979503 0.         0.         0.        ],[0. 0. 0. 1. 0. 0. 0. 0. 0. 0. 1. 0. 1. 0. 0. 0. 0. 0. 1. 0. 0. 0. 0. 0. 0. 0. 0. 1. 0. 0. 0.],5.0,10000,30,0.6,10,1,5,,problem_solving
4400,0.014873011062256573,0.0024628770026086507,0.4,-4.76019469916065,[0.         0.         0.         0.01102284 0.         0.         0.         0.         0.         0.         0.01116077 0.         0.01090244 0.         0.         0.         0.         0.         0.02711892 0.         0.         0.         0.         0.         0.         0.         0.         0.93979503 0.         0.         0.        ],[0. 0. 0. 1. 0. 0. 0. 0. 0. 0. 1. 0. 1. 0. 0. 0. 0. 0. 1. 0. 0. 0. 0. 0. 0. 0. 0. 1. 0. 0. 0.],5.0,10000,30,0.6,10,1,5,,problem_solving
4500,0.014873011062256573,0.0024628770026086507,0.4,-12.194039133270353,[0.         0.         0.         0.01102284 0.         0.         0.         0.         0.         0.         0.01116077 0.         0.01090244 0.         0.         0.         0.         0.         0.02711892 0.         0.         0.         0.         0.         0.         0.         0.         0.93979503 0.         0.         0.        ],[0. 0. 0. 1. 0. 0. 0. 0. 0. 0. 1. 0. 1. 0. 0. 0. 0. 0. 1. 0. 0. 0. 0. 0. 0. 0. 0. 1. 0. 0. 0.],5.0,10000,30,0.6,10,1,5,,problem_solving
4600,0.014873011062256573,0.0024628770026086507,0.4,14.07240467120401,[0.         0.         0.         0.01102284 0.         0.         0.         0.         0.         0.         0.01116077 0.         0.01090244 0.         0.         0.         0.         0.         0.02711892 0.         0.         0.         0.         0.         0.         0.         0.         0.93979503 0.         0.         0.        ],[0. 0. 0. 1. 0. 0. 0. 0. 0. 0. 1. 0. 1. 0. 0. 0. 0. 0. 1. 0. 0. 0. 0. 0. 0. 0. 0. 1. 0. 0. 0.],5.0,10000,30,0.6,10,1,5,,problem_solving
4700,0.014873011062256573,0.0024628770026086507,0.4,-10.675174374182081,[0.         0.         0.         0.01102284 0.         0.         0.         0.         0.         0.         0.01116077 0.         0.01090244 0.         0.         0.         0.         0.         0.02711892 0.         0.         0.         0.         0.         0.         0.         0.         0.93979503 0.         0.         0.        ],[0. 0. 0. 1. 0. 0. 0. 0. 0. 0. 1. 0. 1. 0. 0. 0. 0. 0. 1. 0. 0. 0. 0. 0. 0. 0. 0. 1. 0. 0. 0.],5.0,10000,30,0.6,10,1,5,,problem_solving
4800,0.014873011062256573,0.0024628770026086507,0.4,-31.254009582759625,[0.         0.         0.         0.01102284 0.         0.         0.         0.         0.         0.         0.01116077 0.         0.01090244 0.         0.         0.         0.         0.         0.02711892 0.         0.         0.         0.         0.         0.         0.         0.         0.93979503 0.         0.         0.        ],[0. 0. 0. 1. 0. 0. 0. 0. 0. 0. 1. 0. 1. 0. 0. 0. 0. 0. 1. 0. 0. 0. 0. 0. 0. 0. 0. 1. 0. 0. 0.],5.0,10000,30,0.6,10,1,5,,problem_solving
4900,0.014873011062256573,0.0024628770026086507,0.4,8.634065726704918,[0.         0.         0.         0.01102284 0.         0.         0.         0.         0.         0.         0.01116077 0.         0.01090244 0.         0.         0.         0.         0.         0.02711892 0.         0.         0.         0.         0.         0.         0.         0.         0.93979503 0.         0.         0.        ],[0. 0. 0. 1. 0. 0. 0. 0. 0. 0. 1. 0. 1. 0. 0. 0. 0. 0. 1. 0. 0. 0. 0. 0. 0. 0. 0. 1. 0. 0. 0.],5.0,10000,30,0.6,10,1,5,,problem_solving
5000,0.014873011062256573,0.0024628770026086507,0.4,6.918794150484446,[0.         0.         0.         0.01102284 0.         0.         0.         0.         0.         0.         0.01116077 0.         0.01090244 0.         0.         0.         0.         0.         0.02711892 0.         0.         0.         0.         0.         0.         0.         0.         0.93979503 0.         0.         0.        ],[0. 0. 0. 1. 0. 0. 0. 0. 0. 0. 1. 0. 1. 0. 0. 0. 0. 0. 1. 0. 0. 0. 0. 0. 0. 0. 0. 1. 0. 0. 0.],5.0,10000,30,0.6,10,1,5,,problem_solving
5100,0.014873011062256573,0.0024628770026086507,0.4,0.5117397748307061,[0.         0.         0.         0.01102284 0.         0.         0.         0.         0.         0.         0.01116077 0.         0.01090244 0.         0.         0.         0.         0.         0.02711892 0.         0.         0.         0.         0.         0.         0.         0.         0.93979503 0.         0.         0.        ],[0. 0. 0. 1. 0. 0. 0. 0. 0. 0. 1. 0. 1. 0. 0. 0. 0. 0. 1. 0. 0. 0. 0. 0. 0. 0. 0. 1. 0. 0. 0.],5.0,10000,30,0.6,10,1,5,,problem_solving
5200,0.014873011062256573,0.0024628770026086507,0.4,-6.245270724790515,[0.         0.         0.         0.01102284 0.         0.         0.         0.         0.         0.         0.01116077 0.         0.01090244 0.         0.         0.         0.         0.         0.02711892 0.         0.         0.         0.         0.         0.         0.         0.         0.93979503 0.         0.         0.        ],[0. 0. 0. 1. 0. 0. 0. 0. 0. 0. 1. 0. 1. 0. 0. 0. 0. 0. 1. 0. 0. 0. 0. 0. 0. 0. 0. 1. 0. 0. 0.],5.0,10000,30,0.6,10,1,5,,problem_solving
5300,0.014873011062256573,0.0024628770026086507,0.4,-7.497954481442223,[0.         0.         0.         0.01102284 0.         0.         0.         0.         0.         0.         0.01116077 0.         0.01090244 0.         0.         0.         0.         0.         0.02711892 0.         0.         0.         0.         0.         0.         0.         0.         0.93979503 0.         0.         0.        ],[0. 0. 0. 1. 0. 0. 0. 0. 0. 0. 1. 0. 1. 0. 0. 0. 0. 0. 1. 0. 0. 0. 0. 0. 0. 0. 0. 1. 0. 0. 0.],5.0,10000,30,0.6,10,1,5,,problem_solving
5400,0.014873011062256573,0.0024628770026086507,0.4,0.37612575666900694,[0.         0.         0.         0.01102284 0.         0.         0.         0.         0.         0.         0.01116077 0.         0.01090244 0.         0.         0.         0.         0.         0.02711892 0.         0.         0.         0.         0.         0.         0.         0.         0.93979503 0.         0.         0.        ],[0. 0. 0. 1. 0. 0. 0. 0. 0. 0. 1. 0. 1. 0. 0. 0. 0. 0. 1. 0. 0. 0. 0. 0. 0. 0. 0. 1. 0. 0. 0.],5.0,10000,30,0.6,10,1,5,,problem_solving
5500,0.014873011062256573,0.0024628770026086507,0.4,1.3660953450958027,[0.         0.         0.         0.01102284 0.         0.         0.         0.         0.         0.         0.01116077 0.         0.01090244 0.         0.         0.         0.         0.         0.02711892 0.         0.         0.         0.         0.         0.         0.         0.         0.93979503 0.         0.         0.        ],[0. 0. 0. 1. 0. 0. 0. 0. 0. 0. 1. 0. 1. 0. 0. 0. 0. 0. 1. 0. 0. 0. 0. 0. 0. 0. 0. 1. 0. 0. 0.],5.0,10000,30,0.6,10,1,5,,problem_solving
5600,0.014873011062256573,0.0024628770026086507,0.4,8.680760554425339,[0.         0.         0.         0.01102284 0.         0.         0.         0.         0.         0.         0.01116077 0.         0.01090244 0.         0.         0.         0.         0.         0.02711892 0.         0.         0.         0.         0.         0.         0.         0.         0.93979503 0.         0.         0.        ],[0. 0. 0. 1. 0. 0. 0. 0. 0. 0. 1. 0. 1. 0. 0. 0. 0. 0. 1. 0. 0. 0. 0. 0. 0. 0. 0. 1. 0. 0. 0.],5.0,10000,30,0.6,10,1,5,,problem_solving
5700,0.014873011062256573,0.0024628770026086507,0.4,-2.0671626636035616,[0.         0.         0.         0.01102284 0.         0.         0.         0.         0.         0.         0.01116077 0.         0.01090244 0.         0.         0.         0.         0.         0.02711892 0.         0.         0.         0.         0.         0.         0.         0.         0.93979503 0.         0.         0.        ],[0. 0. 0. 1. 0. 0. 0. 0. 0. 0. 1. 0. 1. 0. 0. 0. 0. 0. 1. 0. 0. 0. 0. 0. 0. 0. 0. 1. 0. 0. 0.],5.0,10000,30,0.6,10,1,5,,problem_solving
5800,0.014873011062256573,0.0024628770026086507,0.4,12.593118438447542,[0.         0.         0.         0.01102284 0.         0.         0.         0.         0.         0.         0.01116077 0.         0.01090244 0.         0.         0.         0.         0.         0.02711892 0.         0.         0.         0.         0.         0.         0.         0.         0.93979503 0.         0.         0.        ],[0. 0. 0. 1. 0. 0. 0. 0. 0. 0. 1. 0. 1. 0. 0. 0. 0. 0. 1. 0. 0. 0. 0. 0. 0. 0. 0. 1. 0. 0. 0.],5.0,10000,30,0.6,10,1,5,,problem_solving
5900,0.014873011062256573,0.0024628770026086507,0.4,16.23108604386187,[0.         0.         0.         0.01102284 0.         0.         0.         0.         0.         0.         0.01116077 0.         0.01090244 0.         0.         0.         0.         0.         0.02711892 0.         0.         0.         0.         0.         0.         0.         0.         0.93979503 0.         0.         0.        ],[0. 0. 0. 1. 0. 0. 0. 0. 0. 0. 1. 0. 1. 0. 0. 0. 0. 0. 1. 0. 0. 0. 0. 0. 0. 0. 0. 1. 0. 0. 0.],5.0,10000,30,0.6,10,1,5,,problem_solving
6000,0.014873011062256573,0.0024628770026086507,0.4,2.9720789875884934,[0.         0.         0.         0.01102284 0.         0.         0.         0.         0.         0.         0.01116077 0.         0.01090244 0.         0.         0.         0.         0.         0.02711892 0.         0.         0.         0.         0.         0.         0.         0.         0.93979503 0.         0.         0.        ],[0. 0. 0. 1. 0. 0. 0. 0. 0. 0. 1. 0. 1. 0. 0. 0. 0. 0. 1. 0. 0. 0. 0. 0. 0. 0. 0. 1. 0. 0. 0.],5.0,10000,30,0.6,10,1,5,,problem_solving
6100,0.014873011062256573,0.0024628770026086507,0.4,15.649304314045976,[0.         0.         0.         0.01102284 0.         0.         0.         0.         0.         0.         0.01116077 0.         0.01090244 0.         0.         0.         0.         0.         0.02711892 0.         0.         0.         0.         0.         0.         0.         0.         0.93979503 0.         0.         0.        ],[0. 0. 0. 1. 0. 0. 0. 0. 0. 0. 1. 0. 1. 0. 0. 0. 0. 0. 1. 0. 0. 0. 0. 0. 0. 0. 0. 1. 0. 0. 0.],5.0,10000,30,0.6,10,1,5,,problem_solving
6200,0.014873011062256573,0.0024628770026086507,0.4,-10.448035928355342,[0.         0.         0.         0.01102284 0.         0.         0.         0.         0.         0.         0.01116077 0.         0.01090244 0.         0.         0.         0.         0.         0.02711892 0.         0.         0.         0.         0.         0.         0.         0.         0.93979503 0.         0.         0.        ],[0. 0. 0. 1. 0. 0. 0. 0. 0. 0. 1. 0. 1. 0. 0. 0. 0. 0. 1. 0. 0. 0. 0. 0. 0. 0. 0. 1. 0. 0. 0.],5.0,10000,30,0.6,10,1,5,,problem_solving
6300,0.014873011062256573,0.0024628770026086507,0.4,-1.6720422419297074,[0.         0.         0.         0.01102284 0.         0.         0.         0.         0.         0.         0.01116077 0.         0.01090244 0.         0.         0.         0.         0.         0.02711892 0.         0.         0.         0.         0.         0.         0.         0.         0.93979503 0.         0.         0.        ],[0. 0. 0. 1. 0. 0. 0. 0. 0. 0. 1. 0. 1. 0. 0. 0. 0. 0. 1. 0. 0. 0. 0. 0. 0. 0. 0. 1. 0. 0. 0.],5.0,10000,30,0.6,10,1,5,,problem_solving
6400,0.014873011062256573,0.0024628770026086507,0.4,12.43668306519802,[0.         0.         0.         0.01102284 0.         0.         0.         0.         0.         0.         0.01116077 0.         0.01090244 0.         0.         0.         0.         0.         0.02711892 0.         0.         0.         0.         0.         0.         0.         0.         0.93979503 0.         0.         0.        ],[0. 0. 0. 1. 0. 0. 0. 0. 0. 0. 1. 0. 1. 0. 0. 0. 0. 0. 1. 0. 0. 0. 0. 0. 0. 0. 0. 1. 0. 0. 0.],5.0,10000,30,0.6,10,1,5,,problem_solving
6500,0.014873011062256573,0.0024628770026086507,0.4,-1.7915397898764613,[0.         0.         0.         0.01102284 0.         0.         0.         0.         0.         0.         0.01116077 0.         0.01090244 0.         0.         0.         0.         0.         0.02711892 0.         0.         0.         0.         0.         0.         0.         0.         0.93979503 0.         0.         0.        ],[0. 0. 0. 1. 0. 0. 0. 0. 0. 0. 1. 0. 1. 0. 0. 0. 0. 0. 1. 0. 0. 0. 0. 0. 0. 0. 0. 1. 0. 0. 0.],5.0,10000,30,0.6,10,1,5,,problem_solving
6600,0.014873011062256573,0.0024628770026086507,0.4,12.704138415553492,[0.         0.         0.         0.01102284 0.         0.         0.         0.         0.         0.         0.01116077 0.         0.01090244 0.         0.         0.         0.         0.         0.02711892 0.         0.         0.         0.         0.         0.         0.         0.         0.93979503 0.         0.         0.        ],[0. 0. 0. 1. 0. 0. 0. 0. 0. 0. 1. 0. 1. 0. 0. 0. 0. 0. 1. 0. 0. 0. 0. 0. 0. 0. 0. 1. 0. 0. 0.],5.0,10000,30,0.6,10,1,5,,problem_solving
6700,0.014873011062256573,0.0024628770026086507,0.4,-6.820278430892431,[0.         0.         0.         0.01102284 0.         0.         0.         0.         0.         0.         0.01116077 0.         0.01090244 0.         0.         0.         0.         0.         0.02711892 0.         0.         0.         0.         0.         0.         0.         0.         0.93979503 0.         0.         0.        ],[0. 0. 0. 1. 0. 0. 0. 0. 0. 0. 1. 0. 1. 0. 0. 0. 0. 0. 1. 0. 0. 0. 0. 0. 0. 0. 0. 1. 0. 0. 0.],5.0,10000,30,0.6,10,1,5,,problem_solving
6800,0.014873011062256573,0.0024628770026086507,0.4,15.852652180592584,[0.         0.         0.         0.01102284 0.         0.         0.         0.         0.         0.         0.01116077 0.         0.01090244 0.         0.         0.         0.         0.         0.02711892 0.         0.         0.         0.         0.         0.         0.         0.         0.93979503 0.         0.         0.        ],[0. 0. 0. 1. 0. 0. 0. 0. 0. 0. 1. 0. 1. 0. 0. 0. 0. 0. 1. 0. 0. 0. 0. 0. 0. 0. 0. 1. 0. 0. 0.],5.0,10000,30,0.6,10,1,5,,problem_solving
6900,0.014873011062256573,0.0024628770026086507,0.4,0.989393159169583,[0.         0.         0.         0.01102284 0.         0.         0.         0.         0.         0.         0.01116077 0.         0.01090244 0.         0.         0.         0.         0.         0.02711892 0.         0.         0.         0.         0.         0.         0.         0.         0.93979503 0.         0.         0.        ],[0. 0. 0. 1. 0. 0. 0. 0. 0. 0. 1. 0. 1. 0. 0. 0. 0. 0. 1. 0. 0. 0. 0. 0. 0. 0. 0. 1. 0. 0. 0.],5.0,10000,30,0.6,10,1,5,,problem_solving
7000,0.014873011062256573,0.0024628770026086507,0.4,-19.398293840215977,[0.         0.         0.         0.01102284 0.         0.         0.         0.         0.         0.         0.01116077 0.         0.01090244 0.         0.         0.         0.         0.         0.02711892 0.         0.         0.         0.         0.         0.         0.         0.         0.93979503 0.         0.         0.        ],[0. 0. 0. 1. 0. 0. 0. 0. 0. 0. 1. 0. 1. 0. 0. 0. 0. 0. 1. 0. 0. 0. 0. 0. 0. 0. 0. 1. 0. 0. 0.],5.0,10000,30,0.6,10,1,5,,problem_solving
7100,0.014873011062256573,0.0024628770026086507,0.4,-3.0165380017877115,[0.         0.         0.         0.01102284 0.         0.         0.         0.         0.         0.         0.01116077 0.         0.01090244 0.         0.         0.         0.         0.         0.02711892 0.         0.         0.         0.         0.         0.         0.         0.         0.93979503 0.         0.         0.        ],[0. 0. 0. 1. 0. 0. 0. 0. 0. 0. 1. 0. 1. 0. 0. 0. 0. 0. 1. 0. 0. 0. 0. 0. 0. 0. 0. 1. 0. 0. 0.],5.0,10000,30,0.6,10,1,5,,problem_solving
7200,0.014873011062256573,0.0024628770026086507,0.4,13.599355883531754,[0.         0.         0.         0.01102284 0.         0.         0.         0.         0.         0.         0.01116077 0.         0.01090244 0.         0.         0.         0.         0.         0.02711892 0.         0.         0.         0.         0.         0.         0.         0.         0.93979503 0.         0.         0.        ],[0. 0. 0. 1. 0. 0. 0. 0. 0. 0. 1. 0. 1. 0. 0. 0. 0. 0. 1. 0. 0. 0. 0. 0. 0. 0. 0. 1. 0. 0. 0.],5.0,10000,30,0.6,10,1,5,,problem_solving
7300,0.014873011062256573,0.0024628770026086507,0.4,-5.4664975061905094,[0.         0.         0.         0.01102284 0.         0.         0.         0.         0.         0.         0.01116077 0.         0.01090244 0.         0.         0.         0.         0.         0.02711892 0.         0.         0.         0.         0.         0.         0.         0.         0.93979503 0.         0.         0.        ],[0. 0. 0. 1. 0. 0. 0. 0. 0. 0. 1. 0. 1. 0. 0. 0. 0. 0. 1. 0. 0. 0. 0. 0. 0. 0. 0. 1. 0. 0. 0.],5.0,10000,30,0.6,10,1,5,,problem_solving
7400,0.014873011062256573,0.0024628770026086507,0.4,-11.766169112903471,[0.         0.         0.         0.01102284 0.         0.         0.         0.         0.         0.         0.01116077 0.         0.01090244 0.         0.         0.         0.         0.         0.02711892 0.         0.         0.         0.         0.         0.         0.         0.         0.93979503 0.         0.         0.        ],[0. 0. 0. 1. 0. 0. 0. 0. 0. 0. 1. 0. 1. 0. 0. 0. 0. 0. 1. 0. 0. 0. 0. 0. 0. 0. 0. 1. 0. 0. 0.],5.0,10000,30,0.6,10,1,5,,problem_solving
7500,0.014873011062256573,0.0024628770026086507,0.4,-12.758847056469364,[0.         0.         0.         0.01102284 0.         0.         0.         0.         0.         0.         0.01116077 0.         0.01090244 0.         0.         0.         0.         0.         0.02711892 0.         0.         0.         0.         0.         0.         0.         0.         0.93979503 0.         0.         0.        ],[0. 0. 0. 1. 0. 0. 0. 0. 0. 0. 1. 0. 1. 0. 0. 0. 0. 0. 1. 0. 0. 0. 0. 0. 0. 0. 0. 1. 0. 0. 0.],5.0,10000,30,0.6,10,1,5,,problem_solving
7600,0.014873011062256573,0.0024628770026086507,0.4,-3.9102088495033627,[0.         0.         0.         0.01102284 0.         0.         0.         0.         0.         0.         0.01116077 0.         0.01090244 0.         0.         0.         0.         0.         0.02711892 0.         0.         0.         0.         0.         0.         0.         0.         0.93979503 0.         0.         0.        ],[0. 0. 0. 1. 0. 0. 0. 0. 0. 0. 1. 0. 1. 0. 0. 0. 0. 0. 1. 0. 0. 0. 0. 0. 0. 0. 0. 1. 0. 0. 0.],5.0,10000,30,0.6,10,1,5,,problem_solving
7700,0.014873011062256573,0.0024628770026086507,0.4,-11.057377879281596,[0.         0.         0.         0.01102284 0.         0.         0.         0.         0.         0.         0.01116077 0.         0.01090244 0.         0.         0.         0.         0.         0.02711892 0.         0.         0.         0.         0.         0.         0.         0.         0.93979503 0.         0.         0.        ],[0. 0. 0. 1. 0. 0. 0. 0. 0. 0. 1. 0. 1. 0. 0. 0. 0. 0. 1. 0. 0. 0. 0. 0. 0. 0. 0. 1. 0. 0. 0.],5.0,10000,30,0.6,10,1,5,,problem_solving
7800,0.014873011062256573,0.0024628770026086507,0.4,0.45407241804553267,[0.         0.         0.         0.01102284 0.         0.         0.         0.         0.         0.         0.01116077 0.         0.01090244 0.         0.         0.         0.         0.         0.02711892 0.         0.         0.         0.         0.         0.         0.         0.         0.93979503 0.         0.         0.        ],[0. 0. 0. 1. 0. 0. 0. 0. 0. 0. 1. 0. 1. 0. 0. 0. 0. 0. 1. 0. 0. 0. 0. 0. 0. 0. 0. 1. 0. 0. 0.],5.0,10000,30,0.6,10,1,5,,problem_solving
7900,0.014873011062256573,0.0024628770026086507,0.4,-0.4375488574783462,[0.         0.         0.         0.01102284 0.         0.         0.         0.         0.         0.         0.01116077 0.         0.01090244 0.         0.         0.         0.         0.         0.02711892 0.         0.         0.         0.         0.         0.         0.         0.         0.93979503 0.         0.         0.        ],[0. 0. 0. 1. 0. 0. 0. 0. 0. 0. 1. 0. 1. 0. 0. 0. 0. 0. 1. 0. 0. 0. 0. 0. 0. 0. 0. 1. 0. 0. 0.],5.0,10000,30,0.6,10,1,5,,problem_solving
8000,0.014873011062256573,0.0024628770026086507,0.4,1.8262816465075502,[0.         0.         0.         0.01102284 0.         0.         0.         0.         0.         0.         0.01116077 0.         0.01090244 0.         0.         0.         0.         0.         0.02711892 0.         0.         0.         0.         0.         0.         0.         0.         0.93979503 0.         0.         0.        ],[0. 0. 0. 1. 0. 0. 0. 0. 0. 0. 1. 0. 1. 0. 0. 0. 0. 0. 1. 0. 0. 0. 0. 0. 0. 0. 0. 1. 0. 0. 0.],5.0,10000,30,0.6,10,1,5,,problem_solving
8100,0.014873011062256573,0.0024628770026086507,0.4,10.301304871723165,[0.         0.         0.         0.01102284 0.         0.         0.         0.         0.         0.         0.01116077 0.         0.01090244 0.         0.         0.         0.         0.         0.02711892 0.         0.         0.         0.         0.         0.         0.         0.         0.93979503 0.         0.         0.        ],[0. 0. 0. 1. 0. 0. 0. 0. 0. 0. 1. 0. 1. 0. 0. 0. 0. 0. 1. 0. 0. 0. 0. 0. 0. 0. 0. 1. 0. 0. 0.],5.0,10000,30,0.6,10,1,5,,problem_solving
8200,0.014873011062256573,0.0024628770026086507,0.4,-3.619904719620448,[0.         0.         0.         0.01102284 0.         0.         0.         0.         0.         0.         0.01116077 0.         0.01090244 0.         0.         0.         0.         0.         0.02711892 0.         0.         0.         0.         0.         0.         0.         0.         0.93979503 0.         0.         0.        ],[0. 0. 0. 1. 0. 0. 0. 0. 0. 0. 1. 0. 1. 0. 0. 0. 0. 0. 1. 0. 0. 0. 0. 0. 0. 0. 0. 1. 0. 0. 0.],5.0,10000,30,0.6,10,1,5,,problem_solving
8300,0.014873011062256573,0.0024628770026086507,0.4,-0.15589343551300633,[0.         0.         0.         0.01102284 0.         0.         0.         0.         0.         0.         0.01116077 0.         0.01090244 0.         0.         0.         0.         0.         0.02711892 0.         0.         0.         0.         0.         0.         0.         0.         0.93979503 0.         0.         0.        ],[0. 0. 0. 1. 0. 0. 0. 0. 0. 0. 1. 0. 1. 0. 0. 0. 0. 0. 1. 0. 0. 0. 0. 0. 0. 0. 0. 1. 0. 0. 0.],5.0,10000,30,0.6,10,1,5,,problem_solving
8400,0.014873011062256573,0.0024628770026086507,0.4,13.860798264390958,[0.         0.         0.         0.01102284 0.         0.         0.         0.         0.         0.         0.01116077 0.         0.01090244 0.         0.         0.         0.         0.         0.02711892 0.         0.         0.         0.         0.         0.         0.         0.         0.93979503 0.         0.         0.        ],[0. 0. 0. 1. 0. 0. 0. 0. 0. 0. 1. 0. 1. 0. 0. 0. 0. 0. 1. 0. 0. 0. 0. 0. 0. 0. 0. 1. 0. 0. 0.],5.0,10000,30,0.6,10,1,5,,problem_solving
8500,0.014873011062256573,0.0024628770026086507,0.4,7.290454848607784,[0.         0.         0.         0.01102284 0.         0.         0.         0.         0.         0.         0.01116077 0.         0.01090244 0.         0.         0.         0.         0.         0.02711892 0.         0.         0.         0.         0.         0.         0.         0.         0.93979503 0.         0.         0.        ],[0. 0. 0. 1. 0. 0. 0. 0. 0. 0. 1. 0. 1. 0. 0. 0. 0. 0. 1. 0. 0. 0. 0. 0. 0. 0. 0. 1. 0. 0. 0.],5.0,10000,30,0.6,10,1,5,,problem_solving
8600,0.014873011062256573,0.0024628770026086507,0.4,-3.638228476454033,[0.         0.         0.         0.01102284 0.         0.         0.         0.         0.         0.         0.01116077 0.         0.01090244 0.         0.         0.         0.         0.         0.02711892 0.         0.         0.         0.         0.         0.         0.         0.         0.93979503 0.         0.         0.        ],[0. 0. 0. 1. 0. 0. 0. 0. 0. 0. 1. 0. 1. 0. 0. 0. 0. 0. 1. 0. 0. 0. 0. 0. 0. 0. 0. 1. 0. 0. 0.],5.0,10000,30,0.6,10,1,5,,problem_solving
8700,0.014873011062256573,0.0024628770026086507,0.4,0.2917804941573634,[0.         0.         0.         0.01102284 0.         0.         0.         0.         0.         0.         0.01116077 0.         0.01090244 0.         0.         0.         0.         0.         0.02711892 0.         0.         0.         0.         0.         0.         0.         0.         0.93979503 0.         0.         0.        ],[0. 0. 0. 1. 0. 0. 0. 0. 0. 0. 1. 0. 1. 0. 0. 0. 0. 0. 1. 0. 0. 0. 0. 0. 0. 0. 0. 1. 0. 0. 0.],5.0,10000,30,0.6,10,1,5,,problem_solving
8800,0.014873011062256573,0.0024628770026086507,0.4,-11.880834785834915,[0.         0.         0.         0.01102284 0.         0.         0.         0.         0.         0.         0.01116077 0.         0.01090244 0.         0.         0.         0.         0.         0.02711892 0.         0.         0.         0.         0.         0.         0.         0.         0.93979503 0.         0.         0.        ],[0. 0. 0. 1. 0. 0. 0. 0. 0. 0. 1. 0. 1. 0. 0. 0. 0. 0. 1. 0. 0. 0. 0. 0. 0. 0. 0. 1. 0. 0. 0.],5.0,10000,30,0.6,10,1,5,,problem_solving
8900,0.014873011062256573,0.0024628770026086507,0.4,5.916552656185361,[0.         0.         0.         0.01102284 0.         0.         0.         0.         0.         0.         0.01116077 0.         0.01090244 0.         0.         0.         0.         0.         0.02711892 0.         0.         0.         0.         0.         0.         0.         0.         0.93979503 0.         0.         0.        ],[0. 0. 0. 1. 0. 0. 0. 0. 0. 0. 1. 0. 1. 0. 0. 0. 0. 0. 1. 0. 0. 0. 0. 0. 0. 0. 0. 1. 0. 0. 0.],5.0,10000,30,0.6,10,1,5,,problem_solving
9000,0.014873011062256573,0.0024628770026086507,0.4,0.4738168793302289,[0.         0.         0.         0.01102284 0.         0.         0.         0.         0.         0.         0.01116077 0.         0.01090244 0.         0.         0.         0.         0.         0.02711892 0.         0.         0.         0.         0.         0.         0.         0.         0.93979503 0.         0.         0.        ],[0. 0. 0. 1. 0. 0. 0. 0. 0. 0. 1. 0. 1. 0. 0. 0. 0. 0. 1. 0. 0. 0. 0. 0. 0. 0. 0. 1. 0. 0. 0.],5.0,10000,30,0.6,10,1,5,,problem_solving
9100,0.014873011062256573,0.0024628770026086507,0.4,4.166723747390536,[0.         0.         0.         0.01102284 0.         0.         0.         0.         0.         0.         0.01116077 0.         0.01090244 0.         0.         0.         0.         0.         0.02711892 0.         0.         0.         0.         0.         0.         0.         0.         0.93979503 0.         0.         0.        ],[0. 0. 0. 1. 0. 0. 0. 0. 0. 0. 1. 0. 1. 0. 0. 0. 0. 0. 1. 0. 0. 0. 0. 0. 0. 0. 0. 1. 0. 0. 0.],5.0,10000,30,0.6,10,1,5,,problem_solving
9200,0.014873011062256573,0.0024628770026086507,0.4,8.26088196879159,[0.         0.         0.         0.01102284 0.         0.         0.         0.         0.         0.         0.01116077 0.         0.01090244 0.         0.         0.         0.         0.         0.02711892 0.         0.         0.         0.         0.         0.         0.         0.         0.93979503 0.         0.         0.        ],[0. 0. 0. 1. 0. 0. 0. 0. 0. 0. 1. 0. 1. 0. 0. 0. 0. 0. 1. 0. 0. 0. 0. 0. 0. 0. 0. 1. 0. 0. 0.],5.0,10000,30,0.6,10,1,5,,problem_solving
9300,0.014873011062256573,0.0024628770026086507,0.4,11.150958824223158,[0.         0.         0.         0.01102284 0.         0.         0.         0.         0.         0.         0.01116077 0.         0.01090244 0.         0.         0.         0.         0.         0.02711892 0.         0.         0.         0.         0.         0.         0.         0.         0.93979503 0.         0.         0.        ],[0. 0. 0. 1. 0. 0. 0. 0. 0. 0. 1. 0. 1. 0. 0. 0. 0. 0. 1. 0. 0. 0. 0. 0. 0. 0. 0. 1. 0. 0. 0.],5.0,10000,30,0.6,10,1,5,,problem_solving
9400,0.014873011062256573,0.0024628770026086507,0.4,-11.268298812767696,[0.         0.         0.         0.01102284 0.         0.         0.         0.         0.         0.         0.01116077 0.         0.01090244 0.         0.         0.         0.         0.         0.02711892 0.         0.         0.         0.         0.         0.         0.         0.         0.93979503 0.         0.         0.        ],[0. 0. 0. 1. 0. 0. 0. 0. 0. 0. 1. 0. 1. 0. 0. 0. 0. 0. 1. 0. 0. 0. 0. 0. 0. 0. 0. 1. 0. 0. 0.],5.0,10000,30,0.6,10,1,5,,problem_solving
9500,0.014873011062256573,0.0024628770026086507,0.4,2.505638599977379,[0.         0.         0.         0.01102284 0.         0.         0.         0.         0.         0.         0.01116077 0.         0.01090244 0.         0.         0.         0.         0.         0.02711892 0.         0.         0.         0.         0.         0.         0.         0.         0.93979503 0.         0.         0.        ],[0. 0. 0. 1. 0. 0. 0. 0. 0. 0. 1. 0. 1. 0. 0. 0. 0. 0. 1. 0. 0. 0. 0. 0. 0. 0. 0. 1. 0. 0. 0.],5.0,10000,30,0.6,10,1,5,,problem_solving
9600,0.014873011062256573,0.0024628770026086507,0.4,-2.490869402864221,[0.         0.         0.         0.01102284 0.         0.         0.         0.         0.         0.         0.01116077 0.         0.01090244 0.         0.         0.         0.         0.         0.02711892 0.         0.         0.         0.         0.         0.         0.         0.         0.93979503 0.         0.         0.        ],[0. 0. 0. 1. 0. 0. 0. 0. 0. 0. 1. 0. 1. 0. 0. 0. 0. 0. 1. 0. 0. 0. 0. 0. 0. 0. 0. 1. 0. 0. 0.],5.0,10000,30,0.6,10,1,5,,problem_solving
9700,0.014873011062256573,0.0024628770026086507,0.4,-9.167657852515891,[0.         0.         0.         0.01102284 0.         0.         0.         0.         0.         0.         0.01116077 0.         0.01090244 0.         0.         0.         0.         0.         0.02711892 0.         0.         0.         0.         0.         0.         0.         0.         0.93979503 0.         0.         0.        ],[0. 0. 0. 1. 0. 0. 0. 0. 0. 0. 1. 0. 1. 0. 0. 0. 0. 0. 1. 0. 0. 0. 0. 0. 0. 0. 0. 1. 0. 0. 0.],5.0,10000,30,0.6,10,1,5,,problem_solving
9800,0.014873011062256573,0.0024628770026086507,0.4,-5.125311456795169,[0.         0.         0.         0.01102284 0.         0.         0.         0.         0.         0.         0.01116077 0.         0.01090244 0.         0.         0.         0.         0.         0.02711892 0.         0.         0.         0.         0.         0.         0.         0.         0.93979503 0.         0.         0.        ],[0. 0. 0. 1. 0. 0. 0. 0. 0. 0. 1. 0. 1. 0. 0. 0. 0. 0. 1. 0. 0. 0. 0. 0. 0. 0. 0. 1. 0. 0. 0.],5.0,10000,30,0.6,10,1,5,,problem_solving
9900,0.014873011062256573,0.0024628770026086507,0.4,-6.288205680448,[0.         0.         0.         0.01102284 0.         0.         0.         0.         0.         0.         0.01116077 0.         0.01090244 0.         0.         0.         0.         0.         0.02711892 0.         0.         0.         0.         0.         0.         0.         0.         0.93979503 0.         0.         0.        ],[0. 0. 0. 1. 0. 0. 0. 0. 0. 0. 1. 0. 1. 0. 0. 0. 0. 0. 1. 0. 0. 0. 0. 0. 0. 0. 0. 1. 0. 0. 0.],5.0,10000,30,0.6,10,1,5,,problem_solving
9999,0.014873011062256573,0.0024628770026086507,0.4,9.802190191705094,[0.         0.         0.         0.01102284 0.         0.         0.         0.         0.         0.         0.01116077 0.         0.01090244 0.         0.         0.         0.         0.         0.02711892 0.         0.         0.         0.         0.         0.         0.         0.         0.93979503 0.         0.         0.        ],[0. 0. 0. 1. 0. 0. 0. 0. 0. 0. 1. 0. 1. 0. 0. 0. 0. 0. 1. 0. 0. 0. 0. 0. 0. 0. 0. 1. 0. 0. 0.],5.0,10000,30,0.6,10,1,5,,problem_solving
