iter,cost,return,par,move,X,Z,Q,max_iter,mem_size,mem_consider,sigma,port_n,k,seed,tag
1,0.09914395256898936,0.00467486475905209,0.4,7.585168661407007,[0.         0.         0.         0.         0.01411543 0.         0.         0.02997354 0.         0.         0.01248953 0.         0.         0.         0.         0.         0.         0.         0.         0.         0.         0.         0.         0.         0.         0.8804148  0.         0.06300671 0.         0.         0.        ],[0. 0. 0. 0. 1. 0. 0. 1. 0. 0. 1. 0. 0. 0. 0. 0. 0. 0. 0. 0. 0. 0. 0. 0. 0. 1. 0. 1. 0. 0. 0.],5.0,10000,30,0.6,10,1,5,,problem_solving
100,0.0415204218969812,0.004347054676753278,0.4,5.076926737160289,[0.         0.         0.         0.         0.         0.         0.         0.         0.         0.01376619 0.         0.         0.01691118 0.         0.         0.01215168 0.02208089 0.         0.         0.         0.         0.         0.         0.         0.         0.93509006 0.         0.         0.         0.         0.        ],[0. 0. 0. 0. 0. 0. 0. 0. 0. 1. 0. 0. 1. 0. 0. 1. 1. 0. 0. 0. 0. 0. 0. 0. 0. 1. 0. 0. 0. 0. 0.],5.0,10000,30,0.6,10,1,5,,problem_solving
200,0.028737158501582226,0.0046579259835010395,0.4,1.0311337981862527,[0.         0.         0.         0.         0.93194326 0.01709957 0.         0.         0.         0.         0.         0.         0.         0.         0.         0.         0.0135617  0.         0.         0.         0.         0.0143594  0.         0.         0.         0.         0.         0.         0.         0.         0.02303607],[0. 0. 0. 0. 1. 1. 0. 0. 0. 0. 0. 0. 0. 0. 0. 0. 1. 0. 0. 0. 0. 1. 0. 0. 0. 0. 0. 0. 0. 0. 1.],5.0,10000,30,0.6,10,1,5,,problem_solving
300,0.028737158501582226,0.0046579259835010395,0.4,-2.2516426631869164,[0.         0.         0.         0.         0.93194326 0.01709957 0.         0.         0.         0.         0.         0.         0.         0.         0.         0.         0.0135617  0.         0.         0.         0.         0.0143594  0.         0.         0.         0.         0.         0.         0.         0.         0.02303607],[0. 0. 0. 0. 1. 1. 0. 0. 0. 0. 0. 0. 0. 0. 0. 0. 1. 0. 0. 0. 0. 1. 0. 0. 0. 0. 0. 0. 0. 0. 1.],5.0,10000,30,0.6,10,1,5,,problem_solving
400,0.028737158501582226,0.0046579259835010395,0.4,-1.7741099910405258,[0.         0.         0.         0.         0.93194326 0.01709957 0.         0.         0.         0.         0.         0.         0.         0.         0.         0.         0.0135617  0.         0.         0.         0.         0.0143594  0.         0.         0.         0.         0.         0.         0.         0.         0.02303607],[0. 0. 0. 0. 1. 1. 0. 0. 0. 0. 0. 0. 0. 0. 0. 0. 1. 0. 0. 0. 0. 1. 0. 0. 0. 0. 0. 0. 0. 0. 1.],5.0,10000,30,0.6,10,1,5,,problem_solving
500,0.02265639497821968,0.01021681879071858,0.4,-6.565745404584638,[0.         0.         0.         0.         0.92250615 0.01174705 0.         0.         0.         0.         0.         0.01336174 0.         0.         0.         0.         0.         0.         0.         0.         0.         0.04108414 0.         0.         0.         0.         0.         0.01130092 0.         0.         0.        ],[0. 0. 0. 0. 1. 1. 0. 0. 0. 0. 0. 1. 0. 0. 0. 0. 0. 0. 0. 0. 0. 1. 0. 0. 0. 0. 0. 1. 0. 0. 0.],5.0,10000,30,0.6,10,1,5,,problem_solving
600,0.02265639497821968,0.01021681879071858,0.4,-10.026274580237546,[0.         0.         0.         0.         0.92250615 0.01174705 0.         0.         0.         0.         0.         0.01336174 0.         0.         0.         0.         0.         0.         0.         0.         0.         0.04108414 0.         0.         0.         0.         0.         0.01130092 0.         0.         0.        ],[0. 0. 0. 0. 1. 1. 0. 0. 0. 0. 0. 1. 0. 0. 0. 0. 0. 0. 0. 0. 0. 1. 0. 0. 0. 0. 0. 1. 0. 0. 0.],5.0,10000,30,0.6,10,1,5,,problem_solving
700,0.02265639497821968,0.01021681879071858,0.4,-21.823752891054596,[0.         0.         0.         0.         0.92250615 0.01174705 0.         0.         0.         0.         0.         0.01336174 0.         0.         0.         0.         0.         0.         0.         0.         0.         0.04108414 0.         0.         0.         0.         0.         0.01130092 0.         0.         0.        ],[0. 0. 0. 0. 1. 1. 0. 0. 0. 0. 0. 1. 0. 0. 0. 0. 0. 0. 0. 0. 0. 1. 0. 0. 0. 0. 0. 1. 0. 0. 0.],5.0,10000,30,0.6,10,1,5,,problem_solving
800,0.02265639497821968,0.01021681879071858,0.4,-0.9213243874274228,[0.         0.         0.         0.         0.92250615 0.01174705 0.         0.         0.         0.         0.         0.01336174 0.         0.         0.         0.         0.         0.         0.         0.         0.         0.04108414 0.         0.         0.         0.         0.         0.01130092 0.         0.         0.        ],[0. 0. 0. 0. 1. 1. 0. 0. 0. 0. 0. 1. 0. 0. 0. 0. 0. 0. 0. 0. 0. 1. 0. 0. 0. 0. 0. 1. 0. 0. 0.],5.0,10000,30,0.6,10,1,5,,problem_solving
900,0.02265639497821968,0.01021681879071858,0.4,-9.240018989185508,[0.         0.         0.         0.         0.92250615 0.01174705 0.         0.         0.         0.         0.         0.01336174 0.         0.         0.         0.         0.         0.         0.         0.         0.         0.04108414 0.         0.         0.         0.         0.         0.01130092 0.         0.         0.        ],[0. 0. 0. 0. 1. 1. 0. 0. 0. 0. 0. 1. 0. 0. 0. 0. 0. 0. 0. 0. 0. 1. 0. 0. 0. 0. 0. 1. 0. 0. 0.],5.0,10000,30,0.6,10,1,5,,problem_solving
1000,0.02265639497821968,0.01021681879071858,0.4,15.123974317857217,[0.         0.         0.         0.         0.92250615 0.01174705 0.         0.         0.         0.         0.         0.01336174 0.         0.         0.         0.         0.         0.         0.         0.         0.         0.04108414 0.         0.         0.         0.         0.         0.01130092 0.         0.         0.        ],[0. 0. 0. 0. 1. 1. 0. 0. 0. 0. 0. 1. 0. 0. 0. 0. 0. 0. 0. 0. 0. 1. 0. 0. 0. 0. 0. 1. 0. 0. 0.],5.0,10000,30,0.6,10,1,5,,problem_solving
1100,0.02265639497821968,0.01021681879071858,0.4,12.907425071020182,[0.         0.         0.         0.         0.92250615 0.01174705 0.         0.         0.         0.         0.         0.01336174 0.         0.         0.         0.         0.         0.         0.         0.         0.         0.04108414 0.         0.         0.         0.         0.         0.01130092 0.         0.         0.        ],[0. 0. 0. 0. 1. 1. 0. 0. 0. 0. 0. 1. 0. 0. 0. 0. 0. 0. 0. 0. 0. 1. 0. 0. 0. 0. 0. 1. 0. 0. 0.],5.0,10000,30,0.6,10,1,5,,problem_solving
1200,0.02265639497821968,0.01021681879071858,0.4,22.88654549350538,[0.         0.         0.         0.         0.92250615 0.01174705 0.         0.         0.         0.         0.         0.01336174 0.         0.         0.         0.         0.         0.         0.         0.         0.         0.04108414 0.         0.         0.         0.         0.         0.01130092 0.         0.         0.        ],[0. 0. 0. 0. 1. 1. 0. 0. 0. 0. 0. 1. 0. 0. 0. 0. 0. 0. 0. 0. 0. 1. 0. 0. 0. 0. 0. 1. 0. 0. 0.],5.0,10000,30,0.6,10,1,5,,problem_solving
1300,0.02265639497821968,0.01021681879071858,0.4,-2.4092081354017596,[0.         0.         0.         0.         0.92250615 0.01174705 0.         0.         0.         0.         0.         0.01336174 0.         0.         0.         0.         0.         0.         0.         0.         0.         0.04108414 0.         0.         0.         0.         0.         0.01130092 0.         0.         0.        ],[0. 0. 0. 0. 1. 1. 0. 0. 0. 0. 0. 1. 0. 0. 0. 0. 0. 0. 0. 0. 0. 1. 0. 0. 0. 0. 0. 1. 0. 0. 0.],5.0,10000,30,0.6,10,1,5,,problem_solving
1400,0.02265639497821968,0.01021681879071858,0.4,-18.017154693104512,[0.         0.         0.         0.         0.92250615 0.01174705 0.         0.         0.         0.         0.         0.01336174 0.         0.         0.         0.         0.         0.         0.         0.         0.         0.04108414 0.         0.         0.         0.         0.         0.01130092 0.         0.         0.        ],[0. 0. 0. 0. 1. 1. 0. 0. 0. 0. 0. 1. 0. 0. 0. 0. 0. 0. 0. 0. 0. 1. 0. 0. 0. 0. 0. 1. 0. 0. 0.],5.0,10000,30,0.6,10,1,5,,problem_solving
1500,0.02265639497821968,0.01021681879071858,0.4,-2.5372938270358727,[0.         0.         0.         0.         0.92250615 0.01174705 0.         0.         0.         0.         0.         0.01336174 0.         0.         0.         0.         0.         0.         0.         0.         0.         0.04108414 0.         0.         0.         0.         0.         0.01130092 0.         0.         0.        ],[0. 0. 0. 0. 1. 1. 0. 0. 0. 0. 0. 1. 0. 0. 0. 0. 0. 0. 0. 0. 0. 1. 0. 0. 0. 0. 0. 1. 0. 0. 0.],5.0,10000,30,0.6,10,1,5,,problem_solving
1600,0.02265639497821968,0.01021681879071858,0.4,6.26098667966949,[0.         0.         0.         0.         0.92250615 0.01174705 0.         0.         0.         0.         0.         0.01336174 0.         0.         0.         0.         0.         0.         0.         0.         0.         0.04108414 0.         0.         0.         0.         0.         0.01130092 0.         0.         0.        ],[0. 0. 0. 0. 1. 1. 0. 0. 0. 0. 0. 1. 0. 0. 0. 0. 0. 0. 0. 0. 0. 1. 0. 0. 0. 0. 0. 1. 0. 0. 0.],5.0,10000,30,0.6,10,1,5,,problem_solving
1700,0.02265639497821968,0.01021681879071858,0.4,9.776837010512667,[0.         0.         0.         0.         0.92250615 0.01174705 0.         0.         0.         0.         0.         0.01336174 0.         0.         0.         0.         0.         0.         0.         0.         0.         0.04108414 0.         0.         0.         0.         0.         0.01130092 0.         0.         0.        ],[0. 0. 0. 0. 1. 1. 0. 0. 0. 0. 0. 1. 0. 0. 0. 0. 0. 0. 0. 0. 0. 1. 0. 0. 0. 0. 0. 1. 0. 0. 0.],5.0,10000,30,0.6,10,1,5,,problem_solving
1800,0.02265639497821968,0.01021681879071858,0.4,-0.5914936850219015,[0.         0.         0.         0.         0.92250615 0.01174705 0.         0.         0.         0.         0.         0.01336174 0.         0.         0.         0.         0.         0.         0.         0.         0.         0.04108414 0.         0.         0.         0.         0.         0.01130092 0.         0.         0.        ],[0. 0. 0. 0. 1. 1. 0. 0. 0. 0. 0. 1. 0. 0. 0. 0. 0. 0. 0. 0. 0. 1. 0. 0. 0. 0. 0. 1. 0. 0. 0.],5.0,10000,30,0.6,10,1,5,,problem_solving
1900,0.02265639497821968,0.01021681879071858,0.4,16.52207706138538,[0.         0.         0.         0.         0.92250615 0.01174705 0.         0.         0.         0.         0.         0.01336174 0.         0.         0.         0.         0.         0.         0.         0.         0.         0.04108414 0.         0.         0.         0.         0.         0.01130092 0.         0.         0.        ],[0. 0. 0. 0. 1. 1. 0. 0. 0. 0. 0. 1. 0. 0. 0. 0. 0. 0. 0. 0. 0. 1. 0. 0. 0. 0. 0. 1. 0. 0. 0.],5.0,10000,30,0.6,10,1,5,,problem_solving
2000,0.02265639497821968,0.01021681879071858,0.4,0.8772993010153968,[0.         0.         0.         0.         0.92250615 0.01174705 0.         0.         0.         0.         0.         0.01336174 0.         0.         0.         0.         0.         0.         0.         0.         0.         0.04108414 0.         0.         0.         0.         0.         0.01130092 0.         0.         0.        ],[0. 0. 0. 0. 1. 1. 0. 0. 0. 0. 0. 1. 0. 0. 0. 0. 0. 0. 0. 0. 0. 1. 0. 0. 0. 0. 0. 1. 0. 0. 0.],5.0,10000,30,0.6,10,1,5,,problem_solving
2100,0.02265639497821968,0.01021681879071858,0.4,11.642832684046422,[0.         0.         0.         0.         0.92250615 0.01174705 0.         0.         0.         0.         0.         0.01336174 0.         0.         0.         0.         0.         0.         0.         0.         0.         0.04108414 0.         0.         0.         0.         0.         0.01130092 0.         0.         0.        ],[0. 0. 0. 0. 1. 1. 0. 0. 0. 0. 0. 1. 0. 0. 0. 0. 0. 0. 0. 0. 0. 1. 0. 0. 0. 0. 0. 1. 0. 0. 0.],5.0,10000,30,0.6,10,1,5,,problem_solving
2200,0.02265639497821968,0.01021681879071858,0.4,-5.3708309607071865,[0.         0.         0.         0.         0.92250615 0.01174705 0.         0.         0.         0.         0.         0.01336174 0.         0.         0.         0.         0.         0.         0.         0.         0.         0.04108414 0.         0.         0.         0.         0.         0.01130092 0.         0.         0.        ],[0. 0. 0. 0. 1. 1. 0. 0. 0. 0. 0. 1. 0. 0. 0. 0. 0. 0. 0. 0. 0. 1. 0. 0. 0. 0. 0. 1. 0. 0. 0.],5.0,10000,30,0.6,10,1,5,,problem_solving
2300,0.016349780118461773,0.010277901485010156,0.4,-12.368233343786539,[0.         0.         0.         0.         0.94066235 0.         0.         0.         0.         0.         0.         0.         0.         0.         0.         0.02493176 0.01224797 0.         0.         0.         0.01097689 0.01118103 0.         0.         0.         0.         0.         0.         0.         0.         0.        ],[0. 0. 0. 0. 1. 0. 0. 0. 0. 0. 0. 0. 0. 0. 0. 1. 1. 0. 0. 0. 1. 1. 0. 0. 0. 0. 0. 0. 0. 0. 0.],5.0,10000,30,0.6,10,1,5,,problem_solving
2400,0.016349780118461773,0.010277901485010156,0.4,-0.41171455822917924,[0.         0.         0.         0.         0.94066235 0.         0.         0.         0.         0.         0.         0.         0.         0.         0.         0.02493176 0.01224797 0.         0.         0.         0.01097689 0.01118103 0.         0.         0.         0.         0.         0.         0.         0.         0.        ],[0. 0. 0. 0. 1. 0. 0. 0. 0. 0. 0. 0. 0. 0. 0. 1. 1. 0. 0. 0. 1. 1. 0. 0. 0. 0. 0. 0. 0. 0. 0.],5.0,10000,30,0.6,10,1,5,,problem_solving
2500,0.016349780118461773,0.010277901485010156,0.4,-1.6902259420248569,[0.         0.         0.         0.         0.94066235 0.         0.         0.         0.         0.         0.         0.         0.         0.         0.         0.02493176 0.01224797 0.         0.         0.         0.01097689 0.01118103 0.         0.         0.         0.         0.         0.         0.         0.         0.        ],[0. 0. 0. 0. 1. 0. 0. 0. 0. 0. 0. 0. 0. 0. 0. 1. 1. 0. 0. 0. 1. 1. 0. 0. 0. 0. 0. 0. 0. 0. 0.],5.0,10000,30,0.6,10,1,5,,problem_solving
2600,0.016349780118461773,0.010277901485010156,0.4,-7.188961628386324,[0.         0.         0.         0.         0.94066235 0.         0.         0.         0.         0.         0.         0.         0.         0.         0.         0.02493176 0.01224797 0.         0.         0.         0.01097689 0.01118103 0.         0.         0.         0.         0.         0.         0.         0.         0.        ],[0. 0. 0. 0. 1. 0. 0. 0. 0. 0. 0. 0. 0. 0. 0. 1. 1. 0. 0. 0. 1. 1. 0. 0. 0. 0. 0. 0. 0. 0. 0.],5.0,10000,30,0.6,10,1,5,,problem_solving
2700,0.016349780118461773,0.010277901485010156,0.4,-0.08134340468371651,[0.         0.         0.         0.         0.94066235 0.         0.         0.         0.         0.         0.         0.         0.         0.         0.         0.02493176 0.01224797 0.         0.         0.         0.01097689 0.01118103 0.         0.         0.         0.         0.         0.         0.         0.         0.        ],[0. 0. 0. 0. 1. 0. 0. 0. 0. 0. 0. 0. 0. 0. 0. 1. 1. 0. 0. 0. 1. 1. 0. 0. 0. 0. 0. 0. 0. 0. 0.],5.0,10000,30,0.6,10,1,5,,problem_solving
2800,0.016349780118461773,0.010277901485010156,0.4,5.023043754353108,[0.         0.         0.         0.         0.94066235 0.         0.         0.         0.         0.         0.         0.         0.         0.         0.         0.02493176 0.01224797 0.         0.         0.         0.01097689 0.01118103 0.         0.         0.         0.         0.         0.         0.         0.         0.        ],[0. 0. 0. 0. 1. 0. 0. 0. 0. 0. 0. 0. 0. 0. 0. 1. 1. 0. 0. 0. 1. 1. 0. 0. 0. 0. 0. 0. 0. 0. 0.],5.0,10000,30,0.6,10,1,5,,problem_solving
2900,0.016349780118461773,0.010277901485010156,0.4,-3.736860505886594,[0.         0.         0.         0.         0.94066235 0.         0.         0.         0.         0.         0.         0.         0.         0.         0.         0.02493176 0.01224797 0.         0.         0.         0.01097689 0.01118103 0.         0.         0.         0.         0.         0.         0.         0.         0.        ],[0. 0. 0. 0. 1. 0. 0. 0. 0. 0. 0. 0. 0. 0. 0. 1. 1. 0. 0. 0. 1. 1. 0. 0. 0. 0. 0. 0. 0. 0. 0.],5.0,10000,30,0.6,10,1,5,,problem_solving
3000,0.016349780118461773,0.010277901485010156,0.4,-0.18384453448178084,[0.         0.         0.         0.         0.94066235 0.         0.         0.         0.         0.         0.         0.         0.         0.         0.         0.02493176 0.01224797 0.         0.         0.         0.01097689 0.01118103 0.         0.         0.         0.         0.         0.         0.         0.         0.        ],[0. 0. 0. 0. 1. 0. 0. 0. 0. 0. 0. 0. 0. 0. 0. 1. 1. 0. 0. 0. 1. 1. 0. 0. 0. 0. 0. 0. 0. 0. 0.],5.0,10000,30,0.6,10,1,5,,problem_solving
3100,0.016349780118461773,0.010277901485010156,0.4,-4.779394595398291,[0.         0.         0.         0.         0.94066235 0.         0.         0.         0.         0.         0.         0.         0.         0.         0.         0.02493176 0.01224797 0.         0.         0.         0.01097689 0.01118103 0.         0.         0.         0.         0.         0.         0.         0.         0.        ],[0. 0. 0. 0. 1. 0. 0. 0. 0. 0. 0. 0. 0. 0. 0. 1. 1. 0. 0. 0. 1. 1. 0. 0. 0. 0. 0. 0. 0. 0. 0.],5.0,10000,30,0.6,10,1,5,,problem_solving
3200,0.016349780118461773,0.010277901485010156,0.4,16.44062290990808,[0.         0.         0.         0.         0.94066235 0.         0.         0.         0.         0.         0.         0.         0.         0.         0.         0.02493176 0.01224797 0.         0.         0.         0.01097689 0.01118103 0.         0.         0.         0.         0.         0.         0.         0.         0.        ],[0. 0. 0. 0. 1. 0. 0. 0. 0. 0. 0. 0. 0. 0. 0. 1. 1. 0. 0. 0. 1. 1. 0. 0. 0. 0. 0. 0. 0. 0. 0.],5.0,10000,30,0.6,10,1,5,,problem_solving
3300,0.016349780118461773,0.010277901485010156,0.4,-2.262274559583537,[0.         0.         0.         0.         0.94066235 0.         0.         0.         0.         0.         0.         0.         0.         0.         0.         0.02493176 0.01224797 0.         0.         0.         0.01097689 0.01118103 0.         0.         0.         0.         0.         0.         0.         0.         0.        ],[0. 0. 0. 0. 1. 0. 0. 0. 0. 0. 0. 0. 0. 0. 0. 1. 1. 0. 0. 0. 1. 1. 0. 0. 0. 0. 0. 0. 0. 0. 0.],5.0,10000,30,0.6,10,1,5,,problem_solving
3400,0.016349780118461773,0.010277901485010156,0.4,20.60613369944275,[0.         0.         0.         0.         0.94066235 0.         0.         0.         0.         0.         0.         0.         0.         0.         0.         0.02493176 0.01224797 0.         0.         0.         0.01097689 0.01118103 0.         0.         0.         0.         0.         0.         0.         0.         0.        ],[0. 0. 0. 0. 1. 0. 0. 0. 0. 0. 0. 0. 0. 0. 0. 1. 1. 0. 0. 0. 1. 1. 0. 0. 0. 0. 0. 0. 0. 0. 0.],5.0,10000,30,0.6,10,1,5,,problem_solving
3500,0.016349780118461773,0.010277901485010156,0.4,-9.816281711840194,[0.         0.         0.         0.         0.94066235 0.         0.         0.         0.         0.         0.         0.         0.         0.         0.         0.02493176 0.01224797 0.         0.         0.         0.01097689 0.01118103 0.         0.         0.         0.         0.         0.         0.         0.         0.        ],[0. 0. 0. 0. 1. 0. 0. 0. 0. 0. 0. 0. 0. 0. 0. 1. 1. 0. 0. 0. 1. 1. 0. 0. 0. 0. 0. 0. 0. 0. 0.],5.0,10000,30,0.6,10,1,5,,problem_solving
3600,0.016349780118461773,0.010277901485010156,0.4,5.081764552542264,[0.         0.         0.         0.         0.94066235 0.         0.         0.         0.         0.         0.         0.         0.         0.         0.         0.02493176 0.01224797 0.         0.         0.         0.01097689 0.01118103 0.         0.         0.         0.         0.         0.         0.         0.         0.        ],[0. 0. 0. 0. 1. 0. 0. 0. 0. 0. 0. 0. 0. 0. 0. 1. 1. 0. 0. 0. 1. 1. 0. 0. 0. 0. 0. 0. 0. 0. 0.],5.0,10000,30,0.6,10,1,5,,problem_solving
3700,0.016349780118461773,0.010277901485010156,0.4,7.69040274945108,[0.         0.         0.         0.         0.94066235 0.         0.         0.         0.         0.         0.         0.         0.         0.         0.         0.02493176 0.01224797 0.         0.         0.         0.01097689 0.01118103 0.         0.         0.         0.         0.         0.         0.         0.         0.        ],[0. 0. 0. 0. 1. 0. 0. 0. 0. 0. 0. 0. 0. 0. 0. 1. 1. 0. 0. 0. 1. 1. 0. 0. 0. 0. 0. 0. 0. 0. 0.],5.0,10000,30,0.6,10,1,5,,problem_solving
3800,0.016349780118461773,0.010277901485010156,0.4,-0.12880422122003884,[0.         0.         0.         0.         0.94066235 0.         0.         0.         0.         0.         0.         0.         0.         0.         0.         0.02493176 0.01224797 0.         0.         0.         0.01097689 0.01118103 0.         0.         0.         0.         0.         0.         0.         0.         0.        ],[0. 0. 0. 0. 1. 0. 0. 0. 0. 0. 0. 0. 0. 0. 0. 1. 1. 0. 0. 0. 1. 1. 0. 0. 0. 0. 0. 0. 0. 0. 0.],5.0,10000,30,0.6,10,1,5,,problem_solving
3900,0.016349780118461773,0.010277901485010156,0.4,2.618651698837925,[0.         0.         0.         0.         0.94066235 0.         0.         0.         0.         0.         0.         0.         0.         0.         0.         0.02493176 0.01224797 0.         0.         0.         0.01097689 0.01118103 0.         0.         0.         0.         0.         0.         0.         0.         0.        ],[0. 0. 0. 0. 1. 0. 0. 0. 0. 0. 0. 0. 0. 0. 0. 1. 1. 0. 0. 0. 1. 1. 0. 0. 0. 0. 0. 0. 0. 0. 0.],5.0,10000,30,0.6,10,1,5,,problem_solving
4000,0.016349780118461773,0.010277901485010156,0.4,-0.7172675494805464,[0.         0.         0.         0.         0.94066235 0.         0.         0.         0.         0.         0.         0.         0.         0.         0.         0.02493176 0.01224797 0.         0.         0.         0.01097689 0.01118103 0.         0.         0.         0.         0.         0.         0.         0.         0.        ],[0. 0. 0. 0. 1. 0. 0. 0. 0. 0. 0. 0. 0. 0. 0. 1. 1. 0. 0. 0. 1. 1. 0. 0. 0. 0. 0. 0. 0. 0. 0.],5.0,10000,30,0.6,10,1,5,,problem_solving
4100,0.016349780118461773,0.010277901485010156,0.4,0.9465484298642611,[0.         0.         0.         0.         0.94066235 0.         0.         0.         0.         0.         0.         0.         0.         0.         0.         0.02493176 0.01224797 0.         0.         0.         0.01097689 0.01118103 0.         0.         0.         0.         0.         0.         0.         0.         0.        ],[0. 0. 0. 0. 1. 0. 0. 0. 0. 0. 0. 0. 0. 0. 0. 1. 1. 0. 0. 0. 1. 1. 0. 0. 0. 0. 0. 0. 0. 0. 0.],5.0,10000,30,0.6,10,1,5,,problem_solving
4200,0.016349780118461773,0.010277901485010156,0.4,-6.799458133700263,[0.         0.         0.         0.         0.94066235 0.         0.         0.         0.         0.         0.         0.         0.         0.         0.         0.02493176 0.01224797 0.         0.         0.         0.01097689 0.01118103 0.         0.         0.         0.         0.         0.         0.         0.         0.        ],[0. 0. 0. 0. 1. 0. 0. 0. 0. 0. 0. 0. 0. 0. 0. 1. 1. 0. 0. 0. 1. 1. 0. 0. 0. 0. 0. 0. 0. 0. 0.],5.0,10000,30,0.6,10,1,5,,problem_solving
4300,0.016349780118461773,0.010277901485010156,0.4,-11.539271352122064,[0.         0.         0.         0.         0.94066235 0.         0.         0.         0.         0.         0.         0.         0.         0.         0.         0.02493176 0.01224797 0.         0.         0.         0.01097689 0.01118103 0.         0.         0.         0.         0.         0.         0.         0.         0.        ],[0. 0. 0. 0. 1. 0. 0. 0. 0. 0. 0. 0. 0. 0. 0. 1. 1. 0. 0. 0. 1. 1. 0. 0. 0. 0. 0. 0. 0. 0. 0.],5.0,10000,30,0.6,10,1,5,,problem_solving
4400,0.016349780118461773,0.010277901485010156,0.4,1.3605758189378472,[0.         0.         0.         0.         0.94066235 0.         0.         0.         0.         0.         0.         0.         0.         0.         0.         0.02493176 0.01224797 0.         0.         0.         0.01097689 0.01118103 0.         0.         0.         0.         0.         0.         0.         0.         0.        ],[0. 0. 0. 0. 1. 0. 0. 0. 0. 0. 0. 0. 0. 0. 0. 1. 1. 0. 0. 0. 1. 1. 0. 0. 0. 0. 0. 0. 0. 0. 0.],5.0,10000,30,0.6,10,1,5,,problem_solving
4500,0.016349780118461773,0.010277901485010156,0.4,-2.3116161422592825,[0.         0.         0.         0.         0.94066235 0.         0.         0.         0.         0.         0.         0.         0.         0.         0.         0.02493176 0.01224797 0.         0.         0.         0.01097689 0.01118103 0.         0.         0.         0.         0.         0.         0.         0.         0.        ],[0. 0. 0. 0. 1. 0. 0. 0. 0. 0. 0. 0. 0. 0. 0. 1. 1. 0. 0. 0. 1. 1. 0. 0. 0. 0. 0. 0. 0. 0. 0.],5.0,10000,30,0.6,10,1,5,,problem_solving
4600,0.016349780118461773,0.010277901485010156,0.4,-6.67570841995904,[0.         0.         0.         0.         0.94066235 0.         0.         0.         0.         0.         0.         0.         0.         0.         0.         0.02493176 0.01224797 0.         0.         0.         0.01097689 0.01118103 0.         0.         0.         0.         0.         0.         0.         0.         0.        ],[0. 0. 0. 0. 1. 0. 0. 0. 0. 0. 0. 0. 0. 0. 0. 1. 1. 0. 0. 0. 1. 1. 0. 0. 0. 0. 0. 0. 0. 0. 0.],5.0,10000,30,0.6,10,1,5,,problem_solving
4700,0.016349780118461773,0.010277901485010156,0.4,9.031769607003163,[0.         0.         0.         0.         0.94066235 0.         0.         0.         0.         0.         0.         0.         0.         0.         0.         0.02493176 0.01224797 0.         0.         0.         0.01097689 0.01118103 0.         0.         0.         0.         0.         0.         0.         0.         0.        ],[0. 0. 0. 0. 1. 0. 0. 0. 0. 0. 0. 0. 0. 0. 0. 1. 1. 0. 0. 0. 1. 1. 0. 0. 0. 0. 0. 0. 0. 0. 0.],5.0,10000,30,0.6,10,1,5,,problem_solving
4800,0.016349780118461773,0.010277901485010156,0.4,11.258977833244298,[0.         0.         0.         0.         0.94066235 0.         0.         0.         0.         0.         0.         0.         0.         0.         0.         0.02493176 0.01224797 0.         0.         0.         0.01097689 0.01118103 0.         0.         0.         0.         0.         0.         0.         0.         0.        ],[0. 0. 0. 0. 1. 0. 0. 0. 0. 0. 0. 0. 0. 0. 0. 1. 1. 0. 0. 0. 1. 1. 0. 0. 0. 0. 0. 0. 0. 0. 0.],5.0,10000,30,0.6,10,1,5,,problem_solving
4900,0.016349780118461773,0.010277901485010156,0.4,2.4481372959595453,[0.         0.         0.         0.         0.94066235 0.         0.         0.         0.         0.         0.         0.         0.         0.         0.         0.02493176 0.01224797 0.         0.         0.         0.01097689 0.01118103 0.         0.         0.         0.         0.         0.         0.         0.         0.        ],[0. 0. 0. 0. 1. 0. 0. 0. 0. 0. 0. 0. 0. 0. 0. 1. 1. 0. 0. 0. 1. 1. 0. 0. 0. 0. 0. 0. 0. 0. 0.],5.0,10000,30,0.6,10,1,5,,problem_solving
5000,0.016349780118461773,0.010277901485010156,0.4,7.006602415880541,[0.         0.         0.         0.         0.94066235 0.         0.         0.         0.         0.         0.         0.         0.         0.         0.         0.02493176 0.01224797 0.         0.         0.         0.01097689 0.01118103 0.         0.         0.         0.         0.         0.         0.         0.         0.        ],[0. 0. 0. 0. 1. 0. 0. 0. 0. 0. 0. 0. 0. 0. 0. 1. 1. 0. 0. 0. 1. 1. 0. 0. 0. 0. 0. 0. 0. 0. 0.],5.0,10000,30,0.6,10,1,5,,problem_solving
5100,0.016349780118461773,0.010277901485010156,0.4,4.464102655829537,[0.         0.         0.         0.         0.94066235 0.         0.         0.         0.         0.         0.         0.         0.         0.         0.         0.02493176 0.01224797 0.         0.         0.         0.01097689 0.01118103 0.         0.         0.         0.         0.         0.         0.         0.         0.        ],[0. 0. 0. 0. 1. 0. 0. 0. 0. 0. 0. 0. 0. 0. 0. 1. 1. 0. 0. 0. 1. 1. 0. 0. 0. 0. 0. 0. 0. 0. 0.],5.0,10000,30,0.6,10,1,5,,problem_solving
5200,0.016349780118461773,0.010277901485010156,0.4,0.943196925604186,[0.         0.         0.         0.         0.94066235 0.         0.         0.         0.         0.         0.         0.         0.         0.         0.         0.02493176 0.01224797 0.         0.         0.         0.01097689 0.01118103 0.         0.         0.         0.         0.         0.         0.         0.         0.        ],[0. 0. 0. 0. 1. 0. 0. 0. 0. 0. 0. 0. 0. 0. 0. 1. 1. 0. 0. 0. 1. 1. 0. 0. 0. 0. 0. 0. 0. 0. 0.],5.0,10000,30,0.6,10,1,5,,problem_solving
5300,0.016349780118461773,0.010277901485010156,0.4,-2.4152682854986938,[0.         0.         0.         0.         0.94066235 0.         0.         0.         0.         0.         0.         0.         0.         0.         0.         0.02493176 0.01224797 0.         0.         0.         0.01097689 0.01118103 0.         0.         0.         0.         0.         0.         0.         0.         0.        ],[0. 0. 0. 0. 1. 0. 0. 0. 0. 0. 0. 0. 0. 0. 0. 1. 1. 0. 0. 0. 1. 1. 0. 0. 0. 0. 0. 0. 0. 0. 0.],5.0,10000,30,0.6,10,1,5,,problem_solving
5400,0.016349780118461773,0.010277901485010156,0.4,1.4872147621531997,[0.         0.         0.         0.         0.94066235 0.         0.         0.         0.         0.         0.         0.         0.         0.         0.         0.02493176 0.01224797 0.         0.         0.         0.01097689 0.01118103 0.         0.         0.         0.         0.         0.         0.         0.         0.        ],[0. 0. 0. 0. 1. 0. 0. 0. 0. 0. 0. 0. 0. 0. 0. 1. 1. 0. 0. 0. 1. 1. 0. 0. 0. 0. 0. 0. 0. 0. 0.],5.0,10000,30,0.6,10,1,5,,problem_solving
5500,0.016349780118461773,0.010277901485010156,0.4,-3.541426864440136,[0.         0.         0.         0.         0.94066235 0.         0.         0.         0.         0.         0.         0.         0.         0.         0.         0.02493176 0.01224797 0.         0.         0.         0.01097689 0.01118103 0.         0.         0.         0.         0.         0.         0.         0.         0.        ],[0. 0. 0. 0. 1. 0. 0. 0. 0. 0. 0. 0. 0. 0. 0. 1. 1. 0. 0. 0. 1. 1. 0. 0. 0. 0. 0. 0. 0. 0. 0.],5.0,10000,30,0.6,10,1,5,,problem_solving
5600,0.016349780118461773,0.010277901485010156,0.4,-4.416999461413834,[0.         0.         0.         0.         0.94066235 0.         0.         0.         0.         0.         0.         0.         0.         0.         0.         0.02493176 0.01224797 0.         0.         0.         0.01097689 0.01118103 0.         0.         0.         0.         0.         0.         0.         0.         0.        ],[0. 0. 0. 0. 1. 0. 0. 0. 0. 0. 0. 0. 0. 0. 0. 1. 1. 0. 0. 0. 1. 1. 0. 0. 0. 0. 0. 0. 0. 0. 0.],5.0,10000,30,0.6,10,1,5,,problem_solving
5700,0.016349780118461773,0.010277901485010156,0.4,5.568408933050689,[0.         0.         0.         0.         0.94066235 0.         0.         0.         0.         0.         0.         0.         0.         0.         0.         0.02493176 0.01224797 0.         0.         0.         0.01097689 0.01118103 0.         0.         0.         0.         0.         0.         0.         0.         0.        ],[0. 0. 0. 0. 1. 0. 0. 0. 0. 0. 0. 0. 0. 0. 0. 1. 1. 0. 0. 0. 1. 1. 0. 0. 0. 0. 0. 0. 0. 0. 0.],5.0,10000,30,0.6,10,1,5,,problem_solving
5800,0.016349780118461773,0.010277901485010156,0.4,-4.207531728078403,[0.         0.         0.         0.         0.94066235 0.         0.         0.         0.         0.         0.         0.         0.         0.         0.         0.02493176 0.01224797 0.         0.         0.         0.01097689 0.01118103 0.         0.         0.         0.         0.         0.         0.         0.         0.        ],[0. 0. 0. 0. 1. 0. 0. 0. 0. 0. 0. 0. 0. 0. 0. 1. 1. 0. 0. 0. 1. 1. 0. 0. 0. 0. 0. 0. 0. 0. 0.],5.0,10000,30,0.6,10,1,5,,problem_solving
5900,0.016349780118461773,0.010277901485010156,0.4,-11.475884972919,[0.         0.         0.         0.         0.94066235 0.         0.         0.         0.         0.         0.         0.         0.         0.         0.         0.02493176 0.01224797 0.         0.         0.         0.01097689 0.01118103 0.         0.         0.         0.         0.         0.         0.         0.         0.        ],[0. 0. 0. 0. 1. 0. 0. 0. 0. 0. 0. 0. 0. 0. 0. 1. 1. 0. 0. 0. 1. 1. 0. 0. 0. 0. 0. 0. 0. 0. 0.],5.0,10000,30,0.6,10,1,5,,problem_solving
6000,0.016349780118461773,0.010277901485010156,0.4,0.7812154277500898,[0.         0.         0.         0.         0.94066235 0.         0.         0.         0.         0.         0.         0.         0.         0.         0.         0.02493176 0.01224797 0.         0.         0.         0.01097689 0.01118103 0.         0.         0.         0.         0.         0.         0.         0.         0.        ],[0. 0. 0. 0. 1. 0. 0. 0. 0. 0. 0. 0. 0. 0. 0. 1. 1. 0. 0. 0. 1. 1. 0. 0. 0. 0. 0. 0. 0. 0. 0.],5.0,10000,30,0.6,10,1,5,,problem_solving
6100,0.016349780118461773,0.010277901485010156,0.4,-8.115854986498453,[0.         0.         0.         0.         0.94066235 0.         0.         0.         0.         0.         0.         0.         0.         0.         0.         0.02493176 0.01224797 0.         0.         0.         0.01097689 0.01118103 0.         0.         0.         0.         0.         0.         0.         0.         0.        ],[0. 0. 0. 0. 1. 0. 0. 0. 0. 0. 0. 0. 0. 0. 0. 1. 1. 0. 0. 0. 1. 1. 0. 0. 0. 0. 0. 0. 0. 0. 0.],5.0,10000,30,0.6,10,1,5,,problem_solving
6200,0.016349780118461773,0.010277901485010156,0.4,-14.064057764981307,[0.         0.         0.         0.         0.94066235 0.         0.         0.         0.         0.         0.         0.         0.         0.         0.         0.02493176 0.01224797 0.         0.         0.         0.01097689 0.01118103 0.         0.         0.         0.         0.         0.         0.         0.         0.        ],[0. 0. 0. 0. 1. 0. 0. 0. 0. 0. 0. 0. 0. 0. 0. 1. 1. 0. 0. 0. 1. 1. 0. 0. 0. 0. 0. 0. 0. 0. 0.],5.0,10000,30,0.6,10,1,5,,problem_solving
6300,0.016349780118461773,0.010277901485010156,0.4,9.539104001063764,[0.         0.         0.         0.         0.94066235 0.         0.         0.         0.         0.         0.         0.         0.         0.         0.         0.02493176 0.01224797 0.         0.         0.         0.01097689 0.01118103 0.         0.         0.         0.         0.         0.         0.         0.         0.        ],[0. 0. 0. 0. 1. 0. 0. 0. 0. 0. 0. 0. 0. 0. 0. 1. 1. 0. 0. 0. 1. 1. 0. 0. 0. 0. 0. 0. 0. 0. 0.],5.0,10000,30,0.6,10,1,5,,problem_solving
6400,0.016349780118461773,0.010277901485010156,0.4,-3.904584031779449,[0.         0.         0.         0.         0.94066235 0.         0.         0.         0.         0.         0.         0.         0.         0.         0.         0.02493176 0.01224797 0.         0.         0.         0.01097689 0.01118103 0.         0.         0.         0.         0.         0.         0.         0.         0.        ],[0. 0. 0. 0. 1. 0. 0. 0. 0. 0. 0. 0. 0. 0. 0. 1. 1. 0. 0. 0. 1. 1. 0. 0. 0. 0. 0. 0. 0. 0. 0.],5.0,10000,30,0.6,10,1,5,,problem_solving
6500,0.016349780118461773,0.010277901485010156,0.4,-3.429671306531994,[0.         0.         0.         0.         0.94066235 0.         0.         0.         0.         0.         0.         0.         0.         0.         0.         0.02493176 0.01224797 0.         0.         0.         0.01097689 0.01118103 0.         0.         0.         0.         0.         0.         0.         0.         0.        ],[0. 0. 0. 0. 1. 0. 0. 0. 0. 0. 0. 0. 0. 0. 0. 1. 1. 0. 0. 0. 1. 1. 0. 0. 0. 0. 0. 0. 0. 0. 0.],5.0,10000,30,0.6,10,1,5,,problem_solving
6600,0.016349780118461773,0.010277901485010156,0.4,4.469293557835597,[0.         0.         0.         0.         0.94066235 0.         0.         0.         0.         0.         0.         0.         0.         0.         0.         0.02493176 0.01224797 0.         0.         0.         0.01097689 0.01118103 0.         0.         0.         0.         0.         0.         0.         0.         0.        ],[0. 0. 0. 0. 1. 0. 0. 0. 0. 0. 0. 0. 0. 0. 0. 1. 1. 0. 0. 0. 1. 1. 0. 0. 0. 0. 0. 0. 0. 0. 0.],5.0,10000,30,0.6,10,1,5,,problem_solving
6700,0.016349780118461773,0.010277901485010156,0.4,-6.387643517845204,[0.         0.         0.         0.         0.94066235 0.         0.         0.         0.         0.         0.         0.         0.         0.         0.         0.02493176 0.01224797 0.         0.         0.         0.01097689 0.01118103 0.         0.         0.         0.         0.         0.         0.         0.         0.        ],[0. 0. 0. 0. 1. 0. 0. 0. 0. 0. 0. 0. 0. 0. 0. 1. 1. 0. 0. 0. 1. 1. 0. 0. 0. 0. 0. 0. 0. 0. 0.],5.0,10000,30,0.6,10,1,5,,problem_solving
6800,0.016349780118461773,0.010277901485010156,0.4,-12.29372729850887,[0.         0.         0.         0.         0.94066235 0.         0.         0.         0.         0.         0.         0.         0.         0.         0.         0.02493176 0.01224797 0.         0.         0.         0.01097689 0.01118103 0.         0.         0.         0.         0.         0.         0.         0.         0.        ],[0. 0. 0. 0. 1. 0. 0. 0. 0. 0. 0. 0. 0. 0. 0. 1. 1. 0. 0. 0. 1. 1. 0. 0. 0. 0. 0. 0. 0. 0. 0.],5.0,10000,30,0.6,10,1,5,,problem_solving
6900,0.016349780118461773,0.010277901485010156,0.4,-10.924938065153242,[0.         0.         0.         0.         0.94066235 0.         0.         0.         0.         0.         0.         0.         0.         0.         0.         0.02493176 0.01224797 0.         0.         0.         0.01097689 0.01118103 0.         0.         0.         0.         0.         0.         0.         0.         0.        ],[0. 0. 0. 0. 1. 0. 0. 0. 0. 0. 0. 0. 0. 0. 0. 1. 1. 0. 0. 0. 1. 1. 0. 0. 0. 0. 0. 0. 0. 0. 0.],5.0,10000,30,0.6,10,1,5,,problem_solving
7000,0.016349780118461773,0.010277901485010156,0.4,18.116250908426107,[0.         0.         0.         0.         0.94066235 0.         0.         0.         0.         0.         0.         0.         0.         0.         0.         0.02493176 0.01224797 0.         0.         0.         0.01097689 0.01118103 0.         0.         0.         0.         0.         0.         0.         0.         0.        ],[0. 0. 0. 0. 1. 0. 0. 0. 0. 0. 0. 0. 0. 0. 0. 1. 1. 0. 0. 0. 1. 1. 0. 0. 0. 0. 0. 0. 0. 0. 0.],5.0,10000,30,0.6,10,1,5,,problem_solving
7100,0.016349780118461773,0.010277901485010156,0.4,-1.2481582722821891,[0.         0.         0.         0.         0.94066235 0.         0.         0.         0.         0.         0.         0.         0.         0.         0.         0.02493176 0.01224797 0.         0.         0.         0.01097689 0.01118103 0.         0.         0.         0.         0.         0.         0.         0.         0.        ],[0. 0. 0. 0. 1. 0. 0. 0. 0. 0. 0. 0. 0. 0. 0. 1. 1. 0. 0. 0. 1. 1. 0. 0. 0. 0. 0. 0. 0. 0. 0.],5.0,10000,30,0.6,10,1,5,,problem_solving
7200,0.016349780118461773,0.010277901485010156,0.4,9.670914345040059,[0.         0.         0.         0.         0.94066235 0.         0.         0.         0.         0.         0.         0.         0.         0.         0.         0.02493176 0.01224797 0.         0.         0.         0.01097689 0.01118103 0.         0.         0.         0.         0.         0.         0.         0.         0.        ],[0. 0. 0. 0. 1. 0. 0. 0. 0. 0. 0. 0. 0. 0. 0. 1. 1. 0. 0. 0. 1. 1. 0. 0. 0. 0. 0. 0. 0. 0. 0.],5.0,10000,30,0.6,10,1,5,,problem_solving
7300,0.016349780118461773,0.010277901485010156,0.4,-2.3664158783831697,[0.         0.         0.         0.         0.94066235 0.         0.         0.         0.         0.         0.         0.         0.         0.         0.         0.02493176 0.01224797 0.         0.         0.         0.01097689 0.01118103 0.         0.         0.         0.         0.         0.         0.         0.         0.        ],[0. 0. 0. 0. 1. 0. 0. 0. 0. 0. 0. 0. 0. 0. 0. 1. 1. 0. 0. 0. 1. 1. 0. 0. 0. 0. 0. 0. 0. 0. 0.],5.0,10000,30,0.6,10,1,5,,problem_solving
7400,0.016349780118461773,0.010277901485010156,0.4,6.313058910507145,[0.         0.         0.         0.         0.94066235 0.         0.         0.         0.         0.         0.         0.         0.         0.         0.         0.02493176 0.01224797 0.         0.         0.         0.01097689 0.01118103 0.         0.         0.         0.         0.         0.         0.         0.         0.        ],[0. 0. 0. 0. 1. 0. 0. 0. 0. 0. 0. 0. 0. 0. 0. 1. 1. 0. 0. 0. 1. 1. 0. 0. 0. 0. 0. 0. 0. 0. 0.],5.0,10000,30,0.6,10,1,5,,problem_solving
7500,0.016349780118461773,0.010277901485010156,0.4,10.810802931414315,[0.         0.         0.         0.         0.94066235 0.         0.         0.         0.         0.         0.         0.         0.         0.         0.         0.02493176 0.01224797 0.         0.         0.         0.01097689 0.01118103 0.         0.         0.         0.         0.         0.         0.         0.         0.        ],[0. 0. 0. 0. 1. 0. 0. 0. 0. 0. 0. 0. 0. 0. 0. 1. 1. 0. 0. 0. 1. 1. 0. 0. 0. 0. 0. 0. 0. 0. 0.],5.0,10000,30,0.6,10,1,5,,problem_solving
7600,0.016349780118461773,0.010277901485010156,0.4,8.349322360555021,[0.         0.         0.         0.         0.94066235 0.         0.         0.         0.         0.         0.         0.         0.         0.         0.         0.02493176 0.01224797 0.         0.         0.         0.01097689 0.01118103 0.         0.         0.         0.         0.         0.         0.         0.         0.        ],[0. 0. 0. 0. 1. 0. 0. 0. 0. 0. 0. 0. 0. 0. 0. 1. 1. 0. 0. 0. 1. 1. 0. 0. 0. 0. 0. 0. 0. 0. 0.],5.0,10000,30,0.6,10,1,5,,problem_solving
7700,0.016349780118461773,0.010277901485010156,0.4,12.377067128128449,[0.         0.         0.         0.         0.94066235 0.         0.         0.         0.         0.         0.         0.         0.         0.         0.         0.02493176 0.01224797 0.         0.         0.         0.01097689 0.01118103 0.         0.         0.         0.         0.         0.         0.         0.         0.        ],[0. 0. 0. 0. 1. 0. 0. 0. 0. 0. 0. 0. 0. 0. 0. 1. 1. 0. 0. 0. 1. 1. 0. 0. 0. 0. 0. 0. 0. 0. 0.],5.0,10000,30,0.6,10,1,5,,problem_solving
7800,0.016349780118461773,0.010277901485010156,0.4,9.744902678900738,[0.         0.         0.         0.         0.94066235 0.         0.         0.         0.         0.         0.         0.         0.         0.         0.         0.02493176 0.01224797 0.         0.         0.         0.01097689 0.01118103 0.         0.         0.         0.         0.         0.         0.         0.         0.        ],[0. 0. 0. 0. 1. 0. 0. 0. 0. 0. 0. 0. 0. 0. 0. 1. 1. 0. 0. 0. 1. 1. 0. 0. 0. 0. 0. 0. 0. 0. 0.],5.0,10000,30,0.6,10,1,5,,problem_solving
7900,0.016349780118461773,0.010277901485010156,0.4,-5.049060462905467,[0.         0.         0.         0.         0.94066235 0.         0.         0.         0.         0.         0.         0.         0.         0.         0.         0.02493176 0.01224797 0.         0.         0.         0.01097689 0.01118103 0.         0.         0.         0.         0.         0.         0.         0.         0.        ],[0. 0. 0. 0. 1. 0. 0. 0. 0. 0. 0. 0. 0. 0. 0. 1. 1. 0. 0. 0. 1. 1. 0. 0. 0. 0. 0. 0. 0. 0. 0.],5.0,10000,30,0.6,10,1,5,,problem_solving
8000,0.016349780118461773,0.010277901485010156,0.4,-12.38189690360471,[0.         0.         0.         0.         0.94066235 0.         0.         0.         0.         0.         0.         0.         0.         0.         0.         0.02493176 0.01224797 0.         0.         0.         0.01097689 0.01118103 0.         0.         0.         0.         0.         0.         0.         0.         0.        ],[0. 0. 0. 0. 1. 0. 0. 0. 0. 0. 0. 0. 0. 0. 0. 1. 1. 0. 0. 0. 1. 1. 0. 0. 0. 0. 0. 0. 0. 0. 0.],5.0,10000,30,0.6,10,1,5,,problem_solving
8100,0.016349780118461773,0.010277901485010156,0.4,-1.3538864496536833,[0.         0.         0.         0.         0.94066235 0.         0.         0.         0.         0.         0.         0.         0.         0.         0.         0.02493176 0.01224797 0.         0.         0.         0.01097689 0.01118103 0.         0.         0.         0.         0.         0.         0.         0.         0.        ],[0. 0. 0. 0. 1. 0. 0. 0. 0. 0. 0. 0. 0. 0. 0. 1. 1. 0. 0. 0. 1. 1. 0. 0. 0. 0. 0. 0. 0. 0. 0.],5.0,10000,30,0.6,10,1,5,,problem_solving
8200,0.016349780118461773,0.010277901485010156,0.4,-16.08559792643272,[0.         0.         0.         0.         0.94066235 0.         0.         0.         0.         0.         0.         0.         0.         0.         0.         0.02493176 0.01224797 0.         0.         0.         0.01097689 0.01118103 0.         0.         0.         0.         0.         0.         0.         0.         0.        ],[0. 0. 0. 0. 1. 0. 0. 0. 0. 0. 0. 0. 0. 0. 0. 1. 1. 0. 0. 0. 1. 1. 0. 0. 0. 0. 0. 0. 0. 0. 0.],5.0,10000,30,0.6,10,1,5,,problem_solving
8300,0.016349780118461773,0.010277901485010156,0.4,8.345879573713859,[0.         0.         0.         0.         0.94066235 0.         0.         0.         0.         0.         0.         0.         0.         0.         0.         0.02493176 0.01224797 0.         0.         0.         0.01097689 0.01118103 0.         0.         0.         0.         0.         0.         0.         0.         0.        ],[0. 0. 0. 0. 1. 0. 0. 0. 0. 0. 0. 0. 0. 0. 0. 1. 1. 0. 0. 0. 1. 1. 0. 0. 0. 0. 0. 0. 0. 0. 0.],5.0,10000,30,0.6,10,1,5,,problem_solving
8400,0.016349780118461773,0.010277901485010156,0.4,-8.274195698758751,[0.         0.         0.         0.         0.94066235 0.         0.         0.         0.         0.         0.         0.         0.         0.         0.         0.02493176 0.01224797 0.         0.         0.         0.01097689 0.01118103 0.         0.         0.         0.         0.         0.         0.         0.         0.        ],[0. 0. 0. 0. 1. 0. 0. 0. 0. 0. 0. 0. 0. 0. 0. 1. 1. 0. 0. 0. 1. 1. 0. 0. 0. 0. 0. 0. 0. 0. 0.],5.0,10000,30,0.6,10,1,5,,problem_solving
8500,0.016349780118461773,0.010277901485010156,0.4,0.24601203259904478,[0.         0.         0.         0.         0.94066235 0.         0.         0.         0.         0.         0.         0.         0.         0.         0.         0.02493176 0.01224797 0.         0.         0.         0.01097689 0.01118103 0.         0.         0.         0.         0.         0.         0.         0.         0.        ],[0. 0. 0. 0. 1. 0. 0. 0. 0. 0. 0. 0. 0. 0. 0. 1. 1. 0. 0. 0. 1. 1. 0. 0. 0. 0. 0. 0. 0. 0. 0.],5.0,10000,30,0.6,10,1,5,,problem_solving
8600,0.016349780118461773,0.010277901485010156,0.4,-18.678014852323475,[0.         0.         0.         0.         0.94066235 0.         0.         0.         0.         0.         0.         0.         0.         0.         0.         0.02493176 0.01224797 0.         0.         0.         0.01097689 0.01118103 0.         0.         0.         0.         0.         0.         0.         0.         0.        ],[0. 0. 0. 0. 1. 0. 0. 0. 0. 0. 0. 0. 0. 0. 0. 1. 1. 0. 0. 0. 1. 1. 0. 0. 0. 0. 0. 0. 0. 0. 0.],5.0,10000,30,0.6,10,1,5,,problem_solving
8700,0.016349780118461773,0.010277901485010156,0.4,7.485168123744196,[0.         0.         0.         0.         0.94066235 0.         0.         0.         0.         0.         0.         0.         0.         0.         0.         0.02493176 0.01224797 0.         0.         0.         0.01097689 0.01118103 0.         0.         0.         0.         0.         0.         0.         0.         0.        ],[0. 0. 0. 0. 1. 0. 0. 0. 0. 0. 0. 0. 0. 0. 0. 1. 1. 0. 0. 0. 1. 1. 0. 0. 0. 0. 0. 0. 0. 0. 0.],5.0,10000,30,0.6,10,1,5,,problem_solving
8800,0.016349780118461773,0.010277901485010156,0.4,-10.614975412334163,[0.         0.         0.         0.         0.94066235 0.         0.         0.         0.         0.         0.         0.         0.         0.         0.         0.02493176 0.01224797 0.         0.         0.         0.01097689 0.01118103 0.         0.         0.         0.         0.         0.         0.         0.         0.        ],[0. 0. 0. 0. 1. 0. 0. 0. 0. 0. 0. 0. 0. 0. 0. 1. 1. 0. 0. 0. 1. 1. 0. 0. 0. 0. 0. 0. 0. 0. 0.],5.0,10000,30,0.6,10,1,5,,problem_solving
8900,0.016349780118461773,0.010277901485010156,0.4,-10.913000131278565,[0.         0.         0.         0.         0.94066235 0.         0.         0.         0.         0.         0.         0.         0.         0.         0.         0.02493176 0.01224797 0.         0.         0.         0.01097689 0.01118103 0.         0.         0.         0.         0.         0.         0.         0.         0.        ],[0. 0. 0. 0. 1. 0. 0. 0. 0. 0. 0. 0. 0. 0. 0. 1. 1. 0. 0. 0. 1. 1. 0. 0. 0. 0. 0. 0. 0. 0. 0.],5.0,10000,30,0.6,10,1,5,,problem_solving
9000,0.016349780118461773,0.010277901485010156,0.4,-5.881174898043604,[0.         0.         0.         0.         0.94066235 0.         0.         0.         0.         0.         0.         0.         0.         0.         0.         0.02493176 0.01224797 0.         0.         0.         0.01097689 0.01118103 0.         0.         0.         0.         0.         0.         0.         0.         0.        ],[0. 0. 0. 0. 1. 0. 0. 0. 0. 0. 0. 0. 0. 0. 0. 1. 1. 0. 0. 0. 1. 1. 0. 0. 0. 0. 0. 0. 0. 0. 0.],5.0,10000,30,0.6,10,1,5,,problem_solving
9100,0.016349780118461773,0.010277901485010156,0.4,-3.0402415349568503,[0.         0.         0.         0.         0.94066235 0.         0.         0.         0.         0.         0.         0.         0.         0.         0.         0.02493176 0.01224797 0.         0.         0.         0.01097689 0.01118103 0.         0.         0.         0.         0.         0.         0.         0.         0.        ],[0. 0. 0. 0. 1. 0. 0. 0. 0. 0. 0. 0. 0. 0. 0. 1. 1. 0. 0. 0. 1. 1. 0. 0. 0. 0. 0. 0. 0. 0. 0.],5.0,10000,30,0.6,10,1,5,,problem_solving
9200,0.016349780118461773,0.010277901485010156,0.4,-9.719617849776181,[0.         0.         0.         0.         0.94066235 0.         0.         0.         0.         0.         0.         0.         0.         0.         0.         0.02493176 0.01224797 0.         0.         0.         0.01097689 0.01118103 0.         0.         0.         0.         0.         0.         0.         0.         0.        ],[0. 0. 0. 0. 1. 0. 0. 0. 0. 0. 0. 0. 0. 0. 0. 1. 1. 0. 0. 0. 1. 1. 0. 0. 0. 0. 0. 0. 0. 0. 0.],5.0,10000,30,0.6,10,1,5,,problem_solving
9300,0.016349780118461773,0.010277901485010156,0.4,5.89061575788473,[0.         0.         0.         0.         0.94066235 0.         0.         0.         0.         0.         0.         0.         0.         0.         0.         0.02493176 0.01224797 0.         0.         0.         0.01097689 0.01118103 0.         0.         0.         0.         0.         0.         0.         0.         0.        ],[0. 0. 0. 0. 1. 0. 0. 0. 0. 0. 0. 0. 0. 0. 0. 1. 1. 0. 0. 0. 1. 1. 0. 0. 0. 0. 0. 0. 0. 0. 0.],5.0,10000,30,0.6,10,1,5,,problem_solving
9400,0.016349780118461773,0.010277901485010156,0.4,0.24405373897336496,[0.         0.         0.         0.         0.94066235 0.         0.         0.         0.         0.         0.         0.         0.         0.         0.         0.02493176 0.01224797 0.         0.         0.         0.01097689 0.01118103 0.         0.         0.         0.         0.         0.         0.         0.         0.        ],[0. 0. 0. 0. 1. 0. 0. 0. 0. 0. 0. 0. 0. 0. 0. 1. 1. 0. 0. 0. 1. 1. 0. 0. 0. 0. 0. 0. 0. 0. 0.],5.0,10000,30,0.6,10,1,5,,problem_solving
9500,0.016349780118461773,0.010277901485010156,0.4,0.2394027524698104,[0.         0.         0.         0.         0.94066235 0.         0.         0.         0.         0.         0.         0.         0.         0.         0.         0.02493176 0.01224797 0.         0.         0.         0.01097689 0.01118103 0.         0.         0.         0.         0.         0.         0.         0.         0.        ],[0. 0. 0. 0. 1. 0. 0. 0. 0. 0. 0. 0. 0. 0. 0. 1. 1. 0. 0. 0. 1. 1. 0. 0. 0. 0. 0. 0. 0. 0. 0.],5.0,10000,30,0.6,10,1,5,,problem_solving
9600,0.016349780118461773,0.010277901485010156,0.4,1.9913915193945964,[0.         0.         0.         0.         0.94066235 0.         0.         0.         0.         0.         0.         0.         0.         0.         0.         0.02493176 0.01224797 0.         0.         0.         0.01097689 0.01118103 0.         0.         0.         0.         0.         0.         0.         0.         0.        ],[0. 0. 0. 0. 1. 0. 0. 0. 0. 0. 0. 0. 0. 0. 0. 1. 1. 0. 0. 0. 1. 1. 0. 0. 0. 0. 0. 0. 0. 0. 0.],5.0,10000,30,0.6,10,1,5,,problem_solving
9700,0.016349780118461773,0.010277901485010156,0.4,0.6861487672955933,[0.         0.         0.         0.         0.94066235 0.         0.         0.         0.         0.         0.         0.         0.         0.         0.         0.02493176 0.01224797 0.         0.         0.         0.01097689 0.01118103 0.         0.         0.         0.         0.         0.         0.         0.         0.        ],[0. 0. 0. 0. 1. 0. 0. 0. 0. 0. 0. 0. 0. 0. 0. 1. 1. 0. 0. 0. 1. 1. 0. 0. 0. 0. 0. 0. 0. 0. 0.],5.0,10000,30,0.6,10,1,5,,problem_solving
9800,0.016349780118461773,0.010277901485010156,0.4,8.285323715693977,[0.         0.         0.         0.         0.94066235 0.         0.         0.         0.         0.         0.         0.         0.         0.         0.         0.02493176 0.01224797 0.         0.         0.         0.01097689 0.01118103 0.         0.         0.         0.         0.         0.         0.         0.         0.        ],[0. 0. 0. 0. 1. 0. 0. 0. 0. 0. 0. 0. 0. 0. 0. 1. 1. 0. 0. 0. 1. 1. 0. 0. 0. 0. 0. 0. 0. 0. 0.],5.0,10000,30,0.6,10,1,5,,problem_solving
9900,0.016349780118461773,0.010277901485010156,0.4,-9.116780869154672,[0.         0.         0.         0.         0.94066235 0.         0.         0.         0.         0.         0.         0.         0.         0.         0.         0.02493176 0.01224797 0.         0.         0.         0.01097689 0.01118103 0.         0.         0.         0.         0.         0.         0.         0.         0.        ],[0. 0. 0. 0. 1. 0. 0. 0. 0. 0. 0. 0. 0. 0. 0. 1. 1. 0. 0. 0. 1. 1. 0. 0. 0. 0. 0. 0. 0. 0. 0.],5.0,10000,30,0.6,10,1,5,,problem_solving
9999,0.016349780118461773,0.010277901485010156,0.4,-0.09873305249293356,[0.         0.         0.         0.         0.94066235 0.         0.         0.         0.         0.         0.         0.         0.         0.         0.         0.02493176 0.01224797 0.         0.         0.         0.01097689 0.01118103 0.         0.         0.         0.         0.         0.         0.         0.         0.        ],[0. 0. 0. 0. 1. 0. 0. 0. 0. 0. 0. 0. 0. 0. 0. 1. 1. 0. 0. 0. 1. 1. 0. 0. 0. 0. 0. 0. 0. 0. 0.],5.0,10000,30,0.6,10,1,5,,problem_solving
