iter,cost,risk,return,par,bw,move,X,Z,Q,pop_init,max_iter,pop_size,mem_size,mem_consider,par_min,par_max,bw_min,bw_max,sigma,lambda,port_n,k,seed,tag,local_search
1,0.02083018251817725,0.118032,0.003674157816516895,0.50004,0.8999471007548476,-2.6973634280293775,[0.         0.         0.         0.         0.92931649 0.01148438 0.         0.         0.         0.         0.01148438 0.         0.         0.         0.01197778 0.         0.         0.         0.         0.         0.         0.01227481 0.         0.01197778 0.         0.         0.         0.01148438 0.         0.         0.        ],[0. 0. 0. 0. 1. 1. 0. 0. 0. 0. 1. 0. 0. 0. 1. 0. 0. 0. 0. 0. 0. 1. 0. 1. 0. 0. 0. 1. 0. 0. 0.],7.0,best,10000,100000,100,0.9,0.5,0.9,0.5,0.9,5,0.59,1,7,,problem_solving,10
100,0.007915182821155994,0.104102,0.005908327103624296,0.504,0.894725436791504,1.8010299643056435,[0.         0.         0.01348903 0.         0.929087   0.         0.         0.01335834 0.01101641 0.         0.         0.         0.         0.         0.         0.         0.         0.         0.         0.         0.         0.         0.01101641 0.         0.         0.01101641 0.         0.01101641 0.         0.         0.        ],[0. 0. 1. 0. 1. 0. 0. 1. 1. 0. 0. 0. 0. 0. 0. 0. 0. 0. 0. 0. 0. 0. 1. 0. 0. 1. 0. 1. 0. 0. 0.],7.0,best,10000,100000,100,0.9,0.5,0.9,0.5,0.9,5,0.59,1,7,,problem_solving,10
200,0.007915182821155994,0.104102,0.005908327103624296,0.508,0.8894817858241639,-5.7774407765277696,[0.         0.         0.01348903 0.         0.929087   0.         0.         0.01335834 0.01101641 0.         0.         0.         0.         0.         0.         0.         0.         0.         0.         0.         0.         0.         0.01101641 0.         0.         0.01101641 0.         0.01101641 0.         0.         0.        ],[0. 0. 1. 0. 1. 0. 0. 1. 1. 0. 0. 0. 0. 0. 0. 0. 0. 0. 0. 0. 0. 0. 1. 0. 0. 1. 0. 1. 0. 0. 0.],7.0,best,10000,100000,100,0.9,0.5,0.9,0.5,0.9,5,0.59,1,7,,problem_solving,10
300,0.007915182821155994,0.104102,0.005908327103624296,0.512,0.8842688659329022,2.262339467387976,[0.         0.         0.01348903 0.         0.929087   0.         0.         0.01335834 0.01101641 0.         0.         0.         0.         0.         0.         0.         0.         0.         0.         0.         0.         0.         0.01101641 0.         0.         0.01101641 0.         0.01101641 0.         0.         0.        ],[0. 0. 1. 0. 1. 0. 0. 1. 1. 0. 0. 0. 0. 0. 0. 0. 0. 0. 0. 0. 0. 0. 1. 0. 0. 1. 0. 1. 0. 0. 0.],7.0,best,10000,100000,100,0.9,0.5,0.9,0.5,0.9,5,0.59,1,7,,problem_solving,10
400,0.006975648402839641,0.119337,0.006101099516138672,0.516,0.879086497014382,1.2567605409012788,[0.         0.         0.         0.         0.92638851 0.         0.         0.01191114 0.         0.         0.         0.         0.         0.         0.         0.         0.01293789 0.         0.         0.         0.         0.01191114 0.         0.         0.         0.01191114 0.         0.01302906 0.         0.01191114 0.        ],[0. 0. 0. 0. 1. 0. 0. 1. 0. 0. 0. 0. 0. 0. 0. 0. 1. 0. 0. 0. 0. 1. 0. 0. 0. 1. 0. 1. 0. 1. 0.],7.0,best,10000,100000,100,0.9,0.5,0.9,0.5,0.9,5,0.59,1,7,,problem_solving,10
500,0.006975648402839641,0.119337,0.006101099516138672,0.52,0.8739345000207845,0.3879234035379146,[0.         0.         0.         0.         0.92638851 0.         0.         0.01191114 0.         0.         0.         0.         0.         0.         0.         0.         0.01293789 0.         0.         0.         0.         0.01191114 0.         0.         0.         0.01191114 0.         0.01302906 0.         0.01191114 0.        ],[0. 0. 0. 0. 1. 0. 0. 1. 0. 0. 0. 0. 0. 0. 0. 0. 1. 0. 0. 0. 0. 1. 0. 0. 0. 1. 0. 1. 0. 1. 0.],7.0,best,10000,100000,100,0.9,0.5,0.9,0.5,0.9,5,0.59,1,7,,problem_solving,10
600,0.0066664791293343005,0.112242,0.004665424029898328,0.524,0.8688126969536234,-3.791089990481687,[0.         0.         0.         0.         0.9326369  0.01137815 0.         0.         0.         0.         0.         0.         0.         0.         0.01137872 0.         0.01097146 0.         0.         0.         0.         0.         0.         0.         0.         0.01097146 0.01138764 0.01127568 0.         0.         0.        ],[0. 0. 0. 0. 1. 1. 0. 0. 0. 0. 0. 0. 0. 0. 1. 0. 1. 0. 0. 0. 0. 0. 0. 0. 0. 1. 1. 1. 0. 0. 0.],7.0,best,10000,100000,100,0.9,0.5,0.9,0.5,0.9,5,0.59,1,7,,problem_solving,10
700,0.0066664791293343005,0.112242,0.004665424029898328,0.528,0.8637209108575947,3.385041468938195,[0.         0.         0.         0.         0.9326369  0.01137815 0.         0.         0.         0.         0.         0.         0.         0.         0.01137872 0.         0.01097146 0.         0.         0.         0.         0.         0.         0.         0.         0.01097146 0.01138764 0.01127568 0.         0.         0.        ],[0. 0. 0. 0. 1. 1. 0. 0. 0. 0. 0. 0. 0. 0. 1. 0. 1. 0. 0. 0. 0. 0. 0. 0. 0. 1. 1. 1. 0. 0. 0.],7.0,best,10000,100000,100,0.9,0.5,0.9,0.5,0.9,5,0.59,1,7,,problem_solving,10
800,0.0066664791293343005,0.112242,0.004665424029898328,0.532,0.8586589658144633,0.23899170841675743,[0.         0.         0.         0.         0.9326369  0.01137815 0.         0.         0.         0.         0.         0.         0.         0.         0.01137872 0.         0.01097146 0.         0.         0.         0.         0.         0.         0.         0.         0.01097146 0.01138764 0.01127568 0.         0.         0.        ],[0. 0. 0. 0. 1. 1. 0. 0. 0. 0. 0. 0. 0. 0. 1. 0. 1. 0. 0. 0. 0. 0. 0. 0. 0. 1. 1. 1. 0. 0. 0.],7.0,best,10000,100000,100,0.9,0.5,0.9,0.5,0.9,5,0.59,1,7,,problem_solving,10
900,0.0066664791293343005,0.112242,0.004665424029898328,0.536,0.8536266869369854,5.1807417929594,[0.         0.         0.         0.         0.9326369  0.01137815 0.         0.         0.         0.         0.         0.         0.         0.         0.01137872 0.         0.01097146 0.         0.         0.         0.         0.         0.         0.         0.         0.01097146 0.01138764 0.01127568 0.         0.         0.        ],[0. 0. 0. 0. 1. 1. 0. 0. 0. 0. 0. 0. 0. 0. 1. 0. 1. 0. 0. 0. 0. 0. 0. 0. 0. 1. 1. 1. 0. 0. 0.],7.0,best,10000,100000,100,0.9,0.5,0.9,0.5,0.9,5,0.59,1,7,,problem_solving,10
1000,0.0066664791293343005,0.112242,0.004665424029898328,0.54,0.8486239003628652,7.442452823414852,[0.         0.         0.         0.         0.9326369  0.01137815 0.         0.         0.         0.         0.         0.         0.         0.         0.01137872 0.         0.01097146 0.         0.         0.         0.         0.         0.         0.         0.         0.01097146 0.01138764 0.01127568 0.         0.         0.        ],[0. 0. 0. 0. 1. 1. 0. 0. 0. 0. 0. 0. 0. 0. 1. 0. 1. 0. 0. 0. 0. 0. 0. 0. 0. 1. 1. 1. 0. 0. 0.],7.0,best,10000,100000,100,0.9,0.5,0.9,0.5,0.9,5,0.59,1,7,,problem_solving,10
1100,0.006595319246149118,0.095226,0.006274733142321322,0.544,0.8436504332487491,-6.328269444053861,[0.         0.         0.         0.         0.93303462 0.         0.         0.         0.         0.         0.         0.         0.         0.0111147  0.         0.         0.01120083 0.0111147  0.         0.         0.         0.         0.         0.         0.0111147  0.01130575 0.         0.0111147  0.         0.         0.        ],[0. 0. 0. 0. 1. 0. 0. 0. 0. 0. 0. 0. 0. 1. 0. 0. 1. 1. 0. 0. 0. 0. 0. 0. 1. 1. 0. 1. 0. 0. 0.],7.0,best,10000,100000,100,0.9,0.5,0.9,0.5,0.9,5,0.59,1,7,,problem_solving,10
1200,0.006595319246149118,0.095226,0.006274733142321322,0.548,0.838706113764254,-3.4981493227069924,[0.         0.         0.         0.         0.93303462 0.         0.         0.         0.         0.         0.         0.         0.         0.0111147  0.         0.         0.01120083 0.0111147  0.         0.         0.         0.         0.         0.         0.0111147  0.01130575 0.         0.0111147  0.         0.         0.        ],[0. 0. 0. 0. 1. 0. 0. 0. 0. 0. 0. 0. 0. 1. 0. 0. 1. 1. 0. 0. 0. 0. 0. 0. 1. 1. 0. 1. 0. 0. 0.],7.0,best,10000,100000,100,0.9,0.5,0.9,0.5,0.9,5,0.59,1,7,,problem_solving,10
1300,0.006595319246149118,0.095226,0.006274733142321322,0.552,0.83379077108603,-0.6080380509074911,[0.         0.         0.         0.         0.93303462 0.         0.         0.         0.         0.         0.         0.         0.         0.0111147  0.         0.         0.01120083 0.0111147  0.         0.         0.         0.         0.         0.         0.0111147  0.01130575 0.         0.0111147  0.         0.         0.        ],[0. 0. 0. 0. 1. 0. 0. 0. 0. 0. 0. 0. 0. 1. 0. 0. 1. 1. 0. 0. 0. 0. 0. 0. 1. 1. 0. 1. 0. 0. 0.],7.0,best,10000,100000,100,0.9,0.5,0.9,0.5,0.9,5,0.59,1,7,,problem_solving,10
1400,0.006595319246149118,0.095226,0.006274733142321322,0.556,0.828904235391859,-2.290691571936043,[0.         0.         0.         0.         0.93303462 0.         0.         0.         0.         0.         0.         0.         0.         0.0111147  0.         0.         0.01120083 0.0111147  0.         0.         0.         0.         0.         0.         0.0111147  0.01130575 0.         0.0111147  0.         0.         0.        ],[0. 0. 0. 0. 1. 0. 0. 0. 0. 0. 0. 0. 0. 1. 0. 0. 1. 1. 0. 0. 0. 0. 0. 0. 1. 1. 0. 1. 0. 0. 0.],7.0,best,10000,100000,100,0.9,0.5,0.9,0.5,0.9,5,0.59,1,7,,problem_solving,10
1500,0.006595319246149118,0.095226,0.006274733142321322,0.56,0.8240463378547873,-0.22567470077735527,[0.         0.         0.         0.         0.93303462 0.         0.         0.         0.         0.         0.         0.         0.         0.0111147  0.         0.         0.01120083 0.0111147  0.         0.         0.         0.         0.         0.         0.0111147  0.01130575 0.         0.0111147  0.         0.         0.        ],[0. 0. 0. 0. 1. 0. 0. 0. 0. 0. 0. 0. 0. 1. 0. 0. 1. 1. 0. 0. 0. 0. 0. 0. 1. 1. 0. 1. 0. 0. 0.],7.0,best,10000,100000,100,0.9,0.5,0.9,0.5,0.9,5,0.59,1,7,,problem_solving,10
1600,0.006595319246149118,0.095226,0.006274733142321322,0.5640000000000001,0.8192169106372932,0.073397497273934,[0.         0.         0.         0.         0.93303462 0.         0.         0.         0.         0.         0.         0.         0.         0.0111147  0.         0.         0.01120083 0.0111147  0.         0.         0.         0.         0.         0.         0.0111147  0.01130575 0.         0.0111147  0.         0.         0.        ],[0. 0. 0. 0. 1. 0. 0. 0. 0. 0. 0. 0. 0. 1. 0. 0. 1. 1. 0. 0. 0. 0. 0. 0. 1. 1. 0. 1. 0. 0. 0.],7.0,best,10000,100000,100,0.9,0.5,0.9,0.5,0.9,5,0.59,1,7,,problem_solving,10
1700,0.006595319246149118,0.095226,0.006274733142321322,0.5680000000000001,0.8144157868854872,3.8137235294536596,[0.         0.         0.         0.         0.93303462 0.         0.         0.         0.         0.         0.         0.         0.         0.0111147  0.         0.         0.01120083 0.0111147  0.         0.         0.         0.         0.         0.         0.0111147  0.01130575 0.         0.0111147  0.         0.         0.        ],[0. 0. 0. 0. 1. 0. 0. 0. 0. 0. 0. 0. 0. 1. 0. 0. 1. 1. 0. 0. 0. 0. 0. 0. 1. 1. 0. 1. 0. 0. 0.],7.0,best,10000,100000,100,0.9,0.5,0.9,0.5,0.9,5,0.59,1,7,,problem_solving,10
1800,0.006595319246149118,0.095226,0.006274733142321322,0.5720000000000001,0.8096428007233489,-0.033214166493675486,[0.         0.         0.         0.         0.93303462 0.         0.         0.         0.         0.         0.         0.         0.         0.0111147  0.         0.         0.01120083 0.0111147  0.         0.         0.         0.         0.         0.         0.0111147  0.01130575 0.         0.0111147  0.         0.         0.        ],[0. 0. 0. 0. 1. 0. 0. 0. 0. 0. 0. 0. 0. 1. 0. 0. 1. 1. 0. 0. 0. 0. 0. 0. 1. 1. 0. 1. 0. 0. 0.],7.0,best,10000,100000,100,0.9,0.5,0.9,0.5,0.9,5,0.59,1,7,,problem_solving,10
1900,0.006595319246149118,0.095226,0.006274733142321322,0.5760000000000001,0.8048977872469943,8.902646665579292,[0.         0.         0.         0.         0.93303462 0.         0.         0.         0.         0.         0.         0.         0.         0.0111147  0.         0.         0.01120083 0.0111147  0.         0.         0.         0.         0.         0.         0.0111147  0.01130575 0.         0.0111147  0.         0.         0.        ],[0. 0. 0. 0. 1. 0. 0. 0. 0. 0. 0. 0. 0. 1. 0. 0. 1. 1. 0. 0. 0. 0. 0. 0. 1. 1. 0. 1. 0. 0. 0.],7.0,best,10000,100000,100,0.9,0.5,0.9,0.5,0.9,5,0.59,1,7,,problem_solving,10
2000,0.006595319246149118,0.095226,0.006274733142321322,0.58,0.80018058251898,-1.689242163911089,[0.         0.         0.         0.         0.93303462 0.         0.         0.         0.         0.         0.         0.         0.         0.0111147  0.         0.         0.01120083 0.0111147  0.         0.         0.         0.         0.         0.         0.0111147  0.01130575 0.         0.0111147  0.         0.         0.        ],[0. 0. 0. 0. 1. 0. 0. 0. 0. 0. 0. 0. 0. 1. 0. 0. 1. 1. 0. 0. 0. 0. 0. 0. 1. 1. 0. 1. 0. 0. 0.],7.0,best,10000,100000,100,0.9,0.5,0.9,0.5,0.9,5,0.59,1,7,,problem_solving,10
2100,0.006595319246149118,0.095226,0.006274733142321322,0.584,0.7954910235626383,-2.0215699891667063,[0.         0.         0.         0.         0.93303462 0.         0.         0.         0.         0.         0.         0.         0.         0.0111147  0.         0.         0.01120083 0.0111147  0.         0.         0.         0.         0.         0.         0.0111147  0.01130575 0.         0.0111147  0.         0.         0.        ],[0. 0. 0. 0. 1. 0. 0. 0. 0. 0. 0. 0. 0. 1. 0. 0. 1. 1. 0. 0. 0. 0. 0. 0. 1. 1. 0. 1. 0. 0. 0.],7.0,best,10000,100000,100,0.9,0.5,0.9,0.5,0.9,5,0.59,1,7,,problem_solving,10
2200,0.006595319246149118,0.095226,0.006274733142321322,0.588,0.7908289483564468,0.6502104044679788,[0.         0.         0.         0.         0.93303462 0.         0.         0.         0.         0.         0.         0.         0.         0.0111147  0.         0.         0.01120083 0.0111147  0.         0.         0.         0.         0.         0.         0.0111147  0.01130575 0.         0.0111147  0.         0.         0.        ],[0. 0. 0. 0. 1. 0. 0. 0. 0. 0. 0. 0. 0. 1. 0. 0. 1. 1. 0. 0. 0. 0. 0. 0. 1. 1. 0. 1. 0. 0. 0.],7.0,best,10000,100000,100,0.9,0.5,0.9,0.5,0.9,5,0.59,1,7,,problem_solving,10
2300,0.006595319246149118,0.095226,0.006274733142321322,0.592,0.7861941958284306,-4.234053265834173,[0.         0.         0.         0.         0.93303462 0.         0.         0.         0.         0.         0.         0.         0.         0.0111147  0.         0.         0.01120083 0.0111147  0.         0.         0.         0.         0.         0.         0.0111147  0.01130575 0.         0.0111147  0.         0.         0.        ],[0. 0. 0. 0. 1. 0. 0. 0. 0. 0. 0. 0. 0. 1. 0. 0. 1. 1. 0. 0. 0. 0. 0. 0. 1. 1. 0. 1. 0. 0. 0.],7.0,best,10000,100000,100,0.9,0.5,0.9,0.5,0.9,5,0.59,1,7,,problem_solving,10
2400,0.006595319246149118,0.095226,0.006274733142321322,0.596,0.7815866058505976,-1.8795945712640556,[0.         0.         0.         0.         0.93303462 0.         0.         0.         0.         0.         0.         0.         0.         0.0111147  0.         0.         0.01120083 0.0111147  0.         0.         0.         0.         0.         0.         0.0111147  0.01130575 0.         0.0111147  0.         0.         0.        ],[0. 0. 0. 0. 1. 0. 0. 0. 0. 0. 0. 0. 0. 1. 0. 0. 1. 1. 0. 0. 0. 0. 0. 0. 1. 1. 0. 1. 0. 0. 0.],7.0,best,10000,100000,100,0.9,0.5,0.9,0.5,0.9,5,0.59,1,7,,problem_solving,10
2500,0.006595319246149118,0.095226,0.006274733142321322,0.6,0.7770060192334055,-9.049086158068013,[0.         0.         0.         0.         0.93303462 0.         0.         0.         0.         0.         0.         0.         0.         0.0111147  0.         0.         0.01120083 0.0111147  0.         0.         0.         0.         0.         0.         0.0111147  0.01130575 0.         0.0111147  0.         0.         0.        ],[0. 0. 0. 0. 1. 0. 0. 0. 0. 0. 0. 0. 0. 1. 0. 0. 1. 1. 0. 0. 0. 0. 0. 0. 1. 1. 0. 1. 0. 0. 0.],7.0,best,10000,100000,100,0.9,0.5,0.9,0.5,0.9,5,0.59,1,7,,problem_solving,10
2600,0.006595319246149118,0.095226,0.006274733142321322,0.604,0.7724522777202627,-3.638393961288366,[0.         0.         0.         0.         0.93303462 0.         0.         0.         0.         0.         0.         0.         0.         0.0111147  0.         0.         0.01120083 0.0111147  0.         0.         0.         0.         0.         0.         0.0111147  0.01130575 0.         0.0111147  0.         0.         0.        ],[0. 0. 0. 0. 1. 0. 0. 0. 0. 0. 0. 0. 0. 1. 0. 0. 1. 1. 0. 0. 0. 0. 0. 0. 1. 1. 0. 1. 0. 0. 0.],7.0,best,10000,100000,100,0.9,0.5,0.9,0.5,0.9,5,0.59,1,7,,problem_solving,10
2700,0.006595319246149118,0.095226,0.006274733142321322,0.608,0.7679252239820602,-4.493926854257987,[0.         0.         0.         0.         0.93303462 0.         0.         0.         0.         0.         0.         0.         0.         0.0111147  0.         0.         0.01120083 0.0111147  0.         0.         0.         0.         0.         0.         0.0111147  0.01130575 0.         0.0111147  0.         0.         0.        ],[0. 0. 0. 0. 1. 0. 0. 0. 0. 0. 0. 0. 0. 1. 0. 0. 1. 1. 0. 0. 0. 0. 0. 0. 1. 1. 0. 1. 0. 0. 0.],7.0,best,10000,100000,100,0.9,0.5,0.9,0.5,0.9,5,0.59,1,7,,problem_solving,10
2800,0.006595319246149118,0.095226,0.006274733142321322,0.612,0.7634247016117359,-3.0908572803412184,[0.         0.         0.         0.         0.93303462 0.         0.         0.         0.         0.         0.         0.         0.         0.0111147  0.         0.         0.01120083 0.0111147  0.         0.         0.         0.         0.         0.         0.0111147  0.01130575 0.         0.0111147  0.         0.         0.        ],[0. 0. 0. 0. 1. 0. 0. 0. 0. 0. 0. 0. 0. 1. 0. 0. 1. 1. 0. 0. 0. 0. 0. 0. 1. 1. 0. 1. 0. 0. 0.],7.0,best,10000,100000,100,0.9,0.5,0.9,0.5,0.9,5,0.59,1,7,,problem_solving,10
2900,0.006595319246149118,0.095226,0.006274733142321322,0.616,0.758950555118871,5.16389491909649,[0.         0.         0.         0.         0.93303462 0.         0.         0.         0.         0.         0.         0.         0.         0.0111147  0.         0.         0.01120083 0.0111147  0.         0.         0.         0.         0.         0.         0.0111147  0.01130575 0.         0.0111147  0.         0.         0.        ],[0. 0. 0. 0. 1. 0. 0. 0. 0. 0. 0. 0. 0. 1. 0. 0. 1. 1. 0. 0. 0. 0. 0. 0. 1. 1. 0. 1. 0. 0. 0.],7.0,best,10000,100000,100,0.9,0.5,0.9,0.5,0.9,5,0.59,1,7,,problem_solving,10
3000,0.006595319246149118,0.095226,0.006274733142321322,0.62,0.754502629924318,-1.6676840008668101,[0.         0.         0.         0.         0.93303462 0.         0.         0.         0.         0.         0.         0.         0.         0.0111147  0.         0.         0.01120083 0.0111147  0.         0.         0.         0.         0.         0.         0.0111147  0.01130575 0.         0.0111147  0.         0.         0.        ],[0. 0. 0. 0. 1. 0. 0. 0. 0. 0. 0. 0. 0. 1. 0. 0. 1. 1. 0. 0. 0. 0. 0. 0. 1. 1. 0. 1. 0. 0. 0.],7.0,best,10000,100000,100,0.9,0.5,0.9,0.5,0.9,5,0.59,1,7,,problem_solving,10
3100,0.006595319246149118,0.095226,0.006274733142321322,0.624,0.7500807723548599,-5.170254793122383,[0.         0.         0.         0.         0.93303462 0.         0.         0.         0.         0.         0.         0.         0.         0.0111147  0.         0.         0.01120083 0.0111147  0.         0.         0.         0.         0.         0.         0.0111147  0.01130575 0.         0.0111147  0.         0.         0.        ],[0. 0. 0. 0. 1. 0. 0. 0. 0. 0. 0. 0. 0. 1. 0. 0. 1. 1. 0. 0. 0. 0. 0. 0. 1. 1. 0. 1. 0. 0. 0.],7.0,best,10000,100000,100,0.9,0.5,0.9,0.5,0.9,5,0.59,1,7,,problem_solving,10
3200,0.006595319246149118,0.095226,0.006274733142321322,0.628,0.7456848296379007,1.4341605846836625,[0.         0.         0.         0.         0.93303462 0.         0.         0.         0.         0.         0.         0.         0.         0.0111147  0.         0.         0.01120083 0.0111147  0.         0.         0.         0.         0.         0.         0.0111147  0.01130575 0.         0.0111147  0.         0.         0.        ],[0. 0. 0. 0. 1. 0. 0. 0. 0. 0. 0. 0. 0. 1. 0. 0. 1. 1. 0. 0. 0. 0. 0. 0. 1. 1. 0. 1. 0. 0. 0.],7.0,best,10000,100000,100,0.9,0.5,0.9,0.5,0.9,5,0.59,1,7,,problem_solving,10
3300,0.006595319246149118,0.095226,0.006274733142321322,0.632,0.7413146498961878,-7.073964330120329,[0.         0.         0.         0.         0.93303462 0.         0.         0.         0.         0.         0.         0.         0.         0.0111147  0.         0.         0.01120083 0.0111147  0.         0.         0.         0.         0.         0.         0.0111147  0.01130575 0.         0.0111147  0.         0.         0.        ],[0. 0. 0. 0. 1. 0. 0. 0. 0. 0. 0. 0. 0. 1. 0. 0. 1. 1. 0. 0. 0. 0. 0. 0. 1. 1. 0. 1. 0. 0. 0.],7.0,best,10000,100000,100,0.9,0.5,0.9,0.5,0.9,5,0.59,1,7,,problem_solving,10
3400,0.006595319246149118,0.095226,0.006274733142321322,0.636,0.7369700821425638,-3.1496789121183424,[0.         0.         0.         0.         0.93303462 0.         0.         0.         0.         0.         0.         0.         0.         0.0111147  0.         0.         0.01120083 0.0111147  0.         0.         0.         0.         0.         0.         0.0111147  0.01130575 0.         0.0111147  0.         0.         0.        ],[0. 0. 0. 0. 1. 0. 0. 0. 0. 0. 0. 0. 0. 1. 0. 0. 1. 1. 0. 0. 0. 0. 0. 0. 1. 1. 0. 1. 0. 0. 0.],7.0,best,10000,100000,100,0.9,0.5,0.9,0.5,0.9,5,0.59,1,7,,problem_solving,10
3500,0.006595319246149118,0.095226,0.006274733142321322,0.64,0.7326509762747511,-1.690911874428687,[0.         0.         0.         0.         0.93303462 0.         0.         0.         0.         0.         0.         0.         0.         0.0111147  0.         0.         0.01120083 0.0111147  0.         0.         0.         0.         0.         0.         0.0111147  0.01130575 0.         0.0111147  0.         0.         0.        ],[0. 0. 0. 0. 1. 0. 0. 0. 0. 0. 0. 0. 0. 1. 0. 0. 1. 1. 0. 0. 0. 0. 0. 0. 1. 1. 0. 1. 0. 0. 0.],7.0,best,10000,100000,100,0.9,0.5,0.9,0.5,0.9,5,0.59,1,7,,problem_solving,10
3600,0.006595319246149118,0.095226,0.006274733142321322,0.644,0.7283571830701648,0.07954616247297627,[0.         0.         0.         0.         0.93303462 0.         0.         0.         0.         0.         0.         0.         0.         0.0111147  0.         0.         0.01120083 0.0111147  0.         0.         0.         0.         0.         0.         0.0111147  0.01130575 0.         0.0111147  0.         0.         0.        ],[0. 0. 0. 0. 1. 0. 0. 0. 0. 0. 0. 0. 0. 1. 0. 0. 1. 1. 0. 0. 0. 0. 0. 0. 1. 1. 0. 1. 0. 0. 0.],7.0,best,10000,100000,100,0.9,0.5,0.9,0.5,0.9,5,0.59,1,7,,problem_solving,10
3700,0.006595319246149118,0.095226,0.006274733142321322,0.648,0.7240885541807586,0.7506159609265299,[0.         0.         0.         0.         0.93303462 0.         0.         0.         0.         0.         0.         0.         0.         0.0111147  0.         0.         0.01120083 0.0111147  0.         0.         0.         0.         0.         0.         0.0111147  0.01130575 0.         0.0111147  0.         0.         0.        ],[0. 0. 0. 0. 1. 0. 0. 0. 0. 0. 0. 0. 0. 1. 0. 0. 1. 1. 0. 0. 0. 0. 0. 0. 1. 1. 0. 1. 0. 0. 0.],7.0,best,10000,100000,100,0.9,0.5,0.9,0.5,0.9,5,0.59,1,7,,problem_solving,10
3800,0.006595319246149118,0.095226,0.006274733142321322,0.652,0.7198449421278975,0.2666445275558366,[0.         0.         0.         0.         0.93303462 0.         0.         0.         0.         0.         0.         0.         0.         0.0111147  0.         0.         0.01120083 0.0111147  0.         0.         0.         0.         0.         0.         0.0111147  0.01130575 0.         0.0111147  0.         0.         0.        ],[0. 0. 0. 0. 1. 0. 0. 0. 0. 0. 0. 0. 0. 1. 0. 0. 1. 1. 0. 0. 0. 0. 0. 0. 1. 1. 0. 1. 0. 0. 0.],7.0,best,10000,100000,100,0.9,0.5,0.9,0.5,0.9,5,0.59,1,7,,problem_solving,10
3900,0.006595319246149118,0.095226,0.006274733142321322,0.656,0.7156262002972644,-1.305974185020723,[0.         0.         0.         0.         0.93303462 0.         0.         0.         0.         0.         0.         0.         0.         0.0111147  0.         0.         0.01120083 0.0111147  0.         0.         0.         0.         0.         0.         0.0111147  0.01130575 0.         0.0111147  0.         0.         0.        ],[0. 0. 0. 0. 1. 0. 0. 0. 0. 0. 0. 0. 0. 1. 0. 0. 1. 1. 0. 0. 0. 0. 0. 0. 1. 1. 0. 1. 0. 0. 0.],7.0,best,10000,100000,100,0.9,0.5,0.9,0.5,0.9,5,0.59,1,7,,problem_solving,10
4000,0.006595319246149118,0.095226,0.006274733142321322,0.66,0.7114321829337936,4.968480627984841,[0.         0.         0.         0.         0.93303462 0.         0.         0.         0.         0.         0.         0.         0.         0.0111147  0.         0.         0.01120083 0.0111147  0.         0.         0.         0.         0.         0.         0.0111147  0.01130575 0.         0.0111147  0.         0.         0.        ],[0. 0. 0. 0. 1. 0. 0. 0. 0. 0. 0. 0. 0. 1. 0. 0. 1. 1. 0. 0. 0. 0. 0. 0. 1. 1. 0. 1. 0. 0. 0.],7.0,best,10000,100000,100,0.9,0.5,0.9,0.5,0.9,5,0.59,1,7,,problem_solving,10
4100,0.006595319246149118,0.095226,0.006274733142321322,0.664,0.707262745136635,-1.4030687001245237,[0.         0.         0.         0.         0.93303462 0.         0.         0.         0.         0.         0.         0.         0.         0.0111147  0.         0.         0.01120083 0.0111147  0.         0.         0.         0.         0.         0.         0.0111147  0.01130575 0.         0.0111147  0.         0.         0.        ],[0. 0. 0. 0. 1. 0. 0. 0. 0. 0. 0. 0. 0. 1. 0. 0. 1. 1. 0. 0. 0. 0. 0. 0. 1. 1. 0. 1. 0. 0. 0.],7.0,best,10000,100000,100,0.9,0.5,0.9,0.5,0.9,5,0.59,1,7,,problem_solving,10
4200,0.006595319246149118,0.095226,0.006274733142321322,0.668,0.7031177428541489,1.778387952934545,[0.         0.         0.         0.         0.93303462 0.         0.         0.         0.         0.         0.         0.         0.         0.0111147  0.         0.         0.01120083 0.0111147  0.         0.         0.         0.         0.         0.         0.0111147  0.01130575 0.         0.0111147  0.         0.         0.        ],[0. 0. 0. 0. 1. 0. 0. 0. 0. 0. 0. 0. 0. 1. 0. 0. 1. 1. 0. 0. 0. 0. 0. 0. 1. 1. 0. 1. 0. 0. 0.],7.0,best,10000,100000,100,0.9,0.5,0.9,0.5,0.9,5,0.59,1,7,,problem_solving,10
4300,0.006595319246149118,0.095226,0.006274733142321322,0.672,0.6989970328789274,-0.8813497972280878,[0.         0.         0.         0.         0.93303462 0.         0.         0.         0.         0.         0.         0.         0.         0.0111147  0.         0.         0.01120083 0.0111147  0.         0.         0.         0.         0.         0.         0.0111147  0.01130575 0.         0.0111147  0.         0.         0.        ],[0. 0. 0. 0. 1. 0. 0. 0. 0. 0. 0. 0. 0. 1. 0. 0. 1. 1. 0. 0. 0. 0. 0. 0. 1. 1. 0. 1. 0. 0. 0.],7.0,best,10000,100000,100,0.9,0.5,0.9,0.5,0.9,5,0.59,1,7,,problem_solving,10
4400,0.006595319246149118,0.095226,0.006274733142321322,0.676,0.6949004728428485,4.60942906804558,[0.         0.         0.         0.         0.93303462 0.         0.         0.         0.         0.         0.         0.         0.         0.0111147  0.         0.         0.01120083 0.0111147  0.         0.         0.         0.         0.         0.         0.0111147  0.01130575 0.         0.0111147  0.         0.         0.        ],[0. 0. 0. 0. 1. 0. 0. 0. 0. 0. 0. 0. 0. 1. 0. 0. 1. 1. 0. 0. 0. 0. 0. 0. 1. 1. 0. 1. 0. 0. 0.],7.0,best,10000,100000,100,0.9,0.5,0.9,0.5,0.9,5,0.59,1,7,,problem_solving,10
4500,0.006595319246149118,0.095226,0.006274733142321322,0.68,0.6908279212121557,0.042396836376152505,[0.         0.         0.         0.         0.93303462 0.         0.         0.         0.         0.         0.         0.         0.         0.0111147  0.         0.         0.01120083 0.0111147  0.         0.         0.         0.         0.         0.         0.0111147  0.01130575 0.         0.0111147  0.         0.         0.        ],[0. 0. 0. 0. 1. 0. 0. 0. 0. 0. 0. 0. 0. 1. 0. 0. 1. 1. 0. 0. 0. 0. 0. 0. 1. 1. 0. 1. 0. 0. 0.],7.0,best,10000,100000,100,0.9,0.5,0.9,0.5,0.9,5,0.59,1,7,,problem_solving,10
4600,0.006595319246149118,0.095226,0.006274733142321322,0.684,0.6867792372825697,-2.8842184996036124,[0.         0.         0.         0.         0.93303462 0.         0.         0.         0.         0.         0.         0.         0.         0.0111147  0.         0.         0.01120083 0.0111147  0.         0.         0.         0.         0.         0.         0.0111147  0.01130575 0.         0.0111147  0.         0.         0.        ],[0. 0. 0. 0. 1. 0. 0. 0. 0. 0. 0. 0. 0. 1. 0. 0. 1. 1. 0. 0. 0. 0. 0. 0. 1. 1. 0. 1. 0. 0. 0.],7.0,best,10000,100000,100,0.9,0.5,0.9,0.5,0.9,5,0.59,1,7,,problem_solving,10
4700,0.006595319246149118,0.095226,0.006274733142321322,0.6880000000000001,0.6827542811744257,-0.00476504546365285,[0.         0.         0.         0.         0.93303462 0.         0.         0.         0.         0.         0.         0.         0.         0.0111147  0.         0.         0.01120083 0.0111147  0.         0.         0.         0.         0.         0.         0.0111147  0.01130575 0.         0.0111147  0.         0.         0.        ],[0. 0. 0. 0. 1. 0. 0. 0. 0. 0. 0. 0. 0. 1. 0. 0. 1. 1. 0. 0. 0. 0. 0. 0. 1. 1. 0. 1. 0. 0. 0.],7.0,best,10000,100000,100,0.9,0.5,0.9,0.5,0.9,5,0.59,1,7,,problem_solving,10
4800,0.006595319246149118,0.095226,0.006274733142321322,0.692,0.6787529138278414,-0.8016805230475229,[0.         0.         0.         0.         0.93303462 0.         0.         0.         0.         0.         0.         0.         0.         0.0111147  0.         0.         0.01120083 0.0111147  0.         0.         0.         0.         0.         0.         0.0111147  0.01130575 0.         0.0111147  0.         0.         0.        ],[0. 0. 0. 0. 1. 0. 0. 0. 0. 0. 0. 0. 0. 1. 0. 0. 1. 1. 0. 0. 0. 0. 0. 0. 1. 1. 0. 1. 0. 0. 0.],7.0,best,10000,100000,100,0.9,0.5,0.9,0.5,0.9,5,0.59,1,7,,problem_solving,10
4900,0.006595319246149118,0.095226,0.006274733142321322,0.696,0.6747749969979128,2.802173586117796,[0.         0.         0.         0.         0.93303462 0.         0.         0.         0.         0.         0.         0.         0.         0.0111147  0.         0.         0.01120083 0.0111147  0.         0.         0.         0.         0.         0.         0.0111147  0.01130575 0.         0.0111147  0.         0.         0.        ],[0. 0. 0. 0. 1. 0. 0. 0. 0. 0. 0. 0. 0. 1. 0. 0. 1. 1. 0. 0. 0. 0. 0. 0. 1. 1. 0. 1. 0. 0. 0.],7.0,best,10000,100000,100,0.9,0.5,0.9,0.5,0.9,5,0.59,1,7,,problem_solving,10
5000,0.006595319246149118,0.095226,0.006274733142321322,0.7,0.6708203932499369,-3.725303631713135,[0.         0.         0.         0.         0.93303462 0.         0.         0.         0.         0.         0.         0.         0.         0.0111147  0.         0.         0.01120083 0.0111147  0.         0.         0.         0.         0.         0.         0.0111147  0.01130575 0.         0.0111147  0.         0.         0.        ],[0. 0. 0. 0. 1. 0. 0. 0. 0. 0. 0. 0. 0. 1. 0. 0. 1. 1. 0. 0. 0. 0. 0. 0. 1. 1. 0. 1. 0. 0. 0.],7.0,best,10000,100000,100,0.9,0.5,0.9,0.5,0.9,5,0.59,1,7,,problem_solving,10
5100,0.006595319246149118,0.095226,0.006274733142321322,0.704,0.6668889659546647,-1.2688499549877217,[0.         0.         0.         0.         0.93303462 0.         0.         0.         0.         0.         0.         0.         0.         0.0111147  0.         0.         0.01120083 0.0111147  0.         0.         0.         0.         0.         0.         0.0111147  0.01130575 0.         0.0111147  0.         0.         0.        ],[0. 0. 0. 0. 1. 0. 0. 0. 0. 0. 0. 0. 0. 1. 0. 0. 1. 1. 0. 0. 0. 0. 0. 0. 1. 1. 0. 1. 0. 0. 0.],7.0,best,10000,100000,100,0.9,0.5,0.9,0.5,0.9,5,0.59,1,7,,problem_solving,10
5200,0.006595319246149118,0.095226,0.006274733142321322,0.708,0.6629805792835798,1.323562570399399,[0.         0.         0.         0.         0.93303462 0.         0.         0.         0.         0.         0.         0.         0.         0.0111147  0.         0.         0.01120083 0.0111147  0.         0.         0.         0.         0.         0.         0.0111147  0.01130575 0.         0.0111147  0.         0.         0.        ],[0. 0. 0. 0. 1. 0. 0. 0. 0. 0. 0. 0. 0. 1. 0. 0. 1. 1. 0. 0. 0. 0. 0. 0. 1. 1. 0. 1. 0. 0. 0.],7.0,best,10000,100000,100,0.9,0.5,0.9,0.5,0.9,5,0.59,1,7,,problem_solving,10
5300,0.006206085924303661,0.117843,0.004987288581338489,0.712,0.6590950982042058,-0.9030960336668027,[0.01126811 0.         0.         0.         0.93282544 0.         0.         0.         0.         0.         0.         0.         0.         0.         0.01114325 0.01123835 0.         0.         0.         0.         0.         0.         0.         0.01114325 0.         0.01114325 0.         0.01123835 0.         0.         0.        ],[1. 0. 0. 0. 1. 0. 0. 0. 0. 0. 0. 0. 0. 0. 1. 1. 0. 0. 0. 0. 0. 0. 0. 1. 0. 1. 0. 1. 0. 0. 0.],7.0,best,10000,100000,100,0.9,0.5,0.9,0.5,0.9,5,0.59,1,7,,problem_solving,10
5400,0.006206085924303661,0.117843,0.004987288581338489,0.716,0.6552323884754414,2.8424727026729637,[0.01126811 0.         0.         0.         0.93282544 0.         0.         0.         0.         0.         0.         0.         0.         0.         0.01114325 0.01123835 0.         0.         0.         0.         0.         0.         0.         0.01114325 0.         0.01114325 0.         0.01123835 0.         0.         0.        ],[1. 0. 0. 0. 1. 0. 0. 0. 0. 0. 0. 0. 0. 0. 1. 1. 0. 0. 0. 0. 0. 0. 0. 1. 0. 1. 0. 1. 0. 0. 0.],7.0,best,10000,100000,100,0.9,0.5,0.9,0.5,0.9,5,0.59,1,7,,problem_solving,10
5500,0.006206085924303661,0.117843,0.004987288581338489,0.72,0.651392316642922,-0.1759521353585617,[0.01126811 0.         0.         0.         0.93282544 0.         0.         0.         0.         0.         0.         0.         0.         0.         0.01114325 0.01123835 0.         0.         0.         0.         0.         0.         0.         0.01114325 0.         0.01114325 0.         0.01123835 0.         0.         0.        ],[1. 0. 0. 0. 1. 0. 0. 0. 0. 0. 0. 0. 0. 0. 1. 1. 0. 0. 0. 0. 0. 0. 0. 1. 0. 1. 0. 1. 0. 0. 0.],7.0,best,10000,100000,100,0.9,0.5,0.9,0.5,0.9,5,0.59,1,7,,problem_solving,10
5600,0.005842638807811247,0.118944,0.004978247338384494,0.724,0.6475747500344088,-0.5753747204598642,[0.         0.         0.         0.         0.92741376 0.         0.         0.         0.         0.01303408 0.01152991 0.         0.         0.         0.         0.         0.01283304 0.         0.         0.         0.         0.01131777 0.         0.         0.         0.01131777 0.         0.01255368 0.         0.         0.        ],[0. 0. 0. 0. 1. 0. 0. 0. 0. 1. 1. 0. 0. 0. 0. 0. 1. 0. 0. 0. 0. 1. 0. 0. 0. 1. 0. 1. 0. 0. 0.],7.0,best,10000,100000,100,0.9,0.5,0.9,0.5,0.9,5,0.59,1,7,,problem_solving,10
5700,0.005842638807811247,0.118944,0.004978247338384494,0.728,0.643779556755206,-3.0104088400592652,[0.         0.         0.         0.         0.92741376 0.         0.         0.         0.         0.01303408 0.01152991 0.         0.         0.         0.         0.         0.01283304 0.         0.         0.         0.         0.01131777 0.         0.         0.         0.01131777 0.         0.01255368 0.         0.         0.        ],[0. 0. 0. 0. 1. 0. 0. 0. 0. 1. 1. 0. 0. 0. 0. 0. 1. 0. 0. 0. 0. 1. 0. 0. 0. 1. 0. 1. 0. 0. 0.],7.0,best,10000,100000,100,0.9,0.5,0.9,0.5,0.9,5,0.59,1,7,,problem_solving,10
5800,0.005842638807811247,0.118944,0.004978247338384494,0.732,0.6400066056836028,-4.897166722836141,[0.         0.         0.         0.         0.92741376 0.         0.         0.         0.         0.01303408 0.01152991 0.         0.         0.         0.         0.         0.01283304 0.         0.         0.         0.         0.01131777 0.         0.         0.         0.01131777 0.         0.01255368 0.         0.         0.        ],[0. 0. 0. 0. 1. 0. 0. 0. 0. 1. 1. 0. 0. 0. 0. 0. 1. 0. 0. 0. 0. 1. 0. 0. 0. 1. 0. 1. 0. 0. 0.],7.0,best,10000,100000,100,0.9,0.5,0.9,0.5,0.9,5,0.59,1,7,,problem_solving,10
5900,0.005842638807811247,0.118944,0.004978247338384494,0.736,0.6362557664663436,1.633041794445908,[0.         0.         0.         0.         0.92741376 0.         0.         0.         0.         0.01303408 0.01152991 0.         0.         0.         0.         0.         0.01283304 0.         0.         0.         0.         0.01131777 0.         0.         0.         0.01131777 0.         0.01255368 0.         0.         0.        ],[0. 0. 0. 0. 1. 0. 0. 0. 0. 1. 1. 0. 0. 0. 0. 0. 1. 0. 0. 0. 0. 1. 0. 0. 0. 1. 0. 1. 0. 0. 0.],7.0,best,10000,100000,100,0.9,0.5,0.9,0.5,0.9,5,0.59,1,7,,problem_solving,10
6000,0.005842638807811247,0.118944,0.004978247338384494,0.74,0.6325269095141249,2.1843557085124674,[0.         0.         0.         0.         0.92741376 0.         0.         0.         0.         0.01303408 0.01152991 0.         0.         0.         0.         0.         0.01283304 0.         0.         0.         0.         0.01131777 0.         0.         0.         0.01131777 0.         0.01255368 0.         0.         0.        ],[0. 0. 0. 0. 1. 0. 0. 0. 0. 1. 1. 0. 0. 0. 0. 0. 1. 0. 0. 0. 0. 1. 0. 0. 0. 1. 0. 1. 0. 0. 0.],7.0,best,10000,100000,100,0.9,0.5,0.9,0.5,0.9,5,0.59,1,7,,problem_solving,10
6100,0.005842638807811247,0.118944,0.004978247338384494,0.744,0.6288199059971172,0.081998632797154,[0.         0.         0.         0.         0.92741376 0.         0.         0.         0.         0.01303408 0.01152991 0.         0.         0.         0.         0.         0.01283304 0.         0.         0.         0.         0.01131777 0.         0.         0.         0.01131777 0.         0.01255368 0.         0.         0.        ],[0. 0. 0. 0. 1. 0. 0. 0. 0. 1. 1. 0. 0. 0. 0. 0. 1. 0. 0. 0. 0. 1. 0. 0. 0. 1. 0. 1. 0. 0. 0.],7.0,best,10000,100000,100,0.9,0.5,0.9,0.5,0.9,5,0.59,1,7,,problem_solving,10
6200,0.005842638807811247,0.118944,0.004978247338384494,0.748,0.6251346278405147,-0.8336943981301254,[0.         0.         0.         0.         0.92741376 0.         0.         0.         0.         0.01303408 0.01152991 0.         0.         0.         0.         0.         0.01283304 0.         0.         0.         0.         0.01131777 0.         0.         0.         0.01131777 0.         0.01255368 0.         0.         0.        ],[0. 0. 0. 0. 1. 0. 0. 0. 0. 1. 1. 0. 0. 0. 0. 0. 1. 0. 0. 0. 0. 1. 0. 0. 0. 1. 0. 1. 0. 0. 0.],7.0,best,10000,100000,100,0.9,0.5,0.9,0.5,0.9,5,0.59,1,7,,problem_solving,10
6300,0.005842638807811247,0.118944,0.004978247338384494,0.752,0.6214709477201097,1.0008575541578284,[0.         0.         0.         0.         0.92741376 0.         0.         0.         0.         0.01303408 0.01152991 0.         0.         0.         0.         0.         0.01283304 0.         0.         0.         0.         0.01131777 0.         0.         0.         0.01131777 0.         0.01255368 0.         0.         0.        ],[0. 0. 0. 0. 1. 0. 0. 0. 0. 1. 1. 0. 0. 0. 0. 0. 1. 0. 0. 0. 0. 1. 0. 0. 0. 1. 0. 1. 0. 0. 0.],7.0,best,10000,100000,100,0.9,0.5,0.9,0.5,0.9,5,0.59,1,7,,problem_solving,10
6400,0.005842638807811247,0.118944,0.004978247338384494,0.756,0.6178287390578946,1.1714066209622158,[0.         0.         0.         0.         0.92741376 0.         0.         0.         0.         0.01303408 0.01152991 0.         0.         0.         0.         0.         0.01283304 0.         0.         0.         0.         0.01131777 0.         0.         0.         0.01131777 0.         0.01255368 0.         0.         0.        ],[0. 0. 0. 0. 1. 0. 0. 0. 0. 1. 1. 0. 0. 0. 0. 0. 1. 0. 0. 0. 0. 1. 0. 0. 0. 1. 0. 1. 0. 0. 0.],7.0,best,10000,100000,100,0.9,0.5,0.9,0.5,0.9,5,0.59,1,7,,problem_solving,10
6500,0.005842638807811247,0.118944,0.004978247338384494,0.76,0.6142078760176876,1.316419965206253,[0.         0.         0.         0.         0.92741376 0.         0.         0.         0.         0.01303408 0.01152991 0.         0.         0.         0.         0.         0.01283304 0.         0.         0.         0.         0.01131777 0.         0.         0.         0.01131777 0.         0.01255368 0.         0.         0.        ],[0. 0. 0. 0. 1. 0. 0. 0. 0. 1. 1. 0. 0. 0. 0. 0. 1. 0. 0. 0. 0. 1. 0. 0. 0. 1. 0. 1. 0. 0. 0.],7.0,best,10000,100000,100,0.9,0.5,0.9,0.5,0.9,5,0.59,1,7,,problem_solving,10
6600,0.005842638807811247,0.118944,0.004978247338384494,0.764,0.6106082335007861,0.9412484404557199,[0.         0.         0.         0.         0.92741376 0.         0.         0.         0.         0.01303408 0.01152991 0.         0.         0.         0.         0.         0.01283304 0.         0.         0.         0.         0.01131777 0.         0.         0.         0.01131777 0.         0.01255368 0.         0.         0.        ],[0. 0. 0. 0. 1. 0. 0. 0. 0. 1. 1. 0. 0. 0. 0. 0. 1. 0. 0. 0. 0. 1. 0. 0. 0. 1. 0. 1. 0. 0. 0.],7.0,best,10000,100000,100,0.9,0.5,0.9,0.5,0.9,5,0.59,1,7,,problem_solving,10
6700,0.005842638807811247,0.118944,0.004978247338384494,0.768,0.6070296871416437,0.5578341079756971,[0.         0.         0.         0.         0.92741376 0.         0.         0.         0.         0.01303408 0.01152991 0.         0.         0.         0.         0.         0.01283304 0.         0.         0.         0.         0.01131777 0.         0.         0.         0.01131777 0.         0.01255368 0.         0.         0.        ],[0. 0. 0. 0. 1. 0. 0. 0. 0. 1. 1. 0. 0. 0. 0. 0. 1. 0. 0. 0. 0. 1. 0. 0. 0. 1. 0. 1. 0. 0. 0.],7.0,best,10000,100000,100,0.9,0.5,0.9,0.5,0.9,5,0.59,1,7,,problem_solving,10
6800,0.005842638807811247,0.118944,0.004978247338384494,0.772,0.6034721133035746,4.126280521082127,[0.         0.         0.         0.         0.92741376 0.         0.         0.         0.         0.01303408 0.01152991 0.         0.         0.         0.         0.         0.01283304 0.         0.         0.         0.         0.01131777 0.         0.         0.         0.01131777 0.         0.01255368 0.         0.         0.        ],[0. 0. 0. 0. 1. 0. 0. 0. 0. 1. 1. 0. 0. 0. 0. 0. 1. 0. 0. 0. 0. 1. 0. 0. 0. 1. 0. 1. 0. 0. 0.],7.0,best,10000,100000,100,0.9,0.5,0.9,0.5,0.9,5,0.59,1,7,,problem_solving,10
6900,0.005842638807811247,0.118944,0.004978247338384494,0.776,0.5999353890744809,-2.3246520117541616,[0.         0.         0.         0.         0.92741376 0.         0.         0.         0.         0.01303408 0.01152991 0.         0.         0.         0.         0.         0.01283304 0.         0.         0.         0.         0.01131777 0.         0.         0.         0.01131777 0.         0.01255368 0.         0.         0.        ],[0. 0. 0. 0. 1. 0. 0. 0. 0. 1. 1. 0. 0. 0. 0. 0. 1. 0. 0. 0. 0. 1. 0. 0. 0. 1. 0. 1. 0. 0. 0.],7.0,best,10000,100000,100,0.9,0.5,0.9,0.5,0.9,5,0.59,1,7,,problem_solving,10
7000,0.005842638807811247,0.118944,0.004978247338384494,0.78,0.5964193922626064,-6.060275293228296,[0.         0.         0.         0.         0.92741376 0.         0.         0.         0.         0.01303408 0.01152991 0.         0.         0.         0.         0.         0.01283304 0.         0.         0.         0.         0.01131777 0.         0.         0.         0.01131777 0.         0.01255368 0.         0.         0.        ],[0. 0. 0. 0. 1. 0. 0. 0. 0. 1. 1. 0. 0. 0. 0. 0. 1. 0. 0. 0. 0. 1. 0. 0. 0. 1. 0. 1. 0. 0. 0.],7.0,best,10000,100000,100,0.9,0.5,0.9,0.5,0.9,5,0.59,1,7,,problem_solving,10
7100,0.005842638807811247,0.118944,0.004978247338384494,0.784,0.5929240013923155,4.216035548430206,[0.         0.         0.         0.         0.92741376 0.         0.         0.         0.         0.01303408 0.01152991 0.         0.         0.         0.         0.         0.01283304 0.         0.         0.         0.         0.01131777 0.         0.         0.         0.01131777 0.         0.01255368 0.         0.         0.        ],[0. 0. 0. 0. 1. 0. 0. 0. 0. 1. 1. 0. 0. 0. 0. 0. 1. 0. 0. 0. 0. 1. 0. 0. 0. 1. 0. 1. 0. 0. 0.],7.0,best,10000,100000,100,0.9,0.5,0.9,0.5,0.9,5,0.59,1,7,,problem_solving,10
7200,0.005842638807811247,0.118944,0.004978247338384494,0.788,0.5894490956998952,4.4368263882489485,[0.         0.         0.         0.         0.92741376 0.         0.         0.         0.         0.01303408 0.01152991 0.         0.         0.         0.         0.         0.01283304 0.         0.         0.         0.         0.01131777 0.         0.         0.         0.01131777 0.         0.01255368 0.         0.         0.        ],[0. 0. 0. 0. 1. 0. 0. 0. 0. 1. 1. 0. 0. 0. 0. 0. 1. 0. 0. 0. 0. 1. 0. 0. 0. 1. 0. 1. 0. 0. 0.],7.0,best,10000,100000,100,0.9,0.5,0.9,0.5,0.9,5,0.59,1,7,,problem_solving,10
7300,0.005842638807811247,0.118944,0.004978247338384494,0.792,0.5859945551293843,-0.6343949782705297,[0.         0.         0.         0.         0.92741376 0.         0.         0.         0.         0.01303408 0.01152991 0.         0.         0.         0.         0.         0.01283304 0.         0.         0.         0.         0.01131777 0.         0.         0.         0.01131777 0.         0.01255368 0.         0.         0.        ],[0. 0. 0. 0. 1. 0. 0. 0. 0. 1. 1. 0. 0. 0. 0. 0. 1. 0. 0. 0. 0. 1. 0. 0. 0. 1. 0. 1. 0. 0. 0.],7.0,best,10000,100000,100,0.9,0.5,0.9,0.5,0.9,5,0.59,1,7,,problem_solving,10
7400,0.005842638807811247,0.118944,0.004978247338384494,0.796,0.5825602603284237,-0.5545147181040262,[0.         0.         0.         0.         0.92741376 0.         0.         0.         0.         0.01303408 0.01152991 0.         0.         0.         0.         0.         0.01283304 0.         0.         0.         0.         0.01131777 0.         0.         0.         0.01131777 0.         0.01255368 0.         0.         0.        ],[0. 0. 0. 0. 1. 0. 0. 0. 0. 1. 1. 0. 0. 0. 0. 0. 1. 0. 0. 0. 0. 1. 0. 0. 0. 1. 0. 1. 0. 0. 0.],7.0,best,10000,100000,100,0.9,0.5,0.9,0.5,0.9,5,0.59,1,7,,problem_solving,10
7500,0.005842638807811247,0.118944,0.004978247338384494,0.8,0.5791460926441345,2.231997342127259,[0.         0.         0.         0.         0.92741376 0.         0.         0.         0.         0.01303408 0.01152991 0.         0.         0.         0.         0.         0.01283304 0.         0.         0.         0.         0.01131777 0.         0.         0.         0.01131777 0.         0.01255368 0.         0.         0.        ],[0. 0. 0. 0. 1. 0. 0. 0. 0. 1. 1. 0. 0. 0. 0. 0. 1. 0. 0. 0. 0. 1. 0. 0. 0. 1. 0. 1. 0. 0. 0.],7.0,best,10000,100000,100,0.9,0.5,0.9,0.5,0.9,5,0.59,1,7,,problem_solving,10
7600,0.005842638807811247,0.118944,0.004978247338384494,0.804,0.5757519341190179,0.07686881116576648,[0.         0.         0.         0.         0.92741376 0.         0.         0.         0.         0.01303408 0.01152991 0.         0.         0.         0.         0.         0.01283304 0.         0.         0.         0.         0.01131777 0.         0.         0.         0.01131777 0.         0.01255368 0.         0.         0.        ],[0. 0. 0. 0. 1. 0. 0. 0. 0. 1. 1. 0. 0. 0. 0. 0. 1. 0. 0. 0. 0. 1. 0. 0. 0. 1. 0. 1. 0. 0. 0.],7.0,best,10000,100000,100,0.9,0.5,0.9,0.5,0.9,5,0.59,1,7,,problem_solving,10
7700,0.005842638807811247,0.118944,0.004978247338384494,0.808,0.5723776674868795,-3.0794195073932777,[0.         0.         0.         0.         0.92741376 0.         0.         0.         0.         0.01303408 0.01152991 0.         0.         0.         0.         0.         0.01283304 0.         0.         0.         0.         0.01131777 0.         0.         0.         0.01131777 0.         0.01255368 0.         0.         0.        ],[0. 0. 0. 0. 1. 0. 0. 0. 0. 1. 1. 0. 0. 0. 0. 0. 1. 0. 0. 0. 0. 1. 0. 0. 0. 1. 0. 1. 0. 0. 0.],7.0,best,10000,100000,100,0.9,0.5,0.9,0.5,0.9,5,0.59,1,7,,problem_solving,10
7800,0.005842638807811247,0.118944,0.004978247338384494,0.812,0.5690231761687783,-2.392954490622916,[0.         0.         0.         0.         0.92741376 0.         0.         0.         0.         0.01303408 0.01152991 0.         0.         0.         0.         0.         0.01283304 0.         0.         0.         0.         0.01131777 0.         0.         0.         0.01131777 0.         0.01255368 0.         0.         0.        ],[0. 0. 0. 0. 1. 0. 0. 0. 0. 1. 1. 0. 0. 0. 0. 0. 1. 0. 0. 0. 0. 1. 0. 0. 0. 1. 0. 1. 0. 0. 0.],7.0,best,10000,100000,100,0.9,0.5,0.9,0.5,0.9,5,0.59,1,7,,problem_solving,10
7900,0.005842638807811247,0.118944,0.004978247338384494,0.8160000000000001,0.5656883442689989,-2.2238528974327374,[0.         0.         0.         0.         0.92741376 0.         0.         0.         0.         0.01303408 0.01152991 0.         0.         0.         0.         0.         0.01283304 0.         0.         0.         0.         0.01131777 0.         0.         0.         0.01131777 0.         0.01255368 0.         0.         0.        ],[0. 0. 0. 0. 1. 0. 0. 0. 0. 1. 1. 0. 0. 0. 0. 0. 1. 0. 0. 0. 0. 1. 0. 0. 0. 1. 0. 1. 0. 0. 0.],7.0,best,10000,100000,100,0.9,0.5,0.9,0.5,0.9,5,0.59,1,7,,problem_solving,10
8000,0.005842638807811247,0.118944,0.004978247338384494,0.8200000000000001,0.5623730565710474,-1.7564373460566711,[0.         0.         0.         0.         0.92741376 0.         0.         0.         0.         0.01303408 0.01152991 0.         0.         0.         0.         0.         0.01283304 0.         0.         0.         0.         0.01131777 0.         0.         0.         0.01131777 0.         0.01255368 0.         0.         0.        ],[0. 0. 0. 0. 1. 0. 0. 0. 0. 1. 1. 0. 0. 0. 0. 0. 1. 0. 0. 0. 0. 1. 0. 0. 0. 1. 0. 1. 0. 0. 0.],7.0,best,10000,100000,100,0.9,0.5,0.9,0.5,0.9,5,0.59,1,7,,problem_solving,10
8100,0.005842638807811247,0.118944,0.004978247338384494,0.8240000000000001,0.5590771985336705,-5.663838799629999,[0.         0.         0.         0.         0.92741376 0.         0.         0.         0.         0.01303408 0.01152991 0.         0.         0.         0.         0.         0.01283304 0.         0.         0.         0.         0.01131777 0.         0.         0.         0.01131777 0.         0.01255368 0.         0.         0.        ],[0. 0. 0. 0. 1. 0. 0. 0. 0. 1. 1. 0. 0. 0. 0. 0. 1. 0. 0. 0. 0. 1. 0. 0. 0. 1. 0. 1. 0. 0. 0.],7.0,best,10000,100000,100,0.9,0.5,0.9,0.5,0.9,5,0.59,1,7,,problem_solving,10
8200,0.005842638807811247,0.118944,0.004978247338384494,0.8280000000000001,0.5558006562868987,-1.2279462417102978,[0.         0.         0.         0.         0.92741376 0.         0.         0.         0.         0.01303408 0.01152991 0.         0.         0.         0.         0.         0.01283304 0.         0.         0.         0.         0.01131777 0.         0.         0.         0.01131777 0.         0.01255368 0.         0.         0.        ],[0. 0. 0. 0. 1. 0. 0. 0. 0. 1. 1. 0. 0. 0. 0. 0. 1. 0. 0. 0. 0. 1. 0. 0. 0. 1. 0. 1. 0. 0. 0.],7.0,best,10000,100000,100,0.9,0.5,0.9,0.5,0.9,5,0.59,1,7,,problem_solving,10
8300,0.005842638807811247,0.118944,0.004978247338384494,0.8320000000000001,0.5525433166281111,0.40870892815639376,[0.         0.         0.         0.         0.92741376 0.         0.         0.         0.         0.01303408 0.01152991 0.         0.         0.         0.         0.         0.01283304 0.         0.         0.         0.         0.01131777 0.         0.         0.         0.01131777 0.         0.01255368 0.         0.         0.        ],[0. 0. 0. 0. 1. 0. 0. 0. 0. 1. 1. 0. 0. 0. 0. 0. 1. 0. 0. 0. 0. 1. 0. 0. 0. 1. 0. 1. 0. 0. 0.],7.0,best,10000,100000,100,0.9,0.5,0.9,0.5,0.9,5,0.59,1,7,,problem_solving,10
8400,0.005842638807811247,0.118944,0.004978247338384494,0.8360000000000001,0.5493050670181255,1.1521351433053024,[0.         0.         0.         0.         0.92741376 0.         0.         0.         0.         0.01303408 0.01152991 0.         0.         0.         0.         0.         0.01283304 0.         0.         0.         0.         0.01131777 0.         0.         0.         0.01131777 0.         0.01255368 0.         0.         0.        ],[0. 0. 0. 0. 1. 0. 0. 0. 0. 1. 1. 0. 0. 0. 0. 0. 1. 0. 0. 0. 0. 1. 0. 0. 0. 1. 0. 1. 0. 0. 0.],7.0,best,10000,100000,100,0.9,0.5,0.9,0.5,0.9,5,0.59,1,7,,problem_solving,10
8500,0.005842638807811247,0.118944,0.004978247338384494,0.8400000000000001,0.5460857955773097,0.514600790998765,[0.         0.         0.         0.         0.92741376 0.         0.         0.         0.         0.01303408 0.01152991 0.         0.         0.         0.         0.         0.01283304 0.         0.         0.         0.         0.01131777 0.         0.         0.         0.01131777 0.         0.01255368 0.         0.         0.        ],[0. 0. 0. 0. 1. 0. 0. 0. 0. 1. 1. 0. 0. 0. 0. 0. 1. 0. 0. 0. 0. 1. 0. 0. 0. 1. 0. 1. 0. 0. 0.],7.0,best,10000,100000,100,0.9,0.5,0.9,0.5,0.9,5,0.59,1,7,,problem_solving,10
8600,0.005842638807811247,0.118944,0.004978247338384494,0.8440000000000001,0.542885391081716,-0.4840010818111938,[0.         0.         0.         0.         0.92741376 0.         0.         0.         0.         0.01303408 0.01152991 0.         0.         0.         0.         0.         0.01283304 0.         0.         0.         0.         0.01131777 0.         0.         0.         0.01131777 0.         0.01255368 0.         0.         0.        ],[0. 0. 0. 0. 1. 0. 0. 0. 0. 1. 1. 0. 0. 0. 0. 0. 1. 0. 0. 0. 0. 1. 0. 0. 0. 1. 0. 1. 0. 0. 0.],7.0,best,10000,100000,100,0.9,0.5,0.9,0.5,0.9,5,0.59,1,7,,problem_solving,10
8700,0.005842638807811247,0.118944,0.004978247338384494,0.8480000000000001,0.5397037429592386,-1.8690641682643494,[0.         0.         0.         0.         0.92741376 0.         0.         0.         0.         0.01303408 0.01152991 0.         0.         0.         0.         0.         0.01283304 0.         0.         0.         0.         0.01131777 0.         0.         0.         0.01131777 0.         0.01255368 0.         0.         0.        ],[0. 0. 0. 0. 1. 0. 0. 0. 0. 1. 1. 0. 0. 0. 0. 0. 1. 0. 0. 0. 0. 1. 0. 0. 0. 1. 0. 1. 0. 0. 0.],7.0,best,10000,100000,100,0.9,0.5,0.9,0.5,0.9,5,0.59,1,7,,problem_solving,10
8800,0.005842638807811247,0.118944,0.004978247338384494,0.8520000000000001,0.5365407412857937,-1.6570288960957618,[0.         0.         0.         0.         0.92741376 0.         0.         0.         0.         0.01303408 0.01152991 0.         0.         0.         0.         0.         0.01283304 0.         0.         0.         0.         0.01131777 0.         0.         0.         0.01131777 0.         0.01255368 0.         0.         0.        ],[0. 0. 0. 0. 1. 0. 0. 0. 0. 1. 1. 0. 0. 0. 0. 0. 1. 0. 0. 0. 0. 1. 0. 0. 0. 1. 0. 1. 0. 0. 0.],7.0,best,10000,100000,100,0.9,0.5,0.9,0.5,0.9,5,0.59,1,7,,problem_solving,10
8900,0.005842638807811247,0.118944,0.004978247338384494,0.8560000000000001,0.5333962767815211,1.9907921435120726,[0.         0.         0.         0.         0.92741376 0.         0.         0.         0.         0.01303408 0.01152991 0.         0.         0.         0.         0.         0.01283304 0.         0.         0.         0.         0.01131777 0.         0.         0.         0.01131777 0.         0.01255368 0.         0.         0.        ],[0. 0. 0. 0. 1. 0. 0. 0. 0. 1. 1. 0. 0. 0. 0. 0. 1. 0. 0. 0. 0. 1. 0. 0. 0. 1. 0. 1. 0. 0. 0.],7.0,best,10000,100000,100,0.9,0.5,0.9,0.5,0.9,5,0.59,1,7,,problem_solving,10
9000,0.005842638807811247,0.118944,0.004978247338384494,0.8600000000000001,0.5302702408070095,0.9249006775178846,[0.         0.         0.         0.         0.92741376 0.         0.         0.         0.         0.01303408 0.01152991 0.         0.         0.         0.         0.         0.01283304 0.         0.         0.         0.         0.01131777 0.         0.         0.         0.01131777 0.         0.01255368 0.         0.         0.        ],[0. 0. 0. 0. 1. 0. 0. 0. 0. 1. 1. 0. 0. 0. 0. 0. 1. 0. 0. 0. 0. 1. 0. 0. 0. 1. 0. 1. 0. 0. 0.],7.0,best,10000,100000,100,0.9,0.5,0.9,0.5,0.9,5,0.59,1,7,,problem_solving,10
9100,0.005842638807811247,0.118944,0.004978247338384494,0.8640000000000001,0.5271625253595416,-1.0106231613864887,[0.         0.         0.         0.         0.92741376 0.         0.         0.         0.         0.01303408 0.01152991 0.         0.         0.         0.         0.         0.01283304 0.         0.         0.         0.         0.01131777 0.         0.         0.         0.01131777 0.         0.01255368 0.         0.         0.        ],[0. 0. 0. 0. 1. 0. 0. 0. 0. 1. 1. 0. 0. 0. 0. 0. 1. 0. 0. 0. 0. 1. 0. 0. 0. 1. 0. 1. 0. 0. 0.],7.0,best,10000,100000,100,0.9,0.5,0.9,0.5,0.9,5,0.59,1,7,,problem_solving,10
9200,0.005842638807811247,0.118944,0.004978247338384494,0.8680000000000001,0.5240730230693647,0.9425968435281536,[0.         0.         0.         0.         0.92741376 0.         0.         0.         0.         0.01303408 0.01152991 0.         0.         0.         0.         0.         0.01283304 0.         0.         0.         0.         0.01131777 0.         0.         0.         0.01131777 0.         0.01255368 0.         0.         0.        ],[0. 0. 0. 0. 1. 0. 0. 0. 0. 1. 1. 0. 0. 0. 0. 0. 1. 0. 0. 0. 0. 1. 0. 0. 0. 1. 0. 1. 0. 0. 0.],7.0,best,10000,100000,100,0.9,0.5,0.9,0.5,0.9,5,0.59,1,7,,problem_solving,10
9300,0.005842638807811247,0.118944,0.004978247338384494,0.8720000000000001,0.5210016271959791,-1.049391605584443,[0.         0.         0.         0.         0.92741376 0.         0.         0.         0.         0.01303408 0.01152991 0.         0.         0.         0.         0.         0.01283304 0.         0.         0.         0.         0.01131777 0.         0.         0.         0.01131777 0.         0.01255368 0.         0.         0.        ],[0. 0. 0. 0. 1. 0. 0. 0. 0. 1. 1. 0. 0. 0. 0. 0. 1. 0. 0. 0. 0. 1. 0. 0. 0. 1. 0. 1. 0. 0. 0.],7.0,best,10000,100000,100,0.9,0.5,0.9,0.5,0.9,5,0.59,1,7,,problem_solving,10
9400,0.005842638807811247,0.118944,0.004978247338384494,0.8760000000000001,0.5179482316244518,-2.01429853460193,[0.         0.         0.         0.         0.92741376 0.         0.         0.         0.         0.01303408 0.01152991 0.         0.         0.         0.         0.         0.01283304 0.         0.         0.         0.         0.01131777 0.         0.         0.         0.01131777 0.         0.01255368 0.         0.         0.        ],[0. 0. 0. 0. 1. 0. 0. 0. 0. 1. 1. 0. 0. 0. 0. 0. 1. 0. 0. 0. 0. 1. 0. 0. 0. 1. 0. 1. 0. 0. 0.],7.0,best,10000,100000,100,0.9,0.5,0.9,0.5,0.9,5,0.59,1,7,,problem_solving,10
9500,0.005842638807811247,0.118944,0.004978247338384494,0.88,0.5149127308617497,-1.394926463946262,[0.         0.         0.         0.         0.92741376 0.         0.         0.         0.         0.01303408 0.01152991 0.         0.         0.         0.         0.         0.01283304 0.         0.         0.         0.         0.01131777 0.         0.         0.         0.01131777 0.         0.01255368 0.         0.         0.        ],[0. 0. 0. 0. 1. 0. 0. 0. 0. 1. 1. 0. 0. 0. 0. 0. 1. 0. 0. 0. 0. 1. 0. 0. 0. 1. 0. 1. 0. 0. 0.],7.0,best,10000,100000,100,0.9,0.5,0.9,0.5,0.9,5,0.59,1,7,,problem_solving,10
9600,0.005842638807811247,0.118944,0.004978247338384494,0.884,0.5118950200330946,0.9393188319586876,[0.         0.         0.         0.         0.92741376 0.         0.         0.         0.         0.01303408 0.01152991 0.         0.         0.         0.         0.         0.01283304 0.         0.         0.         0.         0.01131777 0.         0.         0.         0.01131777 0.         0.01255368 0.         0.         0.        ],[0. 0. 0. 0. 1. 0. 0. 0. 0. 1. 1. 0. 0. 0. 0. 0. 1. 0. 0. 0. 0. 1. 0. 0. 0. 1. 0. 1. 0. 0. 0.],7.0,best,10000,100000,100,0.9,0.5,0.9,0.5,0.9,5,0.59,1,7,,problem_solving,10
9700,0.005842638807811247,0.118944,0.004978247338384494,0.888,0.5088949948783402,1.4727426298669204,[0.         0.         0.         0.         0.92741376 0.         0.         0.         0.         0.01303408 0.01152991 0.         0.         0.         0.         0.         0.01283304 0.         0.         0.         0.         0.01131777 0.         0.         0.         0.01131777 0.         0.01255368 0.         0.         0.        ],[0. 0. 0. 0. 1. 0. 0. 0. 0. 1. 1. 0. 0. 0. 0. 0. 1. 0. 0. 0. 0. 1. 0. 0. 0. 1. 0. 1. 0. 0. 0.],7.0,best,10000,100000,100,0.9,0.5,0.9,0.5,0.9,5,0.59,1,7,,problem_solving,10
9800,0.005842638807811247,0.118944,0.004978247338384494,0.892,0.5059125517483702,-0.13007226212776343,[0.         0.         0.         0.         0.92741376 0.         0.         0.         0.         0.01303408 0.01152991 0.         0.         0.         0.         0.         0.01283304 0.         0.         0.         0.         0.01131777 0.         0.         0.         0.01131777 0.         0.01255368 0.         0.         0.        ],[0. 0. 0. 0. 1. 0. 0. 0. 0. 1. 1. 0. 0. 0. 0. 0. 1. 0. 0. 0. 0. 1. 0. 0. 0. 1. 0. 1. 0. 0. 0.],7.0,best,10000,100000,100,0.9,0.5,0.9,0.5,0.9,5,0.59,1,7,,problem_solving,10
9900,0.005842638807811247,0.118944,0.004978247338384494,0.896,0.5029475876015165,-2.705957189259756,[0.         0.         0.         0.         0.92741376 0.         0.         0.         0.         0.01303408 0.01152991 0.         0.         0.         0.         0.         0.01283304 0.         0.         0.         0.         0.01131777 0.         0.         0.         0.01131777 0.         0.01255368 0.         0.         0.        ],[0. 0. 0. 0. 1. 0. 0. 0. 0. 1. 1. 0. 0. 0. 0. 0. 1. 0. 0. 0. 0. 1. 0. 0. 0. 1. 0. 1. 0. 0. 0.],7.0,best,10000,100000,100,0.9,0.5,0.9,0.5,0.9,5,0.59,1,7,,problem_solving,10
9999,0.005842638807811247,0.118944,0.004978247338384494,0.8999600000000001,0.500029390196995,-0.24649056773409292,[0.         0.         0.         0.         0.92741376 0.         0.         0.         0.         0.01303408 0.01152991 0.         0.         0.         0.         0.         0.01283304 0.         0.         0.         0.         0.01131777 0.         0.         0.         0.01131777 0.         0.01255368 0.         0.         0.        ],[0. 0. 0. 0. 1. 0. 0. 0. 0. 1. 1. 0. 0. 0. 0. 0. 1. 0. 0. 0. 0. 1. 0. 0. 0. 1. 0. 1. 0. 0. 0.],7.0,best,10000,100000,100,0.9,0.5,0.9,0.5,0.9,5,0.59,1,7,,problem_solving,10
