iter,cost,return,par,move,X,Z,Q,max_iter,mem_size,mem_consider,sigma,port_n,k,seed,tag
1,0.10226230945424751,0.004926172326960668,0.4,-2.6260978997149023,[0.01102629 0.         0.         0.         0.         0.02804621 0.         0.         0.         0.01911376 0.         0.         0.         0.         0.         0.         0.         0.         0.         0.         0.         0.         0.         0.0110617  0.         0.93075204 0.         0.         0.         0.         0.        ],[1. 0. 0. 0. 0. 1. 0. 0. 0. 1. 0. 0. 0. 0. 0. 0. 0. 0. 0. 0. 0. 0. 0. 1. 0. 1. 0. 0. 0. 0. 0.],5.0,10000,30,0.6,10,1,5,,problem_solving
100,0.028966897091785224,0.010128361042676372,0.4,-23.953340753758997,[0.         0.         0.01546748 0.         0.93074003 0.         0.         0.         0.02991214 0.         0.         0.         0.0110643  0.         0.         0.         0.         0.         0.         0.         0.         0.         0.         0.         0.         0.01281606 0.         0.         0.         0.         0.        ],[0. 0. 1. 0. 1. 0. 0. 0. 1. 0. 0. 0. 1. 0. 0. 0. 0. 0. 0. 0. 0. 0. 0. 0. 0. 1. 0. 0. 0. 0. 0.],5.0,10000,30,0.6,10,1,5,,problem_solving
200,0.028966897091785224,0.010128361042676372,0.4,-13.101322650881455,[0.         0.         0.01546748 0.         0.93074003 0.         0.         0.         0.02991214 0.         0.         0.         0.0110643  0.         0.         0.         0.         0.         0.         0.         0.         0.         0.         0.         0.         0.01281606 0.         0.         0.         0.         0.        ],[0. 0. 1. 0. 1. 0. 0. 0. 1. 0. 0. 0. 1. 0. 0. 0. 0. 0. 0. 0. 0. 0. 0. 0. 0. 1. 0. 0. 0. 0. 0.],5.0,10000,30,0.6,10,1,5,,problem_solving
300,0.028966897091785224,0.010128361042676372,0.4,-0.6366337736384857,[0.         0.         0.01546748 0.         0.93074003 0.         0.         0.         0.02991214 0.         0.         0.         0.0110643  0.         0.         0.         0.         0.         0.         0.         0.         0.         0.         0.         0.         0.01281606 0.         0.         0.         0.         0.        ],[0. 0. 1. 0. 1. 0. 0. 0. 1. 0. 0. 0. 1. 0. 0. 0. 0. 0. 0. 0. 0. 0. 0. 0. 0. 1. 0. 0. 0. 0. 0.],5.0,10000,30,0.6,10,1,5,,problem_solving
400,0.027581153706158178,0.010189153129328355,0.4,9.484266305797465,[0.01083347 0.         0.         0.         0.9419984  0.01323404 0.         0.         0.         0.         0.         0.         0.         0.         0.         0.         0.         0.         0.         0.         0.         0.         0.         0.         0.020445   0.         0.         0.         0.         0.01348909 0.        ],[1. 0. 0. 0. 1. 1. 0. 0. 0. 0. 0. 0. 0. 0. 0. 0. 0. 0. 0. 0. 0. 0. 0. 0. 1. 0. 0. 0. 0. 1. 0.],5.0,10000,30,0.6,10,1,5,,problem_solving
500,0.027581153706158178,0.010189153129328355,0.4,-5.184112165047016,[0.01083347 0.         0.         0.         0.9419984  0.01323404 0.         0.         0.         0.         0.         0.         0.         0.         0.         0.         0.         0.         0.         0.         0.         0.         0.         0.         0.020445   0.         0.         0.         0.         0.01348909 0.        ],[1. 0. 0. 0. 1. 1. 0. 0. 0. 0. 0. 0. 0. 0. 0. 0. 0. 0. 0. 0. 0. 0. 0. 0. 1. 0. 0. 0. 0. 1. 0.],5.0,10000,30,0.6,10,1,5,,problem_solving
600,0.027581153706158178,0.010189153129328355,0.4,0.8581368491716008,[0.01083347 0.         0.         0.         0.9419984  0.01323404 0.         0.         0.         0.         0.         0.         0.         0.         0.         0.         0.         0.         0.         0.         0.         0.         0.         0.         0.020445   0.         0.         0.         0.         0.01348909 0.        ],[1. 0. 0. 0. 1. 1. 0. 0. 0. 0. 0. 0. 0. 0. 0. 0. 0. 0. 0. 0. 0. 0. 0. 0. 1. 0. 0. 0. 0. 1. 0.],5.0,10000,30,0.6,10,1,5,,problem_solving
700,0.027581153706158178,0.010189153129328355,0.4,-11.748952279477171,[0.01083347 0.         0.         0.         0.9419984  0.01323404 0.         0.         0.         0.         0.         0.         0.         0.         0.         0.         0.         0.         0.         0.         0.         0.         0.         0.         0.020445   0.         0.         0.         0.         0.01348909 0.        ],[1. 0. 0. 0. 1. 1. 0. 0. 0. 0. 0. 0. 0. 0. 0. 0. 0. 0. 0. 0. 0. 0. 0. 0. 1. 0. 0. 0. 0. 1. 0.],5.0,10000,30,0.6,10,1,5,,problem_solving
800,0.01884407144936212,0.010283381265955838,0.4,9.580358966754417,[0.         0.         0.         0.         0.93500103 0.         0.         0.         0.         0.         0.         0.         0.         0.         0.01861064 0.01099199 0.         0.01755345 0.         0.         0.         0.         0.         0.         0.         0.         0.         0.         0.         0.         0.01784289],[0. 0. 0. 0. 1. 0. 0. 0. 0. 0. 0. 0. 0. 0. 1. 1. 0. 1. 0. 0. 0. 0. 0. 0. 0. 0. 0. 0. 0. 0. 1.],5.0,10000,30,0.6,10,1,5,,problem_solving
900,0.01884407144936212,0.010283381265955838,0.4,27.36298401229819,[0.         0.         0.         0.         0.93500103 0.         0.         0.         0.         0.         0.         0.         0.         0.         0.01861064 0.01099199 0.         0.01755345 0.         0.         0.         0.         0.         0.         0.         0.         0.         0.         0.         0.         0.01784289],[0. 0. 0. 0. 1. 0. 0. 0. 0. 0. 0. 0. 0. 0. 1. 1. 0. 1. 0. 0. 0. 0. 0. 0. 0. 0. 0. 0. 0. 0. 1.],5.0,10000,30,0.6,10,1,5,,problem_solving
1000,0.01884407144936212,0.010283381265955838,0.4,0.21544020308353318,[0.         0.         0.         0.         0.93500103 0.         0.         0.         0.         0.         0.         0.         0.         0.         0.01861064 0.01099199 0.         0.01755345 0.         0.         0.         0.         0.         0.         0.         0.         0.         0.         0.         0.         0.01784289],[0. 0. 0. 0. 1. 0. 0. 0. 0. 0. 0. 0. 0. 0. 1. 1. 0. 1. 0. 0. 0. 0. 0. 0. 0. 0. 0. 0. 0. 0. 1.],5.0,10000,30,0.6,10,1,5,,problem_solving
1100,0.01884407144936212,0.010283381265955838,0.4,-18.707781635662716,[0.         0.         0.         0.         0.93500103 0.         0.         0.         0.         0.         0.         0.         0.         0.         0.01861064 0.01099199 0.         0.01755345 0.         0.         0.         0.         0.         0.         0.         0.         0.         0.         0.         0.         0.01784289],[0. 0. 0. 0. 1. 0. 0. 0. 0. 0. 0. 0. 0. 0. 1. 1. 0. 1. 0. 0. 0. 0. 0. 0. 0. 0. 0. 0. 0. 0. 1.],5.0,10000,30,0.6,10,1,5,,problem_solving
1200,0.018576689275614133,0.004965652751536441,0.4,-12.568434256574543,[0.         0.         0.         0.         0.0283693  0.         0.         0.         0.01749479 0.         0.         0.0241886  0.         0.         0.         0.         0.01111099 0.         0.         0.         0.         0.         0.         0.         0.         0.91883633 0.         0.         0.         0.         0.        ],[0. 0. 0. 0. 1. 0. 0. 0. 1. 0. 0. 1. 0. 0. 0. 0. 1. 0. 0. 0. 0. 0. 0. 0. 0. 1. 0. 0. 0. 0. 0.],5.0,10000,30,0.6,10,1,5,,problem_solving
1300,0.018576689275614133,0.004965652751536441,0.4,-12.35422290329447,[0.         0.         0.         0.         0.0283693  0.         0.         0.         0.01749479 0.         0.         0.0241886  0.         0.         0.         0.         0.01111099 0.         0.         0.         0.         0.         0.         0.         0.         0.91883633 0.         0.         0.         0.         0.        ],[0. 0. 0. 0. 1. 0. 0. 0. 1. 0. 0. 1. 0. 0. 0. 0. 1. 0. 0. 0. 0. 0. 0. 0. 0. 1. 0. 0. 0. 0. 0.],5.0,10000,30,0.6,10,1,5,,problem_solving
1400,0.018576689275614133,0.004965652751536441,0.4,-10.90550975772479,[0.         0.         0.         0.         0.0283693  0.         0.         0.         0.01749479 0.         0.         0.0241886  0.         0.         0.         0.         0.01111099 0.         0.         0.         0.         0.         0.         0.         0.         0.91883633 0.         0.         0.         0.         0.        ],[0. 0. 0. 0. 1. 0. 0. 0. 1. 0. 0. 1. 0. 0. 0. 0. 1. 0. 0. 0. 0. 0. 0. 0. 0. 1. 0. 0. 0. 0. 0.],5.0,10000,30,0.6,10,1,5,,problem_solving
1500,0.016443656497200695,0.01043580317620899,0.4,-7.051439295630637,[0.         0.01247914 0.         0.         0.94431076 0.         0.         0.         0.         0.01482632 0.         0.         0.         0.         0.         0.         0.01319857 0.         0.         0.         0.         0.         0.         0.         0.         0.01518521 0.         0.         0.         0.         0.        ],[0. 1. 0. 0. 1. 0. 0. 0. 0. 1. 0. 0. 0. 0. 0. 0. 1. 0. 0. 0. 0. 0. 0. 0. 0. 1. 0. 0. 0. 0. 0.],5.0,10000,30,0.6,10,1,5,,problem_solving
1600,0.016443656497200695,0.01043580317620899,0.4,10.799655525976126,[0.         0.01247914 0.         0.         0.94431076 0.         0.         0.         0.         0.01482632 0.         0.         0.         0.         0.         0.         0.01319857 0.         0.         0.         0.         0.         0.         0.         0.         0.01518521 0.         0.         0.         0.         0.        ],[0. 1. 0. 0. 1. 0. 0. 0. 0. 1. 0. 0. 0. 0. 0. 0. 1. 0. 0. 0. 0. 0. 0. 0. 0. 1. 0. 0. 0. 0. 0.],5.0,10000,30,0.6,10,1,5,,problem_solving
1700,0.016443656497200695,0.01043580317620899,0.4,-6.649684341919412,[0.         0.01247914 0.         0.         0.94431076 0.         0.         0.         0.         0.01482632 0.         0.         0.         0.         0.         0.         0.01319857 0.         0.         0.         0.         0.         0.         0.         0.         0.01518521 0.         0.         0.         0.         0.        ],[0. 1. 0. 0. 1. 0. 0. 0. 0. 1. 0. 0. 0. 0. 0. 0. 1. 0. 0. 0. 0. 0. 0. 0. 0. 1. 0. 0. 0. 0. 0.],5.0,10000,30,0.6,10,1,5,,problem_solving
1800,0.016443656497200695,0.01043580317620899,0.4,3.4703902863700753,[0.         0.01247914 0.         0.         0.94431076 0.         0.         0.         0.         0.01482632 0.         0.         0.         0.         0.         0.         0.01319857 0.         0.         0.         0.         0.         0.         0.         0.         0.01518521 0.         0.         0.         0.         0.        ],[0. 1. 0. 0. 1. 0. 0. 0. 0. 1. 0. 0. 0. 0. 0. 0. 1. 0. 0. 0. 0. 0. 0. 0. 0. 1. 0. 0. 0. 0. 0.],5.0,10000,30,0.6,10,1,5,,problem_solving
1900,0.016443656497200695,0.01043580317620899,0.4,2.061156726999345,[0.         0.01247914 0.         0.         0.94431076 0.         0.         0.         0.         0.01482632 0.         0.         0.         0.         0.         0.         0.01319857 0.         0.         0.         0.         0.         0.         0.         0.         0.01518521 0.         0.         0.         0.         0.        ],[0. 1. 0. 0. 1. 0. 0. 0. 0. 1. 0. 0. 0. 0. 0. 0. 1. 0. 0. 0. 0. 0. 0. 0. 0. 1. 0. 0. 0. 0. 0.],5.0,10000,30,0.6,10,1,5,,problem_solving
2000,0.016443656497200695,0.01043580317620899,0.4,7.940348925268223,[0.         0.01247914 0.         0.         0.94431076 0.         0.         0.         0.         0.01482632 0.         0.         0.         0.         0.         0.         0.01319857 0.         0.         0.         0.         0.         0.         0.         0.         0.01518521 0.         0.         0.         0.         0.        ],[0. 1. 0. 0. 1. 0. 0. 0. 0. 1. 0. 0. 0. 0. 0. 0. 1. 0. 0. 0. 0. 0. 0. 0. 0. 1. 0. 0. 0. 0. 0.],5.0,10000,30,0.6,10,1,5,,problem_solving
2100,0.016443656497200695,0.01043580317620899,0.4,0.6395293543821688,[0.         0.01247914 0.         0.         0.94431076 0.         0.         0.         0.         0.01482632 0.         0.         0.         0.         0.         0.         0.01319857 0.         0.         0.         0.         0.         0.         0.         0.         0.01518521 0.         0.         0.         0.         0.        ],[0. 1. 0. 0. 1. 0. 0. 0. 0. 1. 0. 0. 0. 0. 0. 0. 1. 0. 0. 0. 0. 0. 0. 0. 0. 1. 0. 0. 0. 0. 0.],5.0,10000,30,0.6,10,1,5,,problem_solving
2200,0.016088448349231003,0.004698400470229966,0.4,-0.12408447813866211,[0.         0.         0.         0.         0.         0.         0.         0.         0.03071526 0.         0.         0.         0.         0.         0.         0.01348287 0.         0.         0.         0.         0.         0.         0.         0.         0.         0.91356408 0.         0.03043463 0.         0.         0.01180317],[0. 0. 0. 0. 0. 0. 0. 0. 1. 0. 0. 0. 0. 0. 0. 1. 0. 0. 0. 0. 0. 0. 0. 0. 0. 1. 0. 1. 0. 0. 1.],5.0,10000,30,0.6,10,1,5,,problem_solving
2300,0.016088448349231003,0.004698400470229966,0.4,2.8066491838441388,[0.         0.         0.         0.         0.         0.         0.         0.         0.03071526 0.         0.         0.         0.         0.         0.         0.01348287 0.         0.         0.         0.         0.         0.         0.         0.         0.         0.91356408 0.         0.03043463 0.         0.         0.01180317],[0. 0. 0. 0. 0. 0. 0. 0. 1. 0. 0. 0. 0. 0. 0. 1. 0. 0. 0. 0. 0. 0. 0. 0. 0. 1. 0. 1. 0. 0. 1.],5.0,10000,30,0.6,10,1,5,,problem_solving
2400,0.016088448349231003,0.004698400470229966,0.4,14.293840506867049,[0.         0.         0.         0.         0.         0.         0.         0.         0.03071526 0.         0.         0.         0.         0.         0.         0.01348287 0.         0.         0.         0.         0.         0.         0.         0.         0.         0.91356408 0.         0.03043463 0.         0.         0.01180317],[0. 0. 0. 0. 0. 0. 0. 0. 1. 0. 0. 0. 0. 0. 0. 1. 0. 0. 0. 0. 0. 0. 0. 0. 0. 1. 0. 1. 0. 0. 1.],5.0,10000,30,0.6,10,1,5,,problem_solving
2500,0.016088448349231003,0.004698400470229966,0.4,-12.834753847979496,[0.         0.         0.         0.         0.         0.         0.         0.         0.03071526 0.         0.         0.         0.         0.         0.         0.01348287 0.         0.         0.         0.         0.         0.         0.         0.         0.         0.91356408 0.         0.03043463 0.         0.         0.01180317],[0. 0. 0. 0. 0. 0. 0. 0. 1. 0. 0. 0. 0. 0. 0. 1. 0. 0. 0. 0. 0. 0. 0. 0. 0. 1. 0. 1. 0. 0. 1.],5.0,10000,30,0.6,10,1,5,,problem_solving
2600,0.016088448349231003,0.004698400470229966,0.4,11.317905334062202,[0.         0.         0.         0.         0.         0.         0.         0.         0.03071526 0.         0.         0.         0.         0.         0.         0.01348287 0.         0.         0.         0.         0.         0.         0.         0.         0.         0.91356408 0.         0.03043463 0.         0.         0.01180317],[0. 0. 0. 0. 0. 0. 0. 0. 1. 0. 0. 0. 0. 0. 0. 1. 0. 0. 0. 0. 0. 0. 0. 0. 0. 1. 0. 1. 0. 0. 1.],5.0,10000,30,0.6,10,1,5,,problem_solving
2700,0.016088448349231003,0.004698400470229966,0.4,-0.7863168935083985,[0.         0.         0.         0.         0.         0.         0.         0.         0.03071526 0.         0.         0.         0.         0.         0.         0.01348287 0.         0.         0.         0.         0.         0.         0.         0.         0.         0.91356408 0.         0.03043463 0.         0.         0.01180317],[0. 0. 0. 0. 0. 0. 0. 0. 1. 0. 0. 0. 0. 0. 0. 1. 0. 0. 0. 0. 0. 0. 0. 0. 0. 1. 0. 1. 0. 0. 1.],5.0,10000,30,0.6,10,1,5,,problem_solving
2800,0.016088448349231003,0.004698400470229966,0.4,-0.16139694428787085,[0.         0.         0.         0.         0.         0.         0.         0.         0.03071526 0.         0.         0.         0.         0.         0.         0.01348287 0.         0.         0.         0.         0.         0.         0.         0.         0.         0.91356408 0.         0.03043463 0.         0.         0.01180317],[0. 0. 0. 0. 0. 0. 0. 0. 1. 0. 0. 0. 0. 0. 0. 1. 0. 0. 0. 0. 0. 0. 0. 0. 0. 1. 0. 1. 0. 0. 1.],5.0,10000,30,0.6,10,1,5,,problem_solving
2900,0.016088448349231003,0.004698400470229966,0.4,7.81717431374831,[0.         0.         0.         0.         0.         0.         0.         0.         0.03071526 0.         0.         0.         0.         0.         0.         0.01348287 0.         0.         0.         0.         0.         0.         0.         0.         0.         0.91356408 0.         0.03043463 0.         0.         0.01180317],[0. 0. 0. 0. 0. 0. 0. 0. 1. 0. 0. 0. 0. 0. 0. 1. 0. 0. 0. 0. 0. 0. 0. 0. 0. 1. 0. 1. 0. 0. 1.],5.0,10000,30,0.6,10,1,5,,problem_solving
3000,0.016088448349231003,0.004698400470229966,0.4,13.63739731927275,[0.         0.         0.         0.         0.         0.         0.         0.         0.03071526 0.         0.         0.         0.         0.         0.         0.01348287 0.         0.         0.         0.         0.         0.         0.         0.         0.         0.91356408 0.         0.03043463 0.         0.         0.01180317],[0. 0. 0. 0. 0. 0. 0. 0. 1. 0. 0. 0. 0. 0. 0. 1. 0. 0. 0. 0. 0. 0. 0. 0. 0. 1. 0. 1. 0. 0. 1.],5.0,10000,30,0.6,10,1,5,,problem_solving
3100,0.016088448349231003,0.004698400470229966,0.4,4.888501724957787,[0.         0.         0.         0.         0.         0.         0.         0.         0.03071526 0.         0.         0.         0.         0.         0.         0.01348287 0.         0.         0.         0.         0.         0.         0.         0.         0.         0.91356408 0.         0.03043463 0.         0.         0.01180317],[0. 0. 0. 0. 0. 0. 0. 0. 1. 0. 0. 0. 0. 0. 0. 1. 0. 0. 0. 0. 0. 0. 0. 0. 0. 1. 0. 1. 0. 0. 1.],5.0,10000,30,0.6,10,1,5,,problem_solving
3200,0.016088448349231003,0.004698400470229966,0.4,-4.0476282013902605,[0.         0.         0.         0.         0.         0.         0.         0.         0.03071526 0.         0.         0.         0.         0.         0.         0.01348287 0.         0.         0.         0.         0.         0.         0.         0.         0.         0.91356408 0.         0.03043463 0.         0.         0.01180317],[0. 0. 0. 0. 0. 0. 0. 0. 1. 0. 0. 0. 0. 0. 0. 1. 0. 0. 0. 0. 0. 0. 0. 0. 0. 1. 0. 1. 0. 0. 1.],5.0,10000,30,0.6,10,1,5,,problem_solving
3300,0.016088448349231003,0.004698400470229966,0.4,26.491810008754296,[0.         0.         0.         0.         0.         0.         0.         0.         0.03071526 0.         0.         0.         0.         0.         0.         0.01348287 0.         0.         0.         0.         0.         0.         0.         0.         0.         0.91356408 0.         0.03043463 0.         0.         0.01180317],[0. 0. 0. 0. 0. 0. 0. 0. 1. 0. 0. 0. 0. 0. 0. 1. 0. 0. 0. 0. 0. 0. 0. 0. 0. 1. 0. 1. 0. 0. 1.],5.0,10000,30,0.6,10,1,5,,problem_solving
3400,0.016088448349231003,0.004698400470229966,0.4,-2.1341613049931825,[0.         0.         0.         0.         0.         0.         0.         0.         0.03071526 0.         0.         0.         0.         0.         0.         0.01348287 0.         0.         0.         0.         0.         0.         0.         0.         0.         0.91356408 0.         0.03043463 0.         0.         0.01180317],[0. 0. 0. 0. 0. 0. 0. 0. 1. 0. 0. 0. 0. 0. 0. 1. 0. 0. 0. 0. 0. 0. 0. 0. 0. 1. 0. 1. 0. 0. 1.],5.0,10000,30,0.6,10,1,5,,problem_solving
3500,0.016088448349231003,0.004698400470229966,0.4,6.340893318018752,[0.         0.         0.         0.         0.         0.         0.         0.         0.03071526 0.         0.         0.         0.         0.         0.         0.01348287 0.         0.         0.         0.         0.         0.         0.         0.         0.         0.91356408 0.         0.03043463 0.         0.         0.01180317],[0. 0. 0. 0. 0. 0. 0. 0. 1. 0. 0. 0. 0. 0. 0. 1. 0. 0. 0. 0. 0. 0. 0. 0. 0. 1. 0. 1. 0. 0. 1.],5.0,10000,30,0.6,10,1,5,,problem_solving
3600,0.016088448349231003,0.004698400470229966,0.4,-12.053028305330393,[0.         0.         0.         0.         0.         0.         0.         0.         0.03071526 0.         0.         0.         0.         0.         0.         0.01348287 0.         0.         0.         0.         0.         0.         0.         0.         0.         0.91356408 0.         0.03043463 0.         0.         0.01180317],[0. 0. 0. 0. 0. 0. 0. 0. 1. 0. 0. 0. 0. 0. 0. 1. 0. 0. 0. 0. 0. 0. 0. 0. 0. 1. 0. 1. 0. 0. 1.],5.0,10000,30,0.6,10,1,5,,problem_solving
3700,0.016088448349231003,0.004698400470229966,0.4,11.614023256169485,[0.         0.         0.         0.         0.         0.         0.         0.         0.03071526 0.         0.         0.         0.         0.         0.         0.01348287 0.         0.         0.         0.         0.         0.         0.         0.         0.         0.91356408 0.         0.03043463 0.         0.         0.01180317],[0. 0. 0. 0. 0. 0. 0. 0. 1. 0. 0. 0. 0. 0. 0. 1. 0. 0. 0. 0. 0. 0. 0. 0. 0. 1. 0. 1. 0. 0. 1.],5.0,10000,30,0.6,10,1,5,,problem_solving
3800,0.016088448349231003,0.004698400470229966,0.4,-10.919158093653872,[0.         0.         0.         0.         0.         0.         0.         0.         0.03071526 0.         0.         0.         0.         0.         0.         0.01348287 0.         0.         0.         0.         0.         0.         0.         0.         0.         0.91356408 0.         0.03043463 0.         0.         0.01180317],[0. 0. 0. 0. 0. 0. 0. 0. 1. 0. 0. 0. 0. 0. 0. 1. 0. 0. 0. 0. 0. 0. 0. 0. 0. 1. 0. 1. 0. 0. 1.],5.0,10000,30,0.6,10,1,5,,problem_solving
3900,0.016088448349231003,0.004698400470229966,0.4,-3.919842186096823,[0.         0.         0.         0.         0.         0.         0.         0.         0.03071526 0.         0.         0.         0.         0.         0.         0.01348287 0.         0.         0.         0.         0.         0.         0.         0.         0.         0.91356408 0.         0.03043463 0.         0.         0.01180317],[0. 0. 0. 0. 0. 0. 0. 0. 1. 0. 0. 0. 0. 0. 0. 1. 0. 0. 0. 0. 0. 0. 0. 0. 0. 1. 0. 1. 0. 0. 1.],5.0,10000,30,0.6,10,1,5,,problem_solving
4000,0.016088448349231003,0.004698400470229966,0.4,16.273626280965875,[0.         0.         0.         0.         0.         0.         0.         0.         0.03071526 0.         0.         0.         0.         0.         0.         0.01348287 0.         0.         0.         0.         0.         0.         0.         0.         0.         0.91356408 0.         0.03043463 0.         0.         0.01180317],[0. 0. 0. 0. 0. 0. 0. 0. 1. 0. 0. 0. 0. 0. 0. 1. 0. 0. 0. 0. 0. 0. 0. 0. 0. 1. 0. 1. 0. 0. 1.],5.0,10000,30,0.6,10,1,5,,problem_solving
4100,0.016088448349231003,0.004698400470229966,0.4,-13.456123620328405,[0.         0.         0.         0.         0.         0.         0.         0.         0.03071526 0.         0.         0.         0.         0.         0.         0.01348287 0.         0.         0.         0.         0.         0.         0.         0.         0.         0.91356408 0.         0.03043463 0.         0.         0.01180317],[0. 0. 0. 0. 0. 0. 0. 0. 1. 0. 0. 0. 0. 0. 0. 1. 0. 0. 0. 0. 0. 0. 0. 0. 0. 1. 0. 1. 0. 0. 1.],5.0,10000,30,0.6,10,1,5,,problem_solving
4200,0.016088448349231003,0.004698400470229966,0.4,12.109190305518215,[0.         0.         0.         0.         0.         0.         0.         0.         0.03071526 0.         0.         0.         0.         0.         0.         0.01348287 0.         0.         0.         0.         0.         0.         0.         0.         0.         0.91356408 0.         0.03043463 0.         0.         0.01180317],[0. 0. 0. 0. 0. 0. 0. 0. 1. 0. 0. 0. 0. 0. 0. 1. 0. 0. 0. 0. 0. 0. 0. 0. 0. 1. 0. 1. 0. 0. 1.],5.0,10000,30,0.6,10,1,5,,problem_solving
4300,0.016088448349231003,0.004698400470229966,0.4,-6.947379115105655,[0.         0.         0.         0.         0.         0.         0.         0.         0.03071526 0.         0.         0.         0.         0.         0.         0.01348287 0.         0.         0.         0.         0.         0.         0.         0.         0.         0.91356408 0.         0.03043463 0.         0.         0.01180317],[0. 0. 0. 0. 0. 0. 0. 0. 1. 0. 0. 0. 0. 0. 0. 1. 0. 0. 0. 0. 0. 0. 0. 0. 0. 1. 0. 1. 0. 0. 1.],5.0,10000,30,0.6,10,1,5,,problem_solving
4400,0.016088448349231003,0.004698400470229966,0.4,7.652106229047547,[0.         0.         0.         0.         0.         0.         0.         0.         0.03071526 0.         0.         0.         0.         0.         0.         0.01348287 0.         0.         0.         0.         0.         0.         0.         0.         0.         0.91356408 0.         0.03043463 0.         0.         0.01180317],[0. 0. 0. 0. 0. 0. 0. 0. 1. 0. 0. 0. 0. 0. 0. 1. 0. 0. 0. 0. 0. 0. 0. 0. 0. 1. 0. 1. 0. 0. 1.],5.0,10000,30,0.6,10,1,5,,problem_solving
4500,0.016088448349231003,0.004698400470229966,0.4,12.484094813934865,[0.         0.         0.         0.         0.         0.         0.         0.         0.03071526 0.         0.         0.         0.         0.         0.         0.01348287 0.         0.         0.         0.         0.         0.         0.         0.         0.         0.91356408 0.         0.03043463 0.         0.         0.01180317],[0. 0. 0. 0. 0. 0. 0. 0. 1. 0. 0. 0. 0. 0. 0. 1. 0. 0. 0. 0. 0. 0. 0. 0. 0. 1. 0. 1. 0. 0. 1.],5.0,10000,30,0.6,10,1,5,,problem_solving
4600,0.016088448349231003,0.004698400470229966,0.4,-0.7878765470013966,[0.         0.         0.         0.         0.         0.         0.         0.         0.03071526 0.         0.         0.         0.         0.         0.         0.01348287 0.         0.         0.         0.         0.         0.         0.         0.         0.         0.91356408 0.         0.03043463 0.         0.         0.01180317],[0. 0. 0. 0. 0. 0. 0. 0. 1. 0. 0. 0. 0. 0. 0. 1. 0. 0. 0. 0. 0. 0. 0. 0. 0. 1. 0. 1. 0. 0. 1.],5.0,10000,30,0.6,10,1,5,,problem_solving
4700,0.016088448349231003,0.004698400470229966,0.4,9.565255975129533,[0.         0.         0.         0.         0.         0.         0.         0.         0.03071526 0.         0.         0.         0.         0.         0.         0.01348287 0.         0.         0.         0.         0.         0.         0.         0.         0.         0.91356408 0.         0.03043463 0.         0.         0.01180317],[0. 0. 0. 0. 0. 0. 0. 0. 1. 0. 0. 0. 0. 0. 0. 1. 0. 0. 0. 0. 0. 0. 0. 0. 0. 1. 0. 1. 0. 0. 1.],5.0,10000,30,0.6,10,1,5,,problem_solving
4800,0.016088448349231003,0.004698400470229966,0.4,-9.750028559712549,[0.         0.         0.         0.         0.         0.         0.         0.         0.03071526 0.         0.         0.         0.         0.         0.         0.01348287 0.         0.         0.         0.         0.         0.         0.         0.         0.         0.91356408 0.         0.03043463 0.         0.         0.01180317],[0. 0. 0. 0. 0. 0. 0. 0. 1. 0. 0. 0. 0. 0. 0. 1. 0. 0. 0. 0. 0. 0. 0. 0. 0. 1. 0. 1. 0. 0. 1.],5.0,10000,30,0.6,10,1,5,,problem_solving
4900,0.016088448349231003,0.004698400470229966,0.4,-0.2099204579452595,[0.         0.         0.         0.         0.         0.         0.         0.         0.03071526 0.         0.         0.         0.         0.         0.         0.01348287 0.         0.         0.         0.         0.         0.         0.         0.         0.         0.91356408 0.         0.03043463 0.         0.         0.01180317],[0. 0. 0. 0. 0. 0. 0. 0. 1. 0. 0. 0. 0. 0. 0. 1. 0. 0. 0. 0. 0. 0. 0. 0. 0. 1. 0. 1. 0. 0. 1.],5.0,10000,30,0.6,10,1,5,,problem_solving
5000,0.016088448349231003,0.004698400470229966,0.4,1.1842198316476569,[0.         0.         0.         0.         0.         0.         0.         0.         0.03071526 0.         0.         0.         0.         0.         0.         0.01348287 0.         0.         0.         0.         0.         0.         0.         0.         0.         0.91356408 0.         0.03043463 0.         0.         0.01180317],[0. 0. 0. 0. 0. 0. 0. 0. 1. 0. 0. 0. 0. 0. 0. 1. 0. 0. 0. 0. 0. 0. 0. 0. 0. 1. 0. 1. 0. 0. 1.],5.0,10000,30,0.6,10,1,5,,problem_solving
5100,0.016088448349231003,0.004698400470229966,0.4,1.8724637417503227,[0.         0.         0.         0.         0.         0.         0.         0.         0.03071526 0.         0.         0.         0.         0.         0.         0.01348287 0.         0.         0.         0.         0.         0.         0.         0.         0.         0.91356408 0.         0.03043463 0.         0.         0.01180317],[0. 0. 0. 0. 0. 0. 0. 0. 1. 0. 0. 0. 0. 0. 0. 1. 0. 0. 0. 0. 0. 0. 0. 0. 0. 1. 0. 1. 0. 0. 1.],5.0,10000,30,0.6,10,1,5,,problem_solving
5200,0.016088448349231003,0.004698400470229966,0.4,6.409349070662277,[0.         0.         0.         0.         0.         0.         0.         0.         0.03071526 0.         0.         0.         0.         0.         0.         0.01348287 0.         0.         0.         0.         0.         0.         0.         0.         0.         0.91356408 0.         0.03043463 0.         0.         0.01180317],[0. 0. 0. 0. 0. 0. 0. 0. 1. 0. 0. 0. 0. 0. 0. 1. 0. 0. 0. 0. 0. 0. 0. 0. 0. 1. 0. 1. 0. 0. 1.],5.0,10000,30,0.6,10,1,5,,problem_solving
5300,0.016088448349231003,0.004698400470229966,0.4,-1.8841615779535992,[0.         0.         0.         0.         0.         0.         0.         0.         0.03071526 0.         0.         0.         0.         0.         0.         0.01348287 0.         0.         0.         0.         0.         0.         0.         0.         0.         0.91356408 0.         0.03043463 0.         0.         0.01180317],[0. 0. 0. 0. 0. 0. 0. 0. 1. 0. 0. 0. 0. 0. 0. 1. 0. 0. 0. 0. 0. 0. 0. 0. 0. 1. 0. 1. 0. 0. 1.],5.0,10000,30,0.6,10,1,5,,problem_solving
5400,0.016088448349231003,0.004698400470229966,0.4,-13.080649554201877,[0.         0.         0.         0.         0.         0.         0.         0.         0.03071526 0.         0.         0.         0.         0.         0.         0.01348287 0.         0.         0.         0.         0.         0.         0.         0.         0.         0.91356408 0.         0.03043463 0.         0.         0.01180317],[0. 0. 0. 0. 0. 0. 0. 0. 1. 0. 0. 0. 0. 0. 0. 1. 0. 0. 0. 0. 0. 0. 0. 0. 0. 1. 0. 1. 0. 0. 1.],5.0,10000,30,0.6,10,1,5,,problem_solving
5500,0.016088448349231003,0.004698400470229966,0.4,8.87529103941768,[0.         0.         0.         0.         0.         0.         0.         0.         0.03071526 0.         0.         0.         0.         0.         0.         0.01348287 0.         0.         0.         0.         0.         0.         0.         0.         0.         0.91356408 0.         0.03043463 0.         0.         0.01180317],[0. 0. 0. 0. 0. 0. 0. 0. 1. 0. 0. 0. 0. 0. 0. 1. 0. 0. 0. 0. 0. 0. 0. 0. 0. 1. 0. 1. 0. 0. 1.],5.0,10000,30,0.6,10,1,5,,problem_solving
5600,0.016088448349231003,0.004698400470229966,0.4,-12.307613443614402,[0.         0.         0.         0.         0.         0.         0.         0.         0.03071526 0.         0.         0.         0.         0.         0.         0.01348287 0.         0.         0.         0.         0.         0.         0.         0.         0.         0.91356408 0.         0.03043463 0.         0.         0.01180317],[0. 0. 0. 0. 0. 0. 0. 0. 1. 0. 0. 0. 0. 0. 0. 1. 0. 0. 0. 0. 0. 0. 0. 0. 0. 1. 0. 1. 0. 0. 1.],5.0,10000,30,0.6,10,1,5,,problem_solving
5700,0.016088448349231003,0.004698400470229966,0.4,-1.973668478757087,[0.         0.         0.         0.         0.         0.         0.         0.         0.03071526 0.         0.         0.         0.         0.         0.         0.01348287 0.         0.         0.         0.         0.         0.         0.         0.         0.         0.91356408 0.         0.03043463 0.         0.         0.01180317],[0. 0. 0. 0. 0. 0. 0. 0. 1. 0. 0. 0. 0. 0. 0. 1. 0. 0. 0. 0. 0. 0. 0. 0. 0. 1. 0. 1. 0. 0. 1.],5.0,10000,30,0.6,10,1,5,,problem_solving
5800,0.016088448349231003,0.004698400470229966,0.4,4.58075578022229,[0.         0.         0.         0.         0.         0.         0.         0.         0.03071526 0.         0.         0.         0.         0.         0.         0.01348287 0.         0.         0.         0.         0.         0.         0.         0.         0.         0.91356408 0.         0.03043463 0.         0.         0.01180317],[0. 0. 0. 0. 0. 0. 0. 0. 1. 0. 0. 0. 0. 0. 0. 1. 0. 0. 0. 0. 0. 0. 0. 0. 0. 1. 0. 1. 0. 0. 1.],5.0,10000,30,0.6,10,1,5,,problem_solving
5900,0.016088448349231003,0.004698400470229966,0.4,-1.036696472510529,[0.         0.         0.         0.         0.         0.         0.         0.         0.03071526 0.         0.         0.         0.         0.         0.         0.01348287 0.         0.         0.         0.         0.         0.         0.         0.         0.         0.91356408 0.         0.03043463 0.         0.         0.01180317],[0. 0. 0. 0. 0. 0. 0. 0. 1. 0. 0. 0. 0. 0. 0. 1. 0. 0. 0. 0. 0. 0. 0. 0. 0. 1. 0. 1. 0. 0. 1.],5.0,10000,30,0.6,10,1,5,,problem_solving
6000,0.016088448349231003,0.004698400470229966,0.4,-3.399225087338906,[0.         0.         0.         0.         0.         0.         0.         0.         0.03071526 0.         0.         0.         0.         0.         0.         0.01348287 0.         0.         0.         0.         0.         0.         0.         0.         0.         0.91356408 0.         0.03043463 0.         0.         0.01180317],[0. 0. 0. 0. 0. 0. 0. 0. 1. 0. 0. 0. 0. 0. 0. 1. 0. 0. 0. 0. 0. 0. 0. 0. 0. 1. 0. 1. 0. 0. 1.],5.0,10000,30,0.6,10,1,5,,problem_solving
6100,0.016088448349231003,0.004698400470229966,0.4,-0.16341639132005642,[0.         0.         0.         0.         0.         0.         0.         0.         0.03071526 0.         0.         0.         0.         0.         0.         0.01348287 0.         0.         0.         0.         0.         0.         0.         0.         0.         0.91356408 0.         0.03043463 0.         0.         0.01180317],[0. 0. 0. 0. 0. 0. 0. 0. 1. 0. 0. 0. 0. 0. 0. 1. 0. 0. 0. 0. 0. 0. 0. 0. 0. 1. 0. 1. 0. 0. 1.],5.0,10000,30,0.6,10,1,5,,problem_solving
6200,0.016088448349231003,0.004698400470229966,0.4,-15.420549775018884,[0.         0.         0.         0.         0.         0.         0.         0.         0.03071526 0.         0.         0.         0.         0.         0.         0.01348287 0.         0.         0.         0.         0.         0.         0.         0.         0.         0.91356408 0.         0.03043463 0.         0.         0.01180317],[0. 0. 0. 0. 0. 0. 0. 0. 1. 0. 0. 0. 0. 0. 0. 1. 0. 0. 0. 0. 0. 0. 0. 0. 0. 1. 0. 1. 0. 0. 1.],5.0,10000,30,0.6,10,1,5,,problem_solving
6300,0.016088448349231003,0.004698400470229966,0.4,17.057745366675125,[0.         0.         0.         0.         0.         0.         0.         0.         0.03071526 0.         0.         0.         0.         0.         0.         0.01348287 0.         0.         0.         0.         0.         0.         0.         0.         0.         0.91356408 0.         0.03043463 0.         0.         0.01180317],[0. 0. 0. 0. 0. 0. 0. 0. 1. 0. 0. 0. 0. 0. 0. 1. 0. 0. 0. 0. 0. 0. 0. 0. 0. 1. 0. 1. 0. 0. 1.],5.0,10000,30,0.6,10,1,5,,problem_solving
6400,0.016088448349231003,0.004698400470229966,0.4,8.054008913893545,[0.         0.         0.         0.         0.         0.         0.         0.         0.03071526 0.         0.         0.         0.         0.         0.         0.01348287 0.         0.         0.         0.         0.         0.         0.         0.         0.         0.91356408 0.         0.03043463 0.         0.         0.01180317],[0. 0. 0. 0. 0. 0. 0. 0. 1. 0. 0. 0. 0. 0. 0. 1. 0. 0. 0. 0. 0. 0. 0. 0. 0. 1. 0. 1. 0. 0. 1.],5.0,10000,30,0.6,10,1,5,,problem_solving
6500,0.016088448349231003,0.004698400470229966,0.4,-11.93551395569967,[0.         0.         0.         0.         0.         0.         0.         0.         0.03071526 0.         0.         0.         0.         0.         0.         0.01348287 0.         0.         0.         0.         0.         0.         0.         0.         0.         0.91356408 0.         0.03043463 0.         0.         0.01180317],[0. 0. 0. 0. 0. 0. 0. 0. 1. 0. 0. 0. 0. 0. 0. 1. 0. 0. 0. 0. 0. 0. 0. 0. 0. 1. 0. 1. 0. 0. 1.],5.0,10000,30,0.6,10,1,5,,problem_solving
6600,0.016088448349231003,0.004698400470229966,0.4,6.609726669639215,[0.         0.         0.         0.         0.         0.         0.         0.         0.03071526 0.         0.         0.         0.         0.         0.         0.01348287 0.         0.         0.         0.         0.         0.         0.         0.         0.         0.91356408 0.         0.03043463 0.         0.         0.01180317],[0. 0. 0. 0. 0. 0. 0. 0. 1. 0. 0. 0. 0. 0. 0. 1. 0. 0. 0. 0. 0. 0. 0. 0. 0. 1. 0. 1. 0. 0. 1.],5.0,10000,30,0.6,10,1,5,,problem_solving
6700,0.016088448349231003,0.004698400470229966,0.4,7.110065966071021,[0.         0.         0.         0.         0.         0.         0.         0.         0.03071526 0.         0.         0.         0.         0.         0.         0.01348287 0.         0.         0.         0.         0.         0.         0.         0.         0.         0.91356408 0.         0.03043463 0.         0.         0.01180317],[0. 0. 0. 0. 0. 0. 0. 0. 1. 0. 0. 0. 0. 0. 0. 1. 0. 0. 0. 0. 0. 0. 0. 0. 0. 1. 0. 1. 0. 0. 1.],5.0,10000,30,0.6,10,1,5,,problem_solving
6800,0.016088448349231003,0.004698400470229966,0.4,-12.429689921806972,[0.         0.         0.         0.         0.         0.         0.         0.         0.03071526 0.         0.         0.         0.         0.         0.         0.01348287 0.         0.         0.         0.         0.         0.         0.         0.         0.         0.91356408 0.         0.03043463 0.         0.         0.01180317],[0. 0. 0. 0. 0. 0. 0. 0. 1. 0. 0. 0. 0. 0. 0. 1. 0. 0. 0. 0. 0. 0. 0. 0. 0. 1. 0. 1. 0. 0. 1.],5.0,10000,30,0.6,10,1,5,,problem_solving
6900,0.016088448349231003,0.004698400470229966,0.4,-9.617302517714258,[0.         0.         0.         0.         0.         0.         0.         0.         0.03071526 0.         0.         0.         0.         0.         0.         0.01348287 0.         0.         0.         0.         0.         0.         0.         0.         0.         0.91356408 0.         0.03043463 0.         0.         0.01180317],[0. 0. 0. 0. 0. 0. 0. 0. 1. 0. 0. 0. 0. 0. 0. 1. 0. 0. 0. 0. 0. 0. 0. 0. 0. 1. 0. 1. 0. 0. 1.],5.0,10000,30,0.6,10,1,5,,problem_solving
7000,0.016088448349231003,0.004698400470229966,0.4,-1.3577734670096988,[0.         0.         0.         0.         0.         0.         0.         0.         0.03071526 0.         0.         0.         0.         0.         0.         0.01348287 0.         0.         0.         0.         0.         0.         0.         0.         0.         0.91356408 0.         0.03043463 0.         0.         0.01180317],[0. 0. 0. 0. 0. 0. 0. 0. 1. 0. 0. 0. 0. 0. 0. 1. 0. 0. 0. 0. 0. 0. 0. 0. 0. 1. 0. 1. 0. 0. 1.],5.0,10000,30,0.6,10,1,5,,problem_solving
7100,0.016088448349231003,0.004698400470229966,0.4,-8.390011366728281,[0.         0.         0.         0.         0.         0.         0.         0.         0.03071526 0.         0.         0.         0.         0.         0.         0.01348287 0.         0.         0.         0.         0.         0.         0.         0.         0.         0.91356408 0.         0.03043463 0.         0.         0.01180317],[0. 0. 0. 0. 0. 0. 0. 0. 1. 0. 0. 0. 0. 0. 0. 1. 0. 0. 0. 0. 0. 0. 0. 0. 0. 1. 0. 1. 0. 0. 1.],5.0,10000,30,0.6,10,1,5,,problem_solving
7200,0.016088448349231003,0.004698400470229966,0.4,2.2146629609703834,[0.         0.         0.         0.         0.         0.         0.         0.         0.03071526 0.         0.         0.         0.         0.         0.         0.01348287 0.         0.         0.         0.         0.         0.         0.         0.         0.         0.91356408 0.         0.03043463 0.         0.         0.01180317],[0. 0. 0. 0. 0. 0. 0. 0. 1. 0. 0. 0. 0. 0. 0. 1. 0. 0. 0. 0. 0. 0. 0. 0. 0. 1. 0. 1. 0. 0. 1.],5.0,10000,30,0.6,10,1,5,,problem_solving
7300,0.016088448349231003,0.004698400470229966,0.4,-2.301934520911383,[0.         0.         0.         0.         0.         0.         0.         0.         0.03071526 0.         0.         0.         0.         0.         0.         0.01348287 0.         0.         0.         0.         0.         0.         0.         0.         0.         0.91356408 0.         0.03043463 0.         0.         0.01180317],[0. 0. 0. 0. 0. 0. 0. 0. 1. 0. 0. 0. 0. 0. 0. 1. 0. 0. 0. 0. 0. 0. 0. 0. 0. 1. 0. 1. 0. 0. 1.],5.0,10000,30,0.6,10,1,5,,problem_solving
7400,0.016088448349231003,0.004698400470229966,0.4,-3.79071683452922,[0.         0.         0.         0.         0.         0.         0.         0.         0.03071526 0.         0.         0.         0.         0.         0.         0.01348287 0.         0.         0.         0.         0.         0.         0.         0.         0.         0.91356408 0.         0.03043463 0.         0.         0.01180317],[0. 0. 0. 0. 0. 0. 0. 0. 1. 0. 0. 0. 0. 0. 0. 1. 0. 0. 0. 0. 0. 0. 0. 0. 0. 1. 0. 1. 0. 0. 1.],5.0,10000,30,0.6,10,1,5,,problem_solving
7500,0.016088448349231003,0.004698400470229966,0.4,16.856477918576655,[0.         0.         0.         0.         0.         0.         0.         0.         0.03071526 0.         0.         0.         0.         0.         0.         0.01348287 0.         0.         0.         0.         0.         0.         0.         0.         0.         0.91356408 0.         0.03043463 0.         0.         0.01180317],[0. 0. 0. 0. 0. 0. 0. 0. 1. 0. 0. 0. 0. 0. 0. 1. 0. 0. 0. 0. 0. 0. 0. 0. 0. 1. 0. 1. 0. 0. 1.],5.0,10000,30,0.6,10,1,5,,problem_solving
7600,0.016088448349231003,0.004698400470229966,0.4,6.492435880065908,[0.         0.         0.         0.         0.         0.         0.         0.         0.03071526 0.         0.         0.         0.         0.         0.         0.01348287 0.         0.         0.         0.         0.         0.         0.         0.         0.         0.91356408 0.         0.03043463 0.         0.         0.01180317],[0. 0. 0. 0. 0. 0. 0. 0. 1. 0. 0. 0. 0. 0. 0. 1. 0. 0. 0. 0. 0. 0. 0. 0. 0. 1. 0. 1. 0. 0. 1.],5.0,10000,30,0.6,10,1,5,,problem_solving
7700,0.016088448349231003,0.004698400470229966,0.4,-19.76111625876493,[0.         0.         0.         0.         0.         0.         0.         0.         0.03071526 0.         0.         0.         0.         0.         0.         0.01348287 0.         0.         0.         0.         0.         0.         0.         0.         0.         0.91356408 0.         0.03043463 0.         0.         0.01180317],[0. 0. 0. 0. 0. 0. 0. 0. 1. 0. 0. 0. 0. 0. 0. 1. 0. 0. 0. 0. 0. 0. 0. 0. 0. 1. 0. 1. 0. 0. 1.],5.0,10000,30,0.6,10,1,5,,problem_solving
7800,0.016088448349231003,0.004698400470229966,0.4,5.009886125966783,[0.         0.         0.         0.         0.         0.         0.         0.         0.03071526 0.         0.         0.         0.         0.         0.         0.01348287 0.         0.         0.         0.         0.         0.         0.         0.         0.         0.91356408 0.         0.03043463 0.         0.         0.01180317],[0. 0. 0. 0. 0. 0. 0. 0. 1. 0. 0. 0. 0. 0. 0. 1. 0. 0. 0. 0. 0. 0. 0. 0. 0. 1. 0. 1. 0. 0. 1.],5.0,10000,30,0.6,10,1,5,,problem_solving
7900,0.016088448349231003,0.004698400470229966,0.4,-17.6931935257973,[0.         0.         0.         0.         0.         0.         0.         0.         0.03071526 0.         0.         0.         0.         0.         0.         0.01348287 0.         0.         0.         0.         0.         0.         0.         0.         0.         0.91356408 0.         0.03043463 0.         0.         0.01180317],[0. 0. 0. 0. 0. 0. 0. 0. 1. 0. 0. 0. 0. 0. 0. 1. 0. 0. 0. 0. 0. 0. 0. 0. 0. 1. 0. 1. 0. 0. 1.],5.0,10000,30,0.6,10,1,5,,problem_solving
8000,0.016088448349231003,0.004698400470229966,0.4,-11.078718388436586,[0.         0.         0.         0.         0.         0.         0.         0.         0.03071526 0.         0.         0.         0.         0.         0.         0.01348287 0.         0.         0.         0.         0.         0.         0.         0.         0.         0.91356408 0.         0.03043463 0.         0.         0.01180317],[0. 0. 0. 0. 0. 0. 0. 0. 1. 0. 0. 0. 0. 0. 0. 1. 0. 0. 0. 0. 0. 0. 0. 0. 0. 1. 0. 1. 0. 0. 1.],5.0,10000,30,0.6,10,1,5,,problem_solving
8100,0.016088448349231003,0.004698400470229966,0.4,-7.316777669828926,[0.         0.         0.         0.         0.         0.         0.         0.         0.03071526 0.         0.         0.         0.         0.         0.         0.01348287 0.         0.         0.         0.         0.         0.         0.         0.         0.         0.91356408 0.         0.03043463 0.         0.         0.01180317],[0. 0. 0. 0. 0. 0. 0. 0. 1. 0. 0. 0. 0. 0. 0. 1. 0. 0. 0. 0. 0. 0. 0. 0. 0. 1. 0. 1. 0. 0. 1.],5.0,10000,30,0.6,10,1,5,,problem_solving
8200,0.016088448349231003,0.004698400470229966,0.4,0.5612203402360243,[0.         0.         0.         0.         0.         0.         0.         0.         0.03071526 0.         0.         0.         0.         0.         0.         0.01348287 0.         0.         0.         0.         0.         0.         0.         0.         0.         0.91356408 0.         0.03043463 0.         0.         0.01180317],[0. 0. 0. 0. 0. 0. 0. 0. 1. 0. 0. 0. 0. 0. 0. 1. 0. 0. 0. 0. 0. 0. 0. 0. 0. 1. 0. 1. 0. 0. 1.],5.0,10000,30,0.6,10,1,5,,problem_solving
8300,0.016088448349231003,0.004698400470229966,0.4,-22.90247187773851,[0.         0.         0.         0.         0.         0.         0.         0.         0.03071526 0.         0.         0.         0.         0.         0.         0.01348287 0.         0.         0.         0.         0.         0.         0.         0.         0.         0.91356408 0.         0.03043463 0.         0.         0.01180317],[0. 0. 0. 0. 0. 0. 0. 0. 1. 0. 0. 0. 0. 0. 0. 1. 0. 0. 0. 0. 0. 0. 0. 0. 0. 1. 0. 1. 0. 0. 1.],5.0,10000,30,0.6,10,1,5,,problem_solving
8400,0.016088448349231003,0.004698400470229966,0.4,-9.5361083316655,[0.         0.         0.         0.         0.         0.         0.         0.         0.03071526 0.         0.         0.         0.         0.         0.         0.01348287 0.         0.         0.         0.         0.         0.         0.         0.         0.         0.91356408 0.         0.03043463 0.         0.         0.01180317],[0. 0. 0. 0. 0. 0. 0. 0. 1. 0. 0. 0. 0. 0. 0. 1. 0. 0. 0. 0. 0. 0. 0. 0. 0. 1. 0. 1. 0. 0. 1.],5.0,10000,30,0.6,10,1,5,,problem_solving
8500,0.016088448349231003,0.004698400470229966,0.4,9.200610044059813,[0.         0.         0.         0.         0.         0.         0.         0.         0.03071526 0.         0.         0.         0.         0.         0.         0.01348287 0.         0.         0.         0.         0.         0.         0.         0.         0.         0.91356408 0.         0.03043463 0.         0.         0.01180317],[0. 0. 0. 0. 0. 0. 0. 0. 1. 0. 0. 0. 0. 0. 0. 1. 0. 0. 0. 0. 0. 0. 0. 0. 0. 1. 0. 1. 0. 0. 1.],5.0,10000,30,0.6,10,1,5,,problem_solving
8600,0.016088448349231003,0.004698400470229966,0.4,-14.553735254690388,[0.         0.         0.         0.         0.         0.         0.         0.         0.03071526 0.         0.         0.         0.         0.         0.         0.01348287 0.         0.         0.         0.         0.         0.         0.         0.         0.         0.91356408 0.         0.03043463 0.         0.         0.01180317],[0. 0. 0. 0. 0. 0. 0. 0. 1. 0. 0. 0. 0. 0. 0. 1. 0. 0. 0. 0. 0. 0. 0. 0. 0. 1. 0. 1. 0. 0. 1.],5.0,10000,30,0.6,10,1,5,,problem_solving
8700,0.016088448349231003,0.004698400470229966,0.4,-13.506096934483393,[0.         0.         0.         0.         0.         0.         0.         0.         0.03071526 0.         0.         0.         0.         0.         0.         0.01348287 0.         0.         0.         0.         0.         0.         0.         0.         0.         0.91356408 0.         0.03043463 0.         0.         0.01180317],[0. 0. 0. 0. 0. 0. 0. 0. 1. 0. 0. 0. 0. 0. 0. 1. 0. 0. 0. 0. 0. 0. 0. 0. 0. 1. 0. 1. 0. 0. 1.],5.0,10000,30,0.6,10,1,5,,problem_solving
8800,0.016088448349231003,0.004698400470229966,0.4,7.857647945799091,[0.         0.         0.         0.         0.         0.         0.         0.         0.03071526 0.         0.         0.         0.         0.         0.         0.01348287 0.         0.         0.         0.         0.         0.         0.         0.         0.         0.91356408 0.         0.03043463 0.         0.         0.01180317],[0. 0. 0. 0. 0. 0. 0. 0. 1. 0. 0. 0. 0. 0. 0. 1. 0. 0. 0. 0. 0. 0. 0. 0. 0. 1. 0. 1. 0. 0. 1.],5.0,10000,30,0.6,10,1,5,,problem_solving
8900,0.016088448349231003,0.004698400470229966,0.4,-18.75303321510756,[0.         0.         0.         0.         0.         0.         0.         0.         0.03071526 0.         0.         0.         0.         0.         0.         0.01348287 0.         0.         0.         0.         0.         0.         0.         0.         0.         0.91356408 0.         0.03043463 0.         0.         0.01180317],[0. 0. 0. 0. 0. 0. 0. 0. 1. 0. 0. 0. 0. 0. 0. 1. 0. 0. 0. 0. 0. 0. 0. 0. 0. 1. 0. 1. 0. 0. 1.],5.0,10000,30,0.6,10,1,5,,problem_solving
9000,0.016088448349231003,0.004698400470229966,0.4,-7.571280572824522,[0.         0.         0.         0.         0.         0.         0.         0.         0.03071526 0.         0.         0.         0.         0.         0.         0.01348287 0.         0.         0.         0.         0.         0.         0.         0.         0.         0.91356408 0.         0.03043463 0.         0.         0.01180317],[0. 0. 0. 0. 0. 0. 0. 0. 1. 0. 0. 0. 0. 0. 0. 1. 0. 0. 0. 0. 0. 0. 0. 0. 0. 1. 0. 1. 0. 0. 1.],5.0,10000,30,0.6,10,1,5,,problem_solving
9100,0.016088448349231003,0.004698400470229966,0.4,5.749807248341976,[0.         0.         0.         0.         0.         0.         0.         0.         0.03071526 0.         0.         0.         0.         0.         0.         0.01348287 0.         0.         0.         0.         0.         0.         0.         0.         0.         0.91356408 0.         0.03043463 0.         0.         0.01180317],[0. 0. 0. 0. 0. 0. 0. 0. 1. 0. 0. 0. 0. 0. 0. 1. 0. 0. 0. 0. 0. 0. 0. 0. 0. 1. 0. 1. 0. 0. 1.],5.0,10000,30,0.6,10,1,5,,problem_solving
9200,0.016088448349231003,0.004698400470229966,0.4,4.941680397577028,[0.         0.         0.         0.         0.         0.         0.         0.         0.03071526 0.         0.         0.         0.         0.         0.         0.01348287 0.         0.         0.         0.         0.         0.         0.         0.         0.         0.91356408 0.         0.03043463 0.         0.         0.01180317],[0. 0. 0. 0. 0. 0. 0. 0. 1. 0. 0. 0. 0. 0. 0. 1. 0. 0. 0. 0. 0. 0. 0. 0. 0. 1. 0. 1. 0. 0. 1.],5.0,10000,30,0.6,10,1,5,,problem_solving
9300,0.016088448349231003,0.004698400470229966,0.4,-11.184597565221022,[0.         0.         0.         0.         0.         0.         0.         0.         0.03071526 0.         0.         0.         0.         0.         0.         0.01348287 0.         0.         0.         0.         0.         0.         0.         0.         0.         0.91356408 0.         0.03043463 0.         0.         0.01180317],[0. 0. 0. 0. 0. 0. 0. 0. 1. 0. 0. 0. 0. 0. 0. 1. 0. 0. 0. 0. 0. 0. 0. 0. 0. 1. 0. 1. 0. 0. 1.],5.0,10000,30,0.6,10,1,5,,problem_solving
9400,0.016088448349231003,0.004698400470229966,0.4,-3.85898412869295,[0.         0.         0.         0.         0.         0.         0.         0.         0.03071526 0.         0.         0.         0.         0.         0.         0.01348287 0.         0.         0.         0.         0.         0.         0.         0.         0.         0.91356408 0.         0.03043463 0.         0.         0.01180317],[0. 0. 0. 0. 0. 0. 0. 0. 1. 0. 0. 0. 0. 0. 0. 1. 0. 0. 0. 0. 0. 0. 0. 0. 0. 1. 0. 1. 0. 0. 1.],5.0,10000,30,0.6,10,1,5,,problem_solving
9500,0.016088448349231003,0.004698400470229966,0.4,-2.046936463606475,[0.         0.         0.         0.         0.         0.         0.         0.         0.03071526 0.         0.         0.         0.         0.         0.         0.01348287 0.         0.         0.         0.         0.         0.         0.         0.         0.         0.91356408 0.         0.03043463 0.         0.         0.01180317],[0. 0. 0. 0. 0. 0. 0. 0. 1. 0. 0. 0. 0. 0. 0. 1. 0. 0. 0. 0. 0. 0. 0. 0. 0. 1. 0. 1. 0. 0. 1.],5.0,10000,30,0.6,10,1,5,,problem_solving
9600,0.016088448349231003,0.004698400470229966,0.4,8.036238831555675,[0.         0.         0.         0.         0.         0.         0.         0.         0.03071526 0.         0.         0.         0.         0.         0.         0.01348287 0.         0.         0.         0.         0.         0.         0.         0.         0.         0.91356408 0.         0.03043463 0.         0.         0.01180317],[0. 0. 0. 0. 0. 0. 0. 0. 1. 0. 0. 0. 0. 0. 0. 1. 0. 0. 0. 0. 0. 0. 0. 0. 0. 1. 0. 1. 0. 0. 1.],5.0,10000,30,0.6,10,1,5,,problem_solving
9700,0.016088448349231003,0.004698400470229966,0.4,-9.573975393328727,[0.         0.         0.         0.         0.         0.         0.         0.         0.03071526 0.         0.         0.         0.         0.         0.         0.01348287 0.         0.         0.         0.         0.         0.         0.         0.         0.         0.91356408 0.         0.03043463 0.         0.         0.01180317],[0. 0. 0. 0. 0. 0. 0. 0. 1. 0. 0. 0. 0. 0. 0. 1. 0. 0. 0. 0. 0. 0. 0. 0. 0. 1. 0. 1. 0. 0. 1.],5.0,10000,30,0.6,10,1,5,,problem_solving
9800,0.016088448349231003,0.004698400470229966,0.4,-6.054111843096203,[0.         0.         0.         0.         0.         0.         0.         0.         0.03071526 0.         0.         0.         0.         0.         0.         0.01348287 0.         0.         0.         0.         0.         0.         0.         0.         0.         0.91356408 0.         0.03043463 0.         0.         0.01180317],[0. 0. 0. 0. 0. 0. 0. 0. 1. 0. 0. 0. 0. 0. 0. 1. 0. 0. 0. 0. 0. 0. 0. 0. 0. 1. 0. 1. 0. 0. 1.],5.0,10000,30,0.6,10,1,5,,problem_solving
9900,0.016088448349231003,0.004698400470229966,0.4,-16.26923382006663,[0.         0.         0.         0.         0.         0.         0.         0.         0.03071526 0.         0.         0.         0.         0.         0.         0.01348287 0.         0.         0.         0.         0.         0.         0.         0.         0.         0.91356408 0.         0.03043463 0.         0.         0.01180317],[0. 0. 0. 0. 0. 0. 0. 0. 1. 0. 0. 0. 0. 0. 0. 1. 0. 0. 0. 0. 0. 0. 0. 0. 0. 1. 0. 1. 0. 0. 1.],5.0,10000,30,0.6,10,1,5,,problem_solving
9999,0.016088448349231003,0.004698400470229966,0.4,-2.598223502949329,[0.         0.         0.         0.         0.         0.         0.         0.         0.03071526 0.         0.         0.         0.         0.         0.         0.01348287 0.         0.         0.         0.         0.         0.         0.         0.         0.         0.91356408 0.         0.03043463 0.         0.         0.01180317],[0. 0. 0. 0. 0. 0. 0. 0. 1. 0. 0. 0. 0. 0. 0. 1. 0. 0. 0. 0. 0. 0. 0. 0. 0. 1. 0. 1. 0. 0. 1.],5.0,10000,30,0.6,10,1,5,,problem_solving
