iter,cost,return,par,move,X,Z,Q,max_iter,mem_size,mem_consider,sigma,port_n,k,seed,tag
1,0.1673990291956519,0.00435062057365483,0.4,20.77507955766319,[0.         0.         0.         0.         0.01974975 0.01064596 0.         0.         0.         0.         0.         0.         0.01071256 0.         0.         0.01871038 0.0121821  0.         0.         0.01945639 0.         0.0106478  0.         0.01282885 0.01818762 0.86687859 0.         0.         0.         0.         0.        ],[0. 0. 0. 0. 1. 1. 0. 0. 0. 0. 0. 0. 1. 0. 0. 1. 1. 0. 0. 1. 0. 1. 0. 1. 1. 1. 0. 0. 0. 0. 0.],10.0,10000,30,0.6,10,1,10,,problem_solving
100,0.04609456829344374,0.00970742996764897,0.4,3.167570344683583,[0.01328749 0.01052731 0.         0.         0.01508118 0.         0.         0.         0.         0.         0.         0.         0.01055414 0.         0.01050733 0.         0.         0.         0.         0.         0.0157398  0.         0.         0.         0.         0.87920581 0.01974192 0.         0.01056612 0.01478891 0.        ],[1. 1. 0. 0. 1. 0. 0. 0. 0. 0. 0. 0. 1. 0. 1. 0. 0. 0. 0. 0. 1. 0. 0. 0. 0. 1. 1. 0. 1. 1. 0.],10.0,10000,30,0.6,10,1,10,,problem_solving
200,0.042249733739036475,0.009887885209494022,0.4,-13.531313774177892,[0.01057672 0.         0.         0.         0.88180494 0.         0.         0.01052687 0.         0.         0.         0.         0.         0.         0.01052222 0.012697   0.01060622 0.         0.         0.         0.01781144 0.         0.01052954 0.01367948 0.         0.02124557 0.         0.         0.         0.         0.        ],[1. 0. 0. 0. 1. 0. 0. 1. 0. 0. 0. 0. 0. 0. 1. 1. 1. 0. 0. 0. 1. 0. 1. 1. 0. 1. 0. 0. 0. 0. 0.],10.0,10000,30,0.6,10,1,10,,problem_solving
300,0.03670829441242061,0.004608800951804222,0.4,18.747450565398363,[0.         0.01250408 0.         0.         0.01324912 0.01997317 0.01060694 0.         0.01637218 0.         0.         0.         0.         0.         0.         0.01928757 0.         0.01263686 0.         0.         0.         0.         0.         0.         0.01675788 0.86599069 0.         0.         0.         0.         0.01262151],[0. 1. 0. 0. 1. 1. 1. 0. 1. 0. 0. 0. 0. 0. 0. 1. 0. 1. 0. 0. 0. 0. 0. 0. 1. 1. 0. 0. 0. 0. 1.],10.0,10000,30,0.6,10,1,10,,problem_solving
400,0.03670829441242061,0.004608800951804222,0.4,1.1345546224884455,[0.         0.01250408 0.         0.         0.01324912 0.01997317 0.01060694 0.         0.01637218 0.         0.         0.         0.         0.         0.         0.01928757 0.         0.01263686 0.         0.         0.         0.         0.         0.         0.01675788 0.86599069 0.         0.         0.         0.         0.01262151],[0. 1. 0. 0. 1. 1. 1. 0. 1. 0. 0. 0. 0. 0. 0. 1. 0. 1. 0. 0. 0. 0. 0. 0. 1. 1. 0. 0. 0. 0. 1.],10.0,10000,30,0.6,10,1,10,,problem_solving
500,0.03670829441242061,0.004608800951804222,0.4,-9.935110814467928,[0.         0.01250408 0.         0.         0.01324912 0.01997317 0.01060694 0.         0.01637218 0.         0.         0.         0.         0.         0.         0.01928757 0.         0.01263686 0.         0.         0.         0.         0.         0.         0.01675788 0.86599069 0.         0.         0.         0.         0.01262151],[0. 1. 0. 0. 1. 1. 1. 0. 1. 0. 0. 0. 0. 0. 0. 1. 0. 1. 0. 0. 0. 0. 0. 0. 1. 1. 0. 0. 0. 0. 1.],10.0,10000,30,0.6,10,1,10,,problem_solving
600,0.03670829441242061,0.004608800951804222,0.4,0.5560622573406924,[0.         0.01250408 0.         0.         0.01324912 0.01997317 0.01060694 0.         0.01637218 0.         0.         0.         0.         0.         0.         0.01928757 0.         0.01263686 0.         0.         0.         0.         0.         0.         0.01675788 0.86599069 0.         0.         0.         0.         0.01262151],[0. 1. 0. 0. 1. 1. 1. 0. 1. 0. 0. 0. 0. 0. 0. 1. 0. 1. 0. 0. 0. 0. 0. 0. 1. 1. 0. 0. 0. 0. 1.],10.0,10000,30,0.6,10,1,10,,problem_solving
700,0.03670829441242061,0.004608800951804222,0.4,-10.376824540591985,[0.         0.01250408 0.         0.         0.01324912 0.01997317 0.01060694 0.         0.01637218 0.         0.         0.         0.         0.         0.         0.01928757 0.         0.01263686 0.         0.         0.         0.         0.         0.         0.01675788 0.86599069 0.         0.         0.         0.         0.01262151],[0. 1. 0. 0. 1. 1. 1. 0. 1. 0. 0. 0. 0. 0. 0. 1. 0. 1. 0. 0. 0. 0. 0. 0. 1. 1. 0. 0. 0. 0. 1.],10.0,10000,30,0.6,10,1,10,,problem_solving
800,0.03670829441242061,0.004608800951804222,0.4,17.337950743259178,[0.         0.01250408 0.         0.         0.01324912 0.01997317 0.01060694 0.         0.01637218 0.         0.         0.         0.         0.         0.         0.01928757 0.         0.01263686 0.         0.         0.         0.         0.         0.         0.01675788 0.86599069 0.         0.         0.         0.         0.01262151],[0. 1. 0. 0. 1. 1. 1. 0. 1. 0. 0. 0. 0. 0. 0. 1. 0. 1. 0. 0. 0. 0. 0. 0. 1. 1. 0. 0. 0. 0. 1.],10.0,10000,30,0.6,10,1,10,,problem_solving
900,0.03670829441242061,0.004608800951804222,0.4,6.209320755967819,[0.         0.01250408 0.         0.         0.01324912 0.01997317 0.01060694 0.         0.01637218 0.         0.         0.         0.         0.         0.         0.01928757 0.         0.01263686 0.         0.         0.         0.         0.         0.         0.01675788 0.86599069 0.         0.         0.         0.         0.01262151],[0. 1. 0. 0. 1. 1. 1. 0. 1. 0. 0. 0. 0. 0. 0. 1. 0. 1. 0. 0. 0. 0. 0. 0. 1. 1. 0. 0. 0. 0. 1.],10.0,10000,30,0.6,10,1,10,,problem_solving
1000,0.03670829441242061,0.004608800951804222,0.4,6.063640064939692,[0.         0.01250408 0.         0.         0.01324912 0.01997317 0.01060694 0.         0.01637218 0.         0.         0.         0.         0.         0.         0.01928757 0.         0.01263686 0.         0.         0.         0.         0.         0.         0.01675788 0.86599069 0.         0.         0.         0.         0.01262151],[0. 1. 0. 0. 1. 1. 1. 0. 1. 0. 0. 0. 0. 0. 0. 1. 0. 1. 0. 0. 0. 0. 0. 0. 1. 1. 0. 0. 0. 0. 1.],10.0,10000,30,0.6,10,1,10,,problem_solving
1100,0.03670829441242061,0.004608800951804222,0.4,-0.6873143487697395,[0.         0.01250408 0.         0.         0.01324912 0.01997317 0.01060694 0.         0.01637218 0.         0.         0.         0.         0.         0.         0.01928757 0.         0.01263686 0.         0.         0.         0.         0.         0.         0.01675788 0.86599069 0.         0.         0.         0.         0.01262151],[0. 1. 0. 0. 1. 1. 1. 0. 1. 0. 0. 0. 0. 0. 0. 1. 0. 1. 0. 0. 0. 0. 0. 0. 1. 1. 0. 0. 0. 0. 1.],10.0,10000,30,0.6,10,1,10,,problem_solving
1200,0.03670829441242061,0.004608800951804222,0.4,-3.5286532748394523,[0.         0.01250408 0.         0.         0.01324912 0.01997317 0.01060694 0.         0.01637218 0.         0.         0.         0.         0.         0.         0.01928757 0.         0.01263686 0.         0.         0.         0.         0.         0.         0.01675788 0.86599069 0.         0.         0.         0.         0.01262151],[0. 1. 0. 0. 1. 1. 1. 0. 1. 0. 0. 0. 0. 0. 0. 1. 0. 1. 0. 0. 0. 0. 0. 0. 1. 1. 0. 0. 0. 0. 1.],10.0,10000,30,0.6,10,1,10,,problem_solving
1300,0.03670829441242061,0.004608800951804222,0.4,-12.246278363547429,[0.         0.01250408 0.         0.         0.01324912 0.01997317 0.01060694 0.         0.01637218 0.         0.         0.         0.         0.         0.         0.01928757 0.         0.01263686 0.         0.         0.         0.         0.         0.         0.01675788 0.86599069 0.         0.         0.         0.         0.01262151],[0. 1. 0. 0. 1. 1. 1. 0. 1. 0. 0. 0. 0. 0. 0. 1. 0. 1. 0. 0. 0. 0. 0. 0. 1. 1. 0. 0. 0. 0. 1.],10.0,10000,30,0.6,10,1,10,,problem_solving
1400,0.03670829441242061,0.004608800951804222,0.4,-14.402841504925192,[0.         0.01250408 0.         0.         0.01324912 0.01997317 0.01060694 0.         0.01637218 0.         0.         0.         0.         0.         0.         0.01928757 0.         0.01263686 0.         0.         0.         0.         0.         0.         0.01675788 0.86599069 0.         0.         0.         0.         0.01262151],[0. 1. 0. 0. 1. 1. 1. 0. 1. 0. 0. 0. 0. 0. 0. 1. 0. 1. 0. 0. 0. 0. 0. 0. 1. 1. 0. 0. 0. 0. 1.],10.0,10000,30,0.6,10,1,10,,problem_solving
1500,0.03670829441242061,0.004608800951804222,0.4,1.1122727582119243,[0.         0.01250408 0.         0.         0.01324912 0.01997317 0.01060694 0.         0.01637218 0.         0.         0.         0.         0.         0.         0.01928757 0.         0.01263686 0.         0.         0.         0.         0.         0.         0.01675788 0.86599069 0.         0.         0.         0.         0.01262151],[0. 1. 0. 0. 1. 1. 1. 0. 1. 0. 0. 0. 0. 0. 0. 1. 0. 1. 0. 0. 0. 0. 0. 0. 1. 1. 0. 0. 0. 0. 1.],10.0,10000,30,0.6,10,1,10,,problem_solving
1600,0.033194547202618864,0.004725367543580732,0.4,-20.999300657660967,[0.         0.         0.         0.0105984  0.         0.         0.         0.01058193 0.0106654  0.         0.         0.         0.01924682 0.01192625 0.01055981 0.         0.         0.         0.         0.         0.         0.         0.         0.         0.01876444 0.87399969 0.         0.01659714 0.01706011 0.         0.        ],[0. 0. 0. 1. 0. 0. 0. 1. 1. 0. 0. 0. 1. 1. 1. 0. 0. 0. 0. 0. 0. 0. 0. 0. 1. 1. 0. 1. 1. 0. 0.],10.0,10000,30,0.6,10,1,10,,problem_solving
1700,0.033194547202618864,0.004725367543580732,0.4,10.020011309863348,[0.         0.         0.         0.0105984  0.         0.         0.         0.01058193 0.0106654  0.         0.         0.         0.01924682 0.01192625 0.01055981 0.         0.         0.         0.         0.         0.         0.         0.         0.         0.01876444 0.87399969 0.         0.01659714 0.01706011 0.         0.        ],[0. 0. 0. 1. 0. 0. 0. 1. 1. 0. 0. 0. 1. 1. 1. 0. 0. 0. 0. 0. 0. 0. 0. 0. 1. 1. 0. 1. 1. 0. 0.],10.0,10000,30,0.6,10,1,10,,problem_solving
1800,0.033194547202618864,0.004725367543580732,0.4,0.3311185464740395,[0.         0.         0.         0.0105984  0.         0.         0.         0.01058193 0.0106654  0.         0.         0.         0.01924682 0.01192625 0.01055981 0.         0.         0.         0.         0.         0.         0.         0.         0.         0.01876444 0.87399969 0.         0.01659714 0.01706011 0.         0.        ],[0. 0. 0. 1. 0. 0. 0. 1. 1. 0. 0. 0. 1. 1. 1. 0. 0. 0. 0. 0. 0. 0. 0. 0. 1. 1. 0. 1. 1. 0. 0.],10.0,10000,30,0.6,10,1,10,,problem_solving
1900,0.033194547202618864,0.004725367543580732,0.4,-4.698821688684235,[0.         0.         0.         0.0105984  0.         0.         0.         0.01058193 0.0106654  0.         0.         0.         0.01924682 0.01192625 0.01055981 0.         0.         0.         0.         0.         0.         0.         0.         0.         0.01876444 0.87399969 0.         0.01659714 0.01706011 0.         0.        ],[0. 0. 0. 1. 0. 0. 0. 1. 1. 0. 0. 0. 1. 1. 1. 0. 0. 0. 0. 0. 0. 0. 0. 0. 1. 1. 0. 1. 1. 0. 0.],10.0,10000,30,0.6,10,1,10,,problem_solving
2000,0.033194547202618864,0.004725367543580732,0.4,11.23822945204991,[0.         0.         0.         0.0105984  0.         0.         0.         0.01058193 0.0106654  0.         0.         0.         0.01924682 0.01192625 0.01055981 0.         0.         0.         0.         0.         0.         0.         0.         0.         0.01876444 0.87399969 0.         0.01659714 0.01706011 0.         0.        ],[0. 0. 0. 1. 0. 0. 0. 1. 1. 0. 0. 0. 1. 1. 1. 0. 0. 0. 0. 0. 0. 0. 0. 0. 1. 1. 0. 1. 1. 0. 0.],10.0,10000,30,0.6,10,1,10,,problem_solving
2100,0.033194547202618864,0.004725367543580732,0.4,-2.5457836620386454,[0.         0.         0.         0.0105984  0.         0.         0.         0.01058193 0.0106654  0.         0.         0.         0.01924682 0.01192625 0.01055981 0.         0.         0.         0.         0.         0.         0.         0.         0.         0.01876444 0.87399969 0.         0.01659714 0.01706011 0.         0.        ],[0. 0. 0. 1. 0. 0. 0. 1. 1. 0. 0. 0. 1. 1. 1. 0. 0. 0. 0. 0. 0. 0. 0. 0. 1. 1. 0. 1. 1. 0. 0.],10.0,10000,30,0.6,10,1,10,,problem_solving
2200,0.033194547202618864,0.004725367543580732,0.4,8.615397949899737,[0.         0.         0.         0.0105984  0.         0.         0.         0.01058193 0.0106654  0.         0.         0.         0.01924682 0.01192625 0.01055981 0.         0.         0.         0.         0.         0.         0.         0.         0.         0.01876444 0.87399969 0.         0.01659714 0.01706011 0.         0.        ],[0. 0. 0. 1. 0. 0. 0. 1. 1. 0. 0. 0. 1. 1. 1. 0. 0. 0. 0. 0. 0. 0. 0. 0. 1. 1. 0. 1. 1. 0. 0.],10.0,10000,30,0.6,10,1,10,,problem_solving
2300,0.033194547202618864,0.004725367543580732,0.4,9.465855841039481,[0.         0.         0.         0.0105984  0.         0.         0.         0.01058193 0.0106654  0.         0.         0.         0.01924682 0.01192625 0.01055981 0.         0.         0.         0.         0.         0.         0.         0.         0.         0.01876444 0.87399969 0.         0.01659714 0.01706011 0.         0.        ],[0. 0. 0. 1. 0. 0. 0. 1. 1. 0. 0. 0. 1. 1. 1. 0. 0. 0. 0. 0. 0. 0. 0. 0. 1. 1. 0. 1. 1. 0. 0.],10.0,10000,30,0.6,10,1,10,,problem_solving
2400,0.033194547202618864,0.004725367543580732,0.4,-2.165479085354654,[0.         0.         0.         0.0105984  0.         0.         0.         0.01058193 0.0106654  0.         0.         0.         0.01924682 0.01192625 0.01055981 0.         0.         0.         0.         0.         0.         0.         0.         0.         0.01876444 0.87399969 0.         0.01659714 0.01706011 0.         0.        ],[0. 0. 0. 1. 0. 0. 0. 1. 1. 0. 0. 0. 1. 1. 1. 0. 0. 0. 0. 0. 0. 0. 0. 0. 1. 1. 0. 1. 1. 0. 0.],10.0,10000,30,0.6,10,1,10,,problem_solving
2500,0.033194547202618864,0.004725367543580732,0.4,5.907895004121824,[0.         0.         0.         0.0105984  0.         0.         0.         0.01058193 0.0106654  0.         0.         0.         0.01924682 0.01192625 0.01055981 0.         0.         0.         0.         0.         0.         0.         0.         0.         0.01876444 0.87399969 0.         0.01659714 0.01706011 0.         0.        ],[0. 0. 0. 1. 0. 0. 0. 1. 1. 0. 0. 0. 1. 1. 1. 0. 0. 0. 0. 0. 0. 0. 0. 0. 1. 1. 0. 1. 1. 0. 0.],10.0,10000,30,0.6,10,1,10,,problem_solving
2600,0.033194547202618864,0.004725367543580732,0.4,-13.967760900288699,[0.         0.         0.         0.0105984  0.         0.         0.         0.01058193 0.0106654  0.         0.         0.         0.01924682 0.01192625 0.01055981 0.         0.         0.         0.         0.         0.         0.         0.         0.         0.01876444 0.87399969 0.         0.01659714 0.01706011 0.         0.        ],[0. 0. 0. 1. 0. 0. 0. 1. 1. 0. 0. 0. 1. 1. 1. 0. 0. 0. 0. 0. 0. 0. 0. 0. 1. 1. 0. 1. 1. 0. 0.],10.0,10000,30,0.6,10,1,10,,problem_solving
2700,0.033194547202618864,0.004725367543580732,0.4,-3.43316227614768,[0.         0.         0.         0.0105984  0.         0.         0.         0.01058193 0.0106654  0.         0.         0.         0.01924682 0.01192625 0.01055981 0.         0.         0.         0.         0.         0.         0.         0.         0.         0.01876444 0.87399969 0.         0.01659714 0.01706011 0.         0.        ],[0. 0. 0. 1. 0. 0. 0. 1. 1. 0. 0. 0. 1. 1. 1. 0. 0. 0. 0. 0. 0. 0. 0. 0. 1. 1. 0. 1. 1. 0. 0.],10.0,10000,30,0.6,10,1,10,,problem_solving
2800,0.033194547202618864,0.004725367543580732,0.4,-7.184462648532547,[0.         0.         0.         0.0105984  0.         0.         0.         0.01058193 0.0106654  0.         0.         0.         0.01924682 0.01192625 0.01055981 0.         0.         0.         0.         0.         0.         0.         0.         0.         0.01876444 0.87399969 0.         0.01659714 0.01706011 0.         0.        ],[0. 0. 0. 1. 0. 0. 0. 1. 1. 0. 0. 0. 1. 1. 1. 0. 0. 0. 0. 0. 0. 0. 0. 0. 1. 1. 0. 1. 1. 0. 0.],10.0,10000,30,0.6,10,1,10,,problem_solving
2900,0.033194547202618864,0.004725367543580732,0.4,-2.5505424944579342,[0.         0.         0.         0.0105984  0.         0.         0.         0.01058193 0.0106654  0.         0.         0.         0.01924682 0.01192625 0.01055981 0.         0.         0.         0.         0.         0.         0.         0.         0.         0.01876444 0.87399969 0.         0.01659714 0.01706011 0.         0.        ],[0. 0. 0. 1. 0. 0. 0. 1. 1. 0. 0. 0. 1. 1. 1. 0. 0. 0. 0. 0. 0. 0. 0. 0. 1. 1. 0. 1. 1. 0. 0.],10.0,10000,30,0.6,10,1,10,,problem_solving
3000,0.033194547202618864,0.004725367543580732,0.4,19.70444359339413,[0.         0.         0.         0.0105984  0.         0.         0.         0.01058193 0.0106654  0.         0.         0.         0.01924682 0.01192625 0.01055981 0.         0.         0.         0.         0.         0.         0.         0.         0.         0.01876444 0.87399969 0.         0.01659714 0.01706011 0.         0.        ],[0. 0. 0. 1. 0. 0. 0. 1. 1. 0. 0. 0. 1. 1. 1. 0. 0. 0. 0. 0. 0. 0. 0. 0. 1. 1. 0. 1. 1. 0. 0.],10.0,10000,30,0.6,10,1,10,,problem_solving
3100,0.033194547202618864,0.004725367543580732,0.4,-1.7669143591681316,[0.         0.         0.         0.0105984  0.         0.         0.         0.01058193 0.0106654  0.         0.         0.         0.01924682 0.01192625 0.01055981 0.         0.         0.         0.         0.         0.         0.         0.         0.         0.01876444 0.87399969 0.         0.01659714 0.01706011 0.         0.        ],[0. 0. 0. 1. 0. 0. 0. 1. 1. 0. 0. 0. 1. 1. 1. 0. 0. 0. 0. 0. 0. 0. 0. 0. 1. 1. 0. 1. 1. 0. 0.],10.0,10000,30,0.6,10,1,10,,problem_solving
3200,0.033194547202618864,0.004725367543580732,0.4,-0.8764572986916651,[0.         0.         0.         0.0105984  0.         0.         0.         0.01058193 0.0106654  0.         0.         0.         0.01924682 0.01192625 0.01055981 0.         0.         0.         0.         0.         0.         0.         0.         0.         0.01876444 0.87399969 0.         0.01659714 0.01706011 0.         0.        ],[0. 0. 0. 1. 0. 0. 0. 1. 1. 0. 0. 0. 1. 1. 1. 0. 0. 0. 0. 0. 0. 0. 0. 0. 1. 1. 0. 1. 1. 0. 0.],10.0,10000,30,0.6,10,1,10,,problem_solving
3300,0.033194547202618864,0.004725367543580732,0.4,19.998768645250305,[0.         0.         0.         0.0105984  0.         0.         0.         0.01058193 0.0106654  0.         0.         0.         0.01924682 0.01192625 0.01055981 0.         0.         0.         0.         0.         0.         0.         0.         0.         0.01876444 0.87399969 0.         0.01659714 0.01706011 0.         0.        ],[0. 0. 0. 1. 0. 0. 0. 1. 1. 0. 0. 0. 1. 1. 1. 0. 0. 0. 0. 0. 0. 0. 0. 0. 1. 1. 0. 1. 1. 0. 0.],10.0,10000,30,0.6,10,1,10,,problem_solving
3400,0.033194547202618864,0.004725367543580732,0.4,-10.746470999338573,[0.         0.         0.         0.0105984  0.         0.         0.         0.01058193 0.0106654  0.         0.         0.         0.01924682 0.01192625 0.01055981 0.         0.         0.         0.         0.         0.         0.         0.         0.         0.01876444 0.87399969 0.         0.01659714 0.01706011 0.         0.        ],[0. 0. 0. 1. 0. 0. 0. 1. 1. 0. 0. 0. 1. 1. 1. 0. 0. 0. 0. 0. 0. 0. 0. 0. 1. 1. 0. 1. 1. 0. 0.],10.0,10000,30,0.6,10,1,10,,problem_solving
3500,0.033194547202618864,0.004725367543580732,0.4,1.2183083856341588,[0.         0.         0.         0.0105984  0.         0.         0.         0.01058193 0.0106654  0.         0.         0.         0.01924682 0.01192625 0.01055981 0.         0.         0.         0.         0.         0.         0.         0.         0.         0.01876444 0.87399969 0.         0.01659714 0.01706011 0.         0.        ],[0. 0. 0. 1. 0. 0. 0. 1. 1. 0. 0. 0. 1. 1. 1. 0. 0. 0. 0. 0. 0. 0. 0. 0. 1. 1. 0. 1. 1. 0. 0.],10.0,10000,30,0.6,10,1,10,,problem_solving
3600,0.033194547202618864,0.004725367543580732,0.4,7.36511708457267,[0.         0.         0.         0.0105984  0.         0.         0.         0.01058193 0.0106654  0.         0.         0.         0.01924682 0.01192625 0.01055981 0.         0.         0.         0.         0.         0.         0.         0.         0.         0.01876444 0.87399969 0.         0.01659714 0.01706011 0.         0.        ],[0. 0. 0. 1. 0. 0. 0. 1. 1. 0. 0. 0. 1. 1. 1. 0. 0. 0. 0. 0. 0. 0. 0. 0. 1. 1. 0. 1. 1. 0. 0.],10.0,10000,30,0.6,10,1,10,,problem_solving
3700,0.033194547202618864,0.004725367543580732,0.4,-9.528039005612378,[0.         0.         0.         0.0105984  0.         0.         0.         0.01058193 0.0106654  0.         0.         0.         0.01924682 0.01192625 0.01055981 0.         0.         0.         0.         0.         0.         0.         0.         0.         0.01876444 0.87399969 0.         0.01659714 0.01706011 0.         0.        ],[0. 0. 0. 1. 0. 0. 0. 1. 1. 0. 0. 0. 1. 1. 1. 0. 0. 0. 0. 0. 0. 0. 0. 0. 1. 1. 0. 1. 1. 0. 0.],10.0,10000,30,0.6,10,1,10,,problem_solving
3800,0.033194547202618864,0.004725367543580732,0.4,-8.081190551592867,[0.         0.         0.         0.0105984  0.         0.         0.         0.01058193 0.0106654  0.         0.         0.         0.01924682 0.01192625 0.01055981 0.         0.         0.         0.         0.         0.         0.         0.         0.         0.01876444 0.87399969 0.         0.01659714 0.01706011 0.         0.        ],[0. 0. 0. 1. 0. 0. 0. 1. 1. 0. 0. 0. 1. 1. 1. 0. 0. 0. 0. 0. 0. 0. 0. 0. 1. 1. 0. 1. 1. 0. 0.],10.0,10000,30,0.6,10,1,10,,problem_solving
3900,0.033194547202618864,0.004725367543580732,0.4,-17.220957309472876,[0.         0.         0.         0.0105984  0.         0.         0.         0.01058193 0.0106654  0.         0.         0.         0.01924682 0.01192625 0.01055981 0.         0.         0.         0.         0.         0.         0.         0.         0.         0.01876444 0.87399969 0.         0.01659714 0.01706011 0.         0.        ],[0. 0. 0. 1. 0. 0. 0. 1. 1. 0. 0. 0. 1. 1. 1. 0. 0. 0. 0. 0. 0. 0. 0. 0. 1. 1. 0. 1. 1. 0. 0.],10.0,10000,30,0.6,10,1,10,,problem_solving
4000,0.033194547202618864,0.004725367543580732,0.4,-0.18942037749575386,[0.         0.         0.         0.0105984  0.         0.         0.         0.01058193 0.0106654  0.         0.         0.         0.01924682 0.01192625 0.01055981 0.         0.         0.         0.         0.         0.         0.         0.         0.         0.01876444 0.87399969 0.         0.01659714 0.01706011 0.         0.        ],[0. 0. 0. 1. 0. 0. 0. 1. 1. 0. 0. 0. 1. 1. 1. 0. 0. 0. 0. 0. 0. 0. 0. 0. 1. 1. 0. 1. 1. 0. 0.],10.0,10000,30,0.6,10,1,10,,problem_solving
4100,0.033194547202618864,0.004725367543580732,0.4,-1.2969335476845865,[0.         0.         0.         0.0105984  0.         0.         0.         0.01058193 0.0106654  0.         0.         0.         0.01924682 0.01192625 0.01055981 0.         0.         0.         0.         0.         0.         0.         0.         0.         0.01876444 0.87399969 0.         0.01659714 0.01706011 0.         0.        ],[0. 0. 0. 1. 0. 0. 0. 1. 1. 0. 0. 0. 1. 1. 1. 0. 0. 0. 0. 0. 0. 0. 0. 0. 1. 1. 0. 1. 1. 0. 0.],10.0,10000,30,0.6,10,1,10,,problem_solving
4200,0.033194547202618864,0.004725367543580732,0.4,19.057643159123593,[0.         0.         0.         0.0105984  0.         0.         0.         0.01058193 0.0106654  0.         0.         0.         0.01924682 0.01192625 0.01055981 0.         0.         0.         0.         0.         0.         0.         0.         0.         0.01876444 0.87399969 0.         0.01659714 0.01706011 0.         0.        ],[0. 0. 0. 1. 0. 0. 0. 1. 1. 0. 0. 0. 1. 1. 1. 0. 0. 0. 0. 0. 0. 0. 0. 0. 1. 1. 0. 1. 1. 0. 0.],10.0,10000,30,0.6,10,1,10,,problem_solving
4300,0.033194547202618864,0.004725367543580732,0.4,-6.949715326195912,[0.         0.         0.         0.0105984  0.         0.         0.         0.01058193 0.0106654  0.         0.         0.         0.01924682 0.01192625 0.01055981 0.         0.         0.         0.         0.         0.         0.         0.         0.         0.01876444 0.87399969 0.         0.01659714 0.01706011 0.         0.        ],[0. 0. 0. 1. 0. 0. 0. 1. 1. 0. 0. 0. 1. 1. 1. 0. 0. 0. 0. 0. 0. 0. 0. 0. 1. 1. 0. 1. 1. 0. 0.],10.0,10000,30,0.6,10,1,10,,problem_solving
4400,0.033194547202618864,0.004725367543580732,0.4,-2.8147438133865483,[0.         0.         0.         0.0105984  0.         0.         0.         0.01058193 0.0106654  0.         0.         0.         0.01924682 0.01192625 0.01055981 0.         0.         0.         0.         0.         0.         0.         0.         0.         0.01876444 0.87399969 0.         0.01659714 0.01706011 0.         0.        ],[0. 0. 0. 1. 0. 0. 0. 1. 1. 0. 0. 0. 1. 1. 1. 0. 0. 0. 0. 0. 0. 0. 0. 0. 1. 1. 0. 1. 1. 0. 0.],10.0,10000,30,0.6,10,1,10,,problem_solving
4500,0.033194547202618864,0.004725367543580732,0.4,-18.089700964744747,[0.         0.         0.         0.0105984  0.         0.         0.         0.01058193 0.0106654  0.         0.         0.         0.01924682 0.01192625 0.01055981 0.         0.         0.         0.         0.         0.         0.         0.         0.         0.01876444 0.87399969 0.         0.01659714 0.01706011 0.         0.        ],[0. 0. 0. 1. 0. 0. 0. 1. 1. 0. 0. 0. 1. 1. 1. 0. 0. 0. 0. 0. 0. 0. 0. 0. 1. 1. 0. 1. 1. 0. 0.],10.0,10000,30,0.6,10,1,10,,problem_solving
4600,0.033194547202618864,0.004725367543580732,0.4,-12.522000765217467,[0.         0.         0.         0.0105984  0.         0.         0.         0.01058193 0.0106654  0.         0.         0.         0.01924682 0.01192625 0.01055981 0.         0.         0.         0.         0.         0.         0.         0.         0.         0.01876444 0.87399969 0.         0.01659714 0.01706011 0.         0.        ],[0. 0. 0. 1. 0. 0. 0. 1. 1. 0. 0. 0. 1. 1. 1. 0. 0. 0. 0. 0. 0. 0. 0. 0. 1. 1. 0. 1. 1. 0. 0.],10.0,10000,30,0.6,10,1,10,,problem_solving
4700,0.033194547202618864,0.004725367543580732,0.4,14.04753072546102,[0.         0.         0.         0.0105984  0.         0.         0.         0.01058193 0.0106654  0.         0.         0.         0.01924682 0.01192625 0.01055981 0.         0.         0.         0.         0.         0.         0.         0.         0.         0.01876444 0.87399969 0.         0.01659714 0.01706011 0.         0.        ],[0. 0. 0. 1. 0. 0. 0. 1. 1. 0. 0. 0. 1. 1. 1. 0. 0. 0. 0. 0. 0. 0. 0. 0. 1. 1. 0. 1. 1. 0. 0.],10.0,10000,30,0.6,10,1,10,,problem_solving
4800,0.031634319775570116,0.0046728662425024195,0.4,8.490184575946797,[0.         0.         0.         0.01183387 0.01071369 0.01364186 0.         0.         0.01068069 0.         0.         0.         0.         0.01662335 0.0173332  0.01076956 0.         0.01482746 0.         0.         0.         0.         0.         0.         0.         0.88270642 0.0108699  0.         0.         0.         0.        ],[0. 0. 0. 1. 1. 1. 0. 0. 1. 0. 0. 0. 0. 1. 1. 1. 0. 1. 0. 0. 0. 0. 0. 0. 0. 1. 1. 0. 0. 0. 0.],10.0,10000,30,0.6,10,1,10,,problem_solving
4900,0.031634319775570116,0.0046728662425024195,0.4,-21.738602762325584,[0.         0.         0.         0.01183387 0.01071369 0.01364186 0.         0.         0.01068069 0.         0.         0.         0.         0.01662335 0.0173332  0.01076956 0.         0.01482746 0.         0.         0.         0.         0.         0.         0.         0.88270642 0.0108699  0.         0.         0.         0.        ],[0. 0. 0. 1. 1. 1. 0. 0. 1. 0. 0. 0. 0. 1. 1. 1. 0. 1. 0. 0. 0. 0. 0. 0. 0. 1. 1. 0. 0. 0. 0.],10.0,10000,30,0.6,10,1,10,,problem_solving
5000,0.031634319775570116,0.0046728662425024195,0.4,1.0648109770195577,[0.         0.         0.         0.01183387 0.01071369 0.01364186 0.         0.         0.01068069 0.         0.         0.         0.         0.01662335 0.0173332  0.01076956 0.         0.01482746 0.         0.         0.         0.         0.         0.         0.         0.88270642 0.0108699  0.         0.         0.         0.        ],[0. 0. 0. 1. 1. 1. 0. 0. 1. 0. 0. 0. 0. 1. 1. 1. 0. 1. 0. 0. 0. 0. 0. 0. 0. 1. 1. 0. 0. 0. 0.],10.0,10000,30,0.6,10,1,10,,problem_solving
5100,0.031634319775570116,0.0046728662425024195,0.4,2.127592468075075,[0.         0.         0.         0.01183387 0.01071369 0.01364186 0.         0.         0.01068069 0.         0.         0.         0.         0.01662335 0.0173332  0.01076956 0.         0.01482746 0.         0.         0.         0.         0.         0.         0.         0.88270642 0.0108699  0.         0.         0.         0.        ],[0. 0. 0. 1. 1. 1. 0. 0. 1. 0. 0. 0. 0. 1. 1. 1. 0. 1. 0. 0. 0. 0. 0. 0. 0. 1. 1. 0. 0. 0. 0.],10.0,10000,30,0.6,10,1,10,,problem_solving
5200,0.031634319775570116,0.0046728662425024195,0.4,2.857576045549645,[0.         0.         0.         0.01183387 0.01071369 0.01364186 0.         0.         0.01068069 0.         0.         0.         0.         0.01662335 0.0173332  0.01076956 0.         0.01482746 0.         0.         0.         0.         0.         0.         0.         0.88270642 0.0108699  0.         0.         0.         0.        ],[0. 0. 0. 1. 1. 1. 0. 0. 1. 0. 0. 0. 0. 1. 1. 1. 0. 1. 0. 0. 0. 0. 0. 0. 0. 1. 1. 0. 0. 0. 0.],10.0,10000,30,0.6,10,1,10,,problem_solving
5300,0.031634319775570116,0.0046728662425024195,0.4,8.971429558369694,[0.         0.         0.         0.01183387 0.01071369 0.01364186 0.         0.         0.01068069 0.         0.         0.         0.         0.01662335 0.0173332  0.01076956 0.         0.01482746 0.         0.         0.         0.         0.         0.         0.         0.88270642 0.0108699  0.         0.         0.         0.        ],[0. 0. 0. 1. 1. 1. 0. 0. 1. 0. 0. 0. 0. 1. 1. 1. 0. 1. 0. 0. 0. 0. 0. 0. 0. 1. 1. 0. 0. 0. 0.],10.0,10000,30,0.6,10,1,10,,problem_solving
5400,0.031634319775570116,0.0046728662425024195,0.4,2.709737317648522,[0.         0.         0.         0.01183387 0.01071369 0.01364186 0.         0.         0.01068069 0.         0.         0.         0.         0.01662335 0.0173332  0.01076956 0.         0.01482746 0.         0.         0.         0.         0.         0.         0.         0.88270642 0.0108699  0.         0.         0.         0.        ],[0. 0. 0. 1. 1. 1. 0. 0. 1. 0. 0. 0. 0. 1. 1. 1. 0. 1. 0. 0. 0. 0. 0. 0. 0. 1. 1. 0. 0. 0. 0.],10.0,10000,30,0.6,10,1,10,,problem_solving
5500,0.031634319775570116,0.0046728662425024195,0.4,1.046503251753987,[0.         0.         0.         0.01183387 0.01071369 0.01364186 0.         0.         0.01068069 0.         0.         0.         0.         0.01662335 0.0173332  0.01076956 0.         0.01482746 0.         0.         0.         0.         0.         0.         0.         0.88270642 0.0108699  0.         0.         0.         0.        ],[0. 0. 0. 1. 1. 1. 0. 0. 1. 0. 0. 0. 0. 1. 1. 1. 0. 1. 0. 0. 0. 0. 0. 0. 0. 1. 1. 0. 0. 0. 0.],10.0,10000,30,0.6,10,1,10,,problem_solving
5600,0.031634319775570116,0.0046728662425024195,0.4,-5.366724807167843,[0.         0.         0.         0.01183387 0.01071369 0.01364186 0.         0.         0.01068069 0.         0.         0.         0.         0.01662335 0.0173332  0.01076956 0.         0.01482746 0.         0.         0.         0.         0.         0.         0.         0.88270642 0.0108699  0.         0.         0.         0.        ],[0. 0. 0. 1. 1. 1. 0. 0. 1. 0. 0. 0. 0. 1. 1. 1. 0. 1. 0. 0. 0. 0. 0. 0. 0. 1. 1. 0. 0. 0. 0.],10.0,10000,30,0.6,10,1,10,,problem_solving
5700,0.031634319775570116,0.0046728662425024195,0.4,-4.647079537859707,[0.         0.         0.         0.01183387 0.01071369 0.01364186 0.         0.         0.01068069 0.         0.         0.         0.         0.01662335 0.0173332  0.01076956 0.         0.01482746 0.         0.         0.         0.         0.         0.         0.         0.88270642 0.0108699  0.         0.         0.         0.        ],[0. 0. 0. 1. 1. 1. 0. 0. 1. 0. 0. 0. 0. 1. 1. 1. 0. 1. 0. 0. 0. 0. 0. 0. 0. 1. 1. 0. 0. 0. 0.],10.0,10000,30,0.6,10,1,10,,problem_solving
5800,0.031634319775570116,0.0046728662425024195,0.4,-17.159933318014637,[0.         0.         0.         0.01183387 0.01071369 0.01364186 0.         0.         0.01068069 0.         0.         0.         0.         0.01662335 0.0173332  0.01076956 0.         0.01482746 0.         0.         0.         0.         0.         0.         0.         0.88270642 0.0108699  0.         0.         0.         0.        ],[0. 0. 0. 1. 1. 1. 0. 0. 1. 0. 0. 0. 0. 1. 1. 1. 0. 1. 0. 0. 0. 0. 0. 0. 0. 1. 1. 0. 0. 0. 0.],10.0,10000,30,0.6,10,1,10,,problem_solving
5900,0.031634319775570116,0.0046728662425024195,0.4,15.229981036317586,[0.         0.         0.         0.01183387 0.01071369 0.01364186 0.         0.         0.01068069 0.         0.         0.         0.         0.01662335 0.0173332  0.01076956 0.         0.01482746 0.         0.         0.         0.         0.         0.         0.         0.88270642 0.0108699  0.         0.         0.         0.        ],[0. 0. 0. 1. 1. 1. 0. 0. 1. 0. 0. 0. 0. 1. 1. 1. 0. 1. 0. 0. 0. 0. 0. 0. 0. 1. 1. 0. 0. 0. 0.],10.0,10000,30,0.6,10,1,10,,problem_solving
6000,0.031634319775570116,0.0046728662425024195,0.4,-8.593645474503775,[0.         0.         0.         0.01183387 0.01071369 0.01364186 0.         0.         0.01068069 0.         0.         0.         0.         0.01662335 0.0173332  0.01076956 0.         0.01482746 0.         0.         0.         0.         0.         0.         0.         0.88270642 0.0108699  0.         0.         0.         0.        ],[0. 0. 0. 1. 1. 1. 0. 0. 1. 0. 0. 0. 0. 1. 1. 1. 0. 1. 0. 0. 0. 0. 0. 0. 0. 1. 1. 0. 0. 0. 0.],10.0,10000,30,0.6,10,1,10,,problem_solving
6100,0.031634319775570116,0.0046728662425024195,0.4,-17.698846235616525,[0.         0.         0.         0.01183387 0.01071369 0.01364186 0.         0.         0.01068069 0.         0.         0.         0.         0.01662335 0.0173332  0.01076956 0.         0.01482746 0.         0.         0.         0.         0.         0.         0.         0.88270642 0.0108699  0.         0.         0.         0.        ],[0. 0. 0. 1. 1. 1. 0. 0. 1. 0. 0. 0. 0. 1. 1. 1. 0. 1. 0. 0. 0. 0. 0. 0. 0. 1. 1. 0. 0. 0. 0.],10.0,10000,30,0.6,10,1,10,,problem_solving
6200,0.031634319775570116,0.0046728662425024195,0.4,4.292901775617134,[0.         0.         0.         0.01183387 0.01071369 0.01364186 0.         0.         0.01068069 0.         0.         0.         0.         0.01662335 0.0173332  0.01076956 0.         0.01482746 0.         0.         0.         0.         0.         0.         0.         0.88270642 0.0108699  0.         0.         0.         0.        ],[0. 0. 0. 1. 1. 1. 0. 0. 1. 0. 0. 0. 0. 1. 1. 1. 0. 1. 0. 0. 0. 0. 0. 0. 0. 1. 1. 0. 0. 0. 0.],10.0,10000,30,0.6,10,1,10,,problem_solving
6300,0.031634319775570116,0.0046728662425024195,0.4,2.0155022538660665,[0.         0.         0.         0.01183387 0.01071369 0.01364186 0.         0.         0.01068069 0.         0.         0.         0.         0.01662335 0.0173332  0.01076956 0.         0.01482746 0.         0.         0.         0.         0.         0.         0.         0.88270642 0.0108699  0.         0.         0.         0.        ],[0. 0. 0. 1. 1. 1. 0. 0. 1. 0. 0. 0. 0. 1. 1. 1. 0. 1. 0. 0. 0. 0. 0. 0. 0. 1. 1. 0. 0. 0. 0.],10.0,10000,30,0.6,10,1,10,,problem_solving
6400,0.031634319775570116,0.0046728662425024195,0.4,6.032167905309191,[0.         0.         0.         0.01183387 0.01071369 0.01364186 0.         0.         0.01068069 0.         0.         0.         0.         0.01662335 0.0173332  0.01076956 0.         0.01482746 0.         0.         0.         0.         0.         0.         0.         0.88270642 0.0108699  0.         0.         0.         0.        ],[0. 0. 0. 1. 1. 1. 0. 0. 1. 0. 0. 0. 0. 1. 1. 1. 0. 1. 0. 0. 0. 0. 0. 0. 0. 1. 1. 0. 0. 0. 0.],10.0,10000,30,0.6,10,1,10,,problem_solving
6500,0.031634319775570116,0.0046728662425024195,0.4,0.27395338848936457,[0.         0.         0.         0.01183387 0.01071369 0.01364186 0.         0.         0.01068069 0.         0.         0.         0.         0.01662335 0.0173332  0.01076956 0.         0.01482746 0.         0.         0.         0.         0.         0.         0.         0.88270642 0.0108699  0.         0.         0.         0.        ],[0. 0. 0. 1. 1. 1. 0. 0. 1. 0. 0. 0. 0. 1. 1. 1. 0. 1. 0. 0. 0. 0. 0. 0. 0. 1. 1. 0. 0. 0. 0.],10.0,10000,30,0.6,10,1,10,,problem_solving
6600,0.031634319775570116,0.0046728662425024195,0.4,2.7186625589804563,[0.         0.         0.         0.01183387 0.01071369 0.01364186 0.         0.         0.01068069 0.         0.         0.         0.         0.01662335 0.0173332  0.01076956 0.         0.01482746 0.         0.         0.         0.         0.         0.         0.         0.88270642 0.0108699  0.         0.         0.         0.        ],[0. 0. 0. 1. 1. 1. 0. 0. 1. 0. 0. 0. 0. 1. 1. 1. 0. 1. 0. 0. 0. 0. 0. 0. 0. 1. 1. 0. 0. 0. 0.],10.0,10000,30,0.6,10,1,10,,problem_solving
6700,0.031634319775570116,0.0046728662425024195,0.4,12.768993368765818,[0.         0.         0.         0.01183387 0.01071369 0.01364186 0.         0.         0.01068069 0.         0.         0.         0.         0.01662335 0.0173332  0.01076956 0.         0.01482746 0.         0.         0.         0.         0.         0.         0.         0.88270642 0.0108699  0.         0.         0.         0.        ],[0. 0. 0. 1. 1. 1. 0. 0. 1. 0. 0. 0. 0. 1. 1. 1. 0. 1. 0. 0. 0. 0. 0. 0. 0. 1. 1. 0. 0. 0. 0.],10.0,10000,30,0.6,10,1,10,,problem_solving
6800,0.031634319775570116,0.0046728662425024195,0.4,4.80266117312108,[0.         0.         0.         0.01183387 0.01071369 0.01364186 0.         0.         0.01068069 0.         0.         0.         0.         0.01662335 0.0173332  0.01076956 0.         0.01482746 0.         0.         0.         0.         0.         0.         0.         0.88270642 0.0108699  0.         0.         0.         0.        ],[0. 0. 0. 1. 1. 1. 0. 0. 1. 0. 0. 0. 0. 1. 1. 1. 0. 1. 0. 0. 0. 0. 0. 0. 0. 1. 1. 0. 0. 0. 0.],10.0,10000,30,0.6,10,1,10,,problem_solving
6900,0.031031157670075065,0.0047230405732428486,0.4,-8.281675558160359,[0.         0.         0.         0.         0.01407856 0.01172549 0.         0.01038503 0.         0.         0.         0.01116952 0.         0.         0.01038566 0.         0.01648168 0.         0.         0.01535461 0.0158867  0.         0.         0.01043539 0.         0.88409736 0.         0.         0.         0.         0.        ],[0. 0. 0. 0. 1. 1. 0. 1. 0. 0. 0. 1. 0. 0. 1. 0. 1. 0. 0. 1. 1. 0. 0. 1. 0. 1. 0. 0. 0. 0. 0.],10.0,10000,30,0.6,10,1,10,,problem_solving
7000,0.031031157670075065,0.0047230405732428486,0.4,9.18928436961582,[0.         0.         0.         0.         0.01407856 0.01172549 0.         0.01038503 0.         0.         0.         0.01116952 0.         0.         0.01038566 0.         0.01648168 0.         0.         0.01535461 0.0158867  0.         0.         0.01043539 0.         0.88409736 0.         0.         0.         0.         0.        ],[0. 0. 0. 0. 1. 1. 0. 1. 0. 0. 0. 1. 0. 0. 1. 0. 1. 0. 0. 1. 1. 0. 0. 1. 0. 1. 0. 0. 0. 0. 0.],10.0,10000,30,0.6,10,1,10,,problem_solving
7100,0.031031157670075065,0.0047230405732428486,0.4,13.966991816380364,[0.         0.         0.         0.         0.01407856 0.01172549 0.         0.01038503 0.         0.         0.         0.01116952 0.         0.         0.01038566 0.         0.01648168 0.         0.         0.01535461 0.0158867  0.         0.         0.01043539 0.         0.88409736 0.         0.         0.         0.         0.        ],[0. 0. 0. 0. 1. 1. 0. 1. 0. 0. 0. 1. 0. 0. 1. 0. 1. 0. 0. 1. 1. 0. 0. 1. 0. 1. 0. 0. 0. 0. 0.],10.0,10000,30,0.6,10,1,10,,problem_solving
7200,0.031031157670075065,0.0047230405732428486,0.4,2.280252135806275,[0.         0.         0.         0.         0.01407856 0.01172549 0.         0.01038503 0.         0.         0.         0.01116952 0.         0.         0.01038566 0.         0.01648168 0.         0.         0.01535461 0.0158867  0.         0.         0.01043539 0.         0.88409736 0.         0.         0.         0.         0.        ],[0. 0. 0. 0. 1. 1. 0. 1. 0. 0. 0. 1. 0. 0. 1. 0. 1. 0. 0. 1. 1. 0. 0. 1. 0. 1. 0. 0. 0. 0. 0.],10.0,10000,30,0.6,10,1,10,,problem_solving
7300,0.031031157670075065,0.0047230405732428486,0.4,11.638159460188364,[0.         0.         0.         0.         0.01407856 0.01172549 0.         0.01038503 0.         0.         0.         0.01116952 0.         0.         0.01038566 0.         0.01648168 0.         0.         0.01535461 0.0158867  0.         0.         0.01043539 0.         0.88409736 0.         0.         0.         0.         0.        ],[0. 0. 0. 0. 1. 1. 0. 1. 0. 0. 0. 1. 0. 0. 1. 0. 1. 0. 0. 1. 1. 0. 0. 1. 0. 1. 0. 0. 0. 0. 0.],10.0,10000,30,0.6,10,1,10,,problem_solving
7400,0.031031157670075065,0.0047230405732428486,0.4,4.261779812823233,[0.         0.         0.         0.         0.01407856 0.01172549 0.         0.01038503 0.         0.         0.         0.01116952 0.         0.         0.01038566 0.         0.01648168 0.         0.         0.01535461 0.0158867  0.         0.         0.01043539 0.         0.88409736 0.         0.         0.         0.         0.        ],[0. 0. 0. 0. 1. 1. 0. 1. 0. 0. 0. 1. 0. 0. 1. 0. 1. 0. 0. 1. 1. 0. 0. 1. 0. 1. 0. 0. 0. 0. 0.],10.0,10000,30,0.6,10,1,10,,problem_solving
7500,0.031031157670075065,0.0047230405732428486,0.4,-12.94414722751153,[0.         0.         0.         0.         0.01407856 0.01172549 0.         0.01038503 0.         0.         0.         0.01116952 0.         0.         0.01038566 0.         0.01648168 0.         0.         0.01535461 0.0158867  0.         0.         0.01043539 0.         0.88409736 0.         0.         0.         0.         0.        ],[0. 0. 0. 0. 1. 1. 0. 1. 0. 0. 0. 1. 0. 0. 1. 0. 1. 0. 0. 1. 1. 0. 0. 1. 0. 1. 0. 0. 0. 0. 0.],10.0,10000,30,0.6,10,1,10,,problem_solving
7600,0.031031157670075065,0.0047230405732428486,0.4,8.660558390160366,[0.         0.         0.         0.         0.01407856 0.01172549 0.         0.01038503 0.         0.         0.         0.01116952 0.         0.         0.01038566 0.         0.01648168 0.         0.         0.01535461 0.0158867  0.         0.         0.01043539 0.         0.88409736 0.         0.         0.         0.         0.        ],[0. 0. 0. 0. 1. 1. 0. 1. 0. 0. 0. 1. 0. 0. 1. 0. 1. 0. 0. 1. 1. 0. 0. 1. 0. 1. 0. 0. 0. 0. 0.],10.0,10000,30,0.6,10,1,10,,problem_solving
7700,0.031031157670075065,0.0047230405732428486,0.4,11.711833689099318,[0.         0.         0.         0.         0.01407856 0.01172549 0.         0.01038503 0.         0.         0.         0.01116952 0.         0.         0.01038566 0.         0.01648168 0.         0.         0.01535461 0.0158867  0.         0.         0.01043539 0.         0.88409736 0.         0.         0.         0.         0.        ],[0. 0. 0. 0. 1. 1. 0. 1. 0. 0. 0. 1. 0. 0. 1. 0. 1. 0. 0. 1. 1. 0. 0. 1. 0. 1. 0. 0. 0. 0. 0.],10.0,10000,30,0.6,10,1,10,,problem_solving
7800,0.031031157670075065,0.0047230405732428486,0.4,1.3845886717244942,[0.         0.         0.         0.         0.01407856 0.01172549 0.         0.01038503 0.         0.         0.         0.01116952 0.         0.         0.01038566 0.         0.01648168 0.         0.         0.01535461 0.0158867  0.         0.         0.01043539 0.         0.88409736 0.         0.         0.         0.         0.        ],[0. 0. 0. 0. 1. 1. 0. 1. 0. 0. 0. 1. 0. 0. 1. 0. 1. 0. 0. 1. 1. 0. 0. 1. 0. 1. 0. 0. 0. 0. 0.],10.0,10000,30,0.6,10,1,10,,problem_solving
7900,0.031031157670075065,0.0047230405732428486,0.4,13.208459805791508,[0.         0.         0.         0.         0.01407856 0.01172549 0.         0.01038503 0.         0.         0.         0.01116952 0.         0.         0.01038566 0.         0.01648168 0.         0.         0.01535461 0.0158867  0.         0.         0.01043539 0.         0.88409736 0.         0.         0.         0.         0.        ],[0. 0. 0. 0. 1. 1. 0. 1. 0. 0. 0. 1. 0. 0. 1. 0. 1. 0. 0. 1. 1. 0. 0. 1. 0. 1. 0. 0. 0. 0. 0.],10.0,10000,30,0.6,10,1,10,,problem_solving
8000,0.031031157670075065,0.0047230405732428486,0.4,-12.704490006727164,[0.         0.         0.         0.         0.01407856 0.01172549 0.         0.01038503 0.         0.         0.         0.01116952 0.         0.         0.01038566 0.         0.01648168 0.         0.         0.01535461 0.0158867  0.         0.         0.01043539 0.         0.88409736 0.         0.         0.         0.         0.        ],[0. 0. 0. 0. 1. 1. 0. 1. 0. 0. 0. 1. 0. 0. 1. 0. 1. 0. 0. 1. 1. 0. 0. 1. 0. 1. 0. 0. 0. 0. 0.],10.0,10000,30,0.6,10,1,10,,problem_solving
8100,0.031031157670075065,0.0047230405732428486,0.4,9.894670846802383,[0.         0.         0.         0.         0.01407856 0.01172549 0.         0.01038503 0.         0.         0.         0.01116952 0.         0.         0.01038566 0.         0.01648168 0.         0.         0.01535461 0.0158867  0.         0.         0.01043539 0.         0.88409736 0.         0.         0.         0.         0.        ],[0. 0. 0. 0. 1. 1. 0. 1. 0. 0. 0. 1. 0. 0. 1. 0. 1. 0. 0. 1. 1. 0. 0. 1. 0. 1. 0. 0. 0. 0. 0.],10.0,10000,30,0.6,10,1,10,,problem_solving
8200,0.031031157670075065,0.0047230405732428486,0.4,-7.51471734040809,[0.         0.         0.         0.         0.01407856 0.01172549 0.         0.01038503 0.         0.         0.         0.01116952 0.         0.         0.01038566 0.         0.01648168 0.         0.         0.01535461 0.0158867  0.         0.         0.01043539 0.         0.88409736 0.         0.         0.         0.         0.        ],[0. 0. 0. 0. 1. 1. 0. 1. 0. 0. 0. 1. 0. 0. 1. 0. 1. 0. 0. 1. 1. 0. 0. 1. 0. 1. 0. 0. 0. 0. 0.],10.0,10000,30,0.6,10,1,10,,problem_solving
8300,0.031031157670075065,0.0047230405732428486,0.4,6.729085630694557,[0.         0.         0.         0.         0.01407856 0.01172549 0.         0.01038503 0.         0.         0.         0.01116952 0.         0.         0.01038566 0.         0.01648168 0.         0.         0.01535461 0.0158867  0.         0.         0.01043539 0.         0.88409736 0.         0.         0.         0.         0.        ],[0. 0. 0. 0. 1. 1. 0. 1. 0. 0. 0. 1. 0. 0. 1. 0. 1. 0. 0. 1. 1. 0. 0. 1. 0. 1. 0. 0. 0. 0. 0.],10.0,10000,30,0.6,10,1,10,,problem_solving
8400,0.031031157670075065,0.0047230405732428486,0.4,15.391664180441975,[0.         0.         0.         0.         0.01407856 0.01172549 0.         0.01038503 0.         0.         0.         0.01116952 0.         0.         0.01038566 0.         0.01648168 0.         0.         0.01535461 0.0158867  0.         0.         0.01043539 0.         0.88409736 0.         0.         0.         0.         0.        ],[0. 0. 0. 0. 1. 1. 0. 1. 0. 0. 0. 1. 0. 0. 1. 0. 1. 0. 0. 1. 1. 0. 0. 1. 0. 1. 0. 0. 0. 0. 0.],10.0,10000,30,0.6,10,1,10,,problem_solving
8500,0.031031157670075065,0.0047230405732428486,0.4,-15.888824105320666,[0.         0.         0.         0.         0.01407856 0.01172549 0.         0.01038503 0.         0.         0.         0.01116952 0.         0.         0.01038566 0.         0.01648168 0.         0.         0.01535461 0.0158867  0.         0.         0.01043539 0.         0.88409736 0.         0.         0.         0.         0.        ],[0. 0. 0. 0. 1. 1. 0. 1. 0. 0. 0. 1. 0. 0. 1. 0. 1. 0. 0. 1. 1. 0. 0. 1. 0. 1. 0. 0. 0. 0. 0.],10.0,10000,30,0.6,10,1,10,,problem_solving
8600,0.031031157670075065,0.0047230405732428486,0.4,-3.606124963945586,[0.         0.         0.         0.         0.01407856 0.01172549 0.         0.01038503 0.         0.         0.         0.01116952 0.         0.         0.01038566 0.         0.01648168 0.         0.         0.01535461 0.0158867  0.         0.         0.01043539 0.         0.88409736 0.         0.         0.         0.         0.        ],[0. 0. 0. 0. 1. 1. 0. 1. 0. 0. 0. 1. 0. 0. 1. 0. 1. 0. 0. 1. 1. 0. 0. 1. 0. 1. 0. 0. 0. 0. 0.],10.0,10000,30,0.6,10,1,10,,problem_solving
8700,0.031031157670075065,0.0047230405732428486,0.4,4.529311894948028,[0.         0.         0.         0.         0.01407856 0.01172549 0.         0.01038503 0.         0.         0.         0.01116952 0.         0.         0.01038566 0.         0.01648168 0.         0.         0.01535461 0.0158867  0.         0.         0.01043539 0.         0.88409736 0.         0.         0.         0.         0.        ],[0. 0. 0. 0. 1. 1. 0. 1. 0. 0. 0. 1. 0. 0. 1. 0. 1. 0. 0. 1. 1. 0. 0. 1. 0. 1. 0. 0. 0. 0. 0.],10.0,10000,30,0.6,10,1,10,,problem_solving
8800,0.031031157670075065,0.0047230405732428486,0.4,-0.5680266877515096,[0.         0.         0.         0.         0.01407856 0.01172549 0.         0.01038503 0.         0.         0.         0.01116952 0.         0.         0.01038566 0.         0.01648168 0.         0.         0.01535461 0.0158867  0.         0.         0.01043539 0.         0.88409736 0.         0.         0.         0.         0.        ],[0. 0. 0. 0. 1. 1. 0. 1. 0. 0. 0. 1. 0. 0. 1. 0. 1. 0. 0. 1. 1. 0. 0. 1. 0. 1. 0. 0. 0. 0. 0.],10.0,10000,30,0.6,10,1,10,,problem_solving
8900,0.031031157670075065,0.0047230405732428486,0.4,10.914626985972228,[0.         0.         0.         0.         0.01407856 0.01172549 0.         0.01038503 0.         0.         0.         0.01116952 0.         0.         0.01038566 0.         0.01648168 0.         0.         0.01535461 0.0158867  0.         0.         0.01043539 0.         0.88409736 0.         0.         0.         0.         0.        ],[0. 0. 0. 0. 1. 1. 0. 1. 0. 0. 0. 1. 0. 0. 1. 0. 1. 0. 0. 1. 1. 0. 0. 1. 0. 1. 0. 0. 0. 0. 0.],10.0,10000,30,0.6,10,1,10,,problem_solving
9000,0.031031157670075065,0.0047230405732428486,0.4,24.460977279573225,[0.         0.         0.         0.         0.01407856 0.01172549 0.         0.01038503 0.         0.         0.         0.01116952 0.         0.         0.01038566 0.         0.01648168 0.         0.         0.01535461 0.0158867  0.         0.         0.01043539 0.         0.88409736 0.         0.         0.         0.         0.        ],[0. 0. 0. 0. 1. 1. 0. 1. 0. 0. 0. 1. 0. 0. 1. 0. 1. 0. 0. 1. 1. 0. 0. 1. 0. 1. 0. 0. 0. 0. 0.],10.0,10000,30,0.6,10,1,10,,problem_solving
9100,0.031031157670075065,0.0047230405732428486,0.4,-10.971564789255098,[0.         0.         0.         0.         0.01407856 0.01172549 0.         0.01038503 0.         0.         0.         0.01116952 0.         0.         0.01038566 0.         0.01648168 0.         0.         0.01535461 0.0158867  0.         0.         0.01043539 0.         0.88409736 0.         0.         0.         0.         0.        ],[0. 0. 0. 0. 1. 1. 0. 1. 0. 0. 0. 1. 0. 0. 1. 0. 1. 0. 0. 1. 1. 0. 0. 1. 0. 1. 0. 0. 0. 0. 0.],10.0,10000,30,0.6,10,1,10,,problem_solving
9200,0.031031157670075065,0.0047230405732428486,0.4,-2.4963732689865994,[0.         0.         0.         0.         0.01407856 0.01172549 0.         0.01038503 0.         0.         0.         0.01116952 0.         0.         0.01038566 0.         0.01648168 0.         0.         0.01535461 0.0158867  0.         0.         0.01043539 0.         0.88409736 0.         0.         0.         0.         0.        ],[0. 0. 0. 0. 1. 1. 0. 1. 0. 0. 0. 1. 0. 0. 1. 0. 1. 0. 0. 1. 1. 0. 0. 1. 0. 1. 0. 0. 0. 0. 0.],10.0,10000,30,0.6,10,1,10,,problem_solving
9300,0.031031157670075065,0.0047230405732428486,0.4,-2.3028113248505853,[0.         0.         0.         0.         0.01407856 0.01172549 0.         0.01038503 0.         0.         0.         0.01116952 0.         0.         0.01038566 0.         0.01648168 0.         0.         0.01535461 0.0158867  0.         0.         0.01043539 0.         0.88409736 0.         0.         0.         0.         0.        ],[0. 0. 0. 0. 1. 1. 0. 1. 0. 0. 0. 1. 0. 0. 1. 0. 1. 0. 0. 1. 1. 0. 0. 1. 0. 1. 0. 0. 0. 0. 0.],10.0,10000,30,0.6,10,1,10,,problem_solving
9400,0.031031157670075065,0.0047230405732428486,0.4,11.46774470536015,[0.         0.         0.         0.         0.01407856 0.01172549 0.         0.01038503 0.         0.         0.         0.01116952 0.         0.         0.01038566 0.         0.01648168 0.         0.         0.01535461 0.0158867  0.         0.         0.01043539 0.         0.88409736 0.         0.         0.         0.         0.        ],[0. 0. 0. 0. 1. 1. 0. 1. 0. 0. 0. 1. 0. 0. 1. 0. 1. 0. 0. 1. 1. 0. 0. 1. 0. 1. 0. 0. 0. 0. 0.],10.0,10000,30,0.6,10,1,10,,problem_solving
9500,0.031031157670075065,0.0047230405732428486,0.4,9.27321805667423,[0.         0.         0.         0.         0.01407856 0.01172549 0.         0.01038503 0.         0.         0.         0.01116952 0.         0.         0.01038566 0.         0.01648168 0.         0.         0.01535461 0.0158867  0.         0.         0.01043539 0.         0.88409736 0.         0.         0.         0.         0.        ],[0. 0. 0. 0. 1. 1. 0. 1. 0. 0. 0. 1. 0. 0. 1. 0. 1. 0. 0. 1. 1. 0. 0. 1. 0. 1. 0. 0. 0. 0. 0.],10.0,10000,30,0.6,10,1,10,,problem_solving
9600,0.031031157670075065,0.0047230405732428486,0.4,13.535095182790972,[0.         0.         0.         0.         0.01407856 0.01172549 0.         0.01038503 0.         0.         0.         0.01116952 0.         0.         0.01038566 0.         0.01648168 0.         0.         0.01535461 0.0158867  0.         0.         0.01043539 0.         0.88409736 0.         0.         0.         0.         0.        ],[0. 0. 0. 0. 1. 1. 0. 1. 0. 0. 0. 1. 0. 0. 1. 0. 1. 0. 0. 1. 1. 0. 0. 1. 0. 1. 0. 0. 0. 0. 0.],10.0,10000,30,0.6,10,1,10,,problem_solving
9700,0.031031157670075065,0.0047230405732428486,0.4,7.6361549194008855,[0.         0.         0.         0.         0.01407856 0.01172549 0.         0.01038503 0.         0.         0.         0.01116952 0.         0.         0.01038566 0.         0.01648168 0.         0.         0.01535461 0.0158867  0.         0.         0.01043539 0.         0.88409736 0.         0.         0.         0.         0.        ],[0. 0. 0. 0. 1. 1. 0. 1. 0. 0. 0. 1. 0. 0. 1. 0. 1. 0. 0. 1. 1. 0. 0. 1. 0. 1. 0. 0. 0. 0. 0.],10.0,10000,30,0.6,10,1,10,,problem_solving
9800,0.031031157670075065,0.0047230405732428486,0.4,-0.3927417573569372,[0.         0.         0.         0.         0.01407856 0.01172549 0.         0.01038503 0.         0.         0.         0.01116952 0.         0.         0.01038566 0.         0.01648168 0.         0.         0.01535461 0.0158867  0.         0.         0.01043539 0.         0.88409736 0.         0.         0.         0.         0.        ],[0. 0. 0. 0. 1. 1. 0. 1. 0. 0. 0. 1. 0. 0. 1. 0. 1. 0. 0. 1. 1. 0. 0. 1. 0. 1. 0. 0. 0. 0. 0.],10.0,10000,30,0.6,10,1,10,,problem_solving
9900,0.031031157670075065,0.0047230405732428486,0.4,-12.341424502389824,[0.         0.         0.         0.         0.01407856 0.01172549 0.         0.01038503 0.         0.         0.         0.01116952 0.         0.         0.01038566 0.         0.01648168 0.         0.         0.01535461 0.0158867  0.         0.         0.01043539 0.         0.88409736 0.         0.         0.         0.         0.        ],[0. 0. 0. 0. 1. 1. 0. 1. 0. 0. 0. 1. 0. 0. 1. 0. 1. 0. 0. 1. 1. 0. 0. 1. 0. 1. 0. 0. 0. 0. 0.],10.0,10000,30,0.6,10,1,10,,problem_solving
9999,0.031031157670075065,0.0047230405732428486,0.4,-3.888696529716658,[0.         0.         0.         0.         0.01407856 0.01172549 0.         0.01038503 0.         0.         0.         0.01116952 0.         0.         0.01038566 0.         0.01648168 0.         0.         0.01535461 0.0158867  0.         0.         0.01043539 0.         0.88409736 0.         0.         0.         0.         0.        ],[0. 0. 0. 0. 1. 1. 0. 1. 0. 0. 0. 1. 0. 0. 1. 0. 1. 0. 0. 1. 1. 0. 0. 1. 0. 1. 0. 0. 0. 0. 0.],10.0,10000,30,0.6,10,1,10,,problem_solving
