iter,cost,return,par,move,X,Z,Q,max_iter,mem_size,mem_consider,sigma,port_n,k,seed,tag
1,0.0354559332325048,0.0058211912224333225,0.4,-3.035346264169932,[0.         0.         0.         0.         0.9693153  0.         0.01627244 0.         0.         0.         0.         0.         0.         0.         0.         0.         0.         0.         0.         0.         0.         0.         0.         0.         0.         0.01441226 0.         0.         0.         0.         0.        ],[0. 0. 0. 0. 1. 0. 1. 0. 0. 0. 0. 0. 0. 0. 0. 0. 0. 0. 0. 0. 0. 0. 0. 0. 0. 1. 0. 0. 0. 0. 0.],3.0,10000,30,0.6,10,1,3,,problem_solving
100,0.02500861010911041,0.0019333338983892566,0.4,-3.4131964246176203,[0.         0.         0.         0.         0.         0.         0.         0.         0.         0.         0.         0.         0.         0.         0.021206   0.         0.         0.         0.         0.         0.         0.         0.         0.         0.         0.         0.02008807 0.95870593 0.         0.         0.        ],[0. 0. 0. 0. 0. 0. 0. 0. 0. 0. 0. 0. 0. 0. 1. 0. 0. 0. 0. 0. 0. 0. 0. 0. 0. 0. 1. 1. 0. 0. 0.],3.0,10000,30,0.6,10,1,3,,problem_solving
200,0.0244606181066525,0.004074366575903615,0.4,-1.852682810803784,[0.         0.         0.         0.         0.         0.         0.         0.         0.         0.         0.01749244 0.         0.         0.         0.         0.         0.         0.         0.96884123 0.         0.         0.         0.01366633 0.         0.         0.         0.         0.         0.         0.         0.        ],[0. 0. 0. 0. 0. 0. 0. 0. 0. 0. 1. 0. 0. 0. 0. 0. 0. 0. 1. 0. 0. 0. 1. 0. 0. 0. 0. 0. 0. 0. 0.],3.0,10000,30,0.6,10,1,3,,problem_solving
300,0.016952872175779295,0.010418984960119396,0.4,-0.15405310169937972,[0.         0.         0.         0.         0.96008779 0.         0.         0.         0.         0.01807396 0.         0.         0.         0.         0.         0.         0.         0.         0.         0.         0.         0.         0.         0.         0.         0.         0.         0.         0.02183825 0.         0.        ],[0. 0. 0. 0. 1. 0. 0. 0. 0. 1. 0. 0. 0. 0. 0. 0. 0. 0. 0. 0. 0. 0. 0. 0. 0. 0. 0. 0. 1. 0. 0.],3.0,10000,30,0.6,10,1,3,,problem_solving
400,0.016952872175779295,0.010418984960119396,0.4,11.45452131814903,[0.         0.         0.         0.         0.96008779 0.         0.         0.         0.         0.01807396 0.         0.         0.         0.         0.         0.         0.         0.         0.         0.         0.         0.         0.         0.         0.         0.         0.         0.         0.02183825 0.         0.        ],[0. 0. 0. 0. 1. 0. 0. 0. 0. 1. 0. 0. 0. 0. 0. 0. 0. 0. 0. 0. 0. 0. 0. 0. 0. 0. 0. 0. 1. 0. 0.],3.0,10000,30,0.6,10,1,3,,problem_solving
500,0.016952872175779295,0.010418984960119396,0.4,0.6512211674706674,[0.         0.         0.         0.         0.96008779 0.         0.         0.         0.         0.01807396 0.         0.         0.         0.         0.         0.         0.         0.         0.         0.         0.         0.         0.         0.         0.         0.         0.         0.         0.02183825 0.         0.        ],[0. 0. 0. 0. 1. 0. 0. 0. 0. 1. 0. 0. 0. 0. 0. 0. 0. 0. 0. 0. 0. 0. 0. 0. 0. 0. 0. 0. 1. 0. 0.],3.0,10000,30,0.6,10,1,3,,problem_solving
600,0.016952872175779295,0.010418984960119396,0.4,5.7137285140290714,[0.         0.         0.         0.         0.96008779 0.         0.         0.         0.         0.01807396 0.         0.         0.         0.         0.         0.         0.         0.         0.         0.         0.         0.         0.         0.         0.         0.         0.         0.         0.02183825 0.         0.        ],[0. 0. 0. 0. 1. 0. 0. 0. 0. 1. 0. 0. 0. 0. 0. 0. 0. 0. 0. 0. 0. 0. 0. 0. 0. 0. 0. 0. 1. 0. 0.],3.0,10000,30,0.6,10,1,3,,problem_solving
700,0.016952872175779295,0.010418984960119396,0.4,6.92196342392095,[0.         0.         0.         0.         0.96008779 0.         0.         0.         0.         0.01807396 0.         0.         0.         0.         0.         0.         0.         0.         0.         0.         0.         0.         0.         0.         0.         0.         0.         0.         0.02183825 0.         0.        ],[0. 0. 0. 0. 1. 0. 0. 0. 0. 1. 0. 0. 0. 0. 0. 0. 0. 0. 0. 0. 0. 0. 0. 0. 0. 0. 0. 0. 1. 0. 0.],3.0,10000,30,0.6,10,1,3,,problem_solving
800,0.016952872175779295,0.010418984960119396,0.4,-7.0810373404214,[0.         0.         0.         0.         0.96008779 0.         0.         0.         0.         0.01807396 0.         0.         0.         0.         0.         0.         0.         0.         0.         0.         0.         0.         0.         0.         0.         0.         0.         0.         0.02183825 0.         0.        ],[0. 0. 0. 0. 1. 0. 0. 0. 0. 1. 0. 0. 0. 0. 0. 0. 0. 0. 0. 0. 0. 0. 0. 0. 0. 0. 0. 0. 1. 0. 0.],3.0,10000,30,0.6,10,1,3,,problem_solving
900,0.016952872175779295,0.010418984960119396,0.4,10.254161388058058,[0.         0.         0.         0.         0.96008779 0.         0.         0.         0.         0.01807396 0.         0.         0.         0.         0.         0.         0.         0.         0.         0.         0.         0.         0.         0.         0.         0.         0.         0.         0.02183825 0.         0.        ],[0. 0. 0. 0. 1. 0. 0. 0. 0. 1. 0. 0. 0. 0. 0. 0. 0. 0. 0. 0. 0. 0. 0. 0. 0. 0. 0. 0. 1. 0. 0.],3.0,10000,30,0.6,10,1,3,,problem_solving
1000,0.013615162585124758,0.010638804455208005,0.4,0.7182674779051618,[0.         0.         0.         0.         0.9619894  0.         0.         0.         0.         0.         0.         0.         0.02584188 0.         0.         0.         0.         0.         0.         0.         0.         0.         0.         0.         0.         0.         0.         0.         0.01216873 0.         0.        ],[0. 0. 0. 0. 1. 0. 0. 0. 0. 0. 0. 0. 1. 0. 0. 0. 0. 0. 0. 0. 0. 0. 0. 0. 0. 0. 0. 0. 1. 0. 0.],3.0,10000,30,0.6,10,1,3,,problem_solving
1100,0.013615162585124758,0.010638804455208005,0.4,8.592462823343151,[0.         0.         0.         0.         0.9619894  0.         0.         0.         0.         0.         0.         0.         0.02584188 0.         0.         0.         0.         0.         0.         0.         0.         0.         0.         0.         0.         0.         0.         0.         0.01216873 0.         0.        ],[0. 0. 0. 0. 1. 0. 0. 0. 0. 0. 0. 0. 1. 0. 0. 0. 0. 0. 0. 0. 0. 0. 0. 0. 0. 0. 0. 0. 1. 0. 0.],3.0,10000,30,0.6,10,1,3,,problem_solving
1200,0.013615162585124758,0.010638804455208005,0.4,7.2571909941543575,[0.         0.         0.         0.         0.9619894  0.         0.         0.         0.         0.         0.         0.         0.02584188 0.         0.         0.         0.         0.         0.         0.         0.         0.         0.         0.         0.         0.         0.         0.         0.01216873 0.         0.        ],[0. 0. 0. 0. 1. 0. 0. 0. 0. 0. 0. 0. 1. 0. 0. 0. 0. 0. 0. 0. 0. 0. 0. 0. 0. 0. 0. 0. 1. 0. 0.],3.0,10000,30,0.6,10,1,3,,problem_solving
1300,0.013615162585124758,0.010638804455208005,0.4,-24.00652234092199,[0.         0.         0.         0.         0.9619894  0.         0.         0.         0.         0.         0.         0.         0.02584188 0.         0.         0.         0.         0.         0.         0.         0.         0.         0.         0.         0.         0.         0.         0.         0.01216873 0.         0.        ],[0. 0. 0. 0. 1. 0. 0. 0. 0. 0. 0. 0. 1. 0. 0. 0. 0. 0. 0. 0. 0. 0. 0. 0. 0. 0. 0. 0. 1. 0. 0.],3.0,10000,30,0.6,10,1,3,,problem_solving
1400,0.013615162585124758,0.010638804455208005,0.4,5.02961675650355,[0.         0.         0.         0.         0.9619894  0.         0.         0.         0.         0.         0.         0.         0.02584188 0.         0.         0.         0.         0.         0.         0.         0.         0.         0.         0.         0.         0.         0.         0.         0.01216873 0.         0.        ],[0. 0. 0. 0. 1. 0. 0. 0. 0. 0. 0. 0. 1. 0. 0. 0. 0. 0. 0. 0. 0. 0. 0. 0. 0. 0. 0. 0. 1. 0. 0.],3.0,10000,30,0.6,10,1,3,,problem_solving
1500,0.013615162585124758,0.010638804455208005,0.4,2.411712457689873,[0.         0.         0.         0.         0.9619894  0.         0.         0.         0.         0.         0.         0.         0.02584188 0.         0.         0.         0.         0.         0.         0.         0.         0.         0.         0.         0.         0.         0.         0.         0.01216873 0.         0.        ],[0. 0. 0. 0. 1. 0. 0. 0. 0. 0. 0. 0. 1. 0. 0. 0. 0. 0. 0. 0. 0. 0. 0. 0. 0. 0. 0. 0. 1. 0. 0.],3.0,10000,30,0.6,10,1,3,,problem_solving
1600,0.013615162585124758,0.010638804455208005,0.4,6.510712843231997,[0.         0.         0.         0.         0.9619894  0.         0.         0.         0.         0.         0.         0.         0.02584188 0.         0.         0.         0.         0.         0.         0.         0.         0.         0.         0.         0.         0.         0.         0.         0.01216873 0.         0.        ],[0. 0. 0. 0. 1. 0. 0. 0. 0. 0. 0. 0. 1. 0. 0. 0. 0. 0. 0. 0. 0. 0. 0. 0. 0. 0. 0. 0. 1. 0. 0.],3.0,10000,30,0.6,10,1,3,,problem_solving
1700,0.013615162585124758,0.010638804455208005,0.4,-1.4207281523423967,[0.         0.         0.         0.         0.9619894  0.         0.         0.         0.         0.         0.         0.         0.02584188 0.         0.         0.         0.         0.         0.         0.         0.         0.         0.         0.         0.         0.         0.         0.         0.01216873 0.         0.        ],[0. 0. 0. 0. 1. 0. 0. 0. 0. 0. 0. 0. 1. 0. 0. 0. 0. 0. 0. 0. 0. 0. 0. 0. 0. 0. 0. 0. 1. 0. 0.],3.0,10000,30,0.6,10,1,3,,problem_solving
1800,0.013615162585124758,0.010638804455208005,0.4,3.414317680687988,[0.         0.         0.         0.         0.9619894  0.         0.         0.         0.         0.         0.         0.         0.02584188 0.         0.         0.         0.         0.         0.         0.         0.         0.         0.         0.         0.         0.         0.         0.         0.01216873 0.         0.        ],[0. 0. 0. 0. 1. 0. 0. 0. 0. 0. 0. 0. 1. 0. 0. 0. 0. 0. 0. 0. 0. 0. 0. 0. 0. 0. 0. 0. 1. 0. 0.],3.0,10000,30,0.6,10,1,3,,problem_solving
1900,0.013615162585124758,0.010638804455208005,0.4,-2.268142242831342,[0.         0.         0.         0.         0.9619894  0.         0.         0.         0.         0.         0.         0.         0.02584188 0.         0.         0.         0.         0.         0.         0.         0.         0.         0.         0.         0.         0.         0.         0.         0.01216873 0.         0.        ],[0. 0. 0. 0. 1. 0. 0. 0. 0. 0. 0. 0. 1. 0. 0. 0. 0. 0. 0. 0. 0. 0. 0. 0. 0. 0. 0. 0. 1. 0. 0.],3.0,10000,30,0.6,10,1,3,,problem_solving
2000,0.013615162585124758,0.010638804455208005,0.4,-19.186015799473523,[0.         0.         0.         0.         0.9619894  0.         0.         0.         0.         0.         0.         0.         0.02584188 0.         0.         0.         0.         0.         0.         0.         0.         0.         0.         0.         0.         0.         0.         0.         0.01216873 0.         0.        ],[0. 0. 0. 0. 1. 0. 0. 0. 0. 0. 0. 0. 1. 0. 0. 0. 0. 0. 0. 0. 0. 0. 0. 0. 0. 0. 0. 0. 1. 0. 0.],3.0,10000,30,0.6,10,1,3,,problem_solving
2100,0.013615162585124758,0.010638804455208005,0.4,-3.554837561669719,[0.         0.         0.         0.         0.9619894  0.         0.         0.         0.         0.         0.         0.         0.02584188 0.         0.         0.         0.         0.         0.         0.         0.         0.         0.         0.         0.         0.         0.         0.         0.01216873 0.         0.        ],[0. 0. 0. 0. 1. 0. 0. 0. 0. 0. 0. 0. 1. 0. 0. 0. 0. 0. 0. 0. 0. 0. 0. 0. 0. 0. 0. 0. 1. 0. 0.],3.0,10000,30,0.6,10,1,3,,problem_solving
2200,0.013615162585124758,0.010638804455208005,0.4,9.86867045930388,[0.         0.         0.         0.         0.9619894  0.         0.         0.         0.         0.         0.         0.         0.02584188 0.         0.         0.         0.         0.         0.         0.         0.         0.         0.         0.         0.         0.         0.         0.         0.01216873 0.         0.        ],[0. 0. 0. 0. 1. 0. 0. 0. 0. 0. 0. 0. 1. 0. 0. 0. 0. 0. 0. 0. 0. 0. 0. 0. 0. 0. 0. 0. 1. 0. 0.],3.0,10000,30,0.6,10,1,3,,problem_solving
2300,0.013615162585124758,0.010638804455208005,0.4,-13.56801296501716,[0.         0.         0.         0.         0.9619894  0.         0.         0.         0.         0.         0.         0.         0.02584188 0.         0.         0.         0.         0.         0.         0.         0.         0.         0.         0.         0.         0.         0.         0.         0.01216873 0.         0.        ],[0. 0. 0. 0. 1. 0. 0. 0. 0. 0. 0. 0. 1. 0. 0. 0. 0. 0. 0. 0. 0. 0. 0. 0. 0. 0. 0. 0. 1. 0. 0.],3.0,10000,30,0.6,10,1,3,,problem_solving
2400,0.013615162585124758,0.010638804455208005,0.4,-0.4403436286270879,[0.         0.         0.         0.         0.9619894  0.         0.         0.         0.         0.         0.         0.         0.02584188 0.         0.         0.         0.         0.         0.         0.         0.         0.         0.         0.         0.         0.         0.         0.         0.01216873 0.         0.        ],[0. 0. 0. 0. 1. 0. 0. 0. 0. 0. 0. 0. 1. 0. 0. 0. 0. 0. 0. 0. 0. 0. 0. 0. 0. 0. 0. 0. 1. 0. 0.],3.0,10000,30,0.6,10,1,3,,problem_solving
2500,0.013615162585124758,0.010638804455208005,0.4,-4.114369064653074,[0.         0.         0.         0.         0.9619894  0.         0.         0.         0.         0.         0.         0.         0.02584188 0.         0.         0.         0.         0.         0.         0.         0.         0.         0.         0.         0.         0.         0.         0.         0.01216873 0.         0.        ],[0. 0. 0. 0. 1. 0. 0. 0. 0. 0. 0. 0. 1. 0. 0. 0. 0. 0. 0. 0. 0. 0. 0. 0. 0. 0. 0. 0. 1. 0. 0.],3.0,10000,30,0.6,10,1,3,,problem_solving
2600,0.013615162585124758,0.010638804455208005,0.4,3.3702004993364203,[0.         0.         0.         0.         0.9619894  0.         0.         0.         0.         0.         0.         0.         0.02584188 0.         0.         0.         0.         0.         0.         0.         0.         0.         0.         0.         0.         0.         0.         0.         0.01216873 0.         0.        ],[0. 0. 0. 0. 1. 0. 0. 0. 0. 0. 0. 0. 1. 0. 0. 0. 0. 0. 0. 0. 0. 0. 0. 0. 0. 0. 0. 0. 1. 0. 0.],3.0,10000,30,0.6,10,1,3,,problem_solving
2700,0.013615162585124758,0.010638804455208005,0.4,3.619628422588705,[0.         0.         0.         0.         0.9619894  0.         0.         0.         0.         0.         0.         0.         0.02584188 0.         0.         0.         0.         0.         0.         0.         0.         0.         0.         0.         0.         0.         0.         0.         0.01216873 0.         0.        ],[0. 0. 0. 0. 1. 0. 0. 0. 0. 0. 0. 0. 1. 0. 0. 0. 0. 0. 0. 0. 0. 0. 0. 0. 0. 0. 0. 0. 1. 0. 0.],3.0,10000,30,0.6,10,1,3,,problem_solving
2800,0.010834844872731345,0.004778363927896674,0.4,-4.094895765512641,[0.         0.         0.         0.         0.         0.         0.         0.         0.         0.         0.         0.         0.         0.         0.         0.         0.         0.         0.         0.         0.01678287 0.         0.         0.         0.         0.96319051 0.         0.         0.02002662 0.         0.        ],[0. 0. 0. 0. 0. 0. 0. 0. 0. 0. 0. 0. 0. 0. 0. 0. 0. 0. 0. 0. 1. 0. 0. 0. 0. 1. 0. 0. 1. 0. 0.],3.0,10000,30,0.6,10,1,3,,problem_solving
2900,0.010076750789302842,0.010441254592309894,0.4,-7.836151578338479,[0.         0.         0.         0.         0.95152584 0.         0.         0.         0.         0.         0.         0.         0.         0.         0.         0.         0.         0.         0.         0.         0.         0.02267163 0.         0.         0.         0.         0.         0.02580252 0.         0.         0.        ],[0. 0. 0. 0. 1. 0. 0. 0. 0. 0. 0. 0. 0. 0. 0. 0. 0. 0. 0. 0. 0. 1. 0. 0. 0. 0. 0. 1. 0. 0. 0.],3.0,10000,30,0.6,10,1,3,,problem_solving
3000,0.010076750789302842,0.010441254592309894,0.4,7.785776113862236,[0.         0.         0.         0.         0.95152584 0.         0.         0.         0.         0.         0.         0.         0.         0.         0.         0.         0.         0.         0.         0.         0.         0.02267163 0.         0.         0.         0.         0.         0.02580252 0.         0.         0.        ],[0. 0. 0. 0. 1. 0. 0. 0. 0. 0. 0. 0. 0. 0. 0. 0. 0. 0. 0. 0. 0. 1. 0. 0. 0. 0. 0. 1. 0. 0. 0.],3.0,10000,30,0.6,10,1,3,,problem_solving
3100,0.010076750789302842,0.010441254592309894,0.4,-13.046712916359716,[0.         0.         0.         0.         0.95152584 0.         0.         0.         0.         0.         0.         0.         0.         0.         0.         0.         0.         0.         0.         0.         0.         0.02267163 0.         0.         0.         0.         0.         0.02580252 0.         0.         0.        ],[0. 0. 0. 0. 1. 0. 0. 0. 0. 0. 0. 0. 0. 0. 0. 0. 0. 0. 0. 0. 0. 1. 0. 0. 0. 0. 0. 1. 0. 0. 0.],3.0,10000,30,0.6,10,1,3,,problem_solving
3200,0.010076750789302842,0.010441254592309894,0.4,-0.7788196968822114,[0.         0.         0.         0.         0.95152584 0.         0.         0.         0.         0.         0.         0.         0.         0.         0.         0.         0.         0.         0.         0.         0.         0.02267163 0.         0.         0.         0.         0.         0.02580252 0.         0.         0.        ],[0. 0. 0. 0. 1. 0. 0. 0. 0. 0. 0. 0. 0. 0. 0. 0. 0. 0. 0. 0. 0. 1. 0. 0. 0. 0. 0. 1. 0. 0. 0.],3.0,10000,30,0.6,10,1,3,,problem_solving
3300,0.010076750789302842,0.010441254592309894,0.4,-9.76013101914927,[0.         0.         0.         0.         0.95152584 0.         0.         0.         0.         0.         0.         0.         0.         0.         0.         0.         0.         0.         0.         0.         0.         0.02267163 0.         0.         0.         0.         0.         0.02580252 0.         0.         0.        ],[0. 0. 0. 0. 1. 0. 0. 0. 0. 0. 0. 0. 0. 0. 0. 0. 0. 0. 0. 0. 0. 1. 0. 0. 0. 0. 0. 1. 0. 0. 0.],3.0,10000,30,0.6,10,1,3,,problem_solving
3400,0.010076750789302842,0.010441254592309894,0.4,9.397228723169842,[0.         0.         0.         0.         0.95152584 0.         0.         0.         0.         0.         0.         0.         0.         0.         0.         0.         0.         0.         0.         0.         0.         0.02267163 0.         0.         0.         0.         0.         0.02580252 0.         0.         0.        ],[0. 0. 0. 0. 1. 0. 0. 0. 0. 0. 0. 0. 0. 0. 0. 0. 0. 0. 0. 0. 0. 1. 0. 0. 0. 0. 0. 1. 0. 0. 0.],3.0,10000,30,0.6,10,1,3,,problem_solving
3500,0.010076750789302842,0.010441254592309894,0.4,10.769270722784492,[0.         0.         0.         0.         0.95152584 0.         0.         0.         0.         0.         0.         0.         0.         0.         0.         0.         0.         0.         0.         0.         0.         0.02267163 0.         0.         0.         0.         0.         0.02580252 0.         0.         0.        ],[0. 0. 0. 0. 1. 0. 0. 0. 0. 0. 0. 0. 0. 0. 0. 0. 0. 0. 0. 0. 0. 1. 0. 0. 0. 0. 0. 1. 0. 0. 0.],3.0,10000,30,0.6,10,1,3,,problem_solving
3600,0.010076750789302842,0.010441254592309894,0.4,8.564929732228727,[0.         0.         0.         0.         0.95152584 0.         0.         0.         0.         0.         0.         0.         0.         0.         0.         0.         0.         0.         0.         0.         0.         0.02267163 0.         0.         0.         0.         0.         0.02580252 0.         0.         0.        ],[0. 0. 0. 0. 1. 0. 0. 0. 0. 0. 0. 0. 0. 0. 0. 0. 0. 0. 0. 0. 0. 1. 0. 0. 0. 0. 0. 1. 0. 0. 0.],3.0,10000,30,0.6,10,1,3,,problem_solving
3700,0.010076750789302842,0.010441254592309894,0.4,3.0625588003134334,[0.         0.         0.         0.         0.95152584 0.         0.         0.         0.         0.         0.         0.         0.         0.         0.         0.         0.         0.         0.         0.         0.         0.02267163 0.         0.         0.         0.         0.         0.02580252 0.         0.         0.        ],[0. 0. 0. 0. 1. 0. 0. 0. 0. 0. 0. 0. 0. 0. 0. 0. 0. 0. 0. 0. 0. 1. 0. 0. 0. 0. 0. 1. 0. 0. 0.],3.0,10000,30,0.6,10,1,3,,problem_solving
3800,0.010076750789302842,0.010441254592309894,0.4,14.781874927845529,[0.         0.         0.         0.         0.95152584 0.         0.         0.         0.         0.         0.         0.         0.         0.         0.         0.         0.         0.         0.         0.         0.         0.02267163 0.         0.         0.         0.         0.         0.02580252 0.         0.         0.        ],[0. 0. 0. 0. 1. 0. 0. 0. 0. 0. 0. 0. 0. 0. 0. 0. 0. 0. 0. 0. 0. 1. 0. 0. 0. 0. 0. 1. 0. 0. 0.],3.0,10000,30,0.6,10,1,3,,problem_solving
3900,0.010076750789302842,0.010441254592309894,0.4,0.4130504072226554,[0.         0.         0.         0.         0.95152584 0.         0.         0.         0.         0.         0.         0.         0.         0.         0.         0.         0.         0.         0.         0.         0.         0.02267163 0.         0.         0.         0.         0.         0.02580252 0.         0.         0.        ],[0. 0. 0. 0. 1. 0. 0. 0. 0. 0. 0. 0. 0. 0. 0. 0. 0. 0. 0. 0. 0. 1. 0. 0. 0. 0. 0. 1. 0. 0. 0.],3.0,10000,30,0.6,10,1,3,,problem_solving
4000,0.010076750789302842,0.010441254592309894,0.4,7.479526391114683,[0.         0.         0.         0.         0.95152584 0.         0.         0.         0.         0.         0.         0.         0.         0.         0.         0.         0.         0.         0.         0.         0.         0.02267163 0.         0.         0.         0.         0.         0.02580252 0.         0.         0.        ],[0. 0. 0. 0. 1. 0. 0. 0. 0. 0. 0. 0. 0. 0. 0. 0. 0. 0. 0. 0. 0. 1. 0. 0. 0. 0. 0. 1. 0. 0. 0.],3.0,10000,30,0.6,10,1,3,,problem_solving
4100,0.010076750789302842,0.010441254592309894,0.4,-14.401659302115641,[0.         0.         0.         0.         0.95152584 0.         0.         0.         0.         0.         0.         0.         0.         0.         0.         0.         0.         0.         0.         0.         0.         0.02267163 0.         0.         0.         0.         0.         0.02580252 0.         0.         0.        ],[0. 0. 0. 0. 1. 0. 0. 0. 0. 0. 0. 0. 0. 0. 0. 0. 0. 0. 0. 0. 0. 1. 0. 0. 0. 0. 0. 1. 0. 0. 0.],3.0,10000,30,0.6,10,1,3,,problem_solving
4200,0.010076750789302842,0.010441254592309894,0.4,13.113945562771676,[0.         0.         0.         0.         0.95152584 0.         0.         0.         0.         0.         0.         0.         0.         0.         0.         0.         0.         0.         0.         0.         0.         0.02267163 0.         0.         0.         0.         0.         0.02580252 0.         0.         0.        ],[0. 0. 0. 0. 1. 0. 0. 0. 0. 0. 0. 0. 0. 0. 0. 0. 0. 0. 0. 0. 0. 1. 0. 0. 0. 0. 0. 1. 0. 0. 0.],3.0,10000,30,0.6,10,1,3,,problem_solving
4300,0.010076750789302842,0.010441254592309894,0.4,9.476216189890005,[0.         0.         0.         0.         0.95152584 0.         0.         0.         0.         0.         0.         0.         0.         0.         0.         0.         0.         0.         0.         0.         0.         0.02267163 0.         0.         0.         0.         0.         0.02580252 0.         0.         0.        ],[0. 0. 0. 0. 1. 0. 0. 0. 0. 0. 0. 0. 0. 0. 0. 0. 0. 0. 0. 0. 0. 1. 0. 0. 0. 0. 0. 1. 0. 0. 0.],3.0,10000,30,0.6,10,1,3,,problem_solving
4400,0.010076750789302842,0.010441254592309894,0.4,1.3648177488997895,[0.         0.         0.         0.         0.95152584 0.         0.         0.         0.         0.         0.         0.         0.         0.         0.         0.         0.         0.         0.         0.         0.         0.02267163 0.         0.         0.         0.         0.         0.02580252 0.         0.         0.        ],[0. 0. 0. 0. 1. 0. 0. 0. 0. 0. 0. 0. 0. 0. 0. 0. 0. 0. 0. 0. 0. 1. 0. 0. 0. 0. 0. 1. 0. 0. 0.],3.0,10000,30,0.6,10,1,3,,problem_solving
4500,0.010076750789302842,0.010441254592309894,0.4,-4.324170718969899,[0.         0.         0.         0.         0.95152584 0.         0.         0.         0.         0.         0.         0.         0.         0.         0.         0.         0.         0.         0.         0.         0.         0.02267163 0.         0.         0.         0.         0.         0.02580252 0.         0.         0.        ],[0. 0. 0. 0. 1. 0. 0. 0. 0. 0. 0. 0. 0. 0. 0. 0. 0. 0. 0. 0. 0. 1. 0. 0. 0. 0. 0. 1. 0. 0. 0.],3.0,10000,30,0.6,10,1,3,,problem_solving
4600,0.010076750789302842,0.010441254592309894,0.4,-2.025137544536454,[0.         0.         0.         0.         0.95152584 0.         0.         0.         0.         0.         0.         0.         0.         0.         0.         0.         0.         0.         0.         0.         0.         0.02267163 0.         0.         0.         0.         0.         0.02580252 0.         0.         0.        ],[0. 0. 0. 0. 1. 0. 0. 0. 0. 0. 0. 0. 0. 0. 0. 0. 0. 0. 0. 0. 0. 1. 0. 0. 0. 0. 0. 1. 0. 0. 0.],3.0,10000,30,0.6,10,1,3,,problem_solving
4700,0.010076750789302842,0.010441254592309894,0.4,8.27038170540845,[0.         0.         0.         0.         0.95152584 0.         0.         0.         0.         0.         0.         0.         0.         0.         0.         0.         0.         0.         0.         0.         0.         0.02267163 0.         0.         0.         0.         0.         0.02580252 0.         0.         0.        ],[0. 0. 0. 0. 1. 0. 0. 0. 0. 0. 0. 0. 0. 0. 0. 0. 0. 0. 0. 0. 0. 1. 0. 0. 0. 0. 0. 1. 0. 0. 0.],3.0,10000,30,0.6,10,1,3,,problem_solving
4800,0.010076750789302842,0.010441254592309894,0.4,3.9989855609617146,[0.         0.         0.         0.         0.95152584 0.         0.         0.         0.         0.         0.         0.         0.         0.         0.         0.         0.         0.         0.         0.         0.         0.02267163 0.         0.         0.         0.         0.         0.02580252 0.         0.         0.        ],[0. 0. 0. 0. 1. 0. 0. 0. 0. 0. 0. 0. 0. 0. 0. 0. 0. 0. 0. 0. 0. 1. 0. 0. 0. 0. 0. 1. 0. 0. 0.],3.0,10000,30,0.6,10,1,3,,problem_solving
4900,0.010076750789302842,0.010441254592309894,0.4,9.767729316460663,[0.         0.         0.         0.         0.95152584 0.         0.         0.         0.         0.         0.         0.         0.         0.         0.         0.         0.         0.         0.         0.         0.         0.02267163 0.         0.         0.         0.         0.         0.02580252 0.         0.         0.        ],[0. 0. 0. 0. 1. 0. 0. 0. 0. 0. 0. 0. 0. 0. 0. 0. 0. 0. 0. 0. 0. 1. 0. 0. 0. 0. 0. 1. 0. 0. 0.],3.0,10000,30,0.6,10,1,3,,problem_solving
5000,0.010076750789302842,0.010441254592309894,0.4,9.598717785034806,[0.         0.         0.         0.         0.95152584 0.         0.         0.         0.         0.         0.         0.         0.         0.         0.         0.         0.         0.         0.         0.         0.         0.02267163 0.         0.         0.         0.         0.         0.02580252 0.         0.         0.        ],[0. 0. 0. 0. 1. 0. 0. 0. 0. 0. 0. 0. 0. 0. 0. 0. 0. 0. 0. 0. 0. 1. 0. 0. 0. 0. 0. 1. 0. 0. 0.],3.0,10000,30,0.6,10,1,3,,problem_solving
5100,0.010076750789302842,0.010441254592309894,0.4,0.43112649199900105,[0.         0.         0.         0.         0.95152584 0.         0.         0.         0.         0.         0.         0.         0.         0.         0.         0.         0.         0.         0.         0.         0.         0.02267163 0.         0.         0.         0.         0.         0.02580252 0.         0.         0.        ],[0. 0. 0. 0. 1. 0. 0. 0. 0. 0. 0. 0. 0. 0. 0. 0. 0. 0. 0. 0. 0. 1. 0. 0. 0. 0. 0. 1. 0. 0. 0.],3.0,10000,30,0.6,10,1,3,,problem_solving
5200,0.010076750789302842,0.010441254592309894,0.4,-4.819542322701066,[0.         0.         0.         0.         0.95152584 0.         0.         0.         0.         0.         0.         0.         0.         0.         0.         0.         0.         0.         0.         0.         0.         0.02267163 0.         0.         0.         0.         0.         0.02580252 0.         0.         0.        ],[0. 0. 0. 0. 1. 0. 0. 0. 0. 0. 0. 0. 0. 0. 0. 0. 0. 0. 0. 0. 0. 1. 0. 0. 0. 0. 0. 1. 0. 0. 0.],3.0,10000,30,0.6,10,1,3,,problem_solving
5300,0.010076750789302842,0.010441254592309894,0.4,4.037564000721795,[0.         0.         0.         0.         0.95152584 0.         0.         0.         0.         0.         0.         0.         0.         0.         0.         0.         0.         0.         0.         0.         0.         0.02267163 0.         0.         0.         0.         0.         0.02580252 0.         0.         0.        ],[0. 0. 0. 0. 1. 0. 0. 0. 0. 0. 0. 0. 0. 0. 0. 0. 0. 0. 0. 0. 0. 1. 0. 0. 0. 0. 0. 1. 0. 0. 0.],3.0,10000,30,0.6,10,1,3,,problem_solving
5400,0.010076750789302842,0.010441254592309894,0.4,27.712031220722203,[0.         0.         0.         0.         0.95152584 0.         0.         0.         0.         0.         0.         0.         0.         0.         0.         0.         0.         0.         0.         0.         0.         0.02267163 0.         0.         0.         0.         0.         0.02580252 0.         0.         0.        ],[0. 0. 0. 0. 1. 0. 0. 0. 0. 0. 0. 0. 0. 0. 0. 0. 0. 0. 0. 0. 0. 1. 0. 0. 0. 0. 0. 1. 0. 0. 0.],3.0,10000,30,0.6,10,1,3,,problem_solving
5500,0.010076750789302842,0.010441254592309894,0.4,-1.9441947954309113,[0.         0.         0.         0.         0.95152584 0.         0.         0.         0.         0.         0.         0.         0.         0.         0.         0.         0.         0.         0.         0.         0.         0.02267163 0.         0.         0.         0.         0.         0.02580252 0.         0.         0.        ],[0. 0. 0. 0. 1. 0. 0. 0. 0. 0. 0. 0. 0. 0. 0. 0. 0. 0. 0. 0. 0. 1. 0. 0. 0. 0. 0. 1. 0. 0. 0.],3.0,10000,30,0.6,10,1,3,,problem_solving
5600,0.010076750789302842,0.010441254592309894,0.4,8.303908081018825,[0.         0.         0.         0.         0.95152584 0.         0.         0.         0.         0.         0.         0.         0.         0.         0.         0.         0.         0.         0.         0.         0.         0.02267163 0.         0.         0.         0.         0.         0.02580252 0.         0.         0.        ],[0. 0. 0. 0. 1. 0. 0. 0. 0. 0. 0. 0. 0. 0. 0. 0. 0. 0. 0. 0. 0. 1. 0. 0. 0. 0. 0. 1. 0. 0. 0.],3.0,10000,30,0.6,10,1,3,,problem_solving
5700,0.010076750789302842,0.010441254592309894,0.4,-9.374756166976836,[0.         0.         0.         0.         0.95152584 0.         0.         0.         0.         0.         0.         0.         0.         0.         0.         0.         0.         0.         0.         0.         0.         0.02267163 0.         0.         0.         0.         0.         0.02580252 0.         0.         0.        ],[0. 0. 0. 0. 1. 0. 0. 0. 0. 0. 0. 0. 0. 0. 0. 0. 0. 0. 0. 0. 0. 1. 0. 0. 0. 0. 0. 1. 0. 0. 0.],3.0,10000,30,0.6,10,1,3,,problem_solving
5800,0.010076750789302842,0.010441254592309894,0.4,-8.663912638992423,[0.         0.         0.         0.         0.95152584 0.         0.         0.         0.         0.         0.         0.         0.         0.         0.         0.         0.         0.         0.         0.         0.         0.02267163 0.         0.         0.         0.         0.         0.02580252 0.         0.         0.        ],[0. 0. 0. 0. 1. 0. 0. 0. 0. 0. 0. 0. 0. 0. 0. 0. 0. 0. 0. 0. 0. 1. 0. 0. 0. 0. 0. 1. 0. 0. 0.],3.0,10000,30,0.6,10,1,3,,problem_solving
5900,0.010076750789302842,0.010441254592309894,0.4,18.19906289583622,[0.         0.         0.         0.         0.95152584 0.         0.         0.         0.         0.         0.         0.         0.         0.         0.         0.         0.         0.         0.         0.         0.         0.02267163 0.         0.         0.         0.         0.         0.02580252 0.         0.         0.        ],[0. 0. 0. 0. 1. 0. 0. 0. 0. 0. 0. 0. 0. 0. 0. 0. 0. 0. 0. 0. 0. 1. 0. 0. 0. 0. 0. 1. 0. 0. 0.],3.0,10000,30,0.6,10,1,3,,problem_solving
6000,0.010076750789302842,0.010441254592309894,0.4,11.574623805498799,[0.         0.         0.         0.         0.95152584 0.         0.         0.         0.         0.         0.         0.         0.         0.         0.         0.         0.         0.         0.         0.         0.         0.02267163 0.         0.         0.         0.         0.         0.02580252 0.         0.         0.        ],[0. 0. 0. 0. 1. 0. 0. 0. 0. 0. 0. 0. 0. 0. 0. 0. 0. 0. 0. 0. 0. 1. 0. 0. 0. 0. 0. 1. 0. 0. 0.],3.0,10000,30,0.6,10,1,3,,problem_solving
6100,0.010076750789302842,0.010441254592309894,0.4,-9.195817736328273,[0.         0.         0.         0.         0.95152584 0.         0.         0.         0.         0.         0.         0.         0.         0.         0.         0.         0.         0.         0.         0.         0.         0.02267163 0.         0.         0.         0.         0.         0.02580252 0.         0.         0.        ],[0. 0. 0. 0. 1. 0. 0. 0. 0. 0. 0. 0. 0. 0. 0. 0. 0. 0. 0. 0. 0. 1. 0. 0. 0. 0. 0. 1. 0. 0. 0.],3.0,10000,30,0.6,10,1,3,,problem_solving
6200,0.010076750789302842,0.010441254592309894,0.4,3.954449210284638,[0.         0.         0.         0.         0.95152584 0.         0.         0.         0.         0.         0.         0.         0.         0.         0.         0.         0.         0.         0.         0.         0.         0.02267163 0.         0.         0.         0.         0.         0.02580252 0.         0.         0.        ],[0. 0. 0. 0. 1. 0. 0. 0. 0. 0. 0. 0. 0. 0. 0. 0. 0. 0. 0. 0. 0. 1. 0. 0. 0. 0. 0. 1. 0. 0. 0.],3.0,10000,30,0.6,10,1,3,,problem_solving
6300,0.010076750789302842,0.010441254592309894,0.4,8.224904436277079,[0.         0.         0.         0.         0.95152584 0.         0.         0.         0.         0.         0.         0.         0.         0.         0.         0.         0.         0.         0.         0.         0.         0.02267163 0.         0.         0.         0.         0.         0.02580252 0.         0.         0.        ],[0. 0. 0. 0. 1. 0. 0. 0. 0. 0. 0. 0. 0. 0. 0. 0. 0. 0. 0. 0. 0. 1. 0. 0. 0. 0. 0. 1. 0. 0. 0.],3.0,10000,30,0.6,10,1,3,,problem_solving
6400,0.010076750789302842,0.010441254592309894,0.4,-1.3766115235252423,[0.         0.         0.         0.         0.95152584 0.         0.         0.         0.         0.         0.         0.         0.         0.         0.         0.         0.         0.         0.         0.         0.         0.02267163 0.         0.         0.         0.         0.         0.02580252 0.         0.         0.        ],[0. 0. 0. 0. 1. 0. 0. 0. 0. 0. 0. 0. 0. 0. 0. 0. 0. 0. 0. 0. 0. 1. 0. 0. 0. 0. 0. 1. 0. 0. 0.],3.0,10000,30,0.6,10,1,3,,problem_solving
6500,0.010076750789302842,0.010441254592309894,0.4,-13.111561660653514,[0.         0.         0.         0.         0.95152584 0.         0.         0.         0.         0.         0.         0.         0.         0.         0.         0.         0.         0.         0.         0.         0.         0.02267163 0.         0.         0.         0.         0.         0.02580252 0.         0.         0.        ],[0. 0. 0. 0. 1. 0. 0. 0. 0. 0. 0. 0. 0. 0. 0. 0. 0. 0. 0. 0. 0. 1. 0. 0. 0. 0. 0. 1. 0. 0. 0.],3.0,10000,30,0.6,10,1,3,,problem_solving
6600,0.010076750789302842,0.010441254592309894,0.4,20.241408505218384,[0.         0.         0.         0.         0.95152584 0.         0.         0.         0.         0.         0.         0.         0.         0.         0.         0.         0.         0.         0.         0.         0.         0.02267163 0.         0.         0.         0.         0.         0.02580252 0.         0.         0.        ],[0. 0. 0. 0. 1. 0. 0. 0. 0. 0. 0. 0. 0. 0. 0. 0. 0. 0. 0. 0. 0. 1. 0. 0. 0. 0. 0. 1. 0. 0. 0.],3.0,10000,30,0.6,10,1,3,,problem_solving
6700,0.010076750789302842,0.010441254592309894,0.4,-4.390513832984283,[0.         0.         0.         0.         0.95152584 0.         0.         0.         0.         0.         0.         0.         0.         0.         0.         0.         0.         0.         0.         0.         0.         0.02267163 0.         0.         0.         0.         0.         0.02580252 0.         0.         0.        ],[0. 0. 0. 0. 1. 0. 0. 0. 0. 0. 0. 0. 0. 0. 0. 0. 0. 0. 0. 0. 0. 1. 0. 0. 0. 0. 0. 1. 0. 0. 0.],3.0,10000,30,0.6,10,1,3,,problem_solving
6800,0.010076750789302842,0.010441254592309894,0.4,5.626427322647531,[0.         0.         0.         0.         0.95152584 0.         0.         0.         0.         0.         0.         0.         0.         0.         0.         0.         0.         0.         0.         0.         0.         0.02267163 0.         0.         0.         0.         0.         0.02580252 0.         0.         0.        ],[0. 0. 0. 0. 1. 0. 0. 0. 0. 0. 0. 0. 0. 0. 0. 0. 0. 0. 0. 0. 0. 1. 0. 0. 0. 0. 0. 1. 0. 0. 0.],3.0,10000,30,0.6,10,1,3,,problem_solving
6900,0.010076750789302842,0.010441254592309894,0.4,9.898729038006447,[0.         0.         0.         0.         0.95152584 0.         0.         0.         0.         0.         0.         0.         0.         0.         0.         0.         0.         0.         0.         0.         0.         0.02267163 0.         0.         0.         0.         0.         0.02580252 0.         0.         0.        ],[0. 0. 0. 0. 1. 0. 0. 0. 0. 0. 0. 0. 0. 0. 0. 0. 0. 0. 0. 0. 0. 1. 0. 0. 0. 0. 0. 1. 0. 0. 0.],3.0,10000,30,0.6,10,1,3,,problem_solving
7000,0.010076750789302842,0.010441254592309894,0.4,16.03947435389858,[0.         0.         0.         0.         0.95152584 0.         0.         0.         0.         0.         0.         0.         0.         0.         0.         0.         0.         0.         0.         0.         0.         0.02267163 0.         0.         0.         0.         0.         0.02580252 0.         0.         0.        ],[0. 0. 0. 0. 1. 0. 0. 0. 0. 0. 0. 0. 0. 0. 0. 0. 0. 0. 0. 0. 0. 1. 0. 0. 0. 0. 0. 1. 0. 0. 0.],3.0,10000,30,0.6,10,1,3,,problem_solving
7100,0.010076750789302842,0.010441254592309894,0.4,-0.5630714532124848,[0.         0.         0.         0.         0.95152584 0.         0.         0.         0.         0.         0.         0.         0.         0.         0.         0.         0.         0.         0.         0.         0.         0.02267163 0.         0.         0.         0.         0.         0.02580252 0.         0.         0.        ],[0. 0. 0. 0. 1. 0. 0. 0. 0. 0. 0. 0. 0. 0. 0. 0. 0. 0. 0. 0. 0. 1. 0. 0. 0. 0. 0. 1. 0. 0. 0.],3.0,10000,30,0.6,10,1,3,,problem_solving
7200,0.010076750789302842,0.010441254592309894,0.4,2.335585570300455,[0.         0.         0.         0.         0.95152584 0.         0.         0.         0.         0.         0.         0.         0.         0.         0.         0.         0.         0.         0.         0.         0.         0.02267163 0.         0.         0.         0.         0.         0.02580252 0.         0.         0.        ],[0. 0. 0. 0. 1. 0. 0. 0. 0. 0. 0. 0. 0. 0. 0. 0. 0. 0. 0. 0. 0. 1. 0. 0. 0. 0. 0. 1. 0. 0. 0.],3.0,10000,30,0.6,10,1,3,,problem_solving
7300,0.010076750789302842,0.010441254592309894,0.4,-0.2866838455996069,[0.         0.         0.         0.         0.95152584 0.         0.         0.         0.         0.         0.         0.         0.         0.         0.         0.         0.         0.         0.         0.         0.         0.02267163 0.         0.         0.         0.         0.         0.02580252 0.         0.         0.        ],[0. 0. 0. 0. 1. 0. 0. 0. 0. 0. 0. 0. 0. 0. 0. 0. 0. 0. 0. 0. 0. 1. 0. 0. 0. 0. 0. 1. 0. 0. 0.],3.0,10000,30,0.6,10,1,3,,problem_solving
7400,0.010076750789302842,0.010441254592309894,0.4,5.733801910319672,[0.         0.         0.         0.         0.95152584 0.         0.         0.         0.         0.         0.         0.         0.         0.         0.         0.         0.         0.         0.         0.         0.         0.02267163 0.         0.         0.         0.         0.         0.02580252 0.         0.         0.        ],[0. 0. 0. 0. 1. 0. 0. 0. 0. 0. 0. 0. 0. 0. 0. 0. 0. 0. 0. 0. 0. 1. 0. 0. 0. 0. 0. 1. 0. 0. 0.],3.0,10000,30,0.6,10,1,3,,problem_solving
7500,0.010076750789302842,0.010441254592309894,0.4,-10.01836495441137,[0.         0.         0.         0.         0.95152584 0.         0.         0.         0.         0.         0.         0.         0.         0.         0.         0.         0.         0.         0.         0.         0.         0.02267163 0.         0.         0.         0.         0.         0.02580252 0.         0.         0.        ],[0. 0. 0. 0. 1. 0. 0. 0. 0. 0. 0. 0. 0. 0. 0. 0. 0. 0. 0. 0. 0. 1. 0. 0. 0. 0. 0. 1. 0. 0. 0.],3.0,10000,30,0.6,10,1,3,,problem_solving
7600,0.010076750789302842,0.010441254592309894,0.4,11.058489376817672,[0.         0.         0.         0.         0.95152584 0.         0.         0.         0.         0.         0.         0.         0.         0.         0.         0.         0.         0.         0.         0.         0.         0.02267163 0.         0.         0.         0.         0.         0.02580252 0.         0.         0.        ],[0. 0. 0. 0. 1. 0. 0. 0. 0. 0. 0. 0. 0. 0. 0. 0. 0. 0. 0. 0. 0. 1. 0. 0. 0. 0. 0. 1. 0. 0. 0.],3.0,10000,30,0.6,10,1,3,,problem_solving
7700,0.010076750789302842,0.010441254592309894,0.4,-4.653964108311433,[0.         0.         0.         0.         0.95152584 0.         0.         0.         0.         0.         0.         0.         0.         0.         0.         0.         0.         0.         0.         0.         0.         0.02267163 0.         0.         0.         0.         0.         0.02580252 0.         0.         0.        ],[0. 0. 0. 0. 1. 0. 0. 0. 0. 0. 0. 0. 0. 0. 0. 0. 0. 0. 0. 0. 0. 1. 0. 0. 0. 0. 0. 1. 0. 0. 0.],3.0,10000,30,0.6,10,1,3,,problem_solving
7800,0.010076750789302842,0.010441254592309894,0.4,-6.036487386414241,[0.         0.         0.         0.         0.95152584 0.         0.         0.         0.         0.         0.         0.         0.         0.         0.         0.         0.         0.         0.         0.         0.         0.02267163 0.         0.         0.         0.         0.         0.02580252 0.         0.         0.        ],[0. 0. 0. 0. 1. 0. 0. 0. 0. 0. 0. 0. 0. 0. 0. 0. 0. 0. 0. 0. 0. 1. 0. 0. 0. 0. 0. 1. 0. 0. 0.],3.0,10000,30,0.6,10,1,3,,problem_solving
7900,0.010076750789302842,0.010441254592309894,0.4,24.473505766774302,[0.         0.         0.         0.         0.95152584 0.         0.         0.         0.         0.         0.         0.         0.         0.         0.         0.         0.         0.         0.         0.         0.         0.02267163 0.         0.         0.         0.         0.         0.02580252 0.         0.         0.        ],[0. 0. 0. 0. 1. 0. 0. 0. 0. 0. 0. 0. 0. 0. 0. 0. 0. 0. 0. 0. 0. 1. 0. 0. 0. 0. 0. 1. 0. 0. 0.],3.0,10000,30,0.6,10,1,3,,problem_solving
8000,0.010076750789302842,0.010441254592309894,0.4,15.970589746309416,[0.         0.         0.         0.         0.95152584 0.         0.         0.         0.         0.         0.         0.         0.         0.         0.         0.         0.         0.         0.         0.         0.         0.02267163 0.         0.         0.         0.         0.         0.02580252 0.         0.         0.        ],[0. 0. 0. 0. 1. 0. 0. 0. 0. 0. 0. 0. 0. 0. 0. 0. 0. 0. 0. 0. 0. 1. 0. 0. 0. 0. 0. 1. 0. 0. 0.],3.0,10000,30,0.6,10,1,3,,problem_solving
8100,0.010076750789302842,0.010441254592309894,0.4,26.13930474906763,[0.         0.         0.         0.         0.95152584 0.         0.         0.         0.         0.         0.         0.         0.         0.         0.         0.         0.         0.         0.         0.         0.         0.02267163 0.         0.         0.         0.         0.         0.02580252 0.         0.         0.        ],[0. 0. 0. 0. 1. 0. 0. 0. 0. 0. 0. 0. 0. 0. 0. 0. 0. 0. 0. 0. 0. 1. 0. 0. 0. 0. 0. 1. 0. 0. 0.],3.0,10000,30,0.6,10,1,3,,problem_solving
8200,0.010076750789302842,0.010441254592309894,0.4,-19.686388106845946,[0.         0.         0.         0.         0.95152584 0.         0.         0.         0.         0.         0.         0.         0.         0.         0.         0.         0.         0.         0.         0.         0.         0.02267163 0.         0.         0.         0.         0.         0.02580252 0.         0.         0.        ],[0. 0. 0. 0. 1. 0. 0. 0. 0. 0. 0. 0. 0. 0. 0. 0. 0. 0. 0. 0. 0. 1. 0. 0. 0. 0. 0. 1. 0. 0. 0.],3.0,10000,30,0.6,10,1,3,,problem_solving
8300,0.010076750789302842,0.010441254592309894,0.4,-3.0816539777366376,[0.         0.         0.         0.         0.95152584 0.         0.         0.         0.         0.         0.         0.         0.         0.         0.         0.         0.         0.         0.         0.         0.         0.02267163 0.         0.         0.         0.         0.         0.02580252 0.         0.         0.        ],[0. 0. 0. 0. 1. 0. 0. 0. 0. 0. 0. 0. 0. 0. 0. 0. 0. 0. 0. 0. 0. 1. 0. 0. 0. 0. 0. 1. 0. 0. 0.],3.0,10000,30,0.6,10,1,3,,problem_solving
8400,0.010076750789302842,0.010441254592309894,0.4,10.943773898804924,[0.         0.         0.         0.         0.95152584 0.         0.         0.         0.         0.         0.         0.         0.         0.         0.         0.         0.         0.         0.         0.         0.         0.02267163 0.         0.         0.         0.         0.         0.02580252 0.         0.         0.        ],[0. 0. 0. 0. 1. 0. 0. 0. 0. 0. 0. 0. 0. 0. 0. 0. 0. 0. 0. 0. 0. 1. 0. 0. 0. 0. 0. 1. 0. 0. 0.],3.0,10000,30,0.6,10,1,3,,problem_solving
8500,0.010076750789302842,0.010441254592309894,0.4,0.4718564919836593,[0.         0.         0.         0.         0.95152584 0.         0.         0.         0.         0.         0.         0.         0.         0.         0.         0.         0.         0.         0.         0.         0.         0.02267163 0.         0.         0.         0.         0.         0.02580252 0.         0.         0.        ],[0. 0. 0. 0. 1. 0. 0. 0. 0. 0. 0. 0. 0. 0. 0. 0. 0. 0. 0. 0. 0. 1. 0. 0. 0. 0. 0. 1. 0. 0. 0.],3.0,10000,30,0.6,10,1,3,,problem_solving
8600,0.009398805560951072,0.01058654547455594,0.4,-6.396607636680125,[0.         0.         0.         0.         0.96882674 0.         0.         0.         0.         0.         0.         0.         0.         0.         0.         0.         0.         0.         0.         0.         0.         0.01653819 0.         0.         0.         0.         0.         0.         0.         0.01463507 0.        ],[0. 0. 0. 0. 1. 0. 0. 0. 0. 0. 0. 0. 0. 0. 0. 0. 0. 0. 0. 0. 0. 1. 0. 0. 0. 0. 0. 0. 0. 1. 0.],3.0,10000,30,0.6,10,1,3,,problem_solving
8700,0.009398805560951072,0.01058654547455594,0.4,-13.069771583925636,[0.         0.         0.         0.         0.96882674 0.         0.         0.         0.         0.         0.         0.         0.         0.         0.         0.         0.         0.         0.         0.         0.         0.01653819 0.         0.         0.         0.         0.         0.         0.         0.01463507 0.        ],[0. 0. 0. 0. 1. 0. 0. 0. 0. 0. 0. 0. 0. 0. 0. 0. 0. 0. 0. 0. 0. 1. 0. 0. 0. 0. 0. 0. 0. 1. 0.],3.0,10000,30,0.6,10,1,3,,problem_solving
8800,0.00846136600466397,0.010642899445217598,0.4,4.557329561458104,[0.         0.         0.         0.         0.9693153  0.         0.01627244 0.         0.         0.         0.         0.         0.         0.         0.         0.         0.         0.         0.         0.         0.         0.         0.         0.         0.         0.01441226 0.         0.         0.         0.         0.        ],[0. 0. 0. 0. 1. 0. 1. 0. 0. 0. 0. 0. 0. 0. 0. 0. 0. 0. 0. 0. 0. 0. 0. 0. 0. 1. 0. 0. 0. 0. 0.],3.0,10000,30,0.6,10,1,3,,problem_solving
8900,0.00846136600466397,0.010642899445217598,0.4,-20.55455350214842,[0.         0.         0.         0.         0.9693153  0.         0.01627244 0.         0.         0.         0.         0.         0.         0.         0.         0.         0.         0.         0.         0.         0.         0.         0.         0.         0.         0.01441226 0.         0.         0.         0.         0.        ],[0. 0. 0. 0. 1. 0. 1. 0. 0. 0. 0. 0. 0. 0. 0. 0. 0. 0. 0. 0. 0. 0. 0. 0. 0. 1. 0. 0. 0. 0. 0.],3.0,10000,30,0.6,10,1,3,,problem_solving
9000,0.00846136600466397,0.010642899445217598,0.4,-0.3871871009859785,[0.         0.         0.         0.         0.9693153  0.         0.01627244 0.         0.         0.         0.         0.         0.         0.         0.         0.         0.         0.         0.         0.         0.         0.         0.         0.         0.         0.01441226 0.         0.         0.         0.         0.        ],[0. 0. 0. 0. 1. 0. 1. 0. 0. 0. 0. 0. 0. 0. 0. 0. 0. 0. 0. 0. 0. 0. 0. 0. 0. 1. 0. 0. 0. 0. 0.],3.0,10000,30,0.6,10,1,3,,problem_solving
9100,0.00846136600466397,0.010642899445217598,0.4,5.507294121382302,[0.         0.         0.         0.         0.9693153  0.         0.01627244 0.         0.         0.         0.         0.         0.         0.         0.         0.         0.         0.         0.         0.         0.         0.         0.         0.         0.         0.01441226 0.         0.         0.         0.         0.        ],[0. 0. 0. 0. 1. 0. 1. 0. 0. 0. 0. 0. 0. 0. 0. 0. 0. 0. 0. 0. 0. 0. 0. 0. 0. 1. 0. 0. 0. 0. 0.],3.0,10000,30,0.6,10,1,3,,problem_solving
9200,0.00846136600466397,0.010642899445217598,0.4,3.7856568043419085,[0.         0.         0.         0.         0.9693153  0.         0.01627244 0.         0.         0.         0.         0.         0.         0.         0.         0.         0.         0.         0.         0.         0.         0.         0.         0.         0.         0.01441226 0.         0.         0.         0.         0.        ],[0. 0. 0. 0. 1. 0. 1. 0. 0. 0. 0. 0. 0. 0. 0. 0. 0. 0. 0. 0. 0. 0. 0. 0. 0. 1. 0. 0. 0. 0. 0.],3.0,10000,30,0.6,10,1,3,,problem_solving
9300,0.00846136600466397,0.010642899445217598,0.4,4.791479858723649,[0.         0.         0.         0.         0.9693153  0.         0.01627244 0.         0.         0.         0.         0.         0.         0.         0.         0.         0.         0.         0.         0.         0.         0.         0.         0.         0.         0.01441226 0.         0.         0.         0.         0.        ],[0. 0. 0. 0. 1. 0. 1. 0. 0. 0. 0. 0. 0. 0. 0. 0. 0. 0. 0. 0. 0. 0. 0. 0. 0. 1. 0. 0. 0. 0. 0.],3.0,10000,30,0.6,10,1,3,,problem_solving
9400,0.00846136600466397,0.010642899445217598,0.4,-0.9847275528758481,[0.         0.         0.         0.         0.9693153  0.         0.01627244 0.         0.         0.         0.         0.         0.         0.         0.         0.         0.         0.         0.         0.         0.         0.         0.         0.         0.         0.01441226 0.         0.         0.         0.         0.        ],[0. 0. 0. 0. 1. 0. 1. 0. 0. 0. 0. 0. 0. 0. 0. 0. 0. 0. 0. 0. 0. 0. 0. 0. 0. 1. 0. 0. 0. 0. 0.],3.0,10000,30,0.6,10,1,3,,problem_solving
9500,0.00846136600466397,0.010642899445217598,0.4,-1.1840438173731251,[0.         0.         0.         0.         0.9693153  0.         0.01627244 0.         0.         0.         0.         0.         0.         0.         0.         0.         0.         0.         0.         0.         0.         0.         0.         0.         0.         0.01441226 0.         0.         0.         0.         0.        ],[0. 0. 0. 0. 1. 0. 1. 0. 0. 0. 0. 0. 0. 0. 0. 0. 0. 0. 0. 0. 0. 0. 0. 0. 0. 1. 0. 0. 0. 0. 0.],3.0,10000,30,0.6,10,1,3,,problem_solving
9600,0.00846136600466397,0.010642899445217598,0.4,11.287930269211333,[0.         0.         0.         0.         0.9693153  0.         0.01627244 0.         0.         0.         0.         0.         0.         0.         0.         0.         0.         0.         0.         0.         0.         0.         0.         0.         0.         0.01441226 0.         0.         0.         0.         0.        ],[0. 0. 0. 0. 1. 0. 1. 0. 0. 0. 0. 0. 0. 0. 0. 0. 0. 0. 0. 0. 0. 0. 0. 0. 0. 1. 0. 0. 0. 0. 0.],3.0,10000,30,0.6,10,1,3,,problem_solving
9700,0.00846136600466397,0.010642899445217598,0.4,-7.665591158770624,[0.         0.         0.         0.         0.9693153  0.         0.01627244 0.         0.         0.         0.         0.         0.         0.         0.         0.         0.         0.         0.         0.         0.         0.         0.         0.         0.         0.01441226 0.         0.         0.         0.         0.        ],[0. 0. 0. 0. 1. 0. 1. 0. 0. 0. 0. 0. 0. 0. 0. 0. 0. 0. 0. 0. 0. 0. 0. 0. 0. 1. 0. 0. 0. 0. 0.],3.0,10000,30,0.6,10,1,3,,problem_solving
9800,0.00846136600466397,0.010642899445217598,0.4,3.5468233976745553,[0.         0.         0.         0.         0.9693153  0.         0.01627244 0.         0.         0.         0.         0.         0.         0.         0.         0.         0.         0.         0.         0.         0.         0.         0.         0.         0.         0.01441226 0.         0.         0.         0.         0.        ],[0. 0. 0. 0. 1. 0. 1. 0. 0. 0. 0. 0. 0. 0. 0. 0. 0. 0. 0. 0. 0. 0. 0. 0. 0. 1. 0. 0. 0. 0. 0.],3.0,10000,30,0.6,10,1,3,,problem_solving
9900,0.00846136600466397,0.010642899445217598,0.4,6.988720468651708,[0.         0.         0.         0.         0.9693153  0.         0.01627244 0.         0.         0.         0.         0.         0.         0.         0.         0.         0.         0.         0.         0.         0.         0.         0.         0.         0.         0.01441226 0.         0.         0.         0.         0.        ],[0. 0. 0. 0. 1. 0. 1. 0. 0. 0. 0. 0. 0. 0. 0. 0. 0. 0. 0. 0. 0. 0. 0. 0. 0. 1. 0. 0. 0. 0. 0.],3.0,10000,30,0.6,10,1,3,,problem_solving
9999,0.00846136600466397,0.010642899445217598,0.4,-28.123426572042867,[0.         0.         0.         0.         0.9693153  0.         0.01627244 0.         0.         0.         0.         0.         0.         0.         0.         0.         0.         0.         0.         0.         0.         0.         0.         0.         0.         0.01441226 0.         0.         0.         0.         0.        ],[0. 0. 0. 0. 1. 0. 1. 0. 0. 0. 0. 0. 0. 0. 0. 0. 0. 0. 0. 0. 0. 0. 0. 0. 0. 1. 0. 0. 0. 0. 0.],3.0,10000,30,0.6,10,1,3,,problem_solving
