iter,cost,return,par,move,X,Z,Q,max_iter,mem_size,mem_consider,sigma,port_n,k,seed,tag
1,0.0813970960954927,0.004799787846765097,0.4,1.126524750420705,[0.01763001 0.         0.         0.         0.         0.         0.         0.         0.         0.02093549 0.01052577 0.         0.         0.         0.         0.         0.         0.         0.         0.         0.         0.01282518 0.         0.01413947 0.         0.01196124 0.01196416 0.90001868 0.         0.         0.        ],[1. 0. 0. 0. 0. 0. 0. 0. 0. 1. 1. 0. 0. 0. 0. 0. 0. 0. 0. 0. 0. 1. 0. 1. 0. 1. 1. 1. 0. 0. 0.],8.0,10000,30,0.6,10,1,8,,problem_solving
100,0.03153817589035705,0.0027481212927640713,0.4,-6.298087410253732,[0.         0.         0.         0.         0.         0.         0.         0.         0.         0.         0.01090815 0.         0.         0.02195161 0.         0.01069698 0.01733349 0.         0.         0.0132073  0.01220598 0.         0.         0.         0.         0.89253366 0.         0.02116284 0.         0.         0.        ],[0. 0. 0. 0. 0. 0. 0. 0. 0. 0. 1. 0. 0. 1. 0. 1. 1. 0. 0. 1. 1. 0. 0. 0. 0. 1. 0. 1. 0. 0. 0.],8.0,10000,30,0.6,10,1,8,,problem_solving
200,0.03153817589035705,0.0027481212927640713,0.4,-6.127478937895596,[0.         0.         0.         0.         0.         0.         0.         0.         0.         0.         0.01090815 0.         0.         0.02195161 0.         0.01069698 0.01733349 0.         0.         0.0132073  0.01220598 0.         0.         0.         0.         0.89253366 0.         0.02116284 0.         0.         0.        ],[0. 0. 0. 0. 0. 0. 0. 0. 0. 0. 1. 0. 0. 1. 0. 1. 1. 0. 0. 1. 1. 0. 0. 0. 0. 1. 0. 1. 0. 0. 0.],8.0,10000,30,0.6,10,1,8,,problem_solving
300,0.03153817589035705,0.0027481212927640713,0.4,-14.94028871671641,[0.         0.         0.         0.         0.         0.         0.         0.         0.         0.         0.01090815 0.         0.         0.02195161 0.         0.01069698 0.01733349 0.         0.         0.0132073  0.01220598 0.         0.         0.         0.         0.89253366 0.         0.02116284 0.         0.         0.        ],[0. 0. 0. 0. 0. 0. 0. 0. 0. 0. 1. 0. 0. 1. 0. 1. 1. 0. 0. 1. 1. 0. 0. 0. 0. 1. 0. 1. 0. 0. 0.],8.0,10000,30,0.6,10,1,8,,problem_solving
400,0.03153817589035705,0.0027481212927640713,0.4,7.577687563282972,[0.         0.         0.         0.         0.         0.         0.         0.         0.         0.         0.01090815 0.         0.         0.02195161 0.         0.01069698 0.01733349 0.         0.         0.0132073  0.01220598 0.         0.         0.         0.         0.89253366 0.         0.02116284 0.         0.         0.        ],[0. 0. 0. 0. 0. 0. 0. 0. 0. 0. 1. 0. 0. 1. 0. 1. 1. 0. 0. 1. 1. 0. 0. 0. 0. 1. 0. 1. 0. 0. 0.],8.0,10000,30,0.6,10,1,8,,problem_solving
500,0.03153817589035705,0.0027481212927640713,0.4,18.190935345910667,[0.         0.         0.         0.         0.         0.         0.         0.         0.         0.         0.01090815 0.         0.         0.02195161 0.         0.01069698 0.01733349 0.         0.         0.0132073  0.01220598 0.         0.         0.         0.         0.89253366 0.         0.02116284 0.         0.         0.        ],[0. 0. 0. 0. 0. 0. 0. 0. 0. 0. 1. 0. 0. 1. 0. 1. 1. 0. 0. 1. 1. 0. 0. 0. 0. 1. 0. 1. 0. 0. 0.],8.0,10000,30,0.6,10,1,8,,problem_solving
600,0.03153817589035705,0.0027481212927640713,0.4,-6.021683537792978,[0.         0.         0.         0.         0.         0.         0.         0.         0.         0.         0.01090815 0.         0.         0.02195161 0.         0.01069698 0.01733349 0.         0.         0.0132073  0.01220598 0.         0.         0.         0.         0.89253366 0.         0.02116284 0.         0.         0.        ],[0. 0. 0. 0. 0. 0. 0. 0. 0. 0. 1. 0. 0. 1. 0. 1. 1. 0. 0. 1. 1. 0. 0. 0. 0. 1. 0. 1. 0. 0. 0.],8.0,10000,30,0.6,10,1,8,,problem_solving
700,0.03153817589035705,0.0027481212927640713,0.4,-5.663171715203478,[0.         0.         0.         0.         0.         0.         0.         0.         0.         0.         0.01090815 0.         0.         0.02195161 0.         0.01069698 0.01733349 0.         0.         0.0132073  0.01220598 0.         0.         0.         0.         0.89253366 0.         0.02116284 0.         0.         0.        ],[0. 0. 0. 0. 0. 0. 0. 0. 0. 0. 1. 0. 0. 1. 0. 1. 1. 0. 0. 1. 1. 0. 0. 0. 0. 1. 0. 1. 0. 0. 0.],8.0,10000,30,0.6,10,1,8,,problem_solving
800,0.03153817589035705,0.0027481212927640713,0.4,12.824100780553625,[0.         0.         0.         0.         0.         0.         0.         0.         0.         0.         0.01090815 0.         0.         0.02195161 0.         0.01069698 0.01733349 0.         0.         0.0132073  0.01220598 0.         0.         0.         0.         0.89253366 0.         0.02116284 0.         0.         0.        ],[0. 0. 0. 0. 0. 0. 0. 0. 0. 0. 1. 0. 0. 1. 0. 1. 1. 0. 0. 1. 1. 0. 0. 0. 0. 1. 0. 1. 0. 0. 0.],8.0,10000,30,0.6,10,1,8,,problem_solving
900,0.03153817589035705,0.0027481212927640713,0.4,7.606229533872952,[0.         0.         0.         0.         0.         0.         0.         0.         0.         0.         0.01090815 0.         0.         0.02195161 0.         0.01069698 0.01733349 0.         0.         0.0132073  0.01220598 0.         0.         0.         0.         0.89253366 0.         0.02116284 0.         0.         0.        ],[0. 0. 0. 0. 0. 0. 0. 0. 0. 0. 1. 0. 0. 1. 0. 1. 1. 0. 0. 1. 1. 0. 0. 0. 0. 1. 0. 1. 0. 0. 0.],8.0,10000,30,0.6,10,1,8,,problem_solving
1000,0.03153817589035705,0.0027481212927640713,0.4,-5.894229786217334,[0.         0.         0.         0.         0.         0.         0.         0.         0.         0.         0.01090815 0.         0.         0.02195161 0.         0.01069698 0.01733349 0.         0.         0.0132073  0.01220598 0.         0.         0.         0.         0.89253366 0.         0.02116284 0.         0.         0.        ],[0. 0. 0. 0. 0. 0. 0. 0. 0. 0. 1. 0. 0. 1. 0. 1. 1. 0. 0. 1. 1. 0. 0. 0. 0. 1. 0. 1. 0. 0. 0.],8.0,10000,30,0.6,10,1,8,,problem_solving
1100,0.024366523346191937,0.004602592454660569,0.4,-14.867083643748767,[0.01301142 0.         0.         0.         0.         0.01513599 0.         0.         0.01054881 0.         0.         0.         0.         0.         0.01342606 0.         0.01511996 0.         0.         0.         0.         0.         0.01674222 0.         0.         0.89892234 0.         0.01709319 0.         0.         0.        ],[1. 0. 0. 0. 0. 1. 0. 0. 1. 0. 0. 0. 0. 0. 1. 0. 1. 0. 0. 0. 0. 0. 1. 0. 0. 1. 0. 1. 0. 0. 0.],8.0,10000,30,0.6,10,1,8,,problem_solving
1200,0.024366523346191937,0.004602592454660569,0.4,1.4433081583066534,[0.01301142 0.         0.         0.         0.         0.01513599 0.         0.         0.01054881 0.         0.         0.         0.         0.         0.01342606 0.         0.01511996 0.         0.         0.         0.         0.         0.01674222 0.         0.         0.89892234 0.         0.01709319 0.         0.         0.        ],[1. 0. 0. 0. 0. 1. 0. 0. 1. 0. 0. 0. 0. 0. 1. 0. 1. 0. 0. 0. 0. 0. 1. 0. 0. 1. 0. 1. 0. 0. 0.],8.0,10000,30,0.6,10,1,8,,problem_solving
1300,0.024366523346191937,0.004602592454660569,0.4,-10.609210103006909,[0.01301142 0.         0.         0.         0.         0.01513599 0.         0.         0.01054881 0.         0.         0.         0.         0.         0.01342606 0.         0.01511996 0.         0.         0.         0.         0.         0.01674222 0.         0.         0.89892234 0.         0.01709319 0.         0.         0.        ],[1. 0. 0. 0. 0. 1. 0. 0. 1. 0. 0. 0. 0. 0. 1. 0. 1. 0. 0. 0. 0. 0. 1. 0. 0. 1. 0. 1. 0. 0. 0.],8.0,10000,30,0.6,10,1,8,,problem_solving
1400,0.024366523346191937,0.004602592454660569,0.4,-6.903974172409492,[0.01301142 0.         0.         0.         0.         0.01513599 0.         0.         0.01054881 0.         0.         0.         0.         0.         0.01342606 0.         0.01511996 0.         0.         0.         0.         0.         0.01674222 0.         0.         0.89892234 0.         0.01709319 0.         0.         0.        ],[1. 0. 0. 0. 0. 1. 0. 0. 1. 0. 0. 0. 0. 0. 1. 0. 1. 0. 0. 0. 0. 0. 1. 0. 0. 1. 0. 1. 0. 0. 0.],8.0,10000,30,0.6,10,1,8,,problem_solving
1500,0.024366523346191937,0.004602592454660569,0.4,-5.868462037300361,[0.01301142 0.         0.         0.         0.         0.01513599 0.         0.         0.01054881 0.         0.         0.         0.         0.         0.01342606 0.         0.01511996 0.         0.         0.         0.         0.         0.01674222 0.         0.         0.89892234 0.         0.01709319 0.         0.         0.        ],[1. 0. 0. 0. 0. 1. 0. 0. 1. 0. 0. 0. 0. 0. 1. 0. 1. 0. 0. 0. 0. 0. 1. 0. 0. 1. 0. 1. 0. 0. 0.],8.0,10000,30,0.6,10,1,8,,problem_solving
1600,0.024342350738074964,0.0026490506894113076,0.4,-3.2489242512791785,[0.         0.         0.         0.         0.01672778 0.         0.         0.         0.01383185 0.         0.         0.01069185 0.         0.         0.         0.         0.         0.         0.01242091 0.         0.         0.01486926 0.02021068 0.         0.         0.         0.         0.89668851 0.         0.01455916 0.        ],[0. 0. 0. 0. 1. 0. 0. 0. 1. 0. 0. 1. 0. 0. 0. 0. 0. 0. 1. 0. 0. 1. 1. 0. 0. 0. 0. 1. 0. 1. 0.],8.0,10000,30,0.6,10,1,8,,problem_solving
1700,0.024342350738074964,0.0026490506894113076,0.4,-14.868918366795757,[0.         0.         0.         0.         0.01672778 0.         0.         0.         0.01383185 0.         0.         0.01069185 0.         0.         0.         0.         0.         0.         0.01242091 0.         0.         0.01486926 0.02021068 0.         0.         0.         0.         0.89668851 0.         0.01455916 0.        ],[0. 0. 0. 0. 1. 0. 0. 0. 1. 0. 0. 1. 0. 0. 0. 0. 0. 0. 1. 0. 0. 1. 1. 0. 0. 0. 0. 1. 0. 1. 0.],8.0,10000,30,0.6,10,1,8,,problem_solving
1800,0.024342350738074964,0.0026490506894113076,0.4,5.915480114369557,[0.         0.         0.         0.         0.01672778 0.         0.         0.         0.01383185 0.         0.         0.01069185 0.         0.         0.         0.         0.         0.         0.01242091 0.         0.         0.01486926 0.02021068 0.         0.         0.         0.         0.89668851 0.         0.01455916 0.        ],[0. 0. 0. 0. 1. 0. 0. 0. 1. 0. 0. 1. 0. 0. 0. 0. 0. 0. 1. 0. 0. 1. 1. 0. 0. 0. 0. 1. 0. 1. 0.],8.0,10000,30,0.6,10,1,8,,problem_solving
1900,0.024342350738074964,0.0026490506894113076,0.4,-10.028930594083711,[0.         0.         0.         0.         0.01672778 0.         0.         0.         0.01383185 0.         0.         0.01069185 0.         0.         0.         0.         0.         0.         0.01242091 0.         0.         0.01486926 0.02021068 0.         0.         0.         0.         0.89668851 0.         0.01455916 0.        ],[0. 0. 0. 0. 1. 0. 0. 0. 1. 0. 0. 1. 0. 0. 0. 0. 0. 0. 1. 0. 0. 1. 1. 0. 0. 0. 0. 1. 0. 1. 0.],8.0,10000,30,0.6,10,1,8,,problem_solving
2000,0.024342350738074964,0.0026490506894113076,0.4,9.208434631562586,[0.         0.         0.         0.         0.01672778 0.         0.         0.         0.01383185 0.         0.         0.01069185 0.         0.         0.         0.         0.         0.         0.01242091 0.         0.         0.01486926 0.02021068 0.         0.         0.         0.         0.89668851 0.         0.01455916 0.        ],[0. 0. 0. 0. 1. 0. 0. 0. 1. 0. 0. 1. 0. 0. 0. 0. 0. 0. 1. 0. 0. 1. 1. 0. 0. 0. 0. 1. 0. 1. 0.],8.0,10000,30,0.6,10,1,8,,problem_solving
2100,0.024342350738074964,0.0026490506894113076,0.4,12.142985083014315,[0.         0.         0.         0.         0.01672778 0.         0.         0.         0.01383185 0.         0.         0.01069185 0.         0.         0.         0.         0.         0.         0.01242091 0.         0.         0.01486926 0.02021068 0.         0.         0.         0.         0.89668851 0.         0.01455916 0.        ],[0. 0. 0. 0. 1. 0. 0. 0. 1. 0. 0. 1. 0. 0. 0. 0. 0. 0. 1. 0. 0. 1. 1. 0. 0. 0. 0. 1. 0. 1. 0.],8.0,10000,30,0.6,10,1,8,,problem_solving
2200,0.024342350738074964,0.0026490506894113076,0.4,0.3318253641770464,[0.         0.         0.         0.         0.01672778 0.         0.         0.         0.01383185 0.         0.         0.01069185 0.         0.         0.         0.         0.         0.         0.01242091 0.         0.         0.01486926 0.02021068 0.         0.         0.         0.         0.89668851 0.         0.01455916 0.        ],[0. 0. 0. 0. 1. 0. 0. 0. 1. 0. 0. 1. 0. 0. 0. 0. 0. 0. 1. 0. 0. 1. 1. 0. 0. 0. 0. 1. 0. 1. 0.],8.0,10000,30,0.6,10,1,8,,problem_solving
2300,0.024342350738074964,0.0026490506894113076,0.4,-2.597566627165838,[0.         0.         0.         0.         0.01672778 0.         0.         0.         0.01383185 0.         0.         0.01069185 0.         0.         0.         0.         0.         0.         0.01242091 0.         0.         0.01486926 0.02021068 0.         0.         0.         0.         0.89668851 0.         0.01455916 0.        ],[0. 0. 0. 0. 1. 0. 0. 0. 1. 0. 0. 1. 0. 0. 0. 0. 0. 0. 1. 0. 0. 1. 1. 0. 0. 0. 0. 1. 0. 1. 0.],8.0,10000,30,0.6,10,1,8,,problem_solving
2400,0.024342350738074964,0.0026490506894113076,0.4,-14.930270565478029,[0.         0.         0.         0.         0.01672778 0.         0.         0.         0.01383185 0.         0.         0.01069185 0.         0.         0.         0.         0.         0.         0.01242091 0.         0.         0.01486926 0.02021068 0.         0.         0.         0.         0.89668851 0.         0.01455916 0.        ],[0. 0. 0. 0. 1. 0. 0. 0. 1. 0. 0. 1. 0. 0. 0. 0. 0. 0. 1. 0. 0. 1. 1. 0. 0. 0. 0. 1. 0. 1. 0.],8.0,10000,30,0.6,10,1,8,,problem_solving
2500,0.024342350738074964,0.0026490506894113076,0.4,-6.473488877764556,[0.         0.         0.         0.         0.01672778 0.         0.         0.         0.01383185 0.         0.         0.01069185 0.         0.         0.         0.         0.         0.         0.01242091 0.         0.         0.01486926 0.02021068 0.         0.         0.         0.         0.89668851 0.         0.01455916 0.        ],[0. 0. 0. 0. 1. 0. 0. 0. 1. 0. 0. 1. 0. 0. 0. 0. 0. 0. 1. 0. 0. 1. 1. 0. 0. 0. 0. 1. 0. 1. 0.],8.0,10000,30,0.6,10,1,8,,problem_solving
2600,0.024342350738074964,0.0026490506894113076,0.4,-1.7906566044861159,[0.         0.         0.         0.         0.01672778 0.         0.         0.         0.01383185 0.         0.         0.01069185 0.         0.         0.         0.         0.         0.         0.01242091 0.         0.         0.01486926 0.02021068 0.         0.         0.         0.         0.89668851 0.         0.01455916 0.        ],[0. 0. 0. 0. 1. 0. 0. 0. 1. 0. 0. 1. 0. 0. 0. 0. 0. 0. 1. 0. 0. 1. 1. 0. 0. 0. 0. 1. 0. 1. 0.],8.0,10000,30,0.6,10,1,8,,problem_solving
2700,0.024342350738074964,0.0026490506894113076,0.4,0.6380637839804005,[0.         0.         0.         0.         0.01672778 0.         0.         0.         0.01383185 0.         0.         0.01069185 0.         0.         0.         0.         0.         0.         0.01242091 0.         0.         0.01486926 0.02021068 0.         0.         0.         0.         0.89668851 0.         0.01455916 0.        ],[0. 0. 0. 0. 1. 0. 0. 0. 1. 0. 0. 1. 0. 0. 0. 0. 0. 0. 1. 0. 0. 1. 1. 0. 0. 0. 0. 1. 0. 1. 0.],8.0,10000,30,0.6,10,1,8,,problem_solving
2800,0.024342350738074964,0.0026490506894113076,0.4,7.223925989018305,[0.         0.         0.         0.         0.01672778 0.         0.         0.         0.01383185 0.         0.         0.01069185 0.         0.         0.         0.         0.         0.         0.01242091 0.         0.         0.01486926 0.02021068 0.         0.         0.         0.         0.89668851 0.         0.01455916 0.        ],[0. 0. 0. 0. 1. 0. 0. 0. 1. 0. 0. 1. 0. 0. 0. 0. 0. 0. 1. 0. 0. 1. 1. 0. 0. 0. 0. 1. 0. 1. 0.],8.0,10000,30,0.6,10,1,8,,problem_solving
2900,0.024342350738074964,0.0026490506894113076,0.4,-0.8780277318675569,[0.         0.         0.         0.         0.01672778 0.         0.         0.         0.01383185 0.         0.         0.01069185 0.         0.         0.         0.         0.         0.         0.01242091 0.         0.         0.01486926 0.02021068 0.         0.         0.         0.         0.89668851 0.         0.01455916 0.        ],[0. 0. 0. 0. 1. 0. 0. 0. 1. 0. 0. 1. 0. 0. 0. 0. 0. 0. 1. 0. 0. 1. 1. 0. 0. 0. 0. 1. 0. 1. 0.],8.0,10000,30,0.6,10,1,8,,problem_solving
3000,0.024318342353802307,0.0026751620691946795,0.4,13.380458796154567,[0.         0.         0.         0.         0.0189923  0.         0.         0.         0.01983827 0.01058141 0.01060938 0.         0.         0.         0.01120967 0.         0.         0.         0.         0.         0.         0.         0.         0.         0.         0.01849236 0.01106831 0.89920831 0.         0.         0.        ],[0. 0. 0. 0. 1. 0. 0. 0. 1. 1. 1. 0. 0. 0. 1. 0. 0. 0. 0. 0. 0. 0. 0. 0. 0. 1. 1. 1. 0. 0. 0.],8.0,10000,30,0.6,10,1,8,,problem_solving
3100,0.024318342353802307,0.0026751620691946795,0.4,-11.609059038728738,[0.         0.         0.         0.         0.0189923  0.         0.         0.         0.01983827 0.01058141 0.01060938 0.         0.         0.         0.01120967 0.         0.         0.         0.         0.         0.         0.         0.         0.         0.         0.01849236 0.01106831 0.89920831 0.         0.         0.        ],[0. 0. 0. 0. 1. 0. 0. 0. 1. 1. 1. 0. 0. 0. 1. 0. 0. 0. 0. 0. 0. 0. 0. 0. 0. 1. 1. 1. 0. 0. 0.],8.0,10000,30,0.6,10,1,8,,problem_solving
3200,0.024318342353802307,0.0026751620691946795,0.4,6.342930010229174,[0.         0.         0.         0.         0.0189923  0.         0.         0.         0.01983827 0.01058141 0.01060938 0.         0.         0.         0.01120967 0.         0.         0.         0.         0.         0.         0.         0.         0.         0.         0.01849236 0.01106831 0.89920831 0.         0.         0.        ],[0. 0. 0. 0. 1. 0. 0. 0. 1. 1. 1. 0. 0. 0. 1. 0. 0. 0. 0. 0. 0. 0. 0. 0. 0. 1. 1. 1. 0. 0. 0.],8.0,10000,30,0.6,10,1,8,,problem_solving
3300,0.024318342353802307,0.0026751620691946795,0.4,-2.838350668479152,[0.         0.         0.         0.         0.0189923  0.         0.         0.         0.01983827 0.01058141 0.01060938 0.         0.         0.         0.01120967 0.         0.         0.         0.         0.         0.         0.         0.         0.         0.         0.01849236 0.01106831 0.89920831 0.         0.         0.        ],[0. 0. 0. 0. 1. 0. 0. 0. 1. 1. 1. 0. 0. 0. 1. 0. 0. 0. 0. 0. 0. 0. 0. 0. 0. 1. 1. 1. 0. 0. 0.],8.0,10000,30,0.6,10,1,8,,problem_solving
3400,0.024318342353802307,0.0026751620691946795,0.4,-12.357238741024357,[0.         0.         0.         0.         0.0189923  0.         0.         0.         0.01983827 0.01058141 0.01060938 0.         0.         0.         0.01120967 0.         0.         0.         0.         0.         0.         0.         0.         0.         0.         0.01849236 0.01106831 0.89920831 0.         0.         0.        ],[0. 0. 0. 0. 1. 0. 0. 0. 1. 1. 1. 0. 0. 0. 1. 0. 0. 0. 0. 0. 0. 0. 0. 0. 0. 1. 1. 1. 0. 0. 0.],8.0,10000,30,0.6,10,1,8,,problem_solving
3500,0.024318342353802307,0.0026751620691946795,0.4,20.8929148759269,[0.         0.         0.         0.         0.0189923  0.         0.         0.         0.01983827 0.01058141 0.01060938 0.         0.         0.         0.01120967 0.         0.         0.         0.         0.         0.         0.         0.         0.         0.         0.01849236 0.01106831 0.89920831 0.         0.         0.        ],[0. 0. 0. 0. 1. 0. 0. 0. 1. 1. 1. 0. 0. 0. 1. 0. 0. 0. 0. 0. 0. 0. 0. 0. 0. 1. 1. 1. 0. 0. 0.],8.0,10000,30,0.6,10,1,8,,problem_solving
3600,0.024318342353802307,0.0026751620691946795,0.4,5.4104003636634355,[0.         0.         0.         0.         0.0189923  0.         0.         0.         0.01983827 0.01058141 0.01060938 0.         0.         0.         0.01120967 0.         0.         0.         0.         0.         0.         0.         0.         0.         0.         0.01849236 0.01106831 0.89920831 0.         0.         0.        ],[0. 0. 0. 0. 1. 0. 0. 0. 1. 1. 1. 0. 0. 0. 1. 0. 0. 0. 0. 0. 0. 0. 0. 0. 0. 1. 1. 1. 0. 0. 0.],8.0,10000,30,0.6,10,1,8,,problem_solving
3700,0.024318342353802307,0.0026751620691946795,0.4,11.59447710804254,[0.         0.         0.         0.         0.0189923  0.         0.         0.         0.01983827 0.01058141 0.01060938 0.         0.         0.         0.01120967 0.         0.         0.         0.         0.         0.         0.         0.         0.         0.         0.01849236 0.01106831 0.89920831 0.         0.         0.        ],[0. 0. 0. 0. 1. 0. 0. 0. 1. 1. 1. 0. 0. 0. 1. 0. 0. 0. 0. 0. 0. 0. 0. 0. 0. 1. 1. 1. 0. 0. 0.],8.0,10000,30,0.6,10,1,8,,problem_solving
3800,0.024318342353802307,0.0026751620691946795,0.4,16.441613728492182,[0.         0.         0.         0.         0.0189923  0.         0.         0.         0.01983827 0.01058141 0.01060938 0.         0.         0.         0.01120967 0.         0.         0.         0.         0.         0.         0.         0.         0.         0.         0.01849236 0.01106831 0.89920831 0.         0.         0.        ],[0. 0. 0. 0. 1. 0. 0. 0. 1. 1. 1. 0. 0. 0. 1. 0. 0. 0. 0. 0. 0. 0. 0. 0. 0. 1. 1. 1. 0. 0. 0.],8.0,10000,30,0.6,10,1,8,,problem_solving
3900,0.024318342353802307,0.0026751620691946795,0.4,4.07539002924353,[0.         0.         0.         0.         0.0189923  0.         0.         0.         0.01983827 0.01058141 0.01060938 0.         0.         0.         0.01120967 0.         0.         0.         0.         0.         0.         0.         0.         0.         0.         0.01849236 0.01106831 0.89920831 0.         0.         0.        ],[0. 0. 0. 0. 1. 0. 0. 0. 1. 1. 1. 0. 0. 0. 1. 0. 0. 0. 0. 0. 0. 0. 0. 0. 0. 1. 1. 1. 0. 0. 0.],8.0,10000,30,0.6,10,1,8,,problem_solving
4000,0.024318342353802307,0.0026751620691946795,0.4,-6.145437453910824,[0.         0.         0.         0.         0.0189923  0.         0.         0.         0.01983827 0.01058141 0.01060938 0.         0.         0.         0.01120967 0.         0.         0.         0.         0.         0.         0.         0.         0.         0.         0.01849236 0.01106831 0.89920831 0.         0.         0.        ],[0. 0. 0. 0. 1. 0. 0. 0. 1. 1. 1. 0. 0. 0. 1. 0. 0. 0. 0. 0. 0. 0. 0. 0. 0. 1. 1. 1. 0. 0. 0.],8.0,10000,30,0.6,10,1,8,,problem_solving
4100,0.024318342353802307,0.0026751620691946795,0.4,-3.2609967908604283,[0.         0.         0.         0.         0.0189923  0.         0.         0.         0.01983827 0.01058141 0.01060938 0.         0.         0.         0.01120967 0.         0.         0.         0.         0.         0.         0.         0.         0.         0.         0.01849236 0.01106831 0.89920831 0.         0.         0.        ],[0. 0. 0. 0. 1. 0. 0. 0. 1. 1. 1. 0. 0. 0. 1. 0. 0. 0. 0. 0. 0. 0. 0. 0. 0. 1. 1. 1. 0. 0. 0.],8.0,10000,30,0.6,10,1,8,,problem_solving
4200,0.024318342353802307,0.0026751620691946795,0.4,3.6876942533858066,[0.         0.         0.         0.         0.0189923  0.         0.         0.         0.01983827 0.01058141 0.01060938 0.         0.         0.         0.01120967 0.         0.         0.         0.         0.         0.         0.         0.         0.         0.         0.01849236 0.01106831 0.89920831 0.         0.         0.        ],[0. 0. 0. 0. 1. 0. 0. 0. 1. 1. 1. 0. 0. 0. 1. 0. 0. 0. 0. 0. 0. 0. 0. 0. 0. 1. 1. 1. 0. 0. 0.],8.0,10000,30,0.6,10,1,8,,problem_solving
4300,0.024318342353802307,0.0026751620691946795,0.4,-0.8984565207241834,[0.         0.         0.         0.         0.0189923  0.         0.         0.         0.01983827 0.01058141 0.01060938 0.         0.         0.         0.01120967 0.         0.         0.         0.         0.         0.         0.         0.         0.         0.         0.01849236 0.01106831 0.89920831 0.         0.         0.        ],[0. 0. 0. 0. 1. 0. 0. 0. 1. 1. 1. 0. 0. 0. 1. 0. 0. 0. 0. 0. 0. 0. 0. 0. 0. 1. 1. 1. 0. 0. 0.],8.0,10000,30,0.6,10,1,8,,problem_solving
4400,0.024318342353802307,0.0026751620691946795,0.4,-2.8214096709887064,[0.         0.         0.         0.         0.0189923  0.         0.         0.         0.01983827 0.01058141 0.01060938 0.         0.         0.         0.01120967 0.         0.         0.         0.         0.         0.         0.         0.         0.         0.         0.01849236 0.01106831 0.89920831 0.         0.         0.        ],[0. 0. 0. 0. 1. 0. 0. 0. 1. 1. 1. 0. 0. 0. 1. 0. 0. 0. 0. 0. 0. 0. 0. 0. 0. 1. 1. 1. 0. 0. 0.],8.0,10000,30,0.6,10,1,8,,problem_solving
4500,0.024318342353802307,0.0026751620691946795,0.4,-8.2457518774195,[0.         0.         0.         0.         0.0189923  0.         0.         0.         0.01983827 0.01058141 0.01060938 0.         0.         0.         0.01120967 0.         0.         0.         0.         0.         0.         0.         0.         0.         0.         0.01849236 0.01106831 0.89920831 0.         0.         0.        ],[0. 0. 0. 0. 1. 0. 0. 0. 1. 1. 1. 0. 0. 0. 1. 0. 0. 0. 0. 0. 0. 0. 0. 0. 0. 1. 1. 1. 0. 0. 0.],8.0,10000,30,0.6,10,1,8,,problem_solving
4600,0.024318342353802307,0.0026751620691946795,0.4,8.369532447479413,[0.         0.         0.         0.         0.0189923  0.         0.         0.         0.01983827 0.01058141 0.01060938 0.         0.         0.         0.01120967 0.         0.         0.         0.         0.         0.         0.         0.         0.         0.         0.01849236 0.01106831 0.89920831 0.         0.         0.        ],[0. 0. 0. 0. 1. 0. 0. 0. 1. 1. 1. 0. 0. 0. 1. 0. 0. 0. 0. 0. 0. 0. 0. 0. 0. 1. 1. 1. 0. 0. 0.],8.0,10000,30,0.6,10,1,8,,problem_solving
4700,0.024318342353802307,0.0026751620691946795,0.4,6.257625982803534,[0.         0.         0.         0.         0.0189923  0.         0.         0.         0.01983827 0.01058141 0.01060938 0.         0.         0.         0.01120967 0.         0.         0.         0.         0.         0.         0.         0.         0.         0.         0.01849236 0.01106831 0.89920831 0.         0.         0.        ],[0. 0. 0. 0. 1. 0. 0. 0. 1. 1. 1. 0. 0. 0. 1. 0. 0. 0. 0. 0. 0. 0. 0. 0. 0. 1. 1. 1. 0. 0. 0.],8.0,10000,30,0.6,10,1,8,,problem_solving
4800,0.024318342353802307,0.0026751620691946795,0.4,-4.281024190278323,[0.         0.         0.         0.         0.0189923  0.         0.         0.         0.01983827 0.01058141 0.01060938 0.         0.         0.         0.01120967 0.         0.         0.         0.         0.         0.         0.         0.         0.         0.         0.01849236 0.01106831 0.89920831 0.         0.         0.        ],[0. 0. 0. 0. 1. 0. 0. 0. 1. 1. 1. 0. 0. 0. 1. 0. 0. 0. 0. 0. 0. 0. 0. 0. 0. 1. 1. 1. 0. 0. 0.],8.0,10000,30,0.6,10,1,8,,problem_solving
4900,0.024318342353802307,0.0026751620691946795,0.4,26.936229173290464,[0.         0.         0.         0.         0.0189923  0.         0.         0.         0.01983827 0.01058141 0.01060938 0.         0.         0.         0.01120967 0.         0.         0.         0.         0.         0.         0.         0.         0.         0.         0.01849236 0.01106831 0.89920831 0.         0.         0.        ],[0. 0. 0. 0. 1. 0. 0. 0. 1. 1. 1. 0. 0. 0. 1. 0. 0. 0. 0. 0. 0. 0. 0. 0. 0. 1. 1. 1. 0. 0. 0.],8.0,10000,30,0.6,10,1,8,,problem_solving
5000,0.024318342353802307,0.0026751620691946795,0.4,15.580484508912836,[0.         0.         0.         0.         0.0189923  0.         0.         0.         0.01983827 0.01058141 0.01060938 0.         0.         0.         0.01120967 0.         0.         0.         0.         0.         0.         0.         0.         0.         0.         0.01849236 0.01106831 0.89920831 0.         0.         0.        ],[0. 0. 0. 0. 1. 0. 0. 0. 1. 1. 1. 0. 0. 0. 1. 0. 0. 0. 0. 0. 0. 0. 0. 0. 0. 1. 1. 1. 0. 0. 0.],8.0,10000,30,0.6,10,1,8,,problem_solving
5100,0.024318342353802307,0.0026751620691946795,0.4,-5.2720552190206424,[0.         0.         0.         0.         0.0189923  0.         0.         0.         0.01983827 0.01058141 0.01060938 0.         0.         0.         0.01120967 0.         0.         0.         0.         0.         0.         0.         0.         0.         0.         0.01849236 0.01106831 0.89920831 0.         0.         0.        ],[0. 0. 0. 0. 1. 0. 0. 0. 1. 1. 1. 0. 0. 0. 1. 0. 0. 0. 0. 0. 0. 0. 0. 0. 0. 1. 1. 1. 0. 0. 0.],8.0,10000,30,0.6,10,1,8,,problem_solving
5200,0.024318342353802307,0.0026751620691946795,0.4,1.795810926855646,[0.         0.         0.         0.         0.0189923  0.         0.         0.         0.01983827 0.01058141 0.01060938 0.         0.         0.         0.01120967 0.         0.         0.         0.         0.         0.         0.         0.         0.         0.         0.01849236 0.01106831 0.89920831 0.         0.         0.        ],[0. 0. 0. 0. 1. 0. 0. 0. 1. 1. 1. 0. 0. 0. 1. 0. 0. 0. 0. 0. 0. 0. 0. 0. 0. 1. 1. 1. 0. 0. 0.],8.0,10000,30,0.6,10,1,8,,problem_solving
5300,0.024318342353802307,0.0026751620691946795,0.4,-12.458285966067645,[0.         0.         0.         0.         0.0189923  0.         0.         0.         0.01983827 0.01058141 0.01060938 0.         0.         0.         0.01120967 0.         0.         0.         0.         0.         0.         0.         0.         0.         0.         0.01849236 0.01106831 0.89920831 0.         0.         0.        ],[0. 0. 0. 0. 1. 0. 0. 0. 1. 1. 1. 0. 0. 0. 1. 0. 0. 0. 0. 0. 0. 0. 0. 0. 0. 1. 1. 1. 0. 0. 0.],8.0,10000,30,0.6,10,1,8,,problem_solving
5400,0.024318342353802307,0.0026751620691946795,0.4,-0.29315248336887706,[0.         0.         0.         0.         0.0189923  0.         0.         0.         0.01983827 0.01058141 0.01060938 0.         0.         0.         0.01120967 0.         0.         0.         0.         0.         0.         0.         0.         0.         0.         0.01849236 0.01106831 0.89920831 0.         0.         0.        ],[0. 0. 0. 0. 1. 0. 0. 0. 1. 1. 1. 0. 0. 0. 1. 0. 0. 0. 0. 0. 0. 0. 0. 0. 0. 1. 1. 1. 0. 0. 0.],8.0,10000,30,0.6,10,1,8,,problem_solving
5500,0.024318342353802307,0.0026751620691946795,0.4,16.53893300534055,[0.         0.         0.         0.         0.0189923  0.         0.         0.         0.01983827 0.01058141 0.01060938 0.         0.         0.         0.01120967 0.         0.         0.         0.         0.         0.         0.         0.         0.         0.         0.01849236 0.01106831 0.89920831 0.         0.         0.        ],[0. 0. 0. 0. 1. 0. 0. 0. 1. 1. 1. 0. 0. 0. 1. 0. 0. 0. 0. 0. 0. 0. 0. 0. 0. 1. 1. 1. 0. 0. 0.],8.0,10000,30,0.6,10,1,8,,problem_solving
5600,0.024318342353802307,0.0026751620691946795,0.4,6.8845903852948975,[0.         0.         0.         0.         0.0189923  0.         0.         0.         0.01983827 0.01058141 0.01060938 0.         0.         0.         0.01120967 0.         0.         0.         0.         0.         0.         0.         0.         0.         0.         0.01849236 0.01106831 0.89920831 0.         0.         0.        ],[0. 0. 0. 0. 1. 0. 0. 0. 1. 1. 1. 0. 0. 0. 1. 0. 0. 0. 0. 0. 0. 0. 0. 0. 0. 1. 1. 1. 0. 0. 0.],8.0,10000,30,0.6,10,1,8,,problem_solving
5700,0.024318342353802307,0.0026751620691946795,0.4,9.768807475682676,[0.         0.         0.         0.         0.0189923  0.         0.         0.         0.01983827 0.01058141 0.01060938 0.         0.         0.         0.01120967 0.         0.         0.         0.         0.         0.         0.         0.         0.         0.         0.01849236 0.01106831 0.89920831 0.         0.         0.        ],[0. 0. 0. 0. 1. 0. 0. 0. 1. 1. 1. 0. 0. 0. 1. 0. 0. 0. 0. 0. 0. 0. 0. 0. 0. 1. 1. 1. 0. 0. 0.],8.0,10000,30,0.6,10,1,8,,problem_solving
5800,0.024318342353802307,0.0026751620691946795,0.4,9.593406305595352,[0.         0.         0.         0.         0.0189923  0.         0.         0.         0.01983827 0.01058141 0.01060938 0.         0.         0.         0.01120967 0.         0.         0.         0.         0.         0.         0.         0.         0.         0.         0.01849236 0.01106831 0.89920831 0.         0.         0.        ],[0. 0. 0. 0. 1. 0. 0. 0. 1. 1. 1. 0. 0. 0. 1. 0. 0. 0. 0. 0. 0. 0. 0. 0. 0. 1. 1. 1. 0. 0. 0.],8.0,10000,30,0.6,10,1,8,,problem_solving
5900,0.024318342353802307,0.0026751620691946795,0.4,5.481869254433997,[0.         0.         0.         0.         0.0189923  0.         0.         0.         0.01983827 0.01058141 0.01060938 0.         0.         0.         0.01120967 0.         0.         0.         0.         0.         0.         0.         0.         0.         0.         0.01849236 0.01106831 0.89920831 0.         0.         0.        ],[0. 0. 0. 0. 1. 0. 0. 0. 1. 1. 1. 0. 0. 0. 1. 0. 0. 0. 0. 0. 0. 0. 0. 0. 0. 1. 1. 1. 0. 0. 0.],8.0,10000,30,0.6,10,1,8,,problem_solving
6000,0.024318342353802307,0.0026751620691946795,0.4,1.3244420521187914,[0.         0.         0.         0.         0.0189923  0.         0.         0.         0.01983827 0.01058141 0.01060938 0.         0.         0.         0.01120967 0.         0.         0.         0.         0.         0.         0.         0.         0.         0.         0.01849236 0.01106831 0.89920831 0.         0.         0.        ],[0. 0. 0. 0. 1. 0. 0. 0. 1. 1. 1. 0. 0. 0. 1. 0. 0. 0. 0. 0. 0. 0. 0. 0. 0. 1. 1. 1. 0. 0. 0.],8.0,10000,30,0.6,10,1,8,,problem_solving
6100,0.024318342353802307,0.0026751620691946795,0.4,-8.713804729496797,[0.         0.         0.         0.         0.0189923  0.         0.         0.         0.01983827 0.01058141 0.01060938 0.         0.         0.         0.01120967 0.         0.         0.         0.         0.         0.         0.         0.         0.         0.         0.01849236 0.01106831 0.89920831 0.         0.         0.        ],[0. 0. 0. 0. 1. 0. 0. 0. 1. 1. 1. 0. 0. 0. 1. 0. 0. 0. 0. 0. 0. 0. 0. 0. 0. 1. 1. 1. 0. 0. 0.],8.0,10000,30,0.6,10,1,8,,problem_solving
6200,0.024318342353802307,0.0026751620691946795,0.4,-3.9060768516236695,[0.         0.         0.         0.         0.0189923  0.         0.         0.         0.01983827 0.01058141 0.01060938 0.         0.         0.         0.01120967 0.         0.         0.         0.         0.         0.         0.         0.         0.         0.         0.01849236 0.01106831 0.89920831 0.         0.         0.        ],[0. 0. 0. 0. 1. 0. 0. 0. 1. 1. 1. 0. 0. 0. 1. 0. 0. 0. 0. 0. 0. 0. 0. 0. 0. 1. 1. 1. 0. 0. 0.],8.0,10000,30,0.6,10,1,8,,problem_solving
6300,0.024318342353802307,0.0026751620691946795,0.4,-34.771766420697176,[0.         0.         0.         0.         0.0189923  0.         0.         0.         0.01983827 0.01058141 0.01060938 0.         0.         0.         0.01120967 0.         0.         0.         0.         0.         0.         0.         0.         0.         0.         0.01849236 0.01106831 0.89920831 0.         0.         0.        ],[0. 0. 0. 0. 1. 0. 0. 0. 1. 1. 1. 0. 0. 0. 1. 0. 0. 0. 0. 0. 0. 0. 0. 0. 0. 1. 1. 1. 0. 0. 0.],8.0,10000,30,0.6,10,1,8,,problem_solving
6400,0.024318342353802307,0.0026751620691946795,0.4,-10.910140035365458,[0.         0.         0.         0.         0.0189923  0.         0.         0.         0.01983827 0.01058141 0.01060938 0.         0.         0.         0.01120967 0.         0.         0.         0.         0.         0.         0.         0.         0.         0.         0.01849236 0.01106831 0.89920831 0.         0.         0.        ],[0. 0. 0. 0. 1. 0. 0. 0. 1. 1. 1. 0. 0. 0. 1. 0. 0. 0. 0. 0. 0. 0. 0. 0. 0. 1. 1. 1. 0. 0. 0.],8.0,10000,30,0.6,10,1,8,,problem_solving
6500,0.024318342353802307,0.0026751620691946795,0.4,5.490592968686943,[0.         0.         0.         0.         0.0189923  0.         0.         0.         0.01983827 0.01058141 0.01060938 0.         0.         0.         0.01120967 0.         0.         0.         0.         0.         0.         0.         0.         0.         0.         0.01849236 0.01106831 0.89920831 0.         0.         0.        ],[0. 0. 0. 0. 1. 0. 0. 0. 1. 1. 1. 0. 0. 0. 1. 0. 0. 0. 0. 0. 0. 0. 0. 0. 0. 1. 1. 1. 0. 0. 0.],8.0,10000,30,0.6,10,1,8,,problem_solving
6600,0.024318342353802307,0.0026751620691946795,0.4,-11.311740997376624,[0.         0.         0.         0.         0.0189923  0.         0.         0.         0.01983827 0.01058141 0.01060938 0.         0.         0.         0.01120967 0.         0.         0.         0.         0.         0.         0.         0.         0.         0.         0.01849236 0.01106831 0.89920831 0.         0.         0.        ],[0. 0. 0. 0. 1. 0. 0. 0. 1. 1. 1. 0. 0. 0. 1. 0. 0. 0. 0. 0. 0. 0. 0. 0. 0. 1. 1. 1. 0. 0. 0.],8.0,10000,30,0.6,10,1,8,,problem_solving
6700,0.024318342353802307,0.0026751620691946795,0.4,-17.564588779604158,[0.         0.         0.         0.         0.0189923  0.         0.         0.         0.01983827 0.01058141 0.01060938 0.         0.         0.         0.01120967 0.         0.         0.         0.         0.         0.         0.         0.         0.         0.         0.01849236 0.01106831 0.89920831 0.         0.         0.        ],[0. 0. 0. 0. 1. 0. 0. 0. 1. 1. 1. 0. 0. 0. 1. 0. 0. 0. 0. 0. 0. 0. 0. 0. 0. 1. 1. 1. 0. 0. 0.],8.0,10000,30,0.6,10,1,8,,problem_solving
6800,0.024318342353802307,0.0026751620691946795,0.4,-3.4966105279191777,[0.         0.         0.         0.         0.0189923  0.         0.         0.         0.01983827 0.01058141 0.01060938 0.         0.         0.         0.01120967 0.         0.         0.         0.         0.         0.         0.         0.         0.         0.         0.01849236 0.01106831 0.89920831 0.         0.         0.        ],[0. 0. 0. 0. 1. 0. 0. 0. 1. 1. 1. 0. 0. 0. 1. 0. 0. 0. 0. 0. 0. 0. 0. 0. 0. 1. 1. 1. 0. 0. 0.],8.0,10000,30,0.6,10,1,8,,problem_solving
6900,0.024318342353802307,0.0026751620691946795,0.4,11.303899009959286,[0.         0.         0.         0.         0.0189923  0.         0.         0.         0.01983827 0.01058141 0.01060938 0.         0.         0.         0.01120967 0.         0.         0.         0.         0.         0.         0.         0.         0.         0.         0.01849236 0.01106831 0.89920831 0.         0.         0.        ],[0. 0. 0. 0. 1. 0. 0. 0. 1. 1. 1. 0. 0. 0. 1. 0. 0. 0. 0. 0. 0. 0. 0. 0. 0. 1. 1. 1. 0. 0. 0.],8.0,10000,30,0.6,10,1,8,,problem_solving
7000,0.024318342353802307,0.0026751620691946795,0.4,4.63248468122439,[0.         0.         0.         0.         0.0189923  0.         0.         0.         0.01983827 0.01058141 0.01060938 0.         0.         0.         0.01120967 0.         0.         0.         0.         0.         0.         0.         0.         0.         0.         0.01849236 0.01106831 0.89920831 0.         0.         0.        ],[0. 0. 0. 0. 1. 0. 0. 0. 1. 1. 1. 0. 0. 0. 1. 0. 0. 0. 0. 0. 0. 0. 0. 0. 0. 1. 1. 1. 0. 0. 0.],8.0,10000,30,0.6,10,1,8,,problem_solving
7100,0.024318342353802307,0.0026751620691946795,0.4,-22.806589021489927,[0.         0.         0.         0.         0.0189923  0.         0.         0.         0.01983827 0.01058141 0.01060938 0.         0.         0.         0.01120967 0.         0.         0.         0.         0.         0.         0.         0.         0.         0.         0.01849236 0.01106831 0.89920831 0.         0.         0.        ],[0. 0. 0. 0. 1. 0. 0. 0. 1. 1. 1. 0. 0. 0. 1. 0. 0. 0. 0. 0. 0. 0. 0. 0. 0. 1. 1. 1. 0. 0. 0.],8.0,10000,30,0.6,10,1,8,,problem_solving
7200,0.024318342353802307,0.0026751620691946795,0.4,-0.6330971322764022,[0.         0.         0.         0.         0.0189923  0.         0.         0.         0.01983827 0.01058141 0.01060938 0.         0.         0.         0.01120967 0.         0.         0.         0.         0.         0.         0.         0.         0.         0.         0.01849236 0.01106831 0.89920831 0.         0.         0.        ],[0. 0. 0. 0. 1. 0. 0. 0. 1. 1. 1. 0. 0. 0. 1. 0. 0. 0. 0. 0. 0. 0. 0. 0. 0. 1. 1. 1. 0. 0. 0.],8.0,10000,30,0.6,10,1,8,,problem_solving
7300,0.024318342353802307,0.0026751620691946795,0.4,-3.8191343668198985,[0.         0.         0.         0.         0.0189923  0.         0.         0.         0.01983827 0.01058141 0.01060938 0.         0.         0.         0.01120967 0.         0.         0.         0.         0.         0.         0.         0.         0.         0.         0.01849236 0.01106831 0.89920831 0.         0.         0.        ],[0. 0. 0. 0. 1. 0. 0. 0. 1. 1. 1. 0. 0. 0. 1. 0. 0. 0. 0. 0. 0. 0. 0. 0. 0. 1. 1. 1. 0. 0. 0.],8.0,10000,30,0.6,10,1,8,,problem_solving
7400,0.024318342353802307,0.0026751620691946795,0.4,-9.416578975690728,[0.         0.         0.         0.         0.0189923  0.         0.         0.         0.01983827 0.01058141 0.01060938 0.         0.         0.         0.01120967 0.         0.         0.         0.         0.         0.         0.         0.         0.         0.         0.01849236 0.01106831 0.89920831 0.         0.         0.        ],[0. 0. 0. 0. 1. 0. 0. 0. 1. 1. 1. 0. 0. 0. 1. 0. 0. 0. 0. 0. 0. 0. 0. 0. 0. 1. 1. 1. 0. 0. 0.],8.0,10000,30,0.6,10,1,8,,problem_solving
7500,0.024318342353802307,0.0026751620691946795,0.4,-6.459377198024997,[0.         0.         0.         0.         0.0189923  0.         0.         0.         0.01983827 0.01058141 0.01060938 0.         0.         0.         0.01120967 0.         0.         0.         0.         0.         0.         0.         0.         0.         0.         0.01849236 0.01106831 0.89920831 0.         0.         0.        ],[0. 0. 0. 0. 1. 0. 0. 0. 1. 1. 1. 0. 0. 0. 1. 0. 0. 0. 0. 0. 0. 0. 0. 0. 0. 1. 1. 1. 0. 0. 0.],8.0,10000,30,0.6,10,1,8,,problem_solving
7600,0.024318342353802307,0.0026751620691946795,0.4,-19.641285146531324,[0.         0.         0.         0.         0.0189923  0.         0.         0.         0.01983827 0.01058141 0.01060938 0.         0.         0.         0.01120967 0.         0.         0.         0.         0.         0.         0.         0.         0.         0.         0.01849236 0.01106831 0.89920831 0.         0.         0.        ],[0. 0. 0. 0. 1. 0. 0. 0. 1. 1. 1. 0. 0. 0. 1. 0. 0. 0. 0. 0. 0. 0. 0. 0. 0. 1. 1. 1. 0. 0. 0.],8.0,10000,30,0.6,10,1,8,,problem_solving
7700,0.024318342353802307,0.0026751620691946795,0.4,5.789218840535443,[0.         0.         0.         0.         0.0189923  0.         0.         0.         0.01983827 0.01058141 0.01060938 0.         0.         0.         0.01120967 0.         0.         0.         0.         0.         0.         0.         0.         0.         0.         0.01849236 0.01106831 0.89920831 0.         0.         0.        ],[0. 0. 0. 0. 1. 0. 0. 0. 1. 1. 1. 0. 0. 0. 1. 0. 0. 0. 0. 0. 0. 0. 0. 0. 0. 1. 1. 1. 0. 0. 0.],8.0,10000,30,0.6,10,1,8,,problem_solving
7800,0.024318342353802307,0.0026751620691946795,0.4,0.3089125046177437,[0.         0.         0.         0.         0.0189923  0.         0.         0.         0.01983827 0.01058141 0.01060938 0.         0.         0.         0.01120967 0.         0.         0.         0.         0.         0.         0.         0.         0.         0.         0.01849236 0.01106831 0.89920831 0.         0.         0.        ],[0. 0. 0. 0. 1. 0. 0. 0. 1. 1. 1. 0. 0. 0. 1. 0. 0. 0. 0. 0. 0. 0. 0. 0. 0. 1. 1. 1. 0. 0. 0.],8.0,10000,30,0.6,10,1,8,,problem_solving
7900,0.024318342353802307,0.0026751620691946795,0.4,11.43838762819086,[0.         0.         0.         0.         0.0189923  0.         0.         0.         0.01983827 0.01058141 0.01060938 0.         0.         0.         0.01120967 0.         0.         0.         0.         0.         0.         0.         0.         0.         0.         0.01849236 0.01106831 0.89920831 0.         0.         0.        ],[0. 0. 0. 0. 1. 0. 0. 0. 1. 1. 1. 0. 0. 0. 1. 0. 0. 0. 0. 0. 0. 0. 0. 0. 0. 1. 1. 1. 0. 0. 0.],8.0,10000,30,0.6,10,1,8,,problem_solving
8000,0.024318342353802307,0.0026751620691946795,0.4,-2.2361671643157246,[0.         0.         0.         0.         0.0189923  0.         0.         0.         0.01983827 0.01058141 0.01060938 0.         0.         0.         0.01120967 0.         0.         0.         0.         0.         0.         0.         0.         0.         0.         0.01849236 0.01106831 0.89920831 0.         0.         0.        ],[0. 0. 0. 0. 1. 0. 0. 0. 1. 1. 1. 0. 0. 0. 1. 0. 0. 0. 0. 0. 0. 0. 0. 0. 0. 1. 1. 1. 0. 0. 0.],8.0,10000,30,0.6,10,1,8,,problem_solving
8100,0.024318342353802307,0.0026751620691946795,0.4,-1.625063625122629,[0.         0.         0.         0.         0.0189923  0.         0.         0.         0.01983827 0.01058141 0.01060938 0.         0.         0.         0.01120967 0.         0.         0.         0.         0.         0.         0.         0.         0.         0.         0.01849236 0.01106831 0.89920831 0.         0.         0.        ],[0. 0. 0. 0. 1. 0. 0. 0. 1. 1. 1. 0. 0. 0. 1. 0. 0. 0. 0. 0. 0. 0. 0. 0. 0. 1. 1. 1. 0. 0. 0.],8.0,10000,30,0.6,10,1,8,,problem_solving
8200,0.024318342353802307,0.0026751620691946795,0.4,14.49354807153468,[0.         0.         0.         0.         0.0189923  0.         0.         0.         0.01983827 0.01058141 0.01060938 0.         0.         0.         0.01120967 0.         0.         0.         0.         0.         0.         0.         0.         0.         0.         0.01849236 0.01106831 0.89920831 0.         0.         0.        ],[0. 0. 0. 0. 1. 0. 0. 0. 1. 1. 1. 0. 0. 0. 1. 0. 0. 0. 0. 0. 0. 0. 0. 0. 0. 1. 1. 1. 0. 0. 0.],8.0,10000,30,0.6,10,1,8,,problem_solving
8300,0.024318342353802307,0.0026751620691946795,0.4,7.099400441558483,[0.         0.         0.         0.         0.0189923  0.         0.         0.         0.01983827 0.01058141 0.01060938 0.         0.         0.         0.01120967 0.         0.         0.         0.         0.         0.         0.         0.         0.         0.         0.01849236 0.01106831 0.89920831 0.         0.         0.        ],[0. 0. 0. 0. 1. 0. 0. 0. 1. 1. 1. 0. 0. 0. 1. 0. 0. 0. 0. 0. 0. 0. 0. 0. 0. 1. 1. 1. 0. 0. 0.],8.0,10000,30,0.6,10,1,8,,problem_solving
8400,0.024318342353802307,0.0026751620691946795,0.4,4.484683649024561,[0.         0.         0.         0.         0.0189923  0.         0.         0.         0.01983827 0.01058141 0.01060938 0.         0.         0.         0.01120967 0.         0.         0.         0.         0.         0.         0.         0.         0.         0.         0.01849236 0.01106831 0.89920831 0.         0.         0.        ],[0. 0. 0. 0. 1. 0. 0. 0. 1. 1. 1. 0. 0. 0. 1. 0. 0. 0. 0. 0. 0. 0. 0. 0. 0. 1. 1. 1. 0. 0. 0.],8.0,10000,30,0.6,10,1,8,,problem_solving
8500,0.024318342353802307,0.0026751620691946795,0.4,5.548724536379427,[0.         0.         0.         0.         0.0189923  0.         0.         0.         0.01983827 0.01058141 0.01060938 0.         0.         0.         0.01120967 0.         0.         0.         0.         0.         0.         0.         0.         0.         0.         0.01849236 0.01106831 0.89920831 0.         0.         0.        ],[0. 0. 0. 0. 1. 0. 0. 0. 1. 1. 1. 0. 0. 0. 1. 0. 0. 0. 0. 0. 0. 0. 0. 0. 0. 1. 1. 1. 0. 0. 0.],8.0,10000,30,0.6,10,1,8,,problem_solving
8600,0.024318342353802307,0.0026751620691946795,0.4,-5.518525113906146,[0.         0.         0.         0.         0.0189923  0.         0.         0.         0.01983827 0.01058141 0.01060938 0.         0.         0.         0.01120967 0.         0.         0.         0.         0.         0.         0.         0.         0.         0.         0.01849236 0.01106831 0.89920831 0.         0.         0.        ],[0. 0. 0. 0. 1. 0. 0. 0. 1. 1. 1. 0. 0. 0. 1. 0. 0. 0. 0. 0. 0. 0. 0. 0. 0. 1. 1. 1. 0. 0. 0.],8.0,10000,30,0.6,10,1,8,,problem_solving
8700,0.024318342353802307,0.0026751620691946795,0.4,-11.389719707812018,[0.         0.         0.         0.         0.0189923  0.         0.         0.         0.01983827 0.01058141 0.01060938 0.         0.         0.         0.01120967 0.         0.         0.         0.         0.         0.         0.         0.         0.         0.         0.01849236 0.01106831 0.89920831 0.         0.         0.        ],[0. 0. 0. 0. 1. 0. 0. 0. 1. 1. 1. 0. 0. 0. 1. 0. 0. 0. 0. 0. 0. 0. 0. 0. 0. 1. 1. 1. 0. 0. 0.],8.0,10000,30,0.6,10,1,8,,problem_solving
8800,0.024318342353802307,0.0026751620691946795,0.4,13.8784723278251,[0.         0.         0.         0.         0.0189923  0.         0.         0.         0.01983827 0.01058141 0.01060938 0.         0.         0.         0.01120967 0.         0.         0.         0.         0.         0.         0.         0.         0.         0.         0.01849236 0.01106831 0.89920831 0.         0.         0.        ],[0. 0. 0. 0. 1. 0. 0. 0. 1. 1. 1. 0. 0. 0. 1. 0. 0. 0. 0. 0. 0. 0. 0. 0. 0. 1. 1. 1. 0. 0. 0.],8.0,10000,30,0.6,10,1,8,,problem_solving
8900,0.024318342353802307,0.0026751620691946795,0.4,17.84055475636411,[0.         0.         0.         0.         0.0189923  0.         0.         0.         0.01983827 0.01058141 0.01060938 0.         0.         0.         0.01120967 0.         0.         0.         0.         0.         0.         0.         0.         0.         0.         0.01849236 0.01106831 0.89920831 0.         0.         0.        ],[0. 0. 0. 0. 1. 0. 0. 0. 1. 1. 1. 0. 0. 0. 1. 0. 0. 0. 0. 0. 0. 0. 0. 0. 0. 1. 1. 1. 0. 0. 0.],8.0,10000,30,0.6,10,1,8,,problem_solving
9000,0.024318342353802307,0.0026751620691946795,0.4,-6.71209787901777,[0.         0.         0.         0.         0.0189923  0.         0.         0.         0.01983827 0.01058141 0.01060938 0.         0.         0.         0.01120967 0.         0.         0.         0.         0.         0.         0.         0.         0.         0.         0.01849236 0.01106831 0.89920831 0.         0.         0.        ],[0. 0. 0. 0. 1. 0. 0. 0. 1. 1. 1. 0. 0. 0. 1. 0. 0. 0. 0. 0. 0. 0. 0. 0. 0. 1. 1. 1. 0. 0. 0.],8.0,10000,30,0.6,10,1,8,,problem_solving
9100,0.024318342353802307,0.0026751620691946795,0.4,-18.35422514846251,[0.         0.         0.         0.         0.0189923  0.         0.         0.         0.01983827 0.01058141 0.01060938 0.         0.         0.         0.01120967 0.         0.         0.         0.         0.         0.         0.         0.         0.         0.         0.01849236 0.01106831 0.89920831 0.         0.         0.        ],[0. 0. 0. 0. 1. 0. 0. 0. 1. 1. 1. 0. 0. 0. 1. 0. 0. 0. 0. 0. 0. 0. 0. 0. 0. 1. 1. 1. 0. 0. 0.],8.0,10000,30,0.6,10,1,8,,problem_solving
9200,0.024318342353802307,0.0026751620691946795,0.4,5.627876776641344,[0.         0.         0.         0.         0.0189923  0.         0.         0.         0.01983827 0.01058141 0.01060938 0.         0.         0.         0.01120967 0.         0.         0.         0.         0.         0.         0.         0.         0.         0.         0.01849236 0.01106831 0.89920831 0.         0.         0.        ],[0. 0. 0. 0. 1. 0. 0. 0. 1. 1. 1. 0. 0. 0. 1. 0. 0. 0. 0. 0. 0. 0. 0. 0. 0. 1. 1. 1. 0. 0. 0.],8.0,10000,30,0.6,10,1,8,,problem_solving
9300,0.024318342353802307,0.0026751620691946795,0.4,0.9580679324543999,[0.         0.         0.         0.         0.0189923  0.         0.         0.         0.01983827 0.01058141 0.01060938 0.         0.         0.         0.01120967 0.         0.         0.         0.         0.         0.         0.         0.         0.         0.         0.01849236 0.01106831 0.89920831 0.         0.         0.        ],[0. 0. 0. 0. 1. 0. 0. 0. 1. 1. 1. 0. 0. 0. 1. 0. 0. 0. 0. 0. 0. 0. 0. 0. 0. 1. 1. 1. 0. 0. 0.],8.0,10000,30,0.6,10,1,8,,problem_solving
9400,0.024318342353802307,0.0026751620691946795,0.4,-5.791671946232162,[0.         0.         0.         0.         0.0189923  0.         0.         0.         0.01983827 0.01058141 0.01060938 0.         0.         0.         0.01120967 0.         0.         0.         0.         0.         0.         0.         0.         0.         0.         0.01849236 0.01106831 0.89920831 0.         0.         0.        ],[0. 0. 0. 0. 1. 0. 0. 0. 1. 1. 1. 0. 0. 0. 1. 0. 0. 0. 0. 0. 0. 0. 0. 0. 0. 1. 1. 1. 0. 0. 0.],8.0,10000,30,0.6,10,1,8,,problem_solving
9500,0.024318342353802307,0.0026751620691946795,0.4,3.9798101216669686,[0.         0.         0.         0.         0.0189923  0.         0.         0.         0.01983827 0.01058141 0.01060938 0.         0.         0.         0.01120967 0.         0.         0.         0.         0.         0.         0.         0.         0.         0.         0.01849236 0.01106831 0.89920831 0.         0.         0.        ],[0. 0. 0. 0. 1. 0. 0. 0. 1. 1. 1. 0. 0. 0. 1. 0. 0. 0. 0. 0. 0. 0. 0. 0. 0. 1. 1. 1. 0. 0. 0.],8.0,10000,30,0.6,10,1,8,,problem_solving
9600,0.024318342353802307,0.0026751620691946795,0.4,8.018760858329028,[0.         0.         0.         0.         0.0189923  0.         0.         0.         0.01983827 0.01058141 0.01060938 0.         0.         0.         0.01120967 0.         0.         0.         0.         0.         0.         0.         0.         0.         0.         0.01849236 0.01106831 0.89920831 0.         0.         0.        ],[0. 0. 0. 0. 1. 0. 0. 0. 1. 1. 1. 0. 0. 0. 1. 0. 0. 0. 0. 0. 0. 0. 0. 0. 0. 1. 1. 1. 0. 0. 0.],8.0,10000,30,0.6,10,1,8,,problem_solving
9700,0.024318342353802307,0.0026751620691946795,0.4,14.262499238915611,[0.         0.         0.         0.         0.0189923  0.         0.         0.         0.01983827 0.01058141 0.01060938 0.         0.         0.         0.01120967 0.         0.         0.         0.         0.         0.         0.         0.         0.         0.         0.01849236 0.01106831 0.89920831 0.         0.         0.        ],[0. 0. 0. 0. 1. 0. 0. 0. 1. 1. 1. 0. 0. 0. 1. 0. 0. 0. 0. 0. 0. 0. 0. 0. 0. 1. 1. 1. 0. 0. 0.],8.0,10000,30,0.6,10,1,8,,problem_solving
9800,0.024318342353802307,0.0026751620691946795,0.4,-2.7744400308527117,[0.         0.         0.         0.         0.0189923  0.         0.         0.         0.01983827 0.01058141 0.01060938 0.         0.         0.         0.01120967 0.         0.         0.         0.         0.         0.         0.         0.         0.         0.         0.01849236 0.01106831 0.89920831 0.         0.         0.        ],[0. 0. 0. 0. 1. 0. 0. 0. 1. 1. 1. 0. 0. 0. 1. 0. 0. 0. 0. 0. 0. 0. 0. 0. 0. 1. 1. 1. 0. 0. 0.],8.0,10000,30,0.6,10,1,8,,problem_solving
9900,0.024318342353802307,0.0026751620691946795,0.4,2.4141674112708884,[0.         0.         0.         0.         0.0189923  0.         0.         0.         0.01983827 0.01058141 0.01060938 0.         0.         0.         0.01120967 0.         0.         0.         0.         0.         0.         0.         0.         0.         0.         0.01849236 0.01106831 0.89920831 0.         0.         0.        ],[0. 0. 0. 0. 1. 0. 0. 0. 1. 1. 1. 0. 0. 0. 1. 0. 0. 0. 0. 0. 0. 0. 0. 0. 0. 1. 1. 1. 0. 0. 0.],8.0,10000,30,0.6,10,1,8,,problem_solving
9999,0.0233119410427935,0.0024513279743730997,0.4,1.771455083176305,[0.         0.         0.         0.         0.01474725 0.         0.         0.01064117 0.         0.         0.01054408 0.         0.         0.01743564 0.         0.01493433 0.         0.01059018 0.         0.         0.         0.         0.         0.         0.         0.         0.         0.90096212 0.         0.02014524 0.        ],[0. 0. 0. 0. 1. 0. 0. 1. 0. 0. 1. 0. 0. 1. 0. 1. 0. 1. 0. 0. 0. 0. 0. 0. 0. 0. 0. 1. 0. 1. 0.],8.0,10000,30,0.6,10,1,8,,problem_solving
