iter,cost,return,par,move,X,Z,Q,max_iter,mem_size,mem_consider,sigma,port_n,k,seed,tag
1,0.15262205461510764,0.0048486890958521585,0.4,2.0323310247153343,[0.         0.         0.         0.         0.87776352 0.01124298 0.01244268 0.         0.         0.         0.         0.01734526 0.         0.01605979 0.         0.         0.01345611 0.         0.         0.         0.         0.01779071 0.         0.         0.         0.0174477  0.         0.01645125 0.         0.         0.        ],[0. 0. 0. 0. 1. 1. 1. 0. 0. 0. 0. 1. 0. 1. 0. 0. 1. 0. 0. 0. 0. 1. 0. 0. 0. 1. 0. 1. 0. 0. 0.],9.0,10000,30,0.6,10,1,9,,problem_solving
100,0.036133747073001446,0.004536917654104986,0.4,-11.032493263540362,[0.         0.         0.01911306 0.01771965 0.         0.         0.         0.         0.01402394 0.         0.         0.01483851 0.01063719 0.         0.         0.         0.         0.         0.         0.         0.01898275 0.         0.         0.01644749 0.01147552 0.87676191 0.         0.         0.         0.         0.        ],[0. 0. 1. 1. 0. 0. 0. 0. 1. 0. 0. 1. 1. 0. 0. 0. 0. 0. 0. 0. 1. 0. 0. 1. 1. 1. 0. 0. 0. 0. 0.],9.0,10000,30,0.6,10,1,9,,problem_solving
200,0.036133747073001446,0.004536917654104986,0.4,12.6173876403803,[0.         0.         0.01911306 0.01771965 0.         0.         0.         0.         0.01402394 0.         0.         0.01483851 0.01063719 0.         0.         0.         0.         0.         0.         0.         0.01898275 0.         0.         0.01644749 0.01147552 0.87676191 0.         0.         0.         0.         0.        ],[0. 0. 1. 1. 0. 0. 0. 0. 1. 0. 0. 1. 1. 0. 0. 0. 0. 0. 0. 0. 1. 0. 0. 1. 1. 1. 0. 0. 0. 0. 0.],9.0,10000,30,0.6,10,1,9,,problem_solving
300,0.036133747073001446,0.004536917654104986,0.4,16.711564299679125,[0.         0.         0.01911306 0.01771965 0.         0.         0.         0.         0.01402394 0.         0.         0.01483851 0.01063719 0.         0.         0.         0.         0.         0.         0.         0.01898275 0.         0.         0.01644749 0.01147552 0.87676191 0.         0.         0.         0.         0.        ],[0. 0. 1. 1. 0. 0. 0. 0. 1. 0. 0. 1. 1. 0. 0. 0. 0. 0. 0. 0. 1. 0. 0. 1. 1. 1. 0. 0. 0. 0. 0.],9.0,10000,30,0.6,10,1,9,,problem_solving
400,0.036133747073001446,0.004536917654104986,0.4,-1.919642927090118,[0.         0.         0.01911306 0.01771965 0.         0.         0.         0.         0.01402394 0.         0.         0.01483851 0.01063719 0.         0.         0.         0.         0.         0.         0.         0.01898275 0.         0.         0.01644749 0.01147552 0.87676191 0.         0.         0.         0.         0.        ],[0. 0. 1. 1. 0. 0. 0. 0. 1. 0. 0. 1. 1. 0. 0. 0. 0. 0. 0. 0. 1. 0. 0. 1. 1. 1. 0. 0. 0. 0. 0.],9.0,10000,30,0.6,10,1,9,,problem_solving
500,0.036133747073001446,0.004536917654104986,0.4,2.9973507378501614,[0.         0.         0.01911306 0.01771965 0.         0.         0.         0.         0.01402394 0.         0.         0.01483851 0.01063719 0.         0.         0.         0.         0.         0.         0.         0.01898275 0.         0.         0.01644749 0.01147552 0.87676191 0.         0.         0.         0.         0.        ],[0. 0. 1. 1. 0. 0. 0. 0. 1. 0. 0. 1. 1. 0. 0. 0. 0. 0. 0. 0. 1. 0. 0. 1. 1. 1. 0. 0. 0. 0. 0.],9.0,10000,30,0.6,10,1,9,,problem_solving
600,0.036133747073001446,0.004536917654104986,0.4,-2.4525740078070397,[0.         0.         0.01911306 0.01771965 0.         0.         0.         0.         0.01402394 0.         0.         0.01483851 0.01063719 0.         0.         0.         0.         0.         0.         0.         0.01898275 0.         0.         0.01644749 0.01147552 0.87676191 0.         0.         0.         0.         0.        ],[0. 0. 1. 1. 0. 0. 0. 0. 1. 0. 0. 1. 1. 0. 0. 0. 0. 0. 0. 0. 1. 0. 0. 1. 1. 1. 0. 0. 0. 0. 0.],9.0,10000,30,0.6,10,1,9,,problem_solving
700,0.036133747073001446,0.004536917654104986,0.4,4.920378420678732,[0.         0.         0.01911306 0.01771965 0.         0.         0.         0.         0.01402394 0.         0.         0.01483851 0.01063719 0.         0.         0.         0.         0.         0.         0.         0.01898275 0.         0.         0.01644749 0.01147552 0.87676191 0.         0.         0.         0.         0.        ],[0. 0. 1. 1. 0. 0. 0. 0. 1. 0. 0. 1. 1. 0. 0. 0. 0. 0. 0. 0. 1. 0. 0. 1. 1. 1. 0. 0. 0. 0. 0.],9.0,10000,30,0.6,10,1,9,,problem_solving
800,0.036133747073001446,0.004536917654104986,0.4,6.283247244104029,[0.         0.         0.01911306 0.01771965 0.         0.         0.         0.         0.01402394 0.         0.         0.01483851 0.01063719 0.         0.         0.         0.         0.         0.         0.         0.01898275 0.         0.         0.01644749 0.01147552 0.87676191 0.         0.         0.         0.         0.        ],[0. 0. 1. 1. 0. 0. 0. 0. 1. 0. 0. 1. 1. 0. 0. 0. 0. 0. 0. 0. 1. 0. 0. 1. 1. 1. 0. 0. 0. 0. 0.],9.0,10000,30,0.6,10,1,9,,problem_solving
900,0.03430266539641095,0.004778125215254004,0.4,17.5573978616124,[0.01660108 0.01724275 0.         0.         0.01903947 0.         0.         0.         0.01612714 0.01848736 0.01932531 0.         0.         0.         0.         0.         0.         0.         0.         0.         0.         0.         0.         0.         0.         0.87065731 0.         0.         0.01069458 0.         0.011825  ],[1. 1. 0. 0. 1. 0. 0. 0. 1. 1. 1. 0. 0. 0. 0. 0. 0. 0. 0. 0. 0. 0. 0. 0. 0. 1. 0. 0. 1. 0. 1.],9.0,10000,30,0.6,10,1,9,,problem_solving
1000,0.03430266539641095,0.004778125215254004,0.4,6.73939347122877,[0.01660108 0.01724275 0.         0.         0.01903947 0.         0.         0.         0.01612714 0.01848736 0.01932531 0.         0.         0.         0.         0.         0.         0.         0.         0.         0.         0.         0.         0.         0.         0.87065731 0.         0.         0.01069458 0.         0.011825  ],[1. 1. 0. 0. 1. 0. 0. 0. 1. 1. 1. 0. 0. 0. 0. 0. 0. 0. 0. 0. 0. 0. 0. 0. 0. 1. 0. 0. 1. 0. 1.],9.0,10000,30,0.6,10,1,9,,problem_solving
1100,0.030312318009292898,0.010025765012718625,0.4,4.451485366431866,[0.01060598 0.         0.         0.         0.88489447 0.         0.         0.01064444 0.01204688 0.         0.         0.         0.         0.01055692 0.         0.         0.         0.         0.         0.         0.02216641 0.         0.         0.         0.         0.01845286 0.         0.01248545 0.         0.         0.0181466 ],[1. 0. 0. 0. 1. 0. 0. 1. 1. 0. 0. 0. 0. 1. 0. 0. 0. 0. 0. 0. 1. 0. 0. 0. 0. 1. 0. 1. 0. 0. 1.],9.0,10000,30,0.6,10,1,9,,problem_solving
1200,0.02792903287131791,0.004651409267543654,0.4,-3.4999008333782653,[0.         0.         0.         0.         0.         0.01387466 0.         0.         0.02058455 0.         0.         0.         0.         0.         0.         0.         0.01060955 0.         0.01060636 0.         0.         0.         0.         0.01058526 0.01707053 0.88809556 0.01199099 0.01658253 0.         0.         0.        ],[0. 0. 0. 0. 0. 1. 0. 0. 1. 0. 0. 0. 0. 0. 0. 0. 1. 0. 1. 0. 0. 0. 0. 1. 1. 1. 1. 1. 0. 0. 0.],9.0,10000,30,0.6,10,1,9,,problem_solving
1300,0.02792903287131791,0.004651409267543654,0.4,-11.254685695743055,[0.         0.         0.         0.         0.         0.01387466 0.         0.         0.02058455 0.         0.         0.         0.         0.         0.         0.         0.01060955 0.         0.01060636 0.         0.         0.         0.         0.01058526 0.01707053 0.88809556 0.01199099 0.01658253 0.         0.         0.        ],[0. 0. 0. 0. 0. 1. 0. 0. 1. 0. 0. 0. 0. 0. 0. 0. 1. 0. 1. 0. 0. 0. 0. 1. 1. 1. 1. 1. 0. 0. 0.],9.0,10000,30,0.6,10,1,9,,problem_solving
1400,0.02792903287131791,0.004651409267543654,0.4,3.998117558434091,[0.         0.         0.         0.         0.         0.01387466 0.         0.         0.02058455 0.         0.         0.         0.         0.         0.         0.         0.01060955 0.         0.01060636 0.         0.         0.         0.         0.01058526 0.01707053 0.88809556 0.01199099 0.01658253 0.         0.         0.        ],[0. 0. 0. 0. 0. 1. 0. 0. 1. 0. 0. 0. 0. 0. 0. 0. 1. 0. 1. 0. 0. 0. 0. 1. 1. 1. 1. 1. 0. 0. 0.],9.0,10000,30,0.6,10,1,9,,problem_solving
1500,0.02792903287131791,0.004651409267543654,0.4,-17.1284902294745,[0.         0.         0.         0.         0.         0.01387466 0.         0.         0.02058455 0.         0.         0.         0.         0.         0.         0.         0.01060955 0.         0.01060636 0.         0.         0.         0.         0.01058526 0.01707053 0.88809556 0.01199099 0.01658253 0.         0.         0.        ],[0. 0. 0. 0. 0. 1. 0. 0. 1. 0. 0. 0. 0. 0. 0. 0. 1. 0. 1. 0. 0. 0. 0. 1. 1. 1. 1. 1. 0. 0. 0.],9.0,10000,30,0.6,10,1,9,,problem_solving
1600,0.02792903287131791,0.004651409267543654,0.4,6.442154381640171,[0.         0.         0.         0.         0.         0.01387466 0.         0.         0.02058455 0.         0.         0.         0.         0.         0.         0.         0.01060955 0.         0.01060636 0.         0.         0.         0.         0.01058526 0.01707053 0.88809556 0.01199099 0.01658253 0.         0.         0.        ],[0. 0. 0. 0. 0. 1. 0. 0. 1. 0. 0. 0. 0. 0. 0. 0. 1. 0. 1. 0. 0. 0. 0. 1. 1. 1. 1. 1. 0. 0. 0.],9.0,10000,30,0.6,10,1,9,,problem_solving
1700,0.02792903287131791,0.004651409267543654,0.4,-16.493389682292158,[0.         0.         0.         0.         0.         0.01387466 0.         0.         0.02058455 0.         0.         0.         0.         0.         0.         0.         0.01060955 0.         0.01060636 0.         0.         0.         0.         0.01058526 0.01707053 0.88809556 0.01199099 0.01658253 0.         0.         0.        ],[0. 0. 0. 0. 0. 1. 0. 0. 1. 0. 0. 0. 0. 0. 0. 0. 1. 0. 1. 0. 0. 0. 0. 1. 1. 1. 1. 1. 0. 0. 0.],9.0,10000,30,0.6,10,1,9,,problem_solving
1800,0.02792903287131791,0.004651409267543654,0.4,7.29680486488212,[0.         0.         0.         0.         0.         0.01387466 0.         0.         0.02058455 0.         0.         0.         0.         0.         0.         0.         0.01060955 0.         0.01060636 0.         0.         0.         0.         0.01058526 0.01707053 0.88809556 0.01199099 0.01658253 0.         0.         0.        ],[0. 0. 0. 0. 0. 1. 0. 0. 1. 0. 0. 0. 0. 0. 0. 0. 1. 0. 1. 0. 0. 0. 0. 1. 1. 1. 1. 1. 0. 0. 0.],9.0,10000,30,0.6,10,1,9,,problem_solving
1900,0.02792903287131791,0.004651409267543654,0.4,-13.827726172201778,[0.         0.         0.         0.         0.         0.01387466 0.         0.         0.02058455 0.         0.         0.         0.         0.         0.         0.         0.01060955 0.         0.01060636 0.         0.         0.         0.         0.01058526 0.01707053 0.88809556 0.01199099 0.01658253 0.         0.         0.        ],[0. 0. 0. 0. 0. 1. 0. 0. 1. 0. 0. 0. 0. 0. 0. 0. 1. 0. 1. 0. 0. 0. 0. 1. 1. 1. 1. 1. 0. 0. 0.],9.0,10000,30,0.6,10,1,9,,problem_solving
2000,0.02792903287131791,0.004651409267543654,0.4,-1.6266751768767882,[0.         0.         0.         0.         0.         0.01387466 0.         0.         0.02058455 0.         0.         0.         0.         0.         0.         0.         0.01060955 0.         0.01060636 0.         0.         0.         0.         0.01058526 0.01707053 0.88809556 0.01199099 0.01658253 0.         0.         0.        ],[0. 0. 0. 0. 0. 1. 0. 0. 1. 0. 0. 0. 0. 0. 0. 0. 1. 0. 1. 0. 0. 0. 0. 1. 1. 1. 1. 1. 0. 0. 0.],9.0,10000,30,0.6,10,1,9,,problem_solving
2100,0.02792903287131791,0.004651409267543654,0.4,2.5642904838718596,[0.         0.         0.         0.         0.         0.01387466 0.         0.         0.02058455 0.         0.         0.         0.         0.         0.         0.         0.01060955 0.         0.01060636 0.         0.         0.         0.         0.01058526 0.01707053 0.88809556 0.01199099 0.01658253 0.         0.         0.        ],[0. 0. 0. 0. 0. 1. 0. 0. 1. 0. 0. 0. 0. 0. 0. 0. 1. 0. 1. 0. 0. 0. 0. 1. 1. 1. 1. 1. 0. 0. 0.],9.0,10000,30,0.6,10,1,9,,problem_solving
2200,0.02792903287131791,0.004651409267543654,0.4,14.427427929922104,[0.         0.         0.         0.         0.         0.01387466 0.         0.         0.02058455 0.         0.         0.         0.         0.         0.         0.         0.01060955 0.         0.01060636 0.         0.         0.         0.         0.01058526 0.01707053 0.88809556 0.01199099 0.01658253 0.         0.         0.        ],[0. 0. 0. 0. 0. 1. 0. 0. 1. 0. 0. 0. 0. 0. 0. 0. 1. 0. 1. 0. 0. 0. 0. 1. 1. 1. 1. 1. 0. 0. 0.],9.0,10000,30,0.6,10,1,9,,problem_solving
2300,0.02792903287131791,0.004651409267543654,0.4,-5.955999970648329,[0.         0.         0.         0.         0.         0.01387466 0.         0.         0.02058455 0.         0.         0.         0.         0.         0.         0.         0.01060955 0.         0.01060636 0.         0.         0.         0.         0.01058526 0.01707053 0.88809556 0.01199099 0.01658253 0.         0.         0.        ],[0. 0. 0. 0. 0. 1. 0. 0. 1. 0. 0. 0. 0. 0. 0. 0. 1. 0. 1. 0. 0. 0. 0. 1. 1. 1. 1. 1. 0. 0. 0.],9.0,10000,30,0.6,10,1,9,,problem_solving
2400,0.02792903287131791,0.004651409267543654,0.4,21.768105807244865,[0.         0.         0.         0.         0.         0.01387466 0.         0.         0.02058455 0.         0.         0.         0.         0.         0.         0.         0.01060955 0.         0.01060636 0.         0.         0.         0.         0.01058526 0.01707053 0.88809556 0.01199099 0.01658253 0.         0.         0.        ],[0. 0. 0. 0. 0. 1. 0. 0. 1. 0. 0. 0. 0. 0. 0. 0. 1. 0. 1. 0. 0. 0. 0. 1. 1. 1. 1. 1. 0. 0. 0.],9.0,10000,30,0.6,10,1,9,,problem_solving
2500,0.02792903287131791,0.004651409267543654,0.4,2.0706703072755723,[0.         0.         0.         0.         0.         0.01387466 0.         0.         0.02058455 0.         0.         0.         0.         0.         0.         0.         0.01060955 0.         0.01060636 0.         0.         0.         0.         0.01058526 0.01707053 0.88809556 0.01199099 0.01658253 0.         0.         0.        ],[0. 0. 0. 0. 0. 1. 0. 0. 1. 0. 0. 0. 0. 0. 0. 0. 1. 0. 1. 0. 0. 0. 0. 1. 1. 1. 1. 1. 0. 0. 0.],9.0,10000,30,0.6,10,1,9,,problem_solving
2600,0.02792903287131791,0.004651409267543654,0.4,-5.115116958941883,[0.         0.         0.         0.         0.         0.01387466 0.         0.         0.02058455 0.         0.         0.         0.         0.         0.         0.         0.01060955 0.         0.01060636 0.         0.         0.         0.         0.01058526 0.01707053 0.88809556 0.01199099 0.01658253 0.         0.         0.        ],[0. 0. 0. 0. 0. 1. 0. 0. 1. 0. 0. 0. 0. 0. 0. 0. 1. 0. 1. 0. 0. 0. 0. 1. 1. 1. 1. 1. 0. 0. 0.],9.0,10000,30,0.6,10,1,9,,problem_solving
2700,0.02792903287131791,0.004651409267543654,0.4,-6.646962213044953,[0.         0.         0.         0.         0.         0.01387466 0.         0.         0.02058455 0.         0.         0.         0.         0.         0.         0.         0.01060955 0.         0.01060636 0.         0.         0.         0.         0.01058526 0.01707053 0.88809556 0.01199099 0.01658253 0.         0.         0.        ],[0. 0. 0. 0. 0. 1. 0. 0. 1. 0. 0. 0. 0. 0. 0. 0. 1. 0. 1. 0. 0. 0. 0. 1. 1. 1. 1. 1. 0. 0. 0.],9.0,10000,30,0.6,10,1,9,,problem_solving
2800,0.02792903287131791,0.004651409267543654,0.4,4.783886770189486,[0.         0.         0.         0.         0.         0.01387466 0.         0.         0.02058455 0.         0.         0.         0.         0.         0.         0.         0.01060955 0.         0.01060636 0.         0.         0.         0.         0.01058526 0.01707053 0.88809556 0.01199099 0.01658253 0.         0.         0.        ],[0. 0. 0. 0. 0. 1. 0. 0. 1. 0. 0. 0. 0. 0. 0. 0. 1. 0. 1. 0. 0. 0. 0. 1. 1. 1. 1. 1. 0. 0. 0.],9.0,10000,30,0.6,10,1,9,,problem_solving
2900,0.02792903287131791,0.004651409267543654,0.4,-4.0304733991783435,[0.         0.         0.         0.         0.         0.01387466 0.         0.         0.02058455 0.         0.         0.         0.         0.         0.         0.         0.01060955 0.         0.01060636 0.         0.         0.         0.         0.01058526 0.01707053 0.88809556 0.01199099 0.01658253 0.         0.         0.        ],[0. 0. 0. 0. 0. 1. 0. 0. 1. 0. 0. 0. 0. 0. 0. 0. 1. 0. 1. 0. 0. 0. 0. 1. 1. 1. 1. 1. 0. 0. 0.],9.0,10000,30,0.6,10,1,9,,problem_solving
3000,0.02792903287131791,0.004651409267543654,0.4,-4.2214060974119585,[0.         0.         0.         0.         0.         0.01387466 0.         0.         0.02058455 0.         0.         0.         0.         0.         0.         0.         0.01060955 0.         0.01060636 0.         0.         0.         0.         0.01058526 0.01707053 0.88809556 0.01199099 0.01658253 0.         0.         0.        ],[0. 0. 0. 0. 0. 1. 0. 0. 1. 0. 0. 0. 0. 0. 0. 0. 1. 0. 1. 0. 0. 0. 0. 1. 1. 1. 1. 1. 0. 0. 0.],9.0,10000,30,0.6,10,1,9,,problem_solving
3100,0.02792903287131791,0.004651409267543654,0.4,2.5787330271870528,[0.         0.         0.         0.         0.         0.01387466 0.         0.         0.02058455 0.         0.         0.         0.         0.         0.         0.         0.01060955 0.         0.01060636 0.         0.         0.         0.         0.01058526 0.01707053 0.88809556 0.01199099 0.01658253 0.         0.         0.        ],[0. 0. 0. 0. 0. 1. 0. 0. 1. 0. 0. 0. 0. 0. 0. 0. 1. 0. 1. 0. 0. 0. 0. 1. 1. 1. 1. 1. 0. 0. 0.],9.0,10000,30,0.6,10,1,9,,problem_solving
3200,0.02792903287131791,0.004651409267543654,0.4,-8.802020698885537,[0.         0.         0.         0.         0.         0.01387466 0.         0.         0.02058455 0.         0.         0.         0.         0.         0.         0.         0.01060955 0.         0.01060636 0.         0.         0.         0.         0.01058526 0.01707053 0.88809556 0.01199099 0.01658253 0.         0.         0.        ],[0. 0. 0. 0. 0. 1. 0. 0. 1. 0. 0. 0. 0. 0. 0. 0. 1. 0. 1. 0. 0. 0. 0. 1. 1. 1. 1. 1. 0. 0. 0.],9.0,10000,30,0.6,10,1,9,,problem_solving
3300,0.02792903287131791,0.004651409267543654,0.4,10.169317869531824,[0.         0.         0.         0.         0.         0.01387466 0.         0.         0.02058455 0.         0.         0.         0.         0.         0.         0.         0.01060955 0.         0.01060636 0.         0.         0.         0.         0.01058526 0.01707053 0.88809556 0.01199099 0.01658253 0.         0.         0.        ],[0. 0. 0. 0. 0. 1. 0. 0. 1. 0. 0. 0. 0. 0. 0. 0. 1. 0. 1. 0. 0. 0. 0. 1. 1. 1. 1. 1. 0. 0. 0.],9.0,10000,30,0.6,10,1,9,,problem_solving
3400,0.02792903287131791,0.004651409267543654,0.4,-5.571205044643732,[0.         0.         0.         0.         0.         0.01387466 0.         0.         0.02058455 0.         0.         0.         0.         0.         0.         0.         0.01060955 0.         0.01060636 0.         0.         0.         0.         0.01058526 0.01707053 0.88809556 0.01199099 0.01658253 0.         0.         0.        ],[0. 0. 0. 0. 0. 1. 0. 0. 1. 0. 0. 0. 0. 0. 0. 0. 1. 0. 1. 0. 0. 0. 0. 1. 1. 1. 1. 1. 0. 0. 0.],9.0,10000,30,0.6,10,1,9,,problem_solving
3500,0.02792903287131791,0.004651409267543654,0.4,-8.814238278153768,[0.         0.         0.         0.         0.         0.01387466 0.         0.         0.02058455 0.         0.         0.         0.         0.         0.         0.         0.01060955 0.         0.01060636 0.         0.         0.         0.         0.01058526 0.01707053 0.88809556 0.01199099 0.01658253 0.         0.         0.        ],[0. 0. 0. 0. 0. 1. 0. 0. 1. 0. 0. 0. 0. 0. 0. 0. 1. 0. 1. 0. 0. 0. 0. 1. 1. 1. 1. 1. 0. 0. 0.],9.0,10000,30,0.6,10,1,9,,problem_solving
3600,0.02792903287131791,0.004651409267543654,0.4,-0.7107020387797919,[0.         0.         0.         0.         0.         0.01387466 0.         0.         0.02058455 0.         0.         0.         0.         0.         0.         0.         0.01060955 0.         0.01060636 0.         0.         0.         0.         0.01058526 0.01707053 0.88809556 0.01199099 0.01658253 0.         0.         0.        ],[0. 0. 0. 0. 0. 1. 0. 0. 1. 0. 0. 0. 0. 0. 0. 0. 1. 0. 1. 0. 0. 0. 0. 1. 1. 1. 1. 1. 0. 0. 0.],9.0,10000,30,0.6,10,1,9,,problem_solving
3700,0.02792903287131791,0.004651409267543654,0.4,-6.372315427449257,[0.         0.         0.         0.         0.         0.01387466 0.         0.         0.02058455 0.         0.         0.         0.         0.         0.         0.         0.01060955 0.         0.01060636 0.         0.         0.         0.         0.01058526 0.01707053 0.88809556 0.01199099 0.01658253 0.         0.         0.        ],[0. 0. 0. 0. 0. 1. 0. 0. 1. 0. 0. 0. 0. 0. 0. 0. 1. 0. 1. 0. 0. 0. 0. 1. 1. 1. 1. 1. 0. 0. 0.],9.0,10000,30,0.6,10,1,9,,problem_solving
3800,0.02792903287131791,0.004651409267543654,0.4,-8.946040827852322,[0.         0.         0.         0.         0.         0.01387466 0.         0.         0.02058455 0.         0.         0.         0.         0.         0.         0.         0.01060955 0.         0.01060636 0.         0.         0.         0.         0.01058526 0.01707053 0.88809556 0.01199099 0.01658253 0.         0.         0.        ],[0. 0. 0. 0. 0. 1. 0. 0. 1. 0. 0. 0. 0. 0. 0. 0. 1. 0. 1. 0. 0. 0. 0. 1. 1. 1. 1. 1. 0. 0. 0.],9.0,10000,30,0.6,10,1,9,,problem_solving
3900,0.02792903287131791,0.004651409267543654,0.4,23.582042642750885,[0.         0.         0.         0.         0.         0.01387466 0.         0.         0.02058455 0.         0.         0.         0.         0.         0.         0.         0.01060955 0.         0.01060636 0.         0.         0.         0.         0.01058526 0.01707053 0.88809556 0.01199099 0.01658253 0.         0.         0.        ],[0. 0. 0. 0. 0. 1. 0. 0. 1. 0. 0. 0. 0. 0. 0. 0. 1. 0. 1. 0. 0. 0. 0. 1. 1. 1. 1. 1. 0. 0. 0.],9.0,10000,30,0.6,10,1,9,,problem_solving
4000,0.02792903287131791,0.004651409267543654,0.4,-6.548673867528533,[0.         0.         0.         0.         0.         0.01387466 0.         0.         0.02058455 0.         0.         0.         0.         0.         0.         0.         0.01060955 0.         0.01060636 0.         0.         0.         0.         0.01058526 0.01707053 0.88809556 0.01199099 0.01658253 0.         0.         0.        ],[0. 0. 0. 0. 0. 1. 0. 0. 1. 0. 0. 0. 0. 0. 0. 0. 1. 0. 1. 0. 0. 0. 0. 1. 1. 1. 1. 1. 0. 0. 0.],9.0,10000,30,0.6,10,1,9,,problem_solving
4100,0.02792903287131791,0.004651409267543654,0.4,-2.6528317966427464,[0.         0.         0.         0.         0.         0.01387466 0.         0.         0.02058455 0.         0.         0.         0.         0.         0.         0.         0.01060955 0.         0.01060636 0.         0.         0.         0.         0.01058526 0.01707053 0.88809556 0.01199099 0.01658253 0.         0.         0.        ],[0. 0. 0. 0. 0. 1. 0. 0. 1. 0. 0. 0. 0. 0. 0. 0. 1. 0. 1. 0. 0. 0. 0. 1. 1. 1. 1. 1. 0. 0. 0.],9.0,10000,30,0.6,10,1,9,,problem_solving
4200,0.02792903287131791,0.004651409267543654,0.4,14.704240433114004,[0.         0.         0.         0.         0.         0.01387466 0.         0.         0.02058455 0.         0.         0.         0.         0.         0.         0.         0.01060955 0.         0.01060636 0.         0.         0.         0.         0.01058526 0.01707053 0.88809556 0.01199099 0.01658253 0.         0.         0.        ],[0. 0. 0. 0. 0. 1. 0. 0. 1. 0. 0. 0. 0. 0. 0. 0. 1. 0. 1. 0. 0. 0. 0. 1. 1. 1. 1. 1. 0. 0. 0.],9.0,10000,30,0.6,10,1,9,,problem_solving
4300,0.02792903287131791,0.004651409267543654,0.4,-6.848416756151829,[0.         0.         0.         0.         0.         0.01387466 0.         0.         0.02058455 0.         0.         0.         0.         0.         0.         0.         0.01060955 0.         0.01060636 0.         0.         0.         0.         0.01058526 0.01707053 0.88809556 0.01199099 0.01658253 0.         0.         0.        ],[0. 0. 0. 0. 0. 1. 0. 0. 1. 0. 0. 0. 0. 0. 0. 0. 1. 0. 1. 0. 0. 0. 0. 1. 1. 1. 1. 1. 0. 0. 0.],9.0,10000,30,0.6,10,1,9,,problem_solving
4400,0.02792903287131791,0.004651409267543654,0.4,15.23937807973541,[0.         0.         0.         0.         0.         0.01387466 0.         0.         0.02058455 0.         0.         0.         0.         0.         0.         0.         0.01060955 0.         0.01060636 0.         0.         0.         0.         0.01058526 0.01707053 0.88809556 0.01199099 0.01658253 0.         0.         0.        ],[0. 0. 0. 0. 0. 1. 0. 0. 1. 0. 0. 0. 0. 0. 0. 0. 1. 0. 1. 0. 0. 0. 0. 1. 1. 1. 1. 1. 0. 0. 0.],9.0,10000,30,0.6,10,1,9,,problem_solving
4500,0.02792903287131791,0.004651409267543654,0.4,13.485681317293006,[0.         0.         0.         0.         0.         0.01387466 0.         0.         0.02058455 0.         0.         0.         0.         0.         0.         0.         0.01060955 0.         0.01060636 0.         0.         0.         0.         0.01058526 0.01707053 0.88809556 0.01199099 0.01658253 0.         0.         0.        ],[0. 0. 0. 0. 0. 1. 0. 0. 1. 0. 0. 0. 0. 0. 0. 0. 1. 0. 1. 0. 0. 0. 0. 1. 1. 1. 1. 1. 0. 0. 0.],9.0,10000,30,0.6,10,1,9,,problem_solving
4600,0.02792903287131791,0.004651409267543654,0.4,-1.3331193985412135,[0.         0.         0.         0.         0.         0.01387466 0.         0.         0.02058455 0.         0.         0.         0.         0.         0.         0.         0.01060955 0.         0.01060636 0.         0.         0.         0.         0.01058526 0.01707053 0.88809556 0.01199099 0.01658253 0.         0.         0.        ],[0. 0. 0. 0. 0. 1. 0. 0. 1. 0. 0. 0. 0. 0. 0. 0. 1. 0. 1. 0. 0. 0. 0. 1. 1. 1. 1. 1. 0. 0. 0.],9.0,10000,30,0.6,10,1,9,,problem_solving
4700,0.02792903287131791,0.004651409267543654,0.4,5.372166742423428,[0.         0.         0.         0.         0.         0.01387466 0.         0.         0.02058455 0.         0.         0.         0.         0.         0.         0.         0.01060955 0.         0.01060636 0.         0.         0.         0.         0.01058526 0.01707053 0.88809556 0.01199099 0.01658253 0.         0.         0.        ],[0. 0. 0. 0. 0. 1. 0. 0. 1. 0. 0. 0. 0. 0. 0. 0. 1. 0. 1. 0. 0. 0. 0. 1. 1. 1. 1. 1. 0. 0. 0.],9.0,10000,30,0.6,10,1,9,,problem_solving
4800,0.02792903287131791,0.004651409267543654,0.4,0.5162578741997275,[0.         0.         0.         0.         0.         0.01387466 0.         0.         0.02058455 0.         0.         0.         0.         0.         0.         0.         0.01060955 0.         0.01060636 0.         0.         0.         0.         0.01058526 0.01707053 0.88809556 0.01199099 0.01658253 0.         0.         0.        ],[0. 0. 0. 0. 0. 1. 0. 0. 1. 0. 0. 0. 0. 0. 0. 0. 1. 0. 1. 0. 0. 0. 0. 1. 1. 1. 1. 1. 0. 0. 0.],9.0,10000,30,0.6,10,1,9,,problem_solving
4900,0.02792903287131791,0.004651409267543654,0.4,-4.569369459472444,[0.         0.         0.         0.         0.         0.01387466 0.         0.         0.02058455 0.         0.         0.         0.         0.         0.         0.         0.01060955 0.         0.01060636 0.         0.         0.         0.         0.01058526 0.01707053 0.88809556 0.01199099 0.01658253 0.         0.         0.        ],[0. 0. 0. 0. 0. 1. 0. 0. 1. 0. 0. 0. 0. 0. 0. 0. 1. 0. 1. 0. 0. 0. 0. 1. 1. 1. 1. 1. 0. 0. 0.],9.0,10000,30,0.6,10,1,9,,problem_solving
5000,0.02792903287131791,0.004651409267543654,0.4,10.713425947853583,[0.         0.         0.         0.         0.         0.01387466 0.         0.         0.02058455 0.         0.         0.         0.         0.         0.         0.         0.01060955 0.         0.01060636 0.         0.         0.         0.         0.01058526 0.01707053 0.88809556 0.01199099 0.01658253 0.         0.         0.        ],[0. 0. 0. 0. 0. 1. 0. 0. 1. 0. 0. 0. 0. 0. 0. 0. 1. 0. 1. 0. 0. 0. 0. 1. 1. 1. 1. 1. 0. 0. 0.],9.0,10000,30,0.6,10,1,9,,problem_solving
5100,0.02792903287131791,0.004651409267543654,0.4,1.4587053894230328,[0.         0.         0.         0.         0.         0.01387466 0.         0.         0.02058455 0.         0.         0.         0.         0.         0.         0.         0.01060955 0.         0.01060636 0.         0.         0.         0.         0.01058526 0.01707053 0.88809556 0.01199099 0.01658253 0.         0.         0.        ],[0. 0. 0. 0. 0. 1. 0. 0. 1. 0. 0. 0. 0. 0. 0. 0. 1. 0. 1. 0. 0. 0. 0. 1. 1. 1. 1. 1. 0. 0. 0.],9.0,10000,30,0.6,10,1,9,,problem_solving
5200,0.02792903287131791,0.004651409267543654,0.4,12.455996160316873,[0.         0.         0.         0.         0.         0.01387466 0.         0.         0.02058455 0.         0.         0.         0.         0.         0.         0.         0.01060955 0.         0.01060636 0.         0.         0.         0.         0.01058526 0.01707053 0.88809556 0.01199099 0.01658253 0.         0.         0.        ],[0. 0. 0. 0. 0. 1. 0. 0. 1. 0. 0. 0. 0. 0. 0. 0. 1. 0. 1. 0. 0. 0. 0. 1. 1. 1. 1. 1. 0. 0. 0.],9.0,10000,30,0.6,10,1,9,,problem_solving
5300,0.02792903287131791,0.004651409267543654,0.4,33.62897543211113,[0.         0.         0.         0.         0.         0.01387466 0.         0.         0.02058455 0.         0.         0.         0.         0.         0.         0.         0.01060955 0.         0.01060636 0.         0.         0.         0.         0.01058526 0.01707053 0.88809556 0.01199099 0.01658253 0.         0.         0.        ],[0. 0. 0. 0. 0. 1. 0. 0. 1. 0. 0. 0. 0. 0. 0. 0. 1. 0. 1. 0. 0. 0. 0. 1. 1. 1. 1. 1. 0. 0. 0.],9.0,10000,30,0.6,10,1,9,,problem_solving
5400,0.02792903287131791,0.004651409267543654,0.4,2.5080283136624946,[0.         0.         0.         0.         0.         0.01387466 0.         0.         0.02058455 0.         0.         0.         0.         0.         0.         0.         0.01060955 0.         0.01060636 0.         0.         0.         0.         0.01058526 0.01707053 0.88809556 0.01199099 0.01658253 0.         0.         0.        ],[0. 0. 0. 0. 0. 1. 0. 0. 1. 0. 0. 0. 0. 0. 0. 0. 1. 0. 1. 0. 0. 0. 0. 1. 1. 1. 1. 1. 0. 0. 0.],9.0,10000,30,0.6,10,1,9,,problem_solving
5500,0.02792903287131791,0.004651409267543654,0.4,-3.220622679475312,[0.         0.         0.         0.         0.         0.01387466 0.         0.         0.02058455 0.         0.         0.         0.         0.         0.         0.         0.01060955 0.         0.01060636 0.         0.         0.         0.         0.01058526 0.01707053 0.88809556 0.01199099 0.01658253 0.         0.         0.        ],[0. 0. 0. 0. 0. 1. 0. 0. 1. 0. 0. 0. 0. 0. 0. 0. 1. 0. 1. 0. 0. 0. 0. 1. 1. 1. 1. 1. 0. 0. 0.],9.0,10000,30,0.6,10,1,9,,problem_solving
5600,0.02792903287131791,0.004651409267543654,0.4,-4.49355129700362,[0.         0.         0.         0.         0.         0.01387466 0.         0.         0.02058455 0.         0.         0.         0.         0.         0.         0.         0.01060955 0.         0.01060636 0.         0.         0.         0.         0.01058526 0.01707053 0.88809556 0.01199099 0.01658253 0.         0.         0.        ],[0. 0. 0. 0. 0. 1. 0. 0. 1. 0. 0. 0. 0. 0. 0. 0. 1. 0. 1. 0. 0. 0. 0. 1. 1. 1. 1. 1. 0. 0. 0.],9.0,10000,30,0.6,10,1,9,,problem_solving
5700,0.02792903287131791,0.004651409267543654,0.4,-5.998744640448496,[0.         0.         0.         0.         0.         0.01387466 0.         0.         0.02058455 0.         0.         0.         0.         0.         0.         0.         0.01060955 0.         0.01060636 0.         0.         0.         0.         0.01058526 0.01707053 0.88809556 0.01199099 0.01658253 0.         0.         0.        ],[0. 0. 0. 0. 0. 1. 0. 0. 1. 0. 0. 0. 0. 0. 0. 0. 1. 0. 1. 0. 0. 0. 0. 1. 1. 1. 1. 1. 0. 0. 0.],9.0,10000,30,0.6,10,1,9,,problem_solving
5800,0.02792903287131791,0.004651409267543654,0.4,8.909012153652872,[0.         0.         0.         0.         0.         0.01387466 0.         0.         0.02058455 0.         0.         0.         0.         0.         0.         0.         0.01060955 0.         0.01060636 0.         0.         0.         0.         0.01058526 0.01707053 0.88809556 0.01199099 0.01658253 0.         0.         0.        ],[0. 0. 0. 0. 0. 1. 0. 0. 1. 0. 0. 0. 0. 0. 0. 0. 1. 0. 1. 0. 0. 0. 0. 1. 1. 1. 1. 1. 0. 0. 0.],9.0,10000,30,0.6,10,1,9,,problem_solving
5900,0.02792903287131791,0.004651409267543654,0.4,16.858539141750043,[0.         0.         0.         0.         0.         0.01387466 0.         0.         0.02058455 0.         0.         0.         0.         0.         0.         0.         0.01060955 0.         0.01060636 0.         0.         0.         0.         0.01058526 0.01707053 0.88809556 0.01199099 0.01658253 0.         0.         0.        ],[0. 0. 0. 0. 0. 1. 0. 0. 1. 0. 0. 0. 0. 0. 0. 0. 1. 0. 1. 0. 0. 0. 0. 1. 1. 1. 1. 1. 0. 0. 0.],9.0,10000,30,0.6,10,1,9,,problem_solving
6000,0.02792903287131791,0.004651409267543654,0.4,-0.9459472042929828,[0.         0.         0.         0.         0.         0.01387466 0.         0.         0.02058455 0.         0.         0.         0.         0.         0.         0.         0.01060955 0.         0.01060636 0.         0.         0.         0.         0.01058526 0.01707053 0.88809556 0.01199099 0.01658253 0.         0.         0.        ],[0. 0. 0. 0. 0. 1. 0. 0. 1. 0. 0. 0. 0. 0. 0. 0. 1. 0. 1. 0. 0. 0. 0. 1. 1. 1. 1. 1. 0. 0. 0.],9.0,10000,30,0.6,10,1,9,,problem_solving
6100,0.02792903287131791,0.004651409267543654,0.4,13.431130035758539,[0.         0.         0.         0.         0.         0.01387466 0.         0.         0.02058455 0.         0.         0.         0.         0.         0.         0.         0.01060955 0.         0.01060636 0.         0.         0.         0.         0.01058526 0.01707053 0.88809556 0.01199099 0.01658253 0.         0.         0.        ],[0. 0. 0. 0. 0. 1. 0. 0. 1. 0. 0. 0. 0. 0. 0. 0. 1. 0. 1. 0. 0. 0. 0. 1. 1. 1. 1. 1. 0. 0. 0.],9.0,10000,30,0.6,10,1,9,,problem_solving
6200,0.02792903287131791,0.004651409267543654,0.4,13.066155998217237,[0.         0.         0.         0.         0.         0.01387466 0.         0.         0.02058455 0.         0.         0.         0.         0.         0.         0.         0.01060955 0.         0.01060636 0.         0.         0.         0.         0.01058526 0.01707053 0.88809556 0.01199099 0.01658253 0.         0.         0.        ],[0. 0. 0. 0. 0. 1. 0. 0. 1. 0. 0. 0. 0. 0. 0. 0. 1. 0. 1. 0. 0. 0. 0. 1. 1. 1. 1. 1. 0. 0. 0.],9.0,10000,30,0.6,10,1,9,,problem_solving
6300,0.02792903287131791,0.004651409267543654,0.4,-10.806079683141752,[0.         0.         0.         0.         0.         0.01387466 0.         0.         0.02058455 0.         0.         0.         0.         0.         0.         0.         0.01060955 0.         0.01060636 0.         0.         0.         0.         0.01058526 0.01707053 0.88809556 0.01199099 0.01658253 0.         0.         0.        ],[0. 0. 0. 0. 0. 1. 0. 0. 1. 0. 0. 0. 0. 0. 0. 0. 1. 0. 1. 0. 0. 0. 0. 1. 1. 1. 1. 1. 0. 0. 0.],9.0,10000,30,0.6,10,1,9,,problem_solving
6400,0.02792903287131791,0.004651409267543654,0.4,-6.544863446820596,[0.         0.         0.         0.         0.         0.01387466 0.         0.         0.02058455 0.         0.         0.         0.         0.         0.         0.         0.01060955 0.         0.01060636 0.         0.         0.         0.         0.01058526 0.01707053 0.88809556 0.01199099 0.01658253 0.         0.         0.        ],[0. 0. 0. 0. 0. 1. 0. 0. 1. 0. 0. 0. 0. 0. 0. 0. 1. 0. 1. 0. 0. 0. 0. 1. 1. 1. 1. 1. 0. 0. 0.],9.0,10000,30,0.6,10,1,9,,problem_solving
6500,0.02792903287131791,0.004651409267543654,0.4,4.928980126285057,[0.         0.         0.         0.         0.         0.01387466 0.         0.         0.02058455 0.         0.         0.         0.         0.         0.         0.         0.01060955 0.         0.01060636 0.         0.         0.         0.         0.01058526 0.01707053 0.88809556 0.01199099 0.01658253 0.         0.         0.        ],[0. 0. 0. 0. 0. 1. 0. 0. 1. 0. 0. 0. 0. 0. 0. 0. 1. 0. 1. 0. 0. 0. 0. 1. 1. 1. 1. 1. 0. 0. 0.],9.0,10000,30,0.6,10,1,9,,problem_solving
6600,0.02792903287131791,0.004651409267543654,0.4,-12.88207643657428,[0.         0.         0.         0.         0.         0.01387466 0.         0.         0.02058455 0.         0.         0.         0.         0.         0.         0.         0.01060955 0.         0.01060636 0.         0.         0.         0.         0.01058526 0.01707053 0.88809556 0.01199099 0.01658253 0.         0.         0.        ],[0. 0. 0. 0. 0. 1. 0. 0. 1. 0. 0. 0. 0. 0. 0. 0. 1. 0. 1. 0. 0. 0. 0. 1. 1. 1. 1. 1. 0. 0. 0.],9.0,10000,30,0.6,10,1,9,,problem_solving
6700,0.02792903287131791,0.004651409267543654,0.4,15.841521172358284,[0.         0.         0.         0.         0.         0.01387466 0.         0.         0.02058455 0.         0.         0.         0.         0.         0.         0.         0.01060955 0.         0.01060636 0.         0.         0.         0.         0.01058526 0.01707053 0.88809556 0.01199099 0.01658253 0.         0.         0.        ],[0. 0. 0. 0. 0. 1. 0. 0. 1. 0. 0. 0. 0. 0. 0. 0. 1. 0. 1. 0. 0. 0. 0. 1. 1. 1. 1. 1. 0. 0. 0.],9.0,10000,30,0.6,10,1,9,,problem_solving
6800,0.02792903287131791,0.004651409267543654,0.4,-18.33804142849382,[0.         0.         0.         0.         0.         0.01387466 0.         0.         0.02058455 0.         0.         0.         0.         0.         0.         0.         0.01060955 0.         0.01060636 0.         0.         0.         0.         0.01058526 0.01707053 0.88809556 0.01199099 0.01658253 0.         0.         0.        ],[0. 0. 0. 0. 0. 1. 0. 0. 1. 0. 0. 0. 0. 0. 0. 0. 1. 0. 1. 0. 0. 0. 0. 1. 1. 1. 1. 1. 0. 0. 0.],9.0,10000,30,0.6,10,1,9,,problem_solving
6900,0.02792903287131791,0.004651409267543654,0.4,14.693464340493952,[0.         0.         0.         0.         0.         0.01387466 0.         0.         0.02058455 0.         0.         0.         0.         0.         0.         0.         0.01060955 0.         0.01060636 0.         0.         0.         0.         0.01058526 0.01707053 0.88809556 0.01199099 0.01658253 0.         0.         0.        ],[0. 0. 0. 0. 0. 1. 0. 0. 1. 0. 0. 0. 0. 0. 0. 0. 1. 0. 1. 0. 0. 0. 0. 1. 1. 1. 1. 1. 0. 0. 0.],9.0,10000,30,0.6,10,1,9,,problem_solving
7000,0.02792903287131791,0.004651409267543654,0.4,-3.2472923978844896,[0.         0.         0.         0.         0.         0.01387466 0.         0.         0.02058455 0.         0.         0.         0.         0.         0.         0.         0.01060955 0.         0.01060636 0.         0.         0.         0.         0.01058526 0.01707053 0.88809556 0.01199099 0.01658253 0.         0.         0.        ],[0. 0. 0. 0. 0. 1. 0. 0. 1. 0. 0. 0. 0. 0. 0. 0. 1. 0. 1. 0. 0. 0. 0. 1. 1. 1. 1. 1. 0. 0. 0.],9.0,10000,30,0.6,10,1,9,,problem_solving
7100,0.02792903287131791,0.004651409267543654,0.4,4.1926323282780915,[0.         0.         0.         0.         0.         0.01387466 0.         0.         0.02058455 0.         0.         0.         0.         0.         0.         0.         0.01060955 0.         0.01060636 0.         0.         0.         0.         0.01058526 0.01707053 0.88809556 0.01199099 0.01658253 0.         0.         0.        ],[0. 0. 0. 0. 0. 1. 0. 0. 1. 0. 0. 0. 0. 0. 0. 0. 1. 0. 1. 0. 0. 0. 0. 1. 1. 1. 1. 1. 0. 0. 0.],9.0,10000,30,0.6,10,1,9,,problem_solving
7200,0.02792903287131791,0.004651409267543654,0.4,6.507629962811665,[0.         0.         0.         0.         0.         0.01387466 0.         0.         0.02058455 0.         0.         0.         0.         0.         0.         0.         0.01060955 0.         0.01060636 0.         0.         0.         0.         0.01058526 0.01707053 0.88809556 0.01199099 0.01658253 0.         0.         0.        ],[0. 0. 0. 0. 0. 1. 0. 0. 1. 0. 0. 0. 0. 0. 0. 0. 1. 0. 1. 0. 0. 0. 0. 1. 1. 1. 1. 1. 0. 0. 0.],9.0,10000,30,0.6,10,1,9,,problem_solving
7300,0.02792903287131791,0.004651409267543654,0.4,-5.030911802424342,[0.         0.         0.         0.         0.         0.01387466 0.         0.         0.02058455 0.         0.         0.         0.         0.         0.         0.         0.01060955 0.         0.01060636 0.         0.         0.         0.         0.01058526 0.01707053 0.88809556 0.01199099 0.01658253 0.         0.         0.        ],[0. 0. 0. 0. 0. 1. 0. 0. 1. 0. 0. 0. 0. 0. 0. 0. 1. 0. 1. 0. 0. 0. 0. 1. 1. 1. 1. 1. 0. 0. 0.],9.0,10000,30,0.6,10,1,9,,problem_solving
7400,0.02792903287131791,0.004651409267543654,0.4,2.156542203442834,[0.         0.         0.         0.         0.         0.01387466 0.         0.         0.02058455 0.         0.         0.         0.         0.         0.         0.         0.01060955 0.         0.01060636 0.         0.         0.         0.         0.01058526 0.01707053 0.88809556 0.01199099 0.01658253 0.         0.         0.        ],[0. 0. 0. 0. 0. 1. 0. 0. 1. 0. 0. 0. 0. 0. 0. 0. 1. 0. 1. 0. 0. 0. 0. 1. 1. 1. 1. 1. 0. 0. 0.],9.0,10000,30,0.6,10,1,9,,problem_solving
7500,0.02792903287131791,0.004651409267543654,0.4,-7.043998839604497,[0.         0.         0.         0.         0.         0.01387466 0.         0.         0.02058455 0.         0.         0.         0.         0.         0.         0.         0.01060955 0.         0.01060636 0.         0.         0.         0.         0.01058526 0.01707053 0.88809556 0.01199099 0.01658253 0.         0.         0.        ],[0. 0. 0. 0. 0. 1. 0. 0. 1. 0. 0. 0. 0. 0. 0. 0. 1. 0. 1. 0. 0. 0. 0. 1. 1. 1. 1. 1. 0. 0. 0.],9.0,10000,30,0.6,10,1,9,,problem_solving
7600,0.02792903287131791,0.004651409267543654,0.4,-6.71285812411613,[0.         0.         0.         0.         0.         0.01387466 0.         0.         0.02058455 0.         0.         0.         0.         0.         0.         0.         0.01060955 0.         0.01060636 0.         0.         0.         0.         0.01058526 0.01707053 0.88809556 0.01199099 0.01658253 0.         0.         0.        ],[0. 0. 0. 0. 0. 1. 0. 0. 1. 0. 0. 0. 0. 0. 0. 0. 1. 0. 1. 0. 0. 0. 0. 1. 1. 1. 1. 1. 0. 0. 0.],9.0,10000,30,0.6,10,1,9,,problem_solving
7700,0.02792903287131791,0.004651409267543654,0.4,9.280338076332642,[0.         0.         0.         0.         0.         0.01387466 0.         0.         0.02058455 0.         0.         0.         0.         0.         0.         0.         0.01060955 0.         0.01060636 0.         0.         0.         0.         0.01058526 0.01707053 0.88809556 0.01199099 0.01658253 0.         0.         0.        ],[0. 0. 0. 0. 0. 1. 0. 0. 1. 0. 0. 0. 0. 0. 0. 0. 1. 0. 1. 0. 0. 0. 0. 1. 1. 1. 1. 1. 0. 0. 0.],9.0,10000,30,0.6,10,1,9,,problem_solving
7800,0.02792903287131791,0.004651409267543654,0.4,2.1108385500259086,[0.         0.         0.         0.         0.         0.01387466 0.         0.         0.02058455 0.         0.         0.         0.         0.         0.         0.         0.01060955 0.         0.01060636 0.         0.         0.         0.         0.01058526 0.01707053 0.88809556 0.01199099 0.01658253 0.         0.         0.        ],[0. 0. 0. 0. 0. 1. 0. 0. 1. 0. 0. 0. 0. 0. 0. 0. 1. 0. 1. 0. 0. 0. 0. 1. 1. 1. 1. 1. 0. 0. 0.],9.0,10000,30,0.6,10,1,9,,problem_solving
7900,0.02792903287131791,0.004651409267543654,0.4,-9.635093974837407,[0.         0.         0.         0.         0.         0.01387466 0.         0.         0.02058455 0.         0.         0.         0.         0.         0.         0.         0.01060955 0.         0.01060636 0.         0.         0.         0.         0.01058526 0.01707053 0.88809556 0.01199099 0.01658253 0.         0.         0.        ],[0. 0. 0. 0. 0. 1. 0. 0. 1. 0. 0. 0. 0. 0. 0. 0. 1. 0. 1. 0. 0. 0. 0. 1. 1. 1. 1. 1. 0. 0. 0.],9.0,10000,30,0.6,10,1,9,,problem_solving
8000,0.02792903287131791,0.004651409267543654,0.4,-0.7922895393247262,[0.         0.         0.         0.         0.         0.01387466 0.         0.         0.02058455 0.         0.         0.         0.         0.         0.         0.         0.01060955 0.         0.01060636 0.         0.         0.         0.         0.01058526 0.01707053 0.88809556 0.01199099 0.01658253 0.         0.         0.        ],[0. 0. 0. 0. 0. 1. 0. 0. 1. 0. 0. 0. 0. 0. 0. 0. 1. 0. 1. 0. 0. 0. 0. 1. 1. 1. 1. 1. 0. 0. 0.],9.0,10000,30,0.6,10,1,9,,problem_solving
8100,0.02792903287131791,0.004651409267543654,0.4,2.1503716193614344,[0.         0.         0.         0.         0.         0.01387466 0.         0.         0.02058455 0.         0.         0.         0.         0.         0.         0.         0.01060955 0.         0.01060636 0.         0.         0.         0.         0.01058526 0.01707053 0.88809556 0.01199099 0.01658253 0.         0.         0.        ],[0. 0. 0. 0. 0. 1. 0. 0. 1. 0. 0. 0. 0. 0. 0. 0. 1. 0. 1. 0. 0. 0. 0. 1. 1. 1. 1. 1. 0. 0. 0.],9.0,10000,30,0.6,10,1,9,,problem_solving
8200,0.02792903287131791,0.004651409267543654,0.4,-3.23000218073319,[0.         0.         0.         0.         0.         0.01387466 0.         0.         0.02058455 0.         0.         0.         0.         0.         0.         0.         0.01060955 0.         0.01060636 0.         0.         0.         0.         0.01058526 0.01707053 0.88809556 0.01199099 0.01658253 0.         0.         0.        ],[0. 0. 0. 0. 0. 1. 0. 0. 1. 0. 0. 0. 0. 0. 0. 0. 1. 0. 1. 0. 0. 0. 0. 1. 1. 1. 1. 1. 0. 0. 0.],9.0,10000,30,0.6,10,1,9,,problem_solving
8300,0.02792903287131791,0.004651409267543654,0.4,-7.095452564467304,[0.         0.         0.         0.         0.         0.01387466 0.         0.         0.02058455 0.         0.         0.         0.         0.         0.         0.         0.01060955 0.         0.01060636 0.         0.         0.         0.         0.01058526 0.01707053 0.88809556 0.01199099 0.01658253 0.         0.         0.        ],[0. 0. 0. 0. 0. 1. 0. 0. 1. 0. 0. 0. 0. 0. 0. 0. 1. 0. 1. 0. 0. 0. 0. 1. 1. 1. 1. 1. 0. 0. 0.],9.0,10000,30,0.6,10,1,9,,problem_solving
8400,0.02792903287131791,0.004651409267543654,0.4,15.753046382263236,[0.         0.         0.         0.         0.         0.01387466 0.         0.         0.02058455 0.         0.         0.         0.         0.         0.         0.         0.01060955 0.         0.01060636 0.         0.         0.         0.         0.01058526 0.01707053 0.88809556 0.01199099 0.01658253 0.         0.         0.        ],[0. 0. 0. 0. 0. 1. 0. 0. 1. 0. 0. 0. 0. 0. 0. 0. 1. 0. 1. 0. 0. 0. 0. 1. 1. 1. 1. 1. 0. 0. 0.],9.0,10000,30,0.6,10,1,9,,problem_solving
8500,0.02792903287131791,0.004651409267543654,0.4,-1.5205741632867436,[0.         0.         0.         0.         0.         0.01387466 0.         0.         0.02058455 0.         0.         0.         0.         0.         0.         0.         0.01060955 0.         0.01060636 0.         0.         0.         0.         0.01058526 0.01707053 0.88809556 0.01199099 0.01658253 0.         0.         0.        ],[0. 0. 0. 0. 0. 1. 0. 0. 1. 0. 0. 0. 0. 0. 0. 0. 1. 0. 1. 0. 0. 0. 0. 1. 1. 1. 1. 1. 0. 0. 0.],9.0,10000,30,0.6,10,1,9,,problem_solving
8600,0.02792903287131791,0.004651409267543654,0.4,-0.6867756849740853,[0.         0.         0.         0.         0.         0.01387466 0.         0.         0.02058455 0.         0.         0.         0.         0.         0.         0.         0.01060955 0.         0.01060636 0.         0.         0.         0.         0.01058526 0.01707053 0.88809556 0.01199099 0.01658253 0.         0.         0.        ],[0. 0. 0. 0. 0. 1. 0. 0. 1. 0. 0. 0. 0. 0. 0. 0. 1. 0. 1. 0. 0. 0. 0. 1. 1. 1. 1. 1. 0. 0. 0.],9.0,10000,30,0.6,10,1,9,,problem_solving
8700,0.02792903287131791,0.004651409267543654,0.4,1.7540901631507044,[0.         0.         0.         0.         0.         0.01387466 0.         0.         0.02058455 0.         0.         0.         0.         0.         0.         0.         0.01060955 0.         0.01060636 0.         0.         0.         0.         0.01058526 0.01707053 0.88809556 0.01199099 0.01658253 0.         0.         0.        ],[0. 0. 0. 0. 0. 1. 0. 0. 1. 0. 0. 0. 0. 0. 0. 0. 1. 0. 1. 0. 0. 0. 0. 1. 1. 1. 1. 1. 0. 0. 0.],9.0,10000,30,0.6,10,1,9,,problem_solving
8800,0.02792903287131791,0.004651409267543654,0.4,-25.721527558924002,[0.         0.         0.         0.         0.         0.01387466 0.         0.         0.02058455 0.         0.         0.         0.         0.         0.         0.         0.01060955 0.         0.01060636 0.         0.         0.         0.         0.01058526 0.01707053 0.88809556 0.01199099 0.01658253 0.         0.         0.        ],[0. 0. 0. 0. 0. 1. 0. 0. 1. 0. 0. 0. 0. 0. 0. 0. 1. 0. 1. 0. 0. 0. 0. 1. 1. 1. 1. 1. 0. 0. 0.],9.0,10000,30,0.6,10,1,9,,problem_solving
8900,0.02792903287131791,0.004651409267543654,0.4,9.918096012369515,[0.         0.         0.         0.         0.         0.01387466 0.         0.         0.02058455 0.         0.         0.         0.         0.         0.         0.         0.01060955 0.         0.01060636 0.         0.         0.         0.         0.01058526 0.01707053 0.88809556 0.01199099 0.01658253 0.         0.         0.        ],[0. 0. 0. 0. 0. 1. 0. 0. 1. 0. 0. 0. 0. 0. 0. 0. 1. 0. 1. 0. 0. 0. 0. 1. 1. 1. 1. 1. 0. 0. 0.],9.0,10000,30,0.6,10,1,9,,problem_solving
9000,0.02792903287131791,0.004651409267543654,0.4,16.766508850767526,[0.         0.         0.         0.         0.         0.01387466 0.         0.         0.02058455 0.         0.         0.         0.         0.         0.         0.         0.01060955 0.         0.01060636 0.         0.         0.         0.         0.01058526 0.01707053 0.88809556 0.01199099 0.01658253 0.         0.         0.        ],[0. 0. 0. 0. 0. 1. 0. 0. 1. 0. 0. 0. 0. 0. 0. 0. 1. 0. 1. 0. 0. 0. 0. 1. 1. 1. 1. 1. 0. 0. 0.],9.0,10000,30,0.6,10,1,9,,problem_solving
9100,0.02792903287131791,0.004651409267543654,0.4,-5.070931392087017,[0.         0.         0.         0.         0.         0.01387466 0.         0.         0.02058455 0.         0.         0.         0.         0.         0.         0.         0.01060955 0.         0.01060636 0.         0.         0.         0.         0.01058526 0.01707053 0.88809556 0.01199099 0.01658253 0.         0.         0.        ],[0. 0. 0. 0. 0. 1. 0. 0. 1. 0. 0. 0. 0. 0. 0. 0. 1. 0. 1. 0. 0. 0. 0. 1. 1. 1. 1. 1. 0. 0. 0.],9.0,10000,30,0.6,10,1,9,,problem_solving
9200,0.02792903287131791,0.004651409267543654,0.4,-4.406578312275587,[0.         0.         0.         0.         0.         0.01387466 0.         0.         0.02058455 0.         0.         0.         0.         0.         0.         0.         0.01060955 0.         0.01060636 0.         0.         0.         0.         0.01058526 0.01707053 0.88809556 0.01199099 0.01658253 0.         0.         0.        ],[0. 0. 0. 0. 0. 1. 0. 0. 1. 0. 0. 0. 0. 0. 0. 0. 1. 0. 1. 0. 0. 0. 0. 1. 1. 1. 1. 1. 0. 0. 0.],9.0,10000,30,0.6,10,1,9,,problem_solving
9300,0.02792903287131791,0.004651409267543654,0.4,-7.686915769532518,[0.         0.         0.         0.         0.         0.01387466 0.         0.         0.02058455 0.         0.         0.         0.         0.         0.         0.         0.01060955 0.         0.01060636 0.         0.         0.         0.         0.01058526 0.01707053 0.88809556 0.01199099 0.01658253 0.         0.         0.        ],[0. 0. 0. 0. 0. 1. 0. 0. 1. 0. 0. 0. 0. 0. 0. 0. 1. 0. 1. 0. 0. 0. 0. 1. 1. 1. 1. 1. 0. 0. 0.],9.0,10000,30,0.6,10,1,9,,problem_solving
9400,0.02792903287131791,0.004651409267543654,0.4,-7.34303533080873,[0.         0.         0.         0.         0.         0.01387466 0.         0.         0.02058455 0.         0.         0.         0.         0.         0.         0.         0.01060955 0.         0.01060636 0.         0.         0.         0.         0.01058526 0.01707053 0.88809556 0.01199099 0.01658253 0.         0.         0.        ],[0. 0. 0. 0. 0. 1. 0. 0. 1. 0. 0. 0. 0. 0. 0. 0. 1. 0. 1. 0. 0. 0. 0. 1. 1. 1. 1. 1. 0. 0. 0.],9.0,10000,30,0.6,10,1,9,,problem_solving
9500,0.02792903287131791,0.004651409267543654,0.4,-10.008378793333272,[0.         0.         0.         0.         0.         0.01387466 0.         0.         0.02058455 0.         0.         0.         0.         0.         0.         0.         0.01060955 0.         0.01060636 0.         0.         0.         0.         0.01058526 0.01707053 0.88809556 0.01199099 0.01658253 0.         0.         0.        ],[0. 0. 0. 0. 0. 1. 0. 0. 1. 0. 0. 0. 0. 0. 0. 0. 1. 0. 1. 0. 0. 0. 0. 1. 1. 1. 1. 1. 0. 0. 0.],9.0,10000,30,0.6,10,1,9,,problem_solving
9600,0.02792903287131791,0.004651409267543654,0.4,-11.253486477876136,[0.         0.         0.         0.         0.         0.01387466 0.         0.         0.02058455 0.         0.         0.         0.         0.         0.         0.         0.01060955 0.         0.01060636 0.         0.         0.         0.         0.01058526 0.01707053 0.88809556 0.01199099 0.01658253 0.         0.         0.        ],[0. 0. 0. 0. 0. 1. 0. 0. 1. 0. 0. 0. 0. 0. 0. 0. 1. 0. 1. 0. 0. 0. 0. 1. 1. 1. 1. 1. 0. 0. 0.],9.0,10000,30,0.6,10,1,9,,problem_solving
9700,0.02792903287131791,0.004651409267543654,0.4,20.08936862647442,[0.         0.         0.         0.         0.         0.01387466 0.         0.         0.02058455 0.         0.         0.         0.         0.         0.         0.         0.01060955 0.         0.01060636 0.         0.         0.         0.         0.01058526 0.01707053 0.88809556 0.01199099 0.01658253 0.         0.         0.        ],[0. 0. 0. 0. 0. 1. 0. 0. 1. 0. 0. 0. 0. 0. 0. 0. 1. 0. 1. 0. 0. 0. 0. 1. 1. 1. 1. 1. 0. 0. 0.],9.0,10000,30,0.6,10,1,9,,problem_solving
9800,0.02792903287131791,0.004651409267543654,0.4,15.518462485284338,[0.         0.         0.         0.         0.         0.01387466 0.         0.         0.02058455 0.         0.         0.         0.         0.         0.         0.         0.01060955 0.         0.01060636 0.         0.         0.         0.         0.01058526 0.01707053 0.88809556 0.01199099 0.01658253 0.         0.         0.        ],[0. 0. 0. 0. 0. 1. 0. 0. 1. 0. 0. 0. 0. 0. 0. 0. 1. 0. 1. 0. 0. 0. 0. 1. 1. 1. 1. 1. 0. 0. 0.],9.0,10000,30,0.6,10,1,9,,problem_solving
9900,0.02792903287131791,0.004651409267543654,0.4,12.260281423592199,[0.         0.         0.         0.         0.         0.01387466 0.         0.         0.02058455 0.         0.         0.         0.         0.         0.         0.         0.01060955 0.         0.01060636 0.         0.         0.         0.         0.01058526 0.01707053 0.88809556 0.01199099 0.01658253 0.         0.         0.        ],[0. 0. 0. 0. 0. 1. 0. 0. 1. 0. 0. 0. 0. 0. 0. 0. 1. 0. 1. 0. 0. 0. 0. 1. 1. 1. 1. 1. 0. 0. 0.],9.0,10000,30,0.6,10,1,9,,problem_solving
9999,0.02792903287131791,0.004651409267543654,0.4,-12.151667016183033,[0.         0.         0.         0.         0.         0.01387466 0.         0.         0.02058455 0.         0.         0.         0.         0.         0.         0.         0.01060955 0.         0.01060636 0.         0.         0.         0.         0.01058526 0.01707053 0.88809556 0.01199099 0.01658253 0.         0.         0.        ],[0. 0. 0. 0. 0. 1. 0. 0. 1. 0. 0. 0. 0. 0. 0. 0. 1. 0. 1. 0. 0. 0. 0. 1. 1. 1. 1. 1. 0. 0. 0.],9.0,10000,30,0.6,10,1,9,,problem_solving
