iter,cost,return,par,move,X,Z,Q,max_iter,mem_size,mem_consider,sigma,port_n,k,seed,tag
1,0.09866429143774308,0.003799472474488535,0.4,8.732935476435527,[0.         0.         0.         0.         0.         0.         0.         0.         0.         0.         0.         0.         0.         0.         0.         0.         0.         0.         0.02007812 0.         0.         0.         0.         0.         0.         0.06967333 0.         0.89812815 0.0121204  0.         0.        ],[0. 0. 0. 0. 0. 0. 0. 0. 0. 0. 0. 0. 0. 0. 0. 0. 0. 0. 1. 0. 0. 0. 0. 0. 0. 1. 0. 1. 1. 0. 0.],4.0,10000,30,0.6,10,1,4,,problem_solving
100,0.02552934253362455,0.004619193849665726,0.4,-5.973958243291749,[0.01681782 0.         0.         0.01079688 0.95105386 0.         0.         0.         0.         0.         0.         0.         0.         0.         0.         0.02133144 0.         0.         0.         0.         0.         0.         0.         0.         0.         0.         0.         0.         0.         0.         0.        ],[1. 0. 0. 1. 1. 0. 0. 0. 0. 0. 0. 0. 0. 0. 0. 1. 0. 0. 0. 0. 0. 0. 0. 0. 0. 0. 0. 0. 0. 0. 0.],4.0,10000,30,0.6,10,1,4,,problem_solving
200,0.01714931695471427,0.0026045086874758516,0.4,1.1825585788611797,[0.         0.         0.         0.         0.01588766 0.         0.         0.         0.03015198 0.         0.         0.         0.         0.         0.         0.         0.         0.         0.         0.         0.         0.         0.         0.         0.         0.         0.         0.91627513 0.         0.03768522 0.        ],[0. 0. 0. 0. 1. 0. 0. 0. 1. 0. 0. 0. 0. 0. 0. 0. 0. 0. 0. 0. 0. 0. 0. 0. 0. 0. 0. 1. 0. 1. 0.],4.0,10000,30,0.6,10,1,4,,problem_solving
300,0.01714931695471427,0.0026045086874758516,0.4,3.1786749698136383,[0.         0.         0.         0.         0.01588766 0.         0.         0.         0.03015198 0.         0.         0.         0.         0.         0.         0.         0.         0.         0.         0.         0.         0.         0.         0.         0.         0.         0.         0.91627513 0.         0.03768522 0.        ],[0. 0. 0. 0. 1. 0. 0. 0. 1. 0. 0. 0. 0. 0. 0. 0. 0. 0. 0. 0. 0. 0. 0. 0. 0. 0. 0. 1. 0. 1. 0.],4.0,10000,30,0.6,10,1,4,,problem_solving
400,0.016893092402234425,0.004652943038111688,0.4,-2.9081308012734493,[0.         0.         0.01721176 0.         0.         0.         0.         0.         0.         0.         0.         0.         0.         0.01687794 0.         0.         0.         0.         0.         0.         0.         0.         0.         0.         0.         0.93949987 0.         0.         0.         0.         0.02641043],[0. 0. 1. 0. 0. 0. 0. 0. 0. 0. 0. 0. 0. 1. 0. 0. 0. 0. 0. 0. 0. 0. 0. 0. 0. 1. 0. 0. 0. 0. 1.],4.0,10000,30,0.6,10,1,4,,problem_solving
500,0.016893092402234425,0.004652943038111688,0.4,-1.8295649380049968,[0.         0.         0.01721176 0.         0.         0.         0.         0.         0.         0.         0.         0.         0.         0.01687794 0.         0.         0.         0.         0.         0.         0.         0.         0.         0.         0.         0.93949987 0.         0.         0.         0.         0.02641043],[0. 0. 1. 0. 0. 0. 0. 0. 0. 0. 0. 0. 0. 1. 0. 0. 0. 0. 0. 0. 0. 0. 0. 0. 0. 1. 0. 0. 0. 0. 1.],4.0,10000,30,0.6,10,1,4,,problem_solving
600,0.016893092402234425,0.004652943038111688,0.4,-5.224377729069909,[0.         0.         0.01721176 0.         0.         0.         0.         0.         0.         0.         0.         0.         0.         0.01687794 0.         0.         0.         0.         0.         0.         0.         0.         0.         0.         0.         0.93949987 0.         0.         0.         0.         0.02641043],[0. 0. 1. 0. 0. 0. 0. 0. 0. 0. 0. 0. 0. 1. 0. 0. 0. 0. 0. 0. 0. 0. 0. 0. 0. 1. 0. 0. 0. 0. 1.],4.0,10000,30,0.6,10,1,4,,problem_solving
700,0.01621684019508387,0.010270651522357243,0.4,-9.287482538835775,[0.         0.         0.         0.         0.92050481 0.         0.         0.         0.0173135  0.         0.         0.         0.         0.         0.         0.         0.         0.         0.         0.         0.         0.         0.         0.         0.         0.         0.         0.04312476 0.         0.         0.01905693],[0. 0. 0. 0. 1. 0. 0. 0. 1. 0. 0. 0. 0. 0. 0. 0. 0. 0. 0. 0. 0. 0. 0. 0. 0. 0. 0. 1. 0. 0. 1.],4.0,10000,30,0.6,10,1,4,,problem_solving
800,0.01621684019508387,0.010270651522357243,0.4,-10.02719140521891,[0.         0.         0.         0.         0.92050481 0.         0.         0.         0.0173135  0.         0.         0.         0.         0.         0.         0.         0.         0.         0.         0.         0.         0.         0.         0.         0.         0.         0.         0.04312476 0.         0.         0.01905693],[0. 0. 0. 0. 1. 0. 0. 0. 1. 0. 0. 0. 0. 0. 0. 0. 0. 0. 0. 0. 0. 0. 0. 0. 0. 0. 0. 1. 0. 0. 1.],4.0,10000,30,0.6,10,1,4,,problem_solving
900,0.01621684019508387,0.010270651522357243,0.4,-14.207586737155376,[0.         0.         0.         0.         0.92050481 0.         0.         0.         0.0173135  0.         0.         0.         0.         0.         0.         0.         0.         0.         0.         0.         0.         0.         0.         0.         0.         0.         0.         0.04312476 0.         0.         0.01905693],[0. 0. 0. 0. 1. 0. 0. 0. 1. 0. 0. 0. 0. 0. 0. 0. 0. 0. 0. 0. 0. 0. 0. 0. 0. 0. 0. 1. 0. 0. 1.],4.0,10000,30,0.6,10,1,4,,problem_solving
1000,0.01621684019508387,0.010270651522357243,0.4,-19.750092470805424,[0.         0.         0.         0.         0.92050481 0.         0.         0.         0.0173135  0.         0.         0.         0.         0.         0.         0.         0.         0.         0.         0.         0.         0.         0.         0.         0.         0.         0.         0.04312476 0.         0.         0.01905693],[0. 0. 0. 0. 1. 0. 0. 0. 1. 0. 0. 0. 0. 0. 0. 0. 0. 0. 0. 0. 0. 0. 0. 0. 0. 0. 0. 1. 0. 0. 1.],4.0,10000,30,0.6,10,1,4,,problem_solving
1100,0.014752535689172005,0.004653251187118301,0.4,11.532434604379606,[0.         0.         0.         0.         0.         0.01195768 0.         0.         0.         0.         0.         0.         0.         0.         0.         0.         0.         0.         0.         0.         0.         0.01976856 0.         0.         0.         0.94926687 0.         0.         0.         0.         0.01900689],[0. 0. 0. 0. 0. 1. 0. 0. 0. 0. 0. 0. 0. 0. 0. 0. 0. 0. 0. 0. 0. 1. 0. 0. 0. 1. 0. 0. 0. 0. 1.],4.0,10000,30,0.6,10,1,4,,problem_solving
1200,0.014752535689172005,0.004653251187118301,0.4,-2.258366659777516,[0.         0.         0.         0.         0.         0.01195768 0.         0.         0.         0.         0.         0.         0.         0.         0.         0.         0.         0.         0.         0.         0.         0.01976856 0.         0.         0.         0.94926687 0.         0.         0.         0.         0.01900689],[0. 0. 0. 0. 0. 1. 0. 0. 0. 0. 0. 0. 0. 0. 0. 0. 0. 0. 0. 0. 0. 1. 0. 0. 0. 1. 0. 0. 0. 0. 1.],4.0,10000,30,0.6,10,1,4,,problem_solving
1300,0.014752535689172005,0.004653251187118301,0.4,-5.09389941060141,[0.         0.         0.         0.         0.         0.01195768 0.         0.         0.         0.         0.         0.         0.         0.         0.         0.         0.         0.         0.         0.         0.         0.01976856 0.         0.         0.         0.94926687 0.         0.         0.         0.         0.01900689],[0. 0. 0. 0. 0. 1. 0. 0. 0. 0. 0. 0. 0. 0. 0. 0. 0. 0. 0. 0. 0. 1. 0. 0. 0. 1. 0. 0. 0. 0. 1.],4.0,10000,30,0.6,10,1,4,,problem_solving
1400,0.014752535689172005,0.004653251187118301,0.4,-10.716468654938884,[0.         0.         0.         0.         0.         0.01195768 0.         0.         0.         0.         0.         0.         0.         0.         0.         0.         0.         0.         0.         0.         0.         0.01976856 0.         0.         0.         0.94926687 0.         0.         0.         0.         0.01900689],[0. 0. 0. 0. 0. 1. 0. 0. 0. 0. 0. 0. 0. 0. 0. 0. 0. 0. 0. 0. 0. 1. 0. 0. 0. 1. 0. 0. 0. 0. 1.],4.0,10000,30,0.6,10,1,4,,problem_solving
1500,0.012903274960178276,0.0046736709901866,0.4,8.622440759105912,[0.         0.         0.         0.         0.         0.02616911 0.         0.         0.         0.         0.         0.         0.         0.         0.         0.         0.         0.         0.         0.         0.         0.         0.         0.01349154 0.         0.94930005 0.         0.0110393  0.         0.         0.        ],[0. 0. 0. 0. 0. 1. 0. 0. 0. 0. 0. 0. 0. 0. 0. 0. 0. 0. 0. 0. 0. 0. 0. 1. 0. 1. 0. 1. 0. 0. 0.],4.0,10000,30,0.6,10,1,4,,problem_solving
1600,0.012903274960178276,0.0046736709901866,0.4,-5.407100704547868,[0.         0.         0.         0.         0.         0.02616911 0.         0.         0.         0.         0.         0.         0.         0.         0.         0.         0.         0.         0.         0.         0.         0.         0.         0.01349154 0.         0.94930005 0.         0.0110393  0.         0.         0.        ],[0. 0. 0. 0. 0. 1. 0. 0. 0. 0. 0. 0. 0. 0. 0. 0. 0. 0. 0. 0. 0. 0. 0. 1. 0. 1. 0. 1. 0. 0. 0.],4.0,10000,30,0.6,10,1,4,,problem_solving
1700,0.012903274960178276,0.0046736709901866,0.4,-7.035510290593086,[0.         0.         0.         0.         0.         0.02616911 0.         0.         0.         0.         0.         0.         0.         0.         0.         0.         0.         0.         0.         0.         0.         0.         0.         0.01349154 0.         0.94930005 0.         0.0110393  0.         0.         0.        ],[0. 0. 0. 0. 0. 1. 0. 0. 0. 0. 0. 0. 0. 0. 0. 0. 0. 0. 0. 0. 0. 0. 0. 1. 0. 1. 0. 1. 0. 0. 0.],4.0,10000,30,0.6,10,1,4,,problem_solving
1800,0.012903274960178276,0.0046736709901866,0.4,-12.020037660332239,[0.         0.         0.         0.         0.         0.02616911 0.         0.         0.         0.         0.         0.         0.         0.         0.         0.         0.         0.         0.         0.         0.         0.         0.         0.01349154 0.         0.94930005 0.         0.0110393  0.         0.         0.        ],[0. 0. 0. 0. 0. 1. 0. 0. 0. 0. 0. 0. 0. 0. 0. 0. 0. 0. 0. 0. 0. 0. 0. 1. 0. 1. 0. 1. 0. 0. 0.],4.0,10000,30,0.6,10,1,4,,problem_solving
1900,0.012903274960178276,0.0046736709901866,0.4,19.949693657198004,[0.         0.         0.         0.         0.         0.02616911 0.         0.         0.         0.         0.         0.         0.         0.         0.         0.         0.         0.         0.         0.         0.         0.         0.         0.01349154 0.         0.94930005 0.         0.0110393  0.         0.         0.        ],[0. 0. 0. 0. 0. 1. 0. 0. 0. 0. 0. 0. 0. 0. 0. 0. 0. 0. 0. 0. 0. 0. 0. 1. 0. 1. 0. 1. 0. 0. 0.],4.0,10000,30,0.6,10,1,4,,problem_solving
2000,0.012903274960178276,0.0046736709901866,0.4,-12.581156916868004,[0.         0.         0.         0.         0.         0.02616911 0.         0.         0.         0.         0.         0.         0.         0.         0.         0.         0.         0.         0.         0.         0.         0.         0.         0.01349154 0.         0.94930005 0.         0.0110393  0.         0.         0.        ],[0. 0. 0. 0. 0. 1. 0. 0. 0. 0. 0. 0. 0. 0. 0. 0. 0. 0. 0. 0. 0. 0. 0. 1. 0. 1. 0. 1. 0. 0. 0.],4.0,10000,30,0.6,10,1,4,,problem_solving
2100,0.012903274960178276,0.0046736709901866,0.4,18.34768273164694,[0.         0.         0.         0.         0.         0.02616911 0.         0.         0.         0.         0.         0.         0.         0.         0.         0.         0.         0.         0.         0.         0.         0.         0.         0.01349154 0.         0.94930005 0.         0.0110393  0.         0.         0.        ],[0. 0. 0. 0. 0. 1. 0. 0. 0. 0. 0. 0. 0. 0. 0. 0. 0. 0. 0. 0. 0. 0. 0. 1. 0. 1. 0. 1. 0. 0. 0.],4.0,10000,30,0.6,10,1,4,,problem_solving
2200,0.012903274960178276,0.0046736709901866,0.4,-11.938478004456321,[0.         0.         0.         0.         0.         0.02616911 0.         0.         0.         0.         0.         0.         0.         0.         0.         0.         0.         0.         0.         0.         0.         0.         0.         0.01349154 0.         0.94930005 0.         0.0110393  0.         0.         0.        ],[0. 0. 0. 0. 0. 1. 0. 0. 0. 0. 0. 0. 0. 0. 0. 0. 0. 0. 0. 0. 0. 0. 0. 1. 0. 1. 0. 1. 0. 0. 0.],4.0,10000,30,0.6,10,1,4,,problem_solving
2300,0.012903274960178276,0.0046736709901866,0.4,-1.367044371826938,[0.         0.         0.         0.         0.         0.02616911 0.         0.         0.         0.         0.         0.         0.         0.         0.         0.         0.         0.         0.         0.         0.         0.         0.         0.01349154 0.         0.94930005 0.         0.0110393  0.         0.         0.        ],[0. 0. 0. 0. 0. 1. 0. 0. 0. 0. 0. 0. 0. 0. 0. 0. 0. 0. 0. 0. 0. 0. 0. 1. 0. 1. 0. 1. 0. 0. 0.],4.0,10000,30,0.6,10,1,4,,problem_solving
2400,0.012903274960178276,0.0046736709901866,0.4,-2.8657636517188108,[0.         0.         0.         0.         0.         0.02616911 0.         0.         0.         0.         0.         0.         0.         0.         0.         0.         0.         0.         0.         0.         0.         0.         0.         0.01349154 0.         0.94930005 0.         0.0110393  0.         0.         0.        ],[0. 0. 0. 0. 0. 1. 0. 0. 0. 0. 0. 0. 0. 0. 0. 0. 0. 0. 0. 0. 0. 0. 0. 1. 0. 1. 0. 1. 0. 0. 0.],4.0,10000,30,0.6,10,1,4,,problem_solving
2500,0.012903274960178276,0.0046736709901866,0.4,-2.6248827944325366,[0.         0.         0.         0.         0.         0.02616911 0.         0.         0.         0.         0.         0.         0.         0.         0.         0.         0.         0.         0.         0.         0.         0.         0.         0.01349154 0.         0.94930005 0.         0.0110393  0.         0.         0.        ],[0. 0. 0. 0. 0. 1. 0. 0. 0. 0. 0. 0. 0. 0. 0. 0. 0. 0. 0. 0. 0. 0. 0. 1. 0. 1. 0. 1. 0. 0. 0.],4.0,10000,30,0.6,10,1,4,,problem_solving
2600,0.012903274960178276,0.0046736709901866,0.4,7.946129195516805,[0.         0.         0.         0.         0.         0.02616911 0.         0.         0.         0.         0.         0.         0.         0.         0.         0.         0.         0.         0.         0.         0.         0.         0.         0.01349154 0.         0.94930005 0.         0.0110393  0.         0.         0.        ],[0. 0. 0. 0. 0. 1. 0. 0. 0. 0. 0. 0. 0. 0. 0. 0. 0. 0. 0. 0. 0. 0. 0. 1. 0. 1. 0. 1. 0. 0. 0.],4.0,10000,30,0.6,10,1,4,,problem_solving
2700,0.012903274960178276,0.0046736709901866,0.4,-8.122070592202236,[0.         0.         0.         0.         0.         0.02616911 0.         0.         0.         0.         0.         0.         0.         0.         0.         0.         0.         0.         0.         0.         0.         0.         0.         0.01349154 0.         0.94930005 0.         0.0110393  0.         0.         0.        ],[0. 0. 0. 0. 0. 1. 0. 0. 0. 0. 0. 0. 0. 0. 0. 0. 0. 0. 0. 0. 0. 0. 0. 1. 0. 1. 0. 1. 0. 0. 0.],4.0,10000,30,0.6,10,1,4,,problem_solving
2800,0.012903274960178276,0.0046736709901866,0.4,0.2104373481450224,[0.         0.         0.         0.         0.         0.02616911 0.         0.         0.         0.         0.         0.         0.         0.         0.         0.         0.         0.         0.         0.         0.         0.         0.         0.01349154 0.         0.94930005 0.         0.0110393  0.         0.         0.        ],[0. 0. 0. 0. 0. 1. 0. 0. 0. 0. 0. 0. 0. 0. 0. 0. 0. 0. 0. 0. 0. 0. 0. 1. 0. 1. 0. 1. 0. 0. 0.],4.0,10000,30,0.6,10,1,4,,problem_solving
2900,0.012903274960178276,0.0046736709901866,0.4,3.5685445981766355,[0.         0.         0.         0.         0.         0.02616911 0.         0.         0.         0.         0.         0.         0.         0.         0.         0.         0.         0.         0.         0.         0.         0.         0.         0.01349154 0.         0.94930005 0.         0.0110393  0.         0.         0.        ],[0. 0. 0. 0. 0. 1. 0. 0. 0. 0. 0. 0. 0. 0. 0. 0. 0. 0. 0. 0. 0. 0. 0. 1. 0. 1. 0. 1. 0. 0. 0.],4.0,10000,30,0.6,10,1,4,,problem_solving
3000,0.012903274960178276,0.0046736709901866,0.4,3.6712031790977933,[0.         0.         0.         0.         0.         0.02616911 0.         0.         0.         0.         0.         0.         0.         0.         0.         0.         0.         0.         0.         0.         0.         0.         0.         0.01349154 0.         0.94930005 0.         0.0110393  0.         0.         0.        ],[0. 0. 0. 0. 0. 1. 0. 0. 0. 0. 0. 0. 0. 0. 0. 0. 0. 0. 0. 0. 0. 0. 0. 1. 0. 1. 0. 1. 0. 0. 0.],4.0,10000,30,0.6,10,1,4,,problem_solving
3100,0.012903274960178276,0.0046736709901866,0.4,10.553131950455455,[0.         0.         0.         0.         0.         0.02616911 0.         0.         0.         0.         0.         0.         0.         0.         0.         0.         0.         0.         0.         0.         0.         0.         0.         0.01349154 0.         0.94930005 0.         0.0110393  0.         0.         0.        ],[0. 0. 0. 0. 0. 1. 0. 0. 0. 0. 0. 0. 0. 0. 0. 0. 0. 0. 0. 0. 0. 0. 0. 1. 0. 1. 0. 1. 0. 0. 0.],4.0,10000,30,0.6,10,1,4,,problem_solving
3200,0.012903274960178276,0.0046736709901866,0.4,-2.4744210434956577,[0.         0.         0.         0.         0.         0.02616911 0.         0.         0.         0.         0.         0.         0.         0.         0.         0.         0.         0.         0.         0.         0.         0.         0.         0.01349154 0.         0.94930005 0.         0.0110393  0.         0.         0.        ],[0. 0. 0. 0. 0. 1. 0. 0. 0. 0. 0. 0. 0. 0. 0. 0. 0. 0. 0. 0. 0. 0. 0. 1. 0. 1. 0. 1. 0. 0. 0.],4.0,10000,30,0.6,10,1,4,,problem_solving
3300,0.012903274960178276,0.0046736709901866,0.4,5.433041271125766,[0.         0.         0.         0.         0.         0.02616911 0.         0.         0.         0.         0.         0.         0.         0.         0.         0.         0.         0.         0.         0.         0.         0.         0.         0.01349154 0.         0.94930005 0.         0.0110393  0.         0.         0.        ],[0. 0. 0. 0. 0. 1. 0. 0. 0. 0. 0. 0. 0. 0. 0. 0. 0. 0. 0. 0. 0. 0. 0. 1. 0. 1. 0. 1. 0. 0. 0.],4.0,10000,30,0.6,10,1,4,,problem_solving
3400,0.012903274960178276,0.0046736709901866,0.4,12.739484314019547,[0.         0.         0.         0.         0.         0.02616911 0.         0.         0.         0.         0.         0.         0.         0.         0.         0.         0.         0.         0.         0.         0.         0.         0.         0.01349154 0.         0.94930005 0.         0.0110393  0.         0.         0.        ],[0. 0. 0. 0. 0. 1. 0. 0. 0. 0. 0. 0. 0. 0. 0. 0. 0. 0. 0. 0. 0. 0. 0. 1. 0. 1. 0. 1. 0. 0. 0.],4.0,10000,30,0.6,10,1,4,,problem_solving
3500,0.012903274960178276,0.0046736709901866,0.4,7.997920970180036,[0.         0.         0.         0.         0.         0.02616911 0.         0.         0.         0.         0.         0.         0.         0.         0.         0.         0.         0.         0.         0.         0.         0.         0.         0.01349154 0.         0.94930005 0.         0.0110393  0.         0.         0.        ],[0. 0. 0. 0. 0. 1. 0. 0. 0. 0. 0. 0. 0. 0. 0. 0. 0. 0. 0. 0. 0. 0. 0. 1. 0. 1. 0. 1. 0. 0. 0.],4.0,10000,30,0.6,10,1,4,,problem_solving
3600,0.012903274960178276,0.0046736709901866,0.4,3.049571773805244,[0.         0.         0.         0.         0.         0.02616911 0.         0.         0.         0.         0.         0.         0.         0.         0.         0.         0.         0.         0.         0.         0.         0.         0.         0.01349154 0.         0.94930005 0.         0.0110393  0.         0.         0.        ],[0. 0. 0. 0. 0. 1. 0. 0. 0. 0. 0. 0. 0. 0. 0. 0. 0. 0. 0. 0. 0. 0. 0. 1. 0. 1. 0. 1. 0. 0. 0.],4.0,10000,30,0.6,10,1,4,,problem_solving
3700,0.012903274960178276,0.0046736709901866,0.4,-1.5145238736976674,[0.         0.         0.         0.         0.         0.02616911 0.         0.         0.         0.         0.         0.         0.         0.         0.         0.         0.         0.         0.         0.         0.         0.         0.         0.01349154 0.         0.94930005 0.         0.0110393  0.         0.         0.        ],[0. 0. 0. 0. 0. 1. 0. 0. 0. 0. 0. 0. 0. 0. 0. 0. 0. 0. 0. 0. 0. 0. 0. 1. 0. 1. 0. 1. 0. 0. 0.],4.0,10000,30,0.6,10,1,4,,problem_solving
3800,0.012903274960178276,0.0046736709901866,0.4,1.898778291564616,[0.         0.         0.         0.         0.         0.02616911 0.         0.         0.         0.         0.         0.         0.         0.         0.         0.         0.         0.         0.         0.         0.         0.         0.         0.01349154 0.         0.94930005 0.         0.0110393  0.         0.         0.        ],[0. 0. 0. 0. 0. 1. 0. 0. 0. 0. 0. 0. 0. 0. 0. 0. 0. 0. 0. 0. 0. 0. 0. 1. 0. 1. 0. 1. 0. 0. 0.],4.0,10000,30,0.6,10,1,4,,problem_solving
3900,0.012903274960178276,0.0046736709901866,0.4,3.150605859258808,[0.         0.         0.         0.         0.         0.02616911 0.         0.         0.         0.         0.         0.         0.         0.         0.         0.         0.         0.         0.         0.         0.         0.         0.         0.01349154 0.         0.94930005 0.         0.0110393  0.         0.         0.        ],[0. 0. 0. 0. 0. 1. 0. 0. 0. 0. 0. 0. 0. 0. 0. 0. 0. 0. 0. 0. 0. 0. 0. 1. 0. 1. 0. 1. 0. 0. 0.],4.0,10000,30,0.6,10,1,4,,problem_solving
4000,0.012903274960178276,0.0046736709901866,0.4,0.3040031806316815,[0.         0.         0.         0.         0.         0.02616911 0.         0.         0.         0.         0.         0.         0.         0.         0.         0.         0.         0.         0.         0.         0.         0.         0.         0.01349154 0.         0.94930005 0.         0.0110393  0.         0.         0.        ],[0. 0. 0. 0. 0. 1. 0. 0. 0. 0. 0. 0. 0. 0. 0. 0. 0. 0. 0. 0. 0. 0. 0. 1. 0. 1. 0. 1. 0. 0. 0.],4.0,10000,30,0.6,10,1,4,,problem_solving
4100,0.012903274960178276,0.0046736709901866,0.4,1.0677900803646196,[0.         0.         0.         0.         0.         0.02616911 0.         0.         0.         0.         0.         0.         0.         0.         0.         0.         0.         0.         0.         0.         0.         0.         0.         0.01349154 0.         0.94930005 0.         0.0110393  0.         0.         0.        ],[0. 0. 0. 0. 0. 1. 0. 0. 0. 0. 0. 0. 0. 0. 0. 0. 0. 0. 0. 0. 0. 0. 0. 1. 0. 1. 0. 1. 0. 0. 0.],4.0,10000,30,0.6,10,1,4,,problem_solving
4200,0.012903274960178276,0.0046736709901866,0.4,-1.209103373204005,[0.         0.         0.         0.         0.         0.02616911 0.         0.         0.         0.         0.         0.         0.         0.         0.         0.         0.         0.         0.         0.         0.         0.         0.         0.01349154 0.         0.94930005 0.         0.0110393  0.         0.         0.        ],[0. 0. 0. 0. 0. 1. 0. 0. 0. 0. 0. 0. 0. 0. 0. 0. 0. 0. 0. 0. 0. 0. 0. 1. 0. 1. 0. 1. 0. 0. 0.],4.0,10000,30,0.6,10,1,4,,problem_solving
4300,0.012903274960178276,0.0046736709901866,0.4,-15.800522474054874,[0.         0.         0.         0.         0.         0.02616911 0.         0.         0.         0.         0.         0.         0.         0.         0.         0.         0.         0.         0.         0.         0.         0.         0.         0.01349154 0.         0.94930005 0.         0.0110393  0.         0.         0.        ],[0. 0. 0. 0. 0. 1. 0. 0. 0. 0. 0. 0. 0. 0. 0. 0. 0. 0. 0. 0. 0. 0. 0. 1. 0. 1. 0. 1. 0. 0. 0.],4.0,10000,30,0.6,10,1,4,,problem_solving
4400,0.012903274960178276,0.0046736709901866,0.4,8.15785638919578,[0.         0.         0.         0.         0.         0.02616911 0.         0.         0.         0.         0.         0.         0.         0.         0.         0.         0.         0.         0.         0.         0.         0.         0.         0.01349154 0.         0.94930005 0.         0.0110393  0.         0.         0.        ],[0. 0. 0. 0. 0. 1. 0. 0. 0. 0. 0. 0. 0. 0. 0. 0. 0. 0. 0. 0. 0. 0. 0. 1. 0. 1. 0. 1. 0. 0. 0.],4.0,10000,30,0.6,10,1,4,,problem_solving
4500,0.012903274960178276,0.0046736709901866,0.4,2.0927333032718685,[0.         0.         0.         0.         0.         0.02616911 0.         0.         0.         0.         0.         0.         0.         0.         0.         0.         0.         0.         0.         0.         0.         0.         0.         0.01349154 0.         0.94930005 0.         0.0110393  0.         0.         0.        ],[0. 0. 0. 0. 0. 1. 0. 0. 0. 0. 0. 0. 0. 0. 0. 0. 0. 0. 0. 0. 0. 0. 0. 1. 0. 1. 0. 1. 0. 0. 0.],4.0,10000,30,0.6,10,1,4,,problem_solving
4600,0.012903274960178276,0.0046736709901866,0.4,4.9539843221287745,[0.         0.         0.         0.         0.         0.02616911 0.         0.         0.         0.         0.         0.         0.         0.         0.         0.         0.         0.         0.         0.         0.         0.         0.         0.01349154 0.         0.94930005 0.         0.0110393  0.         0.         0.        ],[0. 0. 0. 0. 0. 1. 0. 0. 0. 0. 0. 0. 0. 0. 0. 0. 0. 0. 0. 0. 0. 0. 0. 1. 0. 1. 0. 1. 0. 0. 0.],4.0,10000,30,0.6,10,1,4,,problem_solving
4700,0.012903274960178276,0.0046736709901866,0.4,19.272176284748358,[0.         0.         0.         0.         0.         0.02616911 0.         0.         0.         0.         0.         0.         0.         0.         0.         0.         0.         0.         0.         0.         0.         0.         0.         0.01349154 0.         0.94930005 0.         0.0110393  0.         0.         0.        ],[0. 0. 0. 0. 0. 1. 0. 0. 0. 0. 0. 0. 0. 0. 0. 0. 0. 0. 0. 0. 0. 0. 0. 1. 0. 1. 0. 1. 0. 0. 0.],4.0,10000,30,0.6,10,1,4,,problem_solving
4800,0.012903274960178276,0.0046736709901866,0.4,2.16680278695395,[0.         0.         0.         0.         0.         0.02616911 0.         0.         0.         0.         0.         0.         0.         0.         0.         0.         0.         0.         0.         0.         0.         0.         0.         0.01349154 0.         0.94930005 0.         0.0110393  0.         0.         0.        ],[0. 0. 0. 0. 0. 1. 0. 0. 0. 0. 0. 0. 0. 0. 0. 0. 0. 0. 0. 0. 0. 0. 0. 1. 0. 1. 0. 1. 0. 0. 0.],4.0,10000,30,0.6,10,1,4,,problem_solving
4900,0.012903274960178276,0.0046736709901866,0.4,-1.5502211608045173,[0.         0.         0.         0.         0.         0.02616911 0.         0.         0.         0.         0.         0.         0.         0.         0.         0.         0.         0.         0.         0.         0.         0.         0.         0.01349154 0.         0.94930005 0.         0.0110393  0.         0.         0.        ],[0. 0. 0. 0. 0. 1. 0. 0. 0. 0. 0. 0. 0. 0. 0. 0. 0. 0. 0. 0. 0. 0. 0. 1. 0. 1. 0. 1. 0. 0. 0.],4.0,10000,30,0.6,10,1,4,,problem_solving
5000,0.012903274960178276,0.0046736709901866,0.4,-3.1620831184469163,[0.         0.         0.         0.         0.         0.02616911 0.         0.         0.         0.         0.         0.         0.         0.         0.         0.         0.         0.         0.         0.         0.         0.         0.         0.01349154 0.         0.94930005 0.         0.0110393  0.         0.         0.        ],[0. 0. 0. 0. 0. 1. 0. 0. 0. 0. 0. 0. 0. 0. 0. 0. 0. 0. 0. 0. 0. 0. 0. 1. 0. 1. 0. 1. 0. 0. 0.],4.0,10000,30,0.6,10,1,4,,problem_solving
5100,0.012903274960178276,0.0046736709901866,0.4,6.441412264698086,[0.         0.         0.         0.         0.         0.02616911 0.         0.         0.         0.         0.         0.         0.         0.         0.         0.         0.         0.         0.         0.         0.         0.         0.         0.01349154 0.         0.94930005 0.         0.0110393  0.         0.         0.        ],[0. 0. 0. 0. 0. 1. 0. 0. 0. 0. 0. 0. 0. 0. 0. 0. 0. 0. 0. 0. 0. 0. 0. 1. 0. 1. 0. 1. 0. 0. 0.],4.0,10000,30,0.6,10,1,4,,problem_solving
5200,0.012903274960178276,0.0046736709901866,0.4,11.697644209479268,[0.         0.         0.         0.         0.         0.02616911 0.         0.         0.         0.         0.         0.         0.         0.         0.         0.         0.         0.         0.         0.         0.         0.         0.         0.01349154 0.         0.94930005 0.         0.0110393  0.         0.         0.        ],[0. 0. 0. 0. 0. 1. 0. 0. 0. 0. 0. 0. 0. 0. 0. 0. 0. 0. 0. 0. 0. 0. 0. 1. 0. 1. 0. 1. 0. 0. 0.],4.0,10000,30,0.6,10,1,4,,problem_solving
5300,0.012903274960178276,0.0046736709901866,0.4,10.77888368872557,[0.         0.         0.         0.         0.         0.02616911 0.         0.         0.         0.         0.         0.         0.         0.         0.         0.         0.         0.         0.         0.         0.         0.         0.         0.01349154 0.         0.94930005 0.         0.0110393  0.         0.         0.        ],[0. 0. 0. 0. 0. 1. 0. 0. 0. 0. 0. 0. 0. 0. 0. 0. 0. 0. 0. 0. 0. 0. 0. 1. 0. 1. 0. 1. 0. 0. 0.],4.0,10000,30,0.6,10,1,4,,problem_solving
5400,0.012903274960178276,0.0046736709901866,0.4,-2.8650983737400133,[0.         0.         0.         0.         0.         0.02616911 0.         0.         0.         0.         0.         0.         0.         0.         0.         0.         0.         0.         0.         0.         0.         0.         0.         0.01349154 0.         0.94930005 0.         0.0110393  0.         0.         0.        ],[0. 0. 0. 0. 0. 1. 0. 0. 0. 0. 0. 0. 0. 0. 0. 0. 0. 0. 0. 0. 0. 0. 0. 1. 0. 1. 0. 1. 0. 0. 0.],4.0,10000,30,0.6,10,1,4,,problem_solving
5500,0.012903274960178276,0.0046736709901866,0.4,0.9549316591099357,[0.         0.         0.         0.         0.         0.02616911 0.         0.         0.         0.         0.         0.         0.         0.         0.         0.         0.         0.         0.         0.         0.         0.         0.         0.01349154 0.         0.94930005 0.         0.0110393  0.         0.         0.        ],[0. 0. 0. 0. 0. 1. 0. 0. 0. 0. 0. 0. 0. 0. 0. 0. 0. 0. 0. 0. 0. 0. 0. 1. 0. 1. 0. 1. 0. 0. 0.],4.0,10000,30,0.6,10,1,4,,problem_solving
5600,0.012903274960178276,0.0046736709901866,0.4,8.734105967990493,[0.         0.         0.         0.         0.         0.02616911 0.         0.         0.         0.         0.         0.         0.         0.         0.         0.         0.         0.         0.         0.         0.         0.         0.         0.01349154 0.         0.94930005 0.         0.0110393  0.         0.         0.        ],[0. 0. 0. 0. 0. 1. 0. 0. 0. 0. 0. 0. 0. 0. 0. 0. 0. 0. 0. 0. 0. 0. 0. 1. 0. 1. 0. 1. 0. 0. 0.],4.0,10000,30,0.6,10,1,4,,problem_solving
5700,0.012903274960178276,0.0046736709901866,0.4,-3.9867555145864757,[0.         0.         0.         0.         0.         0.02616911 0.         0.         0.         0.         0.         0.         0.         0.         0.         0.         0.         0.         0.         0.         0.         0.         0.         0.01349154 0.         0.94930005 0.         0.0110393  0.         0.         0.        ],[0. 0. 0. 0. 0. 1. 0. 0. 0. 0. 0. 0. 0. 0. 0. 0. 0. 0. 0. 0. 0. 0. 0. 1. 0. 1. 0. 1. 0. 0. 0.],4.0,10000,30,0.6,10,1,4,,problem_solving
5800,0.012903274960178276,0.0046736709901866,0.4,8.460979205987107,[0.         0.         0.         0.         0.         0.02616911 0.         0.         0.         0.         0.         0.         0.         0.         0.         0.         0.         0.         0.         0.         0.         0.         0.         0.01349154 0.         0.94930005 0.         0.0110393  0.         0.         0.        ],[0. 0. 0. 0. 0. 1. 0. 0. 0. 0. 0. 0. 0. 0. 0. 0. 0. 0. 0. 0. 0. 0. 0. 1. 0. 1. 0. 1. 0. 0. 0.],4.0,10000,30,0.6,10,1,4,,problem_solving
5900,0.012903274960178276,0.0046736709901866,0.4,-10.591564557947702,[0.         0.         0.         0.         0.         0.02616911 0.         0.         0.         0.         0.         0.         0.         0.         0.         0.         0.         0.         0.         0.         0.         0.         0.         0.01349154 0.         0.94930005 0.         0.0110393  0.         0.         0.        ],[0. 0. 0. 0. 0. 1. 0. 0. 0. 0. 0. 0. 0. 0. 0. 0. 0. 0. 0. 0. 0. 0. 0. 1. 0. 1. 0. 1. 0. 0. 0.],4.0,10000,30,0.6,10,1,4,,problem_solving
6000,0.012903274960178276,0.0046736709901866,0.4,6.946259134907635,[0.         0.         0.         0.         0.         0.02616911 0.         0.         0.         0.         0.         0.         0.         0.         0.         0.         0.         0.         0.         0.         0.         0.         0.         0.01349154 0.         0.94930005 0.         0.0110393  0.         0.         0.        ],[0. 0. 0. 0. 0. 1. 0. 0. 0. 0. 0. 0. 0. 0. 0. 0. 0. 0. 0. 0. 0. 0. 0. 1. 0. 1. 0. 1. 0. 0. 0.],4.0,10000,30,0.6,10,1,4,,problem_solving
6100,0.012903274960178276,0.0046736709901866,0.4,-1.024380227164179,[0.         0.         0.         0.         0.         0.02616911 0.         0.         0.         0.         0.         0.         0.         0.         0.         0.         0.         0.         0.         0.         0.         0.         0.         0.01349154 0.         0.94930005 0.         0.0110393  0.         0.         0.        ],[0. 0. 0. 0. 0. 1. 0. 0. 0. 0. 0. 0. 0. 0. 0. 0. 0. 0. 0. 0. 0. 0. 0. 1. 0. 1. 0. 1. 0. 0. 0.],4.0,10000,30,0.6,10,1,4,,problem_solving
6200,0.012903274960178276,0.0046736709901866,0.4,4.8190741781159865,[0.         0.         0.         0.         0.         0.02616911 0.         0.         0.         0.         0.         0.         0.         0.         0.         0.         0.         0.         0.         0.         0.         0.         0.         0.01349154 0.         0.94930005 0.         0.0110393  0.         0.         0.        ],[0. 0. 0. 0. 0. 1. 0. 0. 0. 0. 0. 0. 0. 0. 0. 0. 0. 0. 0. 0. 0. 0. 0. 1. 0. 1. 0. 1. 0. 0. 0.],4.0,10000,30,0.6,10,1,4,,problem_solving
6300,0.012903274960178276,0.0046736709901866,0.4,3.39705541848814,[0.         0.         0.         0.         0.         0.02616911 0.         0.         0.         0.         0.         0.         0.         0.         0.         0.         0.         0.         0.         0.         0.         0.         0.         0.01349154 0.         0.94930005 0.         0.0110393  0.         0.         0.        ],[0. 0. 0. 0. 0. 1. 0. 0. 0. 0. 0. 0. 0. 0. 0. 0. 0. 0. 0. 0. 0. 0. 0. 1. 0. 1. 0. 1. 0. 0. 0.],4.0,10000,30,0.6,10,1,4,,problem_solving
6400,0.012903274960178276,0.0046736709901866,0.4,-3.552920834999904,[0.         0.         0.         0.         0.         0.02616911 0.         0.         0.         0.         0.         0.         0.         0.         0.         0.         0.         0.         0.         0.         0.         0.         0.         0.01349154 0.         0.94930005 0.         0.0110393  0.         0.         0.        ],[0. 0. 0. 0. 0. 1. 0. 0. 0. 0. 0. 0. 0. 0. 0. 0. 0. 0. 0. 0. 0. 0. 0. 1. 0. 1. 0. 1. 0. 0. 0.],4.0,10000,30,0.6,10,1,4,,problem_solving
6500,0.012903274960178276,0.0046736709901866,0.4,7.824942856399856,[0.         0.         0.         0.         0.         0.02616911 0.         0.         0.         0.         0.         0.         0.         0.         0.         0.         0.         0.         0.         0.         0.         0.         0.         0.01349154 0.         0.94930005 0.         0.0110393  0.         0.         0.        ],[0. 0. 0. 0. 0. 1. 0. 0. 0. 0. 0. 0. 0. 0. 0. 0. 0. 0. 0. 0. 0. 0. 0. 1. 0. 1. 0. 1. 0. 0. 0.],4.0,10000,30,0.6,10,1,4,,problem_solving
6600,0.012903274960178276,0.0046736709901866,0.4,-1.1438654077605188,[0.         0.         0.         0.         0.         0.02616911 0.         0.         0.         0.         0.         0.         0.         0.         0.         0.         0.         0.         0.         0.         0.         0.         0.         0.01349154 0.         0.94930005 0.         0.0110393  0.         0.         0.        ],[0. 0. 0. 0. 0. 1. 0. 0. 0. 0. 0. 0. 0. 0. 0. 0. 0. 0. 0. 0. 0. 0. 0. 1. 0. 1. 0. 1. 0. 0. 0.],4.0,10000,30,0.6,10,1,4,,problem_solving
6700,0.012186207617556162,0.0025240905001938617,0.4,-8.020346691763498,[0.         0.         0.         0.         0.0125926  0.         0.         0.01137396 0.         0.         0.         0.         0.02278225 0.         0.         0.         0.         0.         0.         0.         0.         0.         0.         0.         0.         0.         0.         0.95325119 0.         0.         0.        ],[0. 0. 0. 0. 1. 0. 0. 1. 0. 0. 0. 0. 1. 0. 0. 0. 0. 0. 0. 0. 0. 0. 0. 0. 0. 0. 0. 1. 0. 0. 0.],4.0,10000,30,0.6,10,1,4,,problem_solving
6800,0.012186207617556162,0.0025240905001938617,0.4,6.059805347809103,[0.         0.         0.         0.         0.0125926  0.         0.         0.01137396 0.         0.         0.         0.         0.02278225 0.         0.         0.         0.         0.         0.         0.         0.         0.         0.         0.         0.         0.         0.         0.95325119 0.         0.         0.        ],[0. 0. 0. 0. 1. 0. 0. 1. 0. 0. 0. 0. 1. 0. 0. 0. 0. 0. 0. 0. 0. 0. 0. 0. 0. 0. 0. 1. 0. 0. 0.],4.0,10000,30,0.6,10,1,4,,problem_solving
6900,0.012186207617556162,0.0025240905001938617,0.4,-3.2034896316745876,[0.         0.         0.         0.         0.0125926  0.         0.         0.01137396 0.         0.         0.         0.         0.02278225 0.         0.         0.         0.         0.         0.         0.         0.         0.         0.         0.         0.         0.         0.         0.95325119 0.         0.         0.        ],[0. 0. 0. 0. 1. 0. 0. 1. 0. 0. 0. 0. 1. 0. 0. 0. 0. 0. 0. 0. 0. 0. 0. 0. 0. 0. 0. 1. 0. 0. 0.],4.0,10000,30,0.6,10,1,4,,problem_solving
7000,0.012186207617556162,0.0025240905001938617,0.4,2.7852702284705337,[0.         0.         0.         0.         0.0125926  0.         0.         0.01137396 0.         0.         0.         0.         0.02278225 0.         0.         0.         0.         0.         0.         0.         0.         0.         0.         0.         0.         0.         0.         0.95325119 0.         0.         0.        ],[0. 0. 0. 0. 1. 0. 0. 1. 0. 0. 0. 0. 1. 0. 0. 0. 0. 0. 0. 0. 0. 0. 0. 0. 0. 0. 0. 1. 0. 0. 0.],4.0,10000,30,0.6,10,1,4,,problem_solving
7100,0.012186207617556162,0.0025240905001938617,0.4,-13.293071548654897,[0.         0.         0.         0.         0.0125926  0.         0.         0.01137396 0.         0.         0.         0.         0.02278225 0.         0.         0.         0.         0.         0.         0.         0.         0.         0.         0.         0.         0.         0.         0.95325119 0.         0.         0.        ],[0. 0. 0. 0. 1. 0. 0. 1. 0. 0. 0. 0. 1. 0. 0. 0. 0. 0. 0. 0. 0. 0. 0. 0. 0. 0. 0. 1. 0. 0. 0.],4.0,10000,30,0.6,10,1,4,,problem_solving
7200,0.012186207617556162,0.0025240905001938617,0.4,20.331138375880403,[0.         0.         0.         0.         0.0125926  0.         0.         0.01137396 0.         0.         0.         0.         0.02278225 0.         0.         0.         0.         0.         0.         0.         0.         0.         0.         0.         0.         0.         0.         0.95325119 0.         0.         0.        ],[0. 0. 0. 0. 1. 0. 0. 1. 0. 0. 0. 0. 1. 0. 0. 0. 0. 0. 0. 0. 0. 0. 0. 0. 0. 0. 0. 1. 0. 0. 0.],4.0,10000,30,0.6,10,1,4,,problem_solving
7300,0.012186207617556162,0.0025240905001938617,0.4,-9.469771715447079,[0.         0.         0.         0.         0.0125926  0.         0.         0.01137396 0.         0.         0.         0.         0.02278225 0.         0.         0.         0.         0.         0.         0.         0.         0.         0.         0.         0.         0.         0.         0.95325119 0.         0.         0.        ],[0. 0. 0. 0. 1. 0. 0. 1. 0. 0. 0. 0. 1. 0. 0. 0. 0. 0. 0. 0. 0. 0. 0. 0. 0. 0. 0. 1. 0. 0. 0.],4.0,10000,30,0.6,10,1,4,,problem_solving
7400,0.012186207617556162,0.0025240905001938617,0.4,5.8096821700115,[0.         0.         0.         0.         0.0125926  0.         0.         0.01137396 0.         0.         0.         0.         0.02278225 0.         0.         0.         0.         0.         0.         0.         0.         0.         0.         0.         0.         0.         0.         0.95325119 0.         0.         0.        ],[0. 0. 0. 0. 1. 0. 0. 1. 0. 0. 0. 0. 1. 0. 0. 0. 0. 0. 0. 0. 0. 0. 0. 0. 0. 0. 0. 1. 0. 0. 0.],4.0,10000,30,0.6,10,1,4,,problem_solving
7500,0.012186207617556162,0.0025240905001938617,0.4,-15.329496925316121,[0.         0.         0.         0.         0.0125926  0.         0.         0.01137396 0.         0.         0.         0.         0.02278225 0.         0.         0.         0.         0.         0.         0.         0.         0.         0.         0.         0.         0.         0.         0.95325119 0.         0.         0.        ],[0. 0. 0. 0. 1. 0. 0. 1. 0. 0. 0. 0. 1. 0. 0. 0. 0. 0. 0. 0. 0. 0. 0. 0. 0. 0. 0. 1. 0. 0. 0.],4.0,10000,30,0.6,10,1,4,,problem_solving
7600,0.012186207617556162,0.0025240905001938617,0.4,19.003369438680302,[0.         0.         0.         0.         0.0125926  0.         0.         0.01137396 0.         0.         0.         0.         0.02278225 0.         0.         0.         0.         0.         0.         0.         0.         0.         0.         0.         0.         0.         0.         0.95325119 0.         0.         0.        ],[0. 0. 0. 0. 1. 0. 0. 1. 0. 0. 0. 0. 1. 0. 0. 0. 0. 0. 0. 0. 0. 0. 0. 0. 0. 0. 0. 1. 0. 0. 0.],4.0,10000,30,0.6,10,1,4,,problem_solving
7700,0.012186207617556162,0.0025240905001938617,0.4,-7.256834882246173,[0.         0.         0.         0.         0.0125926  0.         0.         0.01137396 0.         0.         0.         0.         0.02278225 0.         0.         0.         0.         0.         0.         0.         0.         0.         0.         0.         0.         0.         0.         0.95325119 0.         0.         0.        ],[0. 0. 0. 0. 1. 0. 0. 1. 0. 0. 0. 0. 1. 0. 0. 0. 0. 0. 0. 0. 0. 0. 0. 0. 0. 0. 0. 1. 0. 0. 0.],4.0,10000,30,0.6,10,1,4,,problem_solving
7800,0.012186207617556162,0.0025240905001938617,0.4,20.656698463293225,[0.         0.         0.         0.         0.0125926  0.         0.         0.01137396 0.         0.         0.         0.         0.02278225 0.         0.         0.         0.         0.         0.         0.         0.         0.         0.         0.         0.         0.         0.         0.95325119 0.         0.         0.        ],[0. 0. 0. 0. 1. 0. 0. 1. 0. 0. 0. 0. 1. 0. 0. 0. 0. 0. 0. 0. 0. 0. 0. 0. 0. 0. 0. 1. 0. 0. 0.],4.0,10000,30,0.6,10,1,4,,problem_solving
7900,0.012186207617556162,0.0025240905001938617,0.4,14.70034525286001,[0.         0.         0.         0.         0.0125926  0.         0.         0.01137396 0.         0.         0.         0.         0.02278225 0.         0.         0.         0.         0.         0.         0.         0.         0.         0.         0.         0.         0.         0.         0.95325119 0.         0.         0.        ],[0. 0. 0. 0. 1. 0. 0. 1. 0. 0. 0. 0. 1. 0. 0. 0. 0. 0. 0. 0. 0. 0. 0. 0. 0. 0. 0. 1. 0. 0. 0.],4.0,10000,30,0.6,10,1,4,,problem_solving
8000,0.012186207617556162,0.0025240905001938617,0.4,-6.563908591456066,[0.         0.         0.         0.         0.0125926  0.         0.         0.01137396 0.         0.         0.         0.         0.02278225 0.         0.         0.         0.         0.         0.         0.         0.         0.         0.         0.         0.         0.         0.         0.95325119 0.         0.         0.        ],[0. 0. 0. 0. 1. 0. 0. 1. 0. 0. 0. 0. 1. 0. 0. 0. 0. 0. 0. 0. 0. 0. 0. 0. 0. 0. 0. 1. 0. 0. 0.],4.0,10000,30,0.6,10,1,4,,problem_solving
8100,0.012186207617556162,0.0025240905001938617,0.4,0.9403304606541587,[0.         0.         0.         0.         0.0125926  0.         0.         0.01137396 0.         0.         0.         0.         0.02278225 0.         0.         0.         0.         0.         0.         0.         0.         0.         0.         0.         0.         0.         0.         0.95325119 0.         0.         0.        ],[0. 0. 0. 0. 1. 0. 0. 1. 0. 0. 0. 0. 1. 0. 0. 0. 0. 0. 0. 0. 0. 0. 0. 0. 0. 0. 0. 1. 0. 0. 0.],4.0,10000,30,0.6,10,1,4,,problem_solving
8200,0.012032831038703961,0.004778315344250906,0.4,-5.297328681836956,[0.         0.         0.         0.         0.         0.         0.         0.         0.01440563 0.         0.         0.         0.01735374 0.         0.         0.         0.         0.         0.         0.         0.         0.         0.         0.         0.         0.95293384 0.         0.         0.         0.01530679 0.        ],[0. 0. 0. 0. 0. 0. 0. 0. 1. 0. 0. 0. 1. 0. 0. 0. 0. 0. 0. 0. 0. 0. 0. 0. 0. 1. 0. 0. 0. 1. 0.],4.0,10000,30,0.6,10,1,4,,problem_solving
8300,0.012032831038703961,0.004778315344250906,0.4,-2.115958718107284,[0.         0.         0.         0.         0.         0.         0.         0.         0.01440563 0.         0.         0.         0.01735374 0.         0.         0.         0.         0.         0.         0.         0.         0.         0.         0.         0.         0.95293384 0.         0.         0.         0.01530679 0.        ],[0. 0. 0. 0. 0. 0. 0. 0. 1. 0. 0. 0. 1. 0. 0. 0. 0. 0. 0. 0. 0. 0. 0. 0. 0. 1. 0. 0. 0. 1. 0.],4.0,10000,30,0.6,10,1,4,,problem_solving
8400,0.012032831038703961,0.004778315344250906,0.4,0.8870779952626622,[0.         0.         0.         0.         0.         0.         0.         0.         0.01440563 0.         0.         0.         0.01735374 0.         0.         0.         0.         0.         0.         0.         0.         0.         0.         0.         0.         0.95293384 0.         0.         0.         0.01530679 0.        ],[0. 0. 0. 0. 0. 0. 0. 0. 1. 0. 0. 0. 1. 0. 0. 0. 0. 0. 0. 0. 0. 0. 0. 0. 0. 1. 0. 0. 0. 1. 0.],4.0,10000,30,0.6,10,1,4,,problem_solving
8500,0.012032831038703961,0.004778315344250906,0.4,5.049792289279377,[0.         0.         0.         0.         0.         0.         0.         0.         0.01440563 0.         0.         0.         0.01735374 0.         0.         0.         0.         0.         0.         0.         0.         0.         0.         0.         0.         0.95293384 0.         0.         0.         0.01530679 0.        ],[0. 0. 0. 0. 0. 0. 0. 0. 1. 0. 0. 0. 1. 0. 0. 0. 0. 0. 0. 0. 0. 0. 0. 0. 0. 1. 0. 0. 0. 1. 0.],4.0,10000,30,0.6,10,1,4,,problem_solving
8600,0.012032831038703961,0.004778315344250906,0.4,-16.045296308298163,[0.         0.         0.         0.         0.         0.         0.         0.         0.01440563 0.         0.         0.         0.01735374 0.         0.         0.         0.         0.         0.         0.         0.         0.         0.         0.         0.         0.95293384 0.         0.         0.         0.01530679 0.        ],[0. 0. 0. 0. 0. 0. 0. 0. 1. 0. 0. 0. 1. 0. 0. 0. 0. 0. 0. 0. 0. 0. 0. 0. 0. 1. 0. 0. 0. 1. 0.],4.0,10000,30,0.6,10,1,4,,problem_solving
8700,0.012032831038703961,0.004778315344250906,0.4,-8.762775173393592,[0.         0.         0.         0.         0.         0.         0.         0.         0.01440563 0.         0.         0.         0.01735374 0.         0.         0.         0.         0.         0.         0.         0.         0.         0.         0.         0.         0.95293384 0.         0.         0.         0.01530679 0.        ],[0. 0. 0. 0. 0. 0. 0. 0. 1. 0. 0. 0. 1. 0. 0. 0. 0. 0. 0. 0. 0. 0. 0. 0. 0. 1. 0. 0. 0. 1. 0.],4.0,10000,30,0.6,10,1,4,,problem_solving
8800,0.012032831038703961,0.004778315344250906,0.4,8.02474144079086,[0.         0.         0.         0.         0.         0.         0.         0.         0.01440563 0.         0.         0.         0.01735374 0.         0.         0.         0.         0.         0.         0.         0.         0.         0.         0.         0.         0.95293384 0.         0.         0.         0.01530679 0.        ],[0. 0. 0. 0. 0. 0. 0. 0. 1. 0. 0. 0. 1. 0. 0. 0. 0. 0. 0. 0. 0. 0. 0. 0. 0. 1. 0. 0. 0. 1. 0.],4.0,10000,30,0.6,10,1,4,,problem_solving
8900,0.012032831038703961,0.004778315344250906,0.4,3.233295340259201,[0.         0.         0.         0.         0.         0.         0.         0.         0.01440563 0.         0.         0.         0.01735374 0.         0.         0.         0.         0.         0.         0.         0.         0.         0.         0.         0.         0.95293384 0.         0.         0.         0.01530679 0.        ],[0. 0. 0. 0. 0. 0. 0. 0. 1. 0. 0. 0. 1. 0. 0. 0. 0. 0. 0. 0. 0. 0. 0. 0. 0. 1. 0. 0. 0. 1. 0.],4.0,10000,30,0.6,10,1,4,,problem_solving
9000,0.012032831038703961,0.004778315344250906,0.4,-2.600388473703123,[0.         0.         0.         0.         0.         0.         0.         0.         0.01440563 0.         0.         0.         0.01735374 0.         0.         0.         0.         0.         0.         0.         0.         0.         0.         0.         0.         0.95293384 0.         0.         0.         0.01530679 0.        ],[0. 0. 0. 0. 0. 0. 0. 0. 1. 0. 0. 0. 1. 0. 0. 0. 0. 0. 0. 0. 0. 0. 0. 0. 0. 1. 0. 0. 0. 1. 0.],4.0,10000,30,0.6,10,1,4,,problem_solving
9100,0.012032831038703961,0.004778315344250906,0.4,-2.3777434112451004,[0.         0.         0.         0.         0.         0.         0.         0.         0.01440563 0.         0.         0.         0.01735374 0.         0.         0.         0.         0.         0.         0.         0.         0.         0.         0.         0.         0.95293384 0.         0.         0.         0.01530679 0.        ],[0. 0. 0. 0. 0. 0. 0. 0. 1. 0. 0. 0. 1. 0. 0. 0. 0. 0. 0. 0. 0. 0. 0. 0. 0. 1. 0. 0. 0. 1. 0.],4.0,10000,30,0.6,10,1,4,,problem_solving
9200,0.012032831038703961,0.004778315344250906,0.4,-30.40992496867243,[0.         0.         0.         0.         0.         0.         0.         0.         0.01440563 0.         0.         0.         0.01735374 0.         0.         0.         0.         0.         0.         0.         0.         0.         0.         0.         0.         0.95293384 0.         0.         0.         0.01530679 0.        ],[0. 0. 0. 0. 0. 0. 0. 0. 1. 0. 0. 0. 1. 0. 0. 0. 0. 0. 0. 0. 0. 0. 0. 0. 0. 1. 0. 0. 0. 1. 0.],4.0,10000,30,0.6,10,1,4,,problem_solving
9300,0.012032831038703961,0.004778315344250906,0.4,-9.961542100723783,[0.         0.         0.         0.         0.         0.         0.         0.         0.01440563 0.         0.         0.         0.01735374 0.         0.         0.         0.         0.         0.         0.         0.         0.         0.         0.         0.         0.95293384 0.         0.         0.         0.01530679 0.        ],[0. 0. 0. 0. 0. 0. 0. 0. 1. 0. 0. 0. 1. 0. 0. 0. 0. 0. 0. 0. 0. 0. 0. 0. 0. 1. 0. 0. 0. 1. 0.],4.0,10000,30,0.6,10,1,4,,problem_solving
9400,0.012032831038703961,0.004778315344250906,0.4,-2.7980091488305865,[0.         0.         0.         0.         0.         0.         0.         0.         0.01440563 0.         0.         0.         0.01735374 0.         0.         0.         0.         0.         0.         0.         0.         0.         0.         0.         0.         0.95293384 0.         0.         0.         0.01530679 0.        ],[0. 0. 0. 0. 0. 0. 0. 0. 1. 0. 0. 0. 1. 0. 0. 0. 0. 0. 0. 0. 0. 0. 0. 0. 0. 1. 0. 0. 0. 1. 0.],4.0,10000,30,0.6,10,1,4,,problem_solving
9500,0.012032831038703961,0.004778315344250906,0.4,10.063520570439747,[0.         0.         0.         0.         0.         0.         0.         0.         0.01440563 0.         0.         0.         0.01735374 0.         0.         0.         0.         0.         0.         0.         0.         0.         0.         0.         0.         0.95293384 0.         0.         0.         0.01530679 0.        ],[0. 0. 0. 0. 0. 0. 0. 0. 1. 0. 0. 0. 1. 0. 0. 0. 0. 0. 0. 0. 0. 0. 0. 0. 0. 1. 0. 0. 0. 1. 0.],4.0,10000,30,0.6,10,1,4,,problem_solving
9600,0.012032831038703961,0.004778315344250906,0.4,-8.043359130403335,[0.         0.         0.         0.         0.         0.         0.         0.         0.01440563 0.         0.         0.         0.01735374 0.         0.         0.         0.         0.         0.         0.         0.         0.         0.         0.         0.         0.95293384 0.         0.         0.         0.01530679 0.        ],[0. 0. 0. 0. 0. 0. 0. 0. 1. 0. 0. 0. 1. 0. 0. 0. 0. 0. 0. 0. 0. 0. 0. 0. 0. 1. 0. 0. 0. 1. 0.],4.0,10000,30,0.6,10,1,4,,problem_solving
9700,0.012032831038703961,0.004778315344250906,0.4,18.025440621868395,[0.         0.         0.         0.         0.         0.         0.         0.         0.01440563 0.         0.         0.         0.01735374 0.         0.         0.         0.         0.         0.         0.         0.         0.         0.         0.         0.         0.95293384 0.         0.         0.         0.01530679 0.        ],[0. 0. 0. 0. 0. 0. 0. 0. 1. 0. 0. 0. 1. 0. 0. 0. 0. 0. 0. 0. 0. 0. 0. 0. 0. 1. 0. 0. 0. 1. 0.],4.0,10000,30,0.6,10,1,4,,problem_solving
9800,0.012032831038703961,0.004778315344250906,0.4,13.528666940974466,[0.         0.         0.         0.         0.         0.         0.         0.         0.01440563 0.         0.         0.         0.01735374 0.         0.         0.         0.         0.         0.         0.         0.         0.         0.         0.         0.         0.95293384 0.         0.         0.         0.01530679 0.        ],[0. 0. 0. 0. 0. 0. 0. 0. 1. 0. 0. 0. 1. 0. 0. 0. 0. 0. 0. 0. 0. 0. 0. 0. 0. 1. 0. 0. 0. 1. 0.],4.0,10000,30,0.6,10,1,4,,problem_solving
9900,0.012032831038703961,0.004778315344250906,0.4,-10.668237877125799,[0.         0.         0.         0.         0.         0.         0.         0.         0.01440563 0.         0.         0.         0.01735374 0.         0.         0.         0.         0.         0.         0.         0.         0.         0.         0.         0.         0.95293384 0.         0.         0.         0.01530679 0.        ],[0. 0. 0. 0. 0. 0. 0. 0. 1. 0. 0. 0. 1. 0. 0. 0. 0. 0. 0. 0. 0. 0. 0. 0. 0. 1. 0. 0. 0. 1. 0.],4.0,10000,30,0.6,10,1,4,,problem_solving
9999,0.012032831038703961,0.004778315344250906,0.4,-7.0351744723352585,[0.         0.         0.         0.         0.         0.         0.         0.         0.01440563 0.         0.         0.         0.01735374 0.         0.         0.         0.         0.         0.         0.         0.         0.         0.         0.         0.         0.95293384 0.         0.         0.         0.01530679 0.        ],[0. 0. 0. 0. 0. 0. 0. 0. 1. 0. 0. 0. 1. 0. 0. 0. 0. 0. 0. 0. 0. 0. 0. 0. 0. 1. 0. 0. 0. 1. 0.],4.0,10000,30,0.6,10,1,4,,problem_solving
