iter,cost,return,par,move,X,Z,Q,max_iter,mem_size,mem_consider,sigma,port_n,k,seed,tag
1,0.08034650844070285,0.005334610512263967,0.4,-9.590107718706186,[0.         0.         0.         0.         0.         0.01258923 0.         0.         0.01353275 0.         0.         0.01449489 0.         0.         0.         0.01842771 0.         0.01522386 0.01525936 0.         0.         0.01824129 0.01837105 0.         0.         0.86319345 0.         0.01066641 0.         0.         0.        ],[0. 0. 0. 0. 0. 1. 0. 0. 1. 0. 0. 1. 0. 0. 0. 1. 0. 1. 1. 0. 0. 1. 1. 0. 0. 1. 0. 1. 0. 0. 0.],10.0,10000,30,0.6,10,1,10,,problem_solving
100,0.053826686271895796,0.004561446777399281,0.4,-12.582789700962966,[0.01252544 0.         0.         0.         0.01114813 0.         0.         0.         0.         0.         0.         0.         0.         0.01691654 0.02093113 0.         0.         0.0107722  0.0172131  0.         0.         0.01421638 0.         0.         0.         0.86535279 0.02015027 0.         0.01077401 0.         0.        ],[1. 0. 0. 0. 1. 0. 0. 0. 0. 0. 0. 0. 0. 1. 1. 0. 0. 1. 1. 0. 0. 1. 0. 0. 0. 1. 1. 0. 1. 0. 0.],10.0,10000,30,0.6,10,1,10,,problem_solving
200,0.04161216300175723,0.004650804612595004,0.4,-15.07783096650687,[0.         0.         0.         0.01064448 0.         0.         0.         0.         0.01067065 0.         0.         0.         0.01623893 0.         0.0221339  0.         0.         0.         0.         0.         0.         0.         0.         0.         0.         0.87455159 0.01070775 0.01062665 0.0222218  0.01064751 0.01155674],[0. 0. 0. 1. 0. 0. 0. 0. 1. 0. 0. 0. 1. 0. 1. 0. 0. 0. 0. 0. 0. 0. 0. 0. 0. 1. 1. 1. 1. 1. 1.],10.0,10000,30,0.6,10,1,10,,problem_solving
300,0.03550841937482471,0.0045401771750429275,0.4,1.3485077033030135,[0.         0.         0.         0.01705336 0.         0.         0.01438563 0.         0.         0.         0.01462198 0.         0.         0.         0.01232555 0.         0.0107447  0.         0.         0.         0.         0.01116511 0.         0.01607558 0.         0.87719235 0.         0.01046649 0.         0.01596925 0.        ],[0. 0. 0. 1. 0. 0. 1. 0. 0. 0. 1. 0. 0. 0. 1. 0. 1. 0. 0. 0. 0. 1. 0. 1. 0. 1. 0. 1. 0. 1. 0.],10.0,10000,30,0.6,10,1,10,,problem_solving
400,0.03550841937482471,0.0045401771750429275,0.4,-0.94366926469415,[0.         0.         0.         0.01705336 0.         0.         0.01438563 0.         0.         0.         0.01462198 0.         0.         0.         0.01232555 0.         0.0107447  0.         0.         0.         0.         0.01116511 0.         0.01607558 0.         0.87719235 0.         0.01046649 0.         0.01596925 0.        ],[0. 0. 0. 1. 0. 0. 1. 0. 0. 0. 1. 0. 0. 0. 1. 0. 1. 0. 0. 0. 0. 1. 0. 1. 0. 1. 0. 1. 0. 1. 0.],10.0,10000,30,0.6,10,1,10,,problem_solving
500,0.03550841937482471,0.0045401771750429275,0.4,-3.0278138281084455,[0.         0.         0.         0.01705336 0.         0.         0.01438563 0.         0.         0.         0.01462198 0.         0.         0.         0.01232555 0.         0.0107447  0.         0.         0.         0.         0.01116511 0.         0.01607558 0.         0.87719235 0.         0.01046649 0.         0.01596925 0.        ],[0. 0. 0. 1. 0. 0. 1. 0. 0. 0. 1. 0. 0. 0. 1. 0. 1. 0. 0. 0. 0. 1. 0. 1. 0. 1. 0. 1. 0. 1. 0.],10.0,10000,30,0.6,10,1,10,,problem_solving
600,0.03550841937482471,0.0045401771750429275,0.4,4.420266488680512,[0.         0.         0.         0.01705336 0.         0.         0.01438563 0.         0.         0.         0.01462198 0.         0.         0.         0.01232555 0.         0.0107447  0.         0.         0.         0.         0.01116511 0.         0.01607558 0.         0.87719235 0.         0.01046649 0.         0.01596925 0.        ],[0. 0. 0. 1. 0. 0. 1. 0. 0. 0. 1. 0. 0. 0. 1. 0. 1. 0. 0. 0. 0. 1. 0. 1. 0. 1. 0. 1. 0. 1. 0.],10.0,10000,30,0.6,10,1,10,,problem_solving
700,0.03550841937482471,0.0045401771750429275,0.4,-13.569106830258285,[0.         0.         0.         0.01705336 0.         0.         0.01438563 0.         0.         0.         0.01462198 0.         0.         0.         0.01232555 0.         0.0107447  0.         0.         0.         0.         0.01116511 0.         0.01607558 0.         0.87719235 0.         0.01046649 0.         0.01596925 0.        ],[0. 0. 0. 1. 0. 0. 1. 0. 0. 0. 1. 0. 0. 0. 1. 0. 1. 0. 0. 0. 0. 1. 0. 1. 0. 1. 0. 1. 0. 1. 0.],10.0,10000,30,0.6,10,1,10,,problem_solving
800,0.03550841937482471,0.0045401771750429275,0.4,1.4947344471510444,[0.         0.         0.         0.01705336 0.         0.         0.01438563 0.         0.         0.         0.01462198 0.         0.         0.         0.01232555 0.         0.0107447  0.         0.         0.         0.         0.01116511 0.         0.01607558 0.         0.87719235 0.         0.01046649 0.         0.01596925 0.        ],[0. 0. 0. 1. 0. 0. 1. 0. 0. 0. 1. 0. 0. 0. 1. 0. 1. 0. 0. 0. 0. 1. 0. 1. 0. 1. 0. 1. 0. 1. 0.],10.0,10000,30,0.6,10,1,10,,problem_solving
900,0.03550841937482471,0.0045401771750429275,0.4,8.891367980979888,[0.         0.         0.         0.01705336 0.         0.         0.01438563 0.         0.         0.         0.01462198 0.         0.         0.         0.01232555 0.         0.0107447  0.         0.         0.         0.         0.01116511 0.         0.01607558 0.         0.87719235 0.         0.01046649 0.         0.01596925 0.        ],[0. 0. 0. 1. 0. 0. 1. 0. 0. 0. 1. 0. 0. 0. 1. 0. 1. 0. 0. 0. 0. 1. 0. 1. 0. 1. 0. 1. 0. 1. 0.],10.0,10000,30,0.6,10,1,10,,problem_solving
1000,0.03550841937482471,0.0045401771750429275,0.4,-9.484972470523683,[0.         0.         0.         0.01705336 0.         0.         0.01438563 0.         0.         0.         0.01462198 0.         0.         0.         0.01232555 0.         0.0107447  0.         0.         0.         0.         0.01116511 0.         0.01607558 0.         0.87719235 0.         0.01046649 0.         0.01596925 0.        ],[0. 0. 0. 1. 0. 0. 1. 0. 0. 0. 1. 0. 0. 0. 1. 0. 1. 0. 0. 0. 0. 1. 0. 1. 0. 1. 0. 1. 0. 1. 0.],10.0,10000,30,0.6,10,1,10,,problem_solving
1100,0.03550841937482471,0.0045401771750429275,0.4,11.674287059952032,[0.         0.         0.         0.01705336 0.         0.         0.01438563 0.         0.         0.         0.01462198 0.         0.         0.         0.01232555 0.         0.0107447  0.         0.         0.         0.         0.01116511 0.         0.01607558 0.         0.87719235 0.         0.01046649 0.         0.01596925 0.        ],[0. 0. 0. 1. 0. 0. 1. 0. 0. 0. 1. 0. 0. 0. 1. 0. 1. 0. 0. 0. 0. 1. 0. 1. 0. 1. 0. 1. 0. 1. 0.],10.0,10000,30,0.6,10,1,10,,problem_solving
1200,0.03443737873348518,0.004719360307950104,0.4,-7.665118602723825,[0.01746047 0.         0.         0.         0.01643206 0.         0.01683918 0.         0.01708355 0.         0.         0.         0.         0.01087241 0.         0.         0.         0.01312955 0.         0.         0.         0.         0.01162636 0.01793077 0.         0.86792128 0.         0.01070436 0.         0.         0.        ],[1. 0. 0. 0. 1. 0. 1. 0. 1. 0. 0. 0. 0. 1. 0. 0. 0. 1. 0. 0. 0. 0. 1. 1. 0. 1. 0. 1. 0. 0. 0.],10.0,10000,30,0.6,10,1,10,,problem_solving
1300,0.03443737873348518,0.004719360307950104,0.4,-7.863333039177855,[0.01746047 0.         0.         0.         0.01643206 0.         0.01683918 0.         0.01708355 0.         0.         0.         0.         0.01087241 0.         0.         0.         0.01312955 0.         0.         0.         0.         0.01162636 0.01793077 0.         0.86792128 0.         0.01070436 0.         0.         0.        ],[1. 0. 0. 0. 1. 0. 1. 0. 1. 0. 0. 0. 0. 1. 0. 0. 0. 1. 0. 0. 0. 0. 1. 1. 0. 1. 0. 1. 0. 0. 0.],10.0,10000,30,0.6,10,1,10,,problem_solving
1400,0.03443737873348518,0.004719360307950104,0.4,-4.857186483568235,[0.01746047 0.         0.         0.         0.01643206 0.         0.01683918 0.         0.01708355 0.         0.         0.         0.         0.01087241 0.         0.         0.         0.01312955 0.         0.         0.         0.         0.01162636 0.01793077 0.         0.86792128 0.         0.01070436 0.         0.         0.        ],[1. 0. 0. 0. 1. 0. 1. 0. 1. 0. 0. 0. 0. 1. 0. 0. 0. 1. 0. 0. 0. 0. 1. 1. 0. 1. 0. 1. 0. 0. 0.],10.0,10000,30,0.6,10,1,10,,problem_solving
1500,0.03443737873348518,0.004719360307950104,0.4,18.112932714000628,[0.01746047 0.         0.         0.         0.01643206 0.         0.01683918 0.         0.01708355 0.         0.         0.         0.         0.01087241 0.         0.         0.         0.01312955 0.         0.         0.         0.         0.01162636 0.01793077 0.         0.86792128 0.         0.01070436 0.         0.         0.        ],[1. 0. 0. 0. 1. 0. 1. 0. 1. 0. 0. 0. 0. 1. 0. 0. 0. 1. 0. 0. 0. 0. 1. 1. 0. 1. 0. 1. 0. 0. 0.],10.0,10000,30,0.6,10,1,10,,problem_solving
1600,0.03443737873348518,0.004719360307950104,0.4,-2.9564443028630483,[0.01746047 0.         0.         0.         0.01643206 0.         0.01683918 0.         0.01708355 0.         0.         0.         0.         0.01087241 0.         0.         0.         0.01312955 0.         0.         0.         0.         0.01162636 0.01793077 0.         0.86792128 0.         0.01070436 0.         0.         0.        ],[1. 0. 0. 0. 1. 0. 1. 0. 1. 0. 0. 0. 0. 1. 0. 0. 0. 1. 0. 0. 0. 0. 1. 1. 0. 1. 0. 1. 0. 0. 0.],10.0,10000,30,0.6,10,1,10,,problem_solving
1700,0.03443737873348518,0.004719360307950104,0.4,14.370902449876692,[0.01746047 0.         0.         0.         0.01643206 0.         0.01683918 0.         0.01708355 0.         0.         0.         0.         0.01087241 0.         0.         0.         0.01312955 0.         0.         0.         0.         0.01162636 0.01793077 0.         0.86792128 0.         0.01070436 0.         0.         0.        ],[1. 0. 0. 0. 1. 0. 1. 0. 1. 0. 0. 0. 0. 1. 0. 0. 0. 1. 0. 0. 0. 0. 1. 1. 0. 1. 0. 1. 0. 0. 0.],10.0,10000,30,0.6,10,1,10,,problem_solving
1800,0.03443737873348518,0.004719360307950104,0.4,-4.962105973604183,[0.01746047 0.         0.         0.         0.01643206 0.         0.01683918 0.         0.01708355 0.         0.         0.         0.         0.01087241 0.         0.         0.         0.01312955 0.         0.         0.         0.         0.01162636 0.01793077 0.         0.86792128 0.         0.01070436 0.         0.         0.        ],[1. 0. 0. 0. 1. 0. 1. 0. 1. 0. 0. 0. 0. 1. 0. 0. 0. 1. 0. 0. 0. 0. 1. 1. 0. 1. 0. 1. 0. 0. 0.],10.0,10000,30,0.6,10,1,10,,problem_solving
1900,0.03443737873348518,0.004719360307950104,0.4,-2.974884598207816,[0.01746047 0.         0.         0.         0.01643206 0.         0.01683918 0.         0.01708355 0.         0.         0.         0.         0.01087241 0.         0.         0.         0.01312955 0.         0.         0.         0.         0.01162636 0.01793077 0.         0.86792128 0.         0.01070436 0.         0.         0.        ],[1. 0. 0. 0. 1. 0. 1. 0. 1. 0. 0. 0. 0. 1. 0. 0. 0. 1. 0. 0. 0. 0. 1. 1. 0. 1. 0. 1. 0. 0. 0.],10.0,10000,30,0.6,10,1,10,,problem_solving
2000,0.03443737873348518,0.004719360307950104,0.4,-1.717429385939206,[0.01746047 0.         0.         0.         0.01643206 0.         0.01683918 0.         0.01708355 0.         0.         0.         0.         0.01087241 0.         0.         0.         0.01312955 0.         0.         0.         0.         0.01162636 0.01793077 0.         0.86792128 0.         0.01070436 0.         0.         0.        ],[1. 0. 0. 0. 1. 0. 1. 0. 1. 0. 0. 0. 0. 1. 0. 0. 0. 1. 0. 0. 0. 0. 1. 1. 0. 1. 0. 1. 0. 0. 0.],10.0,10000,30,0.6,10,1,10,,problem_solving
2100,0.03443737873348518,0.004719360307950104,0.4,2.125636043516543,[0.01746047 0.         0.         0.         0.01643206 0.         0.01683918 0.         0.01708355 0.         0.         0.         0.         0.01087241 0.         0.         0.         0.01312955 0.         0.         0.         0.         0.01162636 0.01793077 0.         0.86792128 0.         0.01070436 0.         0.         0.        ],[1. 0. 0. 0. 1. 0. 1. 0. 1. 0. 0. 0. 0. 1. 0. 0. 0. 1. 0. 0. 0. 0. 1. 1. 0. 1. 0. 1. 0. 0. 0.],10.0,10000,30,0.6,10,1,10,,problem_solving
2200,0.03443737873348518,0.004719360307950104,0.4,15.774302926153663,[0.01746047 0.         0.         0.         0.01643206 0.         0.01683918 0.         0.01708355 0.         0.         0.         0.         0.01087241 0.         0.         0.         0.01312955 0.         0.         0.         0.         0.01162636 0.01793077 0.         0.86792128 0.         0.01070436 0.         0.         0.        ],[1. 0. 0. 0. 1. 0. 1. 0. 1. 0. 0. 0. 0. 1. 0. 0. 0. 1. 0. 0. 0. 0. 1. 1. 0. 1. 0. 1. 0. 0. 0.],10.0,10000,30,0.6,10,1,10,,problem_solving
2300,0.03443737873348518,0.004719360307950104,0.4,14.369453886166319,[0.01746047 0.         0.         0.         0.01643206 0.         0.01683918 0.         0.01708355 0.         0.         0.         0.         0.01087241 0.         0.         0.         0.01312955 0.         0.         0.         0.         0.01162636 0.01793077 0.         0.86792128 0.         0.01070436 0.         0.         0.        ],[1. 0. 0. 0. 1. 0. 1. 0. 1. 0. 0. 0. 0. 1. 0. 0. 0. 1. 0. 0. 0. 0. 1. 1. 0. 1. 0. 1. 0. 0. 0.],10.0,10000,30,0.6,10,1,10,,problem_solving
2400,0.03443737873348518,0.004719360307950104,0.4,17.90137715970082,[0.01746047 0.         0.         0.         0.01643206 0.         0.01683918 0.         0.01708355 0.         0.         0.         0.         0.01087241 0.         0.         0.         0.01312955 0.         0.         0.         0.         0.01162636 0.01793077 0.         0.86792128 0.         0.01070436 0.         0.         0.        ],[1. 0. 0. 0. 1. 0. 1. 0. 1. 0. 0. 0. 0. 1. 0. 0. 0. 1. 0. 0. 0. 0. 1. 1. 0. 1. 0. 1. 0. 0. 0.],10.0,10000,30,0.6,10,1,10,,problem_solving
2500,0.03443737873348518,0.004719360307950104,0.4,16.097916045073784,[0.01746047 0.         0.         0.         0.01643206 0.         0.01683918 0.         0.01708355 0.         0.         0.         0.         0.01087241 0.         0.         0.         0.01312955 0.         0.         0.         0.         0.01162636 0.01793077 0.         0.86792128 0.         0.01070436 0.         0.         0.        ],[1. 0. 0. 0. 1. 0. 1. 0. 1. 0. 0. 0. 0. 1. 0. 0. 0. 1. 0. 0. 0. 0. 1. 1. 0. 1. 0. 1. 0. 0. 0.],10.0,10000,30,0.6,10,1,10,,problem_solving
2600,0.03443737873348518,0.004719360307950104,0.4,-13.585628530909368,[0.01746047 0.         0.         0.         0.01643206 0.         0.01683918 0.         0.01708355 0.         0.         0.         0.         0.01087241 0.         0.         0.         0.01312955 0.         0.         0.         0.         0.01162636 0.01793077 0.         0.86792128 0.         0.01070436 0.         0.         0.        ],[1. 0. 0. 0. 1. 0. 1. 0. 1. 0. 0. 0. 0. 1. 0. 0. 0. 1. 0. 0. 0. 0. 1. 1. 0. 1. 0. 1. 0. 0. 0.],10.0,10000,30,0.6,10,1,10,,problem_solving
2700,0.03443737873348518,0.004719360307950104,0.4,-7.435355179888058,[0.01746047 0.         0.         0.         0.01643206 0.         0.01683918 0.         0.01708355 0.         0.         0.         0.         0.01087241 0.         0.         0.         0.01312955 0.         0.         0.         0.         0.01162636 0.01793077 0.         0.86792128 0.         0.01070436 0.         0.         0.        ],[1. 0. 0. 0. 1. 0. 1. 0. 1. 0. 0. 0. 0. 1. 0. 0. 0. 1. 0. 0. 0. 0. 1. 1. 0. 1. 0. 1. 0. 0. 0.],10.0,10000,30,0.6,10,1,10,,problem_solving
2800,0.03443737873348518,0.004719360307950104,0.4,10.082716862819135,[0.01746047 0.         0.         0.         0.01643206 0.         0.01683918 0.         0.01708355 0.         0.         0.         0.         0.01087241 0.         0.         0.         0.01312955 0.         0.         0.         0.         0.01162636 0.01793077 0.         0.86792128 0.         0.01070436 0.         0.         0.        ],[1. 0. 0. 0. 1. 0. 1. 0. 1. 0. 0. 0. 0. 1. 0. 0. 0. 1. 0. 0. 0. 0. 1. 1. 0. 1. 0. 1. 0. 0. 0.],10.0,10000,30,0.6,10,1,10,,problem_solving
2900,0.03443737873348518,0.004719360307950104,0.4,6.786737929833099,[0.01746047 0.         0.         0.         0.01643206 0.         0.01683918 0.         0.01708355 0.         0.         0.         0.         0.01087241 0.         0.         0.         0.01312955 0.         0.         0.         0.         0.01162636 0.01793077 0.         0.86792128 0.         0.01070436 0.         0.         0.        ],[1. 0. 0. 0. 1. 0. 1. 0. 1. 0. 0. 0. 0. 1. 0. 0. 0. 1. 0. 0. 0. 0. 1. 1. 0. 1. 0. 1. 0. 0. 0.],10.0,10000,30,0.6,10,1,10,,problem_solving
3000,0.03443737873348518,0.004719360307950104,0.4,-11.946257054249052,[0.01746047 0.         0.         0.         0.01643206 0.         0.01683918 0.         0.01708355 0.         0.         0.         0.         0.01087241 0.         0.         0.         0.01312955 0.         0.         0.         0.         0.01162636 0.01793077 0.         0.86792128 0.         0.01070436 0.         0.         0.        ],[1. 0. 0. 0. 1. 0. 1. 0. 1. 0. 0. 0. 0. 1. 0. 0. 0. 1. 0. 0. 0. 0. 1. 1. 0. 1. 0. 1. 0. 0. 0.],10.0,10000,30,0.6,10,1,10,,problem_solving
3100,0.03443737873348518,0.004719360307950104,0.4,-11.144555238247321,[0.01746047 0.         0.         0.         0.01643206 0.         0.01683918 0.         0.01708355 0.         0.         0.         0.         0.01087241 0.         0.         0.         0.01312955 0.         0.         0.         0.         0.01162636 0.01793077 0.         0.86792128 0.         0.01070436 0.         0.         0.        ],[1. 0. 0. 0. 1. 0. 1. 0. 1. 0. 0. 0. 0. 1. 0. 0. 0. 1. 0. 0. 0. 0. 1. 1. 0. 1. 0. 1. 0. 0. 0.],10.0,10000,30,0.6,10,1,10,,problem_solving
3200,0.03443737873348518,0.004719360307950104,0.4,6.56025506813949,[0.01746047 0.         0.         0.         0.01643206 0.         0.01683918 0.         0.01708355 0.         0.         0.         0.         0.01087241 0.         0.         0.         0.01312955 0.         0.         0.         0.         0.01162636 0.01793077 0.         0.86792128 0.         0.01070436 0.         0.         0.        ],[1. 0. 0. 0. 1. 0. 1. 0. 1. 0. 0. 0. 0. 1. 0. 0. 0. 1. 0. 0. 0. 0. 1. 1. 0. 1. 0. 1. 0. 0. 0.],10.0,10000,30,0.6,10,1,10,,problem_solving
3300,0.03443737873348518,0.004719360307950104,0.4,8.538910179730788,[0.01746047 0.         0.         0.         0.01643206 0.         0.01683918 0.         0.01708355 0.         0.         0.         0.         0.01087241 0.         0.         0.         0.01312955 0.         0.         0.         0.         0.01162636 0.01793077 0.         0.86792128 0.         0.01070436 0.         0.         0.        ],[1. 0. 0. 0. 1. 0. 1. 0. 1. 0. 0. 0. 0. 1. 0. 0. 0. 1. 0. 0. 0. 0. 1. 1. 0. 1. 0. 1. 0. 0. 0.],10.0,10000,30,0.6,10,1,10,,problem_solving
3400,0.03443737873348518,0.004719360307950104,0.4,14.968466452739968,[0.01746047 0.         0.         0.         0.01643206 0.         0.01683918 0.         0.01708355 0.         0.         0.         0.         0.01087241 0.         0.         0.         0.01312955 0.         0.         0.         0.         0.01162636 0.01793077 0.         0.86792128 0.         0.01070436 0.         0.         0.        ],[1. 0. 0. 0. 1. 0. 1. 0. 1. 0. 0. 0. 0. 1. 0. 0. 0. 1. 0. 0. 0. 0. 1. 1. 0. 1. 0. 1. 0. 0. 0.],10.0,10000,30,0.6,10,1,10,,problem_solving
3500,0.03443737873348518,0.004719360307950104,0.4,-15.022033046495196,[0.01746047 0.         0.         0.         0.01643206 0.         0.01683918 0.         0.01708355 0.         0.         0.         0.         0.01087241 0.         0.         0.         0.01312955 0.         0.         0.         0.         0.01162636 0.01793077 0.         0.86792128 0.         0.01070436 0.         0.         0.        ],[1. 0. 0. 0. 1. 0. 1. 0. 1. 0. 0. 0. 0. 1. 0. 0. 0. 1. 0. 0. 0. 0. 1. 1. 0. 1. 0. 1. 0. 0. 0.],10.0,10000,30,0.6,10,1,10,,problem_solving
3600,0.03443737873348518,0.004719360307950104,0.4,-13.30934074185283,[0.01746047 0.         0.         0.         0.01643206 0.         0.01683918 0.         0.01708355 0.         0.         0.         0.         0.01087241 0.         0.         0.         0.01312955 0.         0.         0.         0.         0.01162636 0.01793077 0.         0.86792128 0.         0.01070436 0.         0.         0.        ],[1. 0. 0. 0. 1. 0. 1. 0. 1. 0. 0. 0. 0. 1. 0. 0. 0. 1. 0. 0. 0. 0. 1. 1. 0. 1. 0. 1. 0. 0. 0.],10.0,10000,30,0.6,10,1,10,,problem_solving
3700,0.03443737873348518,0.004719360307950104,0.4,7.522876264356806,[0.01746047 0.         0.         0.         0.01643206 0.         0.01683918 0.         0.01708355 0.         0.         0.         0.         0.01087241 0.         0.         0.         0.01312955 0.         0.         0.         0.         0.01162636 0.01793077 0.         0.86792128 0.         0.01070436 0.         0.         0.        ],[1. 0. 0. 0. 1. 0. 1. 0. 1. 0. 0. 0. 0. 1. 0. 0. 0. 1. 0. 0. 0. 0. 1. 1. 0. 1. 0. 1. 0. 0. 0.],10.0,10000,30,0.6,10,1,10,,problem_solving
3800,0.03443737873348518,0.004719360307950104,0.4,-3.46428256956407,[0.01746047 0.         0.         0.         0.01643206 0.         0.01683918 0.         0.01708355 0.         0.         0.         0.         0.01087241 0.         0.         0.         0.01312955 0.         0.         0.         0.         0.01162636 0.01793077 0.         0.86792128 0.         0.01070436 0.         0.         0.        ],[1. 0. 0. 0. 1. 0. 1. 0. 1. 0. 0. 0. 0. 1. 0. 0. 0. 1. 0. 0. 0. 0. 1. 1. 0. 1. 0. 1. 0. 0. 0.],10.0,10000,30,0.6,10,1,10,,problem_solving
3900,0.03443737873348518,0.004719360307950104,0.4,-3.161426740825278,[0.01746047 0.         0.         0.         0.01643206 0.         0.01683918 0.         0.01708355 0.         0.         0.         0.         0.01087241 0.         0.         0.         0.01312955 0.         0.         0.         0.         0.01162636 0.01793077 0.         0.86792128 0.         0.01070436 0.         0.         0.        ],[1. 0. 0. 0. 1. 0. 1. 0. 1. 0. 0. 0. 0. 1. 0. 0. 0. 1. 0. 0. 0. 0. 1. 1. 0. 1. 0. 1. 0. 0. 0.],10.0,10000,30,0.6,10,1,10,,problem_solving
4000,0.03443737873348518,0.004719360307950104,0.4,-6.190147976812543,[0.01746047 0.         0.         0.         0.01643206 0.         0.01683918 0.         0.01708355 0.         0.         0.         0.         0.01087241 0.         0.         0.         0.01312955 0.         0.         0.         0.         0.01162636 0.01793077 0.         0.86792128 0.         0.01070436 0.         0.         0.        ],[1. 0. 0. 0. 1. 0. 1. 0. 1. 0. 0. 0. 0. 1. 0. 0. 0. 1. 0. 0. 0. 0. 1. 1. 0. 1. 0. 1. 0. 0. 0.],10.0,10000,30,0.6,10,1,10,,problem_solving
4100,0.03443737873348518,0.004719360307950104,0.4,-14.598881998364142,[0.01746047 0.         0.         0.         0.01643206 0.         0.01683918 0.         0.01708355 0.         0.         0.         0.         0.01087241 0.         0.         0.         0.01312955 0.         0.         0.         0.         0.01162636 0.01793077 0.         0.86792128 0.         0.01070436 0.         0.         0.        ],[1. 0. 0. 0. 1. 0. 1. 0. 1. 0. 0. 0. 0. 1. 0. 0. 0. 1. 0. 0. 0. 0. 1. 1. 0. 1. 0. 1. 0. 0. 0.],10.0,10000,30,0.6,10,1,10,,problem_solving
4200,0.03346288456945247,0.004578781116504027,0.4,-9.350562065985374,[0.01822193 0.01045594 0.01284846 0.         0.         0.         0.         0.         0.         0.         0.         0.         0.01045355 0.01792633 0.         0.         0.         0.         0.         0.         0.         0.0116668  0.01271212 0.         0.         0.88422339 0.01107115 0.0104203  0.         0.         0.        ],[1. 1. 1. 0. 0. 0. 0. 0. 0. 0. 0. 0. 1. 1. 0. 0. 0. 0. 0. 0. 0. 1. 1. 0. 0. 1. 1. 1. 0. 0. 0.],10.0,10000,30,0.6,10,1,10,,problem_solving
4300,0.03346288456945247,0.004578781116504027,0.4,-2.1830011266026204,[0.01822193 0.01045594 0.01284846 0.         0.         0.         0.         0.         0.         0.         0.         0.         0.01045355 0.01792633 0.         0.         0.         0.         0.         0.         0.         0.0116668  0.01271212 0.         0.         0.88422339 0.01107115 0.0104203  0.         0.         0.        ],[1. 1. 1. 0. 0. 0. 0. 0. 0. 0. 0. 0. 1. 1. 0. 0. 0. 0. 0. 0. 0. 1. 1. 0. 0. 1. 1. 1. 0. 0. 0.],10.0,10000,30,0.6,10,1,10,,problem_solving
4400,0.03346288456945247,0.004578781116504027,0.4,3.109073692657933,[0.01822193 0.01045594 0.01284846 0.         0.         0.         0.         0.         0.         0.         0.         0.         0.01045355 0.01792633 0.         0.         0.         0.         0.         0.         0.         0.0116668  0.01271212 0.         0.         0.88422339 0.01107115 0.0104203  0.         0.         0.        ],[1. 1. 1. 0. 0. 0. 0. 0. 0. 0. 0. 0. 1. 1. 0. 0. 0. 0. 0. 0. 0. 1. 1. 0. 0. 1. 1. 1. 0. 0. 0.],10.0,10000,30,0.6,10,1,10,,problem_solving
4500,0.03346288456945247,0.004578781116504027,0.4,4.595371076604537,[0.01822193 0.01045594 0.01284846 0.         0.         0.         0.         0.         0.         0.         0.         0.         0.01045355 0.01792633 0.         0.         0.         0.         0.         0.         0.         0.0116668  0.01271212 0.         0.         0.88422339 0.01107115 0.0104203  0.         0.         0.        ],[1. 1. 1. 0. 0. 0. 0. 0. 0. 0. 0. 0. 1. 1. 0. 0. 0. 0. 0. 0. 0. 1. 1. 0. 0. 1. 1. 1. 0. 0. 0.],10.0,10000,30,0.6,10,1,10,,problem_solving
4600,0.03346288456945247,0.004578781116504027,0.4,2.254220171549041,[0.01822193 0.01045594 0.01284846 0.         0.         0.         0.         0.         0.         0.         0.         0.         0.01045355 0.01792633 0.         0.         0.         0.         0.         0.         0.         0.0116668  0.01271212 0.         0.         0.88422339 0.01107115 0.0104203  0.         0.         0.        ],[1. 1. 1. 0. 0. 0. 0. 0. 0. 0. 0. 0. 1. 1. 0. 0. 0. 0. 0. 0. 0. 1. 1. 0. 0. 1. 1. 1. 0. 0. 0.],10.0,10000,30,0.6,10,1,10,,problem_solving
4700,0.03346288456945247,0.004578781116504027,0.4,16.71579903993466,[0.01822193 0.01045594 0.01284846 0.         0.         0.         0.         0.         0.         0.         0.         0.         0.01045355 0.01792633 0.         0.         0.         0.         0.         0.         0.         0.0116668  0.01271212 0.         0.         0.88422339 0.01107115 0.0104203  0.         0.         0.        ],[1. 1. 1. 0. 0. 0. 0. 0. 0. 0. 0. 0. 1. 1. 0. 0. 0. 0. 0. 0. 0. 1. 1. 0. 0. 1. 1. 1. 0. 0. 0.],10.0,10000,30,0.6,10,1,10,,problem_solving
4800,0.03346288456945247,0.004578781116504027,0.4,0.5510447654711457,[0.01822193 0.01045594 0.01284846 0.         0.         0.         0.         0.         0.         0.         0.         0.         0.01045355 0.01792633 0.         0.         0.         0.         0.         0.         0.         0.0116668  0.01271212 0.         0.         0.88422339 0.01107115 0.0104203  0.         0.         0.        ],[1. 1. 1. 0. 0. 0. 0. 0. 0. 0. 0. 0. 1. 1. 0. 0. 0. 0. 0. 0. 0. 1. 1. 0. 0. 1. 1. 1. 0. 0. 0.],10.0,10000,30,0.6,10,1,10,,problem_solving
4900,0.03346288456945247,0.004578781116504027,0.4,-12.286953198864836,[0.01822193 0.01045594 0.01284846 0.         0.         0.         0.         0.         0.         0.         0.         0.         0.01045355 0.01792633 0.         0.         0.         0.         0.         0.         0.         0.0116668  0.01271212 0.         0.         0.88422339 0.01107115 0.0104203  0.         0.         0.        ],[1. 1. 1. 0. 0. 0. 0. 0. 0. 0. 0. 0. 1. 1. 0. 0. 0. 0. 0. 0. 0. 1. 1. 0. 0. 1. 1. 1. 0. 0. 0.],10.0,10000,30,0.6,10,1,10,,problem_solving
5000,0.03346288456945247,0.004578781116504027,0.4,-1.0247204662288805,[0.01822193 0.01045594 0.01284846 0.         0.         0.         0.         0.         0.         0.         0.         0.         0.01045355 0.01792633 0.         0.         0.         0.         0.         0.         0.         0.0116668  0.01271212 0.         0.         0.88422339 0.01107115 0.0104203  0.         0.         0.        ],[1. 1. 1. 0. 0. 0. 0. 0. 0. 0. 0. 0. 1. 1. 0. 0. 0. 0. 0. 0. 0. 1. 1. 0. 0. 1. 1. 1. 0. 0. 0.],10.0,10000,30,0.6,10,1,10,,problem_solving
5100,0.03346288456945247,0.004578781116504027,0.4,3.268355512546291,[0.01822193 0.01045594 0.01284846 0.         0.         0.         0.         0.         0.         0.         0.         0.         0.01045355 0.01792633 0.         0.         0.         0.         0.         0.         0.         0.0116668  0.01271212 0.         0.         0.88422339 0.01107115 0.0104203  0.         0.         0.        ],[1. 1. 1. 0. 0. 0. 0. 0. 0. 0. 0. 0. 1. 1. 0. 0. 0. 0. 0. 0. 0. 1. 1. 0. 0. 1. 1. 1. 0. 0. 0.],10.0,10000,30,0.6,10,1,10,,problem_solving
5200,0.03346288456945247,0.004578781116504027,0.4,-7.116745307961757,[0.01822193 0.01045594 0.01284846 0.         0.         0.         0.         0.         0.         0.         0.         0.         0.01045355 0.01792633 0.         0.         0.         0.         0.         0.         0.         0.0116668  0.01271212 0.         0.         0.88422339 0.01107115 0.0104203  0.         0.         0.        ],[1. 1. 1. 0. 0. 0. 0. 0. 0. 0. 0. 0. 1. 1. 0. 0. 0. 0. 0. 0. 0. 1. 1. 0. 0. 1. 1. 1. 0. 0. 0.],10.0,10000,30,0.6,10,1,10,,problem_solving
5300,0.03346288456945247,0.004578781116504027,0.4,11.607227647923093,[0.01822193 0.01045594 0.01284846 0.         0.         0.         0.         0.         0.         0.         0.         0.         0.01045355 0.01792633 0.         0.         0.         0.         0.         0.         0.         0.0116668  0.01271212 0.         0.         0.88422339 0.01107115 0.0104203  0.         0.         0.        ],[1. 1. 1. 0. 0. 0. 0. 0. 0. 0. 0. 0. 1. 1. 0. 0. 0. 0. 0. 0. 0. 1. 1. 0. 0. 1. 1. 1. 0. 0. 0.],10.0,10000,30,0.6,10,1,10,,problem_solving
5400,0.03346288456945247,0.004578781116504027,0.4,3.0838702905835684,[0.01822193 0.01045594 0.01284846 0.         0.         0.         0.         0.         0.         0.         0.         0.         0.01045355 0.01792633 0.         0.         0.         0.         0.         0.         0.         0.0116668  0.01271212 0.         0.         0.88422339 0.01107115 0.0104203  0.         0.         0.        ],[1. 1. 1. 0. 0. 0. 0. 0. 0. 0. 0. 0. 1. 1. 0. 0. 0. 0. 0. 0. 0. 1. 1. 0. 0. 1. 1. 1. 0. 0. 0.],10.0,10000,30,0.6,10,1,10,,problem_solving
5500,0.03346288456945247,0.004578781116504027,0.4,1.6219009997150333,[0.01822193 0.01045594 0.01284846 0.         0.         0.         0.         0.         0.         0.         0.         0.         0.01045355 0.01792633 0.         0.         0.         0.         0.         0.         0.         0.0116668  0.01271212 0.         0.         0.88422339 0.01107115 0.0104203  0.         0.         0.        ],[1. 1. 1. 0. 0. 0. 0. 0. 0. 0. 0. 0. 1. 1. 0. 0. 0. 0. 0. 0. 0. 1. 1. 0. 0. 1. 1. 1. 0. 0. 0.],10.0,10000,30,0.6,10,1,10,,problem_solving
5600,0.03346288456945247,0.004578781116504027,0.4,-2.888431336212171,[0.01822193 0.01045594 0.01284846 0.         0.         0.         0.         0.         0.         0.         0.         0.         0.01045355 0.01792633 0.         0.         0.         0.         0.         0.         0.         0.0116668  0.01271212 0.         0.         0.88422339 0.01107115 0.0104203  0.         0.         0.        ],[1. 1. 1. 0. 0. 0. 0. 0. 0. 0. 0. 0. 1. 1. 0. 0. 0. 0. 0. 0. 0. 1. 1. 0. 0. 1. 1. 1. 0. 0. 0.],10.0,10000,30,0.6,10,1,10,,problem_solving
5700,0.03346288456945247,0.004578781116504027,0.4,8.22631023383926,[0.01822193 0.01045594 0.01284846 0.         0.         0.         0.         0.         0.         0.         0.         0.         0.01045355 0.01792633 0.         0.         0.         0.         0.         0.         0.         0.0116668  0.01271212 0.         0.         0.88422339 0.01107115 0.0104203  0.         0.         0.        ],[1. 1. 1. 0. 0. 0. 0. 0. 0. 0. 0. 0. 1. 1. 0. 0. 0. 0. 0. 0. 0. 1. 1. 0. 0. 1. 1. 1. 0. 0. 0.],10.0,10000,30,0.6,10,1,10,,problem_solving
5800,0.03346288456945247,0.004578781116504027,0.4,5.81056629109603,[0.01822193 0.01045594 0.01284846 0.         0.         0.         0.         0.         0.         0.         0.         0.         0.01045355 0.01792633 0.         0.         0.         0.         0.         0.         0.         0.0116668  0.01271212 0.         0.         0.88422339 0.01107115 0.0104203  0.         0.         0.        ],[1. 1. 1. 0. 0. 0. 0. 0. 0. 0. 0. 0. 1. 1. 0. 0. 0. 0. 0. 0. 0. 1. 1. 0. 0. 1. 1. 1. 0. 0. 0.],10.0,10000,30,0.6,10,1,10,,problem_solving
5900,0.03346288456945247,0.004578781116504027,0.4,2.644767134999105,[0.01822193 0.01045594 0.01284846 0.         0.         0.         0.         0.         0.         0.         0.         0.         0.01045355 0.01792633 0.         0.         0.         0.         0.         0.         0.         0.0116668  0.01271212 0.         0.         0.88422339 0.01107115 0.0104203  0.         0.         0.        ],[1. 1. 1. 0. 0. 0. 0. 0. 0. 0. 0. 0. 1. 1. 0. 0. 0. 0. 0. 0. 0. 1. 1. 0. 0. 1. 1. 1. 0. 0. 0.],10.0,10000,30,0.6,10,1,10,,problem_solving
6000,0.03346288456945247,0.004578781116504027,0.4,-9.486438353283734,[0.01822193 0.01045594 0.01284846 0.         0.         0.         0.         0.         0.         0.         0.         0.         0.01045355 0.01792633 0.         0.         0.         0.         0.         0.         0.         0.0116668  0.01271212 0.         0.         0.88422339 0.01107115 0.0104203  0.         0.         0.        ],[1. 1. 1. 0. 0. 0. 0. 0. 0. 0. 0. 0. 1. 1. 0. 0. 0. 0. 0. 0. 0. 1. 1. 0. 0. 1. 1. 1. 0. 0. 0.],10.0,10000,30,0.6,10,1,10,,problem_solving
6100,0.03346288456945247,0.004578781116504027,0.4,8.192319671612324,[0.01822193 0.01045594 0.01284846 0.         0.         0.         0.         0.         0.         0.         0.         0.         0.01045355 0.01792633 0.         0.         0.         0.         0.         0.         0.         0.0116668  0.01271212 0.         0.         0.88422339 0.01107115 0.0104203  0.         0.         0.        ],[1. 1. 1. 0. 0. 0. 0. 0. 0. 0. 0. 0. 1. 1. 0. 0. 0. 0. 0. 0. 0. 1. 1. 0. 0. 1. 1. 1. 0. 0. 0.],10.0,10000,30,0.6,10,1,10,,problem_solving
6200,0.03346288456945247,0.004578781116504027,0.4,-19.889966186817187,[0.01822193 0.01045594 0.01284846 0.         0.         0.         0.         0.         0.         0.         0.         0.         0.01045355 0.01792633 0.         0.         0.         0.         0.         0.         0.         0.0116668  0.01271212 0.         0.         0.88422339 0.01107115 0.0104203  0.         0.         0.        ],[1. 1. 1. 0. 0. 0. 0. 0. 0. 0. 0. 0. 1. 1. 0. 0. 0. 0. 0. 0. 0. 1. 1. 0. 0. 1. 1. 1. 0. 0. 0.],10.0,10000,30,0.6,10,1,10,,problem_solving
6300,0.03330383989576469,0.0047142745682446875,0.4,-5.838686296963461,[0.         0.         0.         0.01064448 0.         0.         0.         0.         0.01067065 0.         0.         0.         0.01623893 0.         0.0221339  0.         0.         0.         0.         0.         0.         0.         0.         0.         0.         0.87455159 0.01070775 0.01062665 0.0222218  0.01064751 0.01155674],[0. 0. 0. 1. 0. 0. 0. 0. 1. 0. 0. 0. 1. 0. 1. 0. 0. 0. 0. 0. 0. 0. 0. 0. 0. 1. 1. 1. 1. 1. 1.],10.0,10000,30,0.6,10,1,10,,problem_solving
6400,0.03330383989576469,0.0047142745682446875,0.4,-0.2579407459596977,[0.         0.         0.         0.01064448 0.         0.         0.         0.         0.01067065 0.         0.         0.         0.01623893 0.         0.0221339  0.         0.         0.         0.         0.         0.         0.         0.         0.         0.         0.87455159 0.01070775 0.01062665 0.0222218  0.01064751 0.01155674],[0. 0. 0. 1. 0. 0. 0. 0. 1. 0. 0. 0. 1. 0. 1. 0. 0. 0. 0. 0. 0. 0. 0. 0. 0. 1. 1. 1. 1. 1. 1.],10.0,10000,30,0.6,10,1,10,,problem_solving
6500,0.03330383989576469,0.0047142745682446875,0.4,-2.2569062968628564,[0.         0.         0.         0.01064448 0.         0.         0.         0.         0.01067065 0.         0.         0.         0.01623893 0.         0.0221339  0.         0.         0.         0.         0.         0.         0.         0.         0.         0.         0.87455159 0.01070775 0.01062665 0.0222218  0.01064751 0.01155674],[0. 0. 0. 1. 0. 0. 0. 0. 1. 0. 0. 0. 1. 0. 1. 0. 0. 0. 0. 0. 0. 0. 0. 0. 0. 1. 1. 1. 1. 1. 1.],10.0,10000,30,0.6,10,1,10,,problem_solving
6600,0.03330383989576469,0.0047142745682446875,0.4,-0.42220588635745115,[0.         0.         0.         0.01064448 0.         0.         0.         0.         0.01067065 0.         0.         0.         0.01623893 0.         0.0221339  0.         0.         0.         0.         0.         0.         0.         0.         0.         0.         0.87455159 0.01070775 0.01062665 0.0222218  0.01064751 0.01155674],[0. 0. 0. 1. 0. 0. 0. 0. 1. 0. 0. 0. 1. 0. 1. 0. 0. 0. 0. 0. 0. 0. 0. 0. 0. 1. 1. 1. 1. 1. 1.],10.0,10000,30,0.6,10,1,10,,problem_solving
6700,0.03330383989576469,0.0047142745682446875,0.4,-1.9156373192735106,[0.         0.         0.         0.01064448 0.         0.         0.         0.         0.01067065 0.         0.         0.         0.01623893 0.         0.0221339  0.         0.         0.         0.         0.         0.         0.         0.         0.         0.         0.87455159 0.01070775 0.01062665 0.0222218  0.01064751 0.01155674],[0. 0. 0. 1. 0. 0. 0. 0. 1. 0. 0. 0. 1. 0. 1. 0. 0. 0. 0. 0. 0. 0. 0. 0. 0. 1. 1. 1. 1. 1. 1.],10.0,10000,30,0.6,10,1,10,,problem_solving
6800,0.03330383989576469,0.0047142745682446875,0.4,-8.285768395640451,[0.         0.         0.         0.01064448 0.         0.         0.         0.         0.01067065 0.         0.         0.         0.01623893 0.         0.0221339  0.         0.         0.         0.         0.         0.         0.         0.         0.         0.         0.87455159 0.01070775 0.01062665 0.0222218  0.01064751 0.01155674],[0. 0. 0. 1. 0. 0. 0. 0. 1. 0. 0. 0. 1. 0. 1. 0. 0. 0. 0. 0. 0. 0. 0. 0. 0. 1. 1. 1. 1. 1. 1.],10.0,10000,30,0.6,10,1,10,,problem_solving
6900,0.03330383989576469,0.0047142745682446875,0.4,3.9993348683668852,[0.         0.         0.         0.01064448 0.         0.         0.         0.         0.01067065 0.         0.         0.         0.01623893 0.         0.0221339  0.         0.         0.         0.         0.         0.         0.         0.         0.         0.         0.87455159 0.01070775 0.01062665 0.0222218  0.01064751 0.01155674],[0. 0. 0. 1. 0. 0. 0. 0. 1. 0. 0. 0. 1. 0. 1. 0. 0. 0. 0. 0. 0. 0. 0. 0. 0. 1. 1. 1. 1. 1. 1.],10.0,10000,30,0.6,10,1,10,,problem_solving
7000,0.03330383989576469,0.0047142745682446875,0.4,7.303965264183811,[0.         0.         0.         0.01064448 0.         0.         0.         0.         0.01067065 0.         0.         0.         0.01623893 0.         0.0221339  0.         0.         0.         0.         0.         0.         0.         0.         0.         0.         0.87455159 0.01070775 0.01062665 0.0222218  0.01064751 0.01155674],[0. 0. 0. 1. 0. 0. 0. 0. 1. 0. 0. 0. 1. 0. 1. 0. 0. 0. 0. 0. 0. 0. 0. 0. 0. 1. 1. 1. 1. 1. 1.],10.0,10000,30,0.6,10,1,10,,problem_solving
7100,0.03330383989576469,0.0047142745682446875,0.4,13.054405112884545,[0.         0.         0.         0.01064448 0.         0.         0.         0.         0.01067065 0.         0.         0.         0.01623893 0.         0.0221339  0.         0.         0.         0.         0.         0.         0.         0.         0.         0.         0.87455159 0.01070775 0.01062665 0.0222218  0.01064751 0.01155674],[0. 0. 0. 1. 0. 0. 0. 0. 1. 0. 0. 0. 1. 0. 1. 0. 0. 0. 0. 0. 0. 0. 0. 0. 0. 1. 1. 1. 1. 1. 1.],10.0,10000,30,0.6,10,1,10,,problem_solving
7200,0.03330383989576469,0.0047142745682446875,0.4,-1.6944826222041423,[0.         0.         0.         0.01064448 0.         0.         0.         0.         0.01067065 0.         0.         0.         0.01623893 0.         0.0221339  0.         0.         0.         0.         0.         0.         0.         0.         0.         0.         0.87455159 0.01070775 0.01062665 0.0222218  0.01064751 0.01155674],[0. 0. 0. 1. 0. 0. 0. 0. 1. 0. 0. 0. 1. 0. 1. 0. 0. 0. 0. 0. 0. 0. 0. 0. 0. 1. 1. 1. 1. 1. 1.],10.0,10000,30,0.6,10,1,10,,problem_solving
7300,0.03330383989576469,0.0047142745682446875,0.4,0.434624877540263,[0.         0.         0.         0.01064448 0.         0.         0.         0.         0.01067065 0.         0.         0.         0.01623893 0.         0.0221339  0.         0.         0.         0.         0.         0.         0.         0.         0.         0.         0.87455159 0.01070775 0.01062665 0.0222218  0.01064751 0.01155674],[0. 0. 0. 1. 0. 0. 0. 0. 1. 0. 0. 0. 1. 0. 1. 0. 0. 0. 0. 0. 0. 0. 0. 0. 0. 1. 1. 1. 1. 1. 1.],10.0,10000,30,0.6,10,1,10,,problem_solving
7400,0.03330383989576469,0.0047142745682446875,0.4,-3.155053957576423,[0.         0.         0.         0.01064448 0.         0.         0.         0.         0.01067065 0.         0.         0.         0.01623893 0.         0.0221339  0.         0.         0.         0.         0.         0.         0.         0.         0.         0.         0.87455159 0.01070775 0.01062665 0.0222218  0.01064751 0.01155674],[0. 0. 0. 1. 0. 0. 0. 0. 1. 0. 0. 0. 1. 0. 1. 0. 0. 0. 0. 0. 0. 0. 0. 0. 0. 1. 1. 1. 1. 1. 1.],10.0,10000,30,0.6,10,1,10,,problem_solving
7500,0.03330383989576469,0.0047142745682446875,0.4,10.902421278147878,[0.         0.         0.         0.01064448 0.         0.         0.         0.         0.01067065 0.         0.         0.         0.01623893 0.         0.0221339  0.         0.         0.         0.         0.         0.         0.         0.         0.         0.         0.87455159 0.01070775 0.01062665 0.0222218  0.01064751 0.01155674],[0. 0. 0. 1. 0. 0. 0. 0. 1. 0. 0. 0. 1. 0. 1. 0. 0. 0. 0. 0. 0. 0. 0. 0. 0. 1. 1. 1. 1. 1. 1.],10.0,10000,30,0.6,10,1,10,,problem_solving
7600,0.03330383989576469,0.0047142745682446875,0.4,0.18842426809078036,[0.         0.         0.         0.01064448 0.         0.         0.         0.         0.01067065 0.         0.         0.         0.01623893 0.         0.0221339  0.         0.         0.         0.         0.         0.         0.         0.         0.         0.         0.87455159 0.01070775 0.01062665 0.0222218  0.01064751 0.01155674],[0. 0. 0. 1. 0. 0. 0. 0. 1. 0. 0. 0. 1. 0. 1. 0. 0. 0. 0. 0. 0. 0. 0. 0. 0. 1. 1. 1. 1. 1. 1.],10.0,10000,30,0.6,10,1,10,,problem_solving
7700,0.03330383989576469,0.0047142745682446875,0.4,1.579029101205272,[0.         0.         0.         0.01064448 0.         0.         0.         0.         0.01067065 0.         0.         0.         0.01623893 0.         0.0221339  0.         0.         0.         0.         0.         0.         0.         0.         0.         0.         0.87455159 0.01070775 0.01062665 0.0222218  0.01064751 0.01155674],[0. 0. 0. 1. 0. 0. 0. 0. 1. 0. 0. 0. 1. 0. 1. 0. 0. 0. 0. 0. 0. 0. 0. 0. 0. 1. 1. 1. 1. 1. 1.],10.0,10000,30,0.6,10,1,10,,problem_solving
7800,0.03330383989576469,0.0047142745682446875,0.4,7.033887487872505,[0.         0.         0.         0.01064448 0.         0.         0.         0.         0.01067065 0.         0.         0.         0.01623893 0.         0.0221339  0.         0.         0.         0.         0.         0.         0.         0.         0.         0.         0.87455159 0.01070775 0.01062665 0.0222218  0.01064751 0.01155674],[0. 0. 0. 1. 0. 0. 0. 0. 1. 0. 0. 0. 1. 0. 1. 0. 0. 0. 0. 0. 0. 0. 0. 0. 0. 1. 1. 1. 1. 1. 1.],10.0,10000,30,0.6,10,1,10,,problem_solving
7900,0.03330383989576469,0.0047142745682446875,0.4,2.24336253365525,[0.         0.         0.         0.01064448 0.         0.         0.         0.         0.01067065 0.         0.         0.         0.01623893 0.         0.0221339  0.         0.         0.         0.         0.         0.         0.         0.         0.         0.         0.87455159 0.01070775 0.01062665 0.0222218  0.01064751 0.01155674],[0. 0. 0. 1. 0. 0. 0. 0. 1. 0. 0. 0. 1. 0. 1. 0. 0. 0. 0. 0. 0. 0. 0. 0. 0. 1. 1. 1. 1. 1. 1.],10.0,10000,30,0.6,10,1,10,,problem_solving
8000,0.03330383989576469,0.0047142745682446875,0.4,22.67805646064524,[0.         0.         0.         0.01064448 0.         0.         0.         0.         0.01067065 0.         0.         0.         0.01623893 0.         0.0221339  0.         0.         0.         0.         0.         0.         0.         0.         0.         0.         0.87455159 0.01070775 0.01062665 0.0222218  0.01064751 0.01155674],[0. 0. 0. 1. 0. 0. 0. 0. 1. 0. 0. 0. 1. 0. 1. 0. 0. 0. 0. 0. 0. 0. 0. 0. 0. 1. 1. 1. 1. 1. 1.],10.0,10000,30,0.6,10,1,10,,problem_solving
8100,0.03330383989576469,0.0047142745682446875,0.4,-16.410310971531924,[0.         0.         0.         0.01064448 0.         0.         0.         0.         0.01067065 0.         0.         0.         0.01623893 0.         0.0221339  0.         0.         0.         0.         0.         0.         0.         0.         0.         0.         0.87455159 0.01070775 0.01062665 0.0222218  0.01064751 0.01155674],[0. 0. 0. 1. 0. 0. 0. 0. 1. 0. 0. 0. 1. 0. 1. 0. 0. 0. 0. 0. 0. 0. 0. 0. 0. 1. 1. 1. 1. 1. 1.],10.0,10000,30,0.6,10,1,10,,problem_solving
8200,0.03330383989576469,0.0047142745682446875,0.4,-8.426932262205614,[0.         0.         0.         0.01064448 0.         0.         0.         0.         0.01067065 0.         0.         0.         0.01623893 0.         0.0221339  0.         0.         0.         0.         0.         0.         0.         0.         0.         0.         0.87455159 0.01070775 0.01062665 0.0222218  0.01064751 0.01155674],[0. 0. 0. 1. 0. 0. 0. 0. 1. 0. 0. 0. 1. 0. 1. 0. 0. 0. 0. 0. 0. 0. 0. 0. 0. 1. 1. 1. 1. 1. 1.],10.0,10000,30,0.6,10,1,10,,problem_solving
8300,0.03330383989576469,0.0047142745682446875,0.4,14.55691924739985,[0.         0.         0.         0.01064448 0.         0.         0.         0.         0.01067065 0.         0.         0.         0.01623893 0.         0.0221339  0.         0.         0.         0.         0.         0.         0.         0.         0.         0.         0.87455159 0.01070775 0.01062665 0.0222218  0.01064751 0.01155674],[0. 0. 0. 1. 0. 0. 0. 0. 1. 0. 0. 0. 1. 0. 1. 0. 0. 0. 0. 0. 0. 0. 0. 0. 0. 1. 1. 1. 1. 1. 1.],10.0,10000,30,0.6,10,1,10,,problem_solving
8400,0.03330383989576469,0.0047142745682446875,0.4,11.898200909414754,[0.         0.         0.         0.01064448 0.         0.         0.         0.         0.01067065 0.         0.         0.         0.01623893 0.         0.0221339  0.         0.         0.         0.         0.         0.         0.         0.         0.         0.         0.87455159 0.01070775 0.01062665 0.0222218  0.01064751 0.01155674],[0. 0. 0. 1. 0. 0. 0. 0. 1. 0. 0. 0. 1. 0. 1. 0. 0. 0. 0. 0. 0. 0. 0. 0. 0. 1. 1. 1. 1. 1. 1.],10.0,10000,30,0.6,10,1,10,,problem_solving
8500,0.03330383989576469,0.0047142745682446875,0.4,-13.70064206395732,[0.         0.         0.         0.01064448 0.         0.         0.         0.         0.01067065 0.         0.         0.         0.01623893 0.         0.0221339  0.         0.         0.         0.         0.         0.         0.         0.         0.         0.         0.87455159 0.01070775 0.01062665 0.0222218  0.01064751 0.01155674],[0. 0. 0. 1. 0. 0. 0. 0. 1. 0. 0. 0. 1. 0. 1. 0. 0. 0. 0. 0. 0. 0. 0. 0. 0. 1. 1. 1. 1. 1. 1.],10.0,10000,30,0.6,10,1,10,,problem_solving
8600,0.03330383989576469,0.0047142745682446875,0.4,-7.0965044924135405,[0.         0.         0.         0.01064448 0.         0.         0.         0.         0.01067065 0.         0.         0.         0.01623893 0.         0.0221339  0.         0.         0.         0.         0.         0.         0.         0.         0.         0.         0.87455159 0.01070775 0.01062665 0.0222218  0.01064751 0.01155674],[0. 0. 0. 1. 0. 0. 0. 0. 1. 0. 0. 0. 1. 0. 1. 0. 0. 0. 0. 0. 0. 0. 0. 0. 0. 1. 1. 1. 1. 1. 1.],10.0,10000,30,0.6,10,1,10,,problem_solving
8700,0.03330383989576469,0.0047142745682446875,0.4,1.4528548262092618,[0.         0.         0.         0.01064448 0.         0.         0.         0.         0.01067065 0.         0.         0.         0.01623893 0.         0.0221339  0.         0.         0.         0.         0.         0.         0.         0.         0.         0.         0.87455159 0.01070775 0.01062665 0.0222218  0.01064751 0.01155674],[0. 0. 0. 1. 0. 0. 0. 0. 1. 0. 0. 0. 1. 0. 1. 0. 0. 0. 0. 0. 0. 0. 0. 0. 0. 1. 1. 1. 1. 1. 1.],10.0,10000,30,0.6,10,1,10,,problem_solving
8800,0.03330383989576469,0.0047142745682446875,0.4,-8.21488606998908,[0.         0.         0.         0.01064448 0.         0.         0.         0.         0.01067065 0.         0.         0.         0.01623893 0.         0.0221339  0.         0.         0.         0.         0.         0.         0.         0.         0.         0.         0.87455159 0.01070775 0.01062665 0.0222218  0.01064751 0.01155674],[0. 0. 0. 1. 0. 0. 0. 0. 1. 0. 0. 0. 1. 0. 1. 0. 0. 0. 0. 0. 0. 0. 0. 0. 0. 1. 1. 1. 1. 1. 1.],10.0,10000,30,0.6,10,1,10,,problem_solving
8900,0.03330383989576469,0.0047142745682446875,0.4,3.2161262648925475,[0.         0.         0.         0.01064448 0.         0.         0.         0.         0.01067065 0.         0.         0.         0.01623893 0.         0.0221339  0.         0.         0.         0.         0.         0.         0.         0.         0.         0.         0.87455159 0.01070775 0.01062665 0.0222218  0.01064751 0.01155674],[0. 0. 0. 1. 0. 0. 0. 0. 1. 0. 0. 0. 1. 0. 1. 0. 0. 0. 0. 0. 0. 0. 0. 0. 0. 1. 1. 1. 1. 1. 1.],10.0,10000,30,0.6,10,1,10,,problem_solving
9000,0.03330383989576469,0.0047142745682446875,0.4,3.6446220446149558,[0.         0.         0.         0.01064448 0.         0.         0.         0.         0.01067065 0.         0.         0.         0.01623893 0.         0.0221339  0.         0.         0.         0.         0.         0.         0.         0.         0.         0.         0.87455159 0.01070775 0.01062665 0.0222218  0.01064751 0.01155674],[0. 0. 0. 1. 0. 0. 0. 0. 1. 0. 0. 0. 1. 0. 1. 0. 0. 0. 0. 0. 0. 0. 0. 0. 0. 1. 1. 1. 1. 1. 1.],10.0,10000,30,0.6,10,1,10,,problem_solving
9100,0.03330383989576469,0.0047142745682446875,0.4,-8.69257748098321,[0.         0.         0.         0.01064448 0.         0.         0.         0.         0.01067065 0.         0.         0.         0.01623893 0.         0.0221339  0.         0.         0.         0.         0.         0.         0.         0.         0.         0.         0.87455159 0.01070775 0.01062665 0.0222218  0.01064751 0.01155674],[0. 0. 0. 1. 0. 0. 0. 0. 1. 0. 0. 0. 1. 0. 1. 0. 0. 0. 0. 0. 0. 0. 0. 0. 0. 1. 1. 1. 1. 1. 1.],10.0,10000,30,0.6,10,1,10,,problem_solving
9200,0.03330383989576469,0.0047142745682446875,0.4,-1.7550753149666185,[0.         0.         0.         0.01064448 0.         0.         0.         0.         0.01067065 0.         0.         0.         0.01623893 0.         0.0221339  0.         0.         0.         0.         0.         0.         0.         0.         0.         0.         0.87455159 0.01070775 0.01062665 0.0222218  0.01064751 0.01155674],[0. 0. 0. 1. 0. 0. 0. 0. 1. 0. 0. 0. 1. 0. 1. 0. 0. 0. 0. 0. 0. 0. 0. 0. 0. 1. 1. 1. 1. 1. 1.],10.0,10000,30,0.6,10,1,10,,problem_solving
9300,0.03330383989576469,0.0047142745682446875,0.4,2.528284819625287,[0.         0.         0.         0.01064448 0.         0.         0.         0.         0.01067065 0.         0.         0.         0.01623893 0.         0.0221339  0.         0.         0.         0.         0.         0.         0.         0.         0.         0.         0.87455159 0.01070775 0.01062665 0.0222218  0.01064751 0.01155674],[0. 0. 0. 1. 0. 0. 0. 0. 1. 0. 0. 0. 1. 0. 1. 0. 0. 0. 0. 0. 0. 0. 0. 0. 0. 1. 1. 1. 1. 1. 1.],10.0,10000,30,0.6,10,1,10,,problem_solving
9400,0.03330383989576469,0.0047142745682446875,0.4,-18.27325240706947,[0.         0.         0.         0.01064448 0.         0.         0.         0.         0.01067065 0.         0.         0.         0.01623893 0.         0.0221339  0.         0.         0.         0.         0.         0.         0.         0.         0.         0.         0.87455159 0.01070775 0.01062665 0.0222218  0.01064751 0.01155674],[0. 0. 0. 1. 0. 0. 0. 0. 1. 0. 0. 0. 1. 0. 1. 0. 0. 0. 0. 0. 0. 0. 0. 0. 0. 1. 1. 1. 1. 1. 1.],10.0,10000,30,0.6,10,1,10,,problem_solving
9500,0.03330383989576469,0.0047142745682446875,0.4,8.097186245558337,[0.         0.         0.         0.01064448 0.         0.         0.         0.         0.01067065 0.         0.         0.         0.01623893 0.         0.0221339  0.         0.         0.         0.         0.         0.         0.         0.         0.         0.         0.87455159 0.01070775 0.01062665 0.0222218  0.01064751 0.01155674],[0. 0. 0. 1. 0. 0. 0. 0. 1. 0. 0. 0. 1. 0. 1. 0. 0. 0. 0. 0. 0. 0. 0. 0. 0. 1. 1. 1. 1. 1. 1.],10.0,10000,30,0.6,10,1,10,,problem_solving
9600,0.03330383989576469,0.0047142745682446875,0.4,19.72304400579488,[0.         0.         0.         0.01064448 0.         0.         0.         0.         0.01067065 0.         0.         0.         0.01623893 0.         0.0221339  0.         0.         0.         0.         0.         0.         0.         0.         0.         0.         0.87455159 0.01070775 0.01062665 0.0222218  0.01064751 0.01155674],[0. 0. 0. 1. 0. 0. 0. 0. 1. 0. 0. 0. 1. 0. 1. 0. 0. 0. 0. 0. 0. 0. 0. 0. 0. 1. 1. 1. 1. 1. 1.],10.0,10000,30,0.6,10,1,10,,problem_solving
9700,0.03330383989576469,0.0047142745682446875,0.4,17.44029008824135,[0.         0.         0.         0.01064448 0.         0.         0.         0.         0.01067065 0.         0.         0.         0.01623893 0.         0.0221339  0.         0.         0.         0.         0.         0.         0.         0.         0.         0.         0.87455159 0.01070775 0.01062665 0.0222218  0.01064751 0.01155674],[0. 0. 0. 1. 0. 0. 0. 0. 1. 0. 0. 0. 1. 0. 1. 0. 0. 0. 0. 0. 0. 0. 0. 0. 0. 1. 1. 1. 1. 1. 1.],10.0,10000,30,0.6,10,1,10,,problem_solving
9800,0.03330383989576469,0.0047142745682446875,0.4,12.131063691293418,[0.         0.         0.         0.01064448 0.         0.         0.         0.         0.01067065 0.         0.         0.         0.01623893 0.         0.0221339  0.         0.         0.         0.         0.         0.         0.         0.         0.         0.         0.87455159 0.01070775 0.01062665 0.0222218  0.01064751 0.01155674],[0. 0. 0. 1. 0. 0. 0. 0. 1. 0. 0. 0. 1. 0. 1. 0. 0. 0. 0. 0. 0. 0. 0. 0. 0. 1. 1. 1. 1. 1. 1.],10.0,10000,30,0.6,10,1,10,,problem_solving
9900,0.03330383989576469,0.0047142745682446875,0.4,5.8788621411845785,[0.         0.         0.         0.01064448 0.         0.         0.         0.         0.01067065 0.         0.         0.         0.01623893 0.         0.0221339  0.         0.         0.         0.         0.         0.         0.         0.         0.         0.         0.87455159 0.01070775 0.01062665 0.0222218  0.01064751 0.01155674],[0. 0. 0. 1. 0. 0. 0. 0. 1. 0. 0. 0. 1. 0. 1. 0. 0. 0. 0. 0. 0. 0. 0. 0. 0. 1. 1. 1. 1. 1. 1.],10.0,10000,30,0.6,10,1,10,,problem_solving
9999,0.03330383989576469,0.0047142745682446875,0.4,-0.5155798564629667,[0.         0.         0.         0.01064448 0.         0.         0.         0.         0.01067065 0.         0.         0.         0.01623893 0.         0.0221339  0.         0.         0.         0.         0.         0.         0.         0.         0.         0.         0.87455159 0.01070775 0.01062665 0.0222218  0.01064751 0.01155674],[0. 0. 0. 1. 0. 0. 0. 0. 1. 0. 0. 0. 1. 0. 1. 0. 0. 0. 0. 0. 0. 0. 0. 0. 0. 1. 1. 1. 1. 1. 1.],10.0,10000,30,0.6,10,1,10,,problem_solving
