iter,cost,return,par,move,X,Z,Q,max_iter,mem_size,mem_consider,sigma,port_n,k,seed,tag
1,0.1517406414204111,0.005356420847640107,0.4,-6.4635390246607285,[0.01042011 0.         0.         0.         0.88117784 0.         0.         0.         0.         0.01254173 0.         0.         0.         0.         0.         0.         0.         0.01641315 0.         0.0119466  0.         0.01649613 0.         0.         0.01516209 0.         0.01457675 0.0105039  0.0107617  0.         0.        ],[1. 0. 0. 0. 1. 0. 0. 0. 0. 1. 0. 0. 0. 0. 0. 0. 0. 1. 0. 1. 0. 1. 0. 0. 1. 0. 1. 1. 1. 0. 0.],10.0,10000,30,0.6,10,1,10,,problem_solving
100,0.05483629440018545,0.006770104291982308,0.4,9.486502590392725,[0.         0.01099701 0.01077044 0.         0.01076961 0.         0.         0.         0.         0.         0.         0.         0.01077375 0.         0.         0.         0.01320624 0.         0.         0.01483073 0.         0.01995242 0.         0.         0.         0.86996104 0.02264813 0.01609063 0.         0.         0.        ],[0. 1. 1. 0. 1. 0. 0. 0. 0. 0. 0. 0. 1. 0. 0. 0. 1. 0. 0. 1. 0. 1. 0. 0. 0. 1. 1. 1. 0. 0. 0.],10.0,10000,30,0.6,10,1,10,,problem_solving
200,0.046621818433952196,0.009603811141854048,0.4,-0.30652695175378963,[0.         0.01427415 0.         0.         0.         0.         0.         0.01843642 0.01211867 0.01677702 0.         0.         0.         0.         0.         0.         0.         0.01604814 0.01237853 0.01748061 0.         0.01068335 0.         0.         0.         0.86888811 0.         0.         0.         0.         0.012915  ],[0. 1. 0. 0. 0. 0. 0. 1. 1. 1. 0. 0. 0. 0. 0. 0. 0. 1. 1. 1. 0. 1. 0. 0. 0. 1. 0. 0. 0. 0. 1.],10.0,10000,30,0.6,10,1,10,,problem_solving
300,0.046621818433952196,0.009603811141854048,0.4,11.182181948137266,[0.         0.01427415 0.         0.         0.         0.         0.         0.01843642 0.01211867 0.01677702 0.         0.         0.         0.         0.         0.         0.         0.01604814 0.01237853 0.01748061 0.         0.01068335 0.         0.         0.         0.86888811 0.         0.         0.         0.         0.012915  ],[0. 1. 0. 0. 0. 0. 0. 1. 1. 1. 0. 0. 0. 0. 0. 0. 0. 1. 1. 1. 0. 1. 0. 0. 0. 1. 0. 0. 0. 0. 1.],10.0,10000,30,0.6,10,1,10,,problem_solving
400,0.046621818433952196,0.009603811141854048,0.4,6.50093788473725,[0.         0.01427415 0.         0.         0.         0.         0.         0.01843642 0.01211867 0.01677702 0.         0.         0.         0.         0.         0.         0.         0.01604814 0.01237853 0.01748061 0.         0.01068335 0.         0.         0.         0.86888811 0.         0.         0.         0.         0.012915  ],[0. 1. 0. 0. 0. 0. 0. 1. 1. 1. 0. 0. 0. 0. 0. 0. 0. 1. 1. 1. 0. 1. 0. 0. 0. 1. 0. 0. 0. 0. 1.],10.0,10000,30,0.6,10,1,10,,problem_solving
500,0.046621818433952196,0.009603811141854048,0.4,11.474906287098399,[0.         0.01427415 0.         0.         0.         0.         0.         0.01843642 0.01211867 0.01677702 0.         0.         0.         0.         0.         0.         0.         0.01604814 0.01237853 0.01748061 0.         0.01068335 0.         0.         0.         0.86888811 0.         0.         0.         0.         0.012915  ],[0. 1. 0. 0. 0. 0. 0. 1. 1. 1. 0. 0. 0. 0. 0. 0. 0. 1. 1. 1. 0. 1. 0. 0. 0. 1. 0. 0. 0. 0. 1.],10.0,10000,30,0.6,10,1,10,,problem_solving
600,0.046621818433952196,0.009603811141854048,0.4,0.9533370705933144,[0.         0.01427415 0.         0.         0.         0.         0.         0.01843642 0.01211867 0.01677702 0.         0.         0.         0.         0.         0.         0.         0.01604814 0.01237853 0.01748061 0.         0.01068335 0.         0.         0.         0.86888811 0.         0.         0.         0.         0.012915  ],[0. 1. 0. 0. 0. 0. 0. 1. 1. 1. 0. 0. 0. 0. 0. 0. 0. 1. 1. 1. 0. 1. 0. 0. 0. 1. 0. 0. 0. 0. 1.],10.0,10000,30,0.6,10,1,10,,problem_solving
700,0.04559090864638704,0.006726626986092264,0.4,-28.574637912160664,[0.         0.         0.0117147  0.         0.         0.         0.0106854  0.         0.         0.         0.         0.0145291  0.         0.         0.         0.         0.01628868 0.         0.01100623 0.01696753 0.         0.         0.         0.         0.         0.86772568 0.02006157 0.01147106 0.         0.         0.01955004],[0. 0. 1. 0. 0. 0. 1. 0. 0. 0. 0. 1. 0. 0. 0. 0. 1. 0. 1. 1. 0. 0. 0. 0. 0. 1. 1. 1. 0. 0. 1.],10.0,10000,30,0.6,10,1,10,,problem_solving
800,0.034576467066451726,0.004676198823653257,0.4,19.07579135615348,[0.         0.01617036 0.01484508 0.         0.01436116 0.         0.0106506  0.         0.         0.01589245 0.         0.         0.         0.01224053 0.         0.         0.01304654 0.         0.         0.         0.         0.         0.         0.         0.         0.88029016 0.         0.         0.0104464  0.01205671 0.        ],[0. 1. 1. 0. 1. 0. 1. 0. 0. 1. 0. 0. 0. 1. 0. 0. 1. 0. 0. 0. 0. 0. 0. 0. 0. 1. 0. 0. 1. 1. 0.],10.0,10000,30,0.6,10,1,10,,problem_solving
900,0.034576467066451726,0.004676198823653257,0.4,1.0540419796259166,[0.         0.01617036 0.01484508 0.         0.01436116 0.         0.0106506  0.         0.         0.01589245 0.         0.         0.         0.01224053 0.         0.         0.01304654 0.         0.         0.         0.         0.         0.         0.         0.         0.88029016 0.         0.         0.0104464  0.01205671 0.        ],[0. 1. 1. 0. 1. 0. 1. 0. 0. 1. 0. 0. 0. 1. 0. 0. 1. 0. 0. 0. 0. 0. 0. 0. 0. 1. 0. 0. 1. 1. 0.],10.0,10000,30,0.6,10,1,10,,problem_solving
1000,0.034576467066451726,0.004676198823653257,0.4,-4.7450659957711485,[0.         0.01617036 0.01484508 0.         0.01436116 0.         0.0106506  0.         0.         0.01589245 0.         0.         0.         0.01224053 0.         0.         0.01304654 0.         0.         0.         0.         0.         0.         0.         0.         0.88029016 0.         0.         0.0104464  0.01205671 0.        ],[0. 1. 1. 0. 1. 0. 1. 0. 0. 1. 0. 0. 0. 1. 0. 0. 1. 0. 0. 0. 0. 0. 0. 0. 0. 1. 0. 0. 1. 1. 0.],10.0,10000,30,0.6,10,1,10,,problem_solving
1100,0.034576467066451726,0.004676198823653257,0.4,-19.72768211194801,[0.         0.01617036 0.01484508 0.         0.01436116 0.         0.0106506  0.         0.         0.01589245 0.         0.         0.         0.01224053 0.         0.         0.01304654 0.         0.         0.         0.         0.         0.         0.         0.         0.88029016 0.         0.         0.0104464  0.01205671 0.        ],[0. 1. 1. 0. 1. 0. 1. 0. 0. 1. 0. 0. 0. 1. 0. 0. 1. 0. 0. 0. 0. 0. 0. 0. 0. 1. 0. 0. 1. 1. 0.],10.0,10000,30,0.6,10,1,10,,problem_solving
1200,0.034576467066451726,0.004676198823653257,0.4,-5.135464147184543,[0.         0.01617036 0.01484508 0.         0.01436116 0.         0.0106506  0.         0.         0.01589245 0.         0.         0.         0.01224053 0.         0.         0.01304654 0.         0.         0.         0.         0.         0.         0.         0.         0.88029016 0.         0.         0.0104464  0.01205671 0.        ],[0. 1. 1. 0. 1. 0. 1. 0. 0. 1. 0. 0. 0. 1. 0. 0. 1. 0. 0. 0. 0. 0. 0. 0. 0. 1. 0. 0. 1. 1. 0.],10.0,10000,30,0.6,10,1,10,,problem_solving
1300,0.034576467066451726,0.004676198823653257,0.4,0.2571234732338902,[0.         0.01617036 0.01484508 0.         0.01436116 0.         0.0106506  0.         0.         0.01589245 0.         0.         0.         0.01224053 0.         0.         0.01304654 0.         0.         0.         0.         0.         0.         0.         0.         0.88029016 0.         0.         0.0104464  0.01205671 0.        ],[0. 1. 1. 0. 1. 0. 1. 0. 0. 1. 0. 0. 0. 1. 0. 0. 1. 0. 0. 0. 0. 0. 0. 0. 0. 1. 0. 0. 1. 1. 0.],10.0,10000,30,0.6,10,1,10,,problem_solving
1400,0.034576467066451726,0.004676198823653257,0.4,4.880349935499402,[0.         0.01617036 0.01484508 0.         0.01436116 0.         0.0106506  0.         0.         0.01589245 0.         0.         0.         0.01224053 0.         0.         0.01304654 0.         0.         0.         0.         0.         0.         0.         0.         0.88029016 0.         0.         0.0104464  0.01205671 0.        ],[0. 1. 1. 0. 1. 0. 1. 0. 0. 1. 0. 0. 0. 1. 0. 0. 1. 0. 0. 0. 0. 0. 0. 0. 0. 1. 0. 0. 1. 1. 0.],10.0,10000,30,0.6,10,1,10,,problem_solving
1500,0.034576467066451726,0.004676198823653257,0.4,-7.7858980385384635,[0.         0.01617036 0.01484508 0.         0.01436116 0.         0.0106506  0.         0.         0.01589245 0.         0.         0.         0.01224053 0.         0.         0.01304654 0.         0.         0.         0.         0.         0.         0.         0.         0.88029016 0.         0.         0.0104464  0.01205671 0.        ],[0. 1. 1. 0. 1. 0. 1. 0. 0. 1. 0. 0. 0. 1. 0. 0. 1. 0. 0. 0. 0. 0. 0. 0. 0. 1. 0. 0. 1. 1. 0.],10.0,10000,30,0.6,10,1,10,,problem_solving
1600,0.034576467066451726,0.004676198823653257,0.4,-4.209947016415984,[0.         0.01617036 0.01484508 0.         0.01436116 0.         0.0106506  0.         0.         0.01589245 0.         0.         0.         0.01224053 0.         0.         0.01304654 0.         0.         0.         0.         0.         0.         0.         0.         0.88029016 0.         0.         0.0104464  0.01205671 0.        ],[0. 1. 1. 0. 1. 0. 1. 0. 0. 1. 0. 0. 0. 1. 0. 0. 1. 0. 0. 0. 0. 0. 0. 0. 0. 1. 0. 0. 1. 1. 0.],10.0,10000,30,0.6,10,1,10,,problem_solving
1700,0.034576467066451726,0.004676198823653257,0.4,-4.233828824733152,[0.         0.01617036 0.01484508 0.         0.01436116 0.         0.0106506  0.         0.         0.01589245 0.         0.         0.         0.01224053 0.         0.         0.01304654 0.         0.         0.         0.         0.         0.         0.         0.         0.88029016 0.         0.         0.0104464  0.01205671 0.        ],[0. 1. 1. 0. 1. 0. 1. 0. 0. 1. 0. 0. 0. 1. 0. 0. 1. 0. 0. 0. 0. 0. 0. 0. 0. 1. 0. 0. 1. 1. 0.],10.0,10000,30,0.6,10,1,10,,problem_solving
1800,0.034576467066451726,0.004676198823653257,0.4,8.91848640699541,[0.         0.01617036 0.01484508 0.         0.01436116 0.         0.0106506  0.         0.         0.01589245 0.         0.         0.         0.01224053 0.         0.         0.01304654 0.         0.         0.         0.         0.         0.         0.         0.         0.88029016 0.         0.         0.0104464  0.01205671 0.        ],[0. 1. 1. 0. 1. 0. 1. 0. 0. 1. 0. 0. 0. 1. 0. 0. 1. 0. 0. 0. 0. 0. 0. 0. 0. 1. 0. 0. 1. 1. 0.],10.0,10000,30,0.6,10,1,10,,problem_solving
1900,0.034576467066451726,0.004676198823653257,0.4,2.880217208534815,[0.         0.01617036 0.01484508 0.         0.01436116 0.         0.0106506  0.         0.         0.01589245 0.         0.         0.         0.01224053 0.         0.         0.01304654 0.         0.         0.         0.         0.         0.         0.         0.         0.88029016 0.         0.         0.0104464  0.01205671 0.        ],[0. 1. 1. 0. 1. 0. 1. 0. 0. 1. 0. 0. 0. 1. 0. 0. 1. 0. 0. 0. 0. 0. 0. 0. 0. 1. 0. 0. 1. 1. 0.],10.0,10000,30,0.6,10,1,10,,problem_solving
2000,0.034576467066451726,0.004676198823653257,0.4,2.4330229725877364,[0.         0.01617036 0.01484508 0.         0.01436116 0.         0.0106506  0.         0.         0.01589245 0.         0.         0.         0.01224053 0.         0.         0.01304654 0.         0.         0.         0.         0.         0.         0.         0.         0.88029016 0.         0.         0.0104464  0.01205671 0.        ],[0. 1. 1. 0. 1. 0. 1. 0. 0. 1. 0. 0. 0. 1. 0. 0. 1. 0. 0. 0. 0. 0. 0. 0. 0. 1. 0. 0. 1. 1. 0.],10.0,10000,30,0.6,10,1,10,,problem_solving
2100,0.034576467066451726,0.004676198823653257,0.4,-5.040892483338462,[0.         0.01617036 0.01484508 0.         0.01436116 0.         0.0106506  0.         0.         0.01589245 0.         0.         0.         0.01224053 0.         0.         0.01304654 0.         0.         0.         0.         0.         0.         0.         0.         0.88029016 0.         0.         0.0104464  0.01205671 0.        ],[0. 1. 1. 0. 1. 0. 1. 0. 0. 1. 0. 0. 0. 1. 0. 0. 1. 0. 0. 0. 0. 0. 0. 0. 0. 1. 0. 0. 1. 1. 0.],10.0,10000,30,0.6,10,1,10,,problem_solving
2200,0.0340733760708621,0.004641640010035627,0.4,-14.711370362161997,[0.01294164 0.         0.         0.         0.         0.         0.01405442 0.         0.01566345 0.         0.         0.01357065 0.         0.         0.         0.         0.01039824 0.         0.         0.         0.01040197 0.         0.01395462 0.01477167 0.         0.88258666 0.         0.         0.         0.0116567  0.        ],[1. 0. 0. 0. 0. 0. 1. 0. 1. 0. 0. 1. 0. 0. 0. 0. 1. 0. 0. 0. 1. 0. 1. 1. 0. 1. 0. 0. 0. 1. 0.],10.0,10000,30,0.6,10,1,10,,problem_solving
2300,0.0340733760708621,0.004641640010035627,0.4,6.404524691312296,[0.01294164 0.         0.         0.         0.         0.         0.01405442 0.         0.01566345 0.         0.         0.01357065 0.         0.         0.         0.         0.01039824 0.         0.         0.         0.01040197 0.         0.01395462 0.01477167 0.         0.88258666 0.         0.         0.         0.0116567  0.        ],[1. 0. 0. 0. 0. 0. 1. 0. 1. 0. 0. 1. 0. 0. 0. 0. 1. 0. 0. 0. 1. 0. 1. 1. 0. 1. 0. 0. 0. 1. 0.],10.0,10000,30,0.6,10,1,10,,problem_solving
2400,0.0340733760708621,0.004641640010035627,0.4,-11.624652580456914,[0.01294164 0.         0.         0.         0.         0.         0.01405442 0.         0.01566345 0.         0.         0.01357065 0.         0.         0.         0.         0.01039824 0.         0.         0.         0.01040197 0.         0.01395462 0.01477167 0.         0.88258666 0.         0.         0.         0.0116567  0.        ],[1. 0. 0. 0. 0. 0. 1. 0. 1. 0. 0. 1. 0. 0. 0. 0. 1. 0. 0. 0. 1. 0. 1. 1. 0. 1. 0. 0. 0. 1. 0.],10.0,10000,30,0.6,10,1,10,,problem_solving
2500,0.0340733760708621,0.004641640010035627,0.4,10.389066866617608,[0.01294164 0.         0.         0.         0.         0.         0.01405442 0.         0.01566345 0.         0.         0.01357065 0.         0.         0.         0.         0.01039824 0.         0.         0.         0.01040197 0.         0.01395462 0.01477167 0.         0.88258666 0.         0.         0.         0.0116567  0.        ],[1. 0. 0. 0. 0. 0. 1. 0. 1. 0. 0. 1. 0. 0. 0. 0. 1. 0. 0. 0. 1. 0. 1. 1. 0. 1. 0. 0. 0. 1. 0.],10.0,10000,30,0.6,10,1,10,,problem_solving
2600,0.0340733760708621,0.004641640010035627,0.4,5.7317878530250095,[0.01294164 0.         0.         0.         0.         0.         0.01405442 0.         0.01566345 0.         0.         0.01357065 0.         0.         0.         0.         0.01039824 0.         0.         0.         0.01040197 0.         0.01395462 0.01477167 0.         0.88258666 0.         0.         0.         0.0116567  0.        ],[1. 0. 0. 0. 0. 0. 1. 0. 1. 0. 0. 1. 0. 0. 0. 0. 1. 0. 0. 0. 1. 0. 1. 1. 0. 1. 0. 0. 0. 1. 0.],10.0,10000,30,0.6,10,1,10,,problem_solving
2700,0.0340733760708621,0.004641640010035627,0.4,-1.6401315481733039,[0.01294164 0.         0.         0.         0.         0.         0.01405442 0.         0.01566345 0.         0.         0.01357065 0.         0.         0.         0.         0.01039824 0.         0.         0.         0.01040197 0.         0.01395462 0.01477167 0.         0.88258666 0.         0.         0.         0.0116567  0.        ],[1. 0. 0. 0. 0. 0. 1. 0. 1. 0. 0. 1. 0. 0. 0. 0. 1. 0. 0. 0. 1. 0. 1. 1. 0. 1. 0. 0. 0. 1. 0.],10.0,10000,30,0.6,10,1,10,,problem_solving
2800,0.0340733760708621,0.004641640010035627,0.4,-7.942110674465135,[0.01294164 0.         0.         0.         0.         0.         0.01405442 0.         0.01566345 0.         0.         0.01357065 0.         0.         0.         0.         0.01039824 0.         0.         0.         0.01040197 0.         0.01395462 0.01477167 0.         0.88258666 0.         0.         0.         0.0116567  0.        ],[1. 0. 0. 0. 0. 0. 1. 0. 1. 0. 0. 1. 0. 0. 0. 0. 1. 0. 0. 0. 1. 0. 1. 1. 0. 1. 0. 0. 0. 1. 0.],10.0,10000,30,0.6,10,1,10,,problem_solving
2900,0.0340733760708621,0.004641640010035627,0.4,15.256290504320706,[0.01294164 0.         0.         0.         0.         0.         0.01405442 0.         0.01566345 0.         0.         0.01357065 0.         0.         0.         0.         0.01039824 0.         0.         0.         0.01040197 0.         0.01395462 0.01477167 0.         0.88258666 0.         0.         0.         0.0116567  0.        ],[1. 0. 0. 0. 0. 0. 1. 0. 1. 0. 0. 1. 0. 0. 0. 0. 1. 0. 0. 0. 1. 0. 1. 1. 0. 1. 0. 0. 0. 1. 0.],10.0,10000,30,0.6,10,1,10,,problem_solving
3000,0.0340733760708621,0.004641640010035627,0.4,-23.771120973634762,[0.01294164 0.         0.         0.         0.         0.         0.01405442 0.         0.01566345 0.         0.         0.01357065 0.         0.         0.         0.         0.01039824 0.         0.         0.         0.01040197 0.         0.01395462 0.01477167 0.         0.88258666 0.         0.         0.         0.0116567  0.        ],[1. 0. 0. 0. 0. 0. 1. 0. 1. 0. 0. 1. 0. 0. 0. 0. 1. 0. 0. 0. 1. 0. 1. 1. 0. 1. 0. 0. 0. 1. 0.],10.0,10000,30,0.6,10,1,10,,problem_solving
3100,0.0340733760708621,0.004641640010035627,0.4,-1.5257488510192738,[0.01294164 0.         0.         0.         0.         0.         0.01405442 0.         0.01566345 0.         0.         0.01357065 0.         0.         0.         0.         0.01039824 0.         0.         0.         0.01040197 0.         0.01395462 0.01477167 0.         0.88258666 0.         0.         0.         0.0116567  0.        ],[1. 0. 0. 0. 0. 0. 1. 0. 1. 0. 0. 1. 0. 0. 0. 0. 1. 0. 0. 0. 1. 0. 1. 1. 0. 1. 0. 0. 0. 1. 0.],10.0,10000,30,0.6,10,1,10,,problem_solving
3200,0.0340733760708621,0.004641640010035627,0.4,12.236979157272325,[0.01294164 0.         0.         0.         0.         0.         0.01405442 0.         0.01566345 0.         0.         0.01357065 0.         0.         0.         0.         0.01039824 0.         0.         0.         0.01040197 0.         0.01395462 0.01477167 0.         0.88258666 0.         0.         0.         0.0116567  0.        ],[1. 0. 0. 0. 0. 0. 1. 0. 1. 0. 0. 1. 0. 0. 0. 0. 1. 0. 0. 0. 1. 0. 1. 1. 0. 1. 0. 0. 0. 1. 0.],10.0,10000,30,0.6,10,1,10,,problem_solving
3300,0.0340733760708621,0.004641640010035627,0.4,12.444608931592692,[0.01294164 0.         0.         0.         0.         0.         0.01405442 0.         0.01566345 0.         0.         0.01357065 0.         0.         0.         0.         0.01039824 0.         0.         0.         0.01040197 0.         0.01395462 0.01477167 0.         0.88258666 0.         0.         0.         0.0116567  0.        ],[1. 0. 0. 0. 0. 0. 1. 0. 1. 0. 0. 1. 0. 0. 0. 0. 1. 0. 0. 0. 1. 0. 1. 1. 0. 1. 0. 0. 0. 1. 0.],10.0,10000,30,0.6,10,1,10,,problem_solving
3400,0.0340733760708621,0.004641640010035627,0.4,-7.527820819485508,[0.01294164 0.         0.         0.         0.         0.         0.01405442 0.         0.01566345 0.         0.         0.01357065 0.         0.         0.         0.         0.01039824 0.         0.         0.         0.01040197 0.         0.01395462 0.01477167 0.         0.88258666 0.         0.         0.         0.0116567  0.        ],[1. 0. 0. 0. 0. 0. 1. 0. 1. 0. 0. 1. 0. 0. 0. 0. 1. 0. 0. 0. 1. 0. 1. 1. 0. 1. 0. 0. 0. 1. 0.],10.0,10000,30,0.6,10,1,10,,problem_solving
3500,0.0340733760708621,0.004641640010035627,0.4,-1.0176589367996152,[0.01294164 0.         0.         0.         0.         0.         0.01405442 0.         0.01566345 0.         0.         0.01357065 0.         0.         0.         0.         0.01039824 0.         0.         0.         0.01040197 0.         0.01395462 0.01477167 0.         0.88258666 0.         0.         0.         0.0116567  0.        ],[1. 0. 0. 0. 0. 0. 1. 0. 1. 0. 0. 1. 0. 0. 0. 0. 1. 0. 0. 0. 1. 0. 1. 1. 0. 1. 0. 0. 0. 1. 0.],10.0,10000,30,0.6,10,1,10,,problem_solving
3600,0.0340733760708621,0.004641640010035627,0.4,-9.686811085803514,[0.01294164 0.         0.         0.         0.         0.         0.01405442 0.         0.01566345 0.         0.         0.01357065 0.         0.         0.         0.         0.01039824 0.         0.         0.         0.01040197 0.         0.01395462 0.01477167 0.         0.88258666 0.         0.         0.         0.0116567  0.        ],[1. 0. 0. 0. 0. 0. 1. 0. 1. 0. 0. 1. 0. 0. 0. 0. 1. 0. 0. 0. 1. 0. 1. 1. 0. 1. 0. 0. 0. 1. 0.],10.0,10000,30,0.6,10,1,10,,problem_solving
3700,0.0340733760708621,0.004641640010035627,0.4,-7.429753909267832,[0.01294164 0.         0.         0.         0.         0.         0.01405442 0.         0.01566345 0.         0.         0.01357065 0.         0.         0.         0.         0.01039824 0.         0.         0.         0.01040197 0.         0.01395462 0.01477167 0.         0.88258666 0.         0.         0.         0.0116567  0.        ],[1. 0. 0. 0. 0. 0. 1. 0. 1. 0. 0. 1. 0. 0. 0. 0. 1. 0. 0. 0. 1. 0. 1. 1. 0. 1. 0. 0. 0. 1. 0.],10.0,10000,30,0.6,10,1,10,,problem_solving
3800,0.0340733760708621,0.004641640010035627,0.4,-14.966490992753133,[0.01294164 0.         0.         0.         0.         0.         0.01405442 0.         0.01566345 0.         0.         0.01357065 0.         0.         0.         0.         0.01039824 0.         0.         0.         0.01040197 0.         0.01395462 0.01477167 0.         0.88258666 0.         0.         0.         0.0116567  0.        ],[1. 0. 0. 0. 0. 0. 1. 0. 1. 0. 0. 1. 0. 0. 0. 0. 1. 0. 0. 0. 1. 0. 1. 1. 0. 1. 0. 0. 0. 1. 0.],10.0,10000,30,0.6,10,1,10,,problem_solving
3900,0.0340733760708621,0.004641640010035627,0.4,-7.044597720782607,[0.01294164 0.         0.         0.         0.         0.         0.01405442 0.         0.01566345 0.         0.         0.01357065 0.         0.         0.         0.         0.01039824 0.         0.         0.         0.01040197 0.         0.01395462 0.01477167 0.         0.88258666 0.         0.         0.         0.0116567  0.        ],[1. 0. 0. 0. 0. 0. 1. 0. 1. 0. 0. 1. 0. 0. 0. 0. 1. 0. 0. 0. 1. 0. 1. 1. 0. 1. 0. 0. 0. 1. 0.],10.0,10000,30,0.6,10,1,10,,problem_solving
4000,0.0340733760708621,0.004641640010035627,0.4,-6.256957907270496,[0.01294164 0.         0.         0.         0.         0.         0.01405442 0.         0.01566345 0.         0.         0.01357065 0.         0.         0.         0.         0.01039824 0.         0.         0.         0.01040197 0.         0.01395462 0.01477167 0.         0.88258666 0.         0.         0.         0.0116567  0.        ],[1. 0. 0. 0. 0. 0. 1. 0. 1. 0. 0. 1. 0. 0. 0. 0. 1. 0. 0. 0. 1. 0. 1. 1. 0. 1. 0. 0. 0. 1. 0.],10.0,10000,30,0.6,10,1,10,,problem_solving
4100,0.0340733760708621,0.004641640010035627,0.4,0.31058097408688273,[0.01294164 0.         0.         0.         0.         0.         0.01405442 0.         0.01566345 0.         0.         0.01357065 0.         0.         0.         0.         0.01039824 0.         0.         0.         0.01040197 0.         0.01395462 0.01477167 0.         0.88258666 0.         0.         0.         0.0116567  0.        ],[1. 0. 0. 0. 0. 0. 1. 0. 1. 0. 0. 1. 0. 0. 0. 0. 1. 0. 0. 0. 1. 0. 1. 1. 0. 1. 0. 0. 0. 1. 0.],10.0,10000,30,0.6,10,1,10,,problem_solving
4200,0.0340733760708621,0.004641640010035627,0.4,-13.85390122256647,[0.01294164 0.         0.         0.         0.         0.         0.01405442 0.         0.01566345 0.         0.         0.01357065 0.         0.         0.         0.         0.01039824 0.         0.         0.         0.01040197 0.         0.01395462 0.01477167 0.         0.88258666 0.         0.         0.         0.0116567  0.        ],[1. 0. 0. 0. 0. 0. 1. 0. 1. 0. 0. 1. 0. 0. 0. 0. 1. 0. 0. 0. 1. 0. 1. 1. 0. 1. 0. 0. 0. 1. 0.],10.0,10000,30,0.6,10,1,10,,problem_solving
4300,0.0340733760708621,0.004641640010035627,0.4,-5.778284693065075,[0.01294164 0.         0.         0.         0.         0.         0.01405442 0.         0.01566345 0.         0.         0.01357065 0.         0.         0.         0.         0.01039824 0.         0.         0.         0.01040197 0.         0.01395462 0.01477167 0.         0.88258666 0.         0.         0.         0.0116567  0.        ],[1. 0. 0. 0. 0. 0. 1. 0. 1. 0. 0. 1. 0. 0. 0. 0. 1. 0. 0. 0. 1. 0. 1. 1. 0. 1. 0. 0. 0. 1. 0.],10.0,10000,30,0.6,10,1,10,,problem_solving
4400,0.0340733760708621,0.004641640010035627,0.4,4.5744969708123016,[0.01294164 0.         0.         0.         0.         0.         0.01405442 0.         0.01566345 0.         0.         0.01357065 0.         0.         0.         0.         0.01039824 0.         0.         0.         0.01040197 0.         0.01395462 0.01477167 0.         0.88258666 0.         0.         0.         0.0116567  0.        ],[1. 0. 0. 0. 0. 0. 1. 0. 1. 0. 0. 1. 0. 0. 0. 0. 1. 0. 0. 0. 1. 0. 1. 1. 0. 1. 0. 0. 0. 1. 0.],10.0,10000,30,0.6,10,1,10,,problem_solving
4500,0.0340733760708621,0.004641640010035627,0.4,-6.134309948840574,[0.01294164 0.         0.         0.         0.         0.         0.01405442 0.         0.01566345 0.         0.         0.01357065 0.         0.         0.         0.         0.01039824 0.         0.         0.         0.01040197 0.         0.01395462 0.01477167 0.         0.88258666 0.         0.         0.         0.0116567  0.        ],[1. 0. 0. 0. 0. 0. 1. 0. 1. 0. 0. 1. 0. 0. 0. 0. 1. 0. 0. 0. 1. 0. 1. 1. 0. 1. 0. 0. 0. 1. 0.],10.0,10000,30,0.6,10,1,10,,problem_solving
4600,0.0340733760708621,0.004641640010035627,0.4,3.770841108382922,[0.01294164 0.         0.         0.         0.         0.         0.01405442 0.         0.01566345 0.         0.         0.01357065 0.         0.         0.         0.         0.01039824 0.         0.         0.         0.01040197 0.         0.01395462 0.01477167 0.         0.88258666 0.         0.         0.         0.0116567  0.        ],[1. 0. 0. 0. 0. 0. 1. 0. 1. 0. 0. 1. 0. 0. 0. 0. 1. 0. 0. 0. 1. 0. 1. 1. 0. 1. 0. 0. 0. 1. 0.],10.0,10000,30,0.6,10,1,10,,problem_solving
4700,0.0340733760708621,0.004641640010035627,0.4,17.58874796655883,[0.01294164 0.         0.         0.         0.         0.         0.01405442 0.         0.01566345 0.         0.         0.01357065 0.         0.         0.         0.         0.01039824 0.         0.         0.         0.01040197 0.         0.01395462 0.01477167 0.         0.88258666 0.         0.         0.         0.0116567  0.        ],[1. 0. 0. 0. 0. 0. 1. 0. 1. 0. 0. 1. 0. 0. 0. 0. 1. 0. 0. 0. 1. 0. 1. 1. 0. 1. 0. 0. 0. 1. 0.],10.0,10000,30,0.6,10,1,10,,problem_solving
4800,0.0340733760708621,0.004641640010035627,0.4,0.30861867395146675,[0.01294164 0.         0.         0.         0.         0.         0.01405442 0.         0.01566345 0.         0.         0.01357065 0.         0.         0.         0.         0.01039824 0.         0.         0.         0.01040197 0.         0.01395462 0.01477167 0.         0.88258666 0.         0.         0.         0.0116567  0.        ],[1. 0. 0. 0. 0. 0. 1. 0. 1. 0. 0. 1. 0. 0. 0. 0. 1. 0. 0. 0. 1. 0. 1. 1. 0. 1. 0. 0. 0. 1. 0.],10.0,10000,30,0.6,10,1,10,,problem_solving
4900,0.0331633506446607,0.00461277900871654,0.4,-0.9109060592749867,[0.         0.         0.         0.         0.         0.         0.         0.         0.         0.         0.01066281 0.         0.         0.01069462 0.         0.         0.         0.01066743 0.02020527 0.01085141 0.         0.         0.         0.         0.         0.87423265 0.         0.01760384 0.01617341 0.01543149 0.01347706],[0. 0. 0. 0. 0. 0. 0. 0. 0. 0. 1. 0. 0. 1. 0. 0. 0. 1. 1. 1. 0. 0. 0. 0. 0. 1. 0. 1. 1. 1. 1.],10.0,10000,30,0.6,10,1,10,,problem_solving
5000,0.0331633506446607,0.00461277900871654,0.4,-5.506108093544343,[0.         0.         0.         0.         0.         0.         0.         0.         0.         0.         0.01066281 0.         0.         0.01069462 0.         0.         0.         0.01066743 0.02020527 0.01085141 0.         0.         0.         0.         0.         0.87423265 0.         0.01760384 0.01617341 0.01543149 0.01347706],[0. 0. 0. 0. 0. 0. 0. 0. 0. 0. 1. 0. 0. 1. 0. 0. 0. 1. 1. 1. 0. 0. 0. 0. 0. 1. 0. 1. 1. 1. 1.],10.0,10000,30,0.6,10,1,10,,problem_solving
5100,0.0331633506446607,0.00461277900871654,0.4,3.1002537939433976,[0.         0.         0.         0.         0.         0.         0.         0.         0.         0.         0.01066281 0.         0.         0.01069462 0.         0.         0.         0.01066743 0.02020527 0.01085141 0.         0.         0.         0.         0.         0.87423265 0.         0.01760384 0.01617341 0.01543149 0.01347706],[0. 0. 0. 0. 0. 0. 0. 0. 0. 0. 1. 0. 0. 1. 0. 0. 0. 1. 1. 1. 0. 0. 0. 0. 0. 1. 0. 1. 1. 1. 1.],10.0,10000,30,0.6,10,1,10,,problem_solving
5200,0.0331633506446607,0.00461277900871654,0.4,-17.686449145954672,[0.         0.         0.         0.         0.         0.         0.         0.         0.         0.         0.01066281 0.         0.         0.01069462 0.         0.         0.         0.01066743 0.02020527 0.01085141 0.         0.         0.         0.         0.         0.87423265 0.         0.01760384 0.01617341 0.01543149 0.01347706],[0. 0. 0. 0. 0. 0. 0. 0. 0. 0. 1. 0. 0. 1. 0. 0. 0. 1. 1. 1. 0. 0. 0. 0. 0. 1. 0. 1. 1. 1. 1.],10.0,10000,30,0.6,10,1,10,,problem_solving
5300,0.0331633506446607,0.00461277900871654,0.4,-7.159241016935372,[0.         0.         0.         0.         0.         0.         0.         0.         0.         0.         0.01066281 0.         0.         0.01069462 0.         0.         0.         0.01066743 0.02020527 0.01085141 0.         0.         0.         0.         0.         0.87423265 0.         0.01760384 0.01617341 0.01543149 0.01347706],[0. 0. 0. 0. 0. 0. 0. 0. 0. 0. 1. 0. 0. 1. 0. 0. 0. 1. 1. 1. 0. 0. 0. 0. 0. 1. 0. 1. 1. 1. 1.],10.0,10000,30,0.6,10,1,10,,problem_solving
5400,0.0331633506446607,0.00461277900871654,0.4,4.109936472110486,[0.         0.         0.         0.         0.         0.         0.         0.         0.         0.         0.01066281 0.         0.         0.01069462 0.         0.         0.         0.01066743 0.02020527 0.01085141 0.         0.         0.         0.         0.         0.87423265 0.         0.01760384 0.01617341 0.01543149 0.01347706],[0. 0. 0. 0. 0. 0. 0. 0. 0. 0. 1. 0. 0. 1. 0. 0. 0. 1. 1. 1. 0. 0. 0. 0. 0. 1. 0. 1. 1. 1. 1.],10.0,10000,30,0.6,10,1,10,,problem_solving
5500,0.0331633506446607,0.00461277900871654,0.4,-7.910686813948398,[0.         0.         0.         0.         0.         0.         0.         0.         0.         0.         0.01066281 0.         0.         0.01069462 0.         0.         0.         0.01066743 0.02020527 0.01085141 0.         0.         0.         0.         0.         0.87423265 0.         0.01760384 0.01617341 0.01543149 0.01347706],[0. 0. 0. 0. 0. 0. 0. 0. 0. 0. 1. 0. 0. 1. 0. 0. 0. 1. 1. 1. 0. 0. 0. 0. 0. 1. 0. 1. 1. 1. 1.],10.0,10000,30,0.6,10,1,10,,problem_solving
5600,0.0331633506446607,0.00461277900871654,0.4,-11.332194079333597,[0.         0.         0.         0.         0.         0.         0.         0.         0.         0.         0.01066281 0.         0.         0.01069462 0.         0.         0.         0.01066743 0.02020527 0.01085141 0.         0.         0.         0.         0.         0.87423265 0.         0.01760384 0.01617341 0.01543149 0.01347706],[0. 0. 0. 0. 0. 0. 0. 0. 0. 0. 1. 0. 0. 1. 0. 0. 0. 1. 1. 1. 0. 0. 0. 0. 0. 1. 0. 1. 1. 1. 1.],10.0,10000,30,0.6,10,1,10,,problem_solving
5700,0.0331633506446607,0.00461277900871654,0.4,8.43643973037637,[0.         0.         0.         0.         0.         0.         0.         0.         0.         0.         0.01066281 0.         0.         0.01069462 0.         0.         0.         0.01066743 0.02020527 0.01085141 0.         0.         0.         0.         0.         0.87423265 0.         0.01760384 0.01617341 0.01543149 0.01347706],[0. 0. 0. 0. 0. 0. 0. 0. 0. 0. 1. 0. 0. 1. 0. 0. 0. 1. 1. 1. 0. 0. 0. 0. 0. 1. 0. 1. 1. 1. 1.],10.0,10000,30,0.6,10,1,10,,problem_solving
5800,0.0331633506446607,0.00461277900871654,0.4,-18.205303925054604,[0.         0.         0.         0.         0.         0.         0.         0.         0.         0.         0.01066281 0.         0.         0.01069462 0.         0.         0.         0.01066743 0.02020527 0.01085141 0.         0.         0.         0.         0.         0.87423265 0.         0.01760384 0.01617341 0.01543149 0.01347706],[0. 0. 0. 0. 0. 0. 0. 0. 0. 0. 1. 0. 0. 1. 0. 0. 0. 1. 1. 1. 0. 0. 0. 0. 0. 1. 0. 1. 1. 1. 1.],10.0,10000,30,0.6,10,1,10,,problem_solving
5900,0.0331633506446607,0.00461277900871654,0.4,-9.705053426999562,[0.         0.         0.         0.         0.         0.         0.         0.         0.         0.         0.01066281 0.         0.         0.01069462 0.         0.         0.         0.01066743 0.02020527 0.01085141 0.         0.         0.         0.         0.         0.87423265 0.         0.01760384 0.01617341 0.01543149 0.01347706],[0. 0. 0. 0. 0. 0. 0. 0. 0. 0. 1. 0. 0. 1. 0. 0. 0. 1. 1. 1. 0. 0. 0. 0. 0. 1. 0. 1. 1. 1. 1.],10.0,10000,30,0.6,10,1,10,,problem_solving
6000,0.0331633506446607,0.00461277900871654,0.4,-17.82390128962846,[0.         0.         0.         0.         0.         0.         0.         0.         0.         0.         0.01066281 0.         0.         0.01069462 0.         0.         0.         0.01066743 0.02020527 0.01085141 0.         0.         0.         0.         0.         0.87423265 0.         0.01760384 0.01617341 0.01543149 0.01347706],[0. 0. 0. 0. 0. 0. 0. 0. 0. 0. 1. 0. 0. 1. 0. 0. 0. 1. 1. 1. 0. 0. 0. 0. 0. 1. 0. 1. 1. 1. 1.],10.0,10000,30,0.6,10,1,10,,problem_solving
6100,0.0331633506446607,0.00461277900871654,0.4,2.4280596090441957,[0.         0.         0.         0.         0.         0.         0.         0.         0.         0.         0.01066281 0.         0.         0.01069462 0.         0.         0.         0.01066743 0.02020527 0.01085141 0.         0.         0.         0.         0.         0.87423265 0.         0.01760384 0.01617341 0.01543149 0.01347706],[0. 0. 0. 0. 0. 0. 0. 0. 0. 0. 1. 0. 0. 1. 0. 0. 0. 1. 1. 1. 0. 0. 0. 0. 0. 1. 0. 1. 1. 1. 1.],10.0,10000,30,0.6,10,1,10,,problem_solving
6200,0.03194531532706752,0.0047484089006505645,0.4,6.522021039813174,[0.         0.01528199 0.         0.01911435 0.01058246 0.         0.         0.01561589 0.         0.         0.         0.         0.         0.01065889 0.         0.         0.         0.         0.01061686 0.         0.         0.         0.         0.01186602 0.         0.87417112 0.         0.02140513 0.         0.         0.01068731],[0. 1. 0. 1. 1. 0. 0. 1. 0. 0. 0. 0. 0. 1. 0. 0. 0. 0. 1. 0. 0. 0. 0. 1. 0. 1. 0. 1. 0. 0. 1.],10.0,10000,30,0.6,10,1,10,,problem_solving
6300,0.03194531532706752,0.0047484089006505645,0.4,-11.185065489914157,[0.         0.01528199 0.         0.01911435 0.01058246 0.         0.         0.01561589 0.         0.         0.         0.         0.         0.01065889 0.         0.         0.         0.         0.01061686 0.         0.         0.         0.         0.01186602 0.         0.87417112 0.         0.02140513 0.         0.         0.01068731],[0. 1. 0. 1. 1. 0. 0. 1. 0. 0. 0. 0. 0. 1. 0. 0. 0. 0. 1. 0. 0. 0. 0. 1. 0. 1. 0. 1. 0. 0. 1.],10.0,10000,30,0.6,10,1,10,,problem_solving
6400,0.03194531532706752,0.0047484089006505645,0.4,3.835949927140789,[0.         0.01528199 0.         0.01911435 0.01058246 0.         0.         0.01561589 0.         0.         0.         0.         0.         0.01065889 0.         0.         0.         0.         0.01061686 0.         0.         0.         0.         0.01186602 0.         0.87417112 0.         0.02140513 0.         0.         0.01068731],[0. 1. 0. 1. 1. 0. 0. 1. 0. 0. 0. 0. 0. 1. 0. 0. 0. 0. 1. 0. 0. 0. 0. 1. 0. 1. 0. 1. 0. 0. 1.],10.0,10000,30,0.6,10,1,10,,problem_solving
6500,0.03194531532706752,0.0047484089006505645,0.4,-0.33365749886379503,[0.         0.01528199 0.         0.01911435 0.01058246 0.         0.         0.01561589 0.         0.         0.         0.         0.         0.01065889 0.         0.         0.         0.         0.01061686 0.         0.         0.         0.         0.01186602 0.         0.87417112 0.         0.02140513 0.         0.         0.01068731],[0. 1. 0. 1. 1. 0. 0. 1. 0. 0. 0. 0. 0. 1. 0. 0. 0. 0. 1. 0. 0. 0. 0. 1. 0. 1. 0. 1. 0. 0. 1.],10.0,10000,30,0.6,10,1,10,,problem_solving
6600,0.03194531532706752,0.0047484089006505645,0.4,13.161673265004634,[0.         0.01528199 0.         0.01911435 0.01058246 0.         0.         0.01561589 0.         0.         0.         0.         0.         0.01065889 0.         0.         0.         0.         0.01061686 0.         0.         0.         0.         0.01186602 0.         0.87417112 0.         0.02140513 0.         0.         0.01068731],[0. 1. 0. 1. 1. 0. 0. 1. 0. 0. 0. 0. 0. 1. 0. 0. 0. 0. 1. 0. 0. 0. 0. 1. 0. 1. 0. 1. 0. 0. 1.],10.0,10000,30,0.6,10,1,10,,problem_solving
6700,0.03194531532706752,0.0047484089006505645,0.4,-9.770237632689051,[0.         0.01528199 0.         0.01911435 0.01058246 0.         0.         0.01561589 0.         0.         0.         0.         0.         0.01065889 0.         0.         0.         0.         0.01061686 0.         0.         0.         0.         0.01186602 0.         0.87417112 0.         0.02140513 0.         0.         0.01068731],[0. 1. 0. 1. 1. 0. 0. 1. 0. 0. 0. 0. 0. 1. 0. 0. 0. 0. 1. 0. 0. 0. 0. 1. 0. 1. 0. 1. 0. 0. 1.],10.0,10000,30,0.6,10,1,10,,problem_solving
6800,0.03194531532706752,0.0047484089006505645,0.4,-6.332823453655911,[0.         0.01528199 0.         0.01911435 0.01058246 0.         0.         0.01561589 0.         0.         0.         0.         0.         0.01065889 0.         0.         0.         0.         0.01061686 0.         0.         0.         0.         0.01186602 0.         0.87417112 0.         0.02140513 0.         0.         0.01068731],[0. 1. 0. 1. 1. 0. 0. 1. 0. 0. 0. 0. 0. 1. 0. 0. 0. 0. 1. 0. 0. 0. 0. 1. 0. 1. 0. 1. 0. 0. 1.],10.0,10000,30,0.6,10,1,10,,problem_solving
6900,0.03194531532706752,0.0047484089006505645,0.4,-7.9332838585874645,[0.         0.01528199 0.         0.01911435 0.01058246 0.         0.         0.01561589 0.         0.         0.         0.         0.         0.01065889 0.         0.         0.         0.         0.01061686 0.         0.         0.         0.         0.01186602 0.         0.87417112 0.         0.02140513 0.         0.         0.01068731],[0. 1. 0. 1. 1. 0. 0. 1. 0. 0. 0. 0. 0. 1. 0. 0. 0. 0. 1. 0. 0. 0. 0. 1. 0. 1. 0. 1. 0. 0. 1.],10.0,10000,30,0.6,10,1,10,,problem_solving
7000,0.03194531532706752,0.0047484089006505645,0.4,12.10209836722292,[0.         0.01528199 0.         0.01911435 0.01058246 0.         0.         0.01561589 0.         0.         0.         0.         0.         0.01065889 0.         0.         0.         0.         0.01061686 0.         0.         0.         0.         0.01186602 0.         0.87417112 0.         0.02140513 0.         0.         0.01068731],[0. 1. 0. 1. 1. 0. 0. 1. 0. 0. 0. 0. 0. 1. 0. 0. 0. 0. 1. 0. 0. 0. 0. 1. 0. 1. 0. 1. 0. 0. 1.],10.0,10000,30,0.6,10,1,10,,problem_solving
7100,0.03194531532706752,0.0047484089006505645,0.4,-0.13118178007826725,[0.         0.01528199 0.         0.01911435 0.01058246 0.         0.         0.01561589 0.         0.         0.         0.         0.         0.01065889 0.         0.         0.         0.         0.01061686 0.         0.         0.         0.         0.01186602 0.         0.87417112 0.         0.02140513 0.         0.         0.01068731],[0. 1. 0. 1. 1. 0. 0. 1. 0. 0. 0. 0. 0. 1. 0. 0. 0. 0. 1. 0. 0. 0. 0. 1. 0. 1. 0. 1. 0. 0. 1.],10.0,10000,30,0.6,10,1,10,,problem_solving
7200,0.03194531532706752,0.0047484089006505645,0.4,-15.599352352284292,[0.         0.01528199 0.         0.01911435 0.01058246 0.         0.         0.01561589 0.         0.         0.         0.         0.         0.01065889 0.         0.         0.         0.         0.01061686 0.         0.         0.         0.         0.01186602 0.         0.87417112 0.         0.02140513 0.         0.         0.01068731],[0. 1. 0. 1. 1. 0. 0. 1. 0. 0. 0. 0. 0. 1. 0. 0. 0. 0. 1. 0. 0. 0. 0. 1. 0. 1. 0. 1. 0. 0. 1.],10.0,10000,30,0.6,10,1,10,,problem_solving
7300,0.03194531532706752,0.0047484089006505645,0.4,3.26156683408344,[0.         0.01528199 0.         0.01911435 0.01058246 0.         0.         0.01561589 0.         0.         0.         0.         0.         0.01065889 0.         0.         0.         0.         0.01061686 0.         0.         0.         0.         0.01186602 0.         0.87417112 0.         0.02140513 0.         0.         0.01068731],[0. 1. 0. 1. 1. 0. 0. 1. 0. 0. 0. 0. 0. 1. 0. 0. 0. 0. 1. 0. 0. 0. 0. 1. 0. 1. 0. 1. 0. 0. 1.],10.0,10000,30,0.6,10,1,10,,problem_solving
7400,0.03194531532706752,0.0047484089006505645,0.4,-12.061170675668919,[0.         0.01528199 0.         0.01911435 0.01058246 0.         0.         0.01561589 0.         0.         0.         0.         0.         0.01065889 0.         0.         0.         0.         0.01061686 0.         0.         0.         0.         0.01186602 0.         0.87417112 0.         0.02140513 0.         0.         0.01068731],[0. 1. 0. 1. 1. 0. 0. 1. 0. 0. 0. 0. 0. 1. 0. 0. 0. 0. 1. 0. 0. 0. 0. 1. 0. 1. 0. 1. 0. 0. 1.],10.0,10000,30,0.6,10,1,10,,problem_solving
7500,0.03194531532706752,0.0047484089006505645,0.4,10.345143561864019,[0.         0.01528199 0.         0.01911435 0.01058246 0.         0.         0.01561589 0.         0.         0.         0.         0.         0.01065889 0.         0.         0.         0.         0.01061686 0.         0.         0.         0.         0.01186602 0.         0.87417112 0.         0.02140513 0.         0.         0.01068731],[0. 1. 0. 1. 1. 0. 0. 1. 0. 0. 0. 0. 0. 1. 0. 0. 0. 0. 1. 0. 0. 0. 0. 1. 0. 1. 0. 1. 0. 0. 1.],10.0,10000,30,0.6,10,1,10,,problem_solving
7600,0.03194531532706752,0.0047484089006505645,0.4,6.521013735044034,[0.         0.01528199 0.         0.01911435 0.01058246 0.         0.         0.01561589 0.         0.         0.         0.         0.         0.01065889 0.         0.         0.         0.         0.01061686 0.         0.         0.         0.         0.01186602 0.         0.87417112 0.         0.02140513 0.         0.         0.01068731],[0. 1. 0. 1. 1. 0. 0. 1. 0. 0. 0. 0. 0. 1. 0. 0. 0. 0. 1. 0. 0. 0. 0. 1. 0. 1. 0. 1. 0. 0. 1.],10.0,10000,30,0.6,10,1,10,,problem_solving
7700,0.03194531532706752,0.0047484089006505645,0.4,1.6923415686491312,[0.         0.01528199 0.         0.01911435 0.01058246 0.         0.         0.01561589 0.         0.         0.         0.         0.         0.01065889 0.         0.         0.         0.         0.01061686 0.         0.         0.         0.         0.01186602 0.         0.87417112 0.         0.02140513 0.         0.         0.01068731],[0. 1. 0. 1. 1. 0. 0. 1. 0. 0. 0. 0. 0. 1. 0. 0. 0. 0. 1. 0. 0. 0. 0. 1. 0. 1. 0. 1. 0. 0. 1.],10.0,10000,30,0.6,10,1,10,,problem_solving
7800,0.03194531532706752,0.0047484089006505645,0.4,-4.156700864327353,[0.         0.01528199 0.         0.01911435 0.01058246 0.         0.         0.01561589 0.         0.         0.         0.         0.         0.01065889 0.         0.         0.         0.         0.01061686 0.         0.         0.         0.         0.01186602 0.         0.87417112 0.         0.02140513 0.         0.         0.01068731],[0. 1. 0. 1. 1. 0. 0. 1. 0. 0. 0. 0. 0. 1. 0. 0. 0. 0. 1. 0. 0. 0. 0. 1. 0. 1. 0. 1. 0. 0. 1.],10.0,10000,30,0.6,10,1,10,,problem_solving
7900,0.03194531532706752,0.0047484089006505645,0.4,9.642375438073126,[0.         0.01528199 0.         0.01911435 0.01058246 0.         0.         0.01561589 0.         0.         0.         0.         0.         0.01065889 0.         0.         0.         0.         0.01061686 0.         0.         0.         0.         0.01186602 0.         0.87417112 0.         0.02140513 0.         0.         0.01068731],[0. 1. 0. 1. 1. 0. 0. 1. 0. 0. 0. 0. 0. 1. 0. 0. 0. 0. 1. 0. 0. 0. 0. 1. 0. 1. 0. 1. 0. 0. 1.],10.0,10000,30,0.6,10,1,10,,problem_solving
8000,0.03194531532706752,0.0047484089006505645,0.4,-5.244425153924176,[0.         0.01528199 0.         0.01911435 0.01058246 0.         0.         0.01561589 0.         0.         0.         0.         0.         0.01065889 0.         0.         0.         0.         0.01061686 0.         0.         0.         0.         0.01186602 0.         0.87417112 0.         0.02140513 0.         0.         0.01068731],[0. 1. 0. 1. 1. 0. 0. 1. 0. 0. 0. 0. 0. 1. 0. 0. 0. 0. 1. 0. 0. 0. 0. 1. 0. 1. 0. 1. 0. 0. 1.],10.0,10000,30,0.6,10,1,10,,problem_solving
8100,0.03194531532706752,0.0047484089006505645,0.4,10.266794127523088,[0.         0.01528199 0.         0.01911435 0.01058246 0.         0.         0.01561589 0.         0.         0.         0.         0.         0.01065889 0.         0.         0.         0.         0.01061686 0.         0.         0.         0.         0.01186602 0.         0.87417112 0.         0.02140513 0.         0.         0.01068731],[0. 1. 0. 1. 1. 0. 0. 1. 0. 0. 0. 0. 0. 1. 0. 0. 0. 0. 1. 0. 0. 0. 0. 1. 0. 1. 0. 1. 0. 0. 1.],10.0,10000,30,0.6,10,1,10,,problem_solving
8200,0.03194531532706752,0.0047484089006505645,0.4,1.3363720689993355,[0.         0.01528199 0.         0.01911435 0.01058246 0.         0.         0.01561589 0.         0.         0.         0.         0.         0.01065889 0.         0.         0.         0.         0.01061686 0.         0.         0.         0.         0.01186602 0.         0.87417112 0.         0.02140513 0.         0.         0.01068731],[0. 1. 0. 1. 1. 0. 0. 1. 0. 0. 0. 0. 0. 1. 0. 0. 0. 0. 1. 0. 0. 0. 0. 1. 0. 1. 0. 1. 0. 0. 1.],10.0,10000,30,0.6,10,1,10,,problem_solving
8300,0.03194531532706752,0.0047484089006505645,0.4,-6.764906932576072,[0.         0.01528199 0.         0.01911435 0.01058246 0.         0.         0.01561589 0.         0.         0.         0.         0.         0.01065889 0.         0.         0.         0.         0.01061686 0.         0.         0.         0.         0.01186602 0.         0.87417112 0.         0.02140513 0.         0.         0.01068731],[0. 1. 0. 1. 1. 0. 0. 1. 0. 0. 0. 0. 0. 1. 0. 0. 0. 0. 1. 0. 0. 0. 0. 1. 0. 1. 0. 1. 0. 0. 1.],10.0,10000,30,0.6,10,1,10,,problem_solving
8400,0.03194531532706752,0.0047484089006505645,0.4,-7.674677951223633,[0.         0.01528199 0.         0.01911435 0.01058246 0.         0.         0.01561589 0.         0.         0.         0.         0.         0.01065889 0.         0.         0.         0.         0.01061686 0.         0.         0.         0.         0.01186602 0.         0.87417112 0.         0.02140513 0.         0.         0.01068731],[0. 1. 0. 1. 1. 0. 0. 1. 0. 0. 0. 0. 0. 1. 0. 0. 0. 0. 1. 0. 0. 0. 0. 1. 0. 1. 0. 1. 0. 0. 1.],10.0,10000,30,0.6,10,1,10,,problem_solving
8500,0.03194531532706752,0.0047484089006505645,0.4,-18.631108892188198,[0.         0.01528199 0.         0.01911435 0.01058246 0.         0.         0.01561589 0.         0.         0.         0.         0.         0.01065889 0.         0.         0.         0.         0.01061686 0.         0.         0.         0.         0.01186602 0.         0.87417112 0.         0.02140513 0.         0.         0.01068731],[0. 1. 0. 1. 1. 0. 0. 1. 0. 0. 0. 0. 0. 1. 0. 0. 0. 0. 1. 0. 0. 0. 0. 1. 0. 1. 0. 1. 0. 0. 1.],10.0,10000,30,0.6,10,1,10,,problem_solving
8600,0.03194531532706752,0.0047484089006505645,0.4,-5.74360445179269,[0.         0.01528199 0.         0.01911435 0.01058246 0.         0.         0.01561589 0.         0.         0.         0.         0.         0.01065889 0.         0.         0.         0.         0.01061686 0.         0.         0.         0.         0.01186602 0.         0.87417112 0.         0.02140513 0.         0.         0.01068731],[0. 1. 0. 1. 1. 0. 0. 1. 0. 0. 0. 0. 0. 1. 0. 0. 0. 0. 1. 0. 0. 0. 0. 1. 0. 1. 0. 1. 0. 0. 1.],10.0,10000,30,0.6,10,1,10,,problem_solving
8700,0.03194531532706752,0.0047484089006505645,0.4,-8.670739629143435,[0.         0.01528199 0.         0.01911435 0.01058246 0.         0.         0.01561589 0.         0.         0.         0.         0.         0.01065889 0.         0.         0.         0.         0.01061686 0.         0.         0.         0.         0.01186602 0.         0.87417112 0.         0.02140513 0.         0.         0.01068731],[0. 1. 0. 1. 1. 0. 0. 1. 0. 0. 0. 0. 0. 1. 0. 0. 0. 0. 1. 0. 0. 0. 0. 1. 0. 1. 0. 1. 0. 0. 1.],10.0,10000,30,0.6,10,1,10,,problem_solving
8800,0.03194531532706752,0.0047484089006505645,0.4,9.108973661557814,[0.         0.01528199 0.         0.01911435 0.01058246 0.         0.         0.01561589 0.         0.         0.         0.         0.         0.01065889 0.         0.         0.         0.         0.01061686 0.         0.         0.         0.         0.01186602 0.         0.87417112 0.         0.02140513 0.         0.         0.01068731],[0. 1. 0. 1. 1. 0. 0. 1. 0. 0. 0. 0. 0. 1. 0. 0. 0. 0. 1. 0. 0. 0. 0. 1. 0. 1. 0. 1. 0. 0. 1.],10.0,10000,30,0.6,10,1,10,,problem_solving
8900,0.03194531532706752,0.0047484089006505645,0.4,29.073640731290375,[0.         0.01528199 0.         0.01911435 0.01058246 0.         0.         0.01561589 0.         0.         0.         0.         0.         0.01065889 0.         0.         0.         0.         0.01061686 0.         0.         0.         0.         0.01186602 0.         0.87417112 0.         0.02140513 0.         0.         0.01068731],[0. 1. 0. 1. 1. 0. 0. 1. 0. 0. 0. 0. 0. 1. 0. 0. 0. 0. 1. 0. 0. 0. 0. 1. 0. 1. 0. 1. 0. 0. 1.],10.0,10000,30,0.6,10,1,10,,problem_solving
9000,0.03194531532706752,0.0047484089006505645,0.4,1.7230279704690663,[0.         0.01528199 0.         0.01911435 0.01058246 0.         0.         0.01561589 0.         0.         0.         0.         0.         0.01065889 0.         0.         0.         0.         0.01061686 0.         0.         0.         0.         0.01186602 0.         0.87417112 0.         0.02140513 0.         0.         0.01068731],[0. 1. 0. 1. 1. 0. 0. 1. 0. 0. 0. 0. 0. 1. 0. 0. 0. 0. 1. 0. 0. 0. 0. 1. 0. 1. 0. 1. 0. 0. 1.],10.0,10000,30,0.6,10,1,10,,problem_solving
9100,0.03194531532706752,0.0047484089006505645,0.4,-9.98649654813754,[0.         0.01528199 0.         0.01911435 0.01058246 0.         0.         0.01561589 0.         0.         0.         0.         0.         0.01065889 0.         0.         0.         0.         0.01061686 0.         0.         0.         0.         0.01186602 0.         0.87417112 0.         0.02140513 0.         0.         0.01068731],[0. 1. 0. 1. 1. 0. 0. 1. 0. 0. 0. 0. 0. 1. 0. 0. 0. 0. 1. 0. 0. 0. 0. 1. 0. 1. 0. 1. 0. 0. 1.],10.0,10000,30,0.6,10,1,10,,problem_solving
9200,0.03194531532706752,0.0047484089006505645,0.4,-11.003525859947187,[0.         0.01528199 0.         0.01911435 0.01058246 0.         0.         0.01561589 0.         0.         0.         0.         0.         0.01065889 0.         0.         0.         0.         0.01061686 0.         0.         0.         0.         0.01186602 0.         0.87417112 0.         0.02140513 0.         0.         0.01068731],[0. 1. 0. 1. 1. 0. 0. 1. 0. 0. 0. 0. 0. 1. 0. 0. 0. 0. 1. 0. 0. 0. 0. 1. 0. 1. 0. 1. 0. 0. 1.],10.0,10000,30,0.6,10,1,10,,problem_solving
9300,0.03194531532706752,0.0047484089006505645,0.4,-18.64300848263833,[0.         0.01528199 0.         0.01911435 0.01058246 0.         0.         0.01561589 0.         0.         0.         0.         0.         0.01065889 0.         0.         0.         0.         0.01061686 0.         0.         0.         0.         0.01186602 0.         0.87417112 0.         0.02140513 0.         0.         0.01068731],[0. 1. 0. 1. 1. 0. 0. 1. 0. 0. 0. 0. 0. 1. 0. 0. 0. 0. 1. 0. 0. 0. 0. 1. 0. 1. 0. 1. 0. 0. 1.],10.0,10000,30,0.6,10,1,10,,problem_solving
9400,0.03194531532706752,0.0047484089006505645,0.4,-9.297857759227682,[0.         0.01528199 0.         0.01911435 0.01058246 0.         0.         0.01561589 0.         0.         0.         0.         0.         0.01065889 0.         0.         0.         0.         0.01061686 0.         0.         0.         0.         0.01186602 0.         0.87417112 0.         0.02140513 0.         0.         0.01068731],[0. 1. 0. 1. 1. 0. 0. 1. 0. 0. 0. 0. 0. 1. 0. 0. 0. 0. 1. 0. 0. 0. 0. 1. 0. 1. 0. 1. 0. 0. 1.],10.0,10000,30,0.6,10,1,10,,problem_solving
9500,0.03194531532706752,0.0047484089006505645,0.4,13.330144408851607,[0.         0.01528199 0.         0.01911435 0.01058246 0.         0.         0.01561589 0.         0.         0.         0.         0.         0.01065889 0.         0.         0.         0.         0.01061686 0.         0.         0.         0.         0.01186602 0.         0.87417112 0.         0.02140513 0.         0.         0.01068731],[0. 1. 0. 1. 1. 0. 0. 1. 0. 0. 0. 0. 0. 1. 0. 0. 0. 0. 1. 0. 0. 0. 0. 1. 0. 1. 0. 1. 0. 0. 1.],10.0,10000,30,0.6,10,1,10,,problem_solving
9600,0.03194531532706752,0.0047484089006505645,0.4,7.953078869340184,[0.         0.01528199 0.         0.01911435 0.01058246 0.         0.         0.01561589 0.         0.         0.         0.         0.         0.01065889 0.         0.         0.         0.         0.01061686 0.         0.         0.         0.         0.01186602 0.         0.87417112 0.         0.02140513 0.         0.         0.01068731],[0. 1. 0. 1. 1. 0. 0. 1. 0. 0. 0. 0. 0. 1. 0. 0. 0. 0. 1. 0. 0. 0. 0. 1. 0. 1. 0. 1. 0. 0. 1.],10.0,10000,30,0.6,10,1,10,,problem_solving
9700,0.03194531532706752,0.0047484089006505645,0.4,-0.4260030686826815,[0.         0.01528199 0.         0.01911435 0.01058246 0.         0.         0.01561589 0.         0.         0.         0.         0.         0.01065889 0.         0.         0.         0.         0.01061686 0.         0.         0.         0.         0.01186602 0.         0.87417112 0.         0.02140513 0.         0.         0.01068731],[0. 1. 0. 1. 1. 0. 0. 1. 0. 0. 0. 0. 0. 1. 0. 0. 0. 0. 1. 0. 0. 0. 0. 1. 0. 1. 0. 1. 0. 0. 1.],10.0,10000,30,0.6,10,1,10,,problem_solving
9800,0.03194531532706752,0.0047484089006505645,0.4,-1.2956206340278522,[0.         0.01528199 0.         0.01911435 0.01058246 0.         0.         0.01561589 0.         0.         0.         0.         0.         0.01065889 0.         0.         0.         0.         0.01061686 0.         0.         0.         0.         0.01186602 0.         0.87417112 0.         0.02140513 0.         0.         0.01068731],[0. 1. 0. 1. 1. 0. 0. 1. 0. 0. 0. 0. 0. 1. 0. 0. 0. 0. 1. 0. 0. 0. 0. 1. 0. 1. 0. 1. 0. 0. 1.],10.0,10000,30,0.6,10,1,10,,problem_solving
9900,0.03194531532706752,0.0047484089006505645,0.4,0.007199813347447824,[0.         0.01528199 0.         0.01911435 0.01058246 0.         0.         0.01561589 0.         0.         0.         0.         0.         0.01065889 0.         0.         0.         0.         0.01061686 0.         0.         0.         0.         0.01186602 0.         0.87417112 0.         0.02140513 0.         0.         0.01068731],[0. 1. 0. 1. 1. 0. 0. 1. 0. 0. 0. 0. 0. 1. 0. 0. 0. 0. 1. 0. 0. 0. 0. 1. 0. 1. 0. 1. 0. 0. 1.],10.0,10000,30,0.6,10,1,10,,problem_solving
9999,0.03194531532706752,0.0047484089006505645,0.4,4.946835128982786,[0.         0.01528199 0.         0.01911435 0.01058246 0.         0.         0.01561589 0.         0.         0.         0.         0.         0.01065889 0.         0.         0.         0.         0.01061686 0.         0.         0.         0.         0.01186602 0.         0.87417112 0.         0.02140513 0.         0.         0.01068731],[0. 1. 0. 1. 1. 0. 0. 1. 0. 0. 0. 0. 0. 1. 0. 0. 0. 0. 1. 0. 0. 0. 0. 1. 0. 1. 0. 1. 0. 0. 1.],10.0,10000,30,0.6,10,1,10,,problem_solving
