iter,cost,return,par,move,X,Z,Q,max_iter,mem_size,mem_consider,sigma,port_n,k,seed,tag
1,0.16454498531161627,0.00618234342528629,0.4,-13.513749225782306,[0.01890432 0.01058289 0.         0.01053637 0.87913628 0.         0.         0.01338031 0.         0.         0.01383604 0.         0.         0.         0.         0.         0.02028191 0.         0.         0.         0.         0.01224228 0.         0.         0.         0.         0.         0.0210996  0.         0.         0.        ],[1. 1. 0. 1. 1. 0. 0. 1. 0. 0. 1. 0. 0. 0. 0. 0. 1. 0. 0. 0. 0. 1. 0. 0. 0. 0. 0. 1. 0. 0. 0.],9.0,10000,30,0.6,10,1,9,,problem_solving
100,0.04475638832886721,0.009727294823235,0.4,-6.619506039986346,[0.         0.         0.         0.         0.         0.         0.         0.02650035 0.01189112 0.01852696 0.         0.         0.         0.         0.01522899 0.         0.         0.         0.         0.01082476 0.         0.         0.01713876 0.         0.01084728 0.87674728 0.01229449 0.         0.         0.         0.        ],[0. 0. 0. 0. 0. 0. 0. 1. 1. 1. 0. 0. 0. 0. 1. 0. 0. 0. 0. 1. 0. 0. 1. 0. 1. 1. 1. 0. 0. 0. 0.],9.0,10000,30,0.6,10,1,9,,problem_solving
200,0.03185182904558462,0.004618401066885129,0.4,-24.292833757016055,[0.01059484 0.         0.         0.01062873 0.         0.         0.         0.         0.0152433  0.         0.         0.         0.         0.01793853 0.         0.01817151 0.         0.         0.         0.         0.         0.01254446 0.         0.         0.         0.88377672 0.         0.         0.01357519 0.         0.01752672],[1. 0. 0. 1. 0. 0. 0. 0. 1. 0. 0. 0. 0. 1. 0. 1. 0. 0. 0. 0. 0. 1. 0. 0. 0. 1. 0. 0. 1. 0. 1.],9.0,10000,30,0.6,10,1,9,,problem_solving
300,0.03185182904558462,0.004618401066885129,0.4,4.641685271435529,[0.01059484 0.         0.         0.01062873 0.         0.         0.         0.         0.0152433  0.         0.         0.         0.         0.01793853 0.         0.01817151 0.         0.         0.         0.         0.         0.01254446 0.         0.         0.         0.88377672 0.         0.         0.01357519 0.         0.01752672],[1. 0. 0. 1. 0. 0. 0. 0. 1. 0. 0. 0. 0. 1. 0. 1. 0. 0. 0. 0. 0. 1. 0. 0. 0. 1. 0. 0. 1. 0. 1.],9.0,10000,30,0.6,10,1,9,,problem_solving
400,0.03185182904558462,0.004618401066885129,0.4,7.848378858230669,[0.01059484 0.         0.         0.01062873 0.         0.         0.         0.         0.0152433  0.         0.         0.         0.         0.01793853 0.         0.01817151 0.         0.         0.         0.         0.         0.01254446 0.         0.         0.         0.88377672 0.         0.         0.01357519 0.         0.01752672],[1. 0. 0. 1. 0. 0. 0. 0. 1. 0. 0. 0. 0. 1. 0. 1. 0. 0. 0. 0. 0. 1. 0. 0. 0. 1. 0. 0. 1. 0. 1.],9.0,10000,30,0.6,10,1,9,,problem_solving
500,0.03185182904558462,0.004618401066885129,0.4,4.053003483079425,[0.01059484 0.         0.         0.01062873 0.         0.         0.         0.         0.0152433  0.         0.         0.         0.         0.01793853 0.         0.01817151 0.         0.         0.         0.         0.         0.01254446 0.         0.         0.         0.88377672 0.         0.         0.01357519 0.         0.01752672],[1. 0. 0. 1. 0. 0. 0. 0. 1. 0. 0. 0. 0. 1. 0. 1. 0. 0. 0. 0. 0. 1. 0. 0. 0. 1. 0. 0. 1. 0. 1.],9.0,10000,30,0.6,10,1,9,,problem_solving
600,0.03185182904558462,0.004618401066885129,0.4,11.87804352839293,[0.01059484 0.         0.         0.01062873 0.         0.         0.         0.         0.0152433  0.         0.         0.         0.         0.01793853 0.         0.01817151 0.         0.         0.         0.         0.         0.01254446 0.         0.         0.         0.88377672 0.         0.         0.01357519 0.         0.01752672],[1. 0. 0. 1. 0. 0. 0. 0. 1. 0. 0. 0. 0. 1. 0. 1. 0. 0. 0. 0. 0. 1. 0. 0. 0. 1. 0. 0. 1. 0. 1.],9.0,10000,30,0.6,10,1,9,,problem_solving
700,0.03185182904558462,0.004618401066885129,0.4,3.8052512118962327,[0.01059484 0.         0.         0.01062873 0.         0.         0.         0.         0.0152433  0.         0.         0.         0.         0.01793853 0.         0.01817151 0.         0.         0.         0.         0.         0.01254446 0.         0.         0.         0.88377672 0.         0.         0.01357519 0.         0.01752672],[1. 0. 0. 1. 0. 0. 0. 0. 1. 0. 0. 0. 0. 1. 0. 1. 0. 0. 0. 0. 0. 1. 0. 0. 0. 1. 0. 0. 1. 0. 1.],9.0,10000,30,0.6,10,1,9,,problem_solving
800,0.03185182904558462,0.004618401066885129,0.4,-2.605605187914392,[0.01059484 0.         0.         0.01062873 0.         0.         0.         0.         0.0152433  0.         0.         0.         0.         0.01793853 0.         0.01817151 0.         0.         0.         0.         0.         0.01254446 0.         0.         0.         0.88377672 0.         0.         0.01357519 0.         0.01752672],[1. 0. 0. 1. 0. 0. 0. 0. 1. 0. 0. 0. 0. 1. 0. 1. 0. 0. 0. 0. 0. 1. 0. 0. 0. 1. 0. 0. 1. 0. 1.],9.0,10000,30,0.6,10,1,9,,problem_solving
900,0.03185182904558462,0.004618401066885129,0.4,3.9175302380512544,[0.01059484 0.         0.         0.01062873 0.         0.         0.         0.         0.0152433  0.         0.         0.         0.         0.01793853 0.         0.01817151 0.         0.         0.         0.         0.         0.01254446 0.         0.         0.         0.88377672 0.         0.         0.01357519 0.         0.01752672],[1. 0. 0. 1. 0. 0. 0. 0. 1. 0. 0. 0. 0. 1. 0. 1. 0. 0. 0. 0. 0. 1. 0. 0. 0. 1. 0. 0. 1. 0. 1.],9.0,10000,30,0.6,10,1,9,,problem_solving
1000,0.03185182904558462,0.004618401066885129,0.4,9.091505981132407,[0.01059484 0.         0.         0.01062873 0.         0.         0.         0.         0.0152433  0.         0.         0.         0.         0.01793853 0.         0.01817151 0.         0.         0.         0.         0.         0.01254446 0.         0.         0.         0.88377672 0.         0.         0.01357519 0.         0.01752672],[1. 0. 0. 1. 0. 0. 0. 0. 1. 0. 0. 0. 0. 1. 0. 1. 0. 0. 0. 0. 0. 1. 0. 0. 0. 1. 0. 0. 1. 0. 1.],9.0,10000,30,0.6,10,1,9,,problem_solving
1100,0.03185182904558462,0.004618401066885129,0.4,0.07952546736704533,[0.01059484 0.         0.         0.01062873 0.         0.         0.         0.         0.0152433  0.         0.         0.         0.         0.01793853 0.         0.01817151 0.         0.         0.         0.         0.         0.01254446 0.         0.         0.         0.88377672 0.         0.         0.01357519 0.         0.01752672],[1. 0. 0. 1. 0. 0. 0. 0. 1. 0. 0. 0. 0. 1. 0. 1. 0. 0. 0. 0. 0. 1. 0. 0. 0. 1. 0. 0. 1. 0. 1.],9.0,10000,30,0.6,10,1,9,,problem_solving
1200,0.03185182904558462,0.004618401066885129,0.4,-2.2069384156226564,[0.01059484 0.         0.         0.01062873 0.         0.         0.         0.         0.0152433  0.         0.         0.         0.         0.01793853 0.         0.01817151 0.         0.         0.         0.         0.         0.01254446 0.         0.         0.         0.88377672 0.         0.         0.01357519 0.         0.01752672],[1. 0. 0. 1. 0. 0. 0. 0. 1. 0. 0. 0. 0. 1. 0. 1. 0. 0. 0. 0. 0. 1. 0. 0. 0. 1. 0. 0. 1. 0. 1.],9.0,10000,30,0.6,10,1,9,,problem_solving
1300,0.03185182904558462,0.004618401066885129,0.4,-0.07333339286704248,[0.01059484 0.         0.         0.01062873 0.         0.         0.         0.         0.0152433  0.         0.         0.         0.         0.01793853 0.         0.01817151 0.         0.         0.         0.         0.         0.01254446 0.         0.         0.         0.88377672 0.         0.         0.01357519 0.         0.01752672],[1. 0. 0. 1. 0. 0. 0. 0. 1. 0. 0. 0. 0. 1. 0. 1. 0. 0. 0. 0. 0. 1. 0. 0. 0. 1. 0. 0. 1. 0. 1.],9.0,10000,30,0.6,10,1,9,,problem_solving
1400,0.03185182904558462,0.004618401066885129,0.4,-4.3582575749865695,[0.01059484 0.         0.         0.01062873 0.         0.         0.         0.         0.0152433  0.         0.         0.         0.         0.01793853 0.         0.01817151 0.         0.         0.         0.         0.         0.01254446 0.         0.         0.         0.88377672 0.         0.         0.01357519 0.         0.01752672],[1. 0. 0. 1. 0. 0. 0. 0. 1. 0. 0. 0. 0. 1. 0. 1. 0. 0. 0. 0. 0. 1. 0. 0. 0. 1. 0. 0. 1. 0. 1.],9.0,10000,30,0.6,10,1,9,,problem_solving
1500,0.03185182904558462,0.004618401066885129,0.4,2.5008026550958453,[0.01059484 0.         0.         0.01062873 0.         0.         0.         0.         0.0152433  0.         0.         0.         0.         0.01793853 0.         0.01817151 0.         0.         0.         0.         0.         0.01254446 0.         0.         0.         0.88377672 0.         0.         0.01357519 0.         0.01752672],[1. 0. 0. 1. 0. 0. 0. 0. 1. 0. 0. 0. 0. 1. 0. 1. 0. 0. 0. 0. 0. 1. 0. 0. 0. 1. 0. 0. 1. 0. 1.],9.0,10000,30,0.6,10,1,9,,problem_solving
1600,0.03185182904558462,0.004618401066885129,0.4,1.0664722339808668,[0.01059484 0.         0.         0.01062873 0.         0.         0.         0.         0.0152433  0.         0.         0.         0.         0.01793853 0.         0.01817151 0.         0.         0.         0.         0.         0.01254446 0.         0.         0.         0.88377672 0.         0.         0.01357519 0.         0.01752672],[1. 0. 0. 1. 0. 0. 0. 0. 1. 0. 0. 0. 0. 1. 0. 1. 0. 0. 0. 0. 0. 1. 0. 0. 0. 1. 0. 0. 1. 0. 1.],9.0,10000,30,0.6,10,1,9,,problem_solving
1700,0.03185182904558462,0.004618401066885129,0.4,-1.2616691930812285,[0.01059484 0.         0.         0.01062873 0.         0.         0.         0.         0.0152433  0.         0.         0.         0.         0.01793853 0.         0.01817151 0.         0.         0.         0.         0.         0.01254446 0.         0.         0.         0.88377672 0.         0.         0.01357519 0.         0.01752672],[1. 0. 0. 1. 0. 0. 0. 0. 1. 0. 0. 0. 0. 1. 0. 1. 0. 0. 0. 0. 0. 1. 0. 0. 0. 1. 0. 0. 1. 0. 1.],9.0,10000,30,0.6,10,1,9,,problem_solving
1800,0.03185182904558462,0.004618401066885129,0.4,21.84419486499784,[0.01059484 0.         0.         0.01062873 0.         0.         0.         0.         0.0152433  0.         0.         0.         0.         0.01793853 0.         0.01817151 0.         0.         0.         0.         0.         0.01254446 0.         0.         0.         0.88377672 0.         0.         0.01357519 0.         0.01752672],[1. 0. 0. 1. 0. 0. 0. 0. 1. 0. 0. 0. 0. 1. 0. 1. 0. 0. 0. 0. 0. 1. 0. 0. 0. 1. 0. 0. 1. 0. 1.],9.0,10000,30,0.6,10,1,9,,problem_solving
1900,0.03185182904558462,0.004618401066885129,0.4,7.321496435193996,[0.01059484 0.         0.         0.01062873 0.         0.         0.         0.         0.0152433  0.         0.         0.         0.         0.01793853 0.         0.01817151 0.         0.         0.         0.         0.         0.01254446 0.         0.         0.         0.88377672 0.         0.         0.01357519 0.         0.01752672],[1. 0. 0. 1. 0. 0. 0. 0. 1. 0. 0. 0. 0. 1. 0. 1. 0. 0. 0. 0. 0. 1. 0. 0. 0. 1. 0. 0. 1. 0. 1.],9.0,10000,30,0.6,10,1,9,,problem_solving
2000,0.03185182904558462,0.004618401066885129,0.4,4.385883474145933,[0.01059484 0.         0.         0.01062873 0.         0.         0.         0.         0.0152433  0.         0.         0.         0.         0.01793853 0.         0.01817151 0.         0.         0.         0.         0.         0.01254446 0.         0.         0.         0.88377672 0.         0.         0.01357519 0.         0.01752672],[1. 0. 0. 1. 0. 0. 0. 0. 1. 0. 0. 0. 0. 1. 0. 1. 0. 0. 0. 0. 0. 1. 0. 0. 0. 1. 0. 0. 1. 0. 1.],9.0,10000,30,0.6,10,1,9,,problem_solving
2100,0.03185182904558462,0.004618401066885129,0.4,8.152473825644966,[0.01059484 0.         0.         0.01062873 0.         0.         0.         0.         0.0152433  0.         0.         0.         0.         0.01793853 0.         0.01817151 0.         0.         0.         0.         0.         0.01254446 0.         0.         0.         0.88377672 0.         0.         0.01357519 0.         0.01752672],[1. 0. 0. 1. 0. 0. 0. 0. 1. 0. 0. 0. 0. 1. 0. 1. 0. 0. 0. 0. 0. 1. 0. 0. 0. 1. 0. 0. 1. 0. 1.],9.0,10000,30,0.6,10,1,9,,problem_solving
2200,0.03185182904558462,0.004618401066885129,0.4,-4.043649500599115,[0.01059484 0.         0.         0.01062873 0.         0.         0.         0.         0.0152433  0.         0.         0.         0.         0.01793853 0.         0.01817151 0.         0.         0.         0.         0.         0.01254446 0.         0.         0.         0.88377672 0.         0.         0.01357519 0.         0.01752672],[1. 0. 0. 1. 0. 0. 0. 0. 1. 0. 0. 0. 0. 1. 0. 1. 0. 0. 0. 0. 0. 1. 0. 0. 0. 1. 0. 0. 1. 0. 1.],9.0,10000,30,0.6,10,1,9,,problem_solving
2300,0.03185182904558462,0.004618401066885129,0.4,1.5585317563053112,[0.01059484 0.         0.         0.01062873 0.         0.         0.         0.         0.0152433  0.         0.         0.         0.         0.01793853 0.         0.01817151 0.         0.         0.         0.         0.         0.01254446 0.         0.         0.         0.88377672 0.         0.         0.01357519 0.         0.01752672],[1. 0. 0. 1. 0. 0. 0. 0. 1. 0. 0. 0. 0. 1. 0. 1. 0. 0. 0. 0. 0. 1. 0. 0. 0. 1. 0. 0. 1. 0. 1.],9.0,10000,30,0.6,10,1,9,,problem_solving
2400,0.03185182904558462,0.004618401066885129,0.4,11.325797110444016,[0.01059484 0.         0.         0.01062873 0.         0.         0.         0.         0.0152433  0.         0.         0.         0.         0.01793853 0.         0.01817151 0.         0.         0.         0.         0.         0.01254446 0.         0.         0.         0.88377672 0.         0.         0.01357519 0.         0.01752672],[1. 0. 0. 1. 0. 0. 0. 0. 1. 0. 0. 0. 0. 1. 0. 1. 0. 0. 0. 0. 0. 1. 0. 0. 0. 1. 0. 0. 1. 0. 1.],9.0,10000,30,0.6,10,1,9,,problem_solving
2500,0.03185182904558462,0.004618401066885129,0.4,22.479081824768635,[0.01059484 0.         0.         0.01062873 0.         0.         0.         0.         0.0152433  0.         0.         0.         0.         0.01793853 0.         0.01817151 0.         0.         0.         0.         0.         0.01254446 0.         0.         0.         0.88377672 0.         0.         0.01357519 0.         0.01752672],[1. 0. 0. 1. 0. 0. 0. 0. 1. 0. 0. 0. 0. 1. 0. 1. 0. 0. 0. 0. 0. 1. 0. 0. 0. 1. 0. 0. 1. 0. 1.],9.0,10000,30,0.6,10,1,9,,problem_solving
2600,0.03185182904558462,0.004618401066885129,0.4,15.700390756344236,[0.01059484 0.         0.         0.01062873 0.         0.         0.         0.         0.0152433  0.         0.         0.         0.         0.01793853 0.         0.01817151 0.         0.         0.         0.         0.         0.01254446 0.         0.         0.         0.88377672 0.         0.         0.01357519 0.         0.01752672],[1. 0. 0. 1. 0. 0. 0. 0. 1. 0. 0. 0. 0. 1. 0. 1. 0. 0. 0. 0. 0. 1. 0. 0. 0. 1. 0. 0. 1. 0. 1.],9.0,10000,30,0.6,10,1,9,,problem_solving
2700,0.03185182904558462,0.004618401066885129,0.4,10.573271416510654,[0.01059484 0.         0.         0.01062873 0.         0.         0.         0.         0.0152433  0.         0.         0.         0.         0.01793853 0.         0.01817151 0.         0.         0.         0.         0.         0.01254446 0.         0.         0.         0.88377672 0.         0.         0.01357519 0.         0.01752672],[1. 0. 0. 1. 0. 0. 0. 0. 1. 0. 0. 0. 0. 1. 0. 1. 0. 0. 0. 0. 0. 1. 0. 0. 0. 1. 0. 0. 1. 0. 1.],9.0,10000,30,0.6,10,1,9,,problem_solving
2800,0.03185182904558462,0.004618401066885129,0.4,-5.3052357965622985,[0.01059484 0.         0.         0.01062873 0.         0.         0.         0.         0.0152433  0.         0.         0.         0.         0.01793853 0.         0.01817151 0.         0.         0.         0.         0.         0.01254446 0.         0.         0.         0.88377672 0.         0.         0.01357519 0.         0.01752672],[1. 0. 0. 1. 0. 0. 0. 0. 1. 0. 0. 0. 0. 1. 0. 1. 0. 0. 0. 0. 0. 1. 0. 0. 0. 1. 0. 0. 1. 0. 1.],9.0,10000,30,0.6,10,1,9,,problem_solving
2900,0.03185182904558462,0.004618401066885129,0.4,8.468186117197485,[0.01059484 0.         0.         0.01062873 0.         0.         0.         0.         0.0152433  0.         0.         0.         0.         0.01793853 0.         0.01817151 0.         0.         0.         0.         0.         0.01254446 0.         0.         0.         0.88377672 0.         0.         0.01357519 0.         0.01752672],[1. 0. 0. 1. 0. 0. 0. 0. 1. 0. 0. 0. 0. 1. 0. 1. 0. 0. 0. 0. 0. 1. 0. 0. 0. 1. 0. 0. 1. 0. 1.],9.0,10000,30,0.6,10,1,9,,problem_solving
3000,0.03185182904558462,0.004618401066885129,0.4,13.111431890906607,[0.01059484 0.         0.         0.01062873 0.         0.         0.         0.         0.0152433  0.         0.         0.         0.         0.01793853 0.         0.01817151 0.         0.         0.         0.         0.         0.01254446 0.         0.         0.         0.88377672 0.         0.         0.01357519 0.         0.01752672],[1. 0. 0. 1. 0. 0. 0. 0. 1. 0. 0. 0. 0. 1. 0. 1. 0. 0. 0. 0. 0. 1. 0. 0. 0. 1. 0. 0. 1. 0. 1.],9.0,10000,30,0.6,10,1,9,,problem_solving
3100,0.03185182904558462,0.004618401066885129,0.4,-1.168088994611334,[0.01059484 0.         0.         0.01062873 0.         0.         0.         0.         0.0152433  0.         0.         0.         0.         0.01793853 0.         0.01817151 0.         0.         0.         0.         0.         0.01254446 0.         0.         0.         0.88377672 0.         0.         0.01357519 0.         0.01752672],[1. 0. 0. 1. 0. 0. 0. 0. 1. 0. 0. 0. 0. 1. 0. 1. 0. 0. 0. 0. 0. 1. 0. 0. 0. 1. 0. 0. 1. 0. 1.],9.0,10000,30,0.6,10,1,9,,problem_solving
3200,0.03185182904558462,0.004618401066885129,0.4,13.07853710271306,[0.01059484 0.         0.         0.01062873 0.         0.         0.         0.         0.0152433  0.         0.         0.         0.         0.01793853 0.         0.01817151 0.         0.         0.         0.         0.         0.01254446 0.         0.         0.         0.88377672 0.         0.         0.01357519 0.         0.01752672],[1. 0. 0. 1. 0. 0. 0. 0. 1. 0. 0. 0. 0. 1. 0. 1. 0. 0. 0. 0. 0. 1. 0. 0. 0. 1. 0. 0. 1. 0. 1.],9.0,10000,30,0.6,10,1,9,,problem_solving
3300,0.03185182904558462,0.004618401066885129,0.4,-0.6528697716313413,[0.01059484 0.         0.         0.01062873 0.         0.         0.         0.         0.0152433  0.         0.         0.         0.         0.01793853 0.         0.01817151 0.         0.         0.         0.         0.         0.01254446 0.         0.         0.         0.88377672 0.         0.         0.01357519 0.         0.01752672],[1. 0. 0. 1. 0. 0. 0. 0. 1. 0. 0. 0. 0. 1. 0. 1. 0. 0. 0. 0. 0. 1. 0. 0. 0. 1. 0. 0. 1. 0. 1.],9.0,10000,30,0.6,10,1,9,,problem_solving
3400,0.03185182904558462,0.004618401066885129,0.4,-0.5180656845454733,[0.01059484 0.         0.         0.01062873 0.         0.         0.         0.         0.0152433  0.         0.         0.         0.         0.01793853 0.         0.01817151 0.         0.         0.         0.         0.         0.01254446 0.         0.         0.         0.88377672 0.         0.         0.01357519 0.         0.01752672],[1. 0. 0. 1. 0. 0. 0. 0. 1. 0. 0. 0. 0. 1. 0. 1. 0. 0. 0. 0. 0. 1. 0. 0. 0. 1. 0. 0. 1. 0. 1.],9.0,10000,30,0.6,10,1,9,,problem_solving
3500,0.029327443934955507,0.004691805150530037,0.4,8.431697401565739,[0.         0.         0.01586324 0.         0.01156993 0.         0.01533796 0.         0.         0.         0.         0.01041467 0.         0.         0.         0.         0.01059313 0.         0.01488179 0.         0.         0.01149316 0.         0.         0.         0.89941871 0.01042741 0.         0.         0.         0.        ],[0. 0. 1. 0. 1. 0. 1. 0. 0. 0. 0. 1. 0. 0. 0. 0. 1. 0. 1. 0. 0. 1. 0. 0. 0. 1. 1. 0. 0. 0. 0.],9.0,10000,30,0.6,10,1,9,,problem_solving
3600,0.029327443934955507,0.004691805150530037,0.4,7.3189001350607255,[0.         0.         0.01586324 0.         0.01156993 0.         0.01533796 0.         0.         0.         0.         0.01041467 0.         0.         0.         0.         0.01059313 0.         0.01488179 0.         0.         0.01149316 0.         0.         0.         0.89941871 0.01042741 0.         0.         0.         0.        ],[0. 0. 1. 0. 1. 0. 1. 0. 0. 0. 0. 1. 0. 0. 0. 0. 1. 0. 1. 0. 0. 1. 0. 0. 0. 1. 1. 0. 0. 0. 0.],9.0,10000,30,0.6,10,1,9,,problem_solving
3700,0.029327443934955507,0.004691805150530037,0.4,-9.413095310657377,[0.         0.         0.01586324 0.         0.01156993 0.         0.01533796 0.         0.         0.         0.         0.01041467 0.         0.         0.         0.         0.01059313 0.         0.01488179 0.         0.         0.01149316 0.         0.         0.         0.89941871 0.01042741 0.         0.         0.         0.        ],[0. 0. 1. 0. 1. 0. 1. 0. 0. 0. 0. 1. 0. 0. 0. 0. 1. 0. 1. 0. 0. 1. 0. 0. 0. 1. 1. 0. 0. 0. 0.],9.0,10000,30,0.6,10,1,9,,problem_solving
3800,0.029327443934955507,0.004691805150530037,0.4,-19.099057112209977,[0.         0.         0.01586324 0.         0.01156993 0.         0.01533796 0.         0.         0.         0.         0.01041467 0.         0.         0.         0.         0.01059313 0.         0.01488179 0.         0.         0.01149316 0.         0.         0.         0.89941871 0.01042741 0.         0.         0.         0.        ],[0. 0. 1. 0. 1. 0. 1. 0. 0. 0. 0. 1. 0. 0. 0. 0. 1. 0. 1. 0. 0. 1. 0. 0. 0. 1. 1. 0. 0. 0. 0.],9.0,10000,30,0.6,10,1,9,,problem_solving
3900,0.029327443934955507,0.004691805150530037,0.4,-2.8433492293749763,[0.         0.         0.01586324 0.         0.01156993 0.         0.01533796 0.         0.         0.         0.         0.01041467 0.         0.         0.         0.         0.01059313 0.         0.01488179 0.         0.         0.01149316 0.         0.         0.         0.89941871 0.01042741 0.         0.         0.         0.        ],[0. 0. 1. 0. 1. 0. 1. 0. 0. 0. 0. 1. 0. 0. 0. 0. 1. 0. 1. 0. 0. 1. 0. 0. 0. 1. 1. 0. 0. 0. 0.],9.0,10000,30,0.6,10,1,9,,problem_solving
4000,0.029327443934955507,0.004691805150530037,0.4,-8.501197947388919,[0.         0.         0.01586324 0.         0.01156993 0.         0.01533796 0.         0.         0.         0.         0.01041467 0.         0.         0.         0.         0.01059313 0.         0.01488179 0.         0.         0.01149316 0.         0.         0.         0.89941871 0.01042741 0.         0.         0.         0.        ],[0. 0. 1. 0. 1. 0. 1. 0. 0. 0. 0. 1. 0. 0. 0. 0. 1. 0. 1. 0. 0. 1. 0. 0. 0. 1. 1. 0. 0. 0. 0.],9.0,10000,30,0.6,10,1,9,,problem_solving
4100,0.029327443934955507,0.004691805150530037,0.4,10.817401685408246,[0.         0.         0.01586324 0.         0.01156993 0.         0.01533796 0.         0.         0.         0.         0.01041467 0.         0.         0.         0.         0.01059313 0.         0.01488179 0.         0.         0.01149316 0.         0.         0.         0.89941871 0.01042741 0.         0.         0.         0.        ],[0. 0. 1. 0. 1. 0. 1. 0. 0. 0. 0. 1. 0. 0. 0. 0. 1. 0. 1. 0. 0. 1. 0. 0. 0. 1. 1. 0. 0. 0. 0.],9.0,10000,30,0.6,10,1,9,,problem_solving
4200,0.029327443934955507,0.004691805150530037,0.4,-3.1258445535586943,[0.         0.         0.01586324 0.         0.01156993 0.         0.01533796 0.         0.         0.         0.         0.01041467 0.         0.         0.         0.         0.01059313 0.         0.01488179 0.         0.         0.01149316 0.         0.         0.         0.89941871 0.01042741 0.         0.         0.         0.        ],[0. 0. 1. 0. 1. 0. 1. 0. 0. 0. 0. 1. 0. 0. 0. 0. 1. 0. 1. 0. 0. 1. 0. 0. 0. 1. 1. 0. 0. 0. 0.],9.0,10000,30,0.6,10,1,9,,problem_solving
4300,0.029327443934955507,0.004691805150530037,0.4,2.470480401177059,[0.         0.         0.01586324 0.         0.01156993 0.         0.01533796 0.         0.         0.         0.         0.01041467 0.         0.         0.         0.         0.01059313 0.         0.01488179 0.         0.         0.01149316 0.         0.         0.         0.89941871 0.01042741 0.         0.         0.         0.        ],[0. 0. 1. 0. 1. 0. 1. 0. 0. 0. 0. 1. 0. 0. 0. 0. 1. 0. 1. 0. 0. 1. 0. 0. 0. 1. 1. 0. 0. 0. 0.],9.0,10000,30,0.6,10,1,9,,problem_solving
4400,0.029085492533764166,0.004765431252137649,0.4,5.8271846627332256,[0.         0.         0.         0.         0.         0.         0.         0.         0.01309087 0.         0.         0.01174991 0.01074052 0.         0.         0.         0.         0.         0.         0.01059481 0.         0.         0.01071762 0.         0.         0.89734789 0.         0.         0.01705626 0.01635708 0.01234504],[0. 0. 0. 0. 0. 0. 0. 0. 1. 0. 0. 1. 1. 0. 0. 0. 0. 0. 0. 1. 0. 0. 1. 0. 0. 1. 0. 0. 1. 1. 1.],9.0,10000,30,0.6,10,1,9,,problem_solving
4500,0.029085492533764166,0.004765431252137649,0.4,4.314763588186669,[0.         0.         0.         0.         0.         0.         0.         0.         0.01309087 0.         0.         0.01174991 0.01074052 0.         0.         0.         0.         0.         0.         0.01059481 0.         0.         0.01071762 0.         0.         0.89734789 0.         0.         0.01705626 0.01635708 0.01234504],[0. 0. 0. 0. 0. 0. 0. 0. 1. 0. 0. 1. 1. 0. 0. 0. 0. 0. 0. 1. 0. 0. 1. 0. 0. 1. 0. 0. 1. 1. 1.],9.0,10000,30,0.6,10,1,9,,problem_solving
4600,0.029085492533764166,0.004765431252137649,0.4,7.845072805595276,[0.         0.         0.         0.         0.         0.         0.         0.         0.01309087 0.         0.         0.01174991 0.01074052 0.         0.         0.         0.         0.         0.         0.01059481 0.         0.         0.01071762 0.         0.         0.89734789 0.         0.         0.01705626 0.01635708 0.01234504],[0. 0. 0. 0. 0. 0. 0. 0. 1. 0. 0. 1. 1. 0. 0. 0. 0. 0. 0. 1. 0. 0. 1. 0. 0. 1. 0. 0. 1. 1. 1.],9.0,10000,30,0.6,10,1,9,,problem_solving
4700,0.029085492533764166,0.004765431252137649,0.4,-5.551182997275936,[0.         0.         0.         0.         0.         0.         0.         0.         0.01309087 0.         0.         0.01174991 0.01074052 0.         0.         0.         0.         0.         0.         0.01059481 0.         0.         0.01071762 0.         0.         0.89734789 0.         0.         0.01705626 0.01635708 0.01234504],[0. 0. 0. 0. 0. 0. 0. 0. 1. 0. 0. 1. 1. 0. 0. 0. 0. 0. 0. 1. 0. 0. 1. 0. 0. 1. 0. 0. 1. 1. 1.],9.0,10000,30,0.6,10,1,9,,problem_solving
4800,0.029085492533764166,0.004765431252137649,0.4,-10.845030388440652,[0.         0.         0.         0.         0.         0.         0.         0.         0.01309087 0.         0.         0.01174991 0.01074052 0.         0.         0.         0.         0.         0.         0.01059481 0.         0.         0.01071762 0.         0.         0.89734789 0.         0.         0.01705626 0.01635708 0.01234504],[0. 0. 0. 0. 0. 0. 0. 0. 1. 0. 0. 1. 1. 0. 0. 0. 0. 0. 0. 1. 0. 0. 1. 0. 0. 1. 0. 0. 1. 1. 1.],9.0,10000,30,0.6,10,1,9,,problem_solving
4900,0.029085492533764166,0.004765431252137649,0.4,-1.5756079051914593,[0.         0.         0.         0.         0.         0.         0.         0.         0.01309087 0.         0.         0.01174991 0.01074052 0.         0.         0.         0.         0.         0.         0.01059481 0.         0.         0.01071762 0.         0.         0.89734789 0.         0.         0.01705626 0.01635708 0.01234504],[0. 0. 0. 0. 0. 0. 0. 0. 1. 0. 0. 1. 1. 0. 0. 0. 0. 0. 0. 1. 0. 0. 1. 0. 0. 1. 0. 0. 1. 1. 1.],9.0,10000,30,0.6,10,1,9,,problem_solving
5000,0.029085492533764166,0.004765431252137649,0.4,-6.316843163730901,[0.         0.         0.         0.         0.         0.         0.         0.         0.01309087 0.         0.         0.01174991 0.01074052 0.         0.         0.         0.         0.         0.         0.01059481 0.         0.         0.01071762 0.         0.         0.89734789 0.         0.         0.01705626 0.01635708 0.01234504],[0. 0. 0. 0. 0. 0. 0. 0. 1. 0. 0. 1. 1. 0. 0. 0. 0. 0. 0. 1. 0. 0. 1. 0. 0. 1. 0. 0. 1. 1. 1.],9.0,10000,30,0.6,10,1,9,,problem_solving
5100,0.029085492533764166,0.004765431252137649,0.4,10.52000731817433,[0.         0.         0.         0.         0.         0.         0.         0.         0.01309087 0.         0.         0.01174991 0.01074052 0.         0.         0.         0.         0.         0.         0.01059481 0.         0.         0.01071762 0.         0.         0.89734789 0.         0.         0.01705626 0.01635708 0.01234504],[0. 0. 0. 0. 0. 0. 0. 0. 1. 0. 0. 1. 1. 0. 0. 0. 0. 0. 0. 1. 0. 0. 1. 0. 0. 1. 0. 0. 1. 1. 1.],9.0,10000,30,0.6,10,1,9,,problem_solving
5200,0.029085492533764166,0.004765431252137649,0.4,5.055791546175792,[0.         0.         0.         0.         0.         0.         0.         0.         0.01309087 0.         0.         0.01174991 0.01074052 0.         0.         0.         0.         0.         0.         0.01059481 0.         0.         0.01071762 0.         0.         0.89734789 0.         0.         0.01705626 0.01635708 0.01234504],[0. 0. 0. 0. 0. 0. 0. 0. 1. 0. 0. 1. 1. 0. 0. 0. 0. 0. 0. 1. 0. 0. 1. 0. 0. 1. 0. 0. 1. 1. 1.],9.0,10000,30,0.6,10,1,9,,problem_solving
5300,0.029085492533764166,0.004765431252137649,0.4,26.357924759255766,[0.         0.         0.         0.         0.         0.         0.         0.         0.01309087 0.         0.         0.01174991 0.01074052 0.         0.         0.         0.         0.         0.         0.01059481 0.         0.         0.01071762 0.         0.         0.89734789 0.         0.         0.01705626 0.01635708 0.01234504],[0. 0. 0. 0. 0. 0. 0. 0. 1. 0. 0. 1. 1. 0. 0. 0. 0. 0. 0. 1. 0. 0. 1. 0. 0. 1. 0. 0. 1. 1. 1.],9.0,10000,30,0.6,10,1,9,,problem_solving
5400,0.029085492533764166,0.004765431252137649,0.4,-14.497877620259034,[0.         0.         0.         0.         0.         0.         0.         0.         0.01309087 0.         0.         0.01174991 0.01074052 0.         0.         0.         0.         0.         0.         0.01059481 0.         0.         0.01071762 0.         0.         0.89734789 0.         0.         0.01705626 0.01635708 0.01234504],[0. 0. 0. 0. 0. 0. 0. 0. 1. 0. 0. 1. 1. 0. 0. 0. 0. 0. 0. 1. 0. 0. 1. 0. 0. 1. 0. 0. 1. 1. 1.],9.0,10000,30,0.6,10,1,9,,problem_solving
5500,0.029085492533764166,0.004765431252137649,0.4,-11.102387265627103,[0.         0.         0.         0.         0.         0.         0.         0.         0.01309087 0.         0.         0.01174991 0.01074052 0.         0.         0.         0.         0.         0.         0.01059481 0.         0.         0.01071762 0.         0.         0.89734789 0.         0.         0.01705626 0.01635708 0.01234504],[0. 0. 0. 0. 0. 0. 0. 0. 1. 0. 0. 1. 1. 0. 0. 0. 0. 0. 0. 1. 0. 0. 1. 0. 0. 1. 0. 0. 1. 1. 1.],9.0,10000,30,0.6,10,1,9,,problem_solving
5600,0.029085492533764166,0.004765431252137649,0.4,26.00773567743076,[0.         0.         0.         0.         0.         0.         0.         0.         0.01309087 0.         0.         0.01174991 0.01074052 0.         0.         0.         0.         0.         0.         0.01059481 0.         0.         0.01071762 0.         0.         0.89734789 0.         0.         0.01705626 0.01635708 0.01234504],[0. 0. 0. 0. 0. 0. 0. 0. 1. 0. 0. 1. 1. 0. 0. 0. 0. 0. 0. 1. 0. 0. 1. 0. 0. 1. 0. 0. 1. 1. 1.],9.0,10000,30,0.6,10,1,9,,problem_solving
5700,0.029085492533764166,0.004765431252137649,0.4,-5.42246122387216,[0.         0.         0.         0.         0.         0.         0.         0.         0.01309087 0.         0.         0.01174991 0.01074052 0.         0.         0.         0.         0.         0.         0.01059481 0.         0.         0.01071762 0.         0.         0.89734789 0.         0.         0.01705626 0.01635708 0.01234504],[0. 0. 0. 0. 0. 0. 0. 0. 1. 0. 0. 1. 1. 0. 0. 0. 0. 0. 0. 1. 0. 0. 1. 0. 0. 1. 0. 0. 1. 1. 1.],9.0,10000,30,0.6,10,1,9,,problem_solving
5800,0.029085492533764166,0.004765431252137649,0.4,-10.82694868503542,[0.         0.         0.         0.         0.         0.         0.         0.         0.01309087 0.         0.         0.01174991 0.01074052 0.         0.         0.         0.         0.         0.         0.01059481 0.         0.         0.01071762 0.         0.         0.89734789 0.         0.         0.01705626 0.01635708 0.01234504],[0. 0. 0. 0. 0. 0. 0. 0. 1. 0. 0. 1. 1. 0. 0. 0. 0. 0. 0. 1. 0. 0. 1. 0. 0. 1. 0. 0. 1. 1. 1.],9.0,10000,30,0.6,10,1,9,,problem_solving
5900,0.029085492533764166,0.004765431252137649,0.4,-11.841319742715823,[0.         0.         0.         0.         0.         0.         0.         0.         0.01309087 0.         0.         0.01174991 0.01074052 0.         0.         0.         0.         0.         0.         0.01059481 0.         0.         0.01071762 0.         0.         0.89734789 0.         0.         0.01705626 0.01635708 0.01234504],[0. 0. 0. 0. 0. 0. 0. 0. 1. 0. 0. 1. 1. 0. 0. 0. 0. 0. 0. 1. 0. 0. 1. 0. 0. 1. 0. 0. 1. 1. 1.],9.0,10000,30,0.6,10,1,9,,problem_solving
6000,0.029085492533764166,0.004765431252137649,0.4,0.8115479722739954,[0.         0.         0.         0.         0.         0.         0.         0.         0.01309087 0.         0.         0.01174991 0.01074052 0.         0.         0.         0.         0.         0.         0.01059481 0.         0.         0.01071762 0.         0.         0.89734789 0.         0.         0.01705626 0.01635708 0.01234504],[0. 0. 0. 0. 0. 0. 0. 0. 1. 0. 0. 1. 1. 0. 0. 0. 0. 0. 0. 1. 0. 0. 1. 0. 0. 1. 0. 0. 1. 1. 1.],9.0,10000,30,0.6,10,1,9,,problem_solving
6100,0.029085492533764166,0.004765431252137649,0.4,-3.191959855648375,[0.         0.         0.         0.         0.         0.         0.         0.         0.01309087 0.         0.         0.01174991 0.01074052 0.         0.         0.         0.         0.         0.         0.01059481 0.         0.         0.01071762 0.         0.         0.89734789 0.         0.         0.01705626 0.01635708 0.01234504],[0. 0. 0. 0. 0. 0. 0. 0. 1. 0. 0. 1. 1. 0. 0. 0. 0. 0. 0. 1. 0. 0. 1. 0. 0. 1. 0. 0. 1. 1. 1.],9.0,10000,30,0.6,10,1,9,,problem_solving
6200,0.029085492533764166,0.004765431252137649,0.4,1.5641814639786247,[0.         0.         0.         0.         0.         0.         0.         0.         0.01309087 0.         0.         0.01174991 0.01074052 0.         0.         0.         0.         0.         0.         0.01059481 0.         0.         0.01071762 0.         0.         0.89734789 0.         0.         0.01705626 0.01635708 0.01234504],[0. 0. 0. 0. 0. 0. 0. 0. 1. 0. 0. 1. 1. 0. 0. 0. 0. 0. 0. 1. 0. 0. 1. 0. 0. 1. 0. 0. 1. 1. 1.],9.0,10000,30,0.6,10,1,9,,problem_solving
6300,0.029085492533764166,0.004765431252137649,0.4,6.536171853886467,[0.         0.         0.         0.         0.         0.         0.         0.         0.01309087 0.         0.         0.01174991 0.01074052 0.         0.         0.         0.         0.         0.         0.01059481 0.         0.         0.01071762 0.         0.         0.89734789 0.         0.         0.01705626 0.01635708 0.01234504],[0. 0. 0. 0. 0. 0. 0. 0. 1. 0. 0. 1. 1. 0. 0. 0. 0. 0. 0. 1. 0. 0. 1. 0. 0. 1. 0. 0. 1. 1. 1.],9.0,10000,30,0.6,10,1,9,,problem_solving
6400,0.029085492533764166,0.004765431252137649,0.4,-15.146599011552027,[0.         0.         0.         0.         0.         0.         0.         0.         0.01309087 0.         0.         0.01174991 0.01074052 0.         0.         0.         0.         0.         0.         0.01059481 0.         0.         0.01071762 0.         0.         0.89734789 0.         0.         0.01705626 0.01635708 0.01234504],[0. 0. 0. 0. 0. 0. 0. 0. 1. 0. 0. 1. 1. 0. 0. 0. 0. 0. 0. 1. 0. 0. 1. 0. 0. 1. 0. 0. 1. 1. 1.],9.0,10000,30,0.6,10,1,9,,problem_solving
6500,0.029085492533764166,0.004765431252137649,0.4,-2.762309123044118,[0.         0.         0.         0.         0.         0.         0.         0.         0.01309087 0.         0.         0.01174991 0.01074052 0.         0.         0.         0.         0.         0.         0.01059481 0.         0.         0.01071762 0.         0.         0.89734789 0.         0.         0.01705626 0.01635708 0.01234504],[0. 0. 0. 0. 0. 0. 0. 0. 1. 0. 0. 1. 1. 0. 0. 0. 0. 0. 0. 1. 0. 0. 1. 0. 0. 1. 0. 0. 1. 1. 1.],9.0,10000,30,0.6,10,1,9,,problem_solving
6600,0.029085492533764166,0.004765431252137649,0.4,3.376132694992022,[0.         0.         0.         0.         0.         0.         0.         0.         0.01309087 0.         0.         0.01174991 0.01074052 0.         0.         0.         0.         0.         0.         0.01059481 0.         0.         0.01071762 0.         0.         0.89734789 0.         0.         0.01705626 0.01635708 0.01234504],[0. 0. 0. 0. 0. 0. 0. 0. 1. 0. 0. 1. 1. 0. 0. 0. 0. 0. 0. 1. 0. 0. 1. 0. 0. 1. 0. 0. 1. 1. 1.],9.0,10000,30,0.6,10,1,9,,problem_solving
6700,0.029085492533764166,0.004765431252137649,0.4,-6.860644341488433,[0.         0.         0.         0.         0.         0.         0.         0.         0.01309087 0.         0.         0.01174991 0.01074052 0.         0.         0.         0.         0.         0.         0.01059481 0.         0.         0.01071762 0.         0.         0.89734789 0.         0.         0.01705626 0.01635708 0.01234504],[0. 0. 0. 0. 0. 0. 0. 0. 1. 0. 0. 1. 1. 0. 0. 0. 0. 0. 0. 1. 0. 0. 1. 0. 0. 1. 0. 0. 1. 1. 1.],9.0,10000,30,0.6,10,1,9,,problem_solving
6800,0.029085492533764166,0.004765431252137649,0.4,-0.14865205770449139,[0.         0.         0.         0.         0.         0.         0.         0.         0.01309087 0.         0.         0.01174991 0.01074052 0.         0.         0.         0.         0.         0.         0.01059481 0.         0.         0.01071762 0.         0.         0.89734789 0.         0.         0.01705626 0.01635708 0.01234504],[0. 0. 0. 0. 0. 0. 0. 0. 1. 0. 0. 1. 1. 0. 0. 0. 0. 0. 0. 1. 0. 0. 1. 0. 0. 1. 0. 0. 1. 1. 1.],9.0,10000,30,0.6,10,1,9,,problem_solving
6900,0.029085492533764166,0.004765431252137649,0.4,-3.0577241082695057,[0.         0.         0.         0.         0.         0.         0.         0.         0.01309087 0.         0.         0.01174991 0.01074052 0.         0.         0.         0.         0.         0.         0.01059481 0.         0.         0.01071762 0.         0.         0.89734789 0.         0.         0.01705626 0.01635708 0.01234504],[0. 0. 0. 0. 0. 0. 0. 0. 1. 0. 0. 1. 1. 0. 0. 0. 0. 0. 0. 1. 0. 0. 1. 0. 0. 1. 0. 0. 1. 1. 1.],9.0,10000,30,0.6,10,1,9,,problem_solving
7000,0.029085492533764166,0.004765431252137649,0.4,10.296146363633198,[0.         0.         0.         0.         0.         0.         0.         0.         0.01309087 0.         0.         0.01174991 0.01074052 0.         0.         0.         0.         0.         0.         0.01059481 0.         0.         0.01071762 0.         0.         0.89734789 0.         0.         0.01705626 0.01635708 0.01234504],[0. 0. 0. 0. 0. 0. 0. 0. 1. 0. 0. 1. 1. 0. 0. 0. 0. 0. 0. 1. 0. 0. 1. 0. 0. 1. 0. 0. 1. 1. 1.],9.0,10000,30,0.6,10,1,9,,problem_solving
7100,0.029085492533764166,0.004765431252137649,0.4,1.5846866502318722,[0.         0.         0.         0.         0.         0.         0.         0.         0.01309087 0.         0.         0.01174991 0.01074052 0.         0.         0.         0.         0.         0.         0.01059481 0.         0.         0.01071762 0.         0.         0.89734789 0.         0.         0.01705626 0.01635708 0.01234504],[0. 0. 0. 0. 0. 0. 0. 0. 1. 0. 0. 1. 1. 0. 0. 0. 0. 0. 0. 1. 0. 0. 1. 0. 0. 1. 0. 0. 1. 1. 1.],9.0,10000,30,0.6,10,1,9,,problem_solving
7200,0.029085492533764166,0.004765431252137649,0.4,0.4537536814354225,[0.         0.         0.         0.         0.         0.         0.         0.         0.01309087 0.         0.         0.01174991 0.01074052 0.         0.         0.         0.         0.         0.         0.01059481 0.         0.         0.01071762 0.         0.         0.89734789 0.         0.         0.01705626 0.01635708 0.01234504],[0. 0. 0. 0. 0. 0. 0. 0. 1. 0. 0. 1. 1. 0. 0. 0. 0. 0. 0. 1. 0. 0. 1. 0. 0. 1. 0. 0. 1. 1. 1.],9.0,10000,30,0.6,10,1,9,,problem_solving
7300,0.02890414994884676,0.004630608329132981,0.4,3.4192468070668616,[0.         0.         0.01214859 0.         0.         0.01420079 0.         0.01529257 0.         0.         0.         0.01289693 0.         0.         0.         0.         0.         0.         0.01653094 0.         0.         0.         0.         0.         0.         0.89162427 0.         0.01539612 0.         0.01146045 0.01044935],[0. 0. 1. 0. 0. 1. 0. 1. 0. 0. 0. 1. 0. 0. 0. 0. 0. 0. 1. 0. 0. 0. 0. 0. 0. 1. 0. 1. 0. 1. 1.],9.0,10000,30,0.6,10,1,9,,problem_solving
7400,0.02890414994884676,0.004630608329132981,0.4,13.20766541608825,[0.         0.         0.01214859 0.         0.         0.01420079 0.         0.01529257 0.         0.         0.         0.01289693 0.         0.         0.         0.         0.         0.         0.01653094 0.         0.         0.         0.         0.         0.         0.89162427 0.         0.01539612 0.         0.01146045 0.01044935],[0. 0. 1. 0. 0. 1. 0. 1. 0. 0. 0. 1. 0. 0. 0. 0. 0. 0. 1. 0. 0. 0. 0. 0. 0. 1. 0. 1. 0. 1. 1.],9.0,10000,30,0.6,10,1,9,,problem_solving
7500,0.02890414994884676,0.004630608329132981,0.4,3.3819845837498286,[0.         0.         0.01214859 0.         0.         0.01420079 0.         0.01529257 0.         0.         0.         0.01289693 0.         0.         0.         0.         0.         0.         0.01653094 0.         0.         0.         0.         0.         0.         0.89162427 0.         0.01539612 0.         0.01146045 0.01044935],[0. 0. 1. 0. 0. 1. 0. 1. 0. 0. 0. 1. 0. 0. 0. 0. 0. 0. 1. 0. 0. 0. 0. 0. 0. 1. 0. 1. 0. 1. 1.],9.0,10000,30,0.6,10,1,9,,problem_solving
7600,0.02890414994884676,0.004630608329132981,0.4,5.664910200407951,[0.         0.         0.01214859 0.         0.         0.01420079 0.         0.01529257 0.         0.         0.         0.01289693 0.         0.         0.         0.         0.         0.         0.01653094 0.         0.         0.         0.         0.         0.         0.89162427 0.         0.01539612 0.         0.01146045 0.01044935],[0. 0. 1. 0. 0. 1. 0. 1. 0. 0. 0. 1. 0. 0. 0. 0. 0. 0. 1. 0. 0. 0. 0. 0. 0. 1. 0. 1. 0. 1. 1.],9.0,10000,30,0.6,10,1,9,,problem_solving
7700,0.02890414994884676,0.004630608329132981,0.4,-7.486597991683191,[0.         0.         0.01214859 0.         0.         0.01420079 0.         0.01529257 0.         0.         0.         0.01289693 0.         0.         0.         0.         0.         0.         0.01653094 0.         0.         0.         0.         0.         0.         0.89162427 0.         0.01539612 0.         0.01146045 0.01044935],[0. 0. 1. 0. 0. 1. 0. 1. 0. 0. 0. 1. 0. 0. 0. 0. 0. 0. 1. 0. 0. 0. 0. 0. 0. 1. 0. 1. 0. 1. 1.],9.0,10000,30,0.6,10,1,9,,problem_solving
7800,0.02890414994884676,0.004630608329132981,0.4,2.9065817297295276,[0.         0.         0.01214859 0.         0.         0.01420079 0.         0.01529257 0.         0.         0.         0.01289693 0.         0.         0.         0.         0.         0.         0.01653094 0.         0.         0.         0.         0.         0.         0.89162427 0.         0.01539612 0.         0.01146045 0.01044935],[0. 0. 1. 0. 0. 1. 0. 1. 0. 0. 0. 1. 0. 0. 0. 0. 0. 0. 1. 0. 0. 0. 0. 0. 0. 1. 0. 1. 0. 1. 1.],9.0,10000,30,0.6,10,1,9,,problem_solving
7900,0.02890414994884676,0.004630608329132981,0.4,8.925242838254638,[0.         0.         0.01214859 0.         0.         0.01420079 0.         0.01529257 0.         0.         0.         0.01289693 0.         0.         0.         0.         0.         0.         0.01653094 0.         0.         0.         0.         0.         0.         0.89162427 0.         0.01539612 0.         0.01146045 0.01044935],[0. 0. 1. 0. 0. 1. 0. 1. 0. 0. 0. 1. 0. 0. 0. 0. 0. 0. 1. 0. 0. 0. 0. 0. 0. 1. 0. 1. 0. 1. 1.],9.0,10000,30,0.6,10,1,9,,problem_solving
8000,0.02890414994884676,0.004630608329132981,0.4,-17.084644004316036,[0.         0.         0.01214859 0.         0.         0.01420079 0.         0.01529257 0.         0.         0.         0.01289693 0.         0.         0.         0.         0.         0.         0.01653094 0.         0.         0.         0.         0.         0.         0.89162427 0.         0.01539612 0.         0.01146045 0.01044935],[0. 0. 1. 0. 0. 1. 0. 1. 0. 0. 0. 1. 0. 0. 0. 0. 0. 0. 1. 0. 0. 0. 0. 0. 0. 1. 0. 1. 0. 1. 1.],9.0,10000,30,0.6,10,1,9,,problem_solving
8100,0.02890414994884676,0.004630608329132981,0.4,0.7863321106151571,[0.         0.         0.01214859 0.         0.         0.01420079 0.         0.01529257 0.         0.         0.         0.01289693 0.         0.         0.         0.         0.         0.         0.01653094 0.         0.         0.         0.         0.         0.         0.89162427 0.         0.01539612 0.         0.01146045 0.01044935],[0. 0. 1. 0. 0. 1. 0. 1. 0. 0. 0. 1. 0. 0. 0. 0. 0. 0. 1. 0. 0. 0. 0. 0. 0. 1. 0. 1. 0. 1. 1.],9.0,10000,30,0.6,10,1,9,,problem_solving
8200,0.02890414994884676,0.004630608329132981,0.4,16.571617507343884,[0.         0.         0.01214859 0.         0.         0.01420079 0.         0.01529257 0.         0.         0.         0.01289693 0.         0.         0.         0.         0.         0.         0.01653094 0.         0.         0.         0.         0.         0.         0.89162427 0.         0.01539612 0.         0.01146045 0.01044935],[0. 0. 1. 0. 0. 1. 0. 1. 0. 0. 0. 1. 0. 0. 0. 0. 0. 0. 1. 0. 0. 0. 0. 0. 0. 1. 0. 1. 0. 1. 1.],9.0,10000,30,0.6,10,1,9,,problem_solving
8300,0.02890414994884676,0.004630608329132981,0.4,10.493963532880233,[0.         0.         0.01214859 0.         0.         0.01420079 0.         0.01529257 0.         0.         0.         0.01289693 0.         0.         0.         0.         0.         0.         0.01653094 0.         0.         0.         0.         0.         0.         0.89162427 0.         0.01539612 0.         0.01146045 0.01044935],[0. 0. 1. 0. 0. 1. 0. 1. 0. 0. 0. 1. 0. 0. 0. 0. 0. 0. 1. 0. 0. 0. 0. 0. 0. 1. 0. 1. 0. 1. 1.],9.0,10000,30,0.6,10,1,9,,problem_solving
8400,0.02890414994884676,0.004630608329132981,0.4,-7.831508811979679,[0.         0.         0.01214859 0.         0.         0.01420079 0.         0.01529257 0.         0.         0.         0.01289693 0.         0.         0.         0.         0.         0.         0.01653094 0.         0.         0.         0.         0.         0.         0.89162427 0.         0.01539612 0.         0.01146045 0.01044935],[0. 0. 1. 0. 0. 1. 0. 1. 0. 0. 0. 1. 0. 0. 0. 0. 0. 0. 1. 0. 0. 0. 0. 0. 0. 1. 0. 1. 0. 1. 1.],9.0,10000,30,0.6,10,1,9,,problem_solving
8500,0.02890414994884676,0.004630608329132981,0.4,14.834950684926158,[0.         0.         0.01214859 0.         0.         0.01420079 0.         0.01529257 0.         0.         0.         0.01289693 0.         0.         0.         0.         0.         0.         0.01653094 0.         0.         0.         0.         0.         0.         0.89162427 0.         0.01539612 0.         0.01146045 0.01044935],[0. 0. 1. 0. 0. 1. 0. 1. 0. 0. 0. 1. 0. 0. 0. 0. 0. 0. 1. 0. 0. 0. 0. 0. 0. 1. 0. 1. 0. 1. 1.],9.0,10000,30,0.6,10,1,9,,problem_solving
8600,0.02890414994884676,0.004630608329132981,0.4,-1.7780762092971059,[0.         0.         0.01214859 0.         0.         0.01420079 0.         0.01529257 0.         0.         0.         0.01289693 0.         0.         0.         0.         0.         0.         0.01653094 0.         0.         0.         0.         0.         0.         0.89162427 0.         0.01539612 0.         0.01146045 0.01044935],[0. 0. 1. 0. 0. 1. 0. 1. 0. 0. 0. 1. 0. 0. 0. 0. 0. 0. 1. 0. 0. 0. 0. 0. 0. 1. 0. 1. 0. 1. 1.],9.0,10000,30,0.6,10,1,9,,problem_solving
8700,0.02890414994884676,0.004630608329132981,0.4,-22.966539305453043,[0.         0.         0.01214859 0.         0.         0.01420079 0.         0.01529257 0.         0.         0.         0.01289693 0.         0.         0.         0.         0.         0.         0.01653094 0.         0.         0.         0.         0.         0.         0.89162427 0.         0.01539612 0.         0.01146045 0.01044935],[0. 0. 1. 0. 0. 1. 0. 1. 0. 0. 0. 1. 0. 0. 0. 0. 0. 0. 1. 0. 0. 0. 0. 0. 0. 1. 0. 1. 0. 1. 1.],9.0,10000,30,0.6,10,1,9,,problem_solving
8800,0.02890414994884676,0.004630608329132981,0.4,-3.0345593929434327,[0.         0.         0.01214859 0.         0.         0.01420079 0.         0.01529257 0.         0.         0.         0.01289693 0.         0.         0.         0.         0.         0.         0.01653094 0.         0.         0.         0.         0.         0.         0.89162427 0.         0.01539612 0.         0.01146045 0.01044935],[0. 0. 1. 0. 0. 1. 0. 1. 0. 0. 0. 1. 0. 0. 0. 0. 0. 0. 1. 0. 0. 0. 0. 0. 0. 1. 0. 1. 0. 1. 1.],9.0,10000,30,0.6,10,1,9,,problem_solving
8900,0.02890414994884676,0.004630608329132981,0.4,-14.021087821607573,[0.         0.         0.01214859 0.         0.         0.01420079 0.         0.01529257 0.         0.         0.         0.01289693 0.         0.         0.         0.         0.         0.         0.01653094 0.         0.         0.         0.         0.         0.         0.89162427 0.         0.01539612 0.         0.01146045 0.01044935],[0. 0. 1. 0. 0. 1. 0. 1. 0. 0. 0. 1. 0. 0. 0. 0. 0. 0. 1. 0. 0. 0. 0. 0. 0. 1. 0. 1. 0. 1. 1.],9.0,10000,30,0.6,10,1,9,,problem_solving
9000,0.02890414994884676,0.004630608329132981,0.4,2.6506081455176256,[0.         0.         0.01214859 0.         0.         0.01420079 0.         0.01529257 0.         0.         0.         0.01289693 0.         0.         0.         0.         0.         0.         0.01653094 0.         0.         0.         0.         0.         0.         0.89162427 0.         0.01539612 0.         0.01146045 0.01044935],[0. 0. 1. 0. 0. 1. 0. 1. 0. 0. 0. 1. 0. 0. 0. 0. 0. 0. 1. 0. 0. 0. 0. 0. 0. 1. 0. 1. 0. 1. 1.],9.0,10000,30,0.6,10,1,9,,problem_solving
9100,0.02890414994884676,0.004630608329132981,0.4,-18.35941654558624,[0.         0.         0.01214859 0.         0.         0.01420079 0.         0.01529257 0.         0.         0.         0.01289693 0.         0.         0.         0.         0.         0.         0.01653094 0.         0.         0.         0.         0.         0.         0.89162427 0.         0.01539612 0.         0.01146045 0.01044935],[0. 0. 1. 0. 0. 1. 0. 1. 0. 0. 0. 1. 0. 0. 0. 0. 0. 0. 1. 0. 0. 0. 0. 0. 0. 1. 0. 1. 0. 1. 1.],9.0,10000,30,0.6,10,1,9,,problem_solving
9200,0.02890414994884676,0.004630608329132981,0.4,6.745331239519954,[0.         0.         0.01214859 0.         0.         0.01420079 0.         0.01529257 0.         0.         0.         0.01289693 0.         0.         0.         0.         0.         0.         0.01653094 0.         0.         0.         0.         0.         0.         0.89162427 0.         0.01539612 0.         0.01146045 0.01044935],[0. 0. 1. 0. 0. 1. 0. 1. 0. 0. 0. 1. 0. 0. 0. 0. 0. 0. 1. 0. 0. 0. 0. 0. 0. 1. 0. 1. 0. 1. 1.],9.0,10000,30,0.6,10,1,9,,problem_solving
9300,0.02890414994884676,0.004630608329132981,0.4,9.179416867994592,[0.         0.         0.01214859 0.         0.         0.01420079 0.         0.01529257 0.         0.         0.         0.01289693 0.         0.         0.         0.         0.         0.         0.01653094 0.         0.         0.         0.         0.         0.         0.89162427 0.         0.01539612 0.         0.01146045 0.01044935],[0. 0. 1. 0. 0. 1. 0. 1. 0. 0. 0. 1. 0. 0. 0. 0. 0. 0. 1. 0. 0. 0. 0. 0. 0. 1. 0. 1. 0. 1. 1.],9.0,10000,30,0.6,10,1,9,,problem_solving
9400,0.02890414994884676,0.004630608329132981,0.4,-8.06248423620247,[0.         0.         0.01214859 0.         0.         0.01420079 0.         0.01529257 0.         0.         0.         0.01289693 0.         0.         0.         0.         0.         0.         0.01653094 0.         0.         0.         0.         0.         0.         0.89162427 0.         0.01539612 0.         0.01146045 0.01044935],[0. 0. 1. 0. 0. 1. 0. 1. 0. 0. 0. 1. 0. 0. 0. 0. 0. 0. 1. 0. 0. 0. 0. 0. 0. 1. 0. 1. 0. 1. 1.],9.0,10000,30,0.6,10,1,9,,problem_solving
9500,0.02890414994884676,0.004630608329132981,0.4,-13.130643573953995,[0.         0.         0.01214859 0.         0.         0.01420079 0.         0.01529257 0.         0.         0.         0.01289693 0.         0.         0.         0.         0.         0.         0.01653094 0.         0.         0.         0.         0.         0.         0.89162427 0.         0.01539612 0.         0.01146045 0.01044935],[0. 0. 1. 0. 0. 1. 0. 1. 0. 0. 0. 1. 0. 0. 0. 0. 0. 0. 1. 0. 0. 0. 0. 0. 0. 1. 0. 1. 0. 1. 1.],9.0,10000,30,0.6,10,1,9,,problem_solving
9600,0.02890414994884676,0.004630608329132981,0.4,-8.251584531607769,[0.         0.         0.01214859 0.         0.         0.01420079 0.         0.01529257 0.         0.         0.         0.01289693 0.         0.         0.         0.         0.         0.         0.01653094 0.         0.         0.         0.         0.         0.         0.89162427 0.         0.01539612 0.         0.01146045 0.01044935],[0. 0. 1. 0. 0. 1. 0. 1. 0. 0. 0. 1. 0. 0. 0. 0. 0. 0. 1. 0. 0. 0. 0. 0. 0. 1. 0. 1. 0. 1. 1.],9.0,10000,30,0.6,10,1,9,,problem_solving
9700,0.02890414994884676,0.004630608329132981,0.4,-1.5286536113051352,[0.         0.         0.01214859 0.         0.         0.01420079 0.         0.01529257 0.         0.         0.         0.01289693 0.         0.         0.         0.         0.         0.         0.01653094 0.         0.         0.         0.         0.         0.         0.89162427 0.         0.01539612 0.         0.01146045 0.01044935],[0. 0. 1. 0. 0. 1. 0. 1. 0. 0. 0. 1. 0. 0. 0. 0. 0. 0. 1. 0. 0. 0. 0. 0. 0. 1. 0. 1. 0. 1. 1.],9.0,10000,30,0.6,10,1,9,,problem_solving
9800,0.02890414994884676,0.004630608329132981,0.4,-13.250779391313754,[0.         0.         0.01214859 0.         0.         0.01420079 0.         0.01529257 0.         0.         0.         0.01289693 0.         0.         0.         0.         0.         0.         0.01653094 0.         0.         0.         0.         0.         0.         0.89162427 0.         0.01539612 0.         0.01146045 0.01044935],[0. 0. 1. 0. 0. 1. 0. 1. 0. 0. 0. 1. 0. 0. 0. 0. 0. 0. 1. 0. 0. 0. 0. 0. 0. 1. 0. 1. 0. 1. 1.],9.0,10000,30,0.6,10,1,9,,problem_solving
9900,0.02890414994884676,0.004630608329132981,0.4,3.6560146822037836,[0.         0.         0.01214859 0.         0.         0.01420079 0.         0.01529257 0.         0.         0.         0.01289693 0.         0.         0.         0.         0.         0.         0.01653094 0.         0.         0.         0.         0.         0.         0.89162427 0.         0.01539612 0.         0.01146045 0.01044935],[0. 0. 1. 0. 0. 1. 0. 1. 0. 0. 0. 1. 0. 0. 0. 0. 0. 0. 1. 0. 0. 0. 0. 0. 0. 1. 0. 1. 0. 1. 1.],9.0,10000,30,0.6,10,1,9,,problem_solving
9999,0.02890414994884676,0.004630608329132981,0.4,1.5091279948117498,[0.         0.         0.01214859 0.         0.         0.01420079 0.         0.01529257 0.         0.         0.         0.01289693 0.         0.         0.         0.         0.         0.         0.01653094 0.         0.         0.         0.         0.         0.         0.89162427 0.         0.01539612 0.         0.01146045 0.01044935],[0. 0. 1. 0. 0. 1. 0. 1. 0. 0. 0. 1. 0. 0. 0. 0. 0. 0. 1. 0. 0. 0. 0. 0. 0. 1. 0. 1. 0. 1. 1.],9.0,10000,30,0.6,10,1,9,,problem_solving
