iter,cost,risk,return,par,bw,move,X,Z,Q,pop_init,max_iter,pop_size,mem_size,mem_consider,par_min,par_max,bw_min,bw_max,sigma,lambda,port_n,k,seed,tag
1,0.0020914824374074726,0.012117,0.0051683751079181495,0.1004,0.69863918733465,0.029744221193703325,[0.         0.         0.         0.         0.97217642 0.         0.         0.         0.         0.         0.         0.         0.         0.         0.         0.         0.         0.         0.         0.         0.         0.         0.         0.         0.         0.         0.         0.         0.         0.         0.02782358],[0. 0. 0. 0. 1. 0. 0. 0. 0. 0. 0. 0. 0. 0. 0. 0. 0. 0. 0. 0. 0. 0. 0. 0. 0. 0. 0. 0. 0. 0. 1.],2.0,best,1000,100,10,0.9,0.1,0.5,0.1,0.7,0.03,0.42,1,2,,problem_solving
10,0.0010725715865590154,0.02949,0.004520304408698315,0.10400000000000001,0.6865103033060405,0.003013682190760236,[0.         0.         0.         0.         0.97079775 0.         0.         0.         0.         0.         0.         0.         0.         0.         0.         0.         0.         0.         0.         0.         0.         0.         0.         0.         0.         0.         0.         0.         0.         0.         0.02920225],[0. 0. 0. 0. 1. 0. 0. 0. 0. 0. 0. 0. 0. 0. 0. 0. 0. 0. 0. 0. 0. 0. 0. 0. 0. 0. 0. 0. 0. 0. 1.],2.0,best,1000,100,10,0.9,0.1,0.5,0.1,0.7,0.03,0.42,1,2,,problem_solving
20,-0.0007690105617141601,0.024473,0.002120592449931209,0.10800000000000001,0.6732805664933595,0.016601376923889254,[0.         0.         0.         0.         0.97964728 0.         0.         0.         0.         0.         0.         0.         0.         0.         0.         0.         0.         0.         0.         0.         0.         0.         0.         0.         0.         0.         0.         0.         0.         0.         0.02035272],[0. 0. 0. 0. 1. 0. 0. 0. 0. 0. 0. 0. 0. 0. 0. 0. 0. 0. 0. 0. 0. 0. 0. 0. 0. 0. 0. 0. 0. 0. 1.],2.0,best,1000,100,10,0.9,0.1,0.5,0.1,0.7,0.03,0.42,1,2,,problem_solving
30,-0.0011345975363122995,0.016982,0.0036503891101139396,0.112,0.6603057798763129,0.0009019477149515972,[0.         0.         0.         0.         0.97992859 0.         0.         0.         0.         0.         0.         0.         0.         0.         0.         0.         0.         0.         0.         0.         0.         0.         0.         0.         0.         0.         0.         0.         0.         0.         0.02007141],[0. 0. 0. 0. 1. 0. 0. 0. 0. 0. 0. 0. 0. 0. 0. 0. 0. 0. 0. 0. 0. 0. 0. 0. 0. 0. 0. 0. 0. 0. 1.],2.0,best,1000,100,10,0.9,0.1,0.5,0.1,0.7,0.03,0.42,1,2,,problem_solving
40,-0.0011345975363122995,0.016982,0.0036503891101139396,0.116,0.6475810303108847,-0.007684639724947975,[0.         0.         0.         0.         0.97992859 0.         0.         0.         0.         0.         0.         0.         0.         0.         0.         0.         0.         0.         0.         0.         0.         0.         0.         0.         0.         0.         0.         0.         0.         0.         0.02007141],[0. 0. 0. 0. 1. 0. 0. 0. 0. 0. 0. 0. 0. 0. 0. 0. 0. 0. 0. 0. 0. 0. 0. 0. 0. 0. 0. 0. 0. 0. 1.],2.0,best,1000,100,10,0.9,0.1,0.5,0.1,0.7,0.03,0.42,1,2,,problem_solving
50,-0.0011345975363122995,0.016982,0.0036503891101139396,0.12000000000000001,0.6351014993342337,0.015599228344854674,[0.         0.         0.         0.         0.97992859 0.         0.         0.         0.         0.         0.         0.         0.         0.         0.         0.         0.         0.         0.         0.         0.         0.         0.         0.         0.         0.         0.         0.         0.         0.         0.02007141],[0. 0. 0. 0. 1. 0. 0. 0. 0. 0. 0. 0. 0. 0. 0. 0. 0. 0. 0. 0. 0. 0. 0. 0. 0. 0. 0. 0. 0. 0. 1.],2.0,best,1000,100,10,0.9,0.1,0.5,0.1,0.7,0.03,0.42,1,2,,problem_solving
60,-0.0011345975363122995,0.016982,0.0036503891101139396,0.124,0.622862461340094,0.018023096103274155,[0.         0.         0.         0.         0.97992859 0.         0.         0.         0.         0.         0.         0.         0.         0.         0.         0.         0.         0.         0.         0.         0.         0.         0.         0.         0.         0.         0.         0.         0.         0.         0.02007141],[0. 0. 0. 0. 1. 0. 0. 0. 0. 0. 0. 0. 0. 0. 0. 0. 0. 0. 0. 0. 0. 0. 0. 0. 0. 0. 0. 0. 0. 0. 1.],2.0,best,1000,100,10,0.9,0.1,0.5,0.1,0.7,0.03,0.42,1,2,,problem_solving
70,-0.0019584517564853804,0.022734,0.00992957842208421,0.128,0.6108592817893356,0.03572582984045232,[0.         0.         0.         0.         0.97128255 0.         0.         0.         0.         0.         0.         0.         0.         0.         0.         0.         0.         0.         0.         0.         0.         0.         0.         0.         0.         0.         0.         0.         0.         0.         0.02871745],[0. 0. 0. 0. 1. 0. 0. 0. 0. 0. 0. 0. 0. 0. 0. 0. 0. 0. 0. 0. 0. 0. 0. 0. 0. 0. 0. 0. 0. 0. 1.],2.0,best,1000,100,10,0.9,0.1,0.5,0.1,0.7,0.03,0.42,1,2,,problem_solving
80,-0.0019584517564853804,0.022734,0.00992957842208421,0.132,0.5990874154550098,-0.021880217773646998,[0.         0.         0.         0.         0.97128255 0.         0.         0.         0.         0.         0.         0.         0.         0.         0.         0.         0.         0.         0.         0.         0.         0.         0.         0.         0.         0.         0.         0.         0.         0.         0.02871745],[0. 0. 0. 0. 1. 0. 0. 0. 0. 0. 0. 0. 0. 0. 0. 0. 0. 0. 0. 0. 0. 0. 0. 0. 0. 0. 0. 0. 0. 0. 1.],2.0,best,1000,100,10,0.9,0.1,0.5,0.1,0.7,0.03,0.42,1,2,,problem_solving
90,-0.0019584517564853804,0.022734,0.00992957842208421,0.136,0.5875424047012152,0.0141720069086964,[0.         0.         0.         0.         0.97128255 0.         0.         0.         0.         0.         0.         0.         0.         0.         0.         0.         0.         0.         0.         0.         0.         0.         0.         0.         0.         0.         0.         0.         0.         0.         0.02871745],[0. 0. 0. 0. 1. 0. 0. 0. 0. 0. 0. 0. 0. 0. 0. 0. 0. 0. 0. 0. 0. 0. 0. 0. 0. 0. 0. 0. 0. 0. 1.],2.0,best,1000,100,10,0.9,0.1,0.5,0.1,0.7,0.03,0.42,1,2,,problem_solving
100,-0.0019584517564853804,0.022734,0.00992957842208421,0.14,0.576219877795131,-0.030893299071822495,[0.         0.         0.         0.         0.97128255 0.         0.         0.         0.         0.         0.         0.         0.         0.         0.         0.         0.         0.         0.         0.         0.         0.         0.         0.         0.         0.         0.         0.         0.         0.         0.02871745],[0. 0. 0. 0. 1. 0. 0. 0. 0. 0. 0. 0. 0. 0. 0. 0. 0. 0. 0. 0. 0. 0. 0. 0. 0. 0. 0. 0. 0. 0. 1.],2.0,best,1000,100,10,0.9,0.1,0.5,0.1,0.7,0.03,0.42,1,2,,problem_solving
110,-0.0019584517564853804,0.022734,0.00992957842208421,0.14400000000000002,0.5651155472515784,-0.019780732991166967,[0.         0.         0.         0.         0.97128255 0.         0.         0.         0.         0.         0.         0.         0.         0.         0.         0.         0.         0.         0.         0.         0.         0.         0.         0.         0.         0.         0.         0.         0.         0.         0.02871745],[0. 0. 0. 0. 1. 0. 0. 0. 0. 0. 0. 0. 0. 0. 0. 0. 0. 0. 0. 0. 0. 0. 0. 0. 0. 0. 0. 0. 0. 0. 1.],2.0,best,1000,100,10,0.9,0.1,0.5,0.1,0.7,0.03,0.42,1,2,,problem_solving
120,-0.0019584517564853804,0.022734,0.00992957842208421,0.14800000000000002,0.554225208209486,-0.012773183841626554,[0.         0.         0.         0.         0.97128255 0.         0.         0.         0.         0.         0.         0.         0.         0.         0.         0.         0.         0.         0.         0.         0.         0.         0.         0.         0.         0.         0.         0.         0.         0.         0.02871745],[0. 0. 0. 0. 1. 0. 0. 0. 0. 0. 0. 0. 0. 0. 0. 0. 0. 0. 0. 0. 0. 0. 0. 0. 0. 0. 0. 0. 0. 0. 1.],2.0,best,1000,100,10,0.9,0.1,0.5,0.1,0.7,0.03,0.42,1,2,,problem_solving
130,-0.0019584517564853804,0.022734,0.00992957842208421,0.15200000000000002,0.5435447368396396,-0.0009688524415218682,[0.         0.         0.         0.         0.97128255 0.         0.         0.         0.         0.         0.         0.         0.         0.         0.         0.         0.         0.         0.         0.         0.         0.         0.         0.         0.         0.         0.         0.         0.         0.         0.02871745],[0. 0. 0. 0. 1. 0. 0. 0. 0. 0. 0. 0. 0. 0. 0. 0. 0. 0. 0. 0. 0. 0. 0. 0. 0. 0. 0. 0. 0. 0. 1.],2.0,best,1000,100,10,0.9,0.1,0.5,0.1,0.7,0.03,0.42,1,2,,problem_solving
140,-0.0019584517564853804,0.022734,0.00992957842208421,0.156,0.5330700887831185,-0.004470952724236336,[0.         0.         0.         0.         0.97128255 0.         0.         0.         0.         0.         0.         0.         0.         0.         0.         0.         0.         0.         0.         0.         0.         0.         0.         0.         0.         0.         0.         0.         0.         0.         0.02871745],[0. 0. 0. 0. 1. 0. 0. 0. 0. 0. 0. 0. 0. 0. 0. 0. 0. 0. 0. 0. 0. 0. 0. 0. 0. 0. 0. 0. 0. 0. 1.],2.0,best,1000,100,10,0.9,0.1,0.5,0.1,0.7,0.03,0.42,1,2,,problem_solving
150,-0.0019584517564853804,0.022734,0.00992957842208421,0.16,0.5227972976198237,0.010770634925468174,[0.         0.         0.         0.         0.97128255 0.         0.         0.         0.         0.         0.         0.         0.         0.         0.         0.         0.         0.         0.         0.         0.         0.         0.         0.         0.         0.         0.         0.         0.         0.         0.02871745],[0. 0. 0. 0. 1. 0. 0. 0. 0. 0. 0. 0. 0. 0. 0. 0. 0. 0. 0. 0. 0. 0. 0. 0. 0. 0. 0. 0. 0. 0. 1.],2.0,best,1000,100,10,0.9,0.1,0.5,0.1,0.7,0.03,0.42,1,2,,problem_solving
160,-0.0019584517564853804,0.022734,0.00992957842208421,0.164,0.5127224733665192,-0.01154443800727973,[0.         0.         0.         0.         0.97128255 0.         0.         0.         0.         0.         0.         0.         0.         0.         0.         0.         0.         0.         0.         0.         0.         0.         0.         0.         0.         0.         0.         0.         0.         0.         0.02871745],[0. 0. 0. 0. 1. 0. 0. 0. 0. 0. 0. 0. 0. 0. 0. 0. 0. 0. 0. 0. 0. 0. 0. 0. 0. 0. 0. 0. 0. 0. 1.],2.0,best,1000,100,10,0.9,0.1,0.5,0.1,0.7,0.03,0.42,1,2,,problem_solving
170,-0.0019584517564853804,0.022734,0.00992957842208421,0.168,0.5028418010038177,-0.020899893733667827,[0.         0.         0.         0.         0.97128255 0.         0.         0.         0.         0.         0.         0.         0.         0.         0.         0.         0.         0.         0.         0.         0.         0.         0.         0.         0.         0.         0.         0.         0.         0.         0.02871745],[0. 0. 0. 0. 1. 0. 0. 0. 0. 0. 0. 0. 0. 0. 0. 0. 0. 0. 0. 0. 0. 0. 0. 0. 0. 0. 0. 0. 0. 0. 1.],2.0,best,1000,100,10,0.9,0.1,0.5,0.1,0.7,0.03,0.42,1,2,,problem_solving
180,-0.0019584517564853804,0.022734,0.00992957842208421,0.17200000000000001,0.4931515390315523,0.007185409207942173,[0.         0.         0.         0.         0.97128255 0.         0.         0.         0.         0.         0.         0.         0.         0.         0.         0.         0.         0.         0.         0.         0.         0.         0.         0.         0.         0.         0.         0.         0.         0.         0.02871745],[0. 0. 0. 0. 1. 0. 0. 0. 0. 0. 0. 0. 0. 0. 0. 0. 0. 0. 0. 0. 0. 0. 0. 0. 0. 0. 0. 0. 0. 0. 1.],2.0,best,1000,100,10,0.9,0.1,0.5,0.1,0.7,0.03,0.42,1,2,,problem_solving
190,-0.0019584517564853804,0.022734,0.00992957842208421,0.176,0.48364801805198804,0.008135704343369804,[0.         0.         0.         0.         0.97128255 0.         0.         0.         0.         0.         0.         0.         0.         0.         0.         0.         0.         0.         0.         0.         0.         0.         0.         0.         0.         0.         0.         0.         0.         0.         0.02871745],[0. 0. 0. 0. 1. 0. 0. 0. 0. 0. 0. 0. 0. 0. 0. 0. 0. 0. 0. 0. 0. 0. 0. 0. 0. 0. 0. 0. 0. 0. 1.],2.0,best,1000,100,10,0.9,0.1,0.5,0.1,0.7,0.03,0.42,1,2,,problem_solving
200,-0.0019584517564853804,0.022734,0.00992957842208421,0.18,0.4743276393803366,-0.012469451891600003,[0.         0.         0.         0.         0.97128255 0.         0.         0.         0.         0.         0.         0.         0.         0.         0.         0.         0.         0.         0.         0.         0.         0.         0.         0.         0.         0.         0.         0.         0.         0.         0.02871745],[0. 0. 0. 0. 1. 0. 0. 0. 0. 0. 0. 0. 0. 0. 0. 0. 0. 0. 0. 0. 0. 0. 0. 0. 0. 0. 0. 0. 0. 0. 1.],2.0,best,1000,100,10,0.9,0.1,0.5,0.1,0.7,0.03,0.42,1,2,,problem_solving
210,-0.0019584517564853804,0.022734,0.00992957842208421,0.184,0.4651868736820473,-0.00892354027336765,[0.         0.         0.         0.         0.97128255 0.         0.         0.         0.         0.         0.         0.         0.         0.         0.         0.         0.         0.         0.         0.         0.         0.         0.         0.         0.         0.         0.         0.         0.         0.         0.02871745],[0. 0. 0. 0. 1. 0. 0. 0. 0. 0. 0. 0. 0. 0. 0. 0. 0. 0. 0. 0. 0. 0. 0. 0. 0. 0. 0. 0. 0. 0. 1.],2.0,best,1000,100,10,0.9,0.1,0.5,0.1,0.7,0.03,0.42,1,2,,problem_solving
220,-0.0019584517564853804,0.022734,0.00992957842208421,0.188,0.4562222596363586,0.0005455699275787193,[0.         0.         0.         0.         0.97128255 0.         0.         0.         0.         0.         0.         0.         0.         0.         0.         0.         0.         0.         0.         0.         0.         0.         0.         0.         0.         0.         0.         0.         0.         0.         0.02871745],[0. 0. 0. 0. 1. 0. 0. 0. 0. 0. 0. 0. 0. 0. 0. 0. 0. 0. 0. 0. 0. 0. 0. 0. 0. 0. 0. 0. 0. 0. 1.],2.0,best,1000,100,10,0.9,0.1,0.5,0.1,0.7,0.03,0.42,1,2,,problem_solving
230,-0.0019584517564853804,0.022734,0.00992957842208421,0.192,0.44743040262560535,-0.006593416779136303,[0.         0.         0.         0.         0.97128255 0.         0.         0.         0.         0.         0.         0.         0.         0.         0.         0.         0.         0.         0.         0.         0.         0.         0.         0.         0.         0.         0.         0.         0.         0.         0.02871745],[0. 0. 0. 0. 1. 0. 0. 0. 0. 0. 0. 0. 0. 0. 0. 0. 0. 0. 0. 0. 0. 0. 0. 0. 0. 0. 0. 0. 0. 0. 1.],2.0,best,1000,100,10,0.9,0.1,0.5,0.1,0.7,0.03,0.42,1,2,,problem_solving
240,-0.0019584517564853804,0.022734,0.00992957842208421,0.196,0.438807973449783,-0.01715158827563912,[0.         0.         0.         0.         0.97128255 0.         0.         0.         0.         0.         0.         0.         0.         0.         0.         0.         0.         0.         0.         0.         0.         0.         0.         0.         0.         0.         0.         0.         0.         0.         0.02871745],[0. 0. 0. 0. 1. 0. 0. 0. 0. 0. 0. 0. 0. 0. 0. 0. 0. 0. 0. 0. 0. 0. 0. 0. 0. 0. 0. 0. 0. 0. 1.],2.0,best,1000,100,10,0.9,0.1,0.5,0.1,0.7,0.03,0.42,1,2,,problem_solving
250,-0.0019584517564853804,0.022734,0.00992957842208421,0.2,0.430351707065885,-0.011500698891897355,[0.         0.         0.         0.         0.97128255 0.         0.         0.         0.         0.         0.         0.         0.         0.         0.         0.         0.         0.         0.         0.         0.         0.         0.         0.         0.         0.         0.         0.         0.         0.         0.02871745],[0. 0. 0. 0. 1. 0. 0. 0. 0. 0. 0. 0. 0. 0. 0. 0. 0. 0. 0. 0. 0. 0. 0. 0. 0. 0. 0. 0. 0. 0. 1.],2.0,best,1000,100,10,0.9,0.1,0.5,0.1,0.7,0.03,0.42,1,2,,problem_solving
260,-0.0019584517564853804,0.022734,0.00992957842208421,0.20400000000000001,0.4220584013515329,0.007392761898637757,[0.         0.         0.         0.         0.97128255 0.         0.         0.         0.         0.         0.         0.         0.         0.         0.         0.         0.         0.         0.         0.         0.         0.         0.         0.         0.         0.         0.         0.         0.         0.         0.02871745],[0. 0. 0. 0. 1. 0. 0. 0. 0. 0. 0. 0. 0. 0. 0. 0. 0. 0. 0. 0. 0. 0. 0. 0. 0. 0. 0. 0. 0. 0. 1.],2.0,best,1000,100,10,0.9,0.1,0.5,0.1,0.7,0.03,0.42,1,2,,problem_solving
270,-0.0019584517564853804,0.022734,0.00992957842208421,0.20800000000000002,0.4139249158924335,0.015824119832904663,[0.         0.         0.         0.         0.97128255 0.         0.         0.         0.         0.         0.         0.         0.         0.         0.         0.         0.         0.         0.         0.         0.         0.         0.         0.         0.         0.         0.         0.         0.         0.         0.02871745],[0. 0. 0. 0. 1. 0. 0. 0. 0. 0. 0. 0. 0. 0. 0. 0. 0. 0. 0. 0. 0. 0. 0. 0. 0. 0. 0. 0. 0. 0. 1.],2.0,best,1000,100,10,0.9,0.1,0.5,0.1,0.7,0.03,0.42,1,2,,problem_solving
280,-0.0019584517564853804,0.022734,0.00992957842208421,0.21200000000000002,0.40594817079320256,0.01604865490696185,[0.         0.         0.         0.         0.97128255 0.         0.         0.         0.         0.         0.         0.         0.         0.         0.         0.         0.         0.         0.         0.         0.         0.         0.         0.         0.         0.         0.         0.         0.         0.         0.02871745],[0. 0. 0. 0. 1. 0. 0. 0. 0. 0. 0. 0. 0. 0. 0. 0. 0. 0. 0. 0. 0. 0. 0. 0. 0. 0. 0. 0. 0. 0. 1.],2.0,best,1000,100,10,0.9,0.1,0.5,0.1,0.7,0.03,0.42,1,2,,problem_solving
290,-0.0019584517564853804,0.022734,0.00992957842208421,0.21600000000000003,0.3981251455111055,0.010427247725157508,[0.         0.         0.         0.         0.97128255 0.         0.         0.         0.         0.         0.         0.         0.         0.         0.         0.         0.         0.         0.         0.         0.         0.         0.         0.         0.         0.         0.         0.         0.         0.         0.02871745],[0. 0. 0. 0. 1. 0. 0. 0. 0. 0. 0. 0. 0. 0. 0. 0. 0. 0. 0. 0. 0. 0. 0. 0. 0. 0. 0. 0. 0. 0. 1.],2.0,best,1000,100,10,0.9,0.1,0.5,0.1,0.7,0.03,0.42,1,2,,problem_solving
300,-0.0019584517564853804,0.022734,0.00992957842208421,0.22000000000000003,0.3904528777122722,-0.015002559116539275,[0.         0.         0.         0.         0.97128255 0.         0.         0.         0.         0.         0.         0.         0.         0.         0.         0.         0.         0.         0.         0.         0.         0.         0.         0.         0.         0.         0.         0.         0.         0.         0.02871745],[0. 0. 0. 0. 1. 0. 0. 0. 0. 0. 0. 0. 0. 0. 0. 0. 0. 0. 0. 0. 0. 0. 0. 0. 0. 0. 0. 0. 0. 0. 1.],2.0,best,1000,100,10,0.9,0.1,0.5,0.1,0.7,0.03,0.42,1,2,,problem_solving
310,-0.0028580046259897023,0.012604,0.004004472397614042,0.224,0.3829284621499548,-0.006523211593803172,[0.         0.         0.         0.         0.97602526 0.         0.         0.         0.         0.         0.         0.         0.         0.         0.         0.         0.         0.         0.         0.         0.         0.         0.         0.         0.         0.         0.         0.         0.         0.         0.02397474],[0. 0. 0. 0. 1. 0. 0. 0. 0. 0. 0. 0. 0. 0. 0. 0. 0. 0. 0. 0. 0. 0. 0. 0. 0. 0. 0. 0. 0. 0. 1.],2.0,best,1000,100,10,0.9,0.1,0.5,0.1,0.7,0.03,0.42,1,2,,problem_solving
320,-0.0028580046259897023,0.012604,0.004004472397614042,0.228,0.3755490495644016,-0.010700971375614605,[0.         0.         0.         0.         0.97602526 0.         0.         0.         0.         0.         0.         0.         0.         0.         0.         0.         0.         0.         0.         0.         0.         0.         0.         0.         0.         0.         0.         0.         0.         0.         0.02397474],[0. 0. 0. 0. 1. 0. 0. 0. 0. 0. 0. 0. 0. 0. 0. 0. 0. 0. 0. 0. 0. 0. 0. 0. 0. 0. 0. 0. 0. 0. 1.],2.0,best,1000,100,10,0.9,0.1,0.5,0.1,0.7,0.03,0.42,1,2,,problem_solving
330,-0.0028580046259897023,0.012604,0.004004472397614042,0.232,0.3683118456039322,0.0009284352488693376,[0.         0.         0.         0.         0.97602526 0.         0.         0.         0.         0.         0.         0.         0.         0.         0.         0.         0.         0.         0.         0.         0.         0.         0.         0.         0.         0.         0.         0.         0.         0.         0.02397474],[0. 0. 0. 0. 1. 0. 0. 0. 0. 0. 0. 0. 0. 0. 0. 0. 0. 0. 0. 0. 0. 0. 0. 0. 0. 0. 0. 0. 0. 0. 1.],2.0,best,1000,100,10,0.9,0.1,0.5,0.1,0.7,0.03,0.42,1,2,,problem_solving
340,-0.0028580046259897023,0.012604,0.004004472397614042,0.23600000000000002,0.3612141097668044,0.010656701745628694,[0.         0.         0.         0.         0.97602526 0.         0.         0.         0.         0.         0.         0.         0.         0.         0.         0.         0.         0.         0.         0.         0.         0.         0.         0.         0.         0.         0.         0.         0.         0.         0.02397474],[0. 0. 0. 0. 1. 0. 0. 0. 0. 0. 0. 0. 0. 0. 0. 0. 0. 0. 0. 0. 0. 0. 0. 0. 0. 0. 0. 0. 0. 0. 1.],2.0,best,1000,100,10,0.9,0.1,0.5,0.1,0.7,0.03,0.42,1,2,,problem_solving
350,-0.0028580046259897023,0.012604,0.004004472397614042,0.24000000000000002,0.3542531543634719,0.00457163288979791,[0.         0.         0.         0.         0.97602526 0.         0.         0.         0.         0.         0.         0.         0.         0.         0.         0.         0.         0.         0.         0.         0.         0.         0.         0.         0.         0.         0.         0.         0.         0.         0.02397474],[0. 0. 0. 0. 1. 0. 0. 0. 0. 0. 0. 0. 0. 0. 0. 0. 0. 0. 0. 0. 0. 0. 0. 0. 0. 0. 0. 0. 0. 0. 1.],2.0,best,1000,100,10,0.9,0.1,0.5,0.1,0.7,0.03,0.42,1,2,,problem_solving
360,-0.0028580046259897023,0.012604,0.004004472397614042,0.24400000000000002,0.3474263434988409,-0.0017543926335224058,[0.         0.         0.         0.         0.97602526 0.         0.         0.         0.         0.         0.         0.         0.         0.         0.         0.         0.         0.         0.         0.         0.         0.         0.         0.         0.         0.         0.         0.         0.         0.         0.02397474],[0. 0. 0. 0. 1. 0. 0. 0. 0. 0. 0. 0. 0. 0. 0. 0. 0. 0. 0. 0. 0. 0. 0. 0. 0. 0. 0. 0. 0. 0. 1.],2.0,best,1000,100,10,0.9,0.1,0.5,0.1,0.7,0.03,0.42,1,2,,problem_solving
370,-0.003183231748163913,0.01681,0.004297287946946115,0.24800000000000003,0.3407310920741399,-0.010821350078482804,[0.         0.         0.         0.         0.97158344 0.         0.         0.         0.         0.         0.         0.         0.         0.         0.         0.         0.         0.         0.         0.         0.         0.         0.         0.         0.         0.         0.         0.         0.         0.         0.02841656],[0. 0. 0. 0. 1. 0. 0. 0. 0. 0. 0. 0. 0. 0. 0. 0. 0. 0. 0. 0. 0. 0. 0. 0. 0. 0. 0. 0. 0. 0. 1.],2.0,best,1000,100,10,0.9,0.1,0.5,0.1,0.7,0.03,0.42,1,2,,problem_solving
380,-0.003183231748163913,0.01681,0.004297287946946115,0.252,0.33416486480802304,-0.004793068332604735,[0.         0.         0.         0.         0.97158344 0.         0.         0.         0.         0.         0.         0.         0.         0.         0.         0.         0.         0.         0.         0.         0.         0.         0.         0.         0.         0.         0.         0.         0.         0.         0.02841656],[0. 0. 0. 0. 1. 0. 0. 0. 0. 0. 0. 0. 0. 0. 0. 0. 0. 0. 0. 0. 0. 0. 0. 0. 0. 0. 0. 0. 0. 0. 1.],2.0,best,1000,100,10,0.9,0.1,0.5,0.1,0.7,0.03,0.42,1,2,,problem_solving
390,-0.003183231748163913,0.01681,0.004297287946946115,0.256,0.3277251752765399,-0.007420408839601902,[0.         0.         0.         0.         0.97158344 0.         0.         0.         0.         0.         0.         0.         0.         0.         0.         0.         0.         0.         0.         0.         0.         0.         0.         0.         0.         0.         0.         0.         0.         0.         0.02841656],[0. 0. 0. 0. 1. 0. 0. 0. 0. 0. 0. 0. 0. 0. 0. 0. 0. 0. 0. 0. 0. 0. 0. 0. 0. 0. 0. 0. 0. 0. 1.],2.0,best,1000,100,10,0.9,0.1,0.5,0.1,0.7,0.03,0.42,1,2,,problem_solving
400,-0.003183231748163913,0.01681,0.004297287946946115,0.26,0.3214095849716039,0.006937556122666315,[0.         0.         0.         0.         0.97158344 0.         0.         0.         0.         0.         0.         0.         0.         0.         0.         0.         0.         0.         0.         0.         0.         0.         0.         0.         0.         0.         0.         0.         0.         0.         0.02841656],[0. 0. 0. 0. 1. 0. 0. 0. 0. 0. 0. 0. 0. 0. 0. 0. 0. 0. 0. 0. 0. 0. 0. 0. 0. 0. 0. 0. 0. 0. 1.],2.0,best,1000,100,10,0.9,0.1,0.5,0.1,0.7,0.03,0.42,1,2,,problem_solving
410,-0.003183231748163913,0.01681,0.004297287946946115,0.264,0.31521570237760627,0.005047806684726192,[0.         0.         0.         0.         0.97158344 0.         0.         0.         0.         0.         0.         0.         0.         0.         0.         0.         0.         0.         0.         0.         0.         0.         0.         0.         0.         0.         0.         0.         0.         0.         0.02841656],[0. 0. 0. 0. 1. 0. 0. 0. 0. 0. 0. 0. 0. 0. 0. 0. 0. 0. 0. 0. 0. 0. 0. 0. 0. 0. 0. 0. 0. 0. 1.],2.0,best,1000,100,10,0.9,0.1,0.5,0.1,0.7,0.03,0.42,1,2,,problem_solving
420,-0.003183231748163913,0.01681,0.004297287946946115,0.268,0.30914118206582436,0.005044862189001296,[0.         0.         0.         0.         0.97158344 0.         0.         0.         0.         0.         0.         0.         0.         0.         0.         0.         0.         0.         0.         0.         0.         0.         0.         0.         0.         0.         0.         0.         0.         0.         0.02841656],[0. 0. 0. 0. 1. 0. 0. 0. 0. 0. 0. 0. 0. 0. 0. 0. 0. 0. 0. 0. 0. 0. 0. 0. 0. 0. 0. 0. 0. 0. 1.],2.0,best,1000,100,10,0.9,0.1,0.5,0.1,0.7,0.03,0.42,1,2,,problem_solving
430,-0.003183231748163913,0.01681,0.004297287946946115,0.272,0.3031837238062814,0.002918351711651087,[0.         0.         0.         0.         0.97158344 0.         0.         0.         0.         0.         0.         0.         0.         0.         0.         0.         0.         0.         0.         0.         0.         0.         0.         0.         0.         0.         0.         0.         0.         0.         0.02841656],[0. 0. 0. 0. 1. 0. 0. 0. 0. 0. 0. 0. 0. 0. 0. 0. 0. 0. 0. 0. 0. 0. 0. 0. 0. 0. 0. 0. 0. 0. 1.],2.0,best,1000,100,10,0.9,0.1,0.5,0.1,0.7,0.03,0.42,1,2,,problem_solving
440,-0.003183231748163913,0.01681,0.004297287946946115,0.276,0.29734107169672147,0.00022534468108277177,[0.         0.         0.         0.         0.97158344 0.         0.         0.         0.         0.         0.         0.         0.         0.         0.         0.         0.         0.         0.         0.         0.         0.         0.         0.         0.         0.         0.         0.         0.         0.         0.02841656],[0. 0. 0. 0. 1. 0. 0. 0. 0. 0. 0. 0. 0. 0. 0. 0. 0. 0. 0. 0. 0. 0. 0. 0. 0. 0. 0. 0. 0. 0. 1.],2.0,best,1000,100,10,0.9,0.1,0.5,0.1,0.7,0.03,0.42,1,2,,problem_solving
450,-0.003183231748163913,0.01681,0.004297287946946115,0.28,0.2916110133083706,0.005643978622972106,[0.         0.         0.         0.         0.97158344 0.         0.         0.         0.         0.         0.         0.         0.         0.         0.         0.         0.         0.         0.         0.         0.         0.         0.         0.         0.         0.         0.         0.         0.         0.         0.02841656],[0. 0. 0. 0. 1. 0. 0. 0. 0. 0. 0. 0. 0. 0. 0. 0. 0. 0. 0. 0. 0. 0. 0. 0. 0. 0. 0. 0. 0. 0. 1.],2.0,best,1000,100,10,0.9,0.1,0.5,0.1,0.7,0.03,0.42,1,2,,problem_solving
460,-0.003183231748163913,0.01681,0.004297287946946115,0.28400000000000003,0.285991378848159,-0.005346242095365349,[0.         0.         0.         0.         0.97158344 0.         0.         0.         0.         0.         0.         0.         0.         0.         0.         0.         0.         0.         0.         0.         0.         0.         0.         0.         0.         0.         0.         0.         0.         0.         0.02841656],[0. 0. 0. 0. 1. 0. 0. 0. 0. 0. 0. 0. 0. 0. 0. 0. 0. 0. 0. 0. 0. 0. 0. 0. 0. 0. 0. 0. 0. 0. 1.],2.0,best,1000,100,10,0.9,0.1,0.5,0.1,0.7,0.03,0.42,1,2,,problem_solving
470,-0.003183231748163913,0.01681,0.004297287946946115,0.28800000000000003,0.2804800403370891,0.004760260035603126,[0.         0.         0.         0.         0.97158344 0.         0.         0.         0.         0.         0.         0.         0.         0.         0.         0.         0.         0.         0.         0.         0.         0.         0.         0.         0.         0.         0.         0.         0.         0.         0.02841656],[0. 0. 0. 0. 1. 0. 0. 0. 0. 0. 0. 0. 0. 0. 0. 0. 0. 0. 0. 0. 0. 0. 0. 0. 0. 0. 0. 0. 0. 0. 1.],2.0,best,1000,100,10,0.9,0.1,0.5,0.1,0.7,0.03,0.42,1,2,,problem_solving
480,-0.004304942588348762,0.016982,0.0036503891101139396,0.29200000000000004,0.27507491080443647,0.0006259878032387203,[0.         0.         0.         0.         0.97992859 0.         0.         0.         0.         0.         0.         0.         0.         0.         0.         0.         0.         0.         0.         0.         0.         0.         0.         0.         0.         0.         0.         0.         0.         0.         0.02007141],[0. 0. 0. 0. 1. 0. 0. 0. 0. 0. 0. 0. 0. 0. 0. 0. 0. 0. 0. 0. 0. 0. 0. 0. 0. 0. 0. 0. 0. 0. 1.],2.0,best,1000,100,10,0.9,0.1,0.5,0.1,0.7,0.03,0.42,1,2,,problem_solving
490,-0.004304942588348762,0.016982,0.0036503891101139396,0.29600000000000004,0.2697739434974796,0.00551437346647075,[0.         0.         0.         0.         0.97992859 0.         0.         0.         0.         0.         0.         0.         0.         0.         0.         0.         0.         0.         0.         0.         0.         0.         0.         0.         0.         0.         0.         0.         0.         0.         0.02007141],[0. 0. 0. 0. 1. 0. 0. 0. 0. 0. 0. 0. 0. 0. 0. 0. 0. 0. 0. 0. 0. 0. 0. 0. 0. 0. 0. 0. 0. 0. 1.],2.0,best,1000,100,10,0.9,0.1,0.5,0.1,0.7,0.03,0.42,1,2,,problem_solving
500,-0.004304942588348762,0.016982,0.0036503891101139396,0.30000000000000004,0.2645751311064591,-0.002851249998060242,[0.         0.         0.         0.         0.97992859 0.         0.         0.         0.         0.         0.         0.         0.         0.         0.         0.         0.         0.         0.         0.         0.         0.         0.         0.         0.         0.         0.         0.         0.         0.         0.02007141],[0. 0. 0. 0. 1. 0. 0. 0. 0. 0. 0. 0. 0. 0. 0. 0. 0. 0. 0. 0. 0. 0. 0. 0. 0. 0. 0. 0. 0. 0. 1.],2.0,best,1000,100,10,0.9,0.1,0.5,0.1,0.7,0.03,0.42,1,2,,problem_solving
510,-0.004304942588348762,0.016982,0.0036503891101139396,0.30400000000000005,0.25947650500447234,-0.005650632701757726,[0.         0.         0.         0.         0.97992859 0.         0.         0.         0.         0.         0.         0.         0.         0.         0.         0.         0.         0.         0.         0.         0.         0.         0.         0.         0.         0.         0.         0.         0.         0.         0.02007141],[0. 0. 0. 0. 1. 0. 0. 0. 0. 0. 0. 0. 0. 0. 0. 0. 0. 0. 0. 0. 0. 0. 0. 0. 0. 0. 0. 0. 0. 0. 1.],2.0,best,1000,100,10,0.9,0.1,0.5,0.1,0.7,0.03,0.42,1,2,,problem_solving
520,-0.004304942588348762,0.016982,0.0036503891101139396,0.30800000000000005,0.2544761345020166,-0.000743911290891546,[0.         0.         0.         0.         0.97992859 0.         0.         0.         0.         0.         0.         0.         0.         0.         0.         0.         0.         0.         0.         0.         0.         0.         0.         0.         0.         0.         0.         0.         0.         0.         0.02007141],[0. 0. 0. 0. 1. 0. 0. 0. 0. 0. 0. 0. 0. 0. 0. 0. 0. 0. 0. 0. 0. 0. 0. 0. 0. 0. 0. 0. 0. 0. 1.],2.0,best,1000,100,10,0.9,0.1,0.5,0.1,0.7,0.03,0.42,1,2,,problem_solving
530,-0.004304942588348762,0.016982,0.0036503891101139396,0.31200000000000006,0.24957212611589738,-0.0054204397384170514,[0.         0.         0.         0.         0.97992859 0.         0.         0.         0.         0.         0.         0.         0.         0.         0.         0.         0.         0.         0.         0.         0.         0.         0.         0.         0.         0.         0.         0.         0.         0.         0.02007141],[0. 0. 0. 0. 1. 0. 0. 0. 0. 0. 0. 0. 0. 0. 0. 0. 0. 0. 0. 0. 0. 0. 0. 0. 0. 0. 0. 0. 0. 0. 1.],2.0,best,1000,100,10,0.9,0.1,0.5,0.1,0.7,0.03,0.42,1,2,,problem_solving
540,-0.004304942588348762,0.016982,0.0036503891101139396,0.316,0.24476262285222591,0.0031741202851718027,[0.         0.         0.         0.         0.97992859 0.         0.         0.         0.         0.         0.         0.         0.         0.         0.         0.         0.         0.         0.         0.         0.         0.         0.         0.         0.         0.         0.         0.         0.         0.         0.02007141],[0. 0. 0. 0. 1. 0. 0. 0. 0. 0. 0. 0. 0. 0. 0. 0. 0. 0. 0. 0. 0. 0. 0. 0. 0. 0. 0. 0. 0. 0. 1.],2.0,best,1000,100,10,0.9,0.1,0.5,0.1,0.7,0.03,0.42,1,2,,problem_solving
550,-0.004304942588348762,0.016982,0.0036503891101139396,0.32,0.24004580350323373,-0.0024672470143480346,[0.         0.         0.         0.         0.97992859 0.         0.         0.         0.         0.         0.         0.         0.         0.         0.         0.         0.         0.         0.         0.         0.         0.         0.         0.         0.         0.         0.         0.         0.         0.         0.02007141],[0. 0. 0. 0. 1. 0. 0. 0. 0. 0. 0. 0. 0. 0. 0. 0. 0. 0. 0. 0. 0. 0. 0. 0. 0. 0. 0. 0. 0. 0. 1.],2.0,best,1000,100,10,0.9,0.1,0.5,0.1,0.7,0.03,0.42,1,2,,problem_solving
560,-0.004304942588348762,0.016982,0.0036503891101139396,0.324,0.23541988195763883,-3.7066906511357814e-05,[0.         0.         0.         0.         0.97992859 0.         0.         0.         0.         0.         0.         0.         0.         0.         0.         0.         0.         0.         0.         0.         0.         0.         0.         0.         0.         0.         0.         0.         0.         0.         0.02007141],[0. 0. 0. 0. 1. 0. 0. 0. 0. 0. 0. 0. 0. 0. 0. 0. 0. 0. 0. 0. 0. 0. 0. 0. 0. 0. 0. 0. 0. 0. 1.],2.0,best,1000,100,10,0.9,0.1,0.5,0.1,0.7,0.03,0.42,1,2,,problem_solving
570,-0.004304942588348762,0.016982,0.0036503891101139396,0.328,0.23088310652430125,0.003853603706663327,[0.         0.         0.         0.         0.97992859 0.         0.         0.         0.         0.         0.         0.         0.         0.         0.         0.         0.         0.         0.         0.         0.         0.         0.         0.         0.         0.         0.         0.         0.         0.         0.02007141],[0. 0. 0. 0. 1. 0. 0. 0. 0. 0. 0. 0. 0. 0. 0. 0. 0. 0. 0. 0. 0. 0. 0. 0. 0. 0. 0. 0. 0. 0. 1.],2.0,best,1000,100,10,0.9,0.1,0.5,0.1,0.7,0.03,0.42,1,2,,problem_solving
580,-0.004439405375076722,0.014437,0.004841590428194623,0.332,0.22643375926891277,0.003140031500006981,[0.         0.         0.         0.         0.98130684 0.         0.         0.         0.         0.         0.         0.         0.         0.         0.         0.         0.         0.         0.         0.         0.         0.         0.         0.         0.         0.         0.         0.         0.         0.         0.01869316],[0. 0. 0. 0. 1. 0. 0. 0. 0. 0. 0. 0. 0. 0. 0. 0. 0. 0. 0. 0. 0. 0. 0. 0. 0. 0. 0. 0. 0. 0. 1.],2.0,best,1000,100,10,0.9,0.1,0.5,0.1,0.7,0.03,0.42,1,2,,problem_solving
590,-0.004439405375076722,0.014437,0.004841590428194623,0.336,0.22207015536346894,0.006765336610380009,[0.         0.         0.         0.         0.98130684 0.         0.         0.         0.         0.         0.         0.         0.         0.         0.         0.         0.         0.         0.         0.         0.         0.         0.         0.         0.         0.         0.         0.         0.         0.         0.01869316],[0. 0. 0. 0. 1. 0. 0. 0. 0. 0. 0. 0. 0. 0. 0. 0. 0. 0. 0. 0. 0. 0. 0. 0. 0. 0. 0. 0. 0. 0. 1.],2.0,best,1000,100,10,0.9,0.1,0.5,0.1,0.7,0.03,0.42,1,2,,problem_solving
600,-0.004439405375076722,0.014437,0.004841590428194623,0.34,0.21779064244827798,0.0002746300900973239,[0.         0.         0.         0.         0.98130684 0.         0.         0.         0.         0.         0.         0.         0.         0.         0.         0.         0.         0.         0.         0.         0.         0.         0.         0.         0.         0.         0.         0.         0.         0.         0.01869316],[0. 0. 0. 0. 1. 0. 0. 0. 0. 0. 0. 0. 0. 0. 0. 0. 0. 0. 0. 0. 0. 0. 0. 0. 0. 0. 0. 0. 0. 0. 1.],2.0,best,1000,100,10,0.9,0.1,0.5,0.1,0.7,0.03,0.42,1,2,,problem_solving
610,-0.004439405375076722,0.014437,0.004841590428194623,0.34400000000000003,0.2135936000062639,0.0046384665579951734,[0.         0.         0.         0.         0.98130684 0.         0.         0.         0.         0.         0.         0.         0.         0.         0.         0.         0.         0.         0.         0.         0.         0.         0.         0.         0.         0.         0.         0.         0.         0.         0.01869316],[0. 0. 0. 0. 1. 0. 0. 0. 0. 0. 0. 0. 0. 0. 0. 0. 0. 0. 0. 0. 0. 0. 0. 0. 0. 0. 0. 0. 0. 0. 1.],2.0,best,1000,100,10,0.9,0.1,0.5,0.1,0.7,0.03,0.42,1,2,,problem_solving
620,-0.004439405375076722,0.014437,0.004841590428194623,0.348,0.20947743874932764,-0.007887573518032015,[0.         0.         0.         0.         0.98130684 0.         0.         0.         0.         0.         0.         0.         0.         0.         0.         0.         0.         0.         0.         0.         0.         0.         0.         0.         0.         0.         0.         0.         0.         0.         0.01869316],[0. 0. 0. 0. 1. 0. 0. 0. 0. 0. 0. 0. 0. 0. 0. 0. 0. 0. 0. 0. 0. 0. 0. 0. 0. 0. 0. 0. 0. 0. 1.],2.0,best,1000,100,10,0.9,0.1,0.5,0.1,0.7,0.03,0.42,1,2,,problem_solving
630,-0.004439405375076722,0.014437,0.004841590428194623,0.352,0.20544060001653347,0.0006112330760230681,[0.         0.         0.         0.         0.98130684 0.         0.         0.         0.         0.         0.         0.         0.         0.         0.         0.         0.         0.         0.         0.         0.         0.         0.         0.         0.         0.         0.         0.         0.         0.         0.01869316],[0. 0. 0. 0. 1. 0. 0. 0. 0. 0. 0. 0. 0. 0. 0. 0. 0. 0. 0. 0. 0. 0. 0. 0. 0. 0. 0. 0. 0. 0. 1.],2.0,best,1000,100,10,0.9,0.1,0.5,0.1,0.7,0.03,0.42,1,2,,problem_solving
640,-0.004439405375076722,0.014437,0.004841590428194623,0.356,0.20148155518389335,-0.00992818781146083,[0.         0.         0.         0.         0.98130684 0.         0.         0.         0.         0.         0.         0.         0.         0.         0.         0.         0.         0.         0.         0.         0.         0.         0.         0.         0.         0.         0.         0.         0.         0.         0.01869316],[0. 0. 0. 0. 1. 0. 0. 0. 0. 0. 0. 0. 0. 0. 0. 0. 0. 0. 0. 0. 0. 0. 0. 0. 0. 0. 0. 0. 0. 0. 1.],2.0,best,1000,100,10,0.9,0.1,0.5,0.1,0.7,0.03,0.42,1,2,,problem_solving
650,-0.004439405375076722,0.014437,0.004841590428194623,0.36,0.19759880508552483,-0.0071492854082820705,[0.         0.         0.         0.         0.98130684 0.         0.         0.         0.         0.         0.         0.         0.         0.         0.         0.         0.         0.         0.         0.         0.         0.         0.         0.         0.         0.         0.         0.         0.         0.         0.01869316],[0. 0. 0. 0. 1. 0. 0. 0. 0. 0. 0. 0. 0. 0. 0. 0. 0. 0. 0. 0. 0. 0. 0. 0. 0. 0. 0. 0. 0. 0. 1.],2.0,best,1000,100,10,0.9,0.1,0.5,0.1,0.7,0.03,0.42,1,2,,problem_solving
660,-0.004439405375076722,0.014437,0.004841590428194623,0.364,0.19379087944596401,-0.0008788644698247255,[0.         0.         0.         0.         0.98130684 0.         0.         0.         0.         0.         0.         0.         0.         0.         0.         0.         0.         0.         0.         0.         0.         0.         0.         0.         0.         0.         0.         0.         0.         0.         0.01869316],[0. 0. 0. 0. 1. 0. 0. 0. 0. 0. 0. 0. 0. 0. 0. 0. 0. 0. 0. 0. 0. 0. 0. 0. 0. 0. 0. 0. 0. 0. 1.],2.0,best,1000,100,10,0.9,0.1,0.5,0.1,0.7,0.03,0.42,1,2,,problem_solving
670,-0.004439405375076722,0.014437,0.004841590428194623,0.368,0.1900563363234187,0.012661461370982955,[0.         0.         0.         0.         0.98130684 0.         0.         0.         0.         0.         0.         0.         0.         0.         0.         0.         0.         0.         0.         0.         0.         0.         0.         0.         0.         0.         0.         0.         0.         0.         0.01869316],[0. 0. 0. 0. 1. 0. 0. 0. 0. 0. 0. 0. 0. 0. 0. 0. 0. 0. 0. 0. 0. 0. 0. 0. 0. 0. 0. 0. 0. 0. 1.],2.0,best,1000,100,10,0.9,0.1,0.5,0.1,0.7,0.03,0.42,1,2,,problem_solving
680,-0.004439405375076722,0.014437,0.004841590428194623,0.372,0.18639376156374998,-0.0044273960336210895,[0.         0.         0.         0.         0.98130684 0.         0.         0.         0.         0.         0.         0.         0.         0.         0.         0.         0.         0.         0.         0.         0.         0.         0.         0.         0.         0.         0.         0.         0.         0.         0.01869316],[0. 0. 0. 0. 1. 0. 0. 0. 0. 0. 0. 0. 0. 0. 0. 0. 0. 0. 0. 0. 0. 0. 0. 0. 0. 0. 0. 0. 0. 0. 1.],2.0,best,1000,100,10,0.9,0.1,0.5,0.1,0.7,0.03,0.42,1,2,,problem_solving
690,-0.004439405375076722,0.014437,0.004841590428194623,0.376,0.1828017682649769,0.0026953415140731217,[0.         0.         0.         0.         0.98130684 0.         0.         0.         0.         0.         0.         0.         0.         0.         0.         0.         0.         0.         0.         0.         0.         0.         0.         0.         0.         0.         0.         0.         0.         0.         0.01869316],[0. 0. 0. 0. 1. 0. 0. 0. 0. 0. 0. 0. 0. 0. 0. 0. 0. 0. 0. 0. 0. 0. 0. 0. 0. 0. 0. 0. 0. 0. 1.],2.0,best,1000,100,10,0.9,0.1,0.5,0.1,0.7,0.03,0.42,1,2,,problem_solving
700,-0.004439405375076722,0.014437,0.004841590428194623,0.38,0.17927899625209975,0.006159736787674692,[0.         0.         0.         0.         0.98130684 0.         0.         0.         0.         0.         0.         0.         0.         0.         0.         0.         0.         0.         0.         0.         0.         0.         0.         0.         0.         0.         0.         0.         0.         0.         0.01869316],[0. 0. 0. 0. 1. 0. 0. 0. 0. 0. 0. 0. 0. 0. 0. 0. 0. 0. 0. 0. 0. 0. 0. 0. 0. 0. 0. 0. 0. 0. 1.],2.0,best,1000,100,10,0.9,0.1,0.5,0.1,0.7,0.03,0.42,1,2,,problem_solving
710,-0.004439405375076722,0.014437,0.004841590428194623,0.384,0.17582411156204497,-0.004968017757013458,[0.         0.         0.         0.         0.98130684 0.         0.         0.         0.         0.         0.         0.         0.         0.         0.         0.         0.         0.         0.         0.         0.         0.         0.         0.         0.         0.         0.         0.         0.         0.         0.01869316],[0. 0. 0. 0. 1. 0. 0. 0. 0. 0. 0. 0. 0. 0. 0. 0. 0. 0. 0. 0. 0. 0. 0. 0. 0. 0. 0. 0. 0. 0. 1.],2.0,best,1000,100,10,0.9,0.1,0.5,0.1,0.7,0.03,0.42,1,2,,problem_solving
720,-0.004439405375076722,0.014437,0.004841590428194623,0.388,0.17243580593853514,-0.0012151057823248112,[0.         0.         0.         0.         0.98130684 0.         0.         0.         0.         0.         0.         0.         0.         0.         0.         0.         0.         0.         0.         0.         0.         0.         0.         0.         0.         0.         0.         0.         0.         0.         0.01869316],[0. 0. 0. 0. 1. 0. 0. 0. 0. 0. 0. 0. 0. 0. 0. 0. 0. 0. 0. 0. 0. 0. 0. 0. 0. 0. 0. 0. 0. 0. 1.],2.0,best,1000,100,10,0.9,0.1,0.5,0.1,0.7,0.03,0.42,1,2,,problem_solving
730,-0.004439405375076722,0.014437,0.004841590428194623,0.392,0.16911279633669332,0.002129201055973316,[0.         0.         0.         0.         0.98130684 0.         0.         0.         0.         0.         0.         0.         0.         0.         0.         0.         0.         0.         0.         0.         0.         0.         0.         0.         0.         0.         0.         0.         0.         0.         0.01869316],[0. 0. 0. 0. 1. 0. 0. 0. 0. 0. 0. 0. 0. 0. 0. 0. 0. 0. 0. 0. 0. 0. 0. 0. 0. 0. 0. 0. 0. 0. 1.],2.0,best,1000,100,10,0.9,0.1,0.5,0.1,0.7,0.03,0.42,1,2,,problem_solving
740,-0.004439405375076722,0.014437,0.004841590428194623,0.396,0.16585382443719424,0.004695771382730136,[0.         0.         0.         0.         0.98130684 0.         0.         0.         0.         0.         0.         0.         0.         0.         0.         0.         0.         0.         0.         0.         0.         0.         0.         0.         0.         0.         0.         0.         0.         0.         0.01869316],[0. 0. 0. 0. 1. 0. 0. 0. 0. 0. 0. 0. 0. 0. 0. 0. 0. 0. 0. 0. 0. 0. 0. 0. 0. 0. 0. 0. 0. 0. 1.],2.0,best,1000,100,10,0.9,0.1,0.5,0.1,0.7,0.03,0.42,1,2,,problem_solving
750,-0.004439405375076722,0.014437,0.004841590428194623,0.4,0.1626576561697786,0.0050844844330101115,[0.         0.         0.         0.         0.98130684 0.         0.         0.         0.         0.         0.         0.         0.         0.         0.         0.         0.         0.         0.         0.         0.         0.         0.         0.         0.         0.         0.         0.         0.         0.         0.01869316],[0. 0. 0. 0. 1. 0. 0. 0. 0. 0. 0. 0. 0. 0. 0. 0. 0. 0. 0. 0. 0. 0. 0. 0. 0. 0. 0. 0. 0. 0. 1.],2.0,best,1000,100,10,0.9,0.1,0.5,0.1,0.7,0.03,0.42,1,2,,problem_solving
760,-0.004439405375076722,0.014437,0.004841590428194623,0.404,0.15952308124594905,-0.003365668431327562,[0.         0.         0.         0.         0.98130684 0.         0.         0.         0.         0.         0.         0.         0.         0.         0.         0.         0.         0.         0.         0.         0.         0.         0.         0.         0.         0.         0.         0.         0.         0.         0.01869316],[0. 0. 0. 0. 1. 0. 0. 0. 0. 0. 0. 0. 0. 0. 0. 0. 0. 0. 0. 0. 0. 0. 0. 0. 0. 0. 0. 0. 0. 0. 1.],2.0,best,1000,100,10,0.9,0.1,0.5,0.1,0.7,0.03,0.42,1,2,,problem_solving
770,-0.004439405375076722,0.014437,0.004841590428194623,0.40800000000000003,0.15644891270067235,-0.0007038957266289565,[0.         0.         0.         0.         0.98130684 0.         0.         0.         0.         0.         0.         0.         0.         0.         0.         0.         0.         0.         0.         0.         0.         0.         0.         0.         0.         0.         0.         0.         0.         0.         0.01869316],[0. 0. 0. 0. 1. 0. 0. 0. 0. 0. 0. 0. 0. 0. 0. 0. 0. 0. 0. 0. 0. 0. 0. 0. 0. 0. 0. 0. 0. 0. 1.],2.0,best,1000,100,10,0.9,0.1,0.5,0.1,0.7,0.03,0.42,1,2,,problem_solving
780,-0.004439405375076722,0.014437,0.004841590428194623,0.41200000000000003,0.15343398644291262,-0.0015296885031938793,[0.         0.         0.         0.         0.98130684 0.         0.         0.         0.         0.         0.         0.         0.         0.         0.         0.         0.         0.         0.         0.         0.         0.         0.         0.         0.         0.         0.         0.         0.         0.         0.01869316],[0. 0. 0. 0. 1. 0. 0. 0. 0. 0. 0. 0. 0. 0. 0. 0. 0. 0. 0. 0. 0. 0. 0. 0. 0. 0. 0. 0. 0. 0. 1.],2.0,best,1000,100,10,0.9,0.1,0.5,0.1,0.7,0.03,0.42,1,2,,problem_solving
790,-0.004439405375076722,0.014437,0.004841590428194623,0.41600000000000004,0.1504771608148269,-0.002306268274116694,[0.         0.         0.         0.         0.98130684 0.         0.         0.         0.         0.         0.         0.         0.         0.         0.         0.         0.         0.         0.         0.         0.         0.         0.         0.         0.         0.         0.         0.         0.         0.         0.01869316],[0. 0. 0. 0. 1. 0. 0. 0. 0. 0. 0. 0. 0. 0. 0. 0. 0. 0. 0. 0. 0. 0. 0. 0. 0. 0. 0. 0. 0. 0. 1.],2.0,best,1000,100,10,0.9,0.1,0.5,0.1,0.7,0.03,0.42,1,2,,problem_solving
800,-0.004439405375076722,0.014437,0.004841590428194623,0.42000000000000004,0.1475773161594552,0.002754873739387257,[0.         0.         0.         0.         0.98130684 0.         0.         0.         0.         0.         0.         0.         0.         0.         0.         0.         0.         0.         0.         0.         0.         0.         0.         0.         0.         0.         0.         0.         0.         0.         0.01869316],[0. 0. 0. 0. 1. 0. 0. 0. 0. 0. 0. 0. 0. 0. 0. 0. 0. 0. 0. 0. 0. 0. 0. 0. 0. 0. 0. 0. 0. 0. 1.],2.0,best,1000,100,10,0.9,0.1,0.5,0.1,0.7,0.03,0.42,1,2,,problem_solving
810,-0.004439405375076722,0.014437,0.004841590428194623,0.42400000000000004,0.1447333543967415,0.010069902067304593,[0.         0.         0.         0.         0.98130684 0.         0.         0.         0.         0.         0.         0.         0.         0.         0.         0.         0.         0.         0.         0.         0.         0.         0.         0.         0.         0.         0.         0.         0.         0.         0.01869316],[0. 0. 0. 0. 1. 0. 0. 0. 0. 0. 0. 0. 0. 0. 0. 0. 0. 0. 0. 0. 0. 0. 0. 0. 0. 0. 0. 0. 0. 0. 1.],2.0,best,1000,100,10,0.9,0.1,0.5,0.1,0.7,0.03,0.42,1,2,,problem_solving
820,-0.004439405375076722,0.014437,0.004841590428194623,0.42800000000000005,0.1419441986077252,0.007908080620649988,[0.         0.         0.         0.         0.98130684 0.         0.         0.         0.         0.         0.         0.         0.         0.         0.         0.         0.         0.         0.         0.         0.         0.         0.         0.         0.         0.         0.         0.         0.         0.         0.01869316],[0. 0. 0. 0. 1. 0. 0. 0. 0. 0. 0. 0. 0. 0. 0. 0. 0. 0. 0. 0. 0. 0. 0. 0. 0. 0. 0. 0. 0. 0. 1.],2.0,best,1000,100,10,0.9,0.1,0.5,0.1,0.7,0.03,0.42,1,2,,problem_solving
830,-0.004439405375076722,0.014437,0.004841590428194623,0.43200000000000005,0.13920879262674613,-0.002961356374734455,[0.         0.         0.         0.         0.98130684 0.         0.         0.         0.         0.         0.         0.         0.         0.         0.         0.         0.         0.         0.         0.         0.         0.         0.         0.         0.         0.         0.         0.         0.         0.         0.01869316],[0. 0. 0. 0. 1. 0. 0. 0. 0. 0. 0. 0. 0. 0. 0. 0. 0. 0. 0. 0. 0. 0. 0. 0. 0. 0. 0. 0. 0. 0. 1.],2.0,best,1000,100,10,0.9,0.1,0.5,0.1,0.7,0.03,0.42,1,2,,problem_solving
840,-0.004439405375076722,0.014437,0.004841590428194623,0.43600000000000005,0.1365261006415074,0.005384692683656139,[0.         0.         0.         0.         0.98130684 0.         0.         0.         0.         0.         0.         0.         0.         0.         0.         0.         0.         0.         0.         0.         0.         0.         0.         0.         0.         0.         0.         0.         0.         0.         0.01869316],[0. 0. 0. 0. 1. 0. 0. 0. 0. 0. 0. 0. 0. 0. 0. 0. 0. 0. 0. 0. 0. 0. 0. 0. 0. 0. 0. 0. 0. 0. 1.],2.0,best,1000,100,10,0.9,0.1,0.5,0.1,0.7,0.03,0.42,1,2,,problem_solving
850,-0.004439405375076722,0.014437,0.004841590428194623,0.44000000000000006,0.1338951068008461,-0.00018592464116961799,[0.         0.         0.         0.         0.98130684 0.         0.         0.         0.         0.         0.         0.         0.         0.         0.         0.         0.         0.         0.         0.         0.         0.         0.         0.         0.         0.         0.         0.         0.         0.         0.01869316],[0. 0. 0. 0. 1. 0. 0. 0. 0. 0. 0. 0. 0. 0. 0. 0. 0. 0. 0. 0. 0. 0. 0. 0. 0. 0. 0. 0. 0. 0. 1.],2.0,best,1000,100,10,0.9,0.1,0.5,0.1,0.7,0.03,0.42,1,2,,problem_solving
860,-0.004439405375076722,0.014437,0.004841590428194623,0.44400000000000006,0.1313148148300622,0.002533792016465008,[0.         0.         0.         0.         0.98130684 0.         0.         0.         0.         0.         0.         0.         0.         0.         0.         0.         0.         0.         0.         0.         0.         0.         0.         0.         0.         0.         0.         0.         0.         0.         0.01869316],[0. 0. 0. 0. 1. 0. 0. 0. 0. 0. 0. 0. 0. 0. 0. 0. 0. 0. 0. 0. 0. 0. 0. 0. 0. 0. 0. 0. 0. 0. 1.],2.0,best,1000,100,10,0.9,0.1,0.5,0.1,0.7,0.03,0.42,1,2,,problem_solving
870,-0.004439405375076722,0.014437,0.004841590428194623,0.44800000000000006,0.12878424765366075,-0.008324135933601394,[0.         0.         0.         0.         0.98130684 0.         0.         0.         0.         0.         0.         0.         0.         0.         0.         0.         0.         0.         0.         0.         0.         0.         0.         0.         0.         0.         0.         0.         0.         0.         0.01869316],[0. 0. 0. 0. 1. 0. 0. 0. 0. 0. 0. 0. 0. 0. 0. 0. 0. 0. 0. 0. 0. 0. 0. 0. 0. 0. 0. 0. 0. 0. 1.],2.0,best,1000,100,10,0.9,0.1,0.5,0.1,0.7,0.03,0.42,1,2,,problem_solving
880,-0.004439405375076722,0.014437,0.004841590428194623,0.45200000000000007,0.12630244702536408,-0.006275290359129424,[0.         0.         0.         0.         0.98130684 0.         0.         0.         0.         0.         0.         0.         0.         0.         0.         0.         0.         0.         0.         0.         0.         0.         0.         0.         0.         0.         0.         0.         0.         0.         0.01869316],[0. 0. 0. 0. 1. 0. 0. 0. 0. 0. 0. 0. 0. 0. 0. 0. 0. 0. 0. 0. 0. 0. 0. 0. 0. 0. 0. 0. 0. 0. 1.],2.0,best,1000,100,10,0.9,0.1,0.5,0.1,0.7,0.03,0.42,1,2,,problem_solving
890,-0.004439405375076722,0.014437,0.004841590428194623,0.45600000000000007,0.12386847316525405,-0.002368879533421993,[0.         0.         0.         0.         0.98130684 0.         0.         0.         0.         0.         0.         0.         0.         0.         0.         0.         0.         0.         0.         0.         0.         0.         0.         0.         0.         0.         0.         0.         0.         0.         0.01869316],[0. 0. 0. 0. 1. 0. 0. 0. 0. 0. 0. 0. 0. 0. 0. 0. 0. 0. 0. 0. 0. 0. 0. 0. 0. 0. 0. 0. 0. 0. 1.],2.0,best,1000,100,10,0.9,0.1,0.5,0.1,0.7,0.03,0.42,1,2,,problem_solving
900,-0.004439405375076722,0.014437,0.004841590428194623,0.4600000000000001,0.12148140440390671,-0.001979146945115529,[0.         0.         0.         0.         0.98130684 0.         0.         0.         0.         0.         0.         0.         0.         0.         0.         0.         0.         0.         0.         0.         0.         0.         0.         0.         0.         0.         0.         0.         0.         0.         0.01869316],[0. 0. 0. 0. 1. 0. 0. 0. 0. 0. 0. 0. 0. 0. 0. 0. 0. 0. 0. 0. 0. 0. 0. 0. 0. 0. 0. 0. 0. 0. 1.],2.0,best,1000,100,10,0.9,0.1,0.5,0.1,0.7,0.03,0.42,1,2,,problem_solving
910,-0.004439405375076722,0.014437,0.004841590428194623,0.46399999999999997,0.11914033683338536,0.006219213164319684,[0.         0.         0.         0.         0.98130684 0.         0.         0.         0.         0.         0.         0.         0.         0.         0.         0.         0.         0.         0.         0.         0.         0.         0.         0.         0.         0.         0.         0.         0.         0.         0.01869316],[0. 0. 0. 0. 1. 0. 0. 0. 0. 0. 0. 0. 0. 0. 0. 0. 0. 0. 0. 0. 0. 0. 0. 0. 0. 0. 0. 0. 0. 0. 1.],2.0,best,1000,100,10,0.9,0.1,0.5,0.1,0.7,0.03,0.42,1,2,,problem_solving
920,-0.004439405375076722,0.014437,0.004841590428194623,0.46799999999999997,0.11684438396495887,0.0010277123977922773,[0.         0.         0.         0.         0.98130684 0.         0.         0.         0.         0.         0.         0.         0.         0.         0.         0.         0.         0.         0.         0.         0.         0.         0.         0.         0.         0.         0.         0.         0.         0.         0.01869316],[0. 0. 0. 0. 1. 0. 0. 0. 0. 0. 0. 0. 0. 0. 0. 0. 0. 0. 0. 0. 0. 0. 0. 0. 0. 0. 0. 0. 0. 0. 1.],2.0,best,1000,100,10,0.9,0.1,0.5,0.1,0.7,0.03,0.42,1,2,,problem_solving
930,-0.004439405375076722,0.014437,0.004841590428194623,0.472,0.11459267639341625,0.0005895286550400077,[0.         0.         0.         0.         0.98130684 0.         0.         0.         0.         0.         0.         0.         0.         0.         0.         0.         0.         0.         0.         0.         0.         0.         0.         0.         0.         0.         0.         0.         0.         0.         0.01869316],[0. 0. 0. 0. 1. 0. 0. 0. 0. 0. 0. 0. 0. 0. 0. 0. 0. 0. 0. 0. 0. 0. 0. 0. 0. 0. 0. 0. 0. 0. 1.],2.0,best,1000,100,10,0.9,0.1,0.5,0.1,0.7,0.03,0.42,1,2,,problem_solving
940,-0.004439405375076722,0.014437,0.004841590428194623,0.476,0.11238436146785019,0.0018263576745033811,[0.         0.         0.         0.         0.98130684 0.         0.         0.         0.         0.         0.         0.         0.         0.         0.         0.         0.         0.         0.         0.         0.         0.         0.         0.         0.         0.         0.         0.         0.         0.         0.01869316],[0. 0. 0. 0. 1. 0. 0. 0. 0. 0. 0. 0. 0. 0. 0. 0. 0. 0. 0. 0. 0. 0. 0. 0. 0. 0. 0. 0. 0. 0. 1.],2.0,best,1000,100,10,0.9,0.1,0.5,0.1,0.7,0.03,0.42,1,2,,problem_solving
950,-0.004439405375076722,0.014437,0.004841590428194623,0.48,0.11021860296878504,-0.0005702393209885605,[0.         0.         0.         0.         0.98130684 0.         0.         0.         0.         0.         0.         0.         0.         0.         0.         0.         0.         0.         0.         0.         0.         0.         0.         0.         0.         0.         0.         0.         0.         0.         0.01869316],[0. 0. 0. 0. 1. 0. 0. 0. 0. 0. 0. 0. 0. 0. 0. 0. 0. 0. 0. 0. 0. 0. 0. 0. 0. 0. 0. 0. 0. 0. 1.],2.0,best,1000,100,10,0.9,0.1,0.5,0.1,0.7,0.03,0.42,1,2,,problem_solving
960,-0.004439405375076722,0.014437,0.004841590428194623,0.484,0.10809458079152667,0.0021113809692338056,[0.         0.         0.         0.         0.98130684 0.         0.         0.         0.         0.         0.         0.         0.         0.         0.         0.         0.         0.         0.         0.         0.         0.         0.         0.         0.         0.         0.         0.         0.         0.         0.01869316],[0. 0. 0. 0. 1. 0. 0. 0. 0. 0. 0. 0. 0. 0. 0. 0. 0. 0. 0. 0. 0. 0. 0. 0. 0. 0. 0. 0. 0. 0. 1.],2.0,best,1000,100,10,0.9,0.1,0.5,0.1,0.7,0.03,0.42,1,2,,problem_solving
970,-0.004439405375076722,0.014437,0.004841590428194623,0.488,0.10601149063561469,-0.000587583595979148,[0.         0.         0.         0.         0.98130684 0.         0.         0.         0.         0.         0.         0.         0.         0.         0.         0.         0.         0.         0.         0.         0.         0.         0.         0.         0.         0.         0.         0.         0.         0.         0.01869316],[0. 0. 0. 0. 1. 0. 0. 0. 0. 0. 0. 0. 0. 0. 0. 0. 0. 0. 0. 0. 0. 0. 0. 0. 0. 0. 0. 0. 0. 0. 1.],2.0,best,1000,100,10,0.9,0.1,0.5,0.1,0.7,0.03,0.42,1,2,,problem_solving
980,-0.004439405375076722,0.014437,0.004841590428194623,0.492,0.10396854370025903,0.009413793369367759,[0.         0.         0.         0.         0.98130684 0.         0.         0.         0.         0.         0.         0.         0.         0.         0.         0.         0.         0.         0.         0.         0.         0.         0.         0.         0.         0.         0.         0.         0.         0.         0.01869316],[0. 0. 0. 0. 1. 0. 0. 0. 0. 0. 0. 0. 0. 0. 0. 0. 0. 0. 0. 0. 0. 0. 0. 0. 0. 0. 0. 0. 0. 0. 1.],2.0,best,1000,100,10,0.9,0.1,0.5,0.1,0.7,0.03,0.42,1,2,,problem_solving
990,-0.004439405375076722,0.014437,0.004841590428194623,0.496,0.10196496638564592,0.003903723136853999,[0.         0.         0.         0.         0.98130684 0.         0.         0.         0.         0.         0.         0.         0.         0.         0.         0.         0.         0.         0.         0.         0.         0.         0.         0.         0.         0.         0.         0.         0.         0.         0.01869316],[0. 0. 0. 0. 1. 0. 0. 0. 0. 0. 0. 0. 0. 0. 0. 0. 0. 0. 0. 0. 0. 0. 0. 0. 0. 0. 0. 0. 0. 0. 1.],2.0,best,1000,100,10,0.9,0.1,0.5,0.1,0.7,0.03,0.42,1,2,,problem_solving
999,-0.004439405375076722,0.014437,0.004841590428194623,0.49960000000000004,0.100194780466086,-0.0026082190082698047,[0.         0.         0.         0.         0.98130684 0.         0.         0.         0.         0.         0.         0.         0.         0.         0.         0.         0.         0.         0.         0.         0.         0.         0.         0.         0.         0.         0.         0.         0.         0.         0.01869316],[0. 0. 0. 0. 1. 0. 0. 0. 0. 0. 0. 0. 0. 0. 0. 0. 0. 0. 0. 0. 0. 0. 0. 0. 0. 0. 0. 0. 0. 0. 1.],2.0,best,1000,100,10,0.9,0.1,0.5,0.1,0.7,0.03,0.42,1,2,,problem_solving
