iter,cost,return,par,move,X,Z,Q,max_iter,mem_size,mem_consider,sigma,port_n,k,seed,tag
1,0.09646801255417171,0.004382776360145104,0.4,-3.3659068713812634,[0.         0.         0.         0.         0.         0.         0.         0.         0.         0.         0.         0.         0.01118958 0.         0.         0.         0.02676232 0.         0.         0.01071379 0.         0.         0.         0.02621898 0.         0.91290517 0.         0.01221016 0.         0.         0.        ],[0. 0. 0. 0. 0. 0. 0. 0. 0. 0. 0. 0. 1. 0. 0. 0. 1. 0. 0. 1. 0. 0. 0. 1. 0. 1. 0. 1. 0. 0. 0.],6.0,10000,30,0.6,10,1,6,,problem_solving
100,0.028917354699715653,0.009957710054295443,0.4,-7.385480943130871,[0.         0.         0.         0.         0.02169399 0.         0.         0.01059358 0.01060793 0.         0.02361409 0.         0.         0.         0.         0.         0.         0.         0.         0.         0.         0.01258534 0.         0.         0.         0.92090508 0.         0.         0.         0.         0.        ],[0. 0. 0. 0. 1. 0. 0. 1. 1. 0. 1. 0. 0. 0. 0. 0. 0. 0. 0. 0. 0. 1. 0. 0. 0. 1. 0. 0. 0. 0. 0.],6.0,10000,30,0.6,10,1,6,,problem_solving
200,0.028917354699715653,0.009957710054295443,0.4,8.55150558002679,[0.         0.         0.         0.         0.02169399 0.         0.         0.01059358 0.01060793 0.         0.02361409 0.         0.         0.         0.         0.         0.         0.         0.         0.         0.         0.01258534 0.         0.         0.         0.92090508 0.         0.         0.         0.         0.        ],[0. 0. 0. 0. 1. 0. 0. 1. 1. 0. 1. 0. 0. 0. 0. 0. 0. 0. 0. 0. 0. 1. 0. 0. 0. 1. 0. 0. 0. 0. 0.],6.0,10000,30,0.6,10,1,6,,problem_solving
300,0.02878810437750148,0.004627617484822604,0.4,-3.8320502513894326,[0.         0.         0.         0.         0.         0.         0.         0.         0.         0.         0.         0.         0.         0.         0.01415221 0.         0.         0.         0.         0.01870391 0.01057587 0.         0.         0.01218363 0.01838999 0.92599438 0.         0.         0.         0.         0.        ],[0. 0. 0. 0. 0. 0. 0. 0. 0. 0. 0. 0. 0. 0. 1. 0. 0. 0. 0. 1. 1. 0. 0. 1. 1. 1. 0. 0. 0. 0. 0.],6.0,10000,30,0.6,10,1,6,,problem_solving
400,0.02878810437750148,0.004627617484822604,0.4,-12.143686958218458,[0.         0.         0.         0.         0.         0.         0.         0.         0.         0.         0.         0.         0.         0.         0.01415221 0.         0.         0.         0.         0.01870391 0.01057587 0.         0.         0.01218363 0.01838999 0.92599438 0.         0.         0.         0.         0.        ],[0. 0. 0. 0. 0. 0. 0. 0. 0. 0. 0. 0. 0. 0. 1. 0. 0. 0. 0. 1. 1. 0. 0. 1. 1. 1. 0. 0. 0. 0. 0.],6.0,10000,30,0.6,10,1,6,,problem_solving
500,0.02878810437750148,0.004627617484822604,0.4,-10.107265775572694,[0.         0.         0.         0.         0.         0.         0.         0.         0.         0.         0.         0.         0.         0.         0.01415221 0.         0.         0.         0.         0.01870391 0.01057587 0.         0.         0.01218363 0.01838999 0.92599438 0.         0.         0.         0.         0.        ],[0. 0. 0. 0. 0. 0. 0. 0. 0. 0. 0. 0. 0. 0. 1. 0. 0. 0. 0. 1. 1. 0. 0. 1. 1. 1. 0. 0. 0. 0. 0.],6.0,10000,30,0.6,10,1,6,,problem_solving
600,0.02878810437750148,0.004627617484822604,0.4,3.2164255318506507,[0.         0.         0.         0.         0.         0.         0.         0.         0.         0.         0.         0.         0.         0.         0.01415221 0.         0.         0.         0.         0.01870391 0.01057587 0.         0.         0.01218363 0.01838999 0.92599438 0.         0.         0.         0.         0.        ],[0. 0. 0. 0. 0. 0. 0. 0. 0. 0. 0. 0. 0. 0. 1. 0. 0. 0. 0. 1. 1. 0. 0. 1. 1. 1. 0. 0. 0. 0. 0.],6.0,10000,30,0.6,10,1,6,,problem_solving
700,0.02878810437750148,0.004627617484822604,0.4,0.055275522923034615,[0.         0.         0.         0.         0.         0.         0.         0.         0.         0.         0.         0.         0.         0.         0.01415221 0.         0.         0.         0.         0.01870391 0.01057587 0.         0.         0.01218363 0.01838999 0.92599438 0.         0.         0.         0.         0.        ],[0. 0. 0. 0. 0. 0. 0. 0. 0. 0. 0. 0. 0. 0. 1. 0. 0. 0. 0. 1. 1. 0. 0. 1. 1. 1. 0. 0. 0. 0. 0.],6.0,10000,30,0.6,10,1,6,,problem_solving
800,0.027089984226062205,0.004637832082629247,0.4,-8.381976570760639,[0.         0.         0.         0.         0.01809191 0.         0.         0.         0.         0.         0.         0.         0.01240047 0.         0.01630423 0.         0.01950353 0.         0.         0.         0.         0.01614416 0.         0.         0.         0.91755571 0.         0.         0.         0.         0.        ],[0. 0. 0. 0. 1. 0. 0. 0. 0. 0. 0. 0. 1. 0. 1. 0. 1. 0. 0. 0. 0. 1. 0. 0. 0. 1. 0. 0. 0. 0. 0.],6.0,10000,30,0.6,10,1,6,,problem_solving
900,0.027089984226062205,0.004637832082629247,0.4,2.972903904280208,[0.         0.         0.         0.         0.01809191 0.         0.         0.         0.         0.         0.         0.         0.01240047 0.         0.01630423 0.         0.01950353 0.         0.         0.         0.         0.01614416 0.         0.         0.         0.91755571 0.         0.         0.         0.         0.        ],[0. 0. 0. 0. 1. 0. 0. 0. 0. 0. 0. 0. 1. 0. 1. 0. 1. 0. 0. 0. 0. 1. 0. 0. 0. 1. 0. 0. 0. 0. 0.],6.0,10000,30,0.6,10,1,6,,problem_solving
1000,0.022296236406883174,0.004900500006241079,0.4,-0.24796397905962353,[0.         0.         0.         0.01343595 0.01354679 0.         0.         0.         0.0188124  0.02199229 0.         0.         0.         0.         0.         0.         0.         0.         0.         0.         0.         0.         0.         0.         0.         0.91205801 0.         0.         0.02015456 0.         0.        ],[0. 0. 0. 1. 1. 0. 0. 0. 1. 1. 0. 0. 0. 0. 0. 0. 0. 0. 0. 0. 0. 0. 0. 0. 0. 1. 0. 0. 1. 0. 0.],6.0,10000,30,0.6,10,1,6,,problem_solving
1100,0.022296236406883174,0.004900500006241079,0.4,-12.482344824653095,[0.         0.         0.         0.01343595 0.01354679 0.         0.         0.         0.0188124  0.02199229 0.         0.         0.         0.         0.         0.         0.         0.         0.         0.         0.         0.         0.         0.         0.         0.91205801 0.         0.         0.02015456 0.         0.        ],[0. 0. 0. 1. 1. 0. 0. 0. 1. 1. 0. 0. 0. 0. 0. 0. 0. 0. 0. 0. 0. 0. 0. 0. 0. 1. 0. 0. 1. 0. 0.],6.0,10000,30,0.6,10,1,6,,problem_solving
1200,0.022296236406883174,0.004900500006241079,0.4,17.376265828728137,[0.         0.         0.         0.01343595 0.01354679 0.         0.         0.         0.0188124  0.02199229 0.         0.         0.         0.         0.         0.         0.         0.         0.         0.         0.         0.         0.         0.         0.         0.91205801 0.         0.         0.02015456 0.         0.        ],[0. 0. 0. 1. 1. 0. 0. 0. 1. 1. 0. 0. 0. 0. 0. 0. 0. 0. 0. 0. 0. 0. 0. 0. 0. 1. 0. 0. 1. 0. 0.],6.0,10000,30,0.6,10,1,6,,problem_solving
1300,0.021103371447901254,0.010213919903572956,0.4,2.536619534889412,[0.         0.         0.         0.         0.92049313 0.         0.         0.         0.         0.         0.         0.         0.         0.         0.         0.01988788 0.         0.         0.         0.         0.01370743 0.01042185 0.         0.01758504 0.         0.01790467 0.         0.         0.         0.         0.        ],[0. 0. 0. 0. 1. 0. 0. 0. 0. 0. 0. 0. 0. 0. 0. 1. 0. 0. 0. 0. 1. 1. 0. 1. 0. 1. 0. 0. 0. 0. 0.],6.0,10000,30,0.6,10,1,6,,problem_solving
1400,0.021103371447901254,0.010213919903572956,0.4,5.866445125801646,[0.         0.         0.         0.         0.92049313 0.         0.         0.         0.         0.         0.         0.         0.         0.         0.         0.01988788 0.         0.         0.         0.         0.01370743 0.01042185 0.         0.01758504 0.         0.01790467 0.         0.         0.         0.         0.        ],[0. 0. 0. 0. 1. 0. 0. 0. 0. 0. 0. 0. 0. 0. 0. 1. 0. 0. 0. 0. 1. 1. 0. 1. 0. 1. 0. 0. 0. 0. 0.],6.0,10000,30,0.6,10,1,6,,problem_solving
1500,0.021103371447901254,0.010213919903572956,0.4,-4.286675850946468,[0.         0.         0.         0.         0.92049313 0.         0.         0.         0.         0.         0.         0.         0.         0.         0.         0.01988788 0.         0.         0.         0.         0.01370743 0.01042185 0.         0.01758504 0.         0.01790467 0.         0.         0.         0.         0.        ],[0. 0. 0. 0. 1. 0. 0. 0. 0. 0. 0. 0. 0. 0. 0. 1. 0. 0. 0. 0. 1. 1. 0. 1. 0. 1. 0. 0. 0. 0. 0.],6.0,10000,30,0.6,10,1,6,,problem_solving
1600,0.021103371447901254,0.010213919903572956,0.4,-12.615587327197824,[0.         0.         0.         0.         0.92049313 0.         0.         0.         0.         0.         0.         0.         0.         0.         0.         0.01988788 0.         0.         0.         0.         0.01370743 0.01042185 0.         0.01758504 0.         0.01790467 0.         0.         0.         0.         0.        ],[0. 0. 0. 0. 1. 0. 0. 0. 0. 0. 0. 0. 0. 0. 0. 1. 0. 0. 0. 0. 1. 1. 0. 1. 0. 1. 0. 0. 0. 0. 0.],6.0,10000,30,0.6,10,1,6,,problem_solving
1700,0.021103371447901254,0.010213919903572956,0.4,-8.682697608146107,[0.         0.         0.         0.         0.92049313 0.         0.         0.         0.         0.         0.         0.         0.         0.         0.         0.01988788 0.         0.         0.         0.         0.01370743 0.01042185 0.         0.01758504 0.         0.01790467 0.         0.         0.         0.         0.        ],[0. 0. 0. 0. 1. 0. 0. 0. 0. 0. 0. 0. 0. 0. 0. 1. 0. 0. 0. 0. 1. 1. 0. 1. 0. 1. 0. 0. 0. 0. 0.],6.0,10000,30,0.6,10,1,6,,problem_solving
1800,0.021103371447901254,0.010213919903572956,0.4,10.12166046159223,[0.         0.         0.         0.         0.92049313 0.         0.         0.         0.         0.         0.         0.         0.         0.         0.         0.01988788 0.         0.         0.         0.         0.01370743 0.01042185 0.         0.01758504 0.         0.01790467 0.         0.         0.         0.         0.        ],[0. 0. 0. 0. 1. 0. 0. 0. 0. 0. 0. 0. 0. 0. 0. 1. 0. 0. 0. 0. 1. 1. 0. 1. 0. 1. 0. 0. 0. 0. 0.],6.0,10000,30,0.6,10,1,6,,problem_solving
1900,0.021103371447901254,0.010213919903572956,0.4,8.32659069137918,[0.         0.         0.         0.         0.92049313 0.         0.         0.         0.         0.         0.         0.         0.         0.         0.         0.01988788 0.         0.         0.         0.         0.01370743 0.01042185 0.         0.01758504 0.         0.01790467 0.         0.         0.         0.         0.        ],[0. 0. 0. 0. 1. 0. 0. 0. 0. 0. 0. 0. 0. 0. 0. 1. 0. 0. 0. 0. 1. 1. 0. 1. 0. 1. 0. 0. 0. 0. 0.],6.0,10000,30,0.6,10,1,6,,problem_solving
2000,0.021103371447901254,0.010213919903572956,0.4,-12.32608640501038,[0.         0.         0.         0.         0.92049313 0.         0.         0.         0.         0.         0.         0.         0.         0.         0.         0.01988788 0.         0.         0.         0.         0.01370743 0.01042185 0.         0.01758504 0.         0.01790467 0.         0.         0.         0.         0.        ],[0. 0. 0. 0. 1. 0. 0. 0. 0. 0. 0. 0. 0. 0. 0. 1. 0. 0. 0. 0. 1. 1. 0. 1. 0. 1. 0. 0. 0. 0. 0.],6.0,10000,30,0.6,10,1,6,,problem_solving
2100,0.021103371447901254,0.010213919903572956,0.4,9.073155629054371,[0.         0.         0.         0.         0.92049313 0.         0.         0.         0.         0.         0.         0.         0.         0.         0.         0.01988788 0.         0.         0.         0.         0.01370743 0.01042185 0.         0.01758504 0.         0.01790467 0.         0.         0.         0.         0.        ],[0. 0. 0. 0. 1. 0. 0. 0. 0. 0. 0. 0. 0. 0. 0. 1. 0. 0. 0. 0. 1. 1. 0. 1. 0. 1. 0. 0. 0. 0. 0.],6.0,10000,30,0.6,10,1,6,,problem_solving
2200,0.021103371447901254,0.010213919903572956,0.4,0.8248499016222617,[0.         0.         0.         0.         0.92049313 0.         0.         0.         0.         0.         0.         0.         0.         0.         0.         0.01988788 0.         0.         0.         0.         0.01370743 0.01042185 0.         0.01758504 0.         0.01790467 0.         0.         0.         0.         0.        ],[0. 0. 0. 0. 1. 0. 0. 0. 0. 0. 0. 0. 0. 0. 0. 1. 0. 0. 0. 0. 1. 1. 0. 1. 0. 1. 0. 0. 0. 0. 0.],6.0,10000,30,0.6,10,1,6,,problem_solving
2300,0.021103371447901254,0.010213919903572956,0.4,-5.399212235827471,[0.         0.         0.         0.         0.92049313 0.         0.         0.         0.         0.         0.         0.         0.         0.         0.         0.01988788 0.         0.         0.         0.         0.01370743 0.01042185 0.         0.01758504 0.         0.01790467 0.         0.         0.         0.         0.        ],[0. 0. 0. 0. 1. 0. 0. 0. 0. 0. 0. 0. 0. 0. 0. 1. 0. 0. 0. 0. 1. 1. 0. 1. 0. 1. 0. 0. 0. 0. 0.],6.0,10000,30,0.6,10,1,6,,problem_solving
2400,0.021103371447901254,0.010213919903572956,0.4,2.9272291806401975,[0.         0.         0.         0.         0.92049313 0.         0.         0.         0.         0.         0.         0.         0.         0.         0.         0.01988788 0.         0.         0.         0.         0.01370743 0.01042185 0.         0.01758504 0.         0.01790467 0.         0.         0.         0.         0.        ],[0. 0. 0. 0. 1. 0. 0. 0. 0. 0. 0. 0. 0. 0. 0. 1. 0. 0. 0. 0. 1. 1. 0. 1. 0. 1. 0. 0. 0. 0. 0.],6.0,10000,30,0.6,10,1,6,,problem_solving
2500,0.021103371447901254,0.010213919903572956,0.4,1.8610294661498958,[0.         0.         0.         0.         0.92049313 0.         0.         0.         0.         0.         0.         0.         0.         0.         0.         0.01988788 0.         0.         0.         0.         0.01370743 0.01042185 0.         0.01758504 0.         0.01790467 0.         0.         0.         0.         0.        ],[0. 0. 0. 0. 1. 0. 0. 0. 0. 0. 0. 0. 0. 0. 0. 1. 0. 0. 0. 0. 1. 1. 0. 1. 0. 1. 0. 0. 0. 0. 0.],6.0,10000,30,0.6,10,1,6,,problem_solving
2600,0.021103371447901254,0.010213919903572956,0.4,4.557583036009142,[0.         0.         0.         0.         0.92049313 0.         0.         0.         0.         0.         0.         0.         0.         0.         0.         0.01988788 0.         0.         0.         0.         0.01370743 0.01042185 0.         0.01758504 0.         0.01790467 0.         0.         0.         0.         0.        ],[0. 0. 0. 0. 1. 0. 0. 0. 0. 0. 0. 0. 0. 0. 0. 1. 0. 0. 0. 0. 1. 1. 0. 1. 0. 1. 0. 0. 0. 0. 0.],6.0,10000,30,0.6,10,1,6,,problem_solving
2700,0.021103371447901254,0.010213919903572956,0.4,1.088582862178806,[0.         0.         0.         0.         0.92049313 0.         0.         0.         0.         0.         0.         0.         0.         0.         0.         0.01988788 0.         0.         0.         0.         0.01370743 0.01042185 0.         0.01758504 0.         0.01790467 0.         0.         0.         0.         0.        ],[0. 0. 0. 0. 1. 0. 0. 0. 0. 0. 0. 0. 0. 0. 0. 1. 0. 0. 0. 0. 1. 1. 0. 1. 0. 1. 0. 0. 0. 0. 0.],6.0,10000,30,0.6,10,1,6,,problem_solving
2800,0.021103371447901254,0.010213919903572956,0.4,-0.23982804101190747,[0.         0.         0.         0.         0.92049313 0.         0.         0.         0.         0.         0.         0.         0.         0.         0.         0.01988788 0.         0.         0.         0.         0.01370743 0.01042185 0.         0.01758504 0.         0.01790467 0.         0.         0.         0.         0.        ],[0. 0. 0. 0. 1. 0. 0. 0. 0. 0. 0. 0. 0. 0. 0. 1. 0. 0. 0. 0. 1. 1. 0. 1. 0. 1. 0. 0. 0. 0. 0.],6.0,10000,30,0.6,10,1,6,,problem_solving
2900,0.021103371447901254,0.010213919903572956,0.4,9.440556943230606,[0.         0.         0.         0.         0.92049313 0.         0.         0.         0.         0.         0.         0.         0.         0.         0.         0.01988788 0.         0.         0.         0.         0.01370743 0.01042185 0.         0.01758504 0.         0.01790467 0.         0.         0.         0.         0.        ],[0. 0. 0. 0. 1. 0. 0. 0. 0. 0. 0. 0. 0. 0. 0. 1. 0. 0. 0. 0. 1. 1. 0. 1. 0. 1. 0. 0. 0. 0. 0.],6.0,10000,30,0.6,10,1,6,,problem_solving
3000,0.021103371447901254,0.010213919903572956,0.4,5.831736879236356,[0.         0.         0.         0.         0.92049313 0.         0.         0.         0.         0.         0.         0.         0.         0.         0.         0.01988788 0.         0.         0.         0.         0.01370743 0.01042185 0.         0.01758504 0.         0.01790467 0.         0.         0.         0.         0.        ],[0. 0. 0. 0. 1. 0. 0. 0. 0. 0. 0. 0. 0. 0. 0. 1. 0. 0. 0. 0. 1. 1. 0. 1. 0. 1. 0. 0. 0. 0. 0.],6.0,10000,30,0.6,10,1,6,,problem_solving
3100,0.021103371447901254,0.010213919903572956,0.4,-0.35675836936118355,[0.         0.         0.         0.         0.92049313 0.         0.         0.         0.         0.         0.         0.         0.         0.         0.         0.01988788 0.         0.         0.         0.         0.01370743 0.01042185 0.         0.01758504 0.         0.01790467 0.         0.         0.         0.         0.        ],[0. 0. 0. 0. 1. 0. 0. 0. 0. 0. 0. 0. 0. 0. 0. 1. 0. 0. 0. 0. 1. 1. 0. 1. 0. 1. 0. 0. 0. 0. 0.],6.0,10000,30,0.6,10,1,6,,problem_solving
3200,0.021103371447901254,0.010213919903572956,0.4,-0.5943166509919807,[0.         0.         0.         0.         0.92049313 0.         0.         0.         0.         0.         0.         0.         0.         0.         0.         0.01988788 0.         0.         0.         0.         0.01370743 0.01042185 0.         0.01758504 0.         0.01790467 0.         0.         0.         0.         0.        ],[0. 0. 0. 0. 1. 0. 0. 0. 0. 0. 0. 0. 0. 0. 0. 1. 0. 0. 0. 0. 1. 1. 0. 1. 0. 1. 0. 0. 0. 0. 0.],6.0,10000,30,0.6,10,1,6,,problem_solving
3300,0.021103371447901254,0.010213919903572956,0.4,14.740539188236424,[0.         0.         0.         0.         0.92049313 0.         0.         0.         0.         0.         0.         0.         0.         0.         0.         0.01988788 0.         0.         0.         0.         0.01370743 0.01042185 0.         0.01758504 0.         0.01790467 0.         0.         0.         0.         0.        ],[0. 0. 0. 0. 1. 0. 0. 0. 0. 0. 0. 0. 0. 0. 0. 1. 0. 0. 0. 0. 1. 1. 0. 1. 0. 1. 0. 0. 0. 0. 0.],6.0,10000,30,0.6,10,1,6,,problem_solving
3400,0.021103371447901254,0.010213919903572956,0.4,-5.419119282215731,[0.         0.         0.         0.         0.92049313 0.         0.         0.         0.         0.         0.         0.         0.         0.         0.         0.01988788 0.         0.         0.         0.         0.01370743 0.01042185 0.         0.01758504 0.         0.01790467 0.         0.         0.         0.         0.        ],[0. 0. 0. 0. 1. 0. 0. 0. 0. 0. 0. 0. 0. 0. 0. 1. 0. 0. 0. 0. 1. 1. 0. 1. 0. 1. 0. 0. 0. 0. 0.],6.0,10000,30,0.6,10,1,6,,problem_solving
3500,0.021103371447901254,0.010213919903572956,0.4,17.250108683098556,[0.         0.         0.         0.         0.92049313 0.         0.         0.         0.         0.         0.         0.         0.         0.         0.         0.01988788 0.         0.         0.         0.         0.01370743 0.01042185 0.         0.01758504 0.         0.01790467 0.         0.         0.         0.         0.        ],[0. 0. 0. 0. 1. 0. 0. 0. 0. 0. 0. 0. 0. 0. 0. 1. 0. 0. 0. 0. 1. 1. 0. 1. 0. 1. 0. 0. 0. 0. 0.],6.0,10000,30,0.6,10,1,6,,problem_solving
3600,0.021103371447901254,0.010213919903572956,0.4,0.5931757165291464,[0.         0.         0.         0.         0.92049313 0.         0.         0.         0.         0.         0.         0.         0.         0.         0.         0.01988788 0.         0.         0.         0.         0.01370743 0.01042185 0.         0.01758504 0.         0.01790467 0.         0.         0.         0.         0.        ],[0. 0. 0. 0. 1. 0. 0. 0. 0. 0. 0. 0. 0. 0. 0. 1. 0. 0. 0. 0. 1. 1. 0. 1. 0. 1. 0. 0. 0. 0. 0.],6.0,10000,30,0.6,10,1,6,,problem_solving
3700,0.021103371447901254,0.010213919903572956,0.4,1.4891628479694774,[0.         0.         0.         0.         0.92049313 0.         0.         0.         0.         0.         0.         0.         0.         0.         0.         0.01988788 0.         0.         0.         0.         0.01370743 0.01042185 0.         0.01758504 0.         0.01790467 0.         0.         0.         0.         0.        ],[0. 0. 0. 0. 1. 0. 0. 0. 0. 0. 0. 0. 0. 0. 0. 1. 0. 0. 0. 0. 1. 1. 0. 1. 0. 1. 0. 0. 0. 0. 0.],6.0,10000,30,0.6,10,1,6,,problem_solving
3800,0.021103371447901254,0.010213919903572956,0.4,-9.157647896468257,[0.         0.         0.         0.         0.92049313 0.         0.         0.         0.         0.         0.         0.         0.         0.         0.         0.01988788 0.         0.         0.         0.         0.01370743 0.01042185 0.         0.01758504 0.         0.01790467 0.         0.         0.         0.         0.        ],[0. 0. 0. 0. 1. 0. 0. 0. 0. 0. 0. 0. 0. 0. 0. 1. 0. 0. 0. 0. 1. 1. 0. 1. 0. 1. 0. 0. 0. 0. 0.],6.0,10000,30,0.6,10,1,6,,problem_solving
3900,0.021103371447901254,0.010213919903572956,0.4,-0.8681633414391987,[0.         0.         0.         0.         0.92049313 0.         0.         0.         0.         0.         0.         0.         0.         0.         0.         0.01988788 0.         0.         0.         0.         0.01370743 0.01042185 0.         0.01758504 0.         0.01790467 0.         0.         0.         0.         0.        ],[0. 0. 0. 0. 1. 0. 0. 0. 0. 0. 0. 0. 0. 0. 0. 1. 0. 0. 0. 0. 1. 1. 0. 1. 0. 1. 0. 0. 0. 0. 0.],6.0,10000,30,0.6,10,1,6,,problem_solving
4000,0.021103371447901254,0.010213919903572956,0.4,-6.3791885593570115,[0.         0.         0.         0.         0.92049313 0.         0.         0.         0.         0.         0.         0.         0.         0.         0.         0.01988788 0.         0.         0.         0.         0.01370743 0.01042185 0.         0.01758504 0.         0.01790467 0.         0.         0.         0.         0.        ],[0. 0. 0. 0. 1. 0. 0. 0. 0. 0. 0. 0. 0. 0. 0. 1. 0. 0. 0. 0. 1. 1. 0. 1. 0. 1. 0. 0. 0. 0. 0.],6.0,10000,30,0.6,10,1,6,,problem_solving
4100,0.021103371447901254,0.010213919903572956,0.4,-10.616800867383635,[0.         0.         0.         0.         0.92049313 0.         0.         0.         0.         0.         0.         0.         0.         0.         0.         0.01988788 0.         0.         0.         0.         0.01370743 0.01042185 0.         0.01758504 0.         0.01790467 0.         0.         0.         0.         0.        ],[0. 0. 0. 0. 1. 0. 0. 0. 0. 0. 0. 0. 0. 0. 0. 1. 0. 0. 0. 0. 1. 1. 0. 1. 0. 1. 0. 0. 0. 0. 0.],6.0,10000,30,0.6,10,1,6,,problem_solving
4200,0.021103371447901254,0.010213919903572956,0.4,-6.669307477351225,[0.         0.         0.         0.         0.92049313 0.         0.         0.         0.         0.         0.         0.         0.         0.         0.         0.01988788 0.         0.         0.         0.         0.01370743 0.01042185 0.         0.01758504 0.         0.01790467 0.         0.         0.         0.         0.        ],[0. 0. 0. 0. 1. 0. 0. 0. 0. 0. 0. 0. 0. 0. 0. 1. 0. 0. 0. 0. 1. 1. 0. 1. 0. 1. 0. 0. 0. 0. 0.],6.0,10000,30,0.6,10,1,6,,problem_solving
4300,0.021103371447901254,0.010213919903572956,0.4,-12.040181988314103,[0.         0.         0.         0.         0.92049313 0.         0.         0.         0.         0.         0.         0.         0.         0.         0.         0.01988788 0.         0.         0.         0.         0.01370743 0.01042185 0.         0.01758504 0.         0.01790467 0.         0.         0.         0.         0.        ],[0. 0. 0. 0. 1. 0. 0. 0. 0. 0. 0. 0. 0. 0. 0. 1. 0. 0. 0. 0. 1. 1. 0. 1. 0. 1. 0. 0. 0. 0. 0.],6.0,10000,30,0.6,10,1,6,,problem_solving
4400,0.021103371447901254,0.010213919903572956,0.4,-3.0885408365595035,[0.         0.         0.         0.         0.92049313 0.         0.         0.         0.         0.         0.         0.         0.         0.         0.         0.01988788 0.         0.         0.         0.         0.01370743 0.01042185 0.         0.01758504 0.         0.01790467 0.         0.         0.         0.         0.        ],[0. 0. 0. 0. 1. 0. 0. 0. 0. 0. 0. 0. 0. 0. 0. 1. 0. 0. 0. 0. 1. 1. 0. 1. 0. 1. 0. 0. 0. 0. 0.],6.0,10000,30,0.6,10,1,6,,problem_solving
4500,0.021103371447901254,0.010213919903572956,0.4,-5.073158685814456,[0.         0.         0.         0.         0.92049313 0.         0.         0.         0.         0.         0.         0.         0.         0.         0.         0.01988788 0.         0.         0.         0.         0.01370743 0.01042185 0.         0.01758504 0.         0.01790467 0.         0.         0.         0.         0.        ],[0. 0. 0. 0. 1. 0. 0. 0. 0. 0. 0. 0. 0. 0. 0. 1. 0. 0. 0. 0. 1. 1. 0. 1. 0. 1. 0. 0. 0. 0. 0.],6.0,10000,30,0.6,10,1,6,,problem_solving
4600,0.021103371447901254,0.010213919903572956,0.4,-10.20743634068938,[0.         0.         0.         0.         0.92049313 0.         0.         0.         0.         0.         0.         0.         0.         0.         0.         0.01988788 0.         0.         0.         0.         0.01370743 0.01042185 0.         0.01758504 0.         0.01790467 0.         0.         0.         0.         0.        ],[0. 0. 0. 0. 1. 0. 0. 0. 0. 0. 0. 0. 0. 0. 0. 1. 0. 0. 0. 0. 1. 1. 0. 1. 0. 1. 0. 0. 0. 0. 0.],6.0,10000,30,0.6,10,1,6,,problem_solving
4700,0.021103371447901254,0.010213919903572956,0.4,5.845158685815591,[0.         0.         0.         0.         0.92049313 0.         0.         0.         0.         0.         0.         0.         0.         0.         0.         0.01988788 0.         0.         0.         0.         0.01370743 0.01042185 0.         0.01758504 0.         0.01790467 0.         0.         0.         0.         0.        ],[0. 0. 0. 0. 1. 0. 0. 0. 0. 0. 0. 0. 0. 0. 0. 1. 0. 0. 0. 0. 1. 1. 0. 1. 0. 1. 0. 0. 0. 0. 0.],6.0,10000,30,0.6,10,1,6,,problem_solving
4800,0.021103371447901254,0.010213919903572956,0.4,2.905617547088979,[0.         0.         0.         0.         0.92049313 0.         0.         0.         0.         0.         0.         0.         0.         0.         0.         0.01988788 0.         0.         0.         0.         0.01370743 0.01042185 0.         0.01758504 0.         0.01790467 0.         0.         0.         0.         0.        ],[0. 0. 0. 0. 1. 0. 0. 0. 0. 0. 0. 0. 0. 0. 0. 1. 0. 0. 0. 0. 1. 1. 0. 1. 0. 1. 0. 0. 0. 0. 0.],6.0,10000,30,0.6,10,1,6,,problem_solving
4900,0.021103371447901254,0.010213919903572956,0.4,-1.7609318957084423,[0.         0.         0.         0.         0.92049313 0.         0.         0.         0.         0.         0.         0.         0.         0.         0.         0.01988788 0.         0.         0.         0.         0.01370743 0.01042185 0.         0.01758504 0.         0.01790467 0.         0.         0.         0.         0.        ],[0. 0. 0. 0. 1. 0. 0. 0. 0. 0. 0. 0. 0. 0. 0. 1. 0. 0. 0. 0. 1. 1. 0. 1. 0. 1. 0. 0. 0. 0. 0.],6.0,10000,30,0.6,10,1,6,,problem_solving
5000,0.021103371447901254,0.010213919903572956,0.4,8.355235228617172,[0.         0.         0.         0.         0.92049313 0.         0.         0.         0.         0.         0.         0.         0.         0.         0.         0.01988788 0.         0.         0.         0.         0.01370743 0.01042185 0.         0.01758504 0.         0.01790467 0.         0.         0.         0.         0.        ],[0. 0. 0. 0. 1. 0. 0. 0. 0. 0. 0. 0. 0. 0. 0. 1. 0. 0. 0. 0. 1. 1. 0. 1. 0. 1. 0. 0. 0. 0. 0.],6.0,10000,30,0.6,10,1,6,,problem_solving
5100,0.021103371447901254,0.010213919903572956,0.4,-10.297960300470027,[0.         0.         0.         0.         0.92049313 0.         0.         0.         0.         0.         0.         0.         0.         0.         0.         0.01988788 0.         0.         0.         0.         0.01370743 0.01042185 0.         0.01758504 0.         0.01790467 0.         0.         0.         0.         0.        ],[0. 0. 0. 0. 1. 0. 0. 0. 0. 0. 0. 0. 0. 0. 0. 1. 0. 0. 0. 0. 1. 1. 0. 1. 0. 1. 0. 0. 0. 0. 0.],6.0,10000,30,0.6,10,1,6,,problem_solving
5200,0.021103371447901254,0.010213919903572956,0.4,-11.056424798273412,[0.         0.         0.         0.         0.92049313 0.         0.         0.         0.         0.         0.         0.         0.         0.         0.         0.01988788 0.         0.         0.         0.         0.01370743 0.01042185 0.         0.01758504 0.         0.01790467 0.         0.         0.         0.         0.        ],[0. 0. 0. 0. 1. 0. 0. 0. 0. 0. 0. 0. 0. 0. 0. 1. 0. 0. 0. 0. 1. 1. 0. 1. 0. 1. 0. 0. 0. 0. 0.],6.0,10000,30,0.6,10,1,6,,problem_solving
5300,0.021103371447901254,0.010213919903572956,0.4,4.392766557950048,[0.         0.         0.         0.         0.92049313 0.         0.         0.         0.         0.         0.         0.         0.         0.         0.         0.01988788 0.         0.         0.         0.         0.01370743 0.01042185 0.         0.01758504 0.         0.01790467 0.         0.         0.         0.         0.        ],[0. 0. 0. 0. 1. 0. 0. 0. 0. 0. 0. 0. 0. 0. 0. 1. 0. 0. 0. 0. 1. 1. 0. 1. 0. 1. 0. 0. 0. 0. 0.],6.0,10000,30,0.6,10,1,6,,problem_solving
5400,0.021103371447901254,0.010213919903572956,0.4,-2.355108440912895,[0.         0.         0.         0.         0.92049313 0.         0.         0.         0.         0.         0.         0.         0.         0.         0.         0.01988788 0.         0.         0.         0.         0.01370743 0.01042185 0.         0.01758504 0.         0.01790467 0.         0.         0.         0.         0.        ],[0. 0. 0. 0. 1. 0. 0. 0. 0. 0. 0. 0. 0. 0. 0. 1. 0. 0. 0. 0. 1. 1. 0. 1. 0. 1. 0. 0. 0. 0. 0.],6.0,10000,30,0.6,10,1,6,,problem_solving
5500,0.021103371447901254,0.010213919903572956,0.4,-5.064698516097347,[0.         0.         0.         0.         0.92049313 0.         0.         0.         0.         0.         0.         0.         0.         0.         0.         0.01988788 0.         0.         0.         0.         0.01370743 0.01042185 0.         0.01758504 0.         0.01790467 0.         0.         0.         0.         0.        ],[0. 0. 0. 0. 1. 0. 0. 0. 0. 0. 0. 0. 0. 0. 0. 1. 0. 0. 0. 0. 1. 1. 0. 1. 0. 1. 0. 0. 0. 0. 0.],6.0,10000,30,0.6,10,1,6,,problem_solving
5600,0.01993893870806929,0.004850588972191141,0.4,1.3200389680680753,[0.         0.         0.         0.         0.02169399 0.         0.         0.01059358 0.01060793 0.         0.02361409 0.         0.         0.         0.         0.         0.         0.         0.         0.         0.         0.01258534 0.         0.         0.         0.92090508 0.         0.         0.         0.         0.        ],[0. 0. 0. 0. 1. 0. 0. 1. 1. 0. 1. 0. 0. 0. 0. 0. 0. 0. 0. 0. 0. 1. 0. 0. 0. 1. 0. 0. 0. 0. 0.],6.0,10000,30,0.6,10,1,6,,problem_solving
5700,0.01993893870806929,0.004850588972191141,0.4,8.736538382148993,[0.         0.         0.         0.         0.02169399 0.         0.         0.01059358 0.01060793 0.         0.02361409 0.         0.         0.         0.         0.         0.         0.         0.         0.         0.         0.01258534 0.         0.         0.         0.92090508 0.         0.         0.         0.         0.        ],[0. 0. 0. 0. 1. 0. 0. 1. 1. 0. 1. 0. 0. 0. 0. 0. 0. 0. 0. 0. 0. 1. 0. 0. 0. 1. 0. 0. 0. 0. 0.],6.0,10000,30,0.6,10,1,6,,problem_solving
5800,0.01993893870806929,0.004850588972191141,0.4,-3.154095367688525,[0.         0.         0.         0.         0.02169399 0.         0.         0.01059358 0.01060793 0.         0.02361409 0.         0.         0.         0.         0.         0.         0.         0.         0.         0.         0.01258534 0.         0.         0.         0.92090508 0.         0.         0.         0.         0.        ],[0. 0. 0. 0. 1. 0. 0. 1. 1. 0. 1. 0. 0. 0. 0. 0. 0. 0. 0. 0. 0. 1. 0. 0. 0. 1. 0. 0. 0. 0. 0.],6.0,10000,30,0.6,10,1,6,,problem_solving
5900,0.01993893870806929,0.004850588972191141,0.4,-23.542949986799666,[0.         0.         0.         0.         0.02169399 0.         0.         0.01059358 0.01060793 0.         0.02361409 0.         0.         0.         0.         0.         0.         0.         0.         0.         0.         0.01258534 0.         0.         0.         0.92090508 0.         0.         0.         0.         0.        ],[0. 0. 0. 0. 1. 0. 0. 1. 1. 0. 1. 0. 0. 0. 0. 0. 0. 0. 0. 0. 0. 1. 0. 0. 0. 1. 0. 0. 0. 0. 0.],6.0,10000,30,0.6,10,1,6,,problem_solving
6000,0.01993893870806929,0.004850588972191141,0.4,4.375497964001644,[0.         0.         0.         0.         0.02169399 0.         0.         0.01059358 0.01060793 0.         0.02361409 0.         0.         0.         0.         0.         0.         0.         0.         0.         0.         0.01258534 0.         0.         0.         0.92090508 0.         0.         0.         0.         0.        ],[0. 0. 0. 0. 1. 0. 0. 1. 1. 0. 1. 0. 0. 0. 0. 0. 0. 0. 0. 0. 0. 1. 0. 0. 0. 1. 0. 0. 0. 0. 0.],6.0,10000,30,0.6,10,1,6,,problem_solving
6100,0.01993893870806929,0.004850588972191141,0.4,-11.122653098597905,[0.         0.         0.         0.         0.02169399 0.         0.         0.01059358 0.01060793 0.         0.02361409 0.         0.         0.         0.         0.         0.         0.         0.         0.         0.         0.01258534 0.         0.         0.         0.92090508 0.         0.         0.         0.         0.        ],[0. 0. 0. 0. 1. 0. 0. 1. 1. 0. 1. 0. 0. 0. 0. 0. 0. 0. 0. 0. 0. 1. 0. 0. 0. 1. 0. 0. 0. 0. 0.],6.0,10000,30,0.6,10,1,6,,problem_solving
6200,0.01993893870806929,0.004850588972191141,0.4,-4.616528275565875,[0.         0.         0.         0.         0.02169399 0.         0.         0.01059358 0.01060793 0.         0.02361409 0.         0.         0.         0.         0.         0.         0.         0.         0.         0.         0.01258534 0.         0.         0.         0.92090508 0.         0.         0.         0.         0.        ],[0. 0. 0. 0. 1. 0. 0. 1. 1. 0. 1. 0. 0. 0. 0. 0. 0. 0. 0. 0. 0. 1. 0. 0. 0. 1. 0. 0. 0. 0. 0.],6.0,10000,30,0.6,10,1,6,,problem_solving
6300,0.01993893870806929,0.004850588972191141,0.4,-2.933949925571873,[0.         0.         0.         0.         0.02169399 0.         0.         0.01059358 0.01060793 0.         0.02361409 0.         0.         0.         0.         0.         0.         0.         0.         0.         0.         0.01258534 0.         0.         0.         0.92090508 0.         0.         0.         0.         0.        ],[0. 0. 0. 0. 1. 0. 0. 1. 1. 0. 1. 0. 0. 0. 0. 0. 0. 0. 0. 0. 0. 1. 0. 0. 0. 1. 0. 0. 0. 0. 0.],6.0,10000,30,0.6,10,1,6,,problem_solving
6400,0.01993893870806929,0.004850588972191141,0.4,-6.890948311832138,[0.         0.         0.         0.         0.02169399 0.         0.         0.01059358 0.01060793 0.         0.02361409 0.         0.         0.         0.         0.         0.         0.         0.         0.         0.         0.01258534 0.         0.         0.         0.92090508 0.         0.         0.         0.         0.        ],[0. 0. 0. 0. 1. 0. 0. 1. 1. 0. 1. 0. 0. 0. 0. 0. 0. 0. 0. 0. 0. 1. 0. 0. 0. 1. 0. 0. 0. 0. 0.],6.0,10000,30,0.6,10,1,6,,problem_solving
6500,0.01993893870806929,0.004850588972191141,0.4,1.0997967287521047,[0.         0.         0.         0.         0.02169399 0.         0.         0.01059358 0.01060793 0.         0.02361409 0.         0.         0.         0.         0.         0.         0.         0.         0.         0.         0.01258534 0.         0.         0.         0.92090508 0.         0.         0.         0.         0.        ],[0. 0. 0. 0. 1. 0. 0. 1. 1. 0. 1. 0. 0. 0. 0. 0. 0. 0. 0. 0. 0. 1. 0. 0. 0. 1. 0. 0. 0. 0. 0.],6.0,10000,30,0.6,10,1,6,,problem_solving
6600,0.01993893870806929,0.004850588972191141,0.4,-16.878721535470795,[0.         0.         0.         0.         0.02169399 0.         0.         0.01059358 0.01060793 0.         0.02361409 0.         0.         0.         0.         0.         0.         0.         0.         0.         0.         0.01258534 0.         0.         0.         0.92090508 0.         0.         0.         0.         0.        ],[0. 0. 0. 0. 1. 0. 0. 1. 1. 0. 1. 0. 0. 0. 0. 0. 0. 0. 0. 0. 0. 1. 0. 0. 0. 1. 0. 0. 0. 0. 0.],6.0,10000,30,0.6,10,1,6,,problem_solving
6700,0.01993893870806929,0.004850588972191141,0.4,-9.473157114672784,[0.         0.         0.         0.         0.02169399 0.         0.         0.01059358 0.01060793 0.         0.02361409 0.         0.         0.         0.         0.         0.         0.         0.         0.         0.         0.01258534 0.         0.         0.         0.92090508 0.         0.         0.         0.         0.        ],[0. 0. 0. 0. 1. 0. 0. 1. 1. 0. 1. 0. 0. 0. 0. 0. 0. 0. 0. 0. 0. 1. 0. 0. 0. 1. 0. 0. 0. 0. 0.],6.0,10000,30,0.6,10,1,6,,problem_solving
6800,0.01993893870806929,0.004850588972191141,0.4,-3.733182743767755,[0.         0.         0.         0.         0.02169399 0.         0.         0.01059358 0.01060793 0.         0.02361409 0.         0.         0.         0.         0.         0.         0.         0.         0.         0.         0.01258534 0.         0.         0.         0.92090508 0.         0.         0.         0.         0.        ],[0. 0. 0. 0. 1. 0. 0. 1. 1. 0. 1. 0. 0. 0. 0. 0. 0. 0. 0. 0. 0. 1. 0. 0. 0. 1. 0. 0. 0. 0. 0.],6.0,10000,30,0.6,10,1,6,,problem_solving
6900,0.01993893870806929,0.004850588972191141,0.4,6.899295875892913,[0.         0.         0.         0.         0.02169399 0.         0.         0.01059358 0.01060793 0.         0.02361409 0.         0.         0.         0.         0.         0.         0.         0.         0.         0.         0.01258534 0.         0.         0.         0.92090508 0.         0.         0.         0.         0.        ],[0. 0. 0. 0. 1. 0. 0. 1. 1. 0. 1. 0. 0. 0. 0. 0. 0. 0. 0. 0. 0. 1. 0. 0. 0. 1. 0. 0. 0. 0. 0.],6.0,10000,30,0.6,10,1,6,,problem_solving
7000,0.0194097132408321,0.004613956712845339,0.4,11.856240288206152,[0.         0.         0.01054121 0.         0.         0.         0.         0.         0.01151765 0.         0.         0.         0.         0.         0.         0.         0.018621   0.         0.         0.         0.         0.01465802 0.         0.         0.         0.92886739 0.         0.         0.         0.01579473 0.        ],[0. 0. 1. 0. 0. 0. 0. 0. 1. 0. 0. 0. 0. 0. 0. 0. 1. 0. 0. 0. 0. 1. 0. 0. 0. 1. 0. 0. 0. 1. 0.],6.0,10000,30,0.6,10,1,6,,problem_solving
7100,0.0194097132408321,0.004613956712845339,0.4,-6.349012217547233,[0.         0.         0.01054121 0.         0.         0.         0.         0.         0.01151765 0.         0.         0.         0.         0.         0.         0.         0.018621   0.         0.         0.         0.         0.01465802 0.         0.         0.         0.92886739 0.         0.         0.         0.01579473 0.        ],[0. 0. 1. 0. 0. 0. 0. 0. 1. 0. 0. 0. 0. 0. 0. 0. 1. 0. 0. 0. 0. 1. 0. 0. 0. 1. 0. 0. 0. 1. 0.],6.0,10000,30,0.6,10,1,6,,problem_solving
7200,0.0194097132408321,0.004613956712845339,0.4,9.539315433824612,[0.         0.         0.01054121 0.         0.         0.         0.         0.         0.01151765 0.         0.         0.         0.         0.         0.         0.         0.018621   0.         0.         0.         0.         0.01465802 0.         0.         0.         0.92886739 0.         0.         0.         0.01579473 0.        ],[0. 0. 1. 0. 0. 0. 0. 0. 1. 0. 0. 0. 0. 0. 0. 0. 1. 0. 0. 0. 0. 1. 0. 0. 0. 1. 0. 0. 0. 1. 0.],6.0,10000,30,0.6,10,1,6,,problem_solving
7300,0.0194097132408321,0.004613956712845339,0.4,9.36145776795056,[0.         0.         0.01054121 0.         0.         0.         0.         0.         0.01151765 0.         0.         0.         0.         0.         0.         0.         0.018621   0.         0.         0.         0.         0.01465802 0.         0.         0.         0.92886739 0.         0.         0.         0.01579473 0.        ],[0. 0. 1. 0. 0. 0. 0. 0. 1. 0. 0. 0. 0. 0. 0. 0. 1. 0. 0. 0. 0. 1. 0. 0. 0. 1. 0. 0. 0. 1. 0.],6.0,10000,30,0.6,10,1,6,,problem_solving
7400,0.0194097132408321,0.004613956712845339,0.4,-0.20992595379113543,[0.         0.         0.01054121 0.         0.         0.         0.         0.         0.01151765 0.         0.         0.         0.         0.         0.         0.         0.018621   0.         0.         0.         0.         0.01465802 0.         0.         0.         0.92886739 0.         0.         0.         0.01579473 0.        ],[0. 0. 1. 0. 0. 0. 0. 0. 1. 0. 0. 0. 0. 0. 0. 0. 1. 0. 0. 0. 0. 1. 0. 0. 0. 1. 0. 0. 0. 1. 0.],6.0,10000,30,0.6,10,1,6,,problem_solving
7500,0.0194097132408321,0.004613956712845339,0.4,10.459393290034097,[0.         0.         0.01054121 0.         0.         0.         0.         0.         0.01151765 0.         0.         0.         0.         0.         0.         0.         0.018621   0.         0.         0.         0.         0.01465802 0.         0.         0.         0.92886739 0.         0.         0.         0.01579473 0.        ],[0. 0. 1. 0. 0. 0. 0. 0. 1. 0. 0. 0. 0. 0. 0. 0. 1. 0. 0. 0. 0. 1. 0. 0. 0. 1. 0. 0. 0. 1. 0.],6.0,10000,30,0.6,10,1,6,,problem_solving
7600,0.0194097132408321,0.004613956712845339,0.4,-14.736601537044454,[0.         0.         0.01054121 0.         0.         0.         0.         0.         0.01151765 0.         0.         0.         0.         0.         0.         0.         0.018621   0.         0.         0.         0.         0.01465802 0.         0.         0.         0.92886739 0.         0.         0.         0.01579473 0.        ],[0. 0. 1. 0. 0. 0. 0. 0. 1. 0. 0. 0. 0. 0. 0. 0. 1. 0. 0. 0. 0. 1. 0. 0. 0. 1. 0. 0. 0. 1. 0.],6.0,10000,30,0.6,10,1,6,,problem_solving
7700,0.0194097132408321,0.004613956712845339,0.4,-6.002130357299052,[0.         0.         0.01054121 0.         0.         0.         0.         0.         0.01151765 0.         0.         0.         0.         0.         0.         0.         0.018621   0.         0.         0.         0.         0.01465802 0.         0.         0.         0.92886739 0.         0.         0.         0.01579473 0.        ],[0. 0. 1. 0. 0. 0. 0. 0. 1. 0. 0. 0. 0. 0. 0. 0. 1. 0. 0. 0. 0. 1. 0. 0. 0. 1. 0. 0. 0. 1. 0.],6.0,10000,30,0.6,10,1,6,,problem_solving
7800,0.0194097132408321,0.004613956712845339,0.4,-8.41285194199284,[0.         0.         0.01054121 0.         0.         0.         0.         0.         0.01151765 0.         0.         0.         0.         0.         0.         0.         0.018621   0.         0.         0.         0.         0.01465802 0.         0.         0.         0.92886739 0.         0.         0.         0.01579473 0.        ],[0. 0. 1. 0. 0. 0. 0. 0. 1. 0. 0. 0. 0. 0. 0. 0. 1. 0. 0. 0. 0. 1. 0. 0. 0. 1. 0. 0. 0. 1. 0.],6.0,10000,30,0.6,10,1,6,,problem_solving
7900,0.0194097132408321,0.004613956712845339,0.4,-8.747952366879936,[0.         0.         0.01054121 0.         0.         0.         0.         0.         0.01151765 0.         0.         0.         0.         0.         0.         0.         0.018621   0.         0.         0.         0.         0.01465802 0.         0.         0.         0.92886739 0.         0.         0.         0.01579473 0.        ],[0. 0. 1. 0. 0. 0. 0. 0. 1. 0. 0. 0. 0. 0. 0. 0. 1. 0. 0. 0. 0. 1. 0. 0. 0. 1. 0. 0. 0. 1. 0.],6.0,10000,30,0.6,10,1,6,,problem_solving
8000,0.019379245652683237,0.004714879033340548,0.4,4.379120626351237,[0.02434709 0.         0.         0.         0.01315098 0.         0.         0.01071112 0.         0.         0.         0.         0.         0.         0.01320338 0.         0.01415023 0.         0.         0.         0.         0.         0.         0.         0.         0.92443721 0.         0.         0.         0.         0.        ],[1. 0. 0. 0. 1. 0. 0. 1. 0. 0. 0. 0. 0. 0. 1. 0. 1. 0. 0. 0. 0. 0. 0. 0. 0. 1. 0. 0. 0. 0. 0.],6.0,10000,30,0.6,10,1,6,,problem_solving
8100,0.019379245652683237,0.004714879033340548,0.4,-10.56834830718562,[0.02434709 0.         0.         0.         0.01315098 0.         0.         0.01071112 0.         0.         0.         0.         0.         0.         0.01320338 0.         0.01415023 0.         0.         0.         0.         0.         0.         0.         0.         0.92443721 0.         0.         0.         0.         0.        ],[1. 0. 0. 0. 1. 0. 0. 1. 0. 0. 0. 0. 0. 0. 1. 0. 1. 0. 0. 0. 0. 0. 0. 0. 0. 1. 0. 0. 0. 0. 0.],6.0,10000,30,0.6,10,1,6,,problem_solving
8200,0.019379245652683237,0.004714879033340548,0.4,-13.106118116542092,[0.02434709 0.         0.         0.         0.01315098 0.         0.         0.01071112 0.         0.         0.         0.         0.         0.         0.01320338 0.         0.01415023 0.         0.         0.         0.         0.         0.         0.         0.         0.92443721 0.         0.         0.         0.         0.        ],[1. 0. 0. 0. 1. 0. 0. 1. 0. 0. 0. 0. 0. 0. 1. 0. 1. 0. 0. 0. 0. 0. 0. 0. 0. 1. 0. 0. 0. 0. 0.],6.0,10000,30,0.6,10,1,6,,problem_solving
8300,0.019379245652683237,0.004714879033340548,0.4,-1.6165003109128198,[0.02434709 0.         0.         0.         0.01315098 0.         0.         0.01071112 0.         0.         0.         0.         0.         0.         0.01320338 0.         0.01415023 0.         0.         0.         0.         0.         0.         0.         0.         0.92443721 0.         0.         0.         0.         0.        ],[1. 0. 0. 0. 1. 0. 0. 1. 0. 0. 0. 0. 0. 0. 1. 0. 1. 0. 0. 0. 0. 0. 0. 0. 0. 1. 0. 0. 0. 0. 0.],6.0,10000,30,0.6,10,1,6,,problem_solving
8400,0.019379245652683237,0.004714879033340548,0.4,16.128380643978485,[0.02434709 0.         0.         0.         0.01315098 0.         0.         0.01071112 0.         0.         0.         0.         0.         0.         0.01320338 0.         0.01415023 0.         0.         0.         0.         0.         0.         0.         0.         0.92443721 0.         0.         0.         0.         0.        ],[1. 0. 0. 0. 1. 0. 0. 1. 0. 0. 0. 0. 0. 0. 1. 0. 1. 0. 0. 0. 0. 0. 0. 0. 0. 1. 0. 0. 0. 0. 0.],6.0,10000,30,0.6,10,1,6,,problem_solving
8500,0.019379245652683237,0.004714879033340548,0.4,5.371819641684334,[0.02434709 0.         0.         0.         0.01315098 0.         0.         0.01071112 0.         0.         0.         0.         0.         0.         0.01320338 0.         0.01415023 0.         0.         0.         0.         0.         0.         0.         0.         0.92443721 0.         0.         0.         0.         0.        ],[1. 0. 0. 0. 1. 0. 0. 1. 0. 0. 0. 0. 0. 0. 1. 0. 1. 0. 0. 0. 0. 0. 0. 0. 0. 1. 0. 0. 0. 0. 0.],6.0,10000,30,0.6,10,1,6,,problem_solving
8600,0.019379245652683237,0.004714879033340548,0.4,15.37797344360677,[0.02434709 0.         0.         0.         0.01315098 0.         0.         0.01071112 0.         0.         0.         0.         0.         0.         0.01320338 0.         0.01415023 0.         0.         0.         0.         0.         0.         0.         0.         0.92443721 0.         0.         0.         0.         0.        ],[1. 0. 0. 0. 1. 0. 0. 1. 0. 0. 0. 0. 0. 0. 1. 0. 1. 0. 0. 0. 0. 0. 0. 0. 0. 1. 0. 0. 0. 0. 0.],6.0,10000,30,0.6,10,1,6,,problem_solving
8700,0.019379245652683237,0.004714879033340548,0.4,-8.01821148878145,[0.02434709 0.         0.         0.         0.01315098 0.         0.         0.01071112 0.         0.         0.         0.         0.         0.         0.01320338 0.         0.01415023 0.         0.         0.         0.         0.         0.         0.         0.         0.92443721 0.         0.         0.         0.         0.        ],[1. 0. 0. 0. 1. 0. 0. 1. 0. 0. 0. 0. 0. 0. 1. 0. 1. 0. 0. 0. 0. 0. 0. 0. 0. 1. 0. 0. 0. 0. 0.],6.0,10000,30,0.6,10,1,6,,problem_solving
8800,0.019379245652683237,0.004714879033340548,0.4,22.28567995795047,[0.02434709 0.         0.         0.         0.01315098 0.         0.         0.01071112 0.         0.         0.         0.         0.         0.         0.01320338 0.         0.01415023 0.         0.         0.         0.         0.         0.         0.         0.         0.92443721 0.         0.         0.         0.         0.        ],[1. 0. 0. 0. 1. 0. 0. 1. 0. 0. 0. 0. 0. 0. 1. 0. 1. 0. 0. 0. 0. 0. 0. 0. 0. 1. 0. 0. 0. 0. 0.],6.0,10000,30,0.6,10,1,6,,problem_solving
8900,0.019379245652683237,0.004714879033340548,0.4,19.185537699835567,[0.02434709 0.         0.         0.         0.01315098 0.         0.         0.01071112 0.         0.         0.         0.         0.         0.         0.01320338 0.         0.01415023 0.         0.         0.         0.         0.         0.         0.         0.         0.92443721 0.         0.         0.         0.         0.        ],[1. 0. 0. 0. 1. 0. 0. 1. 0. 0. 0. 0. 0. 0. 1. 0. 1. 0. 0. 0. 0. 0. 0. 0. 0. 1. 0. 0. 0. 0. 0.],6.0,10000,30,0.6,10,1,6,,problem_solving
9000,0.019379245652683237,0.004714879033340548,0.4,-15.96400728305396,[0.02434709 0.         0.         0.         0.01315098 0.         0.         0.01071112 0.         0.         0.         0.         0.         0.         0.01320338 0.         0.01415023 0.         0.         0.         0.         0.         0.         0.         0.         0.92443721 0.         0.         0.         0.         0.        ],[1. 0. 0. 0. 1. 0. 0. 1. 0. 0. 0. 0. 0. 0. 1. 0. 1. 0. 0. 0. 0. 0. 0. 0. 0. 1. 0. 0. 0. 0. 0.],6.0,10000,30,0.6,10,1,6,,problem_solving
9100,0.019379245652683237,0.004714879033340548,0.4,0.97951558746332,[0.02434709 0.         0.         0.         0.01315098 0.         0.         0.01071112 0.         0.         0.         0.         0.         0.         0.01320338 0.         0.01415023 0.         0.         0.         0.         0.         0.         0.         0.         0.92443721 0.         0.         0.         0.         0.        ],[1. 0. 0. 0. 1. 0. 0. 1. 0. 0. 0. 0. 0. 0. 1. 0. 1. 0. 0. 0. 0. 0. 0. 0. 0. 1. 0. 0. 0. 0. 0.],6.0,10000,30,0.6,10,1,6,,problem_solving
9200,0.019379245652683237,0.004714879033340548,0.4,8.85831005383226,[0.02434709 0.         0.         0.         0.01315098 0.         0.         0.01071112 0.         0.         0.         0.         0.         0.         0.01320338 0.         0.01415023 0.         0.         0.         0.         0.         0.         0.         0.         0.92443721 0.         0.         0.         0.         0.        ],[1. 0. 0. 0. 1. 0. 0. 1. 0. 0. 0. 0. 0. 0. 1. 0. 1. 0. 0. 0. 0. 0. 0. 0. 0. 1. 0. 0. 0. 0. 0.],6.0,10000,30,0.6,10,1,6,,problem_solving
9300,0.019379245652683237,0.004714879033340548,0.4,9.164372246025806,[0.02434709 0.         0.         0.         0.01315098 0.         0.         0.01071112 0.         0.         0.         0.         0.         0.         0.01320338 0.         0.01415023 0.         0.         0.         0.         0.         0.         0.         0.         0.92443721 0.         0.         0.         0.         0.        ],[1. 0. 0. 0. 1. 0. 0. 1. 0. 0. 0. 0. 0. 0. 1. 0. 1. 0. 0. 0. 0. 0. 0. 0. 0. 1. 0. 0. 0. 0. 0.],6.0,10000,30,0.6,10,1,6,,problem_solving
9400,0.019379245652683237,0.004714879033340548,0.4,1.1940511403993805,[0.02434709 0.         0.         0.         0.01315098 0.         0.         0.01071112 0.         0.         0.         0.         0.         0.         0.01320338 0.         0.01415023 0.         0.         0.         0.         0.         0.         0.         0.         0.92443721 0.         0.         0.         0.         0.        ],[1. 0. 0. 0. 1. 0. 0. 1. 0. 0. 0. 0. 0. 0. 1. 0. 1. 0. 0. 0. 0. 0. 0. 0. 0. 1. 0. 0. 0. 0. 0.],6.0,10000,30,0.6,10,1,6,,problem_solving
9500,0.019379245652683237,0.004714879033340548,0.4,-1.9034668420486065,[0.02434709 0.         0.         0.         0.01315098 0.         0.         0.01071112 0.         0.         0.         0.         0.         0.         0.01320338 0.         0.01415023 0.         0.         0.         0.         0.         0.         0.         0.         0.92443721 0.         0.         0.         0.         0.        ],[1. 0. 0. 0. 1. 0. 0. 1. 0. 0. 0. 0. 0. 0. 1. 0. 1. 0. 0. 0. 0. 0. 0. 0. 0. 1. 0. 0. 0. 0. 0.],6.0,10000,30,0.6,10,1,6,,problem_solving
9600,0.019379245652683237,0.004714879033340548,0.4,6.658035554582796,[0.02434709 0.         0.         0.         0.01315098 0.         0.         0.01071112 0.         0.         0.         0.         0.         0.         0.01320338 0.         0.01415023 0.         0.         0.         0.         0.         0.         0.         0.         0.92443721 0.         0.         0.         0.         0.        ],[1. 0. 0. 0. 1. 0. 0. 1. 0. 0. 0. 0. 0. 0. 1. 0. 1. 0. 0. 0. 0. 0. 0. 0. 0. 1. 0. 0. 0. 0. 0.],6.0,10000,30,0.6,10,1,6,,problem_solving
9700,0.019379245652683237,0.004714879033340548,0.4,-1.1782724138640135,[0.02434709 0.         0.         0.         0.01315098 0.         0.         0.01071112 0.         0.         0.         0.         0.         0.         0.01320338 0.         0.01415023 0.         0.         0.         0.         0.         0.         0.         0.         0.92443721 0.         0.         0.         0.         0.        ],[1. 0. 0. 0. 1. 0. 0. 1. 0. 0. 0. 0. 0. 0. 1. 0. 1. 0. 0. 0. 0. 0. 0. 0. 0. 1. 0. 0. 0. 0. 0.],6.0,10000,30,0.6,10,1,6,,problem_solving
9800,0.019379245652683237,0.004714879033340548,0.4,9.924791178742673,[0.02434709 0.         0.         0.         0.01315098 0.         0.         0.01071112 0.         0.         0.         0.         0.         0.         0.01320338 0.         0.01415023 0.         0.         0.         0.         0.         0.         0.         0.         0.92443721 0.         0.         0.         0.         0.        ],[1. 0. 0. 0. 1. 0. 0. 1. 0. 0. 0. 0. 0. 0. 1. 0. 1. 0. 0. 0. 0. 0. 0. 0. 0. 1. 0. 0. 0. 0. 0.],6.0,10000,30,0.6,10,1,6,,problem_solving
9900,0.019379245652683237,0.004714879033340548,0.4,-8.86324444162014,[0.02434709 0.         0.         0.         0.01315098 0.         0.         0.01071112 0.         0.         0.         0.         0.         0.         0.01320338 0.         0.01415023 0.         0.         0.         0.         0.         0.         0.         0.         0.92443721 0.         0.         0.         0.         0.        ],[1. 0. 0. 0. 1. 0. 0. 1. 0. 0. 0. 0. 0. 0. 1. 0. 1. 0. 0. 0. 0. 0. 0. 0. 0. 1. 0. 0. 0. 0. 0.],6.0,10000,30,0.6,10,1,6,,problem_solving
9999,0.019379245652683237,0.004714879033340548,0.4,14.113845289048626,[0.02434709 0.         0.         0.         0.01315098 0.         0.         0.01071112 0.         0.         0.         0.         0.         0.         0.01320338 0.         0.01415023 0.         0.         0.         0.         0.         0.         0.         0.         0.92443721 0.         0.         0.         0.         0.        ],[1. 0. 0. 0. 1. 0. 0. 1. 0. 0. 0. 0. 0. 0. 1. 0. 1. 0. 0. 0. 0. 0. 0. 0. 0. 1. 0. 0. 0. 0. 0.],6.0,10000,30,0.6,10,1,6,,problem_solving
