iter,cost,return,par,move,X,Z,Q,max_iter,mem_size,mem_consider,sigma,port_n,k,seed,tag
1,0.15564467903061352,0.004457298096540612,0.4,-0.8014062211209272,[0.01328098 0.         0.         0.         0.         0.01510288 0.         0.         0.         0.         0.         0.         0.01038959 0.         0.         0.         0.         0.         0.01471656 0.         0.         0.         0.01067169 0.01425578 0.         0.89460038 0.         0.01561926 0.01136287 0.         0.        ],[1. 0. 0. 0. 0. 1. 0. 0. 0. 0. 0. 0. 1. 0. 0. 0. 0. 0. 1. 0. 0. 0. 1. 1. 0. 1. 0. 1. 1. 0. 0.],9.0,10000,30,0.6,10,1,9,,problem_solving
100,0.040784529135484256,0.00448198728617831,0.4,5.998603385564222,[0.         0.01296188 0.         0.         0.015096   0.         0.         0.         0.         0.         0.         0.02277209 0.         0.01981887 0.01256577 0.         0.         0.         0.         0.         0.         0.         0.         0.01080981 0.         0.87600341 0.         0.01765518 0.         0.01231698 0.        ],[0. 1. 0. 0. 1. 0. 0. 0. 0. 0. 0. 1. 0. 1. 1. 0. 0. 0. 0. 0. 0. 0. 0. 1. 0. 1. 0. 1. 0. 1. 0.],9.0,10000,30,0.6,10,1,9,,problem_solving
200,0.040784529135484256,0.00448198728617831,0.4,8.031782674099082,[0.         0.01296188 0.         0.         0.015096   0.         0.         0.         0.         0.         0.         0.02277209 0.         0.01981887 0.01256577 0.         0.         0.         0.         0.         0.         0.         0.         0.01080981 0.         0.87600341 0.         0.01765518 0.         0.01231698 0.        ],[0. 1. 0. 0. 1. 0. 0. 0. 0. 0. 0. 1. 0. 1. 1. 0. 0. 0. 0. 0. 0. 0. 0. 1. 0. 1. 0. 1. 0. 1. 0.],9.0,10000,30,0.6,10,1,9,,problem_solving
300,0.040784529135484256,0.00448198728617831,0.4,-11.756147033847032,[0.         0.01296188 0.         0.         0.015096   0.         0.         0.         0.         0.         0.         0.02277209 0.         0.01981887 0.01256577 0.         0.         0.         0.         0.         0.         0.         0.         0.01080981 0.         0.87600341 0.         0.01765518 0.         0.01231698 0.        ],[0. 1. 0. 0. 1. 0. 0. 0. 0. 0. 0. 1. 0. 1. 1. 0. 0. 0. 0. 0. 0. 0. 0. 1. 0. 1. 0. 1. 0. 1. 0.],9.0,10000,30,0.6,10,1,9,,problem_solving
400,0.040784529135484256,0.00448198728617831,0.4,-16.74267333283731,[0.         0.01296188 0.         0.         0.015096   0.         0.         0.         0.         0.         0.         0.02277209 0.         0.01981887 0.01256577 0.         0.         0.         0.         0.         0.         0.         0.         0.01080981 0.         0.87600341 0.         0.01765518 0.         0.01231698 0.        ],[0. 1. 0. 0. 1. 0. 0. 0. 0. 0. 0. 1. 0. 1. 1. 0. 0. 0. 0. 0. 0. 0. 0. 1. 0. 1. 0. 1. 0. 1. 0.],9.0,10000,30,0.6,10,1,9,,problem_solving
500,0.040784529135484256,0.00448198728617831,0.4,-1.7393577691143058,[0.         0.01296188 0.         0.         0.015096   0.         0.         0.         0.         0.         0.         0.02277209 0.         0.01981887 0.01256577 0.         0.         0.         0.         0.         0.         0.         0.         0.01080981 0.         0.87600341 0.         0.01765518 0.         0.01231698 0.        ],[0. 1. 0. 0. 1. 0. 0. 0. 0. 0. 0. 1. 0. 1. 1. 0. 0. 0. 0. 0. 0. 0. 0. 1. 0. 1. 0. 1. 0. 1. 0.],9.0,10000,30,0.6,10,1,9,,problem_solving
600,0.040784529135484256,0.00448198728617831,0.4,-1.5371198214642918,[0.         0.01296188 0.         0.         0.015096   0.         0.         0.         0.         0.         0.         0.02277209 0.         0.01981887 0.01256577 0.         0.         0.         0.         0.         0.         0.         0.         0.01080981 0.         0.87600341 0.         0.01765518 0.         0.01231698 0.        ],[0. 1. 0. 0. 1. 0. 0. 0. 0. 0. 0. 1. 0. 1. 1. 0. 0. 0. 0. 0. 0. 0. 0. 1. 0. 1. 0. 1. 0. 1. 0.],9.0,10000,30,0.6,10,1,9,,problem_solving
700,0.040784529135484256,0.00448198728617831,0.4,0.3568443291339821,[0.         0.01296188 0.         0.         0.015096   0.         0.         0.         0.         0.         0.         0.02277209 0.         0.01981887 0.01256577 0.         0.         0.         0.         0.         0.         0.         0.         0.01080981 0.         0.87600341 0.         0.01765518 0.         0.01231698 0.        ],[0. 1. 0. 0. 1. 0. 0. 0. 0. 0. 0. 1. 0. 1. 1. 0. 0. 0. 0. 0. 0. 0. 0. 1. 0. 1. 0. 1. 0. 1. 0.],9.0,10000,30,0.6,10,1,9,,problem_solving
800,0.040784529135484256,0.00448198728617831,0.4,13.59032708795784,[0.         0.01296188 0.         0.         0.015096   0.         0.         0.         0.         0.         0.         0.02277209 0.         0.01981887 0.01256577 0.         0.         0.         0.         0.         0.         0.         0.         0.01080981 0.         0.87600341 0.         0.01765518 0.         0.01231698 0.        ],[0. 1. 0. 0. 1. 0. 0. 0. 0. 0. 0. 1. 0. 1. 1. 0. 0. 0. 0. 0. 0. 0. 0. 1. 0. 1. 0. 1. 0. 1. 0.],9.0,10000,30,0.6,10,1,9,,problem_solving
900,0.03448090748130681,0.004681084261307715,0.4,-14.754089757279418,[0.         0.         0.         0.01090387 0.         0.         0.         0.         0.         0.         0.         0.01409099 0.         0.         0.         0.         0.         0.01312849 0.01063951 0.         0.         0.0142913  0.         0.0106031  0.         0.88922297 0.01915521 0.         0.01796457 0.         0.        ],[0. 0. 0. 1. 0. 0. 0. 0. 0. 0. 0. 1. 0. 0. 0. 0. 0. 1. 1. 0. 0. 1. 0. 1. 0. 1. 1. 0. 1. 0. 0.],9.0,10000,30,0.6,10,1,9,,problem_solving
1000,0.03448090748130681,0.004681084261307715,0.4,-3.251627324798967,[0.         0.         0.         0.01090387 0.         0.         0.         0.         0.         0.         0.         0.01409099 0.         0.         0.         0.         0.         0.01312849 0.01063951 0.         0.         0.0142913  0.         0.0106031  0.         0.88922297 0.01915521 0.         0.01796457 0.         0.        ],[0. 0. 0. 1. 0. 0. 0. 0. 0. 0. 0. 1. 0. 0. 0. 0. 0. 1. 1. 0. 0. 1. 0. 1. 0. 1. 1. 0. 1. 0. 0.],9.0,10000,30,0.6,10,1,9,,problem_solving
1100,0.03448090748130681,0.004681084261307715,0.4,12.188932848104027,[0.         0.         0.         0.01090387 0.         0.         0.         0.         0.         0.         0.         0.01409099 0.         0.         0.         0.         0.         0.01312849 0.01063951 0.         0.         0.0142913  0.         0.0106031  0.         0.88922297 0.01915521 0.         0.01796457 0.         0.        ],[0. 0. 0. 1. 0. 0. 0. 0. 0. 0. 0. 1. 0. 0. 0. 0. 0. 1. 1. 0. 0. 1. 0. 1. 0. 1. 1. 0. 1. 0. 0.],9.0,10000,30,0.6,10,1,9,,problem_solving
1200,0.03448090748130681,0.004681084261307715,0.4,7.9536409002378345,[0.         0.         0.         0.01090387 0.         0.         0.         0.         0.         0.         0.         0.01409099 0.         0.         0.         0.         0.         0.01312849 0.01063951 0.         0.         0.0142913  0.         0.0106031  0.         0.88922297 0.01915521 0.         0.01796457 0.         0.        ],[0. 0. 0. 1. 0. 0. 0. 0. 0. 0. 0. 1. 0. 0. 0. 0. 0. 1. 1. 0. 0. 1. 0. 1. 0. 1. 1. 0. 1. 0. 0.],9.0,10000,30,0.6,10,1,9,,problem_solving
1300,0.03448090748130681,0.004681084261307715,0.4,-9.966270707204572,[0.         0.         0.         0.01090387 0.         0.         0.         0.         0.         0.         0.         0.01409099 0.         0.         0.         0.         0.         0.01312849 0.01063951 0.         0.         0.0142913  0.         0.0106031  0.         0.88922297 0.01915521 0.         0.01796457 0.         0.        ],[0. 0. 0. 1. 0. 0. 0. 0. 0. 0. 0. 1. 0. 0. 0. 0. 0. 1. 1. 0. 0. 1. 0. 1. 0. 1. 1. 0. 1. 0. 0.],9.0,10000,30,0.6,10,1,9,,problem_solving
1400,0.03448090748130681,0.004681084261307715,0.4,-11.440761943827793,[0.         0.         0.         0.01090387 0.         0.         0.         0.         0.         0.         0.         0.01409099 0.         0.         0.         0.         0.         0.01312849 0.01063951 0.         0.         0.0142913  0.         0.0106031  0.         0.88922297 0.01915521 0.         0.01796457 0.         0.        ],[0. 0. 0. 1. 0. 0. 0. 0. 0. 0. 0. 1. 0. 0. 0. 0. 0. 1. 1. 0. 0. 1. 0. 1. 0. 1. 1. 0. 1. 0. 0.],9.0,10000,30,0.6,10,1,9,,problem_solving
1500,0.03361276402900782,0.004460913307816838,0.4,-14.950896177679958,[0.01172836 0.         0.         0.         0.         0.01634258 0.         0.         0.         0.01533696 0.         0.         0.         0.         0.         0.01634073 0.01689091 0.01546294 0.         0.         0.         0.         0.         0.01192228 0.         0.88171031 0.         0.         0.01426492 0.         0.        ],[1. 0. 0. 0. 0. 1. 0. 0. 0. 1. 0. 0. 0. 0. 0. 1. 1. 1. 0. 0. 0. 0. 0. 1. 0. 1. 0. 0. 1. 0. 0.],9.0,10000,30,0.6,10,1,9,,problem_solving
1600,0.033057432955324935,0.004776804233869625,0.4,-11.323596034450023,[0.         0.         0.         0.         0.01166713 0.         0.         0.         0.02052147 0.         0.         0.01418539 0.01129139 0.01408065 0.         0.         0.         0.         0.         0.         0.         0.01950638 0.02312294 0.         0.         0.8608416  0.         0.02478305 0.         0.         0.        ],[0. 0. 0. 0. 1. 0. 0. 0. 1. 0. 0. 1. 1. 1. 0. 0. 0. 0. 0. 0. 0. 1. 1. 0. 0. 1. 0. 1. 0. 0. 0.],9.0,10000,30,0.6,10,1,9,,problem_solving
1700,0.033057432955324935,0.004776804233869625,0.4,-1.802582012974401,[0.         0.         0.         0.         0.01166713 0.         0.         0.         0.02052147 0.         0.         0.01418539 0.01129139 0.01408065 0.         0.         0.         0.         0.         0.         0.         0.01950638 0.02312294 0.         0.         0.8608416  0.         0.02478305 0.         0.         0.        ],[0. 0. 0. 0. 1. 0. 0. 0. 1. 0. 0. 1. 1. 1. 0. 0. 0. 0. 0. 0. 0. 1. 1. 0. 0. 1. 0. 1. 0. 0. 0.],9.0,10000,30,0.6,10,1,9,,problem_solving
1800,0.033057432955324935,0.004776804233869625,0.4,12.733644704112708,[0.         0.         0.         0.         0.01166713 0.         0.         0.         0.02052147 0.         0.         0.01418539 0.01129139 0.01408065 0.         0.         0.         0.         0.         0.         0.         0.01950638 0.02312294 0.         0.         0.8608416  0.         0.02478305 0.         0.         0.        ],[0. 0. 0. 0. 1. 0. 0. 0. 1. 0. 0. 1. 1. 1. 0. 0. 0. 0. 0. 0. 0. 1. 1. 0. 0. 1. 0. 1. 0. 0. 0.],9.0,10000,30,0.6,10,1,9,,problem_solving
1900,0.033057432955324935,0.004776804233869625,0.4,1.6293641503275231,[0.         0.         0.         0.         0.01166713 0.         0.         0.         0.02052147 0.         0.         0.01418539 0.01129139 0.01408065 0.         0.         0.         0.         0.         0.         0.         0.01950638 0.02312294 0.         0.         0.8608416  0.         0.02478305 0.         0.         0.        ],[0. 0. 0. 0. 1. 0. 0. 0. 1. 0. 0. 1. 1. 1. 0. 0. 0. 0. 0. 0. 0. 1. 1. 0. 0. 1. 0. 1. 0. 0. 0.],9.0,10000,30,0.6,10,1,9,,problem_solving
2000,0.033057432955324935,0.004776804233869625,0.4,-3.128585095510398,[0.         0.         0.         0.         0.01166713 0.         0.         0.         0.02052147 0.         0.         0.01418539 0.01129139 0.01408065 0.         0.         0.         0.         0.         0.         0.         0.01950638 0.02312294 0.         0.         0.8608416  0.         0.02478305 0.         0.         0.        ],[0. 0. 0. 0. 1. 0. 0. 0. 1. 0. 0. 1. 1. 1. 0. 0. 0. 0. 0. 0. 0. 1. 1. 0. 0. 1. 0. 1. 0. 0. 0.],9.0,10000,30,0.6,10,1,9,,problem_solving
2100,0.033057432955324935,0.004776804233869625,0.4,-1.0130444160821754,[0.         0.         0.         0.         0.01166713 0.         0.         0.         0.02052147 0.         0.         0.01418539 0.01129139 0.01408065 0.         0.         0.         0.         0.         0.         0.         0.01950638 0.02312294 0.         0.         0.8608416  0.         0.02478305 0.         0.         0.        ],[0. 0. 0. 0. 1. 0. 0. 0. 1. 0. 0. 1. 1. 1. 0. 0. 0. 0. 0. 0. 0. 1. 1. 0. 0. 1. 0. 1. 0. 0. 0.],9.0,10000,30,0.6,10,1,9,,problem_solving
2200,0.033057432955324935,0.004776804233869625,0.4,-12.531469864595362,[0.         0.         0.         0.         0.01166713 0.         0.         0.         0.02052147 0.         0.         0.01418539 0.01129139 0.01408065 0.         0.         0.         0.         0.         0.         0.         0.01950638 0.02312294 0.         0.         0.8608416  0.         0.02478305 0.         0.         0.        ],[0. 0. 0. 0. 1. 0. 0. 0. 1. 0. 0. 1. 1. 1. 0. 0. 0. 0. 0. 0. 0. 1. 1. 0. 0. 1. 0. 1. 0. 0. 0.],9.0,10000,30,0.6,10,1,9,,problem_solving
2300,0.033057432955324935,0.004776804233869625,0.4,6.03661443444234,[0.         0.         0.         0.         0.01166713 0.         0.         0.         0.02052147 0.         0.         0.01418539 0.01129139 0.01408065 0.         0.         0.         0.         0.         0.         0.         0.01950638 0.02312294 0.         0.         0.8608416  0.         0.02478305 0.         0.         0.        ],[0. 0. 0. 0. 1. 0. 0. 0. 1. 0. 0. 1. 1. 1. 0. 0. 0. 0. 0. 0. 0. 1. 1. 0. 0. 1. 0. 1. 0. 0. 0.],9.0,10000,30,0.6,10,1,9,,problem_solving
2400,0.033057432955324935,0.004776804233869625,0.4,-11.089548633027619,[0.         0.         0.         0.         0.01166713 0.         0.         0.         0.02052147 0.         0.         0.01418539 0.01129139 0.01408065 0.         0.         0.         0.         0.         0.         0.         0.01950638 0.02312294 0.         0.         0.8608416  0.         0.02478305 0.         0.         0.        ],[0. 0. 0. 0. 1. 0. 0. 0. 1. 0. 0. 1. 1. 1. 0. 0. 0. 0. 0. 0. 0. 1. 1. 0. 0. 1. 0. 1. 0. 0. 0.],9.0,10000,30,0.6,10,1,9,,problem_solving
2500,0.033057432955324935,0.004776804233869625,0.4,2.9168147863150913,[0.         0.         0.         0.         0.01166713 0.         0.         0.         0.02052147 0.         0.         0.01418539 0.01129139 0.01408065 0.         0.         0.         0.         0.         0.         0.         0.01950638 0.02312294 0.         0.         0.8608416  0.         0.02478305 0.         0.         0.        ],[0. 0. 0. 0. 1. 0. 0. 0. 1. 0. 0. 1. 1. 1. 0. 0. 0. 0. 0. 0. 0. 1. 1. 0. 0. 1. 0. 1. 0. 0. 0.],9.0,10000,30,0.6,10,1,9,,problem_solving
2600,0.032277504305163164,0.004584127756846503,0.4,-3.1862511402511355,[0.         0.         0.         0.         0.         0.01395159 0.01980698 0.01900401 0.01523231 0.01074779 0.         0.         0.         0.         0.         0.0144308  0.         0.         0.         0.         0.         0.         0.         0.         0.         0.87530397 0.         0.02078349 0.         0.         0.01073907],[0. 0. 0. 0. 0. 1. 1. 1. 1. 1. 0. 0. 0. 0. 0. 1. 0. 0. 0. 0. 0. 0. 0. 0. 0. 1. 0. 1. 0. 0. 1.],9.0,10000,30,0.6,10,1,9,,problem_solving
2700,0.032277504305163164,0.004584127756846503,0.4,-3.3295817574832407,[0.         0.         0.         0.         0.         0.01395159 0.01980698 0.01900401 0.01523231 0.01074779 0.         0.         0.         0.         0.         0.0144308  0.         0.         0.         0.         0.         0.         0.         0.         0.         0.87530397 0.         0.02078349 0.         0.         0.01073907],[0. 0. 0. 0. 0. 1. 1. 1. 1. 1. 0. 0. 0. 0. 0. 1. 0. 0. 0. 0. 0. 0. 0. 0. 0. 1. 0. 1. 0. 0. 1.],9.0,10000,30,0.6,10,1,9,,problem_solving
2800,0.032277504305163164,0.004584127756846503,0.4,7.832510087484832,[0.         0.         0.         0.         0.         0.01395159 0.01980698 0.01900401 0.01523231 0.01074779 0.         0.         0.         0.         0.         0.0144308  0.         0.         0.         0.         0.         0.         0.         0.         0.         0.87530397 0.         0.02078349 0.         0.         0.01073907],[0. 0. 0. 0. 0. 1. 1. 1. 1. 1. 0. 0. 0. 0. 0. 1. 0. 0. 0. 0. 0. 0. 0. 0. 0. 1. 0. 1. 0. 0. 1.],9.0,10000,30,0.6,10,1,9,,problem_solving
2900,0.03139026021819855,0.0048153953103027185,0.4,27.13321569893205,[0.         0.01084412 0.         0.         0.01940283 0.01777666 0.         0.         0.01890784 0.         0.         0.         0.01151517 0.         0.01302094 0.         0.         0.01465746 0.         0.01827788 0.         0.         0.         0.         0.         0.87559709 0.         0.         0.         0.         0.        ],[0. 1. 0. 0. 1. 1. 0. 0. 1. 0. 0. 0. 1. 0. 1. 0. 0. 1. 0. 1. 0. 0. 0. 0. 0. 1. 0. 0. 0. 0. 0.],9.0,10000,30,0.6,10,1,9,,problem_solving
3000,0.03139026021819855,0.0048153953103027185,0.4,5.059734635481389,[0.         0.01084412 0.         0.         0.01940283 0.01777666 0.         0.         0.01890784 0.         0.         0.         0.01151517 0.         0.01302094 0.         0.         0.01465746 0.         0.01827788 0.         0.         0.         0.         0.         0.87559709 0.         0.         0.         0.         0.        ],[0. 1. 0. 0. 1. 1. 0. 0. 1. 0. 0. 0. 1. 0. 1. 0. 0. 1. 0. 1. 0. 0. 0. 0. 0. 1. 0. 0. 0. 0. 0.],9.0,10000,30,0.6,10,1,9,,problem_solving
3100,0.03139026021819855,0.0048153953103027185,0.4,-12.659598025919598,[0.         0.01084412 0.         0.         0.01940283 0.01777666 0.         0.         0.01890784 0.         0.         0.         0.01151517 0.         0.01302094 0.         0.         0.01465746 0.         0.01827788 0.         0.         0.         0.         0.         0.87559709 0.         0.         0.         0.         0.        ],[0. 1. 0. 0. 1. 1. 0. 0. 1. 0. 0. 0. 1. 0. 1. 0. 0. 1. 0. 1. 0. 0. 0. 0. 0. 1. 0. 0. 0. 0. 0.],9.0,10000,30,0.6,10,1,9,,problem_solving
3200,0.03139026021819855,0.0048153953103027185,0.4,-10.311727180227555,[0.         0.01084412 0.         0.         0.01940283 0.01777666 0.         0.         0.01890784 0.         0.         0.         0.01151517 0.         0.01302094 0.         0.         0.01465746 0.         0.01827788 0.         0.         0.         0.         0.         0.87559709 0.         0.         0.         0.         0.        ],[0. 1. 0. 0. 1. 1. 0. 0. 1. 0. 0. 0. 1. 0. 1. 0. 0. 1. 0. 1. 0. 0. 0. 0. 0. 1. 0. 0. 0. 0. 0.],9.0,10000,30,0.6,10,1,9,,problem_solving
3300,0.03139026021819855,0.0048153953103027185,0.4,-0.05344339099174187,[0.         0.01084412 0.         0.         0.01940283 0.01777666 0.         0.         0.01890784 0.         0.         0.         0.01151517 0.         0.01302094 0.         0.         0.01465746 0.         0.01827788 0.         0.         0.         0.         0.         0.87559709 0.         0.         0.         0.         0.        ],[0. 1. 0. 0. 1. 1. 0. 0. 1. 0. 0. 0. 1. 0. 1. 0. 0. 1. 0. 1. 0. 0. 0. 0. 0. 1. 0. 0. 0. 0. 0.],9.0,10000,30,0.6,10,1,9,,problem_solving
3400,0.03139026021819855,0.0048153953103027185,0.4,8.84426777475586,[0.         0.01084412 0.         0.         0.01940283 0.01777666 0.         0.         0.01890784 0.         0.         0.         0.01151517 0.         0.01302094 0.         0.         0.01465746 0.         0.01827788 0.         0.         0.         0.         0.         0.87559709 0.         0.         0.         0.         0.        ],[0. 1. 0. 0. 1. 1. 0. 0. 1. 0. 0. 0. 1. 0. 1. 0. 0. 1. 0. 1. 0. 0. 0. 0. 0. 1. 0. 0. 0. 0. 0.],9.0,10000,30,0.6,10,1,9,,problem_solving
3500,0.03139026021819855,0.0048153953103027185,0.4,5.246028965294242,[0.         0.01084412 0.         0.         0.01940283 0.01777666 0.         0.         0.01890784 0.         0.         0.         0.01151517 0.         0.01302094 0.         0.         0.01465746 0.         0.01827788 0.         0.         0.         0.         0.         0.87559709 0.         0.         0.         0.         0.        ],[0. 1. 0. 0. 1. 1. 0. 0. 1. 0. 0. 0. 1. 0. 1. 0. 0. 1. 0. 1. 0. 0. 0. 0. 0. 1. 0. 0. 0. 0. 0.],9.0,10000,30,0.6,10,1,9,,problem_solving
3600,0.02839654117381657,0.004607059424849853,0.4,13.4611575943981,[0.         0.         0.01090035 0.         0.         0.         0.         0.         0.02126032 0.         0.         0.         0.         0.01138895 0.01134516 0.012898   0.         0.         0.         0.         0.02387222 0.01116675 0.         0.         0.         0.88324506 0.         0.0139232  0.         0.         0.        ],[0. 0. 1. 0. 0. 0. 0. 0. 1. 0. 0. 0. 0. 1. 1. 1. 0. 0. 0. 0. 1. 1. 0. 0. 0. 1. 0. 1. 0. 0. 0.],9.0,10000,30,0.6,10,1,9,,problem_solving
3700,0.02839654117381657,0.004607059424849853,0.4,-3.8076087399834506,[0.         0.         0.01090035 0.         0.         0.         0.         0.         0.02126032 0.         0.         0.         0.         0.01138895 0.01134516 0.012898   0.         0.         0.         0.         0.02387222 0.01116675 0.         0.         0.         0.88324506 0.         0.0139232  0.         0.         0.        ],[0. 0. 1. 0. 0. 0. 0. 0. 1. 0. 0. 0. 0. 1. 1. 1. 0. 0. 0. 0. 1. 1. 0. 0. 0. 1. 0. 1. 0. 0. 0.],9.0,10000,30,0.6,10,1,9,,problem_solving
3800,0.02839654117381657,0.004607059424849853,0.4,8.421813580562205,[0.         0.         0.01090035 0.         0.         0.         0.         0.         0.02126032 0.         0.         0.         0.         0.01138895 0.01134516 0.012898   0.         0.         0.         0.         0.02387222 0.01116675 0.         0.         0.         0.88324506 0.         0.0139232  0.         0.         0.        ],[0. 0. 1. 0. 0. 0. 0. 0. 1. 0. 0. 0. 0. 1. 1. 1. 0. 0. 0. 0. 1. 1. 0. 0. 0. 1. 0. 1. 0. 0. 0.],9.0,10000,30,0.6,10,1,9,,problem_solving
3900,0.02839654117381657,0.004607059424849853,0.4,-2.307110680708635,[0.         0.         0.01090035 0.         0.         0.         0.         0.         0.02126032 0.         0.         0.         0.         0.01138895 0.01134516 0.012898   0.         0.         0.         0.         0.02387222 0.01116675 0.         0.         0.         0.88324506 0.         0.0139232  0.         0.         0.        ],[0. 0. 1. 0. 0. 0. 0. 0. 1. 0. 0. 0. 0. 1. 1. 1. 0. 0. 0. 0. 1. 1. 0. 0. 0. 1. 0. 1. 0. 0. 0.],9.0,10000,30,0.6,10,1,9,,problem_solving
4000,0.02839654117381657,0.004607059424849853,0.4,15.043727183669143,[0.         0.         0.01090035 0.         0.         0.         0.         0.         0.02126032 0.         0.         0.         0.         0.01138895 0.01134516 0.012898   0.         0.         0.         0.         0.02387222 0.01116675 0.         0.         0.         0.88324506 0.         0.0139232  0.         0.         0.        ],[0. 0. 1. 0. 0. 0. 0. 0. 1. 0. 0. 0. 0. 1. 1. 1. 0. 0. 0. 0. 1. 1. 0. 0. 0. 1. 0. 1. 0. 0. 0.],9.0,10000,30,0.6,10,1,9,,problem_solving
4100,0.02839654117381657,0.004607059424849853,0.4,-16.424292046466277,[0.         0.         0.01090035 0.         0.         0.         0.         0.         0.02126032 0.         0.         0.         0.         0.01138895 0.01134516 0.012898   0.         0.         0.         0.         0.02387222 0.01116675 0.         0.         0.         0.88324506 0.         0.0139232  0.         0.         0.        ],[0. 0. 1. 0. 0. 0. 0. 0. 1. 0. 0. 0. 0. 1. 1. 1. 0. 0. 0. 0. 1. 1. 0. 0. 0. 1. 0. 1. 0. 0. 0.],9.0,10000,30,0.6,10,1,9,,problem_solving
4200,0.02839654117381657,0.004607059424849853,0.4,-1.0395837875732306,[0.         0.         0.01090035 0.         0.         0.         0.         0.         0.02126032 0.         0.         0.         0.         0.01138895 0.01134516 0.012898   0.         0.         0.         0.         0.02387222 0.01116675 0.         0.         0.         0.88324506 0.         0.0139232  0.         0.         0.        ],[0. 0. 1. 0. 0. 0. 0. 0. 1. 0. 0. 0. 0. 1. 1. 1. 0. 0. 0. 0. 1. 1. 0. 0. 0. 1. 0. 1. 0. 0. 0.],9.0,10000,30,0.6,10,1,9,,problem_solving
4300,0.02839654117381657,0.004607059424849853,0.4,0.3577854861915109,[0.         0.         0.01090035 0.         0.         0.         0.         0.         0.02126032 0.         0.         0.         0.         0.01138895 0.01134516 0.012898   0.         0.         0.         0.         0.02387222 0.01116675 0.         0.         0.         0.88324506 0.         0.0139232  0.         0.         0.        ],[0. 0. 1. 0. 0. 0. 0. 0. 1. 0. 0. 0. 0. 1. 1. 1. 0. 0. 0. 0. 1. 1. 0. 0. 0. 1. 0. 1. 0. 0. 0.],9.0,10000,30,0.6,10,1,9,,problem_solving
4400,0.02839654117381657,0.004607059424849853,0.4,-12.157181037696148,[0.         0.         0.01090035 0.         0.         0.         0.         0.         0.02126032 0.         0.         0.         0.         0.01138895 0.01134516 0.012898   0.         0.         0.         0.         0.02387222 0.01116675 0.         0.         0.         0.88324506 0.         0.0139232  0.         0.         0.        ],[0. 0. 1. 0. 0. 0. 0. 0. 1. 0. 0. 0. 0. 1. 1. 1. 0. 0. 0. 0. 1. 1. 0. 0. 0. 1. 0. 1. 0. 0. 0.],9.0,10000,30,0.6,10,1,9,,problem_solving
4500,0.02839654117381657,0.004607059424849853,0.4,-12.84059716458773,[0.         0.         0.01090035 0.         0.         0.         0.         0.         0.02126032 0.         0.         0.         0.         0.01138895 0.01134516 0.012898   0.         0.         0.         0.         0.02387222 0.01116675 0.         0.         0.         0.88324506 0.         0.0139232  0.         0.         0.        ],[0. 0. 1. 0. 0. 0. 0. 0. 1. 0. 0. 0. 0. 1. 1. 1. 0. 0. 0. 0. 1. 1. 0. 0. 0. 1. 0. 1. 0. 0. 0.],9.0,10000,30,0.6,10,1,9,,problem_solving
4600,0.02839654117381657,0.004607059424849853,0.4,6.917764515174837,[0.         0.         0.01090035 0.         0.         0.         0.         0.         0.02126032 0.         0.         0.         0.         0.01138895 0.01134516 0.012898   0.         0.         0.         0.         0.02387222 0.01116675 0.         0.         0.         0.88324506 0.         0.0139232  0.         0.         0.        ],[0. 0. 1. 0. 0. 0. 0. 0. 1. 0. 0. 0. 0. 1. 1. 1. 0. 0. 0. 0. 1. 1. 0. 0. 0. 1. 0. 1. 0. 0. 0.],9.0,10000,30,0.6,10,1,9,,problem_solving
4700,0.02839654117381657,0.004607059424849853,0.4,-18.107833233745847,[0.         0.         0.01090035 0.         0.         0.         0.         0.         0.02126032 0.         0.         0.         0.         0.01138895 0.01134516 0.012898   0.         0.         0.         0.         0.02387222 0.01116675 0.         0.         0.         0.88324506 0.         0.0139232  0.         0.         0.        ],[0. 0. 1. 0. 0. 0. 0. 0. 1. 0. 0. 0. 0. 1. 1. 1. 0. 0. 0. 0. 1. 1. 0. 0. 0. 1. 0. 1. 0. 0. 0.],9.0,10000,30,0.6,10,1,9,,problem_solving
4800,0.02839654117381657,0.004607059424849853,0.4,9.50150823436979,[0.         0.         0.01090035 0.         0.         0.         0.         0.         0.02126032 0.         0.         0.         0.         0.01138895 0.01134516 0.012898   0.         0.         0.         0.         0.02387222 0.01116675 0.         0.         0.         0.88324506 0.         0.0139232  0.         0.         0.        ],[0. 0. 1. 0. 0. 0. 0. 0. 1. 0. 0. 0. 0. 1. 1. 1. 0. 0. 0. 0. 1. 1. 0. 0. 0. 1. 0. 1. 0. 0. 0.],9.0,10000,30,0.6,10,1,9,,problem_solving
4900,0.02839654117381657,0.004607059424849853,0.4,15.061675889926878,[0.         0.         0.01090035 0.         0.         0.         0.         0.         0.02126032 0.         0.         0.         0.         0.01138895 0.01134516 0.012898   0.         0.         0.         0.         0.02387222 0.01116675 0.         0.         0.         0.88324506 0.         0.0139232  0.         0.         0.        ],[0. 0. 1. 0. 0. 0. 0. 0. 1. 0. 0. 0. 0. 1. 1. 1. 0. 0. 0. 0. 1. 1. 0. 0. 0. 1. 0. 1. 0. 0. 0.],9.0,10000,30,0.6,10,1,9,,problem_solving
5000,0.02839654117381657,0.004607059424849853,0.4,7.690977591143556,[0.         0.         0.01090035 0.         0.         0.         0.         0.         0.02126032 0.         0.         0.         0.         0.01138895 0.01134516 0.012898   0.         0.         0.         0.         0.02387222 0.01116675 0.         0.         0.         0.88324506 0.         0.0139232  0.         0.         0.        ],[0. 0. 1. 0. 0. 0. 0. 0. 1. 0. 0. 0. 0. 1. 1. 1. 0. 0. 0. 0. 1. 1. 0. 0. 0. 1. 0. 1. 0. 0. 0.],9.0,10000,30,0.6,10,1,9,,problem_solving
5100,0.02839654117381657,0.004607059424849853,0.4,8.107845233072473,[0.         0.         0.01090035 0.         0.         0.         0.         0.         0.02126032 0.         0.         0.         0.         0.01138895 0.01134516 0.012898   0.         0.         0.         0.         0.02387222 0.01116675 0.         0.         0.         0.88324506 0.         0.0139232  0.         0.         0.        ],[0. 0. 1. 0. 0. 0. 0. 0. 1. 0. 0. 0. 0. 1. 1. 1. 0. 0. 0. 0. 1. 1. 0. 0. 0. 1. 0. 1. 0. 0. 0.],9.0,10000,30,0.6,10,1,9,,problem_solving
5200,0.02839654117381657,0.004607059424849853,0.4,8.508503180455685,[0.         0.         0.01090035 0.         0.         0.         0.         0.         0.02126032 0.         0.         0.         0.         0.01138895 0.01134516 0.012898   0.         0.         0.         0.         0.02387222 0.01116675 0.         0.         0.         0.88324506 0.         0.0139232  0.         0.         0.        ],[0. 0. 1. 0. 0. 0. 0. 0. 1. 0. 0. 0. 0. 1. 1. 1. 0. 0. 0. 0. 1. 1. 0. 0. 0. 1. 0. 1. 0. 0. 0.],9.0,10000,30,0.6,10,1,9,,problem_solving
5300,0.02839654117381657,0.004607059424849853,0.4,1.4799144474474424,[0.         0.         0.01090035 0.         0.         0.         0.         0.         0.02126032 0.         0.         0.         0.         0.01138895 0.01134516 0.012898   0.         0.         0.         0.         0.02387222 0.01116675 0.         0.         0.         0.88324506 0.         0.0139232  0.         0.         0.        ],[0. 0. 1. 0. 0. 0. 0. 0. 1. 0. 0. 0. 0. 1. 1. 1. 0. 0. 0. 0. 1. 1. 0. 0. 0. 1. 0. 1. 0. 0. 0.],9.0,10000,30,0.6,10,1,9,,problem_solving
5400,0.02839654117381657,0.004607059424849853,0.4,-13.465783317901817,[0.         0.         0.01090035 0.         0.         0.         0.         0.         0.02126032 0.         0.         0.         0.         0.01138895 0.01134516 0.012898   0.         0.         0.         0.         0.02387222 0.01116675 0.         0.         0.         0.88324506 0.         0.0139232  0.         0.         0.        ],[0. 0. 1. 0. 0. 0. 0. 0. 1. 0. 0. 0. 0. 1. 1. 1. 0. 0. 0. 0. 1. 1. 0. 0. 0. 1. 0. 1. 0. 0. 0.],9.0,10000,30,0.6,10,1,9,,problem_solving
5500,0.02839654117381657,0.004607059424849853,0.4,-20.401182833393158,[0.         0.         0.01090035 0.         0.         0.         0.         0.         0.02126032 0.         0.         0.         0.         0.01138895 0.01134516 0.012898   0.         0.         0.         0.         0.02387222 0.01116675 0.         0.         0.         0.88324506 0.         0.0139232  0.         0.         0.        ],[0. 0. 1. 0. 0. 0. 0. 0. 1. 0. 0. 0. 0. 1. 1. 1. 0. 0. 0. 0. 1. 1. 0. 0. 0. 1. 0. 1. 0. 0. 0.],9.0,10000,30,0.6,10,1,9,,problem_solving
5600,0.02839654117381657,0.004607059424849853,0.4,-5.29192881676137,[0.         0.         0.01090035 0.         0.         0.         0.         0.         0.02126032 0.         0.         0.         0.         0.01138895 0.01134516 0.012898   0.         0.         0.         0.         0.02387222 0.01116675 0.         0.         0.         0.88324506 0.         0.0139232  0.         0.         0.        ],[0. 0. 1. 0. 0. 0. 0. 0. 1. 0. 0. 0. 0. 1. 1. 1. 0. 0. 0. 0. 1. 1. 0. 0. 0. 1. 0. 1. 0. 0. 0.],9.0,10000,30,0.6,10,1,9,,problem_solving
5700,0.02839654117381657,0.004607059424849853,0.4,8.37762641057492,[0.         0.         0.01090035 0.         0.         0.         0.         0.         0.02126032 0.         0.         0.         0.         0.01138895 0.01134516 0.012898   0.         0.         0.         0.         0.02387222 0.01116675 0.         0.         0.         0.88324506 0.         0.0139232  0.         0.         0.        ],[0. 0. 1. 0. 0. 0. 0. 0. 1. 0. 0. 0. 0. 1. 1. 1. 0. 0. 0. 0. 1. 1. 0. 0. 0. 1. 0. 1. 0. 0. 0.],9.0,10000,30,0.6,10,1,9,,problem_solving
5800,0.02839654117381657,0.004607059424849853,0.4,-15.733041296398774,[0.         0.         0.01090035 0.         0.         0.         0.         0.         0.02126032 0.         0.         0.         0.         0.01138895 0.01134516 0.012898   0.         0.         0.         0.         0.02387222 0.01116675 0.         0.         0.         0.88324506 0.         0.0139232  0.         0.         0.        ],[0. 0. 1. 0. 0. 0. 0. 0. 1. 0. 0. 0. 0. 1. 1. 1. 0. 0. 0. 0. 1. 1. 0. 0. 0. 1. 0. 1. 0. 0. 0.],9.0,10000,30,0.6,10,1,9,,problem_solving
5900,0.02839654117381657,0.004607059424849853,0.4,-3.3387894061093997,[0.         0.         0.01090035 0.         0.         0.         0.         0.         0.02126032 0.         0.         0.         0.         0.01138895 0.01134516 0.012898   0.         0.         0.         0.         0.02387222 0.01116675 0.         0.         0.         0.88324506 0.         0.0139232  0.         0.         0.        ],[0. 0. 1. 0. 0. 0. 0. 0. 1. 0. 0. 0. 0. 1. 1. 1. 0. 0. 0. 0. 1. 1. 0. 0. 0. 1. 0. 1. 0. 0. 0.],9.0,10000,30,0.6,10,1,9,,problem_solving
6000,0.02839654117381657,0.004607059424849853,0.4,16.977429668209044,[0.         0.         0.01090035 0.         0.         0.         0.         0.         0.02126032 0.         0.         0.         0.         0.01138895 0.01134516 0.012898   0.         0.         0.         0.         0.02387222 0.01116675 0.         0.         0.         0.88324506 0.         0.0139232  0.         0.         0.        ],[0. 0. 1. 0. 0. 0. 0. 0. 1. 0. 0. 0. 0. 1. 1. 1. 0. 0. 0. 0. 1. 1. 0. 0. 0. 1. 0. 1. 0. 0. 0.],9.0,10000,30,0.6,10,1,9,,problem_solving
6100,0.02839654117381657,0.004607059424849853,0.4,-13.971538946711542,[0.         0.         0.01090035 0.         0.         0.         0.         0.         0.02126032 0.         0.         0.         0.         0.01138895 0.01134516 0.012898   0.         0.         0.         0.         0.02387222 0.01116675 0.         0.         0.         0.88324506 0.         0.0139232  0.         0.         0.        ],[0. 0. 1. 0. 0. 0. 0. 0. 1. 0. 0. 0. 0. 1. 1. 1. 0. 0. 0. 0. 1. 1. 0. 0. 0. 1. 0. 1. 0. 0. 0.],9.0,10000,30,0.6,10,1,9,,problem_solving
6200,0.02839654117381657,0.004607059424849853,0.4,6.424129116637424,[0.         0.         0.01090035 0.         0.         0.         0.         0.         0.02126032 0.         0.         0.         0.         0.01138895 0.01134516 0.012898   0.         0.         0.         0.         0.02387222 0.01116675 0.         0.         0.         0.88324506 0.         0.0139232  0.         0.         0.        ],[0. 0. 1. 0. 0. 0. 0. 0. 1. 0. 0. 0. 0. 1. 1. 1. 0. 0. 0. 0. 1. 1. 0. 0. 0. 1. 0. 1. 0. 0. 0.],9.0,10000,30,0.6,10,1,9,,problem_solving
6300,0.02839654117381657,0.004607059424849853,0.4,-13.367891965537757,[0.         0.         0.01090035 0.         0.         0.         0.         0.         0.02126032 0.         0.         0.         0.         0.01138895 0.01134516 0.012898   0.         0.         0.         0.         0.02387222 0.01116675 0.         0.         0.         0.88324506 0.         0.0139232  0.         0.         0.        ],[0. 0. 1. 0. 0. 0. 0. 0. 1. 0. 0. 0. 0. 1. 1. 1. 0. 0. 0. 0. 1. 1. 0. 0. 0. 1. 0. 1. 0. 0. 0.],9.0,10000,30,0.6,10,1,9,,problem_solving
6400,0.02839654117381657,0.004607059424849853,0.4,9.456943529829557,[0.         0.         0.01090035 0.         0.         0.         0.         0.         0.02126032 0.         0.         0.         0.         0.01138895 0.01134516 0.012898   0.         0.         0.         0.         0.02387222 0.01116675 0.         0.         0.         0.88324506 0.         0.0139232  0.         0.         0.        ],[0. 0. 1. 0. 0. 0. 0. 0. 1. 0. 0. 0. 0. 1. 1. 1. 0. 0. 0. 0. 1. 1. 0. 0. 0. 1. 0. 1. 0. 0. 0.],9.0,10000,30,0.6,10,1,9,,problem_solving
6500,0.02741326695008006,0.004663392524148551,0.4,-6.8504790570449625,[0.01328098 0.         0.         0.         0.         0.01510288 0.         0.         0.         0.         0.         0.         0.01038959 0.         0.         0.         0.         0.         0.01471656 0.         0.         0.         0.01067169 0.01425578 0.         0.89460038 0.         0.01561926 0.01136287 0.         0.        ],[1. 0. 0. 0. 0. 1. 0. 0. 0. 0. 0. 0. 1. 0. 0. 0. 0. 0. 1. 0. 0. 0. 1. 1. 0. 1. 0. 1. 1. 0. 0.],9.0,10000,30,0.6,10,1,9,,problem_solving
6600,0.02741326695008006,0.004663392524148551,0.4,11.548498763390192,[0.01328098 0.         0.         0.         0.         0.01510288 0.         0.         0.         0.         0.         0.         0.01038959 0.         0.         0.         0.         0.         0.01471656 0.         0.         0.         0.01067169 0.01425578 0.         0.89460038 0.         0.01561926 0.01136287 0.         0.        ],[1. 0. 0. 0. 0. 1. 0. 0. 0. 0. 0. 0. 1. 0. 0. 0. 0. 0. 1. 0. 0. 0. 1. 1. 0. 1. 0. 1. 1. 0. 0.],9.0,10000,30,0.6,10,1,9,,problem_solving
6700,0.02741326695008006,0.004663392524148551,0.4,-3.2294985940563796,[0.01328098 0.         0.         0.         0.         0.01510288 0.         0.         0.         0.         0.         0.         0.01038959 0.         0.         0.         0.         0.         0.01471656 0.         0.         0.         0.01067169 0.01425578 0.         0.89460038 0.         0.01561926 0.01136287 0.         0.        ],[1. 0. 0. 0. 0. 1. 0. 0. 0. 0. 0. 0. 1. 0. 0. 0. 0. 0. 1. 0. 0. 0. 1. 1. 0. 1. 0. 1. 1. 0. 0.],9.0,10000,30,0.6,10,1,9,,problem_solving
6800,0.02741326695008006,0.004663392524148551,0.4,13.948794510027229,[0.01328098 0.         0.         0.         0.         0.01510288 0.         0.         0.         0.         0.         0.         0.01038959 0.         0.         0.         0.         0.         0.01471656 0.         0.         0.         0.01067169 0.01425578 0.         0.89460038 0.         0.01561926 0.01136287 0.         0.        ],[1. 0. 0. 0. 0. 1. 0. 0. 0. 0. 0. 0. 1. 0. 0. 0. 0. 0. 1. 0. 0. 0. 1. 1. 0. 1. 0. 1. 1. 0. 0.],9.0,10000,30,0.6,10,1,9,,problem_solving
6900,0.02741326695008006,0.004663392524148551,0.4,-11.709558450191322,[0.01328098 0.         0.         0.         0.         0.01510288 0.         0.         0.         0.         0.         0.         0.01038959 0.         0.         0.         0.         0.         0.01471656 0.         0.         0.         0.01067169 0.01425578 0.         0.89460038 0.         0.01561926 0.01136287 0.         0.        ],[1. 0. 0. 0. 0. 1. 0. 0. 0. 0. 0. 0. 1. 0. 0. 0. 0. 0. 1. 0. 0. 0. 1. 1. 0. 1. 0. 1. 1. 0. 0.],9.0,10000,30,0.6,10,1,9,,problem_solving
7000,0.02741326695008006,0.004663392524148551,0.4,-12.145559780453583,[0.01328098 0.         0.         0.         0.         0.01510288 0.         0.         0.         0.         0.         0.         0.01038959 0.         0.         0.         0.         0.         0.01471656 0.         0.         0.         0.01067169 0.01425578 0.         0.89460038 0.         0.01561926 0.01136287 0.         0.        ],[1. 0. 0. 0. 0. 1. 0. 0. 0. 0. 0. 0. 1. 0. 0. 0. 0. 0. 1. 0. 0. 0. 1. 1. 0. 1. 0. 1. 1. 0. 0.],9.0,10000,30,0.6,10,1,9,,problem_solving
7100,0.02741326695008006,0.004663392524148551,0.4,5.35925057919587,[0.01328098 0.         0.         0.         0.         0.01510288 0.         0.         0.         0.         0.         0.         0.01038959 0.         0.         0.         0.         0.         0.01471656 0.         0.         0.         0.01067169 0.01425578 0.         0.89460038 0.         0.01561926 0.01136287 0.         0.        ],[1. 0. 0. 0. 0. 1. 0. 0. 0. 0. 0. 0. 1. 0. 0. 0. 0. 0. 1. 0. 0. 0. 1. 1. 0. 1. 0. 1. 1. 0. 0.],9.0,10000,30,0.6,10,1,9,,problem_solving
7200,0.02741326695008006,0.004663392524148551,0.4,-10.908461780673903,[0.01328098 0.         0.         0.         0.         0.01510288 0.         0.         0.         0.         0.         0.         0.01038959 0.         0.         0.         0.         0.         0.01471656 0.         0.         0.         0.01067169 0.01425578 0.         0.89460038 0.         0.01561926 0.01136287 0.         0.        ],[1. 0. 0. 0. 0. 1. 0. 0. 0. 0. 0. 0. 1. 0. 0. 0. 0. 0. 1. 0. 0. 0. 1. 1. 0. 1. 0. 1. 1. 0. 0.],9.0,10000,30,0.6,10,1,9,,problem_solving
7300,0.02741326695008006,0.004663392524148551,0.4,-1.3651235887490025,[0.01328098 0.         0.         0.         0.         0.01510288 0.         0.         0.         0.         0.         0.         0.01038959 0.         0.         0.         0.         0.         0.01471656 0.         0.         0.         0.01067169 0.01425578 0.         0.89460038 0.         0.01561926 0.01136287 0.         0.        ],[1. 0. 0. 0. 0. 1. 0. 0. 0. 0. 0. 0. 1. 0. 0. 0. 0. 0. 1. 0. 0. 0. 1. 1. 0. 1. 0. 1. 1. 0. 0.],9.0,10000,30,0.6,10,1,9,,problem_solving
7400,0.02741326695008006,0.004663392524148551,0.4,6.925697574164258,[0.01328098 0.         0.         0.         0.         0.01510288 0.         0.         0.         0.         0.         0.         0.01038959 0.         0.         0.         0.         0.         0.01471656 0.         0.         0.         0.01067169 0.01425578 0.         0.89460038 0.         0.01561926 0.01136287 0.         0.        ],[1. 0. 0. 0. 0. 1. 0. 0. 0. 0. 0. 0. 1. 0. 0. 0. 0. 0. 1. 0. 0. 0. 1. 1. 0. 1. 0. 1. 1. 0. 0.],9.0,10000,30,0.6,10,1,9,,problem_solving
7500,0.02741326695008006,0.004663392524148551,0.4,10.534259433402317,[0.01328098 0.         0.         0.         0.         0.01510288 0.         0.         0.         0.         0.         0.         0.01038959 0.         0.         0.         0.         0.         0.01471656 0.         0.         0.         0.01067169 0.01425578 0.         0.89460038 0.         0.01561926 0.01136287 0.         0.        ],[1. 0. 0. 0. 0. 1. 0. 0. 0. 0. 0. 0. 1. 0. 0. 0. 0. 0. 1. 0. 0. 0. 1. 1. 0. 1. 0. 1. 1. 0. 0.],9.0,10000,30,0.6,10,1,9,,problem_solving
7600,0.02741326695008006,0.004663392524148551,0.4,-12.496959037639353,[0.01328098 0.         0.         0.         0.         0.01510288 0.         0.         0.         0.         0.         0.         0.01038959 0.         0.         0.         0.         0.         0.01471656 0.         0.         0.         0.01067169 0.01425578 0.         0.89460038 0.         0.01561926 0.01136287 0.         0.        ],[1. 0. 0. 0. 0. 1. 0. 0. 0. 0. 0. 0. 1. 0. 0. 0. 0. 0. 1. 0. 0. 0. 1. 1. 0. 1. 0. 1. 1. 0. 0.],9.0,10000,30,0.6,10,1,9,,problem_solving
7700,0.02741326695008006,0.004663392524148551,0.4,-16.4934762543684,[0.01328098 0.         0.         0.         0.         0.01510288 0.         0.         0.         0.         0.         0.         0.01038959 0.         0.         0.         0.         0.         0.01471656 0.         0.         0.         0.01067169 0.01425578 0.         0.89460038 0.         0.01561926 0.01136287 0.         0.        ],[1. 0. 0. 0. 0. 1. 0. 0. 0. 0. 0. 0. 1. 0. 0. 0. 0. 0. 1. 0. 0. 0. 1. 1. 0. 1. 0. 1. 1. 0. 0.],9.0,10000,30,0.6,10,1,9,,problem_solving
7800,0.02741326695008006,0.004663392524148551,0.4,4.594903775062224,[0.01328098 0.         0.         0.         0.         0.01510288 0.         0.         0.         0.         0.         0.         0.01038959 0.         0.         0.         0.         0.         0.01471656 0.         0.         0.         0.01067169 0.01425578 0.         0.89460038 0.         0.01561926 0.01136287 0.         0.        ],[1. 0. 0. 0. 0. 1. 0. 0. 0. 0. 0. 0. 1. 0. 0. 0. 0. 0. 1. 0. 0. 0. 1. 1. 0. 1. 0. 1. 1. 0. 0.],9.0,10000,30,0.6,10,1,9,,problem_solving
7900,0.02741326695008006,0.004663392524148551,0.4,7.058074260389891,[0.01328098 0.         0.         0.         0.         0.01510288 0.         0.         0.         0.         0.         0.         0.01038959 0.         0.         0.         0.         0.         0.01471656 0.         0.         0.         0.01067169 0.01425578 0.         0.89460038 0.         0.01561926 0.01136287 0.         0.        ],[1. 0. 0. 0. 0. 1. 0. 0. 0. 0. 0. 0. 1. 0. 0. 0. 0. 0. 1. 0. 0. 0. 1. 1. 0. 1. 0. 1. 1. 0. 0.],9.0,10000,30,0.6,10,1,9,,problem_solving
8000,0.02741326695008006,0.004663392524148551,0.4,18.959589569365,[0.01328098 0.         0.         0.         0.         0.01510288 0.         0.         0.         0.         0.         0.         0.01038959 0.         0.         0.         0.         0.         0.01471656 0.         0.         0.         0.01067169 0.01425578 0.         0.89460038 0.         0.01561926 0.01136287 0.         0.        ],[1. 0. 0. 0. 0. 1. 0. 0. 0. 0. 0. 0. 1. 0. 0. 0. 0. 0. 1. 0. 0. 0. 1. 1. 0. 1. 0. 1. 1. 0. 0.],9.0,10000,30,0.6,10,1,9,,problem_solving
8100,0.02741326695008006,0.004663392524148551,0.4,22.49310503362434,[0.01328098 0.         0.         0.         0.         0.01510288 0.         0.         0.         0.         0.         0.         0.01038959 0.         0.         0.         0.         0.         0.01471656 0.         0.         0.         0.01067169 0.01425578 0.         0.89460038 0.         0.01561926 0.01136287 0.         0.        ],[1. 0. 0. 0. 0. 1. 0. 0. 0. 0. 0. 0. 1. 0. 0. 0. 0. 0. 1. 0. 0. 0. 1. 1. 0. 1. 0. 1. 1. 0. 0.],9.0,10000,30,0.6,10,1,9,,problem_solving
8200,0.02741326695008006,0.004663392524148551,0.4,-13.884153659357017,[0.01328098 0.         0.         0.         0.         0.01510288 0.         0.         0.         0.         0.         0.         0.01038959 0.         0.         0.         0.         0.         0.01471656 0.         0.         0.         0.01067169 0.01425578 0.         0.89460038 0.         0.01561926 0.01136287 0.         0.        ],[1. 0. 0. 0. 0. 1. 0. 0. 0. 0. 0. 0. 1. 0. 0. 0. 0. 0. 1. 0. 0. 0. 1. 1. 0. 1. 0. 1. 1. 0. 0.],9.0,10000,30,0.6,10,1,9,,problem_solving
8300,0.02741326695008006,0.004663392524148551,0.4,9.245220685768533,[0.01328098 0.         0.         0.         0.         0.01510288 0.         0.         0.         0.         0.         0.         0.01038959 0.         0.         0.         0.         0.         0.01471656 0.         0.         0.         0.01067169 0.01425578 0.         0.89460038 0.         0.01561926 0.01136287 0.         0.        ],[1. 0. 0. 0. 0. 1. 0. 0. 0. 0. 0. 0. 1. 0. 0. 0. 0. 0. 1. 0. 0. 0. 1. 1. 0. 1. 0. 1. 1. 0. 0.],9.0,10000,30,0.6,10,1,9,,problem_solving
8400,0.02741326695008006,0.004663392524148551,0.4,2.3268432099514813,[0.01328098 0.         0.         0.         0.         0.01510288 0.         0.         0.         0.         0.         0.         0.01038959 0.         0.         0.         0.         0.         0.01471656 0.         0.         0.         0.01067169 0.01425578 0.         0.89460038 0.         0.01561926 0.01136287 0.         0.        ],[1. 0. 0. 0. 0. 1. 0. 0. 0. 0. 0. 0. 1. 0. 0. 0. 0. 0. 1. 0. 0. 0. 1. 1. 0. 1. 0. 1. 1. 0. 0.],9.0,10000,30,0.6,10,1,9,,problem_solving
8500,0.02741326695008006,0.004663392524148551,0.4,3.1061403834181944,[0.01328098 0.         0.         0.         0.         0.01510288 0.         0.         0.         0.         0.         0.         0.01038959 0.         0.         0.         0.         0.         0.01471656 0.         0.         0.         0.01067169 0.01425578 0.         0.89460038 0.         0.01561926 0.01136287 0.         0.        ],[1. 0. 0. 0. 0. 1. 0. 0. 0. 0. 0. 0. 1. 0. 0. 0. 0. 0. 1. 0. 0. 0. 1. 1. 0. 1. 0. 1. 1. 0. 0.],9.0,10000,30,0.6,10,1,9,,problem_solving
8600,0.02741326695008006,0.004663392524148551,0.4,-2.8502061856653773,[0.01328098 0.         0.         0.         0.         0.01510288 0.         0.         0.         0.         0.         0.         0.01038959 0.         0.         0.         0.         0.         0.01471656 0.         0.         0.         0.01067169 0.01425578 0.         0.89460038 0.         0.01561926 0.01136287 0.         0.        ],[1. 0. 0. 0. 0. 1. 0. 0. 0. 0. 0. 0. 1. 0. 0. 0. 0. 0. 1. 0. 0. 0. 1. 1. 0. 1. 0. 1. 1. 0. 0.],9.0,10000,30,0.6,10,1,9,,problem_solving
8700,0.02741326695008006,0.004663392524148551,0.4,0.15693538392738346,[0.01328098 0.         0.         0.         0.         0.01510288 0.         0.         0.         0.         0.         0.         0.01038959 0.         0.         0.         0.         0.         0.01471656 0.         0.         0.         0.01067169 0.01425578 0.         0.89460038 0.         0.01561926 0.01136287 0.         0.        ],[1. 0. 0. 0. 0. 1. 0. 0. 0. 0. 0. 0. 1. 0. 0. 0. 0. 0. 1. 0. 0. 0. 1. 1. 0. 1. 0. 1. 1. 0. 0.],9.0,10000,30,0.6,10,1,9,,problem_solving
8800,0.02741326695008006,0.004663392524148551,0.4,-1.4003560840588452,[0.01328098 0.         0.         0.         0.         0.01510288 0.         0.         0.         0.         0.         0.         0.01038959 0.         0.         0.         0.         0.         0.01471656 0.         0.         0.         0.01067169 0.01425578 0.         0.89460038 0.         0.01561926 0.01136287 0.         0.        ],[1. 0. 0. 0. 0. 1. 0. 0. 0. 0. 0. 0. 1. 0. 0. 0. 0. 0. 1. 0. 0. 0. 1. 1. 0. 1. 0. 1. 1. 0. 0.],9.0,10000,30,0.6,10,1,9,,problem_solving
8900,0.02741326695008006,0.004663392524148551,0.4,4.38605385588768,[0.01328098 0.         0.         0.         0.         0.01510288 0.         0.         0.         0.         0.         0.         0.01038959 0.         0.         0.         0.         0.         0.01471656 0.         0.         0.         0.01067169 0.01425578 0.         0.89460038 0.         0.01561926 0.01136287 0.         0.        ],[1. 0. 0. 0. 0. 1. 0. 0. 0. 0. 0. 0. 1. 0. 0. 0. 0. 0. 1. 0. 0. 0. 1. 1. 0. 1. 0. 1. 1. 0. 0.],9.0,10000,30,0.6,10,1,9,,problem_solving
9000,0.02741326695008006,0.004663392524148551,0.4,8.917196267406773,[0.01328098 0.         0.         0.         0.         0.01510288 0.         0.         0.         0.         0.         0.         0.01038959 0.         0.         0.         0.         0.         0.01471656 0.         0.         0.         0.01067169 0.01425578 0.         0.89460038 0.         0.01561926 0.01136287 0.         0.        ],[1. 0. 0. 0. 0. 1. 0. 0. 0. 0. 0. 0. 1. 0. 0. 0. 0. 0. 1. 0. 0. 0. 1. 1. 0. 1. 0. 1. 1. 0. 0.],9.0,10000,30,0.6,10,1,9,,problem_solving
9100,0.02741326695008006,0.004663392524148551,0.4,-5.765943625194417,[0.01328098 0.         0.         0.         0.         0.01510288 0.         0.         0.         0.         0.         0.         0.01038959 0.         0.         0.         0.         0.         0.01471656 0.         0.         0.         0.01067169 0.01425578 0.         0.89460038 0.         0.01561926 0.01136287 0.         0.        ],[1. 0. 0. 0. 0. 1. 0. 0. 0. 0. 0. 0. 1. 0. 0. 0. 0. 0. 1. 0. 0. 0. 1. 1. 0. 1. 0. 1. 1. 0. 0.],9.0,10000,30,0.6,10,1,9,,problem_solving
9200,0.02741326695008006,0.004663392524148551,0.4,8.82094949624315,[0.01328098 0.         0.         0.         0.         0.01510288 0.         0.         0.         0.         0.         0.         0.01038959 0.         0.         0.         0.         0.         0.01471656 0.         0.         0.         0.01067169 0.01425578 0.         0.89460038 0.         0.01561926 0.01136287 0.         0.        ],[1. 0. 0. 0. 0. 1. 0. 0. 0. 0. 0. 0. 1. 0. 0. 0. 0. 0. 1. 0. 0. 0. 1. 1. 0. 1. 0. 1. 1. 0. 0.],9.0,10000,30,0.6,10,1,9,,problem_solving
9300,0.02741326695008006,0.004663392524148551,0.4,2.8421789245646503,[0.01328098 0.         0.         0.         0.         0.01510288 0.         0.         0.         0.         0.         0.         0.01038959 0.         0.         0.         0.         0.         0.01471656 0.         0.         0.         0.01067169 0.01425578 0.         0.89460038 0.         0.01561926 0.01136287 0.         0.        ],[1. 0. 0. 0. 0. 1. 0. 0. 0. 0. 0. 0. 1. 0. 0. 0. 0. 0. 1. 0. 0. 0. 1. 1. 0. 1. 0. 1. 1. 0. 0.],9.0,10000,30,0.6,10,1,9,,problem_solving
9400,0.02741326695008006,0.004663392524148551,0.4,8.935186089494888,[0.01328098 0.         0.         0.         0.         0.01510288 0.         0.         0.         0.         0.         0.         0.01038959 0.         0.         0.         0.         0.         0.01471656 0.         0.         0.         0.01067169 0.01425578 0.         0.89460038 0.         0.01561926 0.01136287 0.         0.        ],[1. 0. 0. 0. 0. 1. 0. 0. 0. 0. 0. 0. 1. 0. 0. 0. 0. 0. 1. 0. 0. 0. 1. 1. 0. 1. 0. 1. 1. 0. 0.],9.0,10000,30,0.6,10,1,9,,problem_solving
9500,0.02741326695008006,0.004663392524148551,0.4,-18.25469456130981,[0.01328098 0.         0.         0.         0.         0.01510288 0.         0.         0.         0.         0.         0.         0.01038959 0.         0.         0.         0.         0.         0.01471656 0.         0.         0.         0.01067169 0.01425578 0.         0.89460038 0.         0.01561926 0.01136287 0.         0.        ],[1. 0. 0. 0. 0. 1. 0. 0. 0. 0. 0. 0. 1. 0. 0. 0. 0. 0. 1. 0. 0. 0. 1. 1. 0. 1. 0. 1. 1. 0. 0.],9.0,10000,30,0.6,10,1,9,,problem_solving
9600,0.02741326695008006,0.004663392524148551,0.4,-15.033413874605323,[0.01328098 0.         0.         0.         0.         0.01510288 0.         0.         0.         0.         0.         0.         0.01038959 0.         0.         0.         0.         0.         0.01471656 0.         0.         0.         0.01067169 0.01425578 0.         0.89460038 0.         0.01561926 0.01136287 0.         0.        ],[1. 0. 0. 0. 0. 1. 0. 0. 0. 0. 0. 0. 1. 0. 0. 0. 0. 0. 1. 0. 0. 0. 1. 1. 0. 1. 0. 1. 1. 0. 0.],9.0,10000,30,0.6,10,1,9,,problem_solving
9700,0.02741326695008006,0.004663392524148551,0.4,2.297899192183061,[0.01328098 0.         0.         0.         0.         0.01510288 0.         0.         0.         0.         0.         0.         0.01038959 0.         0.         0.         0.         0.         0.01471656 0.         0.         0.         0.01067169 0.01425578 0.         0.89460038 0.         0.01561926 0.01136287 0.         0.        ],[1. 0. 0. 0. 0. 1. 0. 0. 0. 0. 0. 0. 1. 0. 0. 0. 0. 0. 1. 0. 0. 0. 1. 1. 0. 1. 0. 1. 1. 0. 0.],9.0,10000,30,0.6,10,1,9,,problem_solving
9800,0.02741326695008006,0.004663392524148551,0.4,7.799622635831819,[0.01328098 0.         0.         0.         0.         0.01510288 0.         0.         0.         0.         0.         0.         0.01038959 0.         0.         0.         0.         0.         0.01471656 0.         0.         0.         0.01067169 0.01425578 0.         0.89460038 0.         0.01561926 0.01136287 0.         0.        ],[1. 0. 0. 0. 0. 1. 0. 0. 0. 0. 0. 0. 1. 0. 0. 0. 0. 0. 1. 0. 0. 0. 1. 1. 0. 1. 0. 1. 1. 0. 0.],9.0,10000,30,0.6,10,1,9,,problem_solving
9900,0.02741326695008006,0.004663392524148551,0.4,-1.925907985426063,[0.01328098 0.         0.         0.         0.         0.01510288 0.         0.         0.         0.         0.         0.         0.01038959 0.         0.         0.         0.         0.         0.01471656 0.         0.         0.         0.01067169 0.01425578 0.         0.89460038 0.         0.01561926 0.01136287 0.         0.        ],[1. 0. 0. 0. 0. 1. 0. 0. 0. 0. 0. 0. 1. 0. 0. 0. 0. 0. 1. 0. 0. 0. 1. 1. 0. 1. 0. 1. 1. 0. 0.],9.0,10000,30,0.6,10,1,9,,problem_solving
9999,0.02741326695008006,0.004663392524148551,0.4,-5.981573597123322,[0.01328098 0.         0.         0.         0.         0.01510288 0.         0.         0.         0.         0.         0.         0.01038959 0.         0.         0.         0.         0.         0.01471656 0.         0.         0.         0.01067169 0.01425578 0.         0.89460038 0.         0.01561926 0.01136287 0.         0.        ],[1. 0. 0. 0. 0. 1. 0. 0. 0. 0. 0. 0. 1. 0. 0. 0. 0. 0. 1. 0. 0. 0. 1. 1. 0. 1. 0. 1. 1. 0. 0.],9.0,10000,30,0.6,10,1,9,,problem_solving
