iter,cost,return,par,move,X,Z,Q,max_iter,mem_size,mem_consider,sigma,port_n,k,seed,tag
1,0.11775524666510388,0.0053968093514501604,0.4,-2.0955459475903835,[0.         0.         0.         0.         0.         0.         0.         0.         0.         0.         0.         0.01085661 0.         0.         0.         0.         0.         0.         0.         0.         0.         0.01099207 0.         0.         0.         0.93711063 0.         0.         0.02123587 0.         0.01980482],[0. 0. 0. 0. 0. 0. 0. 0. 0. 0. 0. 1. 0. 0. 0. 0. 0. 0. 0. 0. 0. 1. 0. 0. 0. 1. 0. 0. 1. 0. 1.],5.0,10000,30,0.6,10,1,5,,problem_solving
100,0.026060957295593518,0.004532482448071326,0.4,17.697257071107174,[0.         0.         0.         0.         0.01139661 0.         0.         0.         0.         0.         0.         0.         0.         0.         0.         0.         0.02934666 0.         0.03495633 0.         0.         0.         0.01176828 0.         0.         0.91253212 0.         0.         0.         0.         0.        ],[0. 0. 0. 0. 1. 0. 0. 0. 0. 0. 0. 0. 0. 0. 0. 0. 1. 0. 1. 0. 0. 0. 1. 0. 0. 1. 0. 0. 0. 0. 0.],5.0,10000,30,0.6,10,1,5,,problem_solving
200,0.026060957295593518,0.004532482448071326,0.4,-23.53818170359199,[0.         0.         0.         0.         0.01139661 0.         0.         0.         0.         0.         0.         0.         0.         0.         0.         0.         0.02934666 0.         0.03495633 0.         0.         0.         0.01176828 0.         0.         0.91253212 0.         0.         0.         0.         0.        ],[0. 0. 0. 0. 1. 0. 0. 0. 0. 0. 0. 0. 0. 0. 0. 0. 1. 0. 1. 0. 0. 0. 1. 0. 0. 1. 0. 0. 0. 0. 0.],5.0,10000,30,0.6,10,1,5,,problem_solving
300,0.026060957295593518,0.004532482448071326,0.4,14.521269782450105,[0.         0.         0.         0.         0.01139661 0.         0.         0.         0.         0.         0.         0.         0.         0.         0.         0.         0.02934666 0.         0.03495633 0.         0.         0.         0.01176828 0.         0.         0.91253212 0.         0.         0.         0.         0.        ],[0. 0. 0. 0. 1. 0. 0. 0. 0. 0. 0. 0. 0. 0. 0. 0. 1. 0. 1. 0. 0. 0. 1. 0. 0. 1. 0. 0. 0. 0. 0.],5.0,10000,30,0.6,10,1,5,,problem_solving
400,0.02384328816782354,0.0045672937712722605,0.4,7.694916043562746,[0.         0.         0.02465999 0.         0.         0.         0.         0.         0.         0.         0.         0.         0.         0.01378107 0.01059656 0.         0.         0.         0.01060296 0.         0.         0.         0.         0.         0.         0.94035943 0.         0.         0.         0.         0.        ],[0. 0. 1. 0. 0. 0. 0. 0. 0. 0. 0. 0. 0. 1. 1. 0. 0. 0. 1. 0. 0. 0. 0. 0. 0. 1. 0. 0. 0. 0. 0.],5.0,10000,30,0.6,10,1,5,,problem_solving
500,0.02384328816782354,0.0045672937712722605,0.4,-3.9880836126836656,[0.         0.         0.02465999 0.         0.         0.         0.         0.         0.         0.         0.         0.         0.         0.01378107 0.01059656 0.         0.         0.         0.01060296 0.         0.         0.         0.         0.         0.         0.94035943 0.         0.         0.         0.         0.        ],[0. 0. 1. 0. 0. 0. 0. 0. 0. 0. 0. 0. 0. 1. 1. 0. 0. 0. 1. 0. 0. 0. 0. 0. 0. 1. 0. 0. 0. 0. 0.],5.0,10000,30,0.6,10,1,5,,problem_solving
600,0.02384328816782354,0.0045672937712722605,0.4,12.23910249038668,[0.         0.         0.02465999 0.         0.         0.         0.         0.         0.         0.         0.         0.         0.         0.01378107 0.01059656 0.         0.         0.         0.01060296 0.         0.         0.         0.         0.         0.         0.94035943 0.         0.         0.         0.         0.        ],[0. 0. 1. 0. 0. 0. 0. 0. 0. 0. 0. 0. 0. 1. 1. 0. 0. 0. 1. 0. 0. 0. 0. 0. 0. 1. 0. 0. 0. 0. 0.],5.0,10000,30,0.6,10,1,5,,problem_solving
700,0.02384328816782354,0.0045672937712722605,0.4,-12.088210934504236,[0.         0.         0.02465999 0.         0.         0.         0.         0.         0.         0.         0.         0.         0.         0.01378107 0.01059656 0.         0.         0.         0.01060296 0.         0.         0.         0.         0.         0.         0.94035943 0.         0.         0.         0.         0.        ],[0. 0. 1. 0. 0. 0. 0. 0. 0. 0. 0. 0. 0. 1. 1. 0. 0. 0. 1. 0. 0. 0. 0. 0. 0. 1. 0. 0. 0. 0. 0.],5.0,10000,30,0.6,10,1,5,,problem_solving
800,0.02384328816782354,0.0045672937712722605,0.4,-9.268615994175317,[0.         0.         0.02465999 0.         0.         0.         0.         0.         0.         0.         0.         0.         0.         0.01378107 0.01059656 0.         0.         0.         0.01060296 0.         0.         0.         0.         0.         0.         0.94035943 0.         0.         0.         0.         0.        ],[0. 0. 1. 0. 0. 0. 0. 0. 0. 0. 0. 0. 0. 1. 1. 0. 0. 0. 1. 0. 0. 0. 0. 0. 0. 1. 0. 0. 0. 0. 0.],5.0,10000,30,0.6,10,1,5,,problem_solving
900,0.02384328816782354,0.0045672937712722605,0.4,0.9708072873929569,[0.         0.         0.02465999 0.         0.         0.         0.         0.         0.         0.         0.         0.         0.         0.01378107 0.01059656 0.         0.         0.         0.01060296 0.         0.         0.         0.         0.         0.         0.94035943 0.         0.         0.         0.         0.        ],[0. 0. 1. 0. 0. 0. 0. 0. 0. 0. 0. 0. 0. 1. 1. 0. 0. 0. 1. 0. 0. 0. 0. 0. 0. 1. 0. 0. 0. 0. 0.],5.0,10000,30,0.6,10,1,5,,problem_solving
1000,0.020594347583912796,0.004698866096043374,0.4,25.07155203270178,[0.         0.         0.01738801 0.         0.         0.         0.         0.         0.         0.         0.         0.         0.0205469  0.         0.         0.         0.         0.         0.         0.         0.01305505 0.         0.02237672 0.         0.         0.92663332 0.         0.         0.         0.         0.        ],[0. 0. 1. 0. 0. 0. 0. 0. 0. 0. 0. 0. 1. 0. 0. 0. 0. 0. 0. 0. 1. 0. 1. 0. 0. 1. 0. 0. 0. 0. 0.],5.0,10000,30,0.6,10,1,5,,problem_solving
1100,0.020594347583912796,0.004698866096043374,0.4,9.307477788408402,[0.         0.         0.01738801 0.         0.         0.         0.         0.         0.         0.         0.         0.         0.0205469  0.         0.         0.         0.         0.         0.         0.         0.01305505 0.         0.02237672 0.         0.         0.92663332 0.         0.         0.         0.         0.        ],[0. 0. 1. 0. 0. 0. 0. 0. 0. 0. 0. 0. 1. 0. 0. 0. 0. 0. 0. 0. 1. 0. 1. 0. 0. 1. 0. 0. 0. 0. 0.],5.0,10000,30,0.6,10,1,5,,problem_solving
1200,0.020594347583912796,0.004698866096043374,0.4,-11.481730263296946,[0.         0.         0.01738801 0.         0.         0.         0.         0.         0.         0.         0.         0.         0.0205469  0.         0.         0.         0.         0.         0.         0.         0.01305505 0.         0.02237672 0.         0.         0.92663332 0.         0.         0.         0.         0.        ],[0. 0. 1. 0. 0. 0. 0. 0. 0. 0. 0. 0. 1. 0. 0. 0. 0. 0. 0. 0. 1. 0. 1. 0. 0. 1. 0. 0. 0. 0. 0.],5.0,10000,30,0.6,10,1,5,,problem_solving
1300,0.020594347583912796,0.004698866096043374,0.4,1.947849470183536,[0.         0.         0.01738801 0.         0.         0.         0.         0.         0.         0.         0.         0.         0.0205469  0.         0.         0.         0.         0.         0.         0.         0.01305505 0.         0.02237672 0.         0.         0.92663332 0.         0.         0.         0.         0.        ],[0. 0. 1. 0. 0. 0. 0. 0. 0. 0. 0. 0. 1. 0. 0. 0. 0. 0. 0. 0. 1. 0. 1. 0. 0. 1. 0. 0. 0. 0. 0.],5.0,10000,30,0.6,10,1,5,,problem_solving
1400,0.020594347583912796,0.004698866096043374,0.4,-11.13599015513422,[0.         0.         0.01738801 0.         0.         0.         0.         0.         0.         0.         0.         0.         0.0205469  0.         0.         0.         0.         0.         0.         0.         0.01305505 0.         0.02237672 0.         0.         0.92663332 0.         0.         0.         0.         0.        ],[0. 0. 1. 0. 0. 0. 0. 0. 0. 0. 0. 0. 1. 0. 0. 0. 0. 0. 0. 0. 1. 0. 1. 0. 0. 1. 0. 0. 0. 0. 0.],5.0,10000,30,0.6,10,1,5,,problem_solving
1500,0.020594347583912796,0.004698866096043374,0.4,-13.82672922120893,[0.         0.         0.01738801 0.         0.         0.         0.         0.         0.         0.         0.         0.         0.0205469  0.         0.         0.         0.         0.         0.         0.         0.01305505 0.         0.02237672 0.         0.         0.92663332 0.         0.         0.         0.         0.        ],[0. 0. 1. 0. 0. 0. 0. 0. 0. 0. 0. 0. 1. 0. 0. 0. 0. 0. 0. 0. 1. 0. 1. 0. 0. 1. 0. 0. 0. 0. 0.],5.0,10000,30,0.6,10,1,5,,problem_solving
1600,0.015397254765210545,0.01043882052273954,0.4,-3.4697947372359423,[0.         0.         0.         0.         0.94221309 0.         0.         0.         0.         0.         0.         0.         0.01406848 0.         0.         0.         0.         0.         0.         0.         0.01761941 0.         0.         0.         0.         0.0121986  0.         0.01390041 0.         0.         0.        ],[0. 0. 0. 0. 1. 0. 0. 0. 0. 0. 0. 0. 1. 0. 0. 0. 0. 0. 0. 0. 1. 0. 0. 0. 0. 1. 0. 1. 0. 0. 0.],5.0,10000,30,0.6,10,1,5,,problem_solving
1700,0.015397254765210545,0.01043882052273954,0.4,12.981750407140302,[0.         0.         0.         0.         0.94221309 0.         0.         0.         0.         0.         0.         0.         0.01406848 0.         0.         0.         0.         0.         0.         0.         0.01761941 0.         0.         0.         0.         0.0121986  0.         0.01390041 0.         0.         0.        ],[0. 0. 0. 0. 1. 0. 0. 0. 0. 0. 0. 0. 1. 0. 0. 0. 0. 0. 0. 0. 1. 0. 0. 0. 0. 1. 0. 1. 0. 0. 0.],5.0,10000,30,0.6,10,1,5,,problem_solving
1800,0.015397254765210545,0.01043882052273954,0.4,-13.393479786740802,[0.         0.         0.         0.         0.94221309 0.         0.         0.         0.         0.         0.         0.         0.01406848 0.         0.         0.         0.         0.         0.         0.         0.01761941 0.         0.         0.         0.         0.0121986  0.         0.01390041 0.         0.         0.        ],[0. 0. 0. 0. 1. 0. 0. 0. 0. 0. 0. 0. 1. 0. 0. 0. 0. 0. 0. 0. 1. 0. 0. 0. 0. 1. 0. 1. 0. 0. 0.],5.0,10000,30,0.6,10,1,5,,problem_solving
1900,0.015397254765210545,0.01043882052273954,0.4,-10.75744657995234,[0.         0.         0.         0.         0.94221309 0.         0.         0.         0.         0.         0.         0.         0.01406848 0.         0.         0.         0.         0.         0.         0.         0.01761941 0.         0.         0.         0.         0.0121986  0.         0.01390041 0.         0.         0.        ],[0. 0. 0. 0. 1. 0. 0. 0. 0. 0. 0. 0. 1. 0. 0. 0. 0. 0. 0. 0. 1. 0. 0. 0. 0. 1. 0. 1. 0. 0. 0.],5.0,10000,30,0.6,10,1,5,,problem_solving
2000,0.015397254765210545,0.01043882052273954,0.4,-12.24242640338784,[0.         0.         0.         0.         0.94221309 0.         0.         0.         0.         0.         0.         0.         0.01406848 0.         0.         0.         0.         0.         0.         0.         0.01761941 0.         0.         0.         0.         0.0121986  0.         0.01390041 0.         0.         0.        ],[0. 0. 0. 0. 1. 0. 0. 0. 0. 0. 0. 0. 1. 0. 0. 0. 0. 0. 0. 0. 1. 0. 0. 0. 0. 1. 0. 1. 0. 0. 0.],5.0,10000,30,0.6,10,1,5,,problem_solving
2100,0.015397254765210545,0.01043882052273954,0.4,2.5763951050025384,[0.         0.         0.         0.         0.94221309 0.         0.         0.         0.         0.         0.         0.         0.01406848 0.         0.         0.         0.         0.         0.         0.         0.01761941 0.         0.         0.         0.         0.0121986  0.         0.01390041 0.         0.         0.        ],[0. 0. 0. 0. 1. 0. 0. 0. 0. 0. 0. 0. 1. 0. 0. 0. 0. 0. 0. 0. 1. 0. 0. 0. 0. 1. 0. 1. 0. 0. 0.],5.0,10000,30,0.6,10,1,5,,problem_solving
2200,0.015397254765210545,0.01043882052273954,0.4,-4.271202269183083,[0.         0.         0.         0.         0.94221309 0.         0.         0.         0.         0.         0.         0.         0.01406848 0.         0.         0.         0.         0.         0.         0.         0.01761941 0.         0.         0.         0.         0.0121986  0.         0.01390041 0.         0.         0.        ],[0. 0. 0. 0. 1. 0. 0. 0. 0. 0. 0. 0. 1. 0. 0. 0. 0. 0. 0. 0. 1. 0. 0. 0. 0. 1. 0. 1. 0. 0. 0.],5.0,10000,30,0.6,10,1,5,,problem_solving
2300,0.015397254765210545,0.01043882052273954,0.4,8.696610410231436,[0.         0.         0.         0.         0.94221309 0.         0.         0.         0.         0.         0.         0.         0.01406848 0.         0.         0.         0.         0.         0.         0.         0.01761941 0.         0.         0.         0.         0.0121986  0.         0.01390041 0.         0.         0.        ],[0. 0. 0. 0. 1. 0. 0. 0. 0. 0. 0. 0. 1. 0. 0. 0. 0. 0. 0. 0. 1. 0. 0. 0. 0. 1. 0. 1. 0. 0. 0.],5.0,10000,30,0.6,10,1,5,,problem_solving
2400,0.015397254765210545,0.01043882052273954,0.4,-16.222751218002376,[0.         0.         0.         0.         0.94221309 0.         0.         0.         0.         0.         0.         0.         0.01406848 0.         0.         0.         0.         0.         0.         0.         0.01761941 0.         0.         0.         0.         0.0121986  0.         0.01390041 0.         0.         0.        ],[0. 0. 0. 0. 1. 0. 0. 0. 0. 0. 0. 0. 1. 0. 0. 0. 0. 0. 0. 0. 1. 0. 0. 0. 0. 1. 0. 1. 0. 0. 0.],5.0,10000,30,0.6,10,1,5,,problem_solving
2500,0.015397254765210545,0.01043882052273954,0.4,11.555032712587089,[0.         0.         0.         0.         0.94221309 0.         0.         0.         0.         0.         0.         0.         0.01406848 0.         0.         0.         0.         0.         0.         0.         0.01761941 0.         0.         0.         0.         0.0121986  0.         0.01390041 0.         0.         0.        ],[0. 0. 0. 0. 1. 0. 0. 0. 0. 0. 0. 0. 1. 0. 0. 0. 0. 0. 0. 0. 1. 0. 0. 0. 0. 1. 0. 1. 0. 0. 0.],5.0,10000,30,0.6,10,1,5,,problem_solving
2600,0.015397254765210545,0.01043882052273954,0.4,-6.833728839227488,[0.         0.         0.         0.         0.94221309 0.         0.         0.         0.         0.         0.         0.         0.01406848 0.         0.         0.         0.         0.         0.         0.         0.01761941 0.         0.         0.         0.         0.0121986  0.         0.01390041 0.         0.         0.        ],[0. 0. 0. 0. 1. 0. 0. 0. 0. 0. 0. 0. 1. 0. 0. 0. 0. 0. 0. 0. 1. 0. 0. 0. 0. 1. 0. 1. 0. 0. 0.],5.0,10000,30,0.6,10,1,5,,problem_solving
2700,0.015397254765210545,0.01043882052273954,0.4,13.578049235536923,[0.         0.         0.         0.         0.94221309 0.         0.         0.         0.         0.         0.         0.         0.01406848 0.         0.         0.         0.         0.         0.         0.         0.01761941 0.         0.         0.         0.         0.0121986  0.         0.01390041 0.         0.         0.        ],[0. 0. 0. 0. 1. 0. 0. 0. 0. 0. 0. 0. 1. 0. 0. 0. 0. 0. 0. 0. 1. 0. 0. 0. 0. 1. 0. 1. 0. 0. 0.],5.0,10000,30,0.6,10,1,5,,problem_solving
2800,0.015397254765210545,0.01043882052273954,0.4,-4.50930778751981,[0.         0.         0.         0.         0.94221309 0.         0.         0.         0.         0.         0.         0.         0.01406848 0.         0.         0.         0.         0.         0.         0.         0.01761941 0.         0.         0.         0.         0.0121986  0.         0.01390041 0.         0.         0.        ],[0. 0. 0. 0. 1. 0. 0. 0. 0. 0. 0. 0. 1. 0. 0. 0. 0. 0. 0. 0. 1. 0. 0. 0. 0. 1. 0. 1. 0. 0. 0.],5.0,10000,30,0.6,10,1,5,,problem_solving
2900,0.015397254765210545,0.01043882052273954,0.4,-1.1770278716085656,[0.         0.         0.         0.         0.94221309 0.         0.         0.         0.         0.         0.         0.         0.01406848 0.         0.         0.         0.         0.         0.         0.         0.01761941 0.         0.         0.         0.         0.0121986  0.         0.01390041 0.         0.         0.        ],[0. 0. 0. 0. 1. 0. 0. 0. 0. 0. 0. 0. 1. 0. 0. 0. 0. 0. 0. 0. 1. 0. 0. 0. 0. 1. 0. 1. 0. 0. 0.],5.0,10000,30,0.6,10,1,5,,problem_solving
3000,0.015397254765210545,0.01043882052273954,0.4,13.83007635025412,[0.         0.         0.         0.         0.94221309 0.         0.         0.         0.         0.         0.         0.         0.01406848 0.         0.         0.         0.         0.         0.         0.         0.01761941 0.         0.         0.         0.         0.0121986  0.         0.01390041 0.         0.         0.        ],[0. 0. 0. 0. 1. 0. 0. 0. 0. 0. 0. 0. 1. 0. 0. 0. 0. 0. 0. 0. 1. 0. 0. 0. 0. 1. 0. 1. 0. 0. 0.],5.0,10000,30,0.6,10,1,5,,problem_solving
3100,0.015397254765210545,0.01043882052273954,0.4,9.973346009958004,[0.         0.         0.         0.         0.94221309 0.         0.         0.         0.         0.         0.         0.         0.01406848 0.         0.         0.         0.         0.         0.         0.         0.01761941 0.         0.         0.         0.         0.0121986  0.         0.01390041 0.         0.         0.        ],[0. 0. 0. 0. 1. 0. 0. 0. 0. 0. 0. 0. 1. 0. 0. 0. 0. 0. 0. 0. 1. 0. 0. 0. 0. 1. 0. 1. 0. 0. 0.],5.0,10000,30,0.6,10,1,5,,problem_solving
3200,0.015397254765210545,0.01043882052273954,0.4,9.346450565718857,[0.         0.         0.         0.         0.94221309 0.         0.         0.         0.         0.         0.         0.         0.01406848 0.         0.         0.         0.         0.         0.         0.         0.01761941 0.         0.         0.         0.         0.0121986  0.         0.01390041 0.         0.         0.        ],[0. 0. 0. 0. 1. 0. 0. 0. 0. 0. 0. 0. 1. 0. 0. 0. 0. 0. 0. 0. 1. 0. 0. 0. 0. 1. 0. 1. 0. 0. 0.],5.0,10000,30,0.6,10,1,5,,problem_solving
3300,0.015397254765210545,0.01043882052273954,0.4,-4.365912293196336,[0.         0.         0.         0.         0.94221309 0.         0.         0.         0.         0.         0.         0.         0.01406848 0.         0.         0.         0.         0.         0.         0.         0.01761941 0.         0.         0.         0.         0.0121986  0.         0.01390041 0.         0.         0.        ],[0. 0. 0. 0. 1. 0. 0. 0. 0. 0. 0. 0. 1. 0. 0. 0. 0. 0. 0. 0. 1. 0. 0. 0. 0. 1. 0. 1. 0. 0. 0.],5.0,10000,30,0.6,10,1,5,,problem_solving
3400,0.015397254765210545,0.01043882052273954,0.4,10.07948389010722,[0.         0.         0.         0.         0.94221309 0.         0.         0.         0.         0.         0.         0.         0.01406848 0.         0.         0.         0.         0.         0.         0.         0.01761941 0.         0.         0.         0.         0.0121986  0.         0.01390041 0.         0.         0.        ],[0. 0. 0. 0. 1. 0. 0. 0. 0. 0. 0. 0. 1. 0. 0. 0. 0. 0. 0. 0. 1. 0. 0. 0. 0. 1. 0. 1. 0. 0. 0.],5.0,10000,30,0.6,10,1,5,,problem_solving
3500,0.015397254765210545,0.01043882052273954,0.4,-6.139956790629732,[0.         0.         0.         0.         0.94221309 0.         0.         0.         0.         0.         0.         0.         0.01406848 0.         0.         0.         0.         0.         0.         0.         0.01761941 0.         0.         0.         0.         0.0121986  0.         0.01390041 0.         0.         0.        ],[0. 0. 0. 0. 1. 0. 0. 0. 0. 0. 0. 0. 1. 0. 0. 0. 0. 0. 0. 0. 1. 0. 0. 0. 0. 1. 0. 1. 0. 0. 0.],5.0,10000,30,0.6,10,1,5,,problem_solving
3600,0.015397254765210545,0.01043882052273954,0.4,-23.163284398183208,[0.         0.         0.         0.         0.94221309 0.         0.         0.         0.         0.         0.         0.         0.01406848 0.         0.         0.         0.         0.         0.         0.         0.01761941 0.         0.         0.         0.         0.0121986  0.         0.01390041 0.         0.         0.        ],[0. 0. 0. 0. 1. 0. 0. 0. 0. 0. 0. 0. 1. 0. 0. 0. 0. 0. 0. 0. 1. 0. 0. 0. 0. 1. 0. 1. 0. 0. 0.],5.0,10000,30,0.6,10,1,5,,problem_solving
3700,0.015397254765210545,0.01043882052273954,0.4,-4.720435065508514,[0.         0.         0.         0.         0.94221309 0.         0.         0.         0.         0.         0.         0.         0.01406848 0.         0.         0.         0.         0.         0.         0.         0.01761941 0.         0.         0.         0.         0.0121986  0.         0.01390041 0.         0.         0.        ],[0. 0. 0. 0. 1. 0. 0. 0. 0. 0. 0. 0. 1. 0. 0. 0. 0. 0. 0. 0. 1. 0. 0. 0. 0. 1. 0. 1. 0. 0. 0.],5.0,10000,30,0.6,10,1,5,,problem_solving
3800,0.015397254765210545,0.01043882052273954,0.4,-1.1187974482586636,[0.         0.         0.         0.         0.94221309 0.         0.         0.         0.         0.         0.         0.         0.01406848 0.         0.         0.         0.         0.         0.         0.         0.01761941 0.         0.         0.         0.         0.0121986  0.         0.01390041 0.         0.         0.        ],[0. 0. 0. 0. 1. 0. 0. 0. 0. 0. 0. 0. 1. 0. 0. 0. 0. 0. 0. 0. 1. 0. 0. 0. 0. 1. 0. 1. 0. 0. 0.],5.0,10000,30,0.6,10,1,5,,problem_solving
3900,0.015397254765210545,0.01043882052273954,0.4,0.6927222907716111,[0.         0.         0.         0.         0.94221309 0.         0.         0.         0.         0.         0.         0.         0.01406848 0.         0.         0.         0.         0.         0.         0.         0.01761941 0.         0.         0.         0.         0.0121986  0.         0.01390041 0.         0.         0.        ],[0. 0. 0. 0. 1. 0. 0. 0. 0. 0. 0. 0. 1. 0. 0. 0. 0. 0. 0. 0. 1. 0. 0. 0. 0. 1. 0. 1. 0. 0. 0.],5.0,10000,30,0.6,10,1,5,,problem_solving
4000,0.015397254765210545,0.01043882052273954,0.4,-3.940205892241513,[0.         0.         0.         0.         0.94221309 0.         0.         0.         0.         0.         0.         0.         0.01406848 0.         0.         0.         0.         0.         0.         0.         0.01761941 0.         0.         0.         0.         0.0121986  0.         0.01390041 0.         0.         0.        ],[0. 0. 0. 0. 1. 0. 0. 0. 0. 0. 0. 0. 1. 0. 0. 0. 0. 0. 0. 0. 1. 0. 0. 0. 0. 1. 0. 1. 0. 0. 0.],5.0,10000,30,0.6,10,1,5,,problem_solving
4100,0.015397254765210545,0.01043882052273954,0.4,15.193257893946745,[0.         0.         0.         0.         0.94221309 0.         0.         0.         0.         0.         0.         0.         0.01406848 0.         0.         0.         0.         0.         0.         0.         0.01761941 0.         0.         0.         0.         0.0121986  0.         0.01390041 0.         0.         0.        ],[0. 0. 0. 0. 1. 0. 0. 0. 0. 0. 0. 0. 1. 0. 0. 0. 0. 0. 0. 0. 1. 0. 0. 0. 0. 1. 0. 1. 0. 0. 0.],5.0,10000,30,0.6,10,1,5,,problem_solving
4200,0.015397254765210545,0.01043882052273954,0.4,2.213552132873086,[0.         0.         0.         0.         0.94221309 0.         0.         0.         0.         0.         0.         0.         0.01406848 0.         0.         0.         0.         0.         0.         0.         0.01761941 0.         0.         0.         0.         0.0121986  0.         0.01390041 0.         0.         0.        ],[0. 0. 0. 0. 1. 0. 0. 0. 0. 0. 0. 0. 1. 0. 0. 0. 0. 0. 0. 0. 1. 0. 0. 0. 0. 1. 0. 1. 0. 0. 0.],5.0,10000,30,0.6,10,1,5,,problem_solving
4300,0.015397254765210545,0.01043882052273954,0.4,-18.68528700344504,[0.         0.         0.         0.         0.94221309 0.         0.         0.         0.         0.         0.         0.         0.01406848 0.         0.         0.         0.         0.         0.         0.         0.01761941 0.         0.         0.         0.         0.0121986  0.         0.01390041 0.         0.         0.        ],[0. 0. 0. 0. 1. 0. 0. 0. 0. 0. 0. 0. 1. 0. 0. 0. 0. 0. 0. 0. 1. 0. 0. 0. 0. 1. 0. 1. 0. 0. 0.],5.0,10000,30,0.6,10,1,5,,problem_solving
4400,0.015397254765210545,0.01043882052273954,0.4,-0.9906817768979419,[0.         0.         0.         0.         0.94221309 0.         0.         0.         0.         0.         0.         0.         0.01406848 0.         0.         0.         0.         0.         0.         0.         0.01761941 0.         0.         0.         0.         0.0121986  0.         0.01390041 0.         0.         0.        ],[0. 0. 0. 0. 1. 0. 0. 0. 0. 0. 0. 0. 1. 0. 0. 0. 0. 0. 0. 0. 1. 0. 0. 0. 0. 1. 0. 1. 0. 0. 0.],5.0,10000,30,0.6,10,1,5,,problem_solving
4500,0.015397254765210545,0.01043882052273954,0.4,7.1393214993128336,[0.         0.         0.         0.         0.94221309 0.         0.         0.         0.         0.         0.         0.         0.01406848 0.         0.         0.         0.         0.         0.         0.         0.01761941 0.         0.         0.         0.         0.0121986  0.         0.01390041 0.         0.         0.        ],[0. 0. 0. 0. 1. 0. 0. 0. 0. 0. 0. 0. 1. 0. 0. 0. 0. 0. 0. 0. 1. 0. 0. 0. 0. 1. 0. 1. 0. 0. 0.],5.0,10000,30,0.6,10,1,5,,problem_solving
4600,0.015397254765210545,0.01043882052273954,0.4,-15.04103790285502,[0.         0.         0.         0.         0.94221309 0.         0.         0.         0.         0.         0.         0.         0.01406848 0.         0.         0.         0.         0.         0.         0.         0.01761941 0.         0.         0.         0.         0.0121986  0.         0.01390041 0.         0.         0.        ],[0. 0. 0. 0. 1. 0. 0. 0. 0. 0. 0. 0. 1. 0. 0. 0. 0. 0. 0. 0. 1. 0. 0. 0. 0. 1. 0. 1. 0. 0. 0.],5.0,10000,30,0.6,10,1,5,,problem_solving
4700,0.015397254765210545,0.01043882052273954,0.4,-0.9329828635025466,[0.         0.         0.         0.         0.94221309 0.         0.         0.         0.         0.         0.         0.         0.01406848 0.         0.         0.         0.         0.         0.         0.         0.01761941 0.         0.         0.         0.         0.0121986  0.         0.01390041 0.         0.         0.        ],[0. 0. 0. 0. 1. 0. 0. 0. 0. 0. 0. 0. 1. 0. 0. 0. 0. 0. 0. 0. 1. 0. 0. 0. 0. 1. 0. 1. 0. 0. 0.],5.0,10000,30,0.6,10,1,5,,problem_solving
4800,0.015397254765210545,0.01043882052273954,0.4,3.5449272330490356,[0.         0.         0.         0.         0.94221309 0.         0.         0.         0.         0.         0.         0.         0.01406848 0.         0.         0.         0.         0.         0.         0.         0.01761941 0.         0.         0.         0.         0.0121986  0.         0.01390041 0.         0.         0.        ],[0. 0. 0. 0. 1. 0. 0. 0. 0. 0. 0. 0. 1. 0. 0. 0. 0. 0. 0. 0. 1. 0. 0. 0. 0. 1. 0. 1. 0. 0. 0.],5.0,10000,30,0.6,10,1,5,,problem_solving
4900,0.015397254765210545,0.01043882052273954,0.4,-2.034638115106933,[0.         0.         0.         0.         0.94221309 0.         0.         0.         0.         0.         0.         0.         0.01406848 0.         0.         0.         0.         0.         0.         0.         0.01761941 0.         0.         0.         0.         0.0121986  0.         0.01390041 0.         0.         0.        ],[0. 0. 0. 0. 1. 0. 0. 0. 0. 0. 0. 0. 1. 0. 0. 0. 0. 0. 0. 0. 1. 0. 0. 0. 0. 1. 0. 1. 0. 0. 0.],5.0,10000,30,0.6,10,1,5,,problem_solving
5000,0.015397254765210545,0.01043882052273954,0.4,3.964624009785629,[0.         0.         0.         0.         0.94221309 0.         0.         0.         0.         0.         0.         0.         0.01406848 0.         0.         0.         0.         0.         0.         0.         0.01761941 0.         0.         0.         0.         0.0121986  0.         0.01390041 0.         0.         0.        ],[0. 0. 0. 0. 1. 0. 0. 0. 0. 0. 0. 0. 1. 0. 0. 0. 0. 0. 0. 0. 1. 0. 0. 0. 0. 1. 0. 1. 0. 0. 0.],5.0,10000,30,0.6,10,1,5,,problem_solving
5100,0.015397254765210545,0.01043882052273954,0.4,-11.709475434423549,[0.         0.         0.         0.         0.94221309 0.         0.         0.         0.         0.         0.         0.         0.01406848 0.         0.         0.         0.         0.         0.         0.         0.01761941 0.         0.         0.         0.         0.0121986  0.         0.01390041 0.         0.         0.        ],[0. 0. 0. 0. 1. 0. 0. 0. 0. 0. 0. 0. 1. 0. 0. 0. 0. 0. 0. 0. 1. 0. 0. 0. 0. 1. 0. 1. 0. 0. 0.],5.0,10000,30,0.6,10,1,5,,problem_solving
5200,0.015397254765210545,0.01043882052273954,0.4,-1.4464843501781586,[0.         0.         0.         0.         0.94221309 0.         0.         0.         0.         0.         0.         0.         0.01406848 0.         0.         0.         0.         0.         0.         0.         0.01761941 0.         0.         0.         0.         0.0121986  0.         0.01390041 0.         0.         0.        ],[0. 0. 0. 0. 1. 0. 0. 0. 0. 0. 0. 0. 1. 0. 0. 0. 0. 0. 0. 0. 1. 0. 0. 0. 0. 1. 0. 1. 0. 0. 0.],5.0,10000,30,0.6,10,1,5,,problem_solving
5300,0.015397254765210545,0.01043882052273954,0.4,-1.819502195387829,[0.         0.         0.         0.         0.94221309 0.         0.         0.         0.         0.         0.         0.         0.01406848 0.         0.         0.         0.         0.         0.         0.         0.01761941 0.         0.         0.         0.         0.0121986  0.         0.01390041 0.         0.         0.        ],[0. 0. 0. 0. 1. 0. 0. 0. 0. 0. 0. 0. 1. 0. 0. 0. 0. 0. 0. 0. 1. 0. 0. 0. 0. 1. 0. 1. 0. 0. 0.],5.0,10000,30,0.6,10,1,5,,problem_solving
5400,0.015397254765210545,0.01043882052273954,0.4,5.043367048623921,[0.         0.         0.         0.         0.94221309 0.         0.         0.         0.         0.         0.         0.         0.01406848 0.         0.         0.         0.         0.         0.         0.         0.01761941 0.         0.         0.         0.         0.0121986  0.         0.01390041 0.         0.         0.        ],[0. 0. 0. 0. 1. 0. 0. 0. 0. 0. 0. 0. 1. 0. 0. 0. 0. 0. 0. 0. 1. 0. 0. 0. 0. 1. 0. 1. 0. 0. 0.],5.0,10000,30,0.6,10,1,5,,problem_solving
5500,0.015397254765210545,0.01043882052273954,0.4,11.829793345780873,[0.         0.         0.         0.         0.94221309 0.         0.         0.         0.         0.         0.         0.         0.01406848 0.         0.         0.         0.         0.         0.         0.         0.01761941 0.         0.         0.         0.         0.0121986  0.         0.01390041 0.         0.         0.        ],[0. 0. 0. 0. 1. 0. 0. 0. 0. 0. 0. 0. 1. 0. 0. 0. 0. 0. 0. 0. 1. 0. 0. 0. 0. 1. 0. 1. 0. 0. 0.],5.0,10000,30,0.6,10,1,5,,problem_solving
5600,0.015397254765210545,0.01043882052273954,0.4,-1.3950510817741577,[0.         0.         0.         0.         0.94221309 0.         0.         0.         0.         0.         0.         0.         0.01406848 0.         0.         0.         0.         0.         0.         0.         0.01761941 0.         0.         0.         0.         0.0121986  0.         0.01390041 0.         0.         0.        ],[0. 0. 0. 0. 1. 0. 0. 0. 0. 0. 0. 0. 1. 0. 0. 0. 0. 0. 0. 0. 1. 0. 0. 0. 0. 1. 0. 1. 0. 0. 0.],5.0,10000,30,0.6,10,1,5,,problem_solving
5700,0.015397254765210545,0.01043882052273954,0.4,9.804584958797127,[0.         0.         0.         0.         0.94221309 0.         0.         0.         0.         0.         0.         0.         0.01406848 0.         0.         0.         0.         0.         0.         0.         0.01761941 0.         0.         0.         0.         0.0121986  0.         0.01390041 0.         0.         0.        ],[0. 0. 0. 0. 1. 0. 0. 0. 0. 0. 0. 0. 1. 0. 0. 0. 0. 0. 0. 0. 1. 0. 0. 0. 0. 1. 0. 1. 0. 0. 0.],5.0,10000,30,0.6,10,1,5,,problem_solving
5800,0.015397254765210545,0.01043882052273954,0.4,-10.685828572859265,[0.         0.         0.         0.         0.94221309 0.         0.         0.         0.         0.         0.         0.         0.01406848 0.         0.         0.         0.         0.         0.         0.         0.01761941 0.         0.         0.         0.         0.0121986  0.         0.01390041 0.         0.         0.        ],[0. 0. 0. 0. 1. 0. 0. 0. 0. 0. 0. 0. 1. 0. 0. 0. 0. 0. 0. 0. 1. 0. 0. 0. 0. 1. 0. 1. 0. 0. 0.],5.0,10000,30,0.6,10,1,5,,problem_solving
5900,0.015397254765210545,0.01043882052273954,0.4,5.622032068628901,[0.         0.         0.         0.         0.94221309 0.         0.         0.         0.         0.         0.         0.         0.01406848 0.         0.         0.         0.         0.         0.         0.         0.01761941 0.         0.         0.         0.         0.0121986  0.         0.01390041 0.         0.         0.        ],[0. 0. 0. 0. 1. 0. 0. 0. 0. 0. 0. 0. 1. 0. 0. 0. 0. 0. 0. 0. 1. 0. 0. 0. 0. 1. 0. 1. 0. 0. 0.],5.0,10000,30,0.6,10,1,5,,problem_solving
6000,0.015397254765210545,0.01043882052273954,0.4,-16.56308771279457,[0.         0.         0.         0.         0.94221309 0.         0.         0.         0.         0.         0.         0.         0.01406848 0.         0.         0.         0.         0.         0.         0.         0.01761941 0.         0.         0.         0.         0.0121986  0.         0.01390041 0.         0.         0.        ],[0. 0. 0. 0. 1. 0. 0. 0. 0. 0. 0. 0. 1. 0. 0. 0. 0. 0. 0. 0. 1. 0. 0. 0. 0. 1. 0. 1. 0. 0. 0.],5.0,10000,30,0.6,10,1,5,,problem_solving
6100,0.015397254765210545,0.01043882052273954,0.4,-9.205141135975271,[0.         0.         0.         0.         0.94221309 0.         0.         0.         0.         0.         0.         0.         0.01406848 0.         0.         0.         0.         0.         0.         0.         0.01761941 0.         0.         0.         0.         0.0121986  0.         0.01390041 0.         0.         0.        ],[0. 0. 0. 0. 1. 0. 0. 0. 0. 0. 0. 0. 1. 0. 0. 0. 0. 0. 0. 0. 1. 0. 0. 0. 0. 1. 0. 1. 0. 0. 0.],5.0,10000,30,0.6,10,1,5,,problem_solving
6200,0.015397254765210545,0.01043882052273954,0.4,6.216321731102901,[0.         0.         0.         0.         0.94221309 0.         0.         0.         0.         0.         0.         0.         0.01406848 0.         0.         0.         0.         0.         0.         0.         0.01761941 0.         0.         0.         0.         0.0121986  0.         0.01390041 0.         0.         0.        ],[0. 0. 0. 0. 1. 0. 0. 0. 0. 0. 0. 0. 1. 0. 0. 0. 0. 0. 0. 0. 1. 0. 0. 0. 0. 1. 0. 1. 0. 0. 0.],5.0,10000,30,0.6,10,1,5,,problem_solving
6300,0.015023106027030903,0.004898659027136546,0.4,7.26622098694214,[0.         0.         0.         0.         0.01544148 0.         0.         0.         0.01546542 0.         0.         0.         0.01491494 0.         0.02338324 0.         0.         0.         0.         0.         0.         0.         0.         0.         0.         0.93079491 0.         0.         0.         0.         0.        ],[0. 0. 0. 0. 1. 0. 0. 0. 1. 0. 0. 0. 1. 0. 1. 0. 0. 0. 0. 0. 0. 0. 0. 0. 0. 1. 0. 0. 0. 0. 0.],5.0,10000,30,0.6,10,1,5,,problem_solving
6400,0.015023106027030903,0.004898659027136546,0.4,-19.209866516444954,[0.         0.         0.         0.         0.01544148 0.         0.         0.         0.01546542 0.         0.         0.         0.01491494 0.         0.02338324 0.         0.         0.         0.         0.         0.         0.         0.         0.         0.         0.93079491 0.         0.         0.         0.         0.        ],[0. 0. 0. 0. 1. 0. 0. 0. 1. 0. 0. 0. 1. 0. 1. 0. 0. 0. 0. 0. 0. 0. 0. 0. 0. 1. 0. 0. 0. 0. 0.],5.0,10000,30,0.6,10,1,5,,problem_solving
6500,0.015023106027030903,0.004898659027136546,0.4,-18.56211297212818,[0.         0.         0.         0.         0.01544148 0.         0.         0.         0.01546542 0.         0.         0.         0.01491494 0.         0.02338324 0.         0.         0.         0.         0.         0.         0.         0.         0.         0.         0.93079491 0.         0.         0.         0.         0.        ],[0. 0. 0. 0. 1. 0. 0. 0. 1. 0. 0. 0. 1. 0. 1. 0. 0. 0. 0. 0. 0. 0. 0. 0. 0. 1. 0. 0. 0. 0. 0.],5.0,10000,30,0.6,10,1,5,,problem_solving
6600,0.015023106027030903,0.004898659027136546,0.4,-0.2604533221620845,[0.         0.         0.         0.         0.01544148 0.         0.         0.         0.01546542 0.         0.         0.         0.01491494 0.         0.02338324 0.         0.         0.         0.         0.         0.         0.         0.         0.         0.         0.93079491 0.         0.         0.         0.         0.        ],[0. 0. 0. 0. 1. 0. 0. 0. 1. 0. 0. 0. 1. 0. 1. 0. 0. 0. 0. 0. 0. 0. 0. 0. 0. 1. 0. 0. 0. 0. 0.],5.0,10000,30,0.6,10,1,5,,problem_solving
6700,0.015023106027030903,0.004898659027136546,0.4,-8.045571911442343,[0.         0.         0.         0.         0.01544148 0.         0.         0.         0.01546542 0.         0.         0.         0.01491494 0.         0.02338324 0.         0.         0.         0.         0.         0.         0.         0.         0.         0.         0.93079491 0.         0.         0.         0.         0.        ],[0. 0. 0. 0. 1. 0. 0. 0. 1. 0. 0. 0. 1. 0. 1. 0. 0. 0. 0. 0. 0. 0. 0. 0. 0. 1. 0. 0. 0. 0. 0.],5.0,10000,30,0.6,10,1,5,,problem_solving
6800,0.015023106027030903,0.004898659027136546,0.4,7.71353993941646,[0.         0.         0.         0.         0.01544148 0.         0.         0.         0.01546542 0.         0.         0.         0.01491494 0.         0.02338324 0.         0.         0.         0.         0.         0.         0.         0.         0.         0.         0.93079491 0.         0.         0.         0.         0.        ],[0. 0. 0. 0. 1. 0. 0. 0. 1. 0. 0. 0. 1. 0. 1. 0. 0. 0. 0. 0. 0. 0. 0. 0. 0. 1. 0. 0. 0. 0. 0.],5.0,10000,30,0.6,10,1,5,,problem_solving
6900,0.015023106027030903,0.004898659027136546,0.4,-0.6481983666767823,[0.         0.         0.         0.         0.01544148 0.         0.         0.         0.01546542 0.         0.         0.         0.01491494 0.         0.02338324 0.         0.         0.         0.         0.         0.         0.         0.         0.         0.         0.93079491 0.         0.         0.         0.         0.        ],[0. 0. 0. 0. 1. 0. 0. 0. 1. 0. 0. 0. 1. 0. 1. 0. 0. 0. 0. 0. 0. 0. 0. 0. 0. 1. 0. 0. 0. 0. 0.],5.0,10000,30,0.6,10,1,5,,problem_solving
7000,0.015023106027030903,0.004898659027136546,0.4,4.175147974348522,[0.         0.         0.         0.         0.01544148 0.         0.         0.         0.01546542 0.         0.         0.         0.01491494 0.         0.02338324 0.         0.         0.         0.         0.         0.         0.         0.         0.         0.         0.93079491 0.         0.         0.         0.         0.        ],[0. 0. 0. 0. 1. 0. 0. 0. 1. 0. 0. 0. 1. 0. 1. 0. 0. 0. 0. 0. 0. 0. 0. 0. 0. 1. 0. 0. 0. 0. 0.],5.0,10000,30,0.6,10,1,5,,problem_solving
7100,0.015023106027030903,0.004898659027136546,0.4,-14.824790562087106,[0.         0.         0.         0.         0.01544148 0.         0.         0.         0.01546542 0.         0.         0.         0.01491494 0.         0.02338324 0.         0.         0.         0.         0.         0.         0.         0.         0.         0.         0.93079491 0.         0.         0.         0.         0.        ],[0. 0. 0. 0. 1. 0. 0. 0. 1. 0. 0. 0. 1. 0. 1. 0. 0. 0. 0. 0. 0. 0. 0. 0. 0. 1. 0. 0. 0. 0. 0.],5.0,10000,30,0.6,10,1,5,,problem_solving
7200,0.015023106027030903,0.004898659027136546,0.4,-0.8068035765905401,[0.         0.         0.         0.         0.01544148 0.         0.         0.         0.01546542 0.         0.         0.         0.01491494 0.         0.02338324 0.         0.         0.         0.         0.         0.         0.         0.         0.         0.         0.93079491 0.         0.         0.         0.         0.        ],[0. 0. 0. 0. 1. 0. 0. 0. 1. 0. 0. 0. 1. 0. 1. 0. 0. 0. 0. 0. 0. 0. 0. 0. 0. 1. 0. 0. 0. 0. 0.],5.0,10000,30,0.6,10,1,5,,problem_solving
7300,0.015023106027030903,0.004898659027136546,0.4,-1.514107790116712,[0.         0.         0.         0.         0.01544148 0.         0.         0.         0.01546542 0.         0.         0.         0.01491494 0.         0.02338324 0.         0.         0.         0.         0.         0.         0.         0.         0.         0.         0.93079491 0.         0.         0.         0.         0.        ],[0. 0. 0. 0. 1. 0. 0. 0. 1. 0. 0. 0. 1. 0. 1. 0. 0. 0. 0. 0. 0. 0. 0. 0. 0. 1. 0. 0. 0. 0. 0.],5.0,10000,30,0.6,10,1,5,,problem_solving
7400,0.015023106027030903,0.004898659027136546,0.4,2.935874105854206,[0.         0.         0.         0.         0.01544148 0.         0.         0.         0.01546542 0.         0.         0.         0.01491494 0.         0.02338324 0.         0.         0.         0.         0.         0.         0.         0.         0.         0.         0.93079491 0.         0.         0.         0.         0.        ],[0. 0. 0. 0. 1. 0. 0. 0. 1. 0. 0. 0. 1. 0. 1. 0. 0. 0. 0. 0. 0. 0. 0. 0. 0. 1. 0. 0. 0. 0. 0.],5.0,10000,30,0.6,10,1,5,,problem_solving
7500,0.015023106027030903,0.004898659027136546,0.4,22.303973403356437,[0.         0.         0.         0.         0.01544148 0.         0.         0.         0.01546542 0.         0.         0.         0.01491494 0.         0.02338324 0.         0.         0.         0.         0.         0.         0.         0.         0.         0.         0.93079491 0.         0.         0.         0.         0.        ],[0. 0. 0. 0. 1. 0. 0. 0. 1. 0. 0. 0. 1. 0. 1. 0. 0. 0. 0. 0. 0. 0. 0. 0. 0. 1. 0. 0. 0. 0. 0.],5.0,10000,30,0.6,10,1,5,,problem_solving
7600,0.015023106027030903,0.004898659027136546,0.4,10.684832718299413,[0.         0.         0.         0.         0.01544148 0.         0.         0.         0.01546542 0.         0.         0.         0.01491494 0.         0.02338324 0.         0.         0.         0.         0.         0.         0.         0.         0.         0.         0.93079491 0.         0.         0.         0.         0.        ],[0. 0. 0. 0. 1. 0. 0. 0. 1. 0. 0. 0. 1. 0. 1. 0. 0. 0. 0. 0. 0. 0. 0. 0. 0. 1. 0. 0. 0. 0. 0.],5.0,10000,30,0.6,10,1,5,,problem_solving
7700,0.015023106027030903,0.004898659027136546,0.4,0.9748616605676483,[0.         0.         0.         0.         0.01544148 0.         0.         0.         0.01546542 0.         0.         0.         0.01491494 0.         0.02338324 0.         0.         0.         0.         0.         0.         0.         0.         0.         0.         0.93079491 0.         0.         0.         0.         0.        ],[0. 0. 0. 0. 1. 0. 0. 0. 1. 0. 0. 0. 1. 0. 1. 0. 0. 0. 0. 0. 0. 0. 0. 0. 0. 1. 0. 0. 0. 0. 0.],5.0,10000,30,0.6,10,1,5,,problem_solving
7800,0.015023106027030903,0.004898659027136546,0.4,2.5136084221370063,[0.         0.         0.         0.         0.01544148 0.         0.         0.         0.01546542 0.         0.         0.         0.01491494 0.         0.02338324 0.         0.         0.         0.         0.         0.         0.         0.         0.         0.         0.93079491 0.         0.         0.         0.         0.        ],[0. 0. 0. 0. 1. 0. 0. 0. 1. 0. 0. 0. 1. 0. 1. 0. 0. 0. 0. 0. 0. 0. 0. 0. 0. 1. 0. 0. 0. 0. 0.],5.0,10000,30,0.6,10,1,5,,problem_solving
7900,0.015023106027030903,0.004898659027136546,0.4,13.799901905359528,[0.         0.         0.         0.         0.01544148 0.         0.         0.         0.01546542 0.         0.         0.         0.01491494 0.         0.02338324 0.         0.         0.         0.         0.         0.         0.         0.         0.         0.         0.93079491 0.         0.         0.         0.         0.        ],[0. 0. 0. 0. 1. 0. 0. 0. 1. 0. 0. 0. 1. 0. 1. 0. 0. 0. 0. 0. 0. 0. 0. 0. 0. 1. 0. 0. 0. 0. 0.],5.0,10000,30,0.6,10,1,5,,problem_solving
8000,0.015023106027030903,0.004898659027136546,0.4,4.7088015844061815,[0.         0.         0.         0.         0.01544148 0.         0.         0.         0.01546542 0.         0.         0.         0.01491494 0.         0.02338324 0.         0.         0.         0.         0.         0.         0.         0.         0.         0.         0.93079491 0.         0.         0.         0.         0.        ],[0. 0. 0. 0. 1. 0. 0. 0. 1. 0. 0. 0. 1. 0. 1. 0. 0. 0. 0. 0. 0. 0. 0. 0. 0. 1. 0. 0. 0. 0. 0.],5.0,10000,30,0.6,10,1,5,,problem_solving
8100,0.015023106027030903,0.004898659027136546,0.4,1.5665583929932614,[0.         0.         0.         0.         0.01544148 0.         0.         0.         0.01546542 0.         0.         0.         0.01491494 0.         0.02338324 0.         0.         0.         0.         0.         0.         0.         0.         0.         0.         0.93079491 0.         0.         0.         0.         0.        ],[0. 0. 0. 0. 1. 0. 0. 0. 1. 0. 0. 0. 1. 0. 1. 0. 0. 0. 0. 0. 0. 0. 0. 0. 0. 1. 0. 0. 0. 0. 0.],5.0,10000,30,0.6,10,1,5,,problem_solving
8200,0.015023106027030903,0.004898659027136546,0.4,-6.461364778315418,[0.         0.         0.         0.         0.01544148 0.         0.         0.         0.01546542 0.         0.         0.         0.01491494 0.         0.02338324 0.         0.         0.         0.         0.         0.         0.         0.         0.         0.         0.93079491 0.         0.         0.         0.         0.        ],[0. 0. 0. 0. 1. 0. 0. 0. 1. 0. 0. 0. 1. 0. 1. 0. 0. 0. 0. 0. 0. 0. 0. 0. 0. 1. 0. 0. 0. 0. 0.],5.0,10000,30,0.6,10,1,5,,problem_solving
8300,0.015023106027030903,0.004898659027136546,0.4,-3.5784072979022867,[0.         0.         0.         0.         0.01544148 0.         0.         0.         0.01546542 0.         0.         0.         0.01491494 0.         0.02338324 0.         0.         0.         0.         0.         0.         0.         0.         0.         0.         0.93079491 0.         0.         0.         0.         0.        ],[0. 0. 0. 0. 1. 0. 0. 0. 1. 0. 0. 0. 1. 0. 1. 0. 0. 0. 0. 0. 0. 0. 0. 0. 0. 1. 0. 0. 0. 0. 0.],5.0,10000,30,0.6,10,1,5,,problem_solving
8400,0.015023106027030903,0.004898659027136546,0.4,-7.589150915087645,[0.         0.         0.         0.         0.01544148 0.         0.         0.         0.01546542 0.         0.         0.         0.01491494 0.         0.02338324 0.         0.         0.         0.         0.         0.         0.         0.         0.         0.         0.93079491 0.         0.         0.         0.         0.        ],[0. 0. 0. 0. 1. 0. 0. 0. 1. 0. 0. 0. 1. 0. 1. 0. 0. 0. 0. 0. 0. 0. 0. 0. 0. 1. 0. 0. 0. 0. 0.],5.0,10000,30,0.6,10,1,5,,problem_solving
8500,0.015023106027030903,0.004898659027136546,0.4,3.6205423138362396,[0.         0.         0.         0.         0.01544148 0.         0.         0.         0.01546542 0.         0.         0.         0.01491494 0.         0.02338324 0.         0.         0.         0.         0.         0.         0.         0.         0.         0.         0.93079491 0.         0.         0.         0.         0.        ],[0. 0. 0. 0. 1. 0. 0. 0. 1. 0. 0. 0. 1. 0. 1. 0. 0. 0. 0. 0. 0. 0. 0. 0. 0. 1. 0. 0. 0. 0. 0.],5.0,10000,30,0.6,10,1,5,,problem_solving
8600,0.015023106027030903,0.004898659027136546,0.4,-12.587757713458371,[0.         0.         0.         0.         0.01544148 0.         0.         0.         0.01546542 0.         0.         0.         0.01491494 0.         0.02338324 0.         0.         0.         0.         0.         0.         0.         0.         0.         0.         0.93079491 0.         0.         0.         0.         0.        ],[0. 0. 0. 0. 1. 0. 0. 0. 1. 0. 0. 0. 1. 0. 1. 0. 0. 0. 0. 0. 0. 0. 0. 0. 0. 1. 0. 0. 0. 0. 0.],5.0,10000,30,0.6,10,1,5,,problem_solving
8700,0.015023106027030903,0.004898659027136546,0.4,7.996079363829265,[0.         0.         0.         0.         0.01544148 0.         0.         0.         0.01546542 0.         0.         0.         0.01491494 0.         0.02338324 0.         0.         0.         0.         0.         0.         0.         0.         0.         0.         0.93079491 0.         0.         0.         0.         0.        ],[0. 0. 0. 0. 1. 0. 0. 0. 1. 0. 0. 0. 1. 0. 1. 0. 0. 0. 0. 0. 0. 0. 0. 0. 0. 1. 0. 0. 0. 0. 0.],5.0,10000,30,0.6,10,1,5,,problem_solving
8800,0.015023106027030903,0.004898659027136546,0.4,-10.029018363276712,[0.         0.         0.         0.         0.01544148 0.         0.         0.         0.01546542 0.         0.         0.         0.01491494 0.         0.02338324 0.         0.         0.         0.         0.         0.         0.         0.         0.         0.         0.93079491 0.         0.         0.         0.         0.        ],[0. 0. 0. 0. 1. 0. 0. 0. 1. 0. 0. 0. 1. 0. 1. 0. 0. 0. 0. 0. 0. 0. 0. 0. 0. 1. 0. 0. 0. 0. 0.],5.0,10000,30,0.6,10,1,5,,problem_solving
8900,0.015023106027030903,0.004898659027136546,0.4,-0.5153843585133557,[0.         0.         0.         0.         0.01544148 0.         0.         0.         0.01546542 0.         0.         0.         0.01491494 0.         0.02338324 0.         0.         0.         0.         0.         0.         0.         0.         0.         0.         0.93079491 0.         0.         0.         0.         0.        ],[0. 0. 0. 0. 1. 0. 0. 0. 1. 0. 0. 0. 1. 0. 1. 0. 0. 0. 0. 0. 0. 0. 0. 0. 0. 1. 0. 0. 0. 0. 0.],5.0,10000,30,0.6,10,1,5,,problem_solving
9000,0.015023106027030903,0.004898659027136546,0.4,12.022394913041785,[0.         0.         0.         0.         0.01544148 0.         0.         0.         0.01546542 0.         0.         0.         0.01491494 0.         0.02338324 0.         0.         0.         0.         0.         0.         0.         0.         0.         0.         0.93079491 0.         0.         0.         0.         0.        ],[0. 0. 0. 0. 1. 0. 0. 0. 1. 0. 0. 0. 1. 0. 1. 0. 0. 0. 0. 0. 0. 0. 0. 0. 0. 1. 0. 0. 0. 0. 0.],5.0,10000,30,0.6,10,1,5,,problem_solving
9100,0.015023106027030903,0.004898659027136546,0.4,5.207933348355061,[0.         0.         0.         0.         0.01544148 0.         0.         0.         0.01546542 0.         0.         0.         0.01491494 0.         0.02338324 0.         0.         0.         0.         0.         0.         0.         0.         0.         0.         0.93079491 0.         0.         0.         0.         0.        ],[0. 0. 0. 0. 1. 0. 0. 0. 1. 0. 0. 0. 1. 0. 1. 0. 0. 0. 0. 0. 0. 0. 0. 0. 0. 1. 0. 0. 0. 0. 0.],5.0,10000,30,0.6,10,1,5,,problem_solving
9200,0.015023106027030903,0.004898659027136546,0.4,14.882496256902808,[0.         0.         0.         0.         0.01544148 0.         0.         0.         0.01546542 0.         0.         0.         0.01491494 0.         0.02338324 0.         0.         0.         0.         0.         0.         0.         0.         0.         0.         0.93079491 0.         0.         0.         0.         0.        ],[0. 0. 0. 0. 1. 0. 0. 0. 1. 0. 0. 0. 1. 0. 1. 0. 0. 0. 0. 0. 0. 0. 0. 0. 0. 1. 0. 0. 0. 0. 0.],5.0,10000,30,0.6,10,1,5,,problem_solving
9300,0.015023106027030903,0.004898659027136546,0.4,-17.393315391980316,[0.         0.         0.         0.         0.01544148 0.         0.         0.         0.01546542 0.         0.         0.         0.01491494 0.         0.02338324 0.         0.         0.         0.         0.         0.         0.         0.         0.         0.         0.93079491 0.         0.         0.         0.         0.        ],[0. 0. 0. 0. 1. 0. 0. 0. 1. 0. 0. 0. 1. 0. 1. 0. 0. 0. 0. 0. 0. 0. 0. 0. 0. 1. 0. 0. 0. 0. 0.],5.0,10000,30,0.6,10,1,5,,problem_solving
9400,0.015023106027030903,0.004898659027136546,0.4,-9.616313716256075,[0.         0.         0.         0.         0.01544148 0.         0.         0.         0.01546542 0.         0.         0.         0.01491494 0.         0.02338324 0.         0.         0.         0.         0.         0.         0.         0.         0.         0.         0.93079491 0.         0.         0.         0.         0.        ],[0. 0. 0. 0. 1. 0. 0. 0. 1. 0. 0. 0. 1. 0. 1. 0. 0. 0. 0. 0. 0. 0. 0. 0. 0. 1. 0. 0. 0. 0. 0.],5.0,10000,30,0.6,10,1,5,,problem_solving
9500,0.015023106027030903,0.004898659027136546,0.4,-17.752162718735008,[0.         0.         0.         0.         0.01544148 0.         0.         0.         0.01546542 0.         0.         0.         0.01491494 0.         0.02338324 0.         0.         0.         0.         0.         0.         0.         0.         0.         0.         0.93079491 0.         0.         0.         0.         0.        ],[0. 0. 0. 0. 1. 0. 0. 0. 1. 0. 0. 0. 1. 0. 1. 0. 0. 0. 0. 0. 0. 0. 0. 0. 0. 1. 0. 0. 0. 0. 0.],5.0,10000,30,0.6,10,1,5,,problem_solving
9600,0.015023106027030903,0.004898659027136546,0.4,-1.5620952643764505,[0.         0.         0.         0.         0.01544148 0.         0.         0.         0.01546542 0.         0.         0.         0.01491494 0.         0.02338324 0.         0.         0.         0.         0.         0.         0.         0.         0.         0.         0.93079491 0.         0.         0.         0.         0.        ],[0. 0. 0. 0. 1. 0. 0. 0. 1. 0. 0. 0. 1. 0. 1. 0. 0. 0. 0. 0. 0. 0. 0. 0. 0. 1. 0. 0. 0. 0. 0.],5.0,10000,30,0.6,10,1,5,,problem_solving
9700,0.015023106027030903,0.004898659027136546,0.4,14.48749343473293,[0.         0.         0.         0.         0.01544148 0.         0.         0.         0.01546542 0.         0.         0.         0.01491494 0.         0.02338324 0.         0.         0.         0.         0.         0.         0.         0.         0.         0.         0.93079491 0.         0.         0.         0.         0.        ],[0. 0. 0. 0. 1. 0. 0. 0. 1. 0. 0. 0. 1. 0. 1. 0. 0. 0. 0. 0. 0. 0. 0. 0. 0. 1. 0. 0. 0. 0. 0.],5.0,10000,30,0.6,10,1,5,,problem_solving
9800,0.015023106027030903,0.004898659027136546,0.4,-0.6049534623368855,[0.         0.         0.         0.         0.01544148 0.         0.         0.         0.01546542 0.         0.         0.         0.01491494 0.         0.02338324 0.         0.         0.         0.         0.         0.         0.         0.         0.         0.         0.93079491 0.         0.         0.         0.         0.        ],[0. 0. 0. 0. 1. 0. 0. 0. 1. 0. 0. 0. 1. 0. 1. 0. 0. 0. 0. 0. 0. 0. 0. 0. 0. 1. 0. 0. 0. 0. 0.],5.0,10000,30,0.6,10,1,5,,problem_solving
9900,0.015023106027030903,0.004898659027136546,0.4,-10.135161999678301,[0.         0.         0.         0.         0.01544148 0.         0.         0.         0.01546542 0.         0.         0.         0.01491494 0.         0.02338324 0.         0.         0.         0.         0.         0.         0.         0.         0.         0.         0.93079491 0.         0.         0.         0.         0.        ],[0. 0. 0. 0. 1. 0. 0. 0. 1. 0. 0. 0. 1. 0. 1. 0. 0. 0. 0. 0. 0. 0. 0. 0. 0. 1. 0. 0. 0. 0. 0.],5.0,10000,30,0.6,10,1,5,,problem_solving
9999,0.015023106027030903,0.004898659027136546,0.4,5.037655612866496,[0.         0.         0.         0.         0.01544148 0.         0.         0.         0.01546542 0.         0.         0.         0.01491494 0.         0.02338324 0.         0.         0.         0.         0.         0.         0.         0.         0.         0.         0.93079491 0.         0.         0.         0.         0.        ],[0. 0. 0. 0. 1. 0. 0. 0. 1. 0. 0. 0. 1. 0. 1. 0. 0. 0. 0. 0. 0. 0. 0. 0. 0. 1. 0. 0. 0. 0. 0.],5.0,10000,30,0.6,10,1,5,,problem_solving
