iter,cost,return,par,move,X,Z,Q,max_iter,mem_size,mem_consider,sigma,port_n,k,seed,tag
1,0.16453376247488033,0.006488784498498785,0.4,1.8271907584782296,[0.         0.         0.         0.         0.         0.         0.         0.         0.         0.         0.01619886 0.         0.0112765  0.         0.         0.         0.01567095 0.01533026 0.         0.01390546 0.01266627 0.         0.         0.         0.         0.88828887 0.01621009 0.         0.01045275 0.         0.        ],[0. 0. 0. 0. 0. 0. 0. 0. 0. 0. 1. 0. 1. 0. 0. 0. 1. 1. 0. 1. 1. 0. 0. 0. 0. 1. 1. 0. 1. 0. 0.],9.0,10000,30,0.6,10,1,9,,problem_solving
100,0.03383333603348718,0.004530937232333835,0.4,-4.646639152131671,[0.02073907 0.01734733 0.         0.         0.         0.         0.         0.0109138  0.         0.         0.01107589 0.         0.01335598 0.01099389 0.         0.         0.         0.         0.02527041 0.         0.         0.         0.         0.         0.         0.02633635 0.         0.86396729 0.         0.         0.        ],[1. 1. 0. 0. 0. 0. 0. 1. 0. 0. 1. 0. 1. 1. 0. 0. 0. 0. 1. 0. 0. 0. 0. 0. 0. 1. 0. 1. 0. 0. 0.],9.0,10000,30,0.6,10,1,9,,problem_solving
200,0.03383333603348718,0.004530937232333835,0.4,14.526888750376845,[0.02073907 0.01734733 0.         0.         0.         0.         0.         0.0109138  0.         0.         0.01107589 0.         0.01335598 0.01099389 0.         0.         0.         0.         0.02527041 0.         0.         0.         0.         0.         0.         0.02633635 0.         0.86396729 0.         0.         0.        ],[1. 1. 0. 0. 0. 0. 0. 1. 0. 0. 1. 0. 1. 1. 0. 0. 0. 0. 1. 0. 0. 0. 0. 0. 0. 1. 0. 1. 0. 0. 0.],9.0,10000,30,0.6,10,1,9,,problem_solving
300,0.03383333603348718,0.004530937232333835,0.4,-2.7189462369306465,[0.02073907 0.01734733 0.         0.         0.         0.         0.         0.0109138  0.         0.         0.01107589 0.         0.01335598 0.01099389 0.         0.         0.         0.         0.02527041 0.         0.         0.         0.         0.         0.         0.02633635 0.         0.86396729 0.         0.         0.        ],[1. 1. 0. 0. 0. 0. 0. 1. 0. 0. 1. 0. 1. 1. 0. 0. 0. 0. 1. 0. 0. 0. 0. 0. 0. 1. 0. 1. 0. 0. 0.],9.0,10000,30,0.6,10,1,9,,problem_solving
400,0.03383333603348718,0.004530937232333835,0.4,-13.738638517427868,[0.02073907 0.01734733 0.         0.         0.         0.         0.         0.0109138  0.         0.         0.01107589 0.         0.01335598 0.01099389 0.         0.         0.         0.         0.02527041 0.         0.         0.         0.         0.         0.         0.02633635 0.         0.86396729 0.         0.         0.        ],[1. 1. 0. 0. 0. 0. 0. 1. 0. 0. 1. 0. 1. 1. 0. 0. 0. 0. 1. 0. 0. 0. 0. 0. 0. 1. 0. 1. 0. 0. 0.],9.0,10000,30,0.6,10,1,9,,problem_solving
500,0.03383333603348718,0.004530937232333835,0.4,10.79002182170506,[0.02073907 0.01734733 0.         0.         0.         0.         0.         0.0109138  0.         0.         0.01107589 0.         0.01335598 0.01099389 0.         0.         0.         0.         0.02527041 0.         0.         0.         0.         0.         0.         0.02633635 0.         0.86396729 0.         0.         0.        ],[1. 1. 0. 0. 0. 0. 0. 1. 0. 0. 1. 0. 1. 1. 0. 0. 0. 0. 1. 0. 0. 0. 0. 0. 0. 1. 0. 1. 0. 0. 0.],9.0,10000,30,0.6,10,1,9,,problem_solving
600,0.03383333603348718,0.004530937232333835,0.4,3.2607551630567766,[0.02073907 0.01734733 0.         0.         0.         0.         0.         0.0109138  0.         0.         0.01107589 0.         0.01335598 0.01099389 0.         0.         0.         0.         0.02527041 0.         0.         0.         0.         0.         0.         0.02633635 0.         0.86396729 0.         0.         0.        ],[1. 1. 0. 0. 0. 0. 0. 1. 0. 0. 1. 0. 1. 1. 0. 0. 0. 0. 1. 0. 0. 0. 0. 0. 0. 1. 0. 1. 0. 0. 0.],9.0,10000,30,0.6,10,1,9,,problem_solving
700,0.03383333603348718,0.004530937232333835,0.4,25.687208468262455,[0.02073907 0.01734733 0.         0.         0.         0.         0.         0.0109138  0.         0.         0.01107589 0.         0.01335598 0.01099389 0.         0.         0.         0.         0.02527041 0.         0.         0.         0.         0.         0.         0.02633635 0.         0.86396729 0.         0.         0.        ],[1. 1. 0. 0. 0. 0. 0. 1. 0. 0. 1. 0. 1. 1. 0. 0. 0. 0. 1. 0. 0. 0. 0. 0. 0. 1. 0. 1. 0. 0. 0.],9.0,10000,30,0.6,10,1,9,,problem_solving
800,0.031293340178500544,0.0025297839786925604,0.4,-4.292240110764859,[0.         0.01442578 0.         0.         0.01386403 0.         0.         0.         0.         0.         0.         0.         0.         0.         0.         0.01048431 0.         0.         0.         0.         0.         0.01611648 0.         0.         0.01412266 0.         0.01770358 0.88566589 0.0170611  0.01055618 0.        ],[0. 1. 0. 0. 1. 0. 0. 0. 0. 0. 0. 0. 0. 0. 0. 1. 0. 0. 0. 0. 0. 1. 0. 0. 1. 0. 1. 1. 1. 1. 0.],9.0,10000,30,0.6,10,1,9,,problem_solving
900,0.031293340178500544,0.0025297839786925604,0.4,5.239134833098174,[0.         0.01442578 0.         0.         0.01386403 0.         0.         0.         0.         0.         0.         0.         0.         0.         0.         0.01048431 0.         0.         0.         0.         0.         0.01611648 0.         0.         0.01412266 0.         0.01770358 0.88566589 0.0170611  0.01055618 0.        ],[0. 1. 0. 0. 1. 0. 0. 0. 0. 0. 0. 0. 0. 0. 0. 1. 0. 0. 0. 0. 0. 1. 0. 0. 1. 0. 1. 1. 1. 1. 0.],9.0,10000,30,0.6,10,1,9,,problem_solving
1000,0.031293340178500544,0.0025297839786925604,0.4,9.07021071807388,[0.         0.01442578 0.         0.         0.01386403 0.         0.         0.         0.         0.         0.         0.         0.         0.         0.         0.01048431 0.         0.         0.         0.         0.         0.01611648 0.         0.         0.01412266 0.         0.01770358 0.88566589 0.0170611  0.01055618 0.        ],[0. 1. 0. 0. 1. 0. 0. 0. 0. 0. 0. 0. 0. 0. 0. 1. 0. 0. 0. 0. 0. 1. 0. 0. 1. 0. 1. 1. 1. 1. 0.],9.0,10000,30,0.6,10,1,9,,problem_solving
1100,0.031293340178500544,0.0025297839786925604,0.4,19.19340222400504,[0.         0.01442578 0.         0.         0.01386403 0.         0.         0.         0.         0.         0.         0.         0.         0.         0.         0.01048431 0.         0.         0.         0.         0.         0.01611648 0.         0.         0.01412266 0.         0.01770358 0.88566589 0.0170611  0.01055618 0.        ],[0. 1. 0. 0. 1. 0. 0. 0. 0. 0. 0. 0. 0. 0. 0. 1. 0. 0. 0. 0. 0. 1. 0. 0. 1. 0. 1. 1. 1. 1. 0.],9.0,10000,30,0.6,10,1,9,,problem_solving
1200,0.031293340178500544,0.0025297839786925604,0.4,-10.337159987121385,[0.         0.01442578 0.         0.         0.01386403 0.         0.         0.         0.         0.         0.         0.         0.         0.         0.         0.01048431 0.         0.         0.         0.         0.         0.01611648 0.         0.         0.01412266 0.         0.01770358 0.88566589 0.0170611  0.01055618 0.        ],[0. 1. 0. 0. 1. 0. 0. 0. 0. 0. 0. 0. 0. 0. 0. 1. 0. 0. 0. 0. 0. 1. 0. 0. 1. 0. 1. 1. 1. 1. 0.],9.0,10000,30,0.6,10,1,9,,problem_solving
1300,0.031293340178500544,0.0025297839786925604,0.4,13.202366759016392,[0.         0.01442578 0.         0.         0.01386403 0.         0.         0.         0.         0.         0.         0.         0.         0.         0.         0.01048431 0.         0.         0.         0.         0.         0.01611648 0.         0.         0.01412266 0.         0.01770358 0.88566589 0.0170611  0.01055618 0.        ],[0. 1. 0. 0. 1. 0. 0. 0. 0. 0. 0. 0. 0. 0. 0. 1. 0. 0. 0. 0. 0. 1. 0. 0. 1. 0. 1. 1. 1. 1. 0.],9.0,10000,30,0.6,10,1,9,,problem_solving
1400,0.031293340178500544,0.0025297839786925604,0.4,-9.10467706836022,[0.         0.01442578 0.         0.         0.01386403 0.         0.         0.         0.         0.         0.         0.         0.         0.         0.         0.01048431 0.         0.         0.         0.         0.         0.01611648 0.         0.         0.01412266 0.         0.01770358 0.88566589 0.0170611  0.01055618 0.        ],[0. 1. 0. 0. 1. 0. 0. 0. 0. 0. 0. 0. 0. 0. 0. 1. 0. 0. 0. 0. 0. 1. 0. 0. 1. 0. 1. 1. 1. 1. 0.],9.0,10000,30,0.6,10,1,9,,problem_solving
1500,0.031293340178500544,0.0025297839786925604,0.4,-10.475723287847527,[0.         0.01442578 0.         0.         0.01386403 0.         0.         0.         0.         0.         0.         0.         0.         0.         0.         0.01048431 0.         0.         0.         0.         0.         0.01611648 0.         0.         0.01412266 0.         0.01770358 0.88566589 0.0170611  0.01055618 0.        ],[0. 1. 0. 0. 1. 0. 0. 0. 0. 0. 0. 0. 0. 0. 0. 1. 0. 0. 0. 0. 0. 1. 0. 0. 1. 0. 1. 1. 1. 1. 0.],9.0,10000,30,0.6,10,1,9,,problem_solving
1600,0.031293340178500544,0.0025297839786925604,0.4,-4.139951111763731,[0.         0.01442578 0.         0.         0.01386403 0.         0.         0.         0.         0.         0.         0.         0.         0.         0.         0.01048431 0.         0.         0.         0.         0.         0.01611648 0.         0.         0.01412266 0.         0.01770358 0.88566589 0.0170611  0.01055618 0.        ],[0. 1. 0. 0. 1. 0. 0. 0. 0. 0. 0. 0. 0. 0. 0. 1. 0. 0. 0. 0. 0. 1. 0. 0. 1. 0. 1. 1. 1. 1. 0.],9.0,10000,30,0.6,10,1,9,,problem_solving
1700,0.031293340178500544,0.0025297839786925604,0.4,0.6751341315474534,[0.         0.01442578 0.         0.         0.01386403 0.         0.         0.         0.         0.         0.         0.         0.         0.         0.         0.01048431 0.         0.         0.         0.         0.         0.01611648 0.         0.         0.01412266 0.         0.01770358 0.88566589 0.0170611  0.01055618 0.        ],[0. 1. 0. 0. 1. 0. 0. 0. 0. 0. 0. 0. 0. 0. 0. 1. 0. 0. 0. 0. 0. 1. 0. 0. 1. 0. 1. 1. 1. 1. 0.],9.0,10000,30,0.6,10,1,9,,problem_solving
1800,0.030098017157143754,0.009960545902814992,0.4,-14.798867613450962,[0.         0.         0.         0.         0.89347564 0.         0.0148735  0.         0.         0.         0.         0.         0.         0.         0.         0.         0.01508972 0.         0.         0.01072831 0.01388992 0.01155434 0.         0.         0.01230342 0.         0.         0.0130724  0.         0.         0.01501275],[0. 0. 0. 0. 1. 0. 1. 0. 0. 0. 0. 0. 0. 0. 0. 0. 1. 0. 0. 1. 1. 1. 0. 0. 1. 0. 0. 1. 0. 0. 1.],9.0,10000,30,0.6,10,1,9,,problem_solving
1900,0.030098017157143754,0.009960545902814992,0.4,22.214763696470815,[0.         0.         0.         0.         0.89347564 0.         0.0148735  0.         0.         0.         0.         0.         0.         0.         0.         0.         0.01508972 0.         0.         0.01072831 0.01388992 0.01155434 0.         0.         0.01230342 0.         0.         0.0130724  0.         0.         0.01501275],[0. 0. 0. 0. 1. 0. 1. 0. 0. 0. 0. 0. 0. 0. 0. 0. 1. 0. 0. 1. 1. 1. 0. 0. 1. 0. 0. 1. 0. 0. 1.],9.0,10000,30,0.6,10,1,9,,problem_solving
2000,0.030098017157143754,0.009960545902814992,0.4,9.287311299992044,[0.         0.         0.         0.         0.89347564 0.         0.0148735  0.         0.         0.         0.         0.         0.         0.         0.         0.         0.01508972 0.         0.         0.01072831 0.01388992 0.01155434 0.         0.         0.01230342 0.         0.         0.0130724  0.         0.         0.01501275],[0. 0. 0. 0. 1. 0. 1. 0. 0. 0. 0. 0. 0. 0. 0. 0. 1. 0. 0. 1. 1. 1. 0. 0. 1. 0. 0. 1. 0. 0. 1.],9.0,10000,30,0.6,10,1,9,,problem_solving
2100,0.030098017157143754,0.009960545902814992,0.4,4.174250228082483,[0.         0.         0.         0.         0.89347564 0.         0.0148735  0.         0.         0.         0.         0.         0.         0.         0.         0.         0.01508972 0.         0.         0.01072831 0.01388992 0.01155434 0.         0.         0.01230342 0.         0.         0.0130724  0.         0.         0.01501275],[0. 0. 0. 0. 1. 0. 1. 0. 0. 0. 0. 0. 0. 0. 0. 0. 1. 0. 0. 1. 1. 1. 0. 0. 1. 0. 0. 1. 0. 0. 1.],9.0,10000,30,0.6,10,1,9,,problem_solving
2200,0.030098017157143754,0.009960545902814992,0.4,2.263807110353659,[0.         0.         0.         0.         0.89347564 0.         0.0148735  0.         0.         0.         0.         0.         0.         0.         0.         0.         0.01508972 0.         0.         0.01072831 0.01388992 0.01155434 0.         0.         0.01230342 0.         0.         0.0130724  0.         0.         0.01501275],[0. 0. 0. 0. 1. 0. 1. 0. 0. 0. 0. 0. 0. 0. 0. 0. 1. 0. 0. 1. 1. 1. 0. 0. 1. 0. 0. 1. 0. 0. 1.],9.0,10000,30,0.6,10,1,9,,problem_solving
2300,0.030098017157143754,0.009960545902814992,0.4,-10.347284809398985,[0.         0.         0.         0.         0.89347564 0.         0.0148735  0.         0.         0.         0.         0.         0.         0.         0.         0.         0.01508972 0.         0.         0.01072831 0.01388992 0.01155434 0.         0.         0.01230342 0.         0.         0.0130724  0.         0.         0.01501275],[0. 0. 0. 0. 1. 0. 1. 0. 0. 0. 0. 0. 0. 0. 0. 0. 1. 0. 0. 1. 1. 1. 0. 0. 1. 0. 0. 1. 0. 0. 1.],9.0,10000,30,0.6,10,1,9,,problem_solving
2400,0.02888181057120973,0.004684434426275246,0.4,-1.2795259277185815,[0.01330693 0.         0.         0.         0.01845746 0.         0.         0.         0.         0.         0.01403614 0.         0.         0.01844542 0.01052997 0.         0.0108802  0.         0.         0.         0.01526712 0.         0.         0.         0.         0.88858018 0.         0.         0.         0.         0.0104966 ],[1. 0. 0. 0. 1. 0. 0. 0. 0. 0. 1. 0. 0. 1. 1. 0. 1. 0. 0. 0. 1. 0. 0. 0. 0. 1. 0. 0. 0. 0. 1.],9.0,10000,30,0.6,10,1,9,,problem_solving
2500,0.02888181057120973,0.004684434426275246,0.4,-1.8413658774440536,[0.01330693 0.         0.         0.         0.01845746 0.         0.         0.         0.         0.         0.01403614 0.         0.         0.01844542 0.01052997 0.         0.0108802  0.         0.         0.         0.01526712 0.         0.         0.         0.         0.88858018 0.         0.         0.         0.         0.0104966 ],[1. 0. 0. 0. 1. 0. 0. 0. 0. 0. 1. 0. 0. 1. 1. 0. 1. 0. 0. 0. 1. 0. 0. 0. 0. 1. 0. 0. 0. 0. 1.],9.0,10000,30,0.6,10,1,9,,problem_solving
2600,0.02888181057120973,0.004684434426275246,0.4,-5.458210959607853,[0.01330693 0.         0.         0.         0.01845746 0.         0.         0.         0.         0.         0.01403614 0.         0.         0.01844542 0.01052997 0.         0.0108802  0.         0.         0.         0.01526712 0.         0.         0.         0.         0.88858018 0.         0.         0.         0.         0.0104966 ],[1. 0. 0. 0. 1. 0. 0. 0. 0. 0. 1. 0. 0. 1. 1. 0. 1. 0. 0. 0. 1. 0. 0. 0. 0. 1. 0. 0. 0. 0. 1.],9.0,10000,30,0.6,10,1,9,,problem_solving
2700,0.02888181057120973,0.004684434426275246,0.4,-18.916805358648745,[0.01330693 0.         0.         0.         0.01845746 0.         0.         0.         0.         0.         0.01403614 0.         0.         0.01844542 0.01052997 0.         0.0108802  0.         0.         0.         0.01526712 0.         0.         0.         0.         0.88858018 0.         0.         0.         0.         0.0104966 ],[1. 0. 0. 0. 1. 0. 0. 0. 0. 0. 1. 0. 0. 1. 1. 0. 1. 0. 0. 0. 1. 0. 0. 0. 0. 1. 0. 0. 0. 0. 1.],9.0,10000,30,0.6,10,1,9,,problem_solving
2800,0.02888181057120973,0.004684434426275246,0.4,-4.019528142470666,[0.01330693 0.         0.         0.         0.01845746 0.         0.         0.         0.         0.         0.01403614 0.         0.         0.01844542 0.01052997 0.         0.0108802  0.         0.         0.         0.01526712 0.         0.         0.         0.         0.88858018 0.         0.         0.         0.         0.0104966 ],[1. 0. 0. 0. 1. 0. 0. 0. 0. 0. 1. 0. 0. 1. 1. 0. 1. 0. 0. 0. 1. 0. 0. 0. 0. 1. 0. 0. 0. 0. 1.],9.0,10000,30,0.6,10,1,9,,problem_solving
2900,0.02888181057120973,0.004684434426275246,0.4,-10.840927710959056,[0.01330693 0.         0.         0.         0.01845746 0.         0.         0.         0.         0.         0.01403614 0.         0.         0.01844542 0.01052997 0.         0.0108802  0.         0.         0.         0.01526712 0.         0.         0.         0.         0.88858018 0.         0.         0.         0.         0.0104966 ],[1. 0. 0. 0. 1. 0. 0. 0. 0. 0. 1. 0. 0. 1. 1. 0. 1. 0. 0. 0. 1. 0. 0. 0. 0. 1. 0. 0. 0. 0. 1.],9.0,10000,30,0.6,10,1,9,,problem_solving
3000,0.02888181057120973,0.004684434426275246,0.4,-3.925397106225587,[0.01330693 0.         0.         0.         0.01845746 0.         0.         0.         0.         0.         0.01403614 0.         0.         0.01844542 0.01052997 0.         0.0108802  0.         0.         0.         0.01526712 0.         0.         0.         0.         0.88858018 0.         0.         0.         0.         0.0104966 ],[1. 0. 0. 0. 1. 0. 0. 0. 0. 0. 1. 0. 0. 1. 1. 0. 1. 0. 0. 0. 1. 0. 0. 0. 0. 1. 0. 0. 0. 0. 1.],9.0,10000,30,0.6,10,1,9,,problem_solving
3100,0.02888181057120973,0.004684434426275246,0.4,12.162597129692639,[0.01330693 0.         0.         0.         0.01845746 0.         0.         0.         0.         0.         0.01403614 0.         0.         0.01844542 0.01052997 0.         0.0108802  0.         0.         0.         0.01526712 0.         0.         0.         0.         0.88858018 0.         0.         0.         0.         0.0104966 ],[1. 0. 0. 0. 1. 0. 0. 0. 0. 0. 1. 0. 0. 1. 1. 0. 1. 0. 0. 0. 1. 0. 0. 0. 0. 1. 0. 0. 0. 0. 1.],9.0,10000,30,0.6,10,1,9,,problem_solving
3200,0.02888181057120973,0.004684434426275246,0.4,-11.698006091902966,[0.01330693 0.         0.         0.         0.01845746 0.         0.         0.         0.         0.         0.01403614 0.         0.         0.01844542 0.01052997 0.         0.0108802  0.         0.         0.         0.01526712 0.         0.         0.         0.         0.88858018 0.         0.         0.         0.         0.0104966 ],[1. 0. 0. 0. 1. 0. 0. 0. 0. 0. 1. 0. 0. 1. 1. 0. 1. 0. 0. 0. 1. 0. 0. 0. 0. 1. 0. 0. 0. 0. 1.],9.0,10000,30,0.6,10,1,9,,problem_solving
3300,0.02888181057120973,0.004684434426275246,0.4,1.519430230939764,[0.01330693 0.         0.         0.         0.01845746 0.         0.         0.         0.         0.         0.01403614 0.         0.         0.01844542 0.01052997 0.         0.0108802  0.         0.         0.         0.01526712 0.         0.         0.         0.         0.88858018 0.         0.         0.         0.         0.0104966 ],[1. 0. 0. 0. 1. 0. 0. 0. 0. 0. 1. 0. 0. 1. 1. 0. 1. 0. 0. 0. 1. 0. 0. 0. 0. 1. 0. 0. 0. 0. 1.],9.0,10000,30,0.6,10,1,9,,problem_solving
3400,0.02888181057120973,0.004684434426275246,0.4,-1.1777055617873065,[0.01330693 0.         0.         0.         0.01845746 0.         0.         0.         0.         0.         0.01403614 0.         0.         0.01844542 0.01052997 0.         0.0108802  0.         0.         0.         0.01526712 0.         0.         0.         0.         0.88858018 0.         0.         0.         0.         0.0104966 ],[1. 0. 0. 0. 1. 0. 0. 0. 0. 0. 1. 0. 0. 1. 1. 0. 1. 0. 0. 0. 1. 0. 0. 0. 0. 1. 0. 0. 0. 0. 1.],9.0,10000,30,0.6,10,1,9,,problem_solving
3500,0.02888181057120973,0.004684434426275246,0.4,2.3520532216377106,[0.01330693 0.         0.         0.         0.01845746 0.         0.         0.         0.         0.         0.01403614 0.         0.         0.01844542 0.01052997 0.         0.0108802  0.         0.         0.         0.01526712 0.         0.         0.         0.         0.88858018 0.         0.         0.         0.         0.0104966 ],[1. 0. 0. 0. 1. 0. 0. 0. 0. 0. 1. 0. 0. 1. 1. 0. 1. 0. 0. 0. 1. 0. 0. 0. 0. 1. 0. 0. 0. 0. 1.],9.0,10000,30,0.6,10,1,9,,problem_solving
3600,0.02888181057120973,0.004684434426275246,0.4,-8.112377833235303,[0.01330693 0.         0.         0.         0.01845746 0.         0.         0.         0.         0.         0.01403614 0.         0.         0.01844542 0.01052997 0.         0.0108802  0.         0.         0.         0.01526712 0.         0.         0.         0.         0.88858018 0.         0.         0.         0.         0.0104966 ],[1. 0. 0. 0. 1. 0. 0. 0. 0. 0. 1. 0. 0. 1. 1. 0. 1. 0. 0. 0. 1. 0. 0. 0. 0. 1. 0. 0. 0. 0. 1.],9.0,10000,30,0.6,10,1,9,,problem_solving
3700,0.02888181057120973,0.004684434426275246,0.4,9.306994886591129,[0.01330693 0.         0.         0.         0.01845746 0.         0.         0.         0.         0.         0.01403614 0.         0.         0.01844542 0.01052997 0.         0.0108802  0.         0.         0.         0.01526712 0.         0.         0.         0.         0.88858018 0.         0.         0.         0.         0.0104966 ],[1. 0. 0. 0. 1. 0. 0. 0. 0. 0. 1. 0. 0. 1. 1. 0. 1. 0. 0. 0. 1. 0. 0. 0. 0. 1. 0. 0. 0. 0. 1.],9.0,10000,30,0.6,10,1,9,,problem_solving
3800,0.02888181057120973,0.004684434426275246,0.4,3.6358876511383764,[0.01330693 0.         0.         0.         0.01845746 0.         0.         0.         0.         0.         0.01403614 0.         0.         0.01844542 0.01052997 0.         0.0108802  0.         0.         0.         0.01526712 0.         0.         0.         0.         0.88858018 0.         0.         0.         0.         0.0104966 ],[1. 0. 0. 0. 1. 0. 0. 0. 0. 0. 1. 0. 0. 1. 1. 0. 1. 0. 0. 0. 1. 0. 0. 0. 0. 1. 0. 0. 0. 0. 1.],9.0,10000,30,0.6,10,1,9,,problem_solving
3900,0.02888181057120973,0.004684434426275246,0.4,9.014369405854682,[0.01330693 0.         0.         0.         0.01845746 0.         0.         0.         0.         0.         0.01403614 0.         0.         0.01844542 0.01052997 0.         0.0108802  0.         0.         0.         0.01526712 0.         0.         0.         0.         0.88858018 0.         0.         0.         0.         0.0104966 ],[1. 0. 0. 0. 1. 0. 0. 0. 0. 0. 1. 0. 0. 1. 1. 0. 1. 0. 0. 0. 1. 0. 0. 0. 0. 1. 0. 0. 0. 0. 1.],9.0,10000,30,0.6,10,1,9,,problem_solving
4000,0.02888181057120973,0.004684434426275246,0.4,-11.553025305265008,[0.01330693 0.         0.         0.         0.01845746 0.         0.         0.         0.         0.         0.01403614 0.         0.         0.01844542 0.01052997 0.         0.0108802  0.         0.         0.         0.01526712 0.         0.         0.         0.         0.88858018 0.         0.         0.         0.         0.0104966 ],[1. 0. 0. 0. 1. 0. 0. 0. 0. 0. 1. 0. 0. 1. 1. 0. 1. 0. 0. 0. 1. 0. 0. 0. 0. 1. 0. 0. 0. 0. 1.],9.0,10000,30,0.6,10,1,9,,problem_solving
4100,0.02888181057120973,0.004684434426275246,0.4,-10.033100797294397,[0.01330693 0.         0.         0.         0.01845746 0.         0.         0.         0.         0.         0.01403614 0.         0.         0.01844542 0.01052997 0.         0.0108802  0.         0.         0.         0.01526712 0.         0.         0.         0.         0.88858018 0.         0.         0.         0.         0.0104966 ],[1. 0. 0. 0. 1. 0. 0. 0. 0. 0. 1. 0. 0. 1. 1. 0. 1. 0. 0. 0. 1. 0. 0. 0. 0. 1. 0. 0. 0. 0. 1.],9.0,10000,30,0.6,10,1,9,,problem_solving
4200,0.02888181057120973,0.004684434426275246,0.4,-6.278184511068934,[0.01330693 0.         0.         0.         0.01845746 0.         0.         0.         0.         0.         0.01403614 0.         0.         0.01844542 0.01052997 0.         0.0108802  0.         0.         0.         0.01526712 0.         0.         0.         0.         0.88858018 0.         0.         0.         0.         0.0104966 ],[1. 0. 0. 0. 1. 0. 0. 0. 0. 0. 1. 0. 0. 1. 1. 0. 1. 0. 0. 0. 1. 0. 0. 0. 0. 1. 0. 0. 0. 0. 1.],9.0,10000,30,0.6,10,1,9,,problem_solving
4300,0.02888181057120973,0.004684434426275246,0.4,2.0971961037388613,[0.01330693 0.         0.         0.         0.01845746 0.         0.         0.         0.         0.         0.01403614 0.         0.         0.01844542 0.01052997 0.         0.0108802  0.         0.         0.         0.01526712 0.         0.         0.         0.         0.88858018 0.         0.         0.         0.         0.0104966 ],[1. 0. 0. 0. 1. 0. 0. 0. 0. 0. 1. 0. 0. 1. 1. 0. 1. 0. 0. 0. 1. 0. 0. 0. 0. 1. 0. 0. 0. 0. 1.],9.0,10000,30,0.6,10,1,9,,problem_solving
4400,0.02888181057120973,0.004684434426275246,0.4,-0.21354028868302655,[0.01330693 0.         0.         0.         0.01845746 0.         0.         0.         0.         0.         0.01403614 0.         0.         0.01844542 0.01052997 0.         0.0108802  0.         0.         0.         0.01526712 0.         0.         0.         0.         0.88858018 0.         0.         0.         0.         0.0104966 ],[1. 0. 0. 0. 1. 0. 0. 0. 0. 0. 1. 0. 0. 1. 1. 0. 1. 0. 0. 0. 1. 0. 0. 0. 0. 1. 0. 0. 0. 0. 1.],9.0,10000,30,0.6,10,1,9,,problem_solving
4500,0.02888181057120973,0.004684434426275246,0.4,-3.356949254671489,[0.01330693 0.         0.         0.         0.01845746 0.         0.         0.         0.         0.         0.01403614 0.         0.         0.01844542 0.01052997 0.         0.0108802  0.         0.         0.         0.01526712 0.         0.         0.         0.         0.88858018 0.         0.         0.         0.         0.0104966 ],[1. 0. 0. 0. 1. 0. 0. 0. 0. 0. 1. 0. 0. 1. 1. 0. 1. 0. 0. 0. 1. 0. 0. 0. 0. 1. 0. 0. 0. 0. 1.],9.0,10000,30,0.6,10,1,9,,problem_solving
4600,0.02888181057120973,0.004684434426275246,0.4,14.76176522645363,[0.01330693 0.         0.         0.         0.01845746 0.         0.         0.         0.         0.         0.01403614 0.         0.         0.01844542 0.01052997 0.         0.0108802  0.         0.         0.         0.01526712 0.         0.         0.         0.         0.88858018 0.         0.         0.         0.         0.0104966 ],[1. 0. 0. 0. 1. 0. 0. 0. 0. 0. 1. 0. 0. 1. 1. 0. 1. 0. 0. 0. 1. 0. 0. 0. 0. 1. 0. 0. 0. 0. 1.],9.0,10000,30,0.6,10,1,9,,problem_solving
4700,0.02888181057120973,0.004684434426275246,0.4,1.8983546470467756,[0.01330693 0.         0.         0.         0.01845746 0.         0.         0.         0.         0.         0.01403614 0.         0.         0.01844542 0.01052997 0.         0.0108802  0.         0.         0.         0.01526712 0.         0.         0.         0.         0.88858018 0.         0.         0.         0.         0.0104966 ],[1. 0. 0. 0. 1. 0. 0. 0. 0. 0. 1. 0. 0. 1. 1. 0. 1. 0. 0. 0. 1. 0. 0. 0. 0. 1. 0. 0. 0. 0. 1.],9.0,10000,30,0.6,10,1,9,,problem_solving
4800,0.02888181057120973,0.004684434426275246,0.4,-0.41039758962162365,[0.01330693 0.         0.         0.         0.01845746 0.         0.         0.         0.         0.         0.01403614 0.         0.         0.01844542 0.01052997 0.         0.0108802  0.         0.         0.         0.01526712 0.         0.         0.         0.         0.88858018 0.         0.         0.         0.         0.0104966 ],[1. 0. 0. 0. 1. 0. 0. 0. 0. 0. 1. 0. 0. 1. 1. 0. 1. 0. 0. 0. 1. 0. 0. 0. 0. 1. 0. 0. 0. 0. 1.],9.0,10000,30,0.6,10,1,9,,problem_solving
4900,0.02887791917274825,0.0023867457989080417,0.4,-4.76987992008697,[0.         0.         0.         0.         0.         0.         0.         0.01057628 0.         0.         0.01268653 0.01383367 0.         0.         0.01155877 0.01671818 0.         0.         0.         0.         0.01049197 0.         0.         0.         0.0114902  0.         0.         0.8974516  0.         0.01519279 0.        ],[0. 0. 0. 0. 0. 0. 0. 1. 0. 0. 1. 1. 0. 0. 1. 1. 0. 0. 0. 0. 1. 0. 0. 0. 1. 0. 0. 1. 0. 1. 0.],9.0,10000,30,0.6,10,1,9,,problem_solving
5000,0.02887791917274825,0.0023867457989080417,0.4,10.024462441083024,[0.         0.         0.         0.         0.         0.         0.         0.01057628 0.         0.         0.01268653 0.01383367 0.         0.         0.01155877 0.01671818 0.         0.         0.         0.         0.01049197 0.         0.         0.         0.0114902  0.         0.         0.8974516  0.         0.01519279 0.        ],[0. 0. 0. 0. 0. 0. 0. 1. 0. 0. 1. 1. 0. 0. 1. 1. 0. 0. 0. 0. 1. 0. 0. 0. 1. 0. 0. 1. 0. 1. 0.],9.0,10000,30,0.6,10,1,9,,problem_solving
5100,0.02887791917274825,0.0023867457989080417,0.4,8.837723068583243,[0.         0.         0.         0.         0.         0.         0.         0.01057628 0.         0.         0.01268653 0.01383367 0.         0.         0.01155877 0.01671818 0.         0.         0.         0.         0.01049197 0.         0.         0.         0.0114902  0.         0.         0.8974516  0.         0.01519279 0.        ],[0. 0. 0. 0. 0. 0. 0. 1. 0. 0. 1. 1. 0. 0. 1. 1. 0. 0. 0. 0. 1. 0. 0. 0. 1. 0. 0. 1. 0. 1. 0.],9.0,10000,30,0.6,10,1,9,,problem_solving
5200,0.02887791917274825,0.0023867457989080417,0.4,5.993263610139019,[0.         0.         0.         0.         0.         0.         0.         0.01057628 0.         0.         0.01268653 0.01383367 0.         0.         0.01155877 0.01671818 0.         0.         0.         0.         0.01049197 0.         0.         0.         0.0114902  0.         0.         0.8974516  0.         0.01519279 0.        ],[0. 0. 0. 0. 0. 0. 0. 1. 0. 0. 1. 1. 0. 0. 1. 1. 0. 0. 0. 0. 1. 0. 0. 0. 1. 0. 0. 1. 0. 1. 0.],9.0,10000,30,0.6,10,1,9,,problem_solving
5300,0.02887791917274825,0.0023867457989080417,0.4,-7.457743610236199,[0.         0.         0.         0.         0.         0.         0.         0.01057628 0.         0.         0.01268653 0.01383367 0.         0.         0.01155877 0.01671818 0.         0.         0.         0.         0.01049197 0.         0.         0.         0.0114902  0.         0.         0.8974516  0.         0.01519279 0.        ],[0. 0. 0. 0. 0. 0. 0. 1. 0. 0. 1. 1. 0. 0. 1. 1. 0. 0. 0. 0. 1. 0. 0. 0. 1. 0. 0. 1. 0. 1. 0.],9.0,10000,30,0.6,10,1,9,,problem_solving
5400,0.02887791917274825,0.0023867457989080417,0.4,1.5121178130803268,[0.         0.         0.         0.         0.         0.         0.         0.01057628 0.         0.         0.01268653 0.01383367 0.         0.         0.01155877 0.01671818 0.         0.         0.         0.         0.01049197 0.         0.         0.         0.0114902  0.         0.         0.8974516  0.         0.01519279 0.        ],[0. 0. 0. 0. 0. 0. 0. 1. 0. 0. 1. 1. 0. 0. 1. 1. 0. 0. 0. 0. 1. 0. 0. 0. 1. 0. 0. 1. 0. 1. 0.],9.0,10000,30,0.6,10,1,9,,problem_solving
5500,0.02887791917274825,0.0023867457989080417,0.4,16.637885851048452,[0.         0.         0.         0.         0.         0.         0.         0.01057628 0.         0.         0.01268653 0.01383367 0.         0.         0.01155877 0.01671818 0.         0.         0.         0.         0.01049197 0.         0.         0.         0.0114902  0.         0.         0.8974516  0.         0.01519279 0.        ],[0. 0. 0. 0. 0. 0. 0. 1. 0. 0. 1. 1. 0. 0. 1. 1. 0. 0. 0. 0. 1. 0. 0. 0. 1. 0. 0. 1. 0. 1. 0.],9.0,10000,30,0.6,10,1,9,,problem_solving
5600,0.02887791917274825,0.0023867457989080417,0.4,4.310110452310796,[0.         0.         0.         0.         0.         0.         0.         0.01057628 0.         0.         0.01268653 0.01383367 0.         0.         0.01155877 0.01671818 0.         0.         0.         0.         0.01049197 0.         0.         0.         0.0114902  0.         0.         0.8974516  0.         0.01519279 0.        ],[0. 0. 0. 0. 0. 0. 0. 1. 0. 0. 1. 1. 0. 0. 1. 1. 0. 0. 0. 0. 1. 0. 0. 0. 1. 0. 0. 1. 0. 1. 0.],9.0,10000,30,0.6,10,1,9,,problem_solving
5700,0.02887791917274825,0.0023867457989080417,0.4,17.76501479022204,[0.         0.         0.         0.         0.         0.         0.         0.01057628 0.         0.         0.01268653 0.01383367 0.         0.         0.01155877 0.01671818 0.         0.         0.         0.         0.01049197 0.         0.         0.         0.0114902  0.         0.         0.8974516  0.         0.01519279 0.        ],[0. 0. 0. 0. 0. 0. 0. 1. 0. 0. 1. 1. 0. 0. 1. 1. 0. 0. 0. 0. 1. 0. 0. 0. 1. 0. 0. 1. 0. 1. 0.],9.0,10000,30,0.6,10,1,9,,problem_solving
5800,0.02887791917274825,0.0023867457989080417,0.4,-14.62745005544146,[0.         0.         0.         0.         0.         0.         0.         0.01057628 0.         0.         0.01268653 0.01383367 0.         0.         0.01155877 0.01671818 0.         0.         0.         0.         0.01049197 0.         0.         0.         0.0114902  0.         0.         0.8974516  0.         0.01519279 0.        ],[0. 0. 0. 0. 0. 0. 0. 1. 0. 0. 1. 1. 0. 0. 1. 1. 0. 0. 0. 0. 1. 0. 0. 0. 1. 0. 0. 1. 0. 1. 0.],9.0,10000,30,0.6,10,1,9,,problem_solving
5900,0.02887791917274825,0.0023867457989080417,0.4,9.583829791071777,[0.         0.         0.         0.         0.         0.         0.         0.01057628 0.         0.         0.01268653 0.01383367 0.         0.         0.01155877 0.01671818 0.         0.         0.         0.         0.01049197 0.         0.         0.         0.0114902  0.         0.         0.8974516  0.         0.01519279 0.        ],[0. 0. 0. 0. 0. 0. 0. 1. 0. 0. 1. 1. 0. 0. 1. 1. 0. 0. 0. 0. 1. 0. 0. 0. 1. 0. 0. 1. 0. 1. 0.],9.0,10000,30,0.6,10,1,9,,problem_solving
6000,0.02887791917274825,0.0023867457989080417,0.4,-1.2289987570982253,[0.         0.         0.         0.         0.         0.         0.         0.01057628 0.         0.         0.01268653 0.01383367 0.         0.         0.01155877 0.01671818 0.         0.         0.         0.         0.01049197 0.         0.         0.         0.0114902  0.         0.         0.8974516  0.         0.01519279 0.        ],[0. 0. 0. 0. 0. 0. 0. 1. 0. 0. 1. 1. 0. 0. 1. 1. 0. 0. 0. 0. 1. 0. 0. 0. 1. 0. 0. 1. 0. 1. 0.],9.0,10000,30,0.6,10,1,9,,problem_solving
6100,0.02887791917274825,0.0023867457989080417,0.4,-7.848637937508469,[0.         0.         0.         0.         0.         0.         0.         0.01057628 0.         0.         0.01268653 0.01383367 0.         0.         0.01155877 0.01671818 0.         0.         0.         0.         0.01049197 0.         0.         0.         0.0114902  0.         0.         0.8974516  0.         0.01519279 0.        ],[0. 0. 0. 0. 0. 0. 0. 1. 0. 0. 1. 1. 0. 0. 1. 1. 0. 0. 0. 0. 1. 0. 0. 0. 1. 0. 0. 1. 0. 1. 0.],9.0,10000,30,0.6,10,1,9,,problem_solving
6200,0.02887791917274825,0.0023867457989080417,0.4,1.7540241029179673,[0.         0.         0.         0.         0.         0.         0.         0.01057628 0.         0.         0.01268653 0.01383367 0.         0.         0.01155877 0.01671818 0.         0.         0.         0.         0.01049197 0.         0.         0.         0.0114902  0.         0.         0.8974516  0.         0.01519279 0.        ],[0. 0. 0. 0. 0. 0. 0. 1. 0. 0. 1. 1. 0. 0. 1. 1. 0. 0. 0. 0. 1. 0. 0. 0. 1. 0. 0. 1. 0. 1. 0.],9.0,10000,30,0.6,10,1,9,,problem_solving
6300,0.02887791917274825,0.0023867457989080417,0.4,5.493797560359005,[0.         0.         0.         0.         0.         0.         0.         0.01057628 0.         0.         0.01268653 0.01383367 0.         0.         0.01155877 0.01671818 0.         0.         0.         0.         0.01049197 0.         0.         0.         0.0114902  0.         0.         0.8974516  0.         0.01519279 0.        ],[0. 0. 0. 0. 0. 0. 0. 1. 0. 0. 1. 1. 0. 0. 1. 1. 0. 0. 0. 0. 1. 0. 0. 0. 1. 0. 0. 1. 0. 1. 0.],9.0,10000,30,0.6,10,1,9,,problem_solving
6400,0.02887791917274825,0.0023867457989080417,0.4,11.431961823374388,[0.         0.         0.         0.         0.         0.         0.         0.01057628 0.         0.         0.01268653 0.01383367 0.         0.         0.01155877 0.01671818 0.         0.         0.         0.         0.01049197 0.         0.         0.         0.0114902  0.         0.         0.8974516  0.         0.01519279 0.        ],[0. 0. 0. 0. 0. 0. 0. 1. 0. 0. 1. 1. 0. 0. 1. 1. 0. 0. 0. 0. 1. 0. 0. 0. 1. 0. 0. 1. 0. 1. 0.],9.0,10000,30,0.6,10,1,9,,problem_solving
6500,0.02887791917274825,0.0023867457989080417,0.4,20.1295831488236,[0.         0.         0.         0.         0.         0.         0.         0.01057628 0.         0.         0.01268653 0.01383367 0.         0.         0.01155877 0.01671818 0.         0.         0.         0.         0.01049197 0.         0.         0.         0.0114902  0.         0.         0.8974516  0.         0.01519279 0.        ],[0. 0. 0. 0. 0. 0. 0. 1. 0. 0. 1. 1. 0. 0. 1. 1. 0. 0. 0. 0. 1. 0. 0. 0. 1. 0. 0. 1. 0. 1. 0.],9.0,10000,30,0.6,10,1,9,,problem_solving
6600,0.02887791917274825,0.0023867457989080417,0.4,-15.292984494892261,[0.         0.         0.         0.         0.         0.         0.         0.01057628 0.         0.         0.01268653 0.01383367 0.         0.         0.01155877 0.01671818 0.         0.         0.         0.         0.01049197 0.         0.         0.         0.0114902  0.         0.         0.8974516  0.         0.01519279 0.        ],[0. 0. 0. 0. 0. 0. 0. 1. 0. 0. 1. 1. 0. 0. 1. 1. 0. 0. 0. 0. 1. 0. 0. 0. 1. 0. 0. 1. 0. 1. 0.],9.0,10000,30,0.6,10,1,9,,problem_solving
6700,0.02887791917274825,0.0023867457989080417,0.4,-18.64461137342832,[0.         0.         0.         0.         0.         0.         0.         0.01057628 0.         0.         0.01268653 0.01383367 0.         0.         0.01155877 0.01671818 0.         0.         0.         0.         0.01049197 0.         0.         0.         0.0114902  0.         0.         0.8974516  0.         0.01519279 0.        ],[0. 0. 0. 0. 0. 0. 0. 1. 0. 0. 1. 1. 0. 0. 1. 1. 0. 0. 0. 0. 1. 0. 0. 0. 1. 0. 0. 1. 0. 1. 0.],9.0,10000,30,0.6,10,1,9,,problem_solving
6800,0.02887791917274825,0.0023867457989080417,0.4,-15.253474378363446,[0.         0.         0.         0.         0.         0.         0.         0.01057628 0.         0.         0.01268653 0.01383367 0.         0.         0.01155877 0.01671818 0.         0.         0.         0.         0.01049197 0.         0.         0.         0.0114902  0.         0.         0.8974516  0.         0.01519279 0.        ],[0. 0. 0. 0. 0. 0. 0. 1. 0. 0. 1. 1. 0. 0. 1. 1. 0. 0. 0. 0. 1. 0. 0. 0. 1. 0. 0. 1. 0. 1. 0.],9.0,10000,30,0.6,10,1,9,,problem_solving
6900,0.02887791917274825,0.0023867457989080417,0.4,-18.434804356146564,[0.         0.         0.         0.         0.         0.         0.         0.01057628 0.         0.         0.01268653 0.01383367 0.         0.         0.01155877 0.01671818 0.         0.         0.         0.         0.01049197 0.         0.         0.         0.0114902  0.         0.         0.8974516  0.         0.01519279 0.        ],[0. 0. 0. 0. 0. 0. 0. 1. 0. 0. 1. 1. 0. 0. 1. 1. 0. 0. 0. 0. 1. 0. 0. 0. 1. 0. 0. 1. 0. 1. 0.],9.0,10000,30,0.6,10,1,9,,problem_solving
7000,0.02887791917274825,0.0023867457989080417,0.4,-2.2628357635854353,[0.         0.         0.         0.         0.         0.         0.         0.01057628 0.         0.         0.01268653 0.01383367 0.         0.         0.01155877 0.01671818 0.         0.         0.         0.         0.01049197 0.         0.         0.         0.0114902  0.         0.         0.8974516  0.         0.01519279 0.        ],[0. 0. 0. 0. 0. 0. 0. 1. 0. 0. 1. 1. 0. 0. 1. 1. 0. 0. 0. 0. 1. 0. 0. 0. 1. 0. 0. 1. 0. 1. 0.],9.0,10000,30,0.6,10,1,9,,problem_solving
7100,0.02887791917274825,0.0023867457989080417,0.4,5.423973885138038,[0.         0.         0.         0.         0.         0.         0.         0.01057628 0.         0.         0.01268653 0.01383367 0.         0.         0.01155877 0.01671818 0.         0.         0.         0.         0.01049197 0.         0.         0.         0.0114902  0.         0.         0.8974516  0.         0.01519279 0.        ],[0. 0. 0. 0. 0. 0. 0. 1. 0. 0. 1. 1. 0. 0. 1. 1. 0. 0. 0. 0. 1. 0. 0. 0. 1. 0. 0. 1. 0. 1. 0.],9.0,10000,30,0.6,10,1,9,,problem_solving
7200,0.02887791917274825,0.0023867457989080417,0.4,-3.4910107479734833,[0.         0.         0.         0.         0.         0.         0.         0.01057628 0.         0.         0.01268653 0.01383367 0.         0.         0.01155877 0.01671818 0.         0.         0.         0.         0.01049197 0.         0.         0.         0.0114902  0.         0.         0.8974516  0.         0.01519279 0.        ],[0. 0. 0. 0. 0. 0. 0. 1. 0. 0. 1. 1. 0. 0. 1. 1. 0. 0. 0. 0. 1. 0. 0. 0. 1. 0. 0. 1. 0. 1. 0.],9.0,10000,30,0.6,10,1,9,,problem_solving
7300,0.02887791917274825,0.0023867457989080417,0.4,2.9942888037285345,[0.         0.         0.         0.         0.         0.         0.         0.01057628 0.         0.         0.01268653 0.01383367 0.         0.         0.01155877 0.01671818 0.         0.         0.         0.         0.01049197 0.         0.         0.         0.0114902  0.         0.         0.8974516  0.         0.01519279 0.        ],[0. 0. 0. 0. 0. 0. 0. 1. 0. 0. 1. 1. 0. 0. 1. 1. 0. 0. 0. 0. 1. 0. 0. 0. 1. 0. 0. 1. 0. 1. 0.],9.0,10000,30,0.6,10,1,9,,problem_solving
7400,0.02887791917274825,0.0023867457989080417,0.4,-20.606485714394513,[0.         0.         0.         0.         0.         0.         0.         0.01057628 0.         0.         0.01268653 0.01383367 0.         0.         0.01155877 0.01671818 0.         0.         0.         0.         0.01049197 0.         0.         0.         0.0114902  0.         0.         0.8974516  0.         0.01519279 0.        ],[0. 0. 0. 0. 0. 0. 0. 1. 0. 0. 1. 1. 0. 0. 1. 1. 0. 0. 0. 0. 1. 0. 0. 0. 1. 0. 0. 1. 0. 1. 0.],9.0,10000,30,0.6,10,1,9,,problem_solving
7500,0.02887791917274825,0.0023867457989080417,0.4,6.567102207800301,[0.         0.         0.         0.         0.         0.         0.         0.01057628 0.         0.         0.01268653 0.01383367 0.         0.         0.01155877 0.01671818 0.         0.         0.         0.         0.01049197 0.         0.         0.         0.0114902  0.         0.         0.8974516  0.         0.01519279 0.        ],[0. 0. 0. 0. 0. 0. 0. 1. 0. 0. 1. 1. 0. 0. 1. 1. 0. 0. 0. 0. 1. 0. 0. 0. 1. 0. 0. 1. 0. 1. 0.],9.0,10000,30,0.6,10,1,9,,problem_solving
7600,0.02887791917274825,0.0023867457989080417,0.4,9.912709566348761,[0.         0.         0.         0.         0.         0.         0.         0.01057628 0.         0.         0.01268653 0.01383367 0.         0.         0.01155877 0.01671818 0.         0.         0.         0.         0.01049197 0.         0.         0.         0.0114902  0.         0.         0.8974516  0.         0.01519279 0.        ],[0. 0. 0. 0. 0. 0. 0. 1. 0. 0. 1. 1. 0. 0. 1. 1. 0. 0. 0. 0. 1. 0. 0. 0. 1. 0. 0. 1. 0. 1. 0.],9.0,10000,30,0.6,10,1,9,,problem_solving
7700,0.02887791917274825,0.0023867457989080417,0.4,-3.470739174564113,[0.         0.         0.         0.         0.         0.         0.         0.01057628 0.         0.         0.01268653 0.01383367 0.         0.         0.01155877 0.01671818 0.         0.         0.         0.         0.01049197 0.         0.         0.         0.0114902  0.         0.         0.8974516  0.         0.01519279 0.        ],[0. 0. 0. 0. 0. 0. 0. 1. 0. 0. 1. 1. 0. 0. 1. 1. 0. 0. 0. 0. 1. 0. 0. 0. 1. 0. 0. 1. 0. 1. 0.],9.0,10000,30,0.6,10,1,9,,problem_solving
7800,0.02887791917274825,0.0023867457989080417,0.4,3.7925625524161015,[0.         0.         0.         0.         0.         0.         0.         0.01057628 0.         0.         0.01268653 0.01383367 0.         0.         0.01155877 0.01671818 0.         0.         0.         0.         0.01049197 0.         0.         0.         0.0114902  0.         0.         0.8974516  0.         0.01519279 0.        ],[0. 0. 0. 0. 0. 0. 0. 1. 0. 0. 1. 1. 0. 0. 1. 1. 0. 0. 0. 0. 1. 0. 0. 0. 1. 0. 0. 1. 0. 1. 0.],9.0,10000,30,0.6,10,1,9,,problem_solving
7900,0.02887791917274825,0.0023867457989080417,0.4,-2.2711707547399342,[0.         0.         0.         0.         0.         0.         0.         0.01057628 0.         0.         0.01268653 0.01383367 0.         0.         0.01155877 0.01671818 0.         0.         0.         0.         0.01049197 0.         0.         0.         0.0114902  0.         0.         0.8974516  0.         0.01519279 0.        ],[0. 0. 0. 0. 0. 0. 0. 1. 0. 0. 1. 1. 0. 0. 1. 1. 0. 0. 0. 0. 1. 0. 0. 0. 1. 0. 0. 1. 0. 1. 0.],9.0,10000,30,0.6,10,1,9,,problem_solving
8000,0.028324428124903836,0.004759277956567385,0.4,3.886733431978434,[0.         0.         0.         0.0133427  0.01972696 0.         0.         0.         0.         0.         0.         0.01538771 0.         0.         0.01828662 0.01544556 0.         0.01100307 0.01099882 0.         0.         0.         0.         0.         0.         0.88518172 0.         0.01062684 0.         0.         0.        ],[0. 0. 0. 1. 1. 0. 0. 0. 0. 0. 0. 1. 0. 0. 1. 1. 0. 1. 1. 0. 0. 0. 0. 0. 0. 1. 0. 1. 0. 0. 0.],9.0,10000,30,0.6,10,1,9,,problem_solving
8100,0.028324428124903836,0.004759277956567385,0.4,2.9130968855425494,[0.         0.         0.         0.0133427  0.01972696 0.         0.         0.         0.         0.         0.         0.01538771 0.         0.         0.01828662 0.01544556 0.         0.01100307 0.01099882 0.         0.         0.         0.         0.         0.         0.88518172 0.         0.01062684 0.         0.         0.        ],[0. 0. 0. 1. 1. 0. 0. 0. 0. 0. 0. 1. 0. 0. 1. 1. 0. 1. 1. 0. 0. 0. 0. 0. 0. 1. 0. 1. 0. 0. 0.],9.0,10000,30,0.6,10,1,9,,problem_solving
8200,0.028324428124903836,0.004759277956567385,0.4,16.338779286113926,[0.         0.         0.         0.0133427  0.01972696 0.         0.         0.         0.         0.         0.         0.01538771 0.         0.         0.01828662 0.01544556 0.         0.01100307 0.01099882 0.         0.         0.         0.         0.         0.         0.88518172 0.         0.01062684 0.         0.         0.        ],[0. 0. 0. 1. 1. 0. 0. 0. 0. 0. 0. 1. 0. 0. 1. 1. 0. 1. 1. 0. 0. 0. 0. 0. 0. 1. 0. 1. 0. 0. 0.],9.0,10000,30,0.6,10,1,9,,problem_solving
8300,0.028324428124903836,0.004759277956567385,0.4,-19.097281495408843,[0.         0.         0.         0.0133427  0.01972696 0.         0.         0.         0.         0.         0.         0.01538771 0.         0.         0.01828662 0.01544556 0.         0.01100307 0.01099882 0.         0.         0.         0.         0.         0.         0.88518172 0.         0.01062684 0.         0.         0.        ],[0. 0. 0. 1. 1. 0. 0. 0. 0. 0. 0. 1. 0. 0. 1. 1. 0. 1. 1. 0. 0. 0. 0. 0. 0. 1. 0. 1. 0. 0. 0.],9.0,10000,30,0.6,10,1,9,,problem_solving
8400,0.028324428124903836,0.004759277956567385,0.4,1.1442652309998411,[0.         0.         0.         0.0133427  0.01972696 0.         0.         0.         0.         0.         0.         0.01538771 0.         0.         0.01828662 0.01544556 0.         0.01100307 0.01099882 0.         0.         0.         0.         0.         0.         0.88518172 0.         0.01062684 0.         0.         0.        ],[0. 0. 0. 1. 1. 0. 0. 0. 0. 0. 0. 1. 0. 0. 1. 1. 0. 1. 1. 0. 0. 0. 0. 0. 0. 1. 0. 1. 0. 0. 0.],9.0,10000,30,0.6,10,1,9,,problem_solving
8500,0.028324428124903836,0.004759277956567385,0.4,-5.119995462209084,[0.         0.         0.         0.0133427  0.01972696 0.         0.         0.         0.         0.         0.         0.01538771 0.         0.         0.01828662 0.01544556 0.         0.01100307 0.01099882 0.         0.         0.         0.         0.         0.         0.88518172 0.         0.01062684 0.         0.         0.        ],[0. 0. 0. 1. 1. 0. 0. 0. 0. 0. 0. 1. 0. 0. 1. 1. 0. 1. 1. 0. 0. 0. 0. 0. 0. 1. 0. 1. 0. 0. 0.],9.0,10000,30,0.6,10,1,9,,problem_solving
8600,0.028324428124903836,0.004759277956567385,0.4,28.375431604783476,[0.         0.         0.         0.0133427  0.01972696 0.         0.         0.         0.         0.         0.         0.01538771 0.         0.         0.01828662 0.01544556 0.         0.01100307 0.01099882 0.         0.         0.         0.         0.         0.         0.88518172 0.         0.01062684 0.         0.         0.        ],[0. 0. 0. 1. 1. 0. 0. 0. 0. 0. 0. 1. 0. 0. 1. 1. 0. 1. 1. 0. 0. 0. 0. 0. 0. 1. 0. 1. 0. 0. 0.],9.0,10000,30,0.6,10,1,9,,problem_solving
8700,0.028324428124903836,0.004759277956567385,0.4,-2.8479496990999467,[0.         0.         0.         0.0133427  0.01972696 0.         0.         0.         0.         0.         0.         0.01538771 0.         0.         0.01828662 0.01544556 0.         0.01100307 0.01099882 0.         0.         0.         0.         0.         0.         0.88518172 0.         0.01062684 0.         0.         0.        ],[0. 0. 0. 1. 1. 0. 0. 0. 0. 0. 0. 1. 0. 0. 1. 1. 0. 1. 1. 0. 0. 0. 0. 0. 0. 1. 0. 1. 0. 0. 0.],9.0,10000,30,0.6,10,1,9,,problem_solving
8800,0.028324428124903836,0.004759277956567385,0.4,-2.202976770681971,[0.         0.         0.         0.0133427  0.01972696 0.         0.         0.         0.         0.         0.         0.01538771 0.         0.         0.01828662 0.01544556 0.         0.01100307 0.01099882 0.         0.         0.         0.         0.         0.         0.88518172 0.         0.01062684 0.         0.         0.        ],[0. 0. 0. 1. 1. 0. 0. 0. 0. 0. 0. 1. 0. 0. 1. 1. 0. 1. 1. 0. 0. 0. 0. 0. 0. 1. 0. 1. 0. 0. 0.],9.0,10000,30,0.6,10,1,9,,problem_solving
8900,0.028324428124903836,0.004759277956567385,0.4,7.2007418876479115,[0.         0.         0.         0.0133427  0.01972696 0.         0.         0.         0.         0.         0.         0.01538771 0.         0.         0.01828662 0.01544556 0.         0.01100307 0.01099882 0.         0.         0.         0.         0.         0.         0.88518172 0.         0.01062684 0.         0.         0.        ],[0. 0. 0. 1. 1. 0. 0. 0. 0. 0. 0. 1. 0. 0. 1. 1. 0. 1. 1. 0. 0. 0. 0. 0. 0. 1. 0. 1. 0. 0. 0.],9.0,10000,30,0.6,10,1,9,,problem_solving
9000,0.028324428124903836,0.004759277956567385,0.4,-9.081352222801748,[0.         0.         0.         0.0133427  0.01972696 0.         0.         0.         0.         0.         0.         0.01538771 0.         0.         0.01828662 0.01544556 0.         0.01100307 0.01099882 0.         0.         0.         0.         0.         0.         0.88518172 0.         0.01062684 0.         0.         0.        ],[0. 0. 0. 1. 1. 0. 0. 0. 0. 0. 0. 1. 0. 0. 1. 1. 0. 1. 1. 0. 0. 0. 0. 0. 0. 1. 0. 1. 0. 0. 0.],9.0,10000,30,0.6,10,1,9,,problem_solving
9100,0.028324428124903836,0.004759277956567385,0.4,-8.224386876978521,[0.         0.         0.         0.0133427  0.01972696 0.         0.         0.         0.         0.         0.         0.01538771 0.         0.         0.01828662 0.01544556 0.         0.01100307 0.01099882 0.         0.         0.         0.         0.         0.         0.88518172 0.         0.01062684 0.         0.         0.        ],[0. 0. 0. 1. 1. 0. 0. 0. 0. 0. 0. 1. 0. 0. 1. 1. 0. 1. 1. 0. 0. 0. 0. 0. 0. 1. 0. 1. 0. 0. 0.],9.0,10000,30,0.6,10,1,9,,problem_solving
9200,0.028324428124903836,0.004759277956567385,0.4,-7.028098168875051,[0.         0.         0.         0.0133427  0.01972696 0.         0.         0.         0.         0.         0.         0.01538771 0.         0.         0.01828662 0.01544556 0.         0.01100307 0.01099882 0.         0.         0.         0.         0.         0.         0.88518172 0.         0.01062684 0.         0.         0.        ],[0. 0. 0. 1. 1. 0. 0. 0. 0. 0. 0. 1. 0. 0. 1. 1. 0. 1. 1. 0. 0. 0. 0. 0. 0. 1. 0. 1. 0. 0. 0.],9.0,10000,30,0.6,10,1,9,,problem_solving
9300,0.028324428124903836,0.004759277956567385,0.4,15.21363132866059,[0.         0.         0.         0.0133427  0.01972696 0.         0.         0.         0.         0.         0.         0.01538771 0.         0.         0.01828662 0.01544556 0.         0.01100307 0.01099882 0.         0.         0.         0.         0.         0.         0.88518172 0.         0.01062684 0.         0.         0.        ],[0. 0. 0. 1. 1. 0. 0. 0. 0. 0. 0. 1. 0. 0. 1. 1. 0. 1. 1. 0. 0. 0. 0. 0. 0. 1. 0. 1. 0. 0. 0.],9.0,10000,30,0.6,10,1,9,,problem_solving
9400,0.028324428124903836,0.004759277956567385,0.4,1.2088787203671667,[0.         0.         0.         0.0133427  0.01972696 0.         0.         0.         0.         0.         0.         0.01538771 0.         0.         0.01828662 0.01544556 0.         0.01100307 0.01099882 0.         0.         0.         0.         0.         0.         0.88518172 0.         0.01062684 0.         0.         0.        ],[0. 0. 0. 1. 1. 0. 0. 0. 0. 0. 0. 1. 0. 0. 1. 1. 0. 1. 1. 0. 0. 0. 0. 0. 0. 1. 0. 1. 0. 0. 0.],9.0,10000,30,0.6,10,1,9,,problem_solving
9500,0.028324428124903836,0.004759277956567385,0.4,16.648155291481878,[0.         0.         0.         0.0133427  0.01972696 0.         0.         0.         0.         0.         0.         0.01538771 0.         0.         0.01828662 0.01544556 0.         0.01100307 0.01099882 0.         0.         0.         0.         0.         0.         0.88518172 0.         0.01062684 0.         0.         0.        ],[0. 0. 0. 1. 1. 0. 0. 0. 0. 0. 0. 1. 0. 0. 1. 1. 0. 1. 1. 0. 0. 0. 0. 0. 0. 1. 0. 1. 0. 0. 0.],9.0,10000,30,0.6,10,1,9,,problem_solving
9600,0.028324428124903836,0.004759277956567385,0.4,-3.1942323854859476,[0.         0.         0.         0.0133427  0.01972696 0.         0.         0.         0.         0.         0.         0.01538771 0.         0.         0.01828662 0.01544556 0.         0.01100307 0.01099882 0.         0.         0.         0.         0.         0.         0.88518172 0.         0.01062684 0.         0.         0.        ],[0. 0. 0. 1. 1. 0. 0. 0. 0. 0. 0. 1. 0. 0. 1. 1. 0. 1. 1. 0. 0. 0. 0. 0. 0. 1. 0. 1. 0. 0. 0.],9.0,10000,30,0.6,10,1,9,,problem_solving
9700,0.028324428124903836,0.004759277956567385,0.4,8.341353256056687,[0.         0.         0.         0.0133427  0.01972696 0.         0.         0.         0.         0.         0.         0.01538771 0.         0.         0.01828662 0.01544556 0.         0.01100307 0.01099882 0.         0.         0.         0.         0.         0.         0.88518172 0.         0.01062684 0.         0.         0.        ],[0. 0. 0. 1. 1. 0. 0. 0. 0. 0. 0. 1. 0. 0. 1. 1. 0. 1. 1. 0. 0. 0. 0. 0. 0. 1. 0. 1. 0. 0. 0.],9.0,10000,30,0.6,10,1,9,,problem_solving
9800,0.028324428124903836,0.004759277956567385,0.4,4.099784436626428,[0.         0.         0.         0.0133427  0.01972696 0.         0.         0.         0.         0.         0.         0.01538771 0.         0.         0.01828662 0.01544556 0.         0.01100307 0.01099882 0.         0.         0.         0.         0.         0.         0.88518172 0.         0.01062684 0.         0.         0.        ],[0. 0. 0. 1. 1. 0. 0. 0. 0. 0. 0. 1. 0. 0. 1. 1. 0. 1. 1. 0. 0. 0. 0. 0. 0. 1. 0. 1. 0. 0. 0.],9.0,10000,30,0.6,10,1,9,,problem_solving
9900,0.028324428124903836,0.004759277956567385,0.4,-4.689879771811957,[0.         0.         0.         0.0133427  0.01972696 0.         0.         0.         0.         0.         0.         0.01538771 0.         0.         0.01828662 0.01544556 0.         0.01100307 0.01099882 0.         0.         0.         0.         0.         0.         0.88518172 0.         0.01062684 0.         0.         0.        ],[0. 0. 0. 1. 1. 0. 0. 0. 0. 0. 0. 1. 0. 0. 1. 1. 0. 1. 1. 0. 0. 0. 0. 0. 0. 1. 0. 1. 0. 0. 0.],9.0,10000,30,0.6,10,1,9,,problem_solving
9999,0.028324428124903836,0.004759277956567385,0.4,1.8175822697242832,[0.         0.         0.         0.0133427  0.01972696 0.         0.         0.         0.         0.         0.         0.01538771 0.         0.         0.01828662 0.01544556 0.         0.01100307 0.01099882 0.         0.         0.         0.         0.         0.         0.88518172 0.         0.01062684 0.         0.         0.        ],[0. 0. 0. 1. 1. 0. 0. 0. 0. 0. 0. 1. 0. 0. 1. 1. 0. 1. 1. 0. 0. 0. 0. 0. 0. 1. 0. 1. 0. 0. 0.],9.0,10000,30,0.6,10,1,9,,problem_solving
