iter,cost,return,par,move,X,Z,Q,max_iter,mem_size,mem_consider,sigma,port_n,k,seed,tag
1,0.15217252593389805,0.005464808162278058,0.4,10.311891544074264,[0.         0.         0.         0.         0.         0.         0.         0.         0.02913622 0.01128041 0.01078938 0.         0.         0.         0.         0.         0.         0.         0.         0.03289374 0.         0.         0.         0.         0.         0.90411403 0.         0.01178622 0.         0.         0.        ],[0. 0. 0. 0. 0. 0. 0. 0. 1. 1. 1. 0. 0. 0. 0. 0. 0. 0. 0. 1. 0. 0. 0. 0. 0. 1. 0. 1. 0. 0. 0.],6.0,10000,30,0.6,10,1,6,,problem_solving
100,0.04460463124354192,0.006644847726817795,0.4,10.82316394961419,[0.01774771 0.         0.         0.         0.         0.         0.         0.         0.         0.         0.         0.         0.         0.         0.         0.         0.         0.         0.         0.01548442 0.         0.0223603  0.         0.         0.         0.0159575  0.         0.90898015 0.01946991 0.         0.        ],[1. 0. 0. 0. 0. 0. 0. 0. 0. 0. 0. 0. 0. 0. 0. 0. 0. 0. 0. 1. 0. 1. 0. 0. 0. 1. 0. 1. 1. 0. 0.],6.0,10000,30,0.6,10,1,6,,problem_solving
200,0.03959695762228335,0.004996280474674532,0.4,-0.1068666649621936,[0.         0.0110293  0.         0.         0.         0.         0.         0.01980405 0.         0.         0.         0.         0.         0.         0.         0.         0.01958121 0.         0.         0.         0.         0.         0.         0.         0.         0.90244916 0.         0.02461596 0.         0.         0.02252032],[0. 1. 0. 0. 0. 0. 0. 1. 0. 0. 0. 0. 0. 0. 0. 0. 1. 0. 0. 0. 0. 0. 0. 0. 0. 1. 0. 1. 0. 0. 1.],6.0,10000,30,0.6,10,1,6,,problem_solving
300,0.03959695762228335,0.004996280474674532,0.4,6.294766856716857,[0.         0.0110293  0.         0.         0.         0.         0.         0.01980405 0.         0.         0.         0.         0.         0.         0.         0.         0.01958121 0.         0.         0.         0.         0.         0.         0.         0.         0.90244916 0.         0.02461596 0.         0.         0.02252032],[0. 1. 0. 0. 0. 0. 0. 1. 0. 0. 0. 0. 0. 0. 0. 0. 1. 0. 0. 0. 0. 0. 0. 0. 0. 1. 0. 1. 0. 0. 1.],6.0,10000,30,0.6,10,1,6,,problem_solving
400,0.03959695762228335,0.004996280474674532,0.4,-3.657684608570591,[0.         0.0110293  0.         0.         0.         0.         0.         0.01980405 0.         0.         0.         0.         0.         0.         0.         0.         0.01958121 0.         0.         0.         0.         0.         0.         0.         0.         0.90244916 0.         0.02461596 0.         0.         0.02252032],[0. 1. 0. 0. 0. 0. 0. 1. 0. 0. 0. 0. 0. 0. 0. 0. 1. 0. 0. 0. 0. 0. 0. 0. 0. 1. 0. 1. 0. 0. 1.],6.0,10000,30,0.6,10,1,6,,problem_solving
500,0.03959695762228335,0.004996280474674532,0.4,-8.856961462403424,[0.         0.0110293  0.         0.         0.         0.         0.         0.01980405 0.         0.         0.         0.         0.         0.         0.         0.         0.01958121 0.         0.         0.         0.         0.         0.         0.         0.         0.90244916 0.         0.02461596 0.         0.         0.02252032],[0. 1. 0. 0. 0. 0. 0. 1. 0. 0. 0. 0. 0. 0. 0. 0. 1. 0. 0. 0. 0. 0. 0. 0. 0. 1. 0. 1. 0. 0. 1.],6.0,10000,30,0.6,10,1,6,,problem_solving
600,0.03959695762228335,0.004996280474674532,0.4,8.504067862759959,[0.         0.0110293  0.         0.         0.         0.         0.         0.01980405 0.         0.         0.         0.         0.         0.         0.         0.         0.01958121 0.         0.         0.         0.         0.         0.         0.         0.         0.90244916 0.         0.02461596 0.         0.         0.02252032],[0. 1. 0. 0. 0. 0. 0. 1. 0. 0. 0. 0. 0. 0. 0. 0. 1. 0. 0. 0. 0. 0. 0. 0. 0. 1. 0. 1. 0. 0. 1.],6.0,10000,30,0.6,10,1,6,,problem_solving
700,0.0314811263034766,0.004697828061996121,0.4,9.56000303508751,[0.         0.         0.         0.         0.         0.         0.         0.         0.         0.         0.         0.         0.01233756 0.         0.         0.         0.01085191 0.         0.         0.         0.         0.02498755 0.         0.0205144  0.         0.908815   0.         0.02249359 0.         0.         0.        ],[0. 0. 0. 0. 0. 0. 0. 0. 0. 0. 0. 0. 1. 0. 0. 0. 1. 0. 0. 0. 0. 1. 0. 1. 0. 1. 0. 1. 0. 0. 0.],6.0,10000,30,0.6,10,1,6,,problem_solving
800,0.0314811263034766,0.004697828061996121,0.4,4.352771018192205,[0.         0.         0.         0.         0.         0.         0.         0.         0.         0.         0.         0.         0.01233756 0.         0.         0.         0.01085191 0.         0.         0.         0.         0.02498755 0.         0.0205144  0.         0.908815   0.         0.02249359 0.         0.         0.        ],[0. 0. 0. 0. 0. 0. 0. 0. 0. 0. 0. 0. 1. 0. 0. 0. 1. 0. 0. 0. 0. 1. 0. 1. 0. 1. 0. 1. 0. 0. 0.],6.0,10000,30,0.6,10,1,6,,problem_solving
900,0.023465138364412,0.0024860948031626296,0.4,9.850964634968019,[0.         0.         0.01636451 0.         0.0156476  0.         0.         0.         0.02392604 0.         0.         0.         0.         0.         0.         0.02938393 0.         0.01086552 0.         0.         0.         0.         0.         0.         0.         0.         0.         0.90381241 0.         0.         0.        ],[0. 0. 1. 0. 1. 0. 0. 0. 1. 0. 0. 0. 0. 0. 0. 1. 0. 1. 0. 0. 0. 0. 0. 0. 0. 0. 0. 1. 0. 0. 0.],6.0,10000,30,0.6,10,1,6,,problem_solving
1000,0.021051972659555412,0.0047047406234525775,0.4,5.178959566508674,[0.01351898 0.01749028 0.         0.         0.         0.         0.         0.         0.01565352 0.         0.         0.         0.         0.         0.02339321 0.         0.         0.         0.         0.         0.         0.         0.         0.         0.         0.91069913 0.         0.01924487 0.         0.         0.        ],[1. 1. 0. 0. 0. 0. 0. 0. 1. 0. 0. 0. 0. 0. 1. 0. 0. 0. 0. 0. 0. 0. 0. 0. 0. 1. 0. 1. 0. 0. 0.],6.0,10000,30,0.6,10,1,6,,problem_solving
1100,0.021051972659555412,0.0047047406234525775,0.4,-2.6623258923413973,[0.01351898 0.01749028 0.         0.         0.         0.         0.         0.         0.01565352 0.         0.         0.         0.         0.         0.02339321 0.         0.         0.         0.         0.         0.         0.         0.         0.         0.         0.91069913 0.         0.01924487 0.         0.         0.        ],[1. 1. 0. 0. 0. 0. 0. 0. 1. 0. 0. 0. 0. 0. 1. 0. 0. 0. 0. 0. 0. 0. 0. 0. 0. 1. 0. 1. 0. 0. 0.],6.0,10000,30,0.6,10,1,6,,problem_solving
1200,0.021051972659555412,0.0047047406234525775,0.4,-15.792459694047716,[0.01351898 0.01749028 0.         0.         0.         0.         0.         0.         0.01565352 0.         0.         0.         0.         0.         0.02339321 0.         0.         0.         0.         0.         0.         0.         0.         0.         0.         0.91069913 0.         0.01924487 0.         0.         0.        ],[1. 1. 0. 0. 0. 0. 0. 0. 1. 0. 0. 0. 0. 0. 1. 0. 0. 0. 0. 0. 0. 0. 0. 0. 0. 1. 0. 1. 0. 0. 0.],6.0,10000,30,0.6,10,1,6,,problem_solving
1300,0.021051972659555412,0.0047047406234525775,0.4,1.459971168518859,[0.01351898 0.01749028 0.         0.         0.         0.         0.         0.         0.01565352 0.         0.         0.         0.         0.         0.02339321 0.         0.         0.         0.         0.         0.         0.         0.         0.         0.         0.91069913 0.         0.01924487 0.         0.         0.        ],[1. 1. 0. 0. 0. 0. 0. 0. 1. 0. 0. 0. 0. 0. 1. 0. 0. 0. 0. 0. 0. 0. 0. 0. 0. 1. 0. 1. 0. 0. 0.],6.0,10000,30,0.6,10,1,6,,problem_solving
1400,0.021051972659555412,0.0047047406234525775,0.4,17.907838310376977,[0.01351898 0.01749028 0.         0.         0.         0.         0.         0.         0.01565352 0.         0.         0.         0.         0.         0.02339321 0.         0.         0.         0.         0.         0.         0.         0.         0.         0.         0.91069913 0.         0.01924487 0.         0.         0.        ],[1. 1. 0. 0. 0. 0. 0. 0. 1. 0. 0. 0. 0. 0. 1. 0. 0. 0. 0. 0. 0. 0. 0. 0. 0. 1. 0. 1. 0. 0. 0.],6.0,10000,30,0.6,10,1,6,,problem_solving
1500,0.021051972659555412,0.0047047406234525775,0.4,2.73065112492356,[0.01351898 0.01749028 0.         0.         0.         0.         0.         0.         0.01565352 0.         0.         0.         0.         0.         0.02339321 0.         0.         0.         0.         0.         0.         0.         0.         0.         0.         0.91069913 0.         0.01924487 0.         0.         0.        ],[1. 1. 0. 0. 0. 0. 0. 0. 1. 0. 0. 0. 0. 0. 1. 0. 0. 0. 0. 0. 0. 0. 0. 0. 0. 1. 0. 1. 0. 0. 0.],6.0,10000,30,0.6,10,1,6,,problem_solving
1600,0.021051972659555412,0.0047047406234525775,0.4,-12.934334498919203,[0.01351898 0.01749028 0.         0.         0.         0.         0.         0.         0.01565352 0.         0.         0.         0.         0.         0.02339321 0.         0.         0.         0.         0.         0.         0.         0.         0.         0.         0.91069913 0.         0.01924487 0.         0.         0.        ],[1. 1. 0. 0. 0. 0. 0. 0. 1. 0. 0. 0. 0. 0. 1. 0. 0. 0. 0. 0. 0. 0. 0. 0. 0. 1. 0. 1. 0. 0. 0.],6.0,10000,30,0.6,10,1,6,,problem_solving
1700,0.021051972659555412,0.0047047406234525775,0.4,4.642257968255901,[0.01351898 0.01749028 0.         0.         0.         0.         0.         0.         0.01565352 0.         0.         0.         0.         0.         0.02339321 0.         0.         0.         0.         0.         0.         0.         0.         0.         0.         0.91069913 0.         0.01924487 0.         0.         0.        ],[1. 1. 0. 0. 0. 0. 0. 0. 1. 0. 0. 0. 0. 0. 1. 0. 0. 0. 0. 0. 0. 0. 0. 0. 0. 1. 0. 1. 0. 0. 0.],6.0,10000,30,0.6,10,1,6,,problem_solving
1800,0.021051972659555412,0.0047047406234525775,0.4,6.2924099702204925,[0.01351898 0.01749028 0.         0.         0.         0.         0.         0.         0.01565352 0.         0.         0.         0.         0.         0.02339321 0.         0.         0.         0.         0.         0.         0.         0.         0.         0.         0.91069913 0.         0.01924487 0.         0.         0.        ],[1. 1. 0. 0. 0. 0. 0. 0. 1. 0. 0. 0. 0. 0. 1. 0. 0. 0. 0. 0. 0. 0. 0. 0. 0. 1. 0. 1. 0. 0. 0.],6.0,10000,30,0.6,10,1,6,,problem_solving
1900,0.021051972659555412,0.0047047406234525775,0.4,-2.4927024120925143,[0.01351898 0.01749028 0.         0.         0.         0.         0.         0.         0.01565352 0.         0.         0.         0.         0.         0.02339321 0.         0.         0.         0.         0.         0.         0.         0.         0.         0.         0.91069913 0.         0.01924487 0.         0.         0.        ],[1. 1. 0. 0. 0. 0. 0. 0. 1. 0. 0. 0. 0. 0. 1. 0. 0. 0. 0. 0. 0. 0. 0. 0. 0. 1. 0. 1. 0. 0. 0.],6.0,10000,30,0.6,10,1,6,,problem_solving
2000,0.021051972659555412,0.0047047406234525775,0.4,-7.332718788604298,[0.01351898 0.01749028 0.         0.         0.         0.         0.         0.         0.01565352 0.         0.         0.         0.         0.         0.02339321 0.         0.         0.         0.         0.         0.         0.         0.         0.         0.         0.91069913 0.         0.01924487 0.         0.         0.        ],[1. 1. 0. 0. 0. 0. 0. 0. 1. 0. 0. 0. 0. 0. 1. 0. 0. 0. 0. 0. 0. 0. 0. 0. 0. 1. 0. 1. 0. 0. 0.],6.0,10000,30,0.6,10,1,6,,problem_solving
2100,0.021051972659555412,0.0047047406234525775,0.4,6.670945820139464,[0.01351898 0.01749028 0.         0.         0.         0.         0.         0.         0.01565352 0.         0.         0.         0.         0.         0.02339321 0.         0.         0.         0.         0.         0.         0.         0.         0.         0.         0.91069913 0.         0.01924487 0.         0.         0.        ],[1. 1. 0. 0. 0. 0. 0. 0. 1. 0. 0. 0. 0. 0. 1. 0. 0. 0. 0. 0. 0. 0. 0. 0. 0. 1. 0. 1. 0. 0. 0.],6.0,10000,30,0.6,10,1,6,,problem_solving
2200,0.021051972659555412,0.0047047406234525775,0.4,-11.746020858066418,[0.01351898 0.01749028 0.         0.         0.         0.         0.         0.         0.01565352 0.         0.         0.         0.         0.         0.02339321 0.         0.         0.         0.         0.         0.         0.         0.         0.         0.         0.91069913 0.         0.01924487 0.         0.         0.        ],[1. 1. 0. 0. 0. 0. 0. 0. 1. 0. 0. 0. 0. 0. 1. 0. 0. 0. 0. 0. 0. 0. 0. 0. 0. 1. 0. 1. 0. 0. 0.],6.0,10000,30,0.6,10,1,6,,problem_solving
2300,0.021051972659555412,0.0047047406234525775,0.4,24.027763933142666,[0.01351898 0.01749028 0.         0.         0.         0.         0.         0.         0.01565352 0.         0.         0.         0.         0.         0.02339321 0.         0.         0.         0.         0.         0.         0.         0.         0.         0.         0.91069913 0.         0.01924487 0.         0.         0.        ],[1. 1. 0. 0. 0. 0. 0. 0. 1. 0. 0. 0. 0. 0. 1. 0. 0. 0. 0. 0. 0. 0. 0. 0. 0. 1. 0. 1. 0. 0. 0.],6.0,10000,30,0.6,10,1,6,,problem_solving
2400,0.021051972659555412,0.0047047406234525775,0.4,-5.52460644774949,[0.01351898 0.01749028 0.         0.         0.         0.         0.         0.         0.01565352 0.         0.         0.         0.         0.         0.02339321 0.         0.         0.         0.         0.         0.         0.         0.         0.         0.         0.91069913 0.         0.01924487 0.         0.         0.        ],[1. 1. 0. 0. 0. 0. 0. 0. 1. 0. 0. 0. 0. 0. 1. 0. 0. 0. 0. 0. 0. 0. 0. 0. 0. 1. 0. 1. 0. 0. 0.],6.0,10000,30,0.6,10,1,6,,problem_solving
2500,0.021051972659555412,0.0047047406234525775,0.4,-15.247852833260179,[0.01351898 0.01749028 0.         0.         0.         0.         0.         0.         0.01565352 0.         0.         0.         0.         0.         0.02339321 0.         0.         0.         0.         0.         0.         0.         0.         0.         0.         0.91069913 0.         0.01924487 0.         0.         0.        ],[1. 1. 0. 0. 0. 0. 0. 0. 1. 0. 0. 0. 0. 0. 1. 0. 0. 0. 0. 0. 0. 0. 0. 0. 0. 1. 0. 1. 0. 0. 0.],6.0,10000,30,0.6,10,1,6,,problem_solving
2600,0.021051972659555412,0.0047047406234525775,0.4,2.743420769617644,[0.01351898 0.01749028 0.         0.         0.         0.         0.         0.         0.01565352 0.         0.         0.         0.         0.         0.02339321 0.         0.         0.         0.         0.         0.         0.         0.         0.         0.         0.91069913 0.         0.01924487 0.         0.         0.        ],[1. 1. 0. 0. 0. 0. 0. 0. 1. 0. 0. 0. 0. 0. 1. 0. 0. 0. 0. 0. 0. 0. 0. 0. 0. 1. 0. 1. 0. 0. 0.],6.0,10000,30,0.6,10,1,6,,problem_solving
2700,0.021051972659555412,0.0047047406234525775,0.4,-14.419256407945086,[0.01351898 0.01749028 0.         0.         0.         0.         0.         0.         0.01565352 0.         0.         0.         0.         0.         0.02339321 0.         0.         0.         0.         0.         0.         0.         0.         0.         0.         0.91069913 0.         0.01924487 0.         0.         0.        ],[1. 1. 0. 0. 0. 0. 0. 0. 1. 0. 0. 0. 0. 0. 1. 0. 0. 0. 0. 0. 0. 0. 0. 0. 0. 1. 0. 1. 0. 0. 0.],6.0,10000,30,0.6,10,1,6,,problem_solving
2800,0.021051972659555412,0.0047047406234525775,0.4,14.92839137446782,[0.01351898 0.01749028 0.         0.         0.         0.         0.         0.         0.01565352 0.         0.         0.         0.         0.         0.02339321 0.         0.         0.         0.         0.         0.         0.         0.         0.         0.         0.91069913 0.         0.01924487 0.         0.         0.        ],[1. 1. 0. 0. 0. 0. 0. 0. 1. 0. 0. 0. 0. 0. 1. 0. 0. 0. 0. 0. 0. 0. 0. 0. 0. 1. 0. 1. 0. 0. 0.],6.0,10000,30,0.6,10,1,6,,problem_solving
2900,0.021051972659555412,0.0047047406234525775,0.4,-23.613076379944722,[0.01351898 0.01749028 0.         0.         0.         0.         0.         0.         0.01565352 0.         0.         0.         0.         0.         0.02339321 0.         0.         0.         0.         0.         0.         0.         0.         0.         0.         0.91069913 0.         0.01924487 0.         0.         0.        ],[1. 1. 0. 0. 0. 0. 0. 0. 1. 0. 0. 0. 0. 0. 1. 0. 0. 0. 0. 0. 0. 0. 0. 0. 0. 1. 0. 1. 0. 0. 0.],6.0,10000,30,0.6,10,1,6,,problem_solving
3000,0.021051972659555412,0.0047047406234525775,0.4,-8.933129525367205,[0.01351898 0.01749028 0.         0.         0.         0.         0.         0.         0.01565352 0.         0.         0.         0.         0.         0.02339321 0.         0.         0.         0.         0.         0.         0.         0.         0.         0.         0.91069913 0.         0.01924487 0.         0.         0.        ],[1. 1. 0. 0. 0. 0. 0. 0. 1. 0. 0. 0. 0. 0. 1. 0. 0. 0. 0. 0. 0. 0. 0. 0. 0. 1. 0. 1. 0. 0. 0.],6.0,10000,30,0.6,10,1,6,,problem_solving
3100,0.021051972659555412,0.0047047406234525775,0.4,-0.7095127975001508,[0.01351898 0.01749028 0.         0.         0.         0.         0.         0.         0.01565352 0.         0.         0.         0.         0.         0.02339321 0.         0.         0.         0.         0.         0.         0.         0.         0.         0.         0.91069913 0.         0.01924487 0.         0.         0.        ],[1. 1. 0. 0. 0. 0. 0. 0. 1. 0. 0. 0. 0. 0. 1. 0. 0. 0. 0. 0. 0. 0. 0. 0. 0. 1. 0. 1. 0. 0. 0.],6.0,10000,30,0.6,10,1,6,,problem_solving
3200,0.021051972659555412,0.0047047406234525775,0.4,9.2327816945308,[0.01351898 0.01749028 0.         0.         0.         0.         0.         0.         0.01565352 0.         0.         0.         0.         0.         0.02339321 0.         0.         0.         0.         0.         0.         0.         0.         0.         0.         0.91069913 0.         0.01924487 0.         0.         0.        ],[1. 1. 0. 0. 0. 0. 0. 0. 1. 0. 0. 0. 0. 0. 1. 0. 0. 0. 0. 0. 0. 0. 0. 0. 0. 1. 0. 1. 0. 0. 0.],6.0,10000,30,0.6,10,1,6,,problem_solving
3300,0.021051972659555412,0.0047047406234525775,0.4,2.776759744946306,[0.01351898 0.01749028 0.         0.         0.         0.         0.         0.         0.01565352 0.         0.         0.         0.         0.         0.02339321 0.         0.         0.         0.         0.         0.         0.         0.         0.         0.         0.91069913 0.         0.01924487 0.         0.         0.        ],[1. 1. 0. 0. 0. 0. 0. 0. 1. 0. 0. 0. 0. 0. 1. 0. 0. 0. 0. 0. 0. 0. 0. 0. 0. 1. 0. 1. 0. 0. 0.],6.0,10000,30,0.6,10,1,6,,problem_solving
3400,0.021051972659555412,0.0047047406234525775,0.4,-9.409654567400489,[0.01351898 0.01749028 0.         0.         0.         0.         0.         0.         0.01565352 0.         0.         0.         0.         0.         0.02339321 0.         0.         0.         0.         0.         0.         0.         0.         0.         0.         0.91069913 0.         0.01924487 0.         0.         0.        ],[1. 1. 0. 0. 0. 0. 0. 0. 1. 0. 0. 0. 0. 0. 1. 0. 0. 0. 0. 0. 0. 0. 0. 0. 0. 1. 0. 1. 0. 0. 0.],6.0,10000,30,0.6,10,1,6,,problem_solving
3500,0.021051972659555412,0.0047047406234525775,0.4,-13.452603777056565,[0.01351898 0.01749028 0.         0.         0.         0.         0.         0.         0.01565352 0.         0.         0.         0.         0.         0.02339321 0.         0.         0.         0.         0.         0.         0.         0.         0.         0.         0.91069913 0.         0.01924487 0.         0.         0.        ],[1. 1. 0. 0. 0. 0. 0. 0. 1. 0. 0. 0. 0. 0. 1. 0. 0. 0. 0. 0. 0. 0. 0. 0. 0. 1. 0. 1. 0. 0. 0.],6.0,10000,30,0.6,10,1,6,,problem_solving
3600,0.021051972659555412,0.0047047406234525775,0.4,-2.7547482648198396,[0.01351898 0.01749028 0.         0.         0.         0.         0.         0.         0.01565352 0.         0.         0.         0.         0.         0.02339321 0.         0.         0.         0.         0.         0.         0.         0.         0.         0.         0.91069913 0.         0.01924487 0.         0.         0.        ],[1. 1. 0. 0. 0. 0. 0. 0. 1. 0. 0. 0. 0. 0. 1. 0. 0. 0. 0. 0. 0. 0. 0. 0. 0. 1. 0. 1. 0. 0. 0.],6.0,10000,30,0.6,10,1,6,,problem_solving
3700,0.021051972659555412,0.0047047406234525775,0.4,-0.8140156730212255,[0.01351898 0.01749028 0.         0.         0.         0.         0.         0.         0.01565352 0.         0.         0.         0.         0.         0.02339321 0.         0.         0.         0.         0.         0.         0.         0.         0.         0.         0.91069913 0.         0.01924487 0.         0.         0.        ],[1. 1. 0. 0. 0. 0. 0. 0. 1. 0. 0. 0. 0. 0. 1. 0. 0. 0. 0. 0. 0. 0. 0. 0. 0. 1. 0. 1. 0. 0. 0.],6.0,10000,30,0.6,10,1,6,,problem_solving
3800,0.021051972659555412,0.0047047406234525775,0.4,0.911908753026536,[0.01351898 0.01749028 0.         0.         0.         0.         0.         0.         0.01565352 0.         0.         0.         0.         0.         0.02339321 0.         0.         0.         0.         0.         0.         0.         0.         0.         0.         0.91069913 0.         0.01924487 0.         0.         0.        ],[1. 1. 0. 0. 0. 0. 0. 0. 1. 0. 0. 0. 0. 0. 1. 0. 0. 0. 0. 0. 0. 0. 0. 0. 0. 1. 0. 1. 0. 0. 0.],6.0,10000,30,0.6,10,1,6,,problem_solving
3900,0.02006203198128155,0.0024188074274317708,0.4,10.120244350546105,[0.02009028 0.         0.         0.         0.0115166  0.         0.         0.         0.         0.         0.         0.         0.         0.01852235 0.         0.         0.         0.02719553 0.         0.         0.         0.         0.         0.         0.         0.01305401 0.         0.90962122 0.         0.         0.        ],[1. 0. 0. 0. 1. 0. 0. 0. 0. 0. 0. 0. 0. 1. 0. 0. 0. 1. 0. 0. 0. 0. 0. 0. 0. 1. 0. 1. 0. 0. 0.],6.0,10000,30,0.6,10,1,6,,problem_solving
4000,0.02006203198128155,0.0024188074274317708,0.4,1.021465037442673,[0.02009028 0.         0.         0.         0.0115166  0.         0.         0.         0.         0.         0.         0.         0.         0.01852235 0.         0.         0.         0.02719553 0.         0.         0.         0.         0.         0.         0.         0.01305401 0.         0.90962122 0.         0.         0.        ],[1. 0. 0. 0. 1. 0. 0. 0. 0. 0. 0. 0. 0. 1. 0. 0. 0. 1. 0. 0. 0. 0. 0. 0. 0. 1. 0. 1. 0. 0. 0.],6.0,10000,30,0.6,10,1,6,,problem_solving
4100,0.02006203198128155,0.0024188074274317708,0.4,-8.432760001576389,[0.02009028 0.         0.         0.         0.0115166  0.         0.         0.         0.         0.         0.         0.         0.         0.01852235 0.         0.         0.         0.02719553 0.         0.         0.         0.         0.         0.         0.         0.01305401 0.         0.90962122 0.         0.         0.        ],[1. 0. 0. 0. 1. 0. 0. 0. 0. 0. 0. 0. 0. 1. 0. 0. 0. 1. 0. 0. 0. 0. 0. 0. 0. 1. 0. 1. 0. 0. 0.],6.0,10000,30,0.6,10,1,6,,problem_solving
4200,0.02006203198128155,0.0024188074274317708,0.4,-5.886191253928567,[0.02009028 0.         0.         0.         0.0115166  0.         0.         0.         0.         0.         0.         0.         0.         0.01852235 0.         0.         0.         0.02719553 0.         0.         0.         0.         0.         0.         0.         0.01305401 0.         0.90962122 0.         0.         0.        ],[1. 0. 0. 0. 1. 0. 0. 0. 0. 0. 0. 0. 0. 1. 0. 0. 0. 1. 0. 0. 0. 0. 0. 0. 0. 1. 0. 1. 0. 0. 0.],6.0,10000,30,0.6,10,1,6,,problem_solving
4300,0.02006203198128155,0.0024188074274317708,0.4,6.107322179430218,[0.02009028 0.         0.         0.         0.0115166  0.         0.         0.         0.         0.         0.         0.         0.         0.01852235 0.         0.         0.         0.02719553 0.         0.         0.         0.         0.         0.         0.         0.01305401 0.         0.90962122 0.         0.         0.        ],[1. 0. 0. 0. 1. 0. 0. 0. 0. 0. 0. 0. 0. 1. 0. 0. 0. 1. 0. 0. 0. 0. 0. 0. 0. 1. 0. 1. 0. 0. 0.],6.0,10000,30,0.6,10,1,6,,problem_solving
4400,0.02006203198128155,0.0024188074274317708,0.4,18.968784260215433,[0.02009028 0.         0.         0.         0.0115166  0.         0.         0.         0.         0.         0.         0.         0.         0.01852235 0.         0.         0.         0.02719553 0.         0.         0.         0.         0.         0.         0.         0.01305401 0.         0.90962122 0.         0.         0.        ],[1. 0. 0. 0. 1. 0. 0. 0. 0. 0. 0. 0. 0. 1. 0. 0. 0. 1. 0. 0. 0. 0. 0. 0. 0. 1. 0. 1. 0. 0. 0.],6.0,10000,30,0.6,10,1,6,,problem_solving
4500,0.02006203198128155,0.0024188074274317708,0.4,-16.83977653194576,[0.02009028 0.         0.         0.         0.0115166  0.         0.         0.         0.         0.         0.         0.         0.         0.01852235 0.         0.         0.         0.02719553 0.         0.         0.         0.         0.         0.         0.         0.01305401 0.         0.90962122 0.         0.         0.        ],[1. 0. 0. 0. 1. 0. 0. 0. 0. 0. 0. 0. 0. 1. 0. 0. 0. 1. 0. 0. 0. 0. 0. 0. 0. 1. 0. 1. 0. 0. 0.],6.0,10000,30,0.6,10,1,6,,problem_solving
4600,0.02006203198128155,0.0024188074274317708,0.4,-8.979541488499567,[0.02009028 0.         0.         0.         0.0115166  0.         0.         0.         0.         0.         0.         0.         0.         0.01852235 0.         0.         0.         0.02719553 0.         0.         0.         0.         0.         0.         0.         0.01305401 0.         0.90962122 0.         0.         0.        ],[1. 0. 0. 0. 1. 0. 0. 0. 0. 0. 0. 0. 0. 1. 0. 0. 0. 1. 0. 0. 0. 0. 0. 0. 0. 1. 0. 1. 0. 0. 0.],6.0,10000,30,0.6,10,1,6,,problem_solving
4700,0.02006203198128155,0.0024188074274317708,0.4,2.520854563260102,[0.02009028 0.         0.         0.         0.0115166  0.         0.         0.         0.         0.         0.         0.         0.         0.01852235 0.         0.         0.         0.02719553 0.         0.         0.         0.         0.         0.         0.         0.01305401 0.         0.90962122 0.         0.         0.        ],[1. 0. 0. 0. 1. 0. 0. 0. 0. 0. 0. 0. 0. 1. 0. 0. 0. 1. 0. 0. 0. 0. 0. 0. 0. 1. 0. 1. 0. 0. 0.],6.0,10000,30,0.6,10,1,6,,problem_solving
4800,0.02006203198128155,0.0024188074274317708,0.4,-23.6935886329133,[0.02009028 0.         0.         0.         0.0115166  0.         0.         0.         0.         0.         0.         0.         0.         0.01852235 0.         0.         0.         0.02719553 0.         0.         0.         0.         0.         0.         0.         0.01305401 0.         0.90962122 0.         0.         0.        ],[1. 0. 0. 0. 1. 0. 0. 0. 0. 0. 0. 0. 0. 1. 0. 0. 0. 1. 0. 0. 0. 0. 0. 0. 0. 1. 0. 1. 0. 0. 0.],6.0,10000,30,0.6,10,1,6,,problem_solving
4900,0.02006203198128155,0.0024188074274317708,0.4,3.771894000895051,[0.02009028 0.         0.         0.         0.0115166  0.         0.         0.         0.         0.         0.         0.         0.         0.01852235 0.         0.         0.         0.02719553 0.         0.         0.         0.         0.         0.         0.         0.01305401 0.         0.90962122 0.         0.         0.        ],[1. 0. 0. 0. 1. 0. 0. 0. 0. 0. 0. 0. 0. 1. 0. 0. 0. 1. 0. 0. 0. 0. 0. 0. 0. 1. 0. 1. 0. 0. 0.],6.0,10000,30,0.6,10,1,6,,problem_solving
5000,0.02006203198128155,0.0024188074274317708,0.4,-2.297504492503599,[0.02009028 0.         0.         0.         0.0115166  0.         0.         0.         0.         0.         0.         0.         0.         0.01852235 0.         0.         0.         0.02719553 0.         0.         0.         0.         0.         0.         0.         0.01305401 0.         0.90962122 0.         0.         0.        ],[1. 0. 0. 0. 1. 0. 0. 0. 0. 0. 0. 0. 0. 1. 0. 0. 0. 1. 0. 0. 0. 0. 0. 0. 0. 1. 0. 1. 0. 0. 0.],6.0,10000,30,0.6,10,1,6,,problem_solving
5100,0.02006203198128155,0.0024188074274317708,0.4,-10.553342458326556,[0.02009028 0.         0.         0.         0.0115166  0.         0.         0.         0.         0.         0.         0.         0.         0.01852235 0.         0.         0.         0.02719553 0.         0.         0.         0.         0.         0.         0.         0.01305401 0.         0.90962122 0.         0.         0.        ],[1. 0. 0. 0. 1. 0. 0. 0. 0. 0. 0. 0. 0. 1. 0. 0. 0. 1. 0. 0. 0. 0. 0. 0. 0. 1. 0. 1. 0. 0. 0.],6.0,10000,30,0.6,10,1,6,,problem_solving
5200,0.019753175518074307,0.0045499823037159805,0.4,4.296824305960098,[0.         0.         0.         0.         0.         0.         0.         0.         0.         0.         0.01747307 0.         0.         0.         0.         0.         0.01203359 0.01923661 0.         0.         0.01469773 0.         0.         0.         0.         0.92591969 0.         0.01063931 0.         0.         0.        ],[0. 0. 0. 0. 0. 0. 0. 0. 0. 0. 1. 0. 0. 0. 0. 0. 1. 1. 0. 0. 1. 0. 0. 0. 0. 1. 0. 1. 0. 0. 0.],6.0,10000,30,0.6,10,1,6,,problem_solving
5300,0.019753175518074307,0.0045499823037159805,0.4,23.36306814980042,[0.         0.         0.         0.         0.         0.         0.         0.         0.         0.         0.01747307 0.         0.         0.         0.         0.         0.01203359 0.01923661 0.         0.         0.01469773 0.         0.         0.         0.         0.92591969 0.         0.01063931 0.         0.         0.        ],[0. 0. 0. 0. 0. 0. 0. 0. 0. 0. 1. 0. 0. 0. 0. 0. 1. 1. 0. 0. 1. 0. 0. 0. 0. 1. 0. 1. 0. 0. 0.],6.0,10000,30,0.6,10,1,6,,problem_solving
5400,0.019753175518074307,0.0045499823037159805,0.4,-0.3337949254272072,[0.         0.         0.         0.         0.         0.         0.         0.         0.         0.         0.01747307 0.         0.         0.         0.         0.         0.01203359 0.01923661 0.         0.         0.01469773 0.         0.         0.         0.         0.92591969 0.         0.01063931 0.         0.         0.        ],[0. 0. 0. 0. 0. 0. 0. 0. 0. 0. 1. 0. 0. 0. 0. 0. 1. 1. 0. 0. 1. 0. 0. 0. 0. 1. 0. 1. 0. 0. 0.],6.0,10000,30,0.6,10,1,6,,problem_solving
5500,0.019753175518074307,0.0045499823037159805,0.4,-11.648731901702192,[0.         0.         0.         0.         0.         0.         0.         0.         0.         0.         0.01747307 0.         0.         0.         0.         0.         0.01203359 0.01923661 0.         0.         0.01469773 0.         0.         0.         0.         0.92591969 0.         0.01063931 0.         0.         0.        ],[0. 0. 0. 0. 0. 0. 0. 0. 0. 0. 1. 0. 0. 0. 0. 0. 1. 1. 0. 0. 1. 0. 0. 0. 0. 1. 0. 1. 0. 0. 0.],6.0,10000,30,0.6,10,1,6,,problem_solving
5600,0.019753175518074307,0.0045499823037159805,0.4,-2.7751833812591813,[0.         0.         0.         0.         0.         0.         0.         0.         0.         0.         0.01747307 0.         0.         0.         0.         0.         0.01203359 0.01923661 0.         0.         0.01469773 0.         0.         0.         0.         0.92591969 0.         0.01063931 0.         0.         0.        ],[0. 0. 0. 0. 0. 0. 0. 0. 0. 0. 1. 0. 0. 0. 0. 0. 1. 1. 0. 0. 1. 0. 0. 0. 0. 1. 0. 1. 0. 0. 0.],6.0,10000,30,0.6,10,1,6,,problem_solving
5700,0.019753175518074307,0.0045499823037159805,0.4,-6.190746809770062,[0.         0.         0.         0.         0.         0.         0.         0.         0.         0.         0.01747307 0.         0.         0.         0.         0.         0.01203359 0.01923661 0.         0.         0.01469773 0.         0.         0.         0.         0.92591969 0.         0.01063931 0.         0.         0.        ],[0. 0. 0. 0. 0. 0. 0. 0. 0. 0. 1. 0. 0. 0. 0. 0. 1. 1. 0. 0. 1. 0. 0. 0. 0. 1. 0. 1. 0. 0. 0.],6.0,10000,30,0.6,10,1,6,,problem_solving
5800,0.019753175518074307,0.0045499823037159805,0.4,-14.902711746652948,[0.         0.         0.         0.         0.         0.         0.         0.         0.         0.         0.01747307 0.         0.         0.         0.         0.         0.01203359 0.01923661 0.         0.         0.01469773 0.         0.         0.         0.         0.92591969 0.         0.01063931 0.         0.         0.        ],[0. 0. 0. 0. 0. 0. 0. 0. 0. 0. 1. 0. 0. 0. 0. 0. 1. 1. 0. 0. 1. 0. 0. 0. 0. 1. 0. 1. 0. 0. 0.],6.0,10000,30,0.6,10,1,6,,problem_solving
5900,0.01811870472148365,0.0047614708677830315,0.4,-3.3491444018424983,[0.         0.01095826 0.         0.         0.         0.         0.         0.         0.01635597 0.         0.         0.         0.         0.         0.         0.         0.         0.         0.02145493 0.         0.         0.         0.         0.         0.01109853 0.91969804 0.         0.02043426 0.         0.         0.        ],[0. 1. 0. 0. 0. 0. 0. 0. 1. 0. 0. 0. 0. 0. 0. 0. 0. 0. 1. 0. 0. 0. 0. 0. 1. 1. 0. 1. 0. 0. 0.],6.0,10000,30,0.6,10,1,6,,problem_solving
6000,0.01811870472148365,0.0047614708677830315,0.4,10.594315883264294,[0.         0.01095826 0.         0.         0.         0.         0.         0.         0.01635597 0.         0.         0.         0.         0.         0.         0.         0.         0.         0.02145493 0.         0.         0.         0.         0.         0.01109853 0.91969804 0.         0.02043426 0.         0.         0.        ],[0. 1. 0. 0. 0. 0. 0. 0. 1. 0. 0. 0. 0. 0. 0. 0. 0. 0. 1. 0. 0. 0. 0. 0. 1. 1. 0. 1. 0. 0. 0.],6.0,10000,30,0.6,10,1,6,,problem_solving
6100,0.01811870472148365,0.0047614708677830315,0.4,-7.485606861995544,[0.         0.01095826 0.         0.         0.         0.         0.         0.         0.01635597 0.         0.         0.         0.         0.         0.         0.         0.         0.         0.02145493 0.         0.         0.         0.         0.         0.01109853 0.91969804 0.         0.02043426 0.         0.         0.        ],[0. 1. 0. 0. 0. 0. 0. 0. 1. 0. 0. 0. 0. 0. 0. 0. 0. 0. 1. 0. 0. 0. 0. 0. 1. 1. 0. 1. 0. 0. 0.],6.0,10000,30,0.6,10,1,6,,problem_solving
6200,0.01811870472148365,0.0047614708677830315,0.4,-2.9813603484299467,[0.         0.01095826 0.         0.         0.         0.         0.         0.         0.01635597 0.         0.         0.         0.         0.         0.         0.         0.         0.         0.02145493 0.         0.         0.         0.         0.         0.01109853 0.91969804 0.         0.02043426 0.         0.         0.        ],[0. 1. 0. 0. 0. 0. 0. 0. 1. 0. 0. 0. 0. 0. 0. 0. 0. 0. 1. 0. 0. 0. 0. 0. 1. 1. 0. 1. 0. 0. 0.],6.0,10000,30,0.6,10,1,6,,problem_solving
6300,0.01811870472148365,0.0047614708677830315,0.4,-7.296332141768316,[0.         0.01095826 0.         0.         0.         0.         0.         0.         0.01635597 0.         0.         0.         0.         0.         0.         0.         0.         0.         0.02145493 0.         0.         0.         0.         0.         0.01109853 0.91969804 0.         0.02043426 0.         0.         0.        ],[0. 1. 0. 0. 0. 0. 0. 0. 1. 0. 0. 0. 0. 0. 0. 0. 0. 0. 1. 0. 0. 0. 0. 0. 1. 1. 0. 1. 0. 0. 0.],6.0,10000,30,0.6,10,1,6,,problem_solving
6400,0.01811870472148365,0.0047614708677830315,0.4,2.4589051235155948,[0.         0.01095826 0.         0.         0.         0.         0.         0.         0.01635597 0.         0.         0.         0.         0.         0.         0.         0.         0.         0.02145493 0.         0.         0.         0.         0.         0.01109853 0.91969804 0.         0.02043426 0.         0.         0.        ],[0. 1. 0. 0. 0. 0. 0. 0. 1. 0. 0. 0. 0. 0. 0. 0. 0. 0. 1. 0. 0. 0. 0. 0. 1. 1. 0. 1. 0. 0. 0.],6.0,10000,30,0.6,10,1,6,,problem_solving
6500,0.01811870472148365,0.0047614708677830315,0.4,-17.064975655267176,[0.         0.01095826 0.         0.         0.         0.         0.         0.         0.01635597 0.         0.         0.         0.         0.         0.         0.         0.         0.         0.02145493 0.         0.         0.         0.         0.         0.01109853 0.91969804 0.         0.02043426 0.         0.         0.        ],[0. 1. 0. 0. 0. 0. 0. 0. 1. 0. 0. 0. 0. 0. 0. 0. 0. 0. 1. 0. 0. 0. 0. 0. 1. 1. 0. 1. 0. 0. 0.],6.0,10000,30,0.6,10,1,6,,problem_solving
6600,0.01811870472148365,0.0047614708677830315,0.4,-8.917952100208154,[0.         0.01095826 0.         0.         0.         0.         0.         0.         0.01635597 0.         0.         0.         0.         0.         0.         0.         0.         0.         0.02145493 0.         0.         0.         0.         0.         0.01109853 0.91969804 0.         0.02043426 0.         0.         0.        ],[0. 1. 0. 0. 0. 0. 0. 0. 1. 0. 0. 0. 0. 0. 0. 0. 0. 0. 1. 0. 0. 0. 0. 0. 1. 1. 0. 1. 0. 0. 0.],6.0,10000,30,0.6,10,1,6,,problem_solving
6700,0.01811870472148365,0.0047614708677830315,0.4,-15.141747458234114,[0.         0.01095826 0.         0.         0.         0.         0.         0.         0.01635597 0.         0.         0.         0.         0.         0.         0.         0.         0.         0.02145493 0.         0.         0.         0.         0.         0.01109853 0.91969804 0.         0.02043426 0.         0.         0.        ],[0. 1. 0. 0. 0. 0. 0. 0. 1. 0. 0. 0. 0. 0. 0. 0. 0. 0. 1. 0. 0. 0. 0. 0. 1. 1. 0. 1. 0. 0. 0.],6.0,10000,30,0.6,10,1,6,,problem_solving
6800,0.01811870472148365,0.0047614708677830315,0.4,-11.511072233905457,[0.         0.01095826 0.         0.         0.         0.         0.         0.         0.01635597 0.         0.         0.         0.         0.         0.         0.         0.         0.         0.02145493 0.         0.         0.         0.         0.         0.01109853 0.91969804 0.         0.02043426 0.         0.         0.        ],[0. 1. 0. 0. 0. 0. 0. 0. 1. 0. 0. 0. 0. 0. 0. 0. 0. 0. 1. 0. 0. 0. 0. 0. 1. 1. 0. 1. 0. 0. 0.],6.0,10000,30,0.6,10,1,6,,problem_solving
6900,0.01811870472148365,0.0047614708677830315,0.4,-0.27394434468760875,[0.         0.01095826 0.         0.         0.         0.         0.         0.         0.01635597 0.         0.         0.         0.         0.         0.         0.         0.         0.         0.02145493 0.         0.         0.         0.         0.         0.01109853 0.91969804 0.         0.02043426 0.         0.         0.        ],[0. 1. 0. 0. 0. 0. 0. 0. 1. 0. 0. 0. 0. 0. 0. 0. 0. 0. 1. 0. 0. 0. 0. 0. 1. 1. 0. 1. 0. 0. 0.],6.0,10000,30,0.6,10,1,6,,problem_solving
7000,0.01811870472148365,0.0047614708677830315,0.4,3.6674635205225243,[0.         0.01095826 0.         0.         0.         0.         0.         0.         0.01635597 0.         0.         0.         0.         0.         0.         0.         0.         0.         0.02145493 0.         0.         0.         0.         0.         0.01109853 0.91969804 0.         0.02043426 0.         0.         0.        ],[0. 1. 0. 0. 0. 0. 0. 0. 1. 0. 0. 0. 0. 0. 0. 0. 0. 0. 1. 0. 0. 0. 0. 0. 1. 1. 0. 1. 0. 0. 0.],6.0,10000,30,0.6,10,1,6,,problem_solving
7100,0.01811870472148365,0.0047614708677830315,0.4,11.160890914911281,[0.         0.01095826 0.         0.         0.         0.         0.         0.         0.01635597 0.         0.         0.         0.         0.         0.         0.         0.         0.         0.02145493 0.         0.         0.         0.         0.         0.01109853 0.91969804 0.         0.02043426 0.         0.         0.        ],[0. 1. 0. 0. 0. 0. 0. 0. 1. 0. 0. 0. 0. 0. 0. 0. 0. 0. 1. 0. 0. 0. 0. 0. 1. 1. 0. 1. 0. 0. 0.],6.0,10000,30,0.6,10,1,6,,problem_solving
7200,0.01811870472148365,0.0047614708677830315,0.4,-5.306462877570768,[0.         0.01095826 0.         0.         0.         0.         0.         0.         0.01635597 0.         0.         0.         0.         0.         0.         0.         0.         0.         0.02145493 0.         0.         0.         0.         0.         0.01109853 0.91969804 0.         0.02043426 0.         0.         0.        ],[0. 1. 0. 0. 0. 0. 0. 0. 1. 0. 0. 0. 0. 0. 0. 0. 0. 0. 1. 0. 0. 0. 0. 0. 1. 1. 0. 1. 0. 0. 0.],6.0,10000,30,0.6,10,1,6,,problem_solving
7300,0.01811870472148365,0.0047614708677830315,0.4,8.136586326363958,[0.         0.01095826 0.         0.         0.         0.         0.         0.         0.01635597 0.         0.         0.         0.         0.         0.         0.         0.         0.         0.02145493 0.         0.         0.         0.         0.         0.01109853 0.91969804 0.         0.02043426 0.         0.         0.        ],[0. 1. 0. 0. 0. 0. 0. 0. 1. 0. 0. 0. 0. 0. 0. 0. 0. 0. 1. 0. 0. 0. 0. 0. 1. 1. 0. 1. 0. 0. 0.],6.0,10000,30,0.6,10,1,6,,problem_solving
7400,0.01811870472148365,0.0047614708677830315,0.4,8.042671333895592,[0.         0.01095826 0.         0.         0.         0.         0.         0.         0.01635597 0.         0.         0.         0.         0.         0.         0.         0.         0.         0.02145493 0.         0.         0.         0.         0.         0.01109853 0.91969804 0.         0.02043426 0.         0.         0.        ],[0. 1. 0. 0. 0. 0. 0. 0. 1. 0. 0. 0. 0. 0. 0. 0. 0. 0. 1. 0. 0. 0. 0. 0. 1. 1. 0. 1. 0. 0. 0.],6.0,10000,30,0.6,10,1,6,,problem_solving
7500,0.01811870472148365,0.0047614708677830315,0.4,3.995426593283935,[0.         0.01095826 0.         0.         0.         0.         0.         0.         0.01635597 0.         0.         0.         0.         0.         0.         0.         0.         0.         0.02145493 0.         0.         0.         0.         0.         0.01109853 0.91969804 0.         0.02043426 0.         0.         0.        ],[0. 1. 0. 0. 0. 0. 0. 0. 1. 0. 0. 0. 0. 0. 0. 0. 0. 0. 1. 0. 0. 0. 0. 0. 1. 1. 0. 1. 0. 0. 0.],6.0,10000,30,0.6,10,1,6,,problem_solving
7600,0.01811870472148365,0.0047614708677830315,0.4,5.973301501431298,[0.         0.01095826 0.         0.         0.         0.         0.         0.         0.01635597 0.         0.         0.         0.         0.         0.         0.         0.         0.         0.02145493 0.         0.         0.         0.         0.         0.01109853 0.91969804 0.         0.02043426 0.         0.         0.        ],[0. 1. 0. 0. 0. 0. 0. 0. 1. 0. 0. 0. 0. 0. 0. 0. 0. 0. 1. 0. 0. 0. 0. 0. 1. 1. 0. 1. 0. 0. 0.],6.0,10000,30,0.6,10,1,6,,problem_solving
7700,0.01811870472148365,0.0047614708677830315,0.4,-0.12230587213143164,[0.         0.01095826 0.         0.         0.         0.         0.         0.         0.01635597 0.         0.         0.         0.         0.         0.         0.         0.         0.         0.02145493 0.         0.         0.         0.         0.         0.01109853 0.91969804 0.         0.02043426 0.         0.         0.        ],[0. 1. 0. 0. 0. 0. 0. 0. 1. 0. 0. 0. 0. 0. 0. 0. 0. 0. 1. 0. 0. 0. 0. 0. 1. 1. 0. 1. 0. 0. 0.],6.0,10000,30,0.6,10,1,6,,problem_solving
7800,0.01811870472148365,0.0047614708677830315,0.4,-10.995977868374819,[0.         0.01095826 0.         0.         0.         0.         0.         0.         0.01635597 0.         0.         0.         0.         0.         0.         0.         0.         0.         0.02145493 0.         0.         0.         0.         0.         0.01109853 0.91969804 0.         0.02043426 0.         0.         0.        ],[0. 1. 0. 0. 0. 0. 0. 0. 1. 0. 0. 0. 0. 0. 0. 0. 0. 0. 1. 0. 0. 0. 0. 0. 1. 1. 0. 1. 0. 0. 0.],6.0,10000,30,0.6,10,1,6,,problem_solving
7900,0.01811870472148365,0.0047614708677830315,0.4,2.6777415015255817,[0.         0.01095826 0.         0.         0.         0.         0.         0.         0.01635597 0.         0.         0.         0.         0.         0.         0.         0.         0.         0.02145493 0.         0.         0.         0.         0.         0.01109853 0.91969804 0.         0.02043426 0.         0.         0.        ],[0. 1. 0. 0. 0. 0. 0. 0. 1. 0. 0. 0. 0. 0. 0. 0. 0. 0. 1. 0. 0. 0. 0. 0. 1. 1. 0. 1. 0. 0. 0.],6.0,10000,30,0.6,10,1,6,,problem_solving
8000,0.01811870472148365,0.0047614708677830315,0.4,-9.878751490458386,[0.         0.01095826 0.         0.         0.         0.         0.         0.         0.01635597 0.         0.         0.         0.         0.         0.         0.         0.         0.         0.02145493 0.         0.         0.         0.         0.         0.01109853 0.91969804 0.         0.02043426 0.         0.         0.        ],[0. 1. 0. 0. 0. 0. 0. 0. 1. 0. 0. 0. 0. 0. 0. 0. 0. 0. 1. 0. 0. 0. 0. 0. 1. 1. 0. 1. 0. 0. 0.],6.0,10000,30,0.6,10,1,6,,problem_solving
8100,0.01811870472148365,0.0047614708677830315,0.4,-3.3336523662284314,[0.         0.01095826 0.         0.         0.         0.         0.         0.         0.01635597 0.         0.         0.         0.         0.         0.         0.         0.         0.         0.02145493 0.         0.         0.         0.         0.         0.01109853 0.91969804 0.         0.02043426 0.         0.         0.        ],[0. 1. 0. 0. 0. 0. 0. 0. 1. 0. 0. 0. 0. 0. 0. 0. 0. 0. 1. 0. 0. 0. 0. 0. 1. 1. 0. 1. 0. 0. 0.],6.0,10000,30,0.6,10,1,6,,problem_solving
8200,0.01811870472148365,0.0047614708677830315,0.4,8.655121364045083,[0.         0.01095826 0.         0.         0.         0.         0.         0.         0.01635597 0.         0.         0.         0.         0.         0.         0.         0.         0.         0.02145493 0.         0.         0.         0.         0.         0.01109853 0.91969804 0.         0.02043426 0.         0.         0.        ],[0. 1. 0. 0. 0. 0. 0. 0. 1. 0. 0. 0. 0. 0. 0. 0. 0. 0. 1. 0. 0. 0. 0. 0. 1. 1. 0. 1. 0. 0. 0.],6.0,10000,30,0.6,10,1,6,,problem_solving
8300,0.01811870472148365,0.0047614708677830315,0.4,-0.8113020507296698,[0.         0.01095826 0.         0.         0.         0.         0.         0.         0.01635597 0.         0.         0.         0.         0.         0.         0.         0.         0.         0.02145493 0.         0.         0.         0.         0.         0.01109853 0.91969804 0.         0.02043426 0.         0.         0.        ],[0. 1. 0. 0. 0. 0. 0. 0. 1. 0. 0. 0. 0. 0. 0. 0. 0. 0. 1. 0. 0. 0. 0. 0. 1. 1. 0. 1. 0. 0. 0.],6.0,10000,30,0.6,10,1,6,,problem_solving
8400,0.01811870472148365,0.0047614708677830315,0.4,20.031671483760853,[0.         0.01095826 0.         0.         0.         0.         0.         0.         0.01635597 0.         0.         0.         0.         0.         0.         0.         0.         0.         0.02145493 0.         0.         0.         0.         0.         0.01109853 0.91969804 0.         0.02043426 0.         0.         0.        ],[0. 1. 0. 0. 0. 0. 0. 0. 1. 0. 0. 0. 0. 0. 0. 0. 0. 0. 1. 0. 0. 0. 0. 0. 1. 1. 0. 1. 0. 0. 0.],6.0,10000,30,0.6,10,1,6,,problem_solving
8500,0.01811870472148365,0.0047614708677830315,0.4,0.5847752296099088,[0.         0.01095826 0.         0.         0.         0.         0.         0.         0.01635597 0.         0.         0.         0.         0.         0.         0.         0.         0.         0.02145493 0.         0.         0.         0.         0.         0.01109853 0.91969804 0.         0.02043426 0.         0.         0.        ],[0. 1. 0. 0. 0. 0. 0. 0. 1. 0. 0. 0. 0. 0. 0. 0. 0. 0. 1. 0. 0. 0. 0. 0. 1. 1. 0. 1. 0. 0. 0.],6.0,10000,30,0.6,10,1,6,,problem_solving
8600,0.01811870472148365,0.0047614708677830315,0.4,1.980907821991116,[0.         0.01095826 0.         0.         0.         0.         0.         0.         0.01635597 0.         0.         0.         0.         0.         0.         0.         0.         0.         0.02145493 0.         0.         0.         0.         0.         0.01109853 0.91969804 0.         0.02043426 0.         0.         0.        ],[0. 1. 0. 0. 0. 0. 0. 0. 1. 0. 0. 0. 0. 0. 0. 0. 0. 0. 1. 0. 0. 0. 0. 0. 1. 1. 0. 1. 0. 0. 0.],6.0,10000,30,0.6,10,1,6,,problem_solving
8700,0.01811870472148365,0.0047614708677830315,0.4,4.030880853900083,[0.         0.01095826 0.         0.         0.         0.         0.         0.         0.01635597 0.         0.         0.         0.         0.         0.         0.         0.         0.         0.02145493 0.         0.         0.         0.         0.         0.01109853 0.91969804 0.         0.02043426 0.         0.         0.        ],[0. 1. 0. 0. 0. 0. 0. 0. 1. 0. 0. 0. 0. 0. 0. 0. 0. 0. 1. 0. 0. 0. 0. 0. 1. 1. 0. 1. 0. 0. 0.],6.0,10000,30,0.6,10,1,6,,problem_solving
8800,0.01811870472148365,0.0047614708677830315,0.4,34.18024824503656,[0.         0.01095826 0.         0.         0.         0.         0.         0.         0.01635597 0.         0.         0.         0.         0.         0.         0.         0.         0.         0.02145493 0.         0.         0.         0.         0.         0.01109853 0.91969804 0.         0.02043426 0.         0.         0.        ],[0. 1. 0. 0. 0. 0. 0. 0. 1. 0. 0. 0. 0. 0. 0. 0. 0. 0. 1. 0. 0. 0. 0. 0. 1. 1. 0. 1. 0. 0. 0.],6.0,10000,30,0.6,10,1,6,,problem_solving
8900,0.01811870472148365,0.0047614708677830315,0.4,9.258733229415144,[0.         0.01095826 0.         0.         0.         0.         0.         0.         0.01635597 0.         0.         0.         0.         0.         0.         0.         0.         0.         0.02145493 0.         0.         0.         0.         0.         0.01109853 0.91969804 0.         0.02043426 0.         0.         0.        ],[0. 1. 0. 0. 0. 0. 0. 0. 1. 0. 0. 0. 0. 0. 0. 0. 0. 0. 1. 0. 0. 0. 0. 0. 1. 1. 0. 1. 0. 0. 0.],6.0,10000,30,0.6,10,1,6,,problem_solving
9000,0.01811870472148365,0.0047614708677830315,0.4,-5.284000493892397,[0.         0.01095826 0.         0.         0.         0.         0.         0.         0.01635597 0.         0.         0.         0.         0.         0.         0.         0.         0.         0.02145493 0.         0.         0.         0.         0.         0.01109853 0.91969804 0.         0.02043426 0.         0.         0.        ],[0. 1. 0. 0. 0. 0. 0. 0. 1. 0. 0. 0. 0. 0. 0. 0. 0. 0. 1. 0. 0. 0. 0. 0. 1. 1. 0. 1. 0. 0. 0.],6.0,10000,30,0.6,10,1,6,,problem_solving
9100,0.01811870472148365,0.0047614708677830315,0.4,18.191336043827835,[0.         0.01095826 0.         0.         0.         0.         0.         0.         0.01635597 0.         0.         0.         0.         0.         0.         0.         0.         0.         0.02145493 0.         0.         0.         0.         0.         0.01109853 0.91969804 0.         0.02043426 0.         0.         0.        ],[0. 1. 0. 0. 0. 0. 0. 0. 1. 0. 0. 0. 0. 0. 0. 0. 0. 0. 1. 0. 0. 0. 0. 0. 1. 1. 0. 1. 0. 0. 0.],6.0,10000,30,0.6,10,1,6,,problem_solving
9200,0.01811870472148365,0.0047614708677830315,0.4,-11.949981236615644,[0.         0.01095826 0.         0.         0.         0.         0.         0.         0.01635597 0.         0.         0.         0.         0.         0.         0.         0.         0.         0.02145493 0.         0.         0.         0.         0.         0.01109853 0.91969804 0.         0.02043426 0.         0.         0.        ],[0. 1. 0. 0. 0. 0. 0. 0. 1. 0. 0. 0. 0. 0. 0. 0. 0. 0. 1. 0. 0. 0. 0. 0. 1. 1. 0. 1. 0. 0. 0.],6.0,10000,30,0.6,10,1,6,,problem_solving
9300,0.01811870472148365,0.0047614708677830315,0.4,9.869615142708376,[0.         0.01095826 0.         0.         0.         0.         0.         0.         0.01635597 0.         0.         0.         0.         0.         0.         0.         0.         0.         0.02145493 0.         0.         0.         0.         0.         0.01109853 0.91969804 0.         0.02043426 0.         0.         0.        ],[0. 1. 0. 0. 0. 0. 0. 0. 1. 0. 0. 0. 0. 0. 0. 0. 0. 0. 1. 0. 0. 0. 0. 0. 1. 1. 0. 1. 0. 0. 0.],6.0,10000,30,0.6,10,1,6,,problem_solving
9400,0.01811870472148365,0.0047614708677830315,0.4,-10.178015831894305,[0.         0.01095826 0.         0.         0.         0.         0.         0.         0.01635597 0.         0.         0.         0.         0.         0.         0.         0.         0.         0.02145493 0.         0.         0.         0.         0.         0.01109853 0.91969804 0.         0.02043426 0.         0.         0.        ],[0. 1. 0. 0. 0. 0. 0. 0. 1. 0. 0. 0. 0. 0. 0. 0. 0. 0. 1. 0. 0. 0. 0. 0. 1. 1. 0. 1. 0. 0. 0.],6.0,10000,30,0.6,10,1,6,,problem_solving
9500,0.01811870472148365,0.0047614708677830315,0.4,-5.972364869915311,[0.         0.01095826 0.         0.         0.         0.         0.         0.         0.01635597 0.         0.         0.         0.         0.         0.         0.         0.         0.         0.02145493 0.         0.         0.         0.         0.         0.01109853 0.91969804 0.         0.02043426 0.         0.         0.        ],[0. 1. 0. 0. 0. 0. 0. 0. 1. 0. 0. 0. 0. 0. 0. 0. 0. 0. 1. 0. 0. 0. 0. 0. 1. 1. 0. 1. 0. 0. 0.],6.0,10000,30,0.6,10,1,6,,problem_solving
9600,0.01811870472148365,0.0047614708677830315,0.4,-12.010031397031751,[0.         0.01095826 0.         0.         0.         0.         0.         0.         0.01635597 0.         0.         0.         0.         0.         0.         0.         0.         0.         0.02145493 0.         0.         0.         0.         0.         0.01109853 0.91969804 0.         0.02043426 0.         0.         0.        ],[0. 1. 0. 0. 0. 0. 0. 0. 1. 0. 0. 0. 0. 0. 0. 0. 0. 0. 1. 0. 0. 0. 0. 0. 1. 1. 0. 1. 0. 0. 0.],6.0,10000,30,0.6,10,1,6,,problem_solving
9700,0.01811870472148365,0.0047614708677830315,0.4,-5.885400639937072,[0.         0.01095826 0.         0.         0.         0.         0.         0.         0.01635597 0.         0.         0.         0.         0.         0.         0.         0.         0.         0.02145493 0.         0.         0.         0.         0.         0.01109853 0.91969804 0.         0.02043426 0.         0.         0.        ],[0. 1. 0. 0. 0. 0. 0. 0. 1. 0. 0. 0. 0. 0. 0. 0. 0. 0. 1. 0. 0. 0. 0. 0. 1. 1. 0. 1. 0. 0. 0.],6.0,10000,30,0.6,10,1,6,,problem_solving
9800,0.01811870472148365,0.0047614708677830315,0.4,7.173954083738671,[0.         0.01095826 0.         0.         0.         0.         0.         0.         0.01635597 0.         0.         0.         0.         0.         0.         0.         0.         0.         0.02145493 0.         0.         0.         0.         0.         0.01109853 0.91969804 0.         0.02043426 0.         0.         0.        ],[0. 1. 0. 0. 0. 0. 0. 0. 1. 0. 0. 0. 0. 0. 0. 0. 0. 0. 1. 0. 0. 0. 0. 0. 1. 1. 0. 1. 0. 0. 0.],6.0,10000,30,0.6,10,1,6,,problem_solving
9900,0.01811870472148365,0.0047614708677830315,0.4,-3.0434952231911194,[0.         0.01095826 0.         0.         0.         0.         0.         0.         0.01635597 0.         0.         0.         0.         0.         0.         0.         0.         0.         0.02145493 0.         0.         0.         0.         0.         0.01109853 0.91969804 0.         0.02043426 0.         0.         0.        ],[0. 1. 0. 0. 0. 0. 0. 0. 1. 0. 0. 0. 0. 0. 0. 0. 0. 0. 1. 0. 0. 0. 0. 0. 1. 1. 0. 1. 0. 0. 0.],6.0,10000,30,0.6,10,1,6,,problem_solving
9999,0.01811870472148365,0.0047614708677830315,0.4,-1.317081217840135,[0.         0.01095826 0.         0.         0.         0.         0.         0.         0.01635597 0.         0.         0.         0.         0.         0.         0.         0.         0.         0.02145493 0.         0.         0.         0.         0.         0.01109853 0.91969804 0.         0.02043426 0.         0.         0.        ],[0. 1. 0. 0. 0. 0. 0. 0. 1. 0. 0. 0. 0. 0. 0. 0. 0. 0. 1. 0. 0. 0. 0. 0. 1. 1. 0. 1. 0. 0. 0.],6.0,10000,30,0.6,10,1,6,,problem_solving
