iter,cost,return,par,move,X,Z,Q,max_iter,mem_size,mem_consider,sigma,port_n,k,seed,tag
1,0.18623477731245458,0.0067353221916738384,0.4,6.312086307087808,[0.         0.01045358 0.01551734 0.         0.88845561 0.01194067 0.         0.         0.         0.         0.         0.         0.01572962 0.         0.         0.01070061 0.         0.         0.         0.01570168 0.         0.         0.         0.         0.         0.         0.         0.         0.01594667 0.         0.01555422],[0. 1. 1. 0. 1. 1. 0. 0. 0. 0. 0. 0. 1. 0. 0. 1. 0. 0. 0. 1. 0. 0. 0. 0. 0. 0. 0. 0. 1. 0. 1.],9.0,1000,30,0.6,10,1,9,,problem_solving
10,0.18623477731245458,0.0067353221916738384,0.4,5.519772572623327,[0.         0.01045358 0.01551734 0.         0.88845561 0.01194067 0.         0.         0.         0.         0.         0.         0.01572962 0.         0.         0.01070061 0.         0.         0.         0.01570168 0.         0.         0.         0.         0.         0.         0.         0.         0.01594667 0.         0.01555422],[0. 1. 1. 0. 1. 1. 0. 0. 0. 0. 0. 0. 1. 0. 0. 1. 0. 0. 0. 1. 0. 0. 0. 0. 0. 0. 0. 0. 1. 0. 1.],9.0,1000,30,0.6,10,1,9,,problem_solving
20,0.18623477731245458,0.0067353221916738384,0.4,-7.985416932921466,[0.         0.01045358 0.01551734 0.         0.88845561 0.01194067 0.         0.         0.         0.         0.         0.         0.01572962 0.         0.         0.01070061 0.         0.         0.         0.01570168 0.         0.         0.         0.         0.         0.         0.         0.         0.01594667 0.         0.01555422],[0. 1. 1. 0. 1. 1. 0. 0. 0. 0. 0. 0. 1. 0. 0. 1. 0. 0. 0. 1. 0. 0. 0. 0. 0. 0. 0. 0. 1. 0. 1.],9.0,1000,30,0.6,10,1,9,,problem_solving
30,0.18623477731245458,0.0067353221916738384,0.4,-5.979929791368357,[0.         0.01045358 0.01551734 0.         0.88845561 0.01194067 0.         0.         0.         0.         0.         0.         0.01572962 0.         0.         0.01070061 0.         0.         0.         0.01570168 0.         0.         0.         0.         0.         0.         0.         0.         0.01594667 0.         0.01555422],[0. 1. 1. 0. 1. 1. 0. 0. 0. 0. 0. 0. 1. 0. 0. 1. 0. 0. 0. 1. 0. 0. 0. 0. 0. 0. 0. 0. 1. 0. 1.],9.0,1000,30,0.6,10,1,9,,problem_solving
40,0.18623477731245458,0.0067353221916738384,0.4,4.6778264110026715,[0.         0.01045358 0.01551734 0.         0.88845561 0.01194067 0.         0.         0.         0.         0.         0.         0.01572962 0.         0.         0.01070061 0.         0.         0.         0.01570168 0.         0.         0.         0.         0.         0.         0.         0.         0.01594667 0.         0.01555422],[0. 1. 1. 0. 1. 1. 0. 0. 0. 0. 0. 0. 1. 0. 0. 1. 0. 0. 0. 1. 0. 0. 0. 0. 0. 0. 0. 0. 1. 0. 1.],9.0,1000,30,0.6,10,1,9,,problem_solving
50,0.11359890591482086,0.007378526067478171,0.4,-12.064788608002937,[0.         0.01045358 0.01551734 0.         0.88845561 0.01194067 0.         0.         0.         0.         0.         0.         0.01572962 0.         0.         0.01070061 0.         0.         0.         0.01570168 0.         0.         0.         0.         0.         0.         0.         0.         0.01594667 0.         0.01555422],[0. 1. 1. 0. 1. 1. 0. 0. 0. 0. 0. 0. 1. 0. 0. 1. 0. 0. 0. 1. 0. 0. 0. 0. 0. 0. 0. 0. 1. 0. 1.],9.0,1000,30,0.6,10,1,9,,problem_solving
60,0.11359890591482086,0.007378526067478171,0.4,8.894599377179567,[0.         0.01045358 0.01551734 0.         0.88845561 0.01194067 0.         0.         0.         0.         0.         0.         0.01572962 0.         0.         0.01070061 0.         0.         0.         0.01570168 0.         0.         0.         0.         0.         0.         0.         0.         0.01594667 0.         0.01555422],[0. 1. 1. 0. 1. 1. 0. 0. 0. 0. 0. 0. 1. 0. 0. 1. 0. 0. 0. 1. 0. 0. 0. 0. 0. 0. 0. 0. 1. 0. 1.],9.0,1000,30,0.6,10,1,9,,problem_solving
70,0.08119077211918779,0.008593397348309915,0.4,7.100563772851699,[0.         0.01045358 0.01551734 0.         0.88845561 0.01194067 0.         0.         0.         0.         0.         0.         0.01572962 0.         0.         0.01070061 0.         0.         0.         0.01570168 0.         0.         0.         0.         0.         0.         0.         0.         0.01594667 0.         0.01555422],[0. 1. 1. 0. 1. 1. 0. 0. 0. 0. 0. 0. 1. 0. 0. 1. 0. 0. 0. 1. 0. 0. 0. 0. 0. 0. 0. 0. 1. 0. 1.],9.0,1000,30,0.6,10,1,9,,problem_solving
80,0.08119077211918779,0.008593397348309915,0.4,-25.647534070841335,[0.         0.01045358 0.01551734 0.         0.88845561 0.01194067 0.         0.         0.         0.         0.         0.         0.01572962 0.         0.         0.01070061 0.         0.         0.         0.01570168 0.         0.         0.         0.         0.         0.         0.         0.         0.01594667 0.         0.01555422],[0. 1. 1. 0. 1. 1. 0. 0. 0. 0. 0. 0. 1. 0. 0. 1. 0. 0. 0. 1. 0. 0. 0. 0. 0. 0. 0. 0. 1. 0. 1.],9.0,1000,30,0.6,10,1,9,,problem_solving
90,0.08119077211918779,0.008593397348309915,0.4,13.606897438930703,[0.         0.01045358 0.01551734 0.         0.88845561 0.01194067 0.         0.         0.         0.         0.         0.         0.01572962 0.         0.         0.01070061 0.         0.         0.         0.01570168 0.         0.         0.         0.         0.         0.         0.         0.         0.01594667 0.         0.01555422],[0. 1. 1. 0. 1. 1. 0. 0. 0. 0. 0. 0. 1. 0. 0. 1. 0. 0. 0. 1. 0. 0. 0. 0. 0. 0. 0. 0. 1. 0. 1.],9.0,1000,30,0.6,10,1,9,,problem_solving
100,0.08119077211918779,0.008593397348309915,0.4,2.7282019996832734,[0.         0.01045358 0.01551734 0.         0.88845561 0.01194067 0.         0.         0.         0.         0.         0.         0.01572962 0.         0.         0.01070061 0.         0.         0.         0.01570168 0.         0.         0.         0.         0.         0.         0.         0.         0.01594667 0.         0.01555422],[0. 1. 1. 0. 1. 1. 0. 0. 0. 0. 0. 0. 1. 0. 0. 1. 0. 0. 0. 1. 0. 0. 0. 0. 0. 0. 0. 0. 1. 0. 1.],9.0,1000,30,0.6,10,1,9,,problem_solving
110,0.08119077211918779,0.008593397348309915,0.4,7.588234560317422,[0.         0.01045358 0.01551734 0.         0.88845561 0.01194067 0.         0.         0.         0.         0.         0.         0.01572962 0.         0.         0.01070061 0.         0.         0.         0.01570168 0.         0.         0.         0.         0.         0.         0.         0.         0.01594667 0.         0.01555422],[0. 1. 1. 0. 1. 1. 0. 0. 0. 0. 0. 0. 1. 0. 0. 1. 0. 0. 0. 1. 0. 0. 0. 0. 0. 0. 0. 0. 1. 0. 1.],9.0,1000,30,0.6,10,1,9,,problem_solving
120,0.03582628651549148,0.010012214912226947,0.4,11.4575552761372,[0.         0.01045358 0.01551734 0.         0.88845561 0.01194067 0.         0.         0.         0.         0.         0.         0.01572962 0.         0.         0.01070061 0.         0.         0.         0.01570168 0.         0.         0.         0.         0.         0.         0.         0.         0.01594667 0.         0.01555422],[0. 1. 1. 0. 1. 1. 0. 0. 0. 0. 0. 0. 1. 0. 0. 1. 0. 0. 0. 1. 0. 0. 0. 0. 0. 0. 0. 0. 1. 0. 1.],9.0,1000,30,0.6,10,1,9,,problem_solving
130,0.03582628651549148,0.010012214912226947,0.4,0.8783236663988138,[0.         0.01045358 0.01551734 0.         0.88845561 0.01194067 0.         0.         0.         0.         0.         0.         0.01572962 0.         0.         0.01070061 0.         0.         0.         0.01570168 0.         0.         0.         0.         0.         0.         0.         0.         0.01594667 0.         0.01555422],[0. 1. 1. 0. 1. 1. 0. 0. 0. 0. 0. 0. 1. 0. 0. 1. 0. 0. 0. 1. 0. 0. 0. 0. 0. 0. 0. 0. 1. 0. 1.],9.0,1000,30,0.6,10,1,9,,problem_solving
140,0.03582628651549148,0.010012214912226947,0.4,-7.437970685107493,[0.         0.01045358 0.01551734 0.         0.88845561 0.01194067 0.         0.         0.         0.         0.         0.         0.01572962 0.         0.         0.01070061 0.         0.         0.         0.01570168 0.         0.         0.         0.         0.         0.         0.         0.         0.01594667 0.         0.01555422],[0. 1. 1. 0. 1. 1. 0. 0. 0. 0. 0. 0. 1. 0. 0. 1. 0. 0. 0. 1. 0. 0. 0. 0. 0. 0. 0. 0. 1. 0. 1.],9.0,1000,30,0.6,10,1,9,,problem_solving
150,0.03582628651549148,0.010012214912226947,0.4,-1.1039603326268521,[0.         0.01045358 0.01551734 0.         0.88845561 0.01194067 0.         0.         0.         0.         0.         0.         0.01572962 0.         0.         0.01070061 0.         0.         0.         0.01570168 0.         0.         0.         0.         0.         0.         0.         0.         0.01594667 0.         0.01555422],[0. 1. 1. 0. 1. 1. 0. 0. 0. 0. 0. 0. 1. 0. 0. 1. 0. 0. 0. 1. 0. 0. 0. 0. 0. 0. 0. 0. 1. 0. 1.],9.0,1000,30,0.6,10,1,9,,problem_solving
160,0.03582628651549148,0.010012214912226947,0.4,3.6682289435151016,[0.         0.01045358 0.01551734 0.         0.88845561 0.01194067 0.         0.         0.         0.         0.         0.         0.01572962 0.         0.         0.01070061 0.         0.         0.         0.01570168 0.         0.         0.         0.         0.         0.         0.         0.         0.01594667 0.         0.01555422],[0. 1. 1. 0. 1. 1. 0. 0. 0. 0. 0. 0. 1. 0. 0. 1. 0. 0. 0. 1. 0. 0. 0. 0. 0. 0. 0. 0. 1. 0. 1.],9.0,1000,30,0.6,10,1,9,,problem_solving
170,0.03582628651549148,0.010012214912226947,0.4,-6.589905705449639,[0.         0.01045358 0.01551734 0.         0.88845561 0.01194067 0.         0.         0.         0.         0.         0.         0.01572962 0.         0.         0.01070061 0.         0.         0.         0.01570168 0.         0.         0.         0.         0.         0.         0.         0.         0.01594667 0.         0.01555422],[0. 1. 1. 0. 1. 1. 0. 0. 0. 0. 0. 0. 1. 0. 0. 1. 0. 0. 0. 1. 0. 0. 0. 0. 0. 0. 0. 0. 1. 0. 1.],9.0,1000,30,0.6,10,1,9,,problem_solving
180,0.03582628651549148,0.010012214912226947,0.4,1.6461170651773442,[0.         0.01045358 0.01551734 0.         0.88845561 0.01194067 0.         0.         0.         0.         0.         0.         0.01572962 0.         0.         0.01070061 0.         0.         0.         0.01570168 0.         0.         0.         0.         0.         0.         0.         0.         0.01594667 0.         0.01555422],[0. 1. 1. 0. 1. 1. 0. 0. 0. 0. 0. 0. 1. 0. 0. 1. 0. 0. 0. 1. 0. 0. 0. 0. 0. 0. 0. 0. 1. 0. 1.],9.0,1000,30,0.6,10,1,9,,problem_solving
190,0.03582628651549148,0.010012214912226947,0.4,-3.348627722303127,[0.         0.01045358 0.01551734 0.         0.88845561 0.01194067 0.         0.         0.         0.         0.         0.         0.01572962 0.         0.         0.01070061 0.         0.         0.         0.01570168 0.         0.         0.         0.         0.         0.         0.         0.         0.01594667 0.         0.01555422],[0. 1. 1. 0. 1. 1. 0. 0. 0. 0. 0. 0. 1. 0. 0. 1. 0. 0. 0. 1. 0. 0. 0. 0. 0. 0. 0. 0. 1. 0. 1.],9.0,1000,30,0.6,10,1,9,,problem_solving
200,0.03582628651549148,0.010012214912226947,0.4,-10.785962382839156,[0.         0.01045358 0.01551734 0.         0.88845561 0.01194067 0.         0.         0.         0.         0.         0.         0.01572962 0.         0.         0.01070061 0.         0.         0.         0.01570168 0.         0.         0.         0.         0.         0.         0.         0.         0.01594667 0.         0.01555422],[0. 1. 1. 0. 1. 1. 0. 0. 0. 0. 0. 0. 1. 0. 0. 1. 0. 0. 0. 1. 0. 0. 0. 0. 0. 0. 0. 0. 1. 0. 1.],9.0,1000,30,0.6,10,1,9,,problem_solving
210,0.03582628651549148,0.010012214912226947,0.4,0.8471595995902058,[0.         0.01045358 0.01551734 0.         0.88845561 0.01194067 0.         0.         0.         0.         0.         0.         0.01572962 0.         0.         0.01070061 0.         0.         0.         0.01570168 0.         0.         0.         0.         0.         0.         0.         0.         0.01594667 0.         0.01555422],[0. 1. 1. 0. 1. 1. 0. 0. 0. 0. 0. 0. 1. 0. 0. 1. 0. 0. 0. 1. 0. 0. 0. 0. 0. 0. 0. 0. 1. 0. 1.],9.0,1000,30,0.6,10,1,9,,problem_solving
220,0.03582628651549148,0.010012214912226947,0.4,9.061355661349976,[0.         0.01045358 0.01551734 0.         0.88845561 0.01194067 0.         0.         0.         0.         0.         0.         0.01572962 0.         0.         0.01070061 0.         0.         0.         0.01570168 0.         0.         0.         0.         0.         0.         0.         0.         0.01594667 0.         0.01555422],[0. 1. 1. 0. 1. 1. 0. 0. 0. 0. 0. 0. 1. 0. 0. 1. 0. 0. 0. 1. 0. 0. 0. 0. 0. 0. 0. 0. 1. 0. 1.],9.0,1000,30,0.6,10,1,9,,problem_solving
230,0.03582628651549148,0.010012214912226947,0.4,14.959852519134586,[0.         0.01045358 0.01551734 0.         0.88845561 0.01194067 0.         0.         0.         0.         0.         0.         0.01572962 0.         0.         0.01070061 0.         0.         0.         0.01570168 0.         0.         0.         0.         0.         0.         0.         0.         0.01594667 0.         0.01555422],[0. 1. 1. 0. 1. 1. 0. 0. 0. 0. 0. 0. 1. 0. 0. 1. 0. 0. 0. 1. 0. 0. 0. 0. 0. 0. 0. 0. 1. 0. 1.],9.0,1000,30,0.6,10,1,9,,problem_solving
240,0.03582628651549148,0.010012214912226947,0.4,-16.853802273894978,[0.         0.01045358 0.01551734 0.         0.88845561 0.01194067 0.         0.         0.         0.         0.         0.         0.01572962 0.         0.         0.01070061 0.         0.         0.         0.01570168 0.         0.         0.         0.         0.         0.         0.         0.         0.01594667 0.         0.01555422],[0. 1. 1. 0. 1. 1. 0. 0. 0. 0. 0. 0. 1. 0. 0. 1. 0. 0. 0. 1. 0. 0. 0. 0. 0. 0. 0. 0. 1. 0. 1.],9.0,1000,30,0.6,10,1,9,,problem_solving
250,0.03582628651549148,0.010012214912226947,0.4,-5.971581394140932,[0.         0.01045358 0.01551734 0.         0.88845561 0.01194067 0.         0.         0.         0.         0.         0.         0.01572962 0.         0.         0.01070061 0.         0.         0.         0.01570168 0.         0.         0.         0.         0.         0.         0.         0.         0.01594667 0.         0.01555422],[0. 1. 1. 0. 1. 1. 0. 0. 0. 0. 0. 0. 1. 0. 0. 1. 0. 0. 0. 1. 0. 0. 0. 0. 0. 0. 0. 0. 1. 0. 1.],9.0,1000,30,0.6,10,1,9,,problem_solving
260,0.03582628651549148,0.010012214912226947,0.4,-2.2364173874249254,[0.         0.01045358 0.01551734 0.         0.88845561 0.01194067 0.         0.         0.         0.         0.         0.         0.01572962 0.         0.         0.01070061 0.         0.         0.         0.01570168 0.         0.         0.         0.         0.         0.         0.         0.         0.01594667 0.         0.01555422],[0. 1. 1. 0. 1. 1. 0. 0. 0. 0. 0. 0. 1. 0. 0. 1. 0. 0. 0. 1. 0. 0. 0. 0. 0. 0. 0. 0. 1. 0. 1.],9.0,1000,30,0.6,10,1,9,,problem_solving
270,0.03582628651549148,0.010012214912226947,0.4,-22.028801117770982,[0.         0.01045358 0.01551734 0.         0.88845561 0.01194067 0.         0.         0.         0.         0.         0.         0.01572962 0.         0.         0.01070061 0.         0.         0.         0.01570168 0.         0.         0.         0.         0.         0.         0.         0.         0.01594667 0.         0.01555422],[0. 1. 1. 0. 1. 1. 0. 0. 0. 0. 0. 0. 1. 0. 0. 1. 0. 0. 0. 1. 0. 0. 0. 0. 0. 0. 0. 0. 1. 0. 1.],9.0,1000,30,0.6,10,1,9,,problem_solving
280,0.03582628651549148,0.010012214912226947,0.4,15.588913769756264,[0.         0.01045358 0.01551734 0.         0.88845561 0.01194067 0.         0.         0.         0.         0.         0.         0.01572962 0.         0.         0.01070061 0.         0.         0.         0.01570168 0.         0.         0.         0.         0.         0.         0.         0.         0.01594667 0.         0.01555422],[0. 1. 1. 0. 1. 1. 0. 0. 0. 0. 0. 0. 1. 0. 0. 1. 0. 0. 0. 1. 0. 0. 0. 0. 0. 0. 0. 0. 1. 0. 1.],9.0,1000,30,0.6,10,1,9,,problem_solving
290,0.03582628651549148,0.010012214912226947,0.4,0.8632812816273844,[0.         0.01045358 0.01551734 0.         0.88845561 0.01194067 0.         0.         0.         0.         0.         0.         0.01572962 0.         0.         0.01070061 0.         0.         0.         0.01570168 0.         0.         0.         0.         0.         0.         0.         0.         0.01594667 0.         0.01555422],[0. 1. 1. 0. 1. 1. 0. 0. 0. 0. 0. 0. 1. 0. 0. 1. 0. 0. 0. 1. 0. 0. 0. 0. 0. 0. 0. 0. 1. 0. 1.],9.0,1000,30,0.6,10,1,9,,problem_solving
300,0.03582628651549148,0.010012214912226947,0.4,-10.346634112686461,[0.         0.01045358 0.01551734 0.         0.88845561 0.01194067 0.         0.         0.         0.         0.         0.         0.01572962 0.         0.         0.01070061 0.         0.         0.         0.01570168 0.         0.         0.         0.         0.         0.         0.         0.         0.01594667 0.         0.01555422],[0. 1. 1. 0. 1. 1. 0. 0. 0. 0. 0. 0. 1. 0. 0. 1. 0. 0. 0. 1. 0. 0. 0. 0. 0. 0. 0. 0. 1. 0. 1.],9.0,1000,30,0.6,10,1,9,,problem_solving
310,0.03582628651549148,0.010012214912226947,0.4,6.865744895623345,[0.         0.01045358 0.01551734 0.         0.88845561 0.01194067 0.         0.         0.         0.         0.         0.         0.01572962 0.         0.         0.01070061 0.         0.         0.         0.01570168 0.         0.         0.         0.         0.         0.         0.         0.         0.01594667 0.         0.01555422],[0. 1. 1. 0. 1. 1. 0. 0. 0. 0. 0. 0. 1. 0. 0. 1. 0. 0. 0. 1. 0. 0. 0. 0. 0. 0. 0. 0. 1. 0. 1.],9.0,1000,30,0.6,10,1,9,,problem_solving
320,0.03582628651549148,0.010012214912226947,0.4,-14.115476252594556,[0.         0.01045358 0.01551734 0.         0.88845561 0.01194067 0.         0.         0.         0.         0.         0.         0.01572962 0.         0.         0.01070061 0.         0.         0.         0.01570168 0.         0.         0.         0.         0.         0.         0.         0.         0.01594667 0.         0.01555422],[0. 1. 1. 0. 1. 1. 0. 0. 0. 0. 0. 0. 1. 0. 0. 1. 0. 0. 0. 1. 0. 0. 0. 0. 0. 0. 0. 0. 1. 0. 1.],9.0,1000,30,0.6,10,1,9,,problem_solving
330,0.03582628651549148,0.010012214912226947,0.4,-4.964145432280916,[0.         0.01045358 0.01551734 0.         0.88845561 0.01194067 0.         0.         0.         0.         0.         0.         0.01572962 0.         0.         0.01070061 0.         0.         0.         0.01570168 0.         0.         0.         0.         0.         0.         0.         0.         0.01594667 0.         0.01555422],[0. 1. 1. 0. 1. 1. 0. 0. 0. 0. 0. 0. 1. 0. 0. 1. 0. 0. 0. 1. 0. 0. 0. 0. 0. 0. 0. 0. 1. 0. 1.],9.0,1000,30,0.6,10,1,9,,problem_solving
340,0.03582628651549148,0.010012214912226947,0.4,8.030703904756898,[0.         0.01045358 0.01551734 0.         0.88845561 0.01194067 0.         0.         0.         0.         0.         0.         0.01572962 0.         0.         0.01070061 0.         0.         0.         0.01570168 0.         0.         0.         0.         0.         0.         0.         0.         0.01594667 0.         0.01555422],[0. 1. 1. 0. 1. 1. 0. 0. 0. 0. 0. 0. 1. 0. 0. 1. 0. 0. 0. 1. 0. 0. 0. 0. 0. 0. 0. 0. 1. 0. 1.],9.0,1000,30,0.6,10,1,9,,problem_solving
350,0.03582628651549148,0.010012214912226947,0.4,-3.1278716832658686,[0.         0.01045358 0.01551734 0.         0.88845561 0.01194067 0.         0.         0.         0.         0.         0.         0.01572962 0.         0.         0.01070061 0.         0.         0.         0.01570168 0.         0.         0.         0.         0.         0.         0.         0.         0.01594667 0.         0.01555422],[0. 1. 1. 0. 1. 1. 0. 0. 0. 0. 0. 0. 1. 0. 0. 1. 0. 0. 0. 1. 0. 0. 0. 0. 0. 0. 0. 0. 1. 0. 1.],9.0,1000,30,0.6,10,1,9,,problem_solving
360,0.03582628651549148,0.010012214912226947,0.4,2.292144544680816,[0.         0.01045358 0.01551734 0.         0.88845561 0.01194067 0.         0.         0.         0.         0.         0.         0.01572962 0.         0.         0.01070061 0.         0.         0.         0.01570168 0.         0.         0.         0.         0.         0.         0.         0.         0.01594667 0.         0.01555422],[0. 1. 1. 0. 1. 1. 0. 0. 0. 0. 0. 0. 1. 0. 0. 1. 0. 0. 0. 1. 0. 0. 0. 0. 0. 0. 0. 0. 1. 0. 1.],9.0,1000,30,0.6,10,1,9,,problem_solving
370,0.03582628651549148,0.010012214912226947,0.4,-18.48656601950758,[0.         0.01045358 0.01551734 0.         0.88845561 0.01194067 0.         0.         0.         0.         0.         0.         0.01572962 0.         0.         0.01070061 0.         0.         0.         0.01570168 0.         0.         0.         0.         0.         0.         0.         0.         0.01594667 0.         0.01555422],[0. 1. 1. 0. 1. 1. 0. 0. 0. 0. 0. 0. 1. 0. 0. 1. 0. 0. 0. 1. 0. 0. 0. 0. 0. 0. 0. 0. 1. 0. 1.],9.0,1000,30,0.6,10,1,9,,problem_solving
380,0.03582628651549148,0.010012214912226947,0.4,-2.3476195745690505,[0.         0.01045358 0.01551734 0.         0.88845561 0.01194067 0.         0.         0.         0.         0.         0.         0.01572962 0.         0.         0.01070061 0.         0.         0.         0.01570168 0.         0.         0.         0.         0.         0.         0.         0.         0.01594667 0.         0.01555422],[0. 1. 1. 0. 1. 1. 0. 0. 0. 0. 0. 0. 1. 0. 0. 1. 0. 0. 0. 1. 0. 0. 0. 0. 0. 0. 0. 0. 1. 0. 1.],9.0,1000,30,0.6,10,1,9,,problem_solving
390,0.03582628651549148,0.010012214912226947,0.4,-5.731925458607834,[0.         0.01045358 0.01551734 0.         0.88845561 0.01194067 0.         0.         0.         0.         0.         0.         0.01572962 0.         0.         0.01070061 0.         0.         0.         0.01570168 0.         0.         0.         0.         0.         0.         0.         0.         0.01594667 0.         0.01555422],[0. 1. 1. 0. 1. 1. 0. 0. 0. 0. 0. 0. 1. 0. 0. 1. 0. 0. 0. 1. 0. 0. 0. 0. 0. 0. 0. 0. 1. 0. 1.],9.0,1000,30,0.6,10,1,9,,problem_solving
400,0.03582628651549148,0.010012214912226947,0.4,15.023342345097927,[0.         0.01045358 0.01551734 0.         0.88845561 0.01194067 0.         0.         0.         0.         0.         0.         0.01572962 0.         0.         0.01070061 0.         0.         0.         0.01570168 0.         0.         0.         0.         0.         0.         0.         0.         0.01594667 0.         0.01555422],[0. 1. 1. 0. 1. 1. 0. 0. 0. 0. 0. 0. 1. 0. 0. 1. 0. 0. 0. 1. 0. 0. 0. 0. 0. 0. 0. 0. 1. 0. 1.],9.0,1000,30,0.6,10,1,9,,problem_solving
410,0.03582628651549148,0.010012214912226947,0.4,-6.725255767707669,[0.         0.01045358 0.01551734 0.         0.88845561 0.01194067 0.         0.         0.         0.         0.         0.         0.01572962 0.         0.         0.01070061 0.         0.         0.         0.01570168 0.         0.         0.         0.         0.         0.         0.         0.         0.01594667 0.         0.01555422],[0. 1. 1. 0. 1. 1. 0. 0. 0. 0. 0. 0. 1. 0. 0. 1. 0. 0. 0. 1. 0. 0. 0. 0. 0. 0. 0. 0. 1. 0. 1.],9.0,1000,30,0.6,10,1,9,,problem_solving
420,0.03582628651549148,0.010012214912226947,0.4,1.7039684585897652,[0.         0.01045358 0.01551734 0.         0.88845561 0.01194067 0.         0.         0.         0.         0.         0.         0.01572962 0.         0.         0.01070061 0.         0.         0.         0.01570168 0.         0.         0.         0.         0.         0.         0.         0.         0.01594667 0.         0.01555422],[0. 1. 1. 0. 1. 1. 0. 0. 0. 0. 0. 0. 1. 0. 0. 1. 0. 0. 0. 1. 0. 0. 0. 0. 0. 0. 0. 0. 1. 0. 1.],9.0,1000,30,0.6,10,1,9,,problem_solving
430,0.03582628651549148,0.010012214912226947,0.4,15.718308116564328,[0.         0.01045358 0.01551734 0.         0.88845561 0.01194067 0.         0.         0.         0.         0.         0.         0.01572962 0.         0.         0.01070061 0.         0.         0.         0.01570168 0.         0.         0.         0.         0.         0.         0.         0.         0.01594667 0.         0.01555422],[0. 1. 1. 0. 1. 1. 0. 0. 0. 0. 0. 0. 1. 0. 0. 1. 0. 0. 0. 1. 0. 0. 0. 0. 0. 0. 0. 0. 1. 0. 1.],9.0,1000,30,0.6,10,1,9,,problem_solving
440,0.03582628651549148,0.010012214912226947,0.4,13.016801553835277,[0.         0.01045358 0.01551734 0.         0.88845561 0.01194067 0.         0.         0.         0.         0.         0.         0.01572962 0.         0.         0.01070061 0.         0.         0.         0.01570168 0.         0.         0.         0.         0.         0.         0.         0.         0.01594667 0.         0.01555422],[0. 1. 1. 0. 1. 1. 0. 0. 0. 0. 0. 0. 1. 0. 0. 1. 0. 0. 0. 1. 0. 0. 0. 0. 0. 0. 0. 0. 1. 0. 1.],9.0,1000,30,0.6,10,1,9,,problem_solving
450,0.03582628651549148,0.010012214912226947,0.4,8.464116706661054,[0.         0.01045358 0.01551734 0.         0.88845561 0.01194067 0.         0.         0.         0.         0.         0.         0.01572962 0.         0.         0.01070061 0.         0.         0.         0.01570168 0.         0.         0.         0.         0.         0.         0.         0.         0.01594667 0.         0.01555422],[0. 1. 1. 0. 1. 1. 0. 0. 0. 0. 0. 0. 1. 0. 0. 1. 0. 0. 0. 1. 0. 0. 0. 0. 0. 0. 0. 0. 1. 0. 1.],9.0,1000,30,0.6,10,1,9,,problem_solving
460,0.03582628651549148,0.010012214912226947,0.4,-5.626602589567176,[0.         0.01045358 0.01551734 0.         0.88845561 0.01194067 0.         0.         0.         0.         0.         0.         0.01572962 0.         0.         0.01070061 0.         0.         0.         0.01570168 0.         0.         0.         0.         0.         0.         0.         0.         0.01594667 0.         0.01555422],[0. 1. 1. 0. 1. 1. 0. 0. 0. 0. 0. 0. 1. 0. 0. 1. 0. 0. 0. 1. 0. 0. 0. 0. 0. 0. 0. 0. 1. 0. 1.],9.0,1000,30,0.6,10,1,9,,problem_solving
470,0.03582628651549148,0.010012214912226947,0.4,20.46707542709023,[0.         0.01045358 0.01551734 0.         0.88845561 0.01194067 0.         0.         0.         0.         0.         0.         0.01572962 0.         0.         0.01070061 0.         0.         0.         0.01570168 0.         0.         0.         0.         0.         0.         0.         0.         0.01594667 0.         0.01555422],[0. 1. 1. 0. 1. 1. 0. 0. 0. 0. 0. 0. 1. 0. 0. 1. 0. 0. 0. 1. 0. 0. 0. 0. 0. 0. 0. 0. 1. 0. 1.],9.0,1000,30,0.6,10,1,9,,problem_solving
480,0.03582628651549148,0.010012214912226947,0.4,-16.518288855772518,[0.         0.01045358 0.01551734 0.         0.88845561 0.01194067 0.         0.         0.         0.         0.         0.         0.01572962 0.         0.         0.01070061 0.         0.         0.         0.01570168 0.         0.         0.         0.         0.         0.         0.         0.         0.01594667 0.         0.01555422],[0. 1. 1. 0. 1. 1. 0. 0. 0. 0. 0. 0. 1. 0. 0. 1. 0. 0. 0. 1. 0. 0. 0. 0. 0. 0. 0. 0. 1. 0. 1.],9.0,1000,30,0.6,10,1,9,,problem_solving
490,0.03582628651549148,0.010012214912226947,0.4,-0.20602760014958255,[0.         0.01045358 0.01551734 0.         0.88845561 0.01194067 0.         0.         0.         0.         0.         0.         0.01572962 0.         0.         0.01070061 0.         0.         0.         0.01570168 0.         0.         0.         0.         0.         0.         0.         0.         0.01594667 0.         0.01555422],[0. 1. 1. 0. 1. 1. 0. 0. 0. 0. 0. 0. 1. 0. 0. 1. 0. 0. 0. 1. 0. 0. 0. 0. 0. 0. 0. 0. 1. 0. 1.],9.0,1000,30,0.6,10,1,9,,problem_solving
500,0.035172700429034594,0.010018096410539192,0.4,9.922553845533887,[0.         0.01045358 0.01551734 0.         0.88845561 0.01194067 0.         0.         0.         0.         0.         0.         0.01572962 0.         0.         0.01070061 0.         0.         0.         0.01570168 0.         0.         0.         0.         0.         0.         0.         0.         0.01594667 0.         0.01555422],[0. 1. 1. 0. 1. 1. 0. 0. 0. 0. 0. 0. 1. 0. 0. 1. 0. 0. 0. 1. 0. 0. 0. 0. 0. 0. 0. 0. 1. 0. 1.],9.0,1000,30,0.6,10,1,9,,problem_solving
510,0.035172700429034594,0.010018096410539192,0.4,-14.136773161371996,[0.         0.01045358 0.01551734 0.         0.88845561 0.01194067 0.         0.         0.         0.         0.         0.         0.01572962 0.         0.         0.01070061 0.         0.         0.         0.01570168 0.         0.         0.         0.         0.         0.         0.         0.         0.01594667 0.         0.01555422],[0. 1. 1. 0. 1. 1. 0. 0. 0. 0. 0. 0. 1. 0. 0. 1. 0. 0. 0. 1. 0. 0. 0. 0. 0. 0. 0. 0. 1. 0. 1.],9.0,1000,30,0.6,10,1,9,,problem_solving
520,0.035172700429034594,0.010018096410539192,0.4,-13.497506005284954,[0.         0.01045358 0.01551734 0.         0.88845561 0.01194067 0.         0.         0.         0.         0.         0.         0.01572962 0.         0.         0.01070061 0.         0.         0.         0.01570168 0.         0.         0.         0.         0.         0.         0.         0.         0.01594667 0.         0.01555422],[0. 1. 1. 0. 1. 1. 0. 0. 0. 0. 0. 0. 1. 0. 0. 1. 0. 0. 0. 1. 0. 0. 0. 0. 0. 0. 0. 0. 1. 0. 1.],9.0,1000,30,0.6,10,1,9,,problem_solving
530,0.035172700429034594,0.010018096410539192,0.4,-11.78213170547475,[0.         0.01045358 0.01551734 0.         0.88845561 0.01194067 0.         0.         0.         0.         0.         0.         0.01572962 0.         0.         0.01070061 0.         0.         0.         0.01570168 0.         0.         0.         0.         0.         0.         0.         0.         0.01594667 0.         0.01555422],[0. 1. 1. 0. 1. 1. 0. 0. 0. 0. 0. 0. 1. 0. 0. 1. 0. 0. 0. 1. 0. 0. 0. 0. 0. 0. 0. 0. 1. 0. 1.],9.0,1000,30,0.6,10,1,9,,problem_solving
540,0.035172700429034594,0.010018096410539192,0.4,0.5064923764488553,[0.         0.01045358 0.01551734 0.         0.88845561 0.01194067 0.         0.         0.         0.         0.         0.         0.01572962 0.         0.         0.01070061 0.         0.         0.         0.01570168 0.         0.         0.         0.         0.         0.         0.         0.         0.01594667 0.         0.01555422],[0. 1. 1. 0. 1. 1. 0. 0. 0. 0. 0. 0. 1. 0. 0. 1. 0. 0. 0. 1. 0. 0. 0. 0. 0. 0. 0. 0. 1. 0. 1.],9.0,1000,30,0.6,10,1,9,,problem_solving
550,0.035172700429034594,0.010018096410539192,0.4,-2.5731933467010544,[0.         0.01045358 0.01551734 0.         0.88845561 0.01194067 0.         0.         0.         0.         0.         0.         0.01572962 0.         0.         0.01070061 0.         0.         0.         0.01570168 0.         0.         0.         0.         0.         0.         0.         0.         0.01594667 0.         0.01555422],[0. 1. 1. 0. 1. 1. 0. 0. 0. 0. 0. 0. 1. 0. 0. 1. 0. 0. 0. 1. 0. 0. 0. 0. 0. 0. 0. 0. 1. 0. 1.],9.0,1000,30,0.6,10,1,9,,problem_solving
560,0.035172700429034594,0.010018096410539192,0.4,4.4386734554343485,[0.         0.01045358 0.01551734 0.         0.88845561 0.01194067 0.         0.         0.         0.         0.         0.         0.01572962 0.         0.         0.01070061 0.         0.         0.         0.01570168 0.         0.         0.         0.         0.         0.         0.         0.         0.01594667 0.         0.01555422],[0. 1. 1. 0. 1. 1. 0. 0. 0. 0. 0. 0. 1. 0. 0. 1. 0. 0. 0. 1. 0. 0. 0. 0. 0. 0. 0. 0. 1. 0. 1.],9.0,1000,30,0.6,10,1,9,,problem_solving
570,0.035172700429034594,0.010018096410539192,0.4,-7.721497588031518,[0.         0.01045358 0.01551734 0.         0.88845561 0.01194067 0.         0.         0.         0.         0.         0.         0.01572962 0.         0.         0.01070061 0.         0.         0.         0.01570168 0.         0.         0.         0.         0.         0.         0.         0.         0.01594667 0.         0.01555422],[0. 1. 1. 0. 1. 1. 0. 0. 0. 0. 0. 0. 1. 0. 0. 1. 0. 0. 0. 1. 0. 0. 0. 0. 0. 0. 0. 0. 1. 0. 1.],9.0,1000,30,0.6,10,1,9,,problem_solving
580,0.035172700429034594,0.010018096410539192,0.4,2.8052812570959134,[0.         0.01045358 0.01551734 0.         0.88845561 0.01194067 0.         0.         0.         0.         0.         0.         0.01572962 0.         0.         0.01070061 0.         0.         0.         0.01570168 0.         0.         0.         0.         0.         0.         0.         0.         0.01594667 0.         0.01555422],[0. 1. 1. 0. 1. 1. 0. 0. 0. 0. 0. 0. 1. 0. 0. 1. 0. 0. 0. 1. 0. 0. 0. 0. 0. 0. 0. 0. 1. 0. 1.],9.0,1000,30,0.6,10,1,9,,problem_solving
590,0.035172700429034594,0.010018096410539192,0.4,3.3258525414159585,[0.         0.01045358 0.01551734 0.         0.88845561 0.01194067 0.         0.         0.         0.         0.         0.         0.01572962 0.         0.         0.01070061 0.         0.         0.         0.01570168 0.         0.         0.         0.         0.         0.         0.         0.         0.01594667 0.         0.01555422],[0. 1. 1. 0. 1. 1. 0. 0. 0. 0. 0. 0. 1. 0. 0. 1. 0. 0. 0. 1. 0. 0. 0. 0. 0. 0. 0. 0. 1. 0. 1.],9.0,1000,30,0.6,10,1,9,,problem_solving
600,0.035172700429034594,0.010018096410539192,0.4,-14.341825995626378,[0.         0.01045358 0.01551734 0.         0.88845561 0.01194067 0.         0.         0.         0.         0.         0.         0.01572962 0.         0.         0.01070061 0.         0.         0.         0.01570168 0.         0.         0.         0.         0.         0.         0.         0.         0.01594667 0.         0.01555422],[0. 1. 1. 0. 1. 1. 0. 0. 0. 0. 0. 0. 1. 0. 0. 1. 0. 0. 0. 1. 0. 0. 0. 0. 0. 0. 0. 0. 1. 0. 1.],9.0,1000,30,0.6,10,1,9,,problem_solving
610,0.035172700429034594,0.010018096410539192,0.4,-22.678241448753273,[0.         0.01045358 0.01551734 0.         0.88845561 0.01194067 0.         0.         0.         0.         0.         0.         0.01572962 0.         0.         0.01070061 0.         0.         0.         0.01570168 0.         0.         0.         0.         0.         0.         0.         0.         0.01594667 0.         0.01555422],[0. 1. 1. 0. 1. 1. 0. 0. 0. 0. 0. 0. 1. 0. 0. 1. 0. 0. 0. 1. 0. 0. 0. 0. 0. 0. 0. 0. 1. 0. 1.],9.0,1000,30,0.6,10,1,9,,problem_solving
620,0.035172700429034594,0.010018096410539192,0.4,11.877764054379014,[0.         0.01045358 0.01551734 0.         0.88845561 0.01194067 0.         0.         0.         0.         0.         0.         0.01572962 0.         0.         0.01070061 0.         0.         0.         0.01570168 0.         0.         0.         0.         0.         0.         0.         0.         0.01594667 0.         0.01555422],[0. 1. 1. 0. 1. 1. 0. 0. 0. 0. 0. 0. 1. 0. 0. 1. 0. 0. 0. 1. 0. 0. 0. 0. 0. 0. 0. 0. 1. 0. 1.],9.0,1000,30,0.6,10,1,9,,problem_solving
630,0.035172700429034594,0.010018096410539192,0.4,6.3859343425966175,[0.         0.01045358 0.01551734 0.         0.88845561 0.01194067 0.         0.         0.         0.         0.         0.         0.01572962 0.         0.         0.01070061 0.         0.         0.         0.01570168 0.         0.         0.         0.         0.         0.         0.         0.         0.01594667 0.         0.01555422],[0. 1. 1. 0. 1. 1. 0. 0. 0. 0. 0. 0. 1. 0. 0. 1. 0. 0. 0. 1. 0. 0. 0. 0. 0. 0. 0. 0. 1. 0. 1.],9.0,1000,30,0.6,10,1,9,,problem_solving
640,0.035172700429034594,0.010018096410539192,0.4,-3.0016453821653686,[0.         0.01045358 0.01551734 0.         0.88845561 0.01194067 0.         0.         0.         0.         0.         0.         0.01572962 0.         0.         0.01070061 0.         0.         0.         0.01570168 0.         0.         0.         0.         0.         0.         0.         0.         0.01594667 0.         0.01555422],[0. 1. 1. 0. 1. 1. 0. 0. 0. 0. 0. 0. 1. 0. 0. 1. 0. 0. 0. 1. 0. 0. 0. 0. 0. 0. 0. 0. 1. 0. 1.],9.0,1000,30,0.6,10,1,9,,problem_solving
650,0.035172700429034594,0.010018096410539192,0.4,-11.864784213206374,[0.         0.01045358 0.01551734 0.         0.88845561 0.01194067 0.         0.         0.         0.         0.         0.         0.01572962 0.         0.         0.01070061 0.         0.         0.         0.01570168 0.         0.         0.         0.         0.         0.         0.         0.         0.01594667 0.         0.01555422],[0. 1. 1. 0. 1. 1. 0. 0. 0. 0. 0. 0. 1. 0. 0. 1. 0. 0. 0. 1. 0. 0. 0. 0. 0. 0. 0. 0. 1. 0. 1.],9.0,1000,30,0.6,10,1,9,,problem_solving
660,0.035172700429034594,0.010018096410539192,0.4,6.864342725766887,[0.         0.01045358 0.01551734 0.         0.88845561 0.01194067 0.         0.         0.         0.         0.         0.         0.01572962 0.         0.         0.01070061 0.         0.         0.         0.01570168 0.         0.         0.         0.         0.         0.         0.         0.         0.01594667 0.         0.01555422],[0. 1. 1. 0. 1. 1. 0. 0. 0. 0. 0. 0. 1. 0. 0. 1. 0. 0. 0. 1. 0. 0. 0. 0. 0. 0. 0. 0. 1. 0. 1.],9.0,1000,30,0.6,10,1,9,,problem_solving
670,0.035172700429034594,0.010018096410539192,0.4,0.26426578043940624,[0.         0.01045358 0.01551734 0.         0.88845561 0.01194067 0.         0.         0.         0.         0.         0.         0.01572962 0.         0.         0.01070061 0.         0.         0.         0.01570168 0.         0.         0.         0.         0.         0.         0.         0.         0.01594667 0.         0.01555422],[0. 1. 1. 0. 1. 1. 0. 0. 0. 0. 0. 0. 1. 0. 0. 1. 0. 0. 0. 1. 0. 0. 0. 0. 0. 0. 0. 0. 1. 0. 1.],9.0,1000,30,0.6,10,1,9,,problem_solving
680,0.035172700429034594,0.010018096410539192,0.4,-7.590115520061422,[0.         0.01045358 0.01551734 0.         0.88845561 0.01194067 0.         0.         0.         0.         0.         0.         0.01572962 0.         0.         0.01070061 0.         0.         0.         0.01570168 0.         0.         0.         0.         0.         0.         0.         0.         0.01594667 0.         0.01555422],[0. 1. 1. 0. 1. 1. 0. 0. 0. 0. 0. 0. 1. 0. 0. 1. 0. 0. 0. 1. 0. 0. 0. 0. 0. 0. 0. 0. 1. 0. 1.],9.0,1000,30,0.6,10,1,9,,problem_solving
690,0.035172700429034594,0.010018096410539192,0.4,-17.165723596890484,[0.         0.01045358 0.01551734 0.         0.88845561 0.01194067 0.         0.         0.         0.         0.         0.         0.01572962 0.         0.         0.01070061 0.         0.         0.         0.01570168 0.         0.         0.         0.         0.         0.         0.         0.         0.01594667 0.         0.01555422],[0. 1. 1. 0. 1. 1. 0. 0. 0. 0. 0. 0. 1. 0. 0. 1. 0. 0. 0. 1. 0. 0. 0. 0. 0. 0. 0. 0. 1. 0. 1.],9.0,1000,30,0.6,10,1,9,,problem_solving
700,0.035172700429034594,0.010018096410539192,0.4,-6.500913258965966,[0.         0.01045358 0.01551734 0.         0.88845561 0.01194067 0.         0.         0.         0.         0.         0.         0.01572962 0.         0.         0.01070061 0.         0.         0.         0.01570168 0.         0.         0.         0.         0.         0.         0.         0.         0.01594667 0.         0.01555422],[0. 1. 1. 0. 1. 1. 0. 0. 0. 0. 0. 0. 1. 0. 0. 1. 0. 0. 0. 1. 0. 0. 0. 0. 0. 0. 0. 0. 1. 0. 1.],9.0,1000,30,0.6,10,1,9,,problem_solving
710,0.035172700429034594,0.010018096410539192,0.4,-1.1998414479276847,[0.         0.01045358 0.01551734 0.         0.88845561 0.01194067 0.         0.         0.         0.         0.         0.         0.01572962 0.         0.         0.01070061 0.         0.         0.         0.01570168 0.         0.         0.         0.         0.         0.         0.         0.         0.01594667 0.         0.01555422],[0. 1. 1. 0. 1. 1. 0. 0. 0. 0. 0. 0. 1. 0. 0. 1. 0. 0. 0. 1. 0. 0. 0. 0. 0. 0. 0. 0. 1. 0. 1.],9.0,1000,30,0.6,10,1,9,,problem_solving
720,0.035172700429034594,0.010018096410539192,0.4,15.392887419108023,[0.         0.01045358 0.01551734 0.         0.88845561 0.01194067 0.         0.         0.         0.         0.         0.         0.01572962 0.         0.         0.01070061 0.         0.         0.         0.01570168 0.         0.         0.         0.         0.         0.         0.         0.         0.01594667 0.         0.01555422],[0. 1. 1. 0. 1. 1. 0. 0. 0. 0. 0. 0. 1. 0. 0. 1. 0. 0. 0. 1. 0. 0. 0. 0. 0. 0. 0. 0. 1. 0. 1.],9.0,1000,30,0.6,10,1,9,,problem_solving
730,0.035172700429034594,0.010018096410539192,0.4,3.1125977960498847,[0.         0.01045358 0.01551734 0.         0.88845561 0.01194067 0.         0.         0.         0.         0.         0.         0.01572962 0.         0.         0.01070061 0.         0.         0.         0.01570168 0.         0.         0.         0.         0.         0.         0.         0.         0.01594667 0.         0.01555422],[0. 1. 1. 0. 1. 1. 0. 0. 0. 0. 0. 0. 1. 0. 0. 1. 0. 0. 0. 1. 0. 0. 0. 0. 0. 0. 0. 0. 1. 0. 1.],9.0,1000,30,0.6,10,1,9,,problem_solving
740,0.035172700429034594,0.010018096410539192,0.4,17.676907512933667,[0.         0.01045358 0.01551734 0.         0.88845561 0.01194067 0.         0.         0.         0.         0.         0.         0.01572962 0.         0.         0.01070061 0.         0.         0.         0.01570168 0.         0.         0.         0.         0.         0.         0.         0.         0.01594667 0.         0.01555422],[0. 1. 1. 0. 1. 1. 0. 0. 0. 0. 0. 0. 1. 0. 0. 1. 0. 0. 0. 1. 0. 0. 0. 0. 0. 0. 0. 0. 1. 0. 1.],9.0,1000,30,0.6,10,1,9,,problem_solving
750,0.035172700429034594,0.010018096410539192,0.4,5.8068113988530605,[0.         0.01045358 0.01551734 0.         0.88845561 0.01194067 0.         0.         0.         0.         0.         0.         0.01572962 0.         0.         0.01070061 0.         0.         0.         0.01570168 0.         0.         0.         0.         0.         0.         0.         0.         0.01594667 0.         0.01555422],[0. 1. 1. 0. 1. 1. 0. 0. 0. 0. 0. 0. 1. 0. 0. 1. 0. 0. 0. 1. 0. 0. 0. 0. 0. 0. 0. 0. 1. 0. 1.],9.0,1000,30,0.6,10,1,9,,problem_solving
760,0.035172700429034594,0.010018096410539192,0.4,-10.673087346015855,[0.         0.01045358 0.01551734 0.         0.88845561 0.01194067 0.         0.         0.         0.         0.         0.         0.01572962 0.         0.         0.01070061 0.         0.         0.         0.01570168 0.         0.         0.         0.         0.         0.         0.         0.         0.01594667 0.         0.01555422],[0. 1. 1. 0. 1. 1. 0. 0. 0. 0. 0. 0. 1. 0. 0. 1. 0. 0. 0. 1. 0. 0. 0. 0. 0. 0. 0. 0. 1. 0. 1.],9.0,1000,30,0.6,10,1,9,,problem_solving
770,0.035172700429034594,0.010018096410539192,0.4,14.156830684154615,[0.         0.01045358 0.01551734 0.         0.88845561 0.01194067 0.         0.         0.         0.         0.         0.         0.01572962 0.         0.         0.01070061 0.         0.         0.         0.01570168 0.         0.         0.         0.         0.         0.         0.         0.         0.01594667 0.         0.01555422],[0. 1. 1. 0. 1. 1. 0. 0. 0. 0. 0. 0. 1. 0. 0. 1. 0. 0. 0. 1. 0. 0. 0. 0. 0. 0. 0. 0. 1. 0. 1.],9.0,1000,30,0.6,10,1,9,,problem_solving
780,0.035172700429034594,0.010018096410539192,0.4,15.179467365106419,[0.         0.01045358 0.01551734 0.         0.88845561 0.01194067 0.         0.         0.         0.         0.         0.         0.01572962 0.         0.         0.01070061 0.         0.         0.         0.01570168 0.         0.         0.         0.         0.         0.         0.         0.         0.01594667 0.         0.01555422],[0. 1. 1. 0. 1. 1. 0. 0. 0. 0. 0. 0. 1. 0. 0. 1. 0. 0. 0. 1. 0. 0. 0. 0. 0. 0. 0. 0. 1. 0. 1.],9.0,1000,30,0.6,10,1,9,,problem_solving
790,0.035172700429034594,0.010018096410539192,0.4,-5.724951282847077,[0.         0.01045358 0.01551734 0.         0.88845561 0.01194067 0.         0.         0.         0.         0.         0.         0.01572962 0.         0.         0.01070061 0.         0.         0.         0.01570168 0.         0.         0.         0.         0.         0.         0.         0.         0.01594667 0.         0.01555422],[0. 1. 1. 0. 1. 1. 0. 0. 0. 0. 0. 0. 1. 0. 0. 1. 0. 0. 0. 1. 0. 0. 0. 0. 0. 0. 0. 0. 1. 0. 1.],9.0,1000,30,0.6,10,1,9,,problem_solving
800,0.035172700429034594,0.010018096410539192,0.4,-2.886858515117814,[0.         0.01045358 0.01551734 0.         0.88845561 0.01194067 0.         0.         0.         0.         0.         0.         0.01572962 0.         0.         0.01070061 0.         0.         0.         0.01570168 0.         0.         0.         0.         0.         0.         0.         0.         0.01594667 0.         0.01555422],[0. 1. 1. 0. 1. 1. 0. 0. 0. 0. 0. 0. 1. 0. 0. 1. 0. 0. 0. 1. 0. 0. 0. 0. 0. 0. 0. 0. 1. 0. 1.],9.0,1000,30,0.6,10,1,9,,problem_solving
810,0.035172700429034594,0.010018096410539192,0.4,10.639082947612282,[0.         0.01045358 0.01551734 0.         0.88845561 0.01194067 0.         0.         0.         0.         0.         0.         0.01572962 0.         0.         0.01070061 0.         0.         0.         0.01570168 0.         0.         0.         0.         0.         0.         0.         0.         0.01594667 0.         0.01555422],[0. 1. 1. 0. 1. 1. 0. 0. 0. 0. 0. 0. 1. 0. 0. 1. 0. 0. 0. 1. 0. 0. 0. 0. 0. 0. 0. 0. 1. 0. 1.],9.0,1000,30,0.6,10,1,9,,problem_solving
820,0.035172700429034594,0.010018096410539192,0.4,-5.011748837931349,[0.         0.01045358 0.01551734 0.         0.88845561 0.01194067 0.         0.         0.         0.         0.         0.         0.01572962 0.         0.         0.01070061 0.         0.         0.         0.01570168 0.         0.         0.         0.         0.         0.         0.         0.         0.01594667 0.         0.01555422],[0. 1. 1. 0. 1. 1. 0. 0. 0. 0. 0. 0. 1. 0. 0. 1. 0. 0. 0. 1. 0. 0. 0. 0. 0. 0. 0. 0. 1. 0. 1.],9.0,1000,30,0.6,10,1,9,,problem_solving
830,0.035172700429034594,0.010018096410539192,0.4,-7.2931839620415095,[0.         0.01045358 0.01551734 0.         0.88845561 0.01194067 0.         0.         0.         0.         0.         0.         0.01572962 0.         0.         0.01070061 0.         0.         0.         0.01570168 0.         0.         0.         0.         0.         0.         0.         0.         0.01594667 0.         0.01555422],[0. 1. 1. 0. 1. 1. 0. 0. 0. 0. 0. 0. 1. 0. 0. 1. 0. 0. 0. 1. 0. 0. 0. 0. 0. 0. 0. 0. 1. 0. 1.],9.0,1000,30,0.6,10,1,9,,problem_solving
840,0.035172700429034594,0.010018096410539192,0.4,-12.78685657200854,[0.         0.01045358 0.01551734 0.         0.88845561 0.01194067 0.         0.         0.         0.         0.         0.         0.01572962 0.         0.         0.01070061 0.         0.         0.         0.01570168 0.         0.         0.         0.         0.         0.         0.         0.         0.01594667 0.         0.01555422],[0. 1. 1. 0. 1. 1. 0. 0. 0. 0. 0. 0. 1. 0. 0. 1. 0. 0. 0. 1. 0. 0. 0. 0. 0. 0. 0. 0. 1. 0. 1.],9.0,1000,30,0.6,10,1,9,,problem_solving
850,0.035172700429034594,0.010018096410539192,0.4,13.217575029854217,[0.         0.01045358 0.01551734 0.         0.88845561 0.01194067 0.         0.         0.         0.         0.         0.         0.01572962 0.         0.         0.01070061 0.         0.         0.         0.01570168 0.         0.         0.         0.         0.         0.         0.         0.         0.01594667 0.         0.01555422],[0. 1. 1. 0. 1. 1. 0. 0. 0. 0. 0. 0. 1. 0. 0. 1. 0. 0. 0. 1. 0. 0. 0. 0. 0. 0. 0. 0. 1. 0. 1.],9.0,1000,30,0.6,10,1,9,,problem_solving
860,0.035172700429034594,0.010018096410539192,0.4,27.12420594451702,[0.         0.01045358 0.01551734 0.         0.88845561 0.01194067 0.         0.         0.         0.         0.         0.         0.01572962 0.         0.         0.01070061 0.         0.         0.         0.01570168 0.         0.         0.         0.         0.         0.         0.         0.         0.01594667 0.         0.01555422],[0. 1. 1. 0. 1. 1. 0. 0. 0. 0. 0. 0. 1. 0. 0. 1. 0. 0. 0. 1. 0. 0. 0. 0. 0. 0. 0. 0. 1. 0. 1.],9.0,1000,30,0.6,10,1,9,,problem_solving
870,0.035172700429034594,0.010018096410539192,0.4,-7.2098736103399785,[0.         0.01045358 0.01551734 0.         0.88845561 0.01194067 0.         0.         0.         0.         0.         0.         0.01572962 0.         0.         0.01070061 0.         0.         0.         0.01570168 0.         0.         0.         0.         0.         0.         0.         0.         0.01594667 0.         0.01555422],[0. 1. 1. 0. 1. 1. 0. 0. 0. 0. 0. 0. 1. 0. 0. 1. 0. 0. 0. 1. 0. 0. 0. 0. 0. 0. 0. 0. 1. 0. 1.],9.0,1000,30,0.6,10,1,9,,problem_solving
880,0.035172700429034594,0.010018096410539192,0.4,-7.621683152953901,[0.         0.01045358 0.01551734 0.         0.88845561 0.01194067 0.         0.         0.         0.         0.         0.         0.01572962 0.         0.         0.01070061 0.         0.         0.         0.01570168 0.         0.         0.         0.         0.         0.         0.         0.         0.01594667 0.         0.01555422],[0. 1. 1. 0. 1. 1. 0. 0. 0. 0. 0. 0. 1. 0. 0. 1. 0. 0. 0. 1. 0. 0. 0. 0. 0. 0. 0. 0. 1. 0. 1.],9.0,1000,30,0.6,10,1,9,,problem_solving
890,0.035172700429034594,0.010018096410539192,0.4,-3.3977653235676404,[0.         0.01045358 0.01551734 0.         0.88845561 0.01194067 0.         0.         0.         0.         0.         0.         0.01572962 0.         0.         0.01070061 0.         0.         0.         0.01570168 0.         0.         0.         0.         0.         0.         0.         0.         0.01594667 0.         0.01555422],[0. 1. 1. 0. 1. 1. 0. 0. 0. 0. 0. 0. 1. 0. 0. 1. 0. 0. 0. 1. 0. 0. 0. 0. 0. 0. 0. 0. 1. 0. 1.],9.0,1000,30,0.6,10,1,9,,problem_solving
900,0.035172700429034594,0.010018096410539192,0.4,-18.885340473082127,[0.         0.01045358 0.01551734 0.         0.88845561 0.01194067 0.         0.         0.         0.         0.         0.         0.01572962 0.         0.         0.01070061 0.         0.         0.         0.01570168 0.         0.         0.         0.         0.         0.         0.         0.         0.01594667 0.         0.01555422],[0. 1. 1. 0. 1. 1. 0. 0. 0. 0. 0. 0. 1. 0. 0. 1. 0. 0. 0. 1. 0. 0. 0. 0. 0. 0. 0. 0. 1. 0. 1.],9.0,1000,30,0.6,10,1,9,,problem_solving
910,0.035172700429034594,0.010018096410539192,0.4,2.2384988167694786,[0.         0.01045358 0.01551734 0.         0.88845561 0.01194067 0.         0.         0.         0.         0.         0.         0.01572962 0.         0.         0.01070061 0.         0.         0.         0.01570168 0.         0.         0.         0.         0.         0.         0.         0.         0.01594667 0.         0.01555422],[0. 1. 1. 0. 1. 1. 0. 0. 0. 0. 0. 0. 1. 0. 0. 1. 0. 0. 0. 1. 0. 0. 0. 0. 0. 0. 0. 0. 1. 0. 1.],9.0,1000,30,0.6,10,1,9,,problem_solving
920,0.035172700429034594,0.010018096410539192,0.4,13.756018922243403,[0.         0.01045358 0.01551734 0.         0.88845561 0.01194067 0.         0.         0.         0.         0.         0.         0.01572962 0.         0.         0.01070061 0.         0.         0.         0.01570168 0.         0.         0.         0.         0.         0.         0.         0.         0.01594667 0.         0.01555422],[0. 1. 1. 0. 1. 1. 0. 0. 0. 0. 0. 0. 1. 0. 0. 1. 0. 0. 0. 1. 0. 0. 0. 0. 0. 0. 0. 0. 1. 0. 1.],9.0,1000,30,0.6,10,1,9,,problem_solving
930,0.035172700429034594,0.010018096410539192,0.4,-4.921360258919651,[0.         0.01045358 0.01551734 0.         0.88845561 0.01194067 0.         0.         0.         0.         0.         0.         0.01572962 0.         0.         0.01070061 0.         0.         0.         0.01570168 0.         0.         0.         0.         0.         0.         0.         0.         0.01594667 0.         0.01555422],[0. 1. 1. 0. 1. 1. 0. 0. 0. 0. 0. 0. 1. 0. 0. 1. 0. 0. 0. 1. 0. 0. 0. 0. 0. 0. 0. 0. 1. 0. 1.],9.0,1000,30,0.6,10,1,9,,problem_solving
940,0.035172700429034594,0.010018096410539192,0.4,7.378787292629438,[0.         0.01045358 0.01551734 0.         0.88845561 0.01194067 0.         0.         0.         0.         0.         0.         0.01572962 0.         0.         0.01070061 0.         0.         0.         0.01570168 0.         0.         0.         0.         0.         0.         0.         0.         0.01594667 0.         0.01555422],[0. 1. 1. 0. 1. 1. 0. 0. 0. 0. 0. 0. 1. 0. 0. 1. 0. 0. 0. 1. 0. 0. 0. 0. 0. 0. 0. 0. 1. 0. 1.],9.0,1000,30,0.6,10,1,9,,problem_solving
950,0.035172700429034594,0.010018096410539192,0.4,0.9816098067971423,[0.         0.01045358 0.01551734 0.         0.88845561 0.01194067 0.         0.         0.         0.         0.         0.         0.01572962 0.         0.         0.01070061 0.         0.         0.         0.01570168 0.         0.         0.         0.         0.         0.         0.         0.         0.01594667 0.         0.01555422],[0. 1. 1. 0. 1. 1. 0. 0. 0. 0. 0. 0. 1. 0. 0. 1. 0. 0. 0. 1. 0. 0. 0. 0. 0. 0. 0. 0. 1. 0. 1.],9.0,1000,30,0.6,10,1,9,,problem_solving
960,0.035172700429034594,0.010018096410539192,0.4,11.20841132646365,[0.         0.01045358 0.01551734 0.         0.88845561 0.01194067 0.         0.         0.         0.         0.         0.         0.01572962 0.         0.         0.01070061 0.         0.         0.         0.01570168 0.         0.         0.         0.         0.         0.         0.         0.         0.01594667 0.         0.01555422],[0. 1. 1. 0. 1. 1. 0. 0. 0. 0. 0. 0. 1. 0. 0. 1. 0. 0. 0. 1. 0. 0. 0. 0. 0. 0. 0. 0. 1. 0. 1.],9.0,1000,30,0.6,10,1,9,,problem_solving
970,0.035172700429034594,0.010018096410539192,0.4,4.133372083291612,[0.         0.01045358 0.01551734 0.         0.88845561 0.01194067 0.         0.         0.         0.         0.         0.         0.01572962 0.         0.         0.01070061 0.         0.         0.         0.01570168 0.         0.         0.         0.         0.         0.         0.         0.         0.01594667 0.         0.01555422],[0. 1. 1. 0. 1. 1. 0. 0. 0. 0. 0. 0. 1. 0. 0. 1. 0. 0. 0. 1. 0. 0. 0. 0. 0. 0. 0. 0. 1. 0. 1.],9.0,1000,30,0.6,10,1,9,,problem_solving
980,0.035172700429034594,0.010018096410539192,0.4,-1.8559959063448739,[0.         0.01045358 0.01551734 0.         0.88845561 0.01194067 0.         0.         0.         0.         0.         0.         0.01572962 0.         0.         0.01070061 0.         0.         0.         0.01570168 0.         0.         0.         0.         0.         0.         0.         0.         0.01594667 0.         0.01555422],[0. 1. 1. 0. 1. 1. 0. 0. 0. 0. 0. 0. 1. 0. 0. 1. 0. 0. 0. 1. 0. 0. 0. 0. 0. 0. 0. 0. 1. 0. 1.],9.0,1000,30,0.6,10,1,9,,problem_solving
990,0.035172700429034594,0.010018096410539192,0.4,-6.3290241383076475,[0.         0.01045358 0.01551734 0.         0.88845561 0.01194067 0.         0.         0.         0.         0.         0.         0.01572962 0.         0.         0.01070061 0.         0.         0.         0.01570168 0.         0.         0.         0.         0.         0.         0.         0.         0.01594667 0.         0.01555422],[0. 1. 1. 0. 1. 1. 0. 0. 0. 0. 0. 0. 1. 0. 0. 1. 0. 0. 0. 1. 0. 0. 0. 0. 0. 0. 0. 0. 1. 0. 1.],9.0,1000,30,0.6,10,1,9,,problem_solving
999,0.035172700429034594,0.010018096410539192,0.4,-12.449725183849122,[0.         0.01045358 0.01551734 0.         0.88845561 0.01194067 0.         0.         0.         0.         0.         0.         0.01572962 0.         0.         0.01070061 0.         0.         0.         0.01570168 0.         0.         0.         0.         0.         0.         0.         0.         0.01594667 0.         0.01555422],[0. 1. 1. 0. 1. 1. 0. 0. 0. 0. 0. 0. 1. 0. 0. 1. 0. 0. 0. 1. 0. 0. 0. 0. 0. 0. 0. 0. 1. 0. 1.],9.0,1000,30,0.6,10,1,9,,problem_solving
