iter,cost,return,par,move,X,Z,Q,max_iter,mem_size,mem_consider,sigma,port_n,k,seed,tag
1,0.11790455215176873,0.00594277566855949,0.4,-6.341058858758726,[0.         0.01089023 0.         0.02621159 0.         0.         0.         0.         0.         0.         0.         0.         0.         0.         0.         0.01691608 0.         0.         0.         0.         0.02464177 0.         0.         0.         0.         0.90907088 0.         0.01226944 0.         0.         0.        ],[0. 1. 0. 1. 0. 0. 0. 0. 0. 0. 0. 0. 0. 0. 0. 1. 0. 0. 0. 0. 1. 0. 0. 0. 0. 1. 0. 1. 0. 0. 0.],6.0,10000,30,0.6,10,1,6,,problem_solving
100,0.01979344073971168,0.004720149582307432,0.4,-5.916940396426761,[0.         0.01574123 0.         0.         0.01692207 0.         0.         0.         0.         0.         0.         0.         0.         0.         0.         0.         0.02237185 0.         0.         0.         0.0176303  0.         0.         0.         0.         0.91590181 0.         0.01143273 0.         0.         0.        ],[0. 1. 0. 0. 1. 0. 0. 0. 0. 0. 0. 0. 0. 0. 0. 0. 1. 0. 0. 0. 1. 0. 0. 0. 0. 1. 0. 1. 0. 0. 0.],6.0,10000,30,0.6,10,1,6,,problem_solving
200,0.01979344073971168,0.004720149582307432,0.4,-14.844097862011928,[0.         0.01574123 0.         0.         0.01692207 0.         0.         0.         0.         0.         0.         0.         0.         0.         0.         0.         0.02237185 0.         0.         0.         0.0176303  0.         0.         0.         0.         0.91590181 0.         0.01143273 0.         0.         0.        ],[0. 1. 0. 0. 1. 0. 0. 0. 0. 0. 0. 0. 0. 0. 0. 0. 1. 0. 0. 0. 1. 0. 0. 0. 0. 1. 0. 1. 0. 0. 0.],6.0,10000,30,0.6,10,1,6,,problem_solving
300,0.01979344073971168,0.004720149582307432,0.4,-10.534240273523924,[0.         0.01574123 0.         0.         0.01692207 0.         0.         0.         0.         0.         0.         0.         0.         0.         0.         0.         0.02237185 0.         0.         0.         0.0176303  0.         0.         0.         0.         0.91590181 0.         0.01143273 0.         0.         0.        ],[0. 1. 0. 0. 1. 0. 0. 0. 0. 0. 0. 0. 0. 0. 0. 0. 1. 0. 0. 0. 1. 0. 0. 0. 0. 1. 0. 1. 0. 0. 0.],6.0,10000,30,0.6,10,1,6,,problem_solving
400,0.01979344073971168,0.004720149582307432,0.4,-1.8440222349779245,[0.         0.01574123 0.         0.         0.01692207 0.         0.         0.         0.         0.         0.         0.         0.         0.         0.         0.         0.02237185 0.         0.         0.         0.0176303  0.         0.         0.         0.         0.91590181 0.         0.01143273 0.         0.         0.        ],[0. 1. 0. 0. 1. 0. 0. 0. 0. 0. 0. 0. 0. 0. 0. 0. 1. 0. 0. 0. 1. 0. 0. 0. 0. 1. 0. 1. 0. 0. 0.],6.0,10000,30,0.6,10,1,6,,problem_solving
500,0.01979344073971168,0.004720149582307432,0.4,-4.64272233552683,[0.         0.01574123 0.         0.         0.01692207 0.         0.         0.         0.         0.         0.         0.         0.         0.         0.         0.         0.02237185 0.         0.         0.         0.0176303  0.         0.         0.         0.         0.91590181 0.         0.01143273 0.         0.         0.        ],[0. 1. 0. 0. 1. 0. 0. 0. 0. 0. 0. 0. 0. 0. 0. 0. 1. 0. 0. 0. 1. 0. 0. 0. 0. 1. 0. 1. 0. 0. 0.],6.0,10000,30,0.6,10,1,6,,problem_solving
600,0.01979344073971168,0.004720149582307432,0.4,-6.918012314245149,[0.         0.01574123 0.         0.         0.01692207 0.         0.         0.         0.         0.         0.         0.         0.         0.         0.         0.         0.02237185 0.         0.         0.         0.0176303  0.         0.         0.         0.         0.91590181 0.         0.01143273 0.         0.         0.        ],[0. 1. 0. 0. 1. 0. 0. 0. 0. 0. 0. 0. 0. 0. 0. 0. 1. 0. 0. 0. 1. 0. 0. 0. 0. 1. 0. 1. 0. 0. 0.],6.0,10000,30,0.6,10,1,6,,problem_solving
700,0.01979344073971168,0.004720149582307432,0.4,-13.614134779532725,[0.         0.01574123 0.         0.         0.01692207 0.         0.         0.         0.         0.         0.         0.         0.         0.         0.         0.         0.02237185 0.         0.         0.         0.0176303  0.         0.         0.         0.         0.91590181 0.         0.01143273 0.         0.         0.        ],[0. 1. 0. 0. 1. 0. 0. 0. 0. 0. 0. 0. 0. 0. 0. 0. 1. 0. 0. 0. 1. 0. 0. 0. 0. 1. 0. 1. 0. 0. 0.],6.0,10000,30,0.6,10,1,6,,problem_solving
800,0.01979344073971168,0.004720149582307432,0.4,8.815825309829396,[0.         0.01574123 0.         0.         0.01692207 0.         0.         0.         0.         0.         0.         0.         0.         0.         0.         0.         0.02237185 0.         0.         0.         0.0176303  0.         0.         0.         0.         0.91590181 0.         0.01143273 0.         0.         0.        ],[0. 1. 0. 0. 1. 0. 0. 0. 0. 0. 0. 0. 0. 0. 0. 0. 1. 0. 0. 0. 1. 0. 0. 0. 0. 1. 0. 1. 0. 0. 0.],6.0,10000,30,0.6,10,1,6,,problem_solving
900,0.01979344073971168,0.004720149582307432,0.4,-13.722375106781515,[0.         0.01574123 0.         0.         0.01692207 0.         0.         0.         0.         0.         0.         0.         0.         0.         0.         0.         0.02237185 0.         0.         0.         0.0176303  0.         0.         0.         0.         0.91590181 0.         0.01143273 0.         0.         0.        ],[0. 1. 0. 0. 1. 0. 0. 0. 0. 0. 0. 0. 0. 0. 0. 0. 1. 0. 0. 0. 1. 0. 0. 0. 0. 1. 0. 1. 0. 0. 0.],6.0,10000,30,0.6,10,1,6,,problem_solving
1000,0.01979344073971168,0.004720149582307432,0.4,8.852636650884339,[0.         0.01574123 0.         0.         0.01692207 0.         0.         0.         0.         0.         0.         0.         0.         0.         0.         0.         0.02237185 0.         0.         0.         0.0176303  0.         0.         0.         0.         0.91590181 0.         0.01143273 0.         0.         0.        ],[0. 1. 0. 0. 1. 0. 0. 0. 0. 0. 0. 0. 0. 0. 0. 0. 1. 0. 0. 0. 1. 0. 0. 0. 0. 1. 0. 1. 0. 0. 0.],6.0,10000,30,0.6,10,1,6,,problem_solving
1100,0.01979344073971168,0.004720149582307432,0.4,-0.3471760069973464,[0.         0.01574123 0.         0.         0.01692207 0.         0.         0.         0.         0.         0.         0.         0.         0.         0.         0.         0.02237185 0.         0.         0.         0.0176303  0.         0.         0.         0.         0.91590181 0.         0.01143273 0.         0.         0.        ],[0. 1. 0. 0. 1. 0. 0. 0. 0. 0. 0. 0. 0. 0. 0. 0. 1. 0. 0. 0. 1. 0. 0. 0. 0. 1. 0. 1. 0. 0. 0.],6.0,10000,30,0.6,10,1,6,,problem_solving
1200,0.01979344073971168,0.004720149582307432,0.4,7.987733889612498,[0.         0.01574123 0.         0.         0.01692207 0.         0.         0.         0.         0.         0.         0.         0.         0.         0.         0.         0.02237185 0.         0.         0.         0.0176303  0.         0.         0.         0.         0.91590181 0.         0.01143273 0.         0.         0.        ],[0. 1. 0. 0. 1. 0. 0. 0. 0. 0. 0. 0. 0. 0. 0. 0. 1. 0. 0. 0. 1. 0. 0. 0. 0. 1. 0. 1. 0. 0. 0.],6.0,10000,30,0.6,10,1,6,,problem_solving
1300,0.01979344073971168,0.004720149582307432,0.4,-0.8300406606519002,[0.         0.01574123 0.         0.         0.01692207 0.         0.         0.         0.         0.         0.         0.         0.         0.         0.         0.         0.02237185 0.         0.         0.         0.0176303  0.         0.         0.         0.         0.91590181 0.         0.01143273 0.         0.         0.        ],[0. 1. 0. 0. 1. 0. 0. 0. 0. 0. 0. 0. 0. 0. 0. 0. 1. 0. 0. 0. 1. 0. 0. 0. 0. 1. 0. 1. 0. 0. 0.],6.0,10000,30,0.6,10,1,6,,problem_solving
1400,0.01979344073971168,0.004720149582307432,0.4,-13.191104622859925,[0.         0.01574123 0.         0.         0.01692207 0.         0.         0.         0.         0.         0.         0.         0.         0.         0.         0.         0.02237185 0.         0.         0.         0.0176303  0.         0.         0.         0.         0.91590181 0.         0.01143273 0.         0.         0.        ],[0. 1. 0. 0. 1. 0. 0. 0. 0. 0. 0. 0. 0. 0. 0. 0. 1. 0. 0. 0. 1. 0. 0. 0. 0. 1. 0. 1. 0. 0. 0.],6.0,10000,30,0.6,10,1,6,,problem_solving
1500,0.01979344073971168,0.004720149582307432,0.4,5.504737179337567,[0.         0.01574123 0.         0.         0.01692207 0.         0.         0.         0.         0.         0.         0.         0.         0.         0.         0.         0.02237185 0.         0.         0.         0.0176303  0.         0.         0.         0.         0.91590181 0.         0.01143273 0.         0.         0.        ],[0. 1. 0. 0. 1. 0. 0. 0. 0. 0. 0. 0. 0. 0. 0. 0. 1. 0. 0. 0. 1. 0. 0. 0. 0. 1. 0. 1. 0. 0. 0.],6.0,10000,30,0.6,10,1,6,,problem_solving
1600,0.01979344073971168,0.004720149582307432,0.4,-4.739033163112431,[0.         0.01574123 0.         0.         0.01692207 0.         0.         0.         0.         0.         0.         0.         0.         0.         0.         0.         0.02237185 0.         0.         0.         0.0176303  0.         0.         0.         0.         0.91590181 0.         0.01143273 0.         0.         0.        ],[0. 1. 0. 0. 1. 0. 0. 0. 0. 0. 0. 0. 0. 0. 0. 0. 1. 0. 0. 0. 1. 0. 0. 0. 0. 1. 0. 1. 0. 0. 0.],6.0,10000,30,0.6,10,1,6,,problem_solving
1700,0.01979344073971168,0.004720149582307432,0.4,-8.627758138390714,[0.         0.01574123 0.         0.         0.01692207 0.         0.         0.         0.         0.         0.         0.         0.         0.         0.         0.         0.02237185 0.         0.         0.         0.0176303  0.         0.         0.         0.         0.91590181 0.         0.01143273 0.         0.         0.        ],[0. 1. 0. 0. 1. 0. 0. 0. 0. 0. 0. 0. 0. 0. 0. 0. 1. 0. 0. 0. 1. 0. 0. 0. 0. 1. 0. 1. 0. 0. 0.],6.0,10000,30,0.6,10,1,6,,problem_solving
1800,0.01979344073971168,0.004720149582307432,0.4,16.850347767038627,[0.         0.01574123 0.         0.         0.01692207 0.         0.         0.         0.         0.         0.         0.         0.         0.         0.         0.         0.02237185 0.         0.         0.         0.0176303  0.         0.         0.         0.         0.91590181 0.         0.01143273 0.         0.         0.        ],[0. 1. 0. 0. 1. 0. 0. 0. 0. 0. 0. 0. 0. 0. 0. 0. 1. 0. 0. 0. 1. 0. 0. 0. 0. 1. 0. 1. 0. 0. 0.],6.0,10000,30,0.6,10,1,6,,problem_solving
1900,0.01979344073971168,0.004720149582307432,0.4,5.206372252238452,[0.         0.01574123 0.         0.         0.01692207 0.         0.         0.         0.         0.         0.         0.         0.         0.         0.         0.         0.02237185 0.         0.         0.         0.0176303  0.         0.         0.         0.         0.91590181 0.         0.01143273 0.         0.         0.        ],[0. 1. 0. 0. 1. 0. 0. 0. 0. 0. 0. 0. 0. 0. 0. 0. 1. 0. 0. 0. 1. 0. 0. 0. 0. 1. 0. 1. 0. 0. 0.],6.0,10000,30,0.6,10,1,6,,problem_solving
2000,0.01979344073971168,0.004720149582307432,0.4,-11.929539652152686,[0.         0.01574123 0.         0.         0.01692207 0.         0.         0.         0.         0.         0.         0.         0.         0.         0.         0.         0.02237185 0.         0.         0.         0.0176303  0.         0.         0.         0.         0.91590181 0.         0.01143273 0.         0.         0.        ],[0. 1. 0. 0. 1. 0. 0. 0. 0. 0. 0. 0. 0. 0. 0. 0. 1. 0. 0. 0. 1. 0. 0. 0. 0. 1. 0. 1. 0. 0. 0.],6.0,10000,30,0.6,10,1,6,,problem_solving
2100,0.01979344073971168,0.004720149582307432,0.4,16.71181927332465,[0.         0.01574123 0.         0.         0.01692207 0.         0.         0.         0.         0.         0.         0.         0.         0.         0.         0.         0.02237185 0.         0.         0.         0.0176303  0.         0.         0.         0.         0.91590181 0.         0.01143273 0.         0.         0.        ],[0. 1. 0. 0. 1. 0. 0. 0. 0. 0. 0. 0. 0. 0. 0. 0. 1. 0. 0. 0. 1. 0. 0. 0. 0. 1. 0. 1. 0. 0. 0.],6.0,10000,30,0.6,10,1,6,,problem_solving
2200,0.01979344073971168,0.004720149582307432,0.4,2.560346423905964,[0.         0.01574123 0.         0.         0.01692207 0.         0.         0.         0.         0.         0.         0.         0.         0.         0.         0.         0.02237185 0.         0.         0.         0.0176303  0.         0.         0.         0.         0.91590181 0.         0.01143273 0.         0.         0.        ],[0. 1. 0. 0. 1. 0. 0. 0. 0. 0. 0. 0. 0. 0. 0. 0. 1. 0. 0. 0. 1. 0. 0. 0. 0. 1. 0. 1. 0. 0. 0.],6.0,10000,30,0.6,10,1,6,,problem_solving
2300,0.01979344073971168,0.004720149582307432,0.4,6.898280872898404,[0.         0.01574123 0.         0.         0.01692207 0.         0.         0.         0.         0.         0.         0.         0.         0.         0.         0.         0.02237185 0.         0.         0.         0.0176303  0.         0.         0.         0.         0.91590181 0.         0.01143273 0.         0.         0.        ],[0. 1. 0. 0. 1. 0. 0. 0. 0. 0. 0. 0. 0. 0. 0. 0. 1. 0. 0. 0. 1. 0. 0. 0. 0. 1. 0. 1. 0. 0. 0.],6.0,10000,30,0.6,10,1,6,,problem_solving
2400,0.01979344073971168,0.004720149582307432,0.4,-6.884787594225768,[0.         0.01574123 0.         0.         0.01692207 0.         0.         0.         0.         0.         0.         0.         0.         0.         0.         0.         0.02237185 0.         0.         0.         0.0176303  0.         0.         0.         0.         0.91590181 0.         0.01143273 0.         0.         0.        ],[0. 1. 0. 0. 1. 0. 0. 0. 0. 0. 0. 0. 0. 0. 0. 0. 1. 0. 0. 0. 1. 0. 0. 0. 0. 1. 0. 1. 0. 0. 0.],6.0,10000,30,0.6,10,1,6,,problem_solving
2500,0.01979344073971168,0.004720149582307432,0.4,-8.807727722652817,[0.         0.01574123 0.         0.         0.01692207 0.         0.         0.         0.         0.         0.         0.         0.         0.         0.         0.         0.02237185 0.         0.         0.         0.0176303  0.         0.         0.         0.         0.91590181 0.         0.01143273 0.         0.         0.        ],[0. 1. 0. 0. 1. 0. 0. 0. 0. 0. 0. 0. 0. 0. 0. 0. 1. 0. 0. 0. 1. 0. 0. 0. 0. 1. 0. 1. 0. 0. 0.],6.0,10000,30,0.6,10,1,6,,problem_solving
2600,0.01979344073971168,0.004720149582307432,0.4,12.875656889597424,[0.         0.01574123 0.         0.         0.01692207 0.         0.         0.         0.         0.         0.         0.         0.         0.         0.         0.         0.02237185 0.         0.         0.         0.0176303  0.         0.         0.         0.         0.91590181 0.         0.01143273 0.         0.         0.        ],[0. 1. 0. 0. 1. 0. 0. 0. 0. 0. 0. 0. 0. 0. 0. 0. 1. 0. 0. 0. 1. 0. 0. 0. 0. 1. 0. 1. 0. 0. 0.],6.0,10000,30,0.6,10,1,6,,problem_solving
2700,0.01979344073971168,0.004720149582307432,0.4,-9.539728861686463,[0.         0.01574123 0.         0.         0.01692207 0.         0.         0.         0.         0.         0.         0.         0.         0.         0.         0.         0.02237185 0.         0.         0.         0.0176303  0.         0.         0.         0.         0.91590181 0.         0.01143273 0.         0.         0.        ],[0. 1. 0. 0. 1. 0. 0. 0. 0. 0. 0. 0. 0. 0. 0. 0. 1. 0. 0. 0. 1. 0. 0. 0. 0. 1. 0. 1. 0. 0. 0.],6.0,10000,30,0.6,10,1,6,,problem_solving
2800,0.01979344073971168,0.004720149582307432,0.4,2.2096513490310286,[0.         0.01574123 0.         0.         0.01692207 0.         0.         0.         0.         0.         0.         0.         0.         0.         0.         0.         0.02237185 0.         0.         0.         0.0176303  0.         0.         0.         0.         0.91590181 0.         0.01143273 0.         0.         0.        ],[0. 1. 0. 0. 1. 0. 0. 0. 0. 0. 0. 0. 0. 0. 0. 0. 1. 0. 0. 0. 1. 0. 0. 0. 0. 1. 0. 1. 0. 0. 0.],6.0,10000,30,0.6,10,1,6,,problem_solving
2900,0.01979344073971168,0.004720149582307432,0.4,7.40323399331547,[0.         0.01574123 0.         0.         0.01692207 0.         0.         0.         0.         0.         0.         0.         0.         0.         0.         0.         0.02237185 0.         0.         0.         0.0176303  0.         0.         0.         0.         0.91590181 0.         0.01143273 0.         0.         0.        ],[0. 1. 0. 0. 1. 0. 0. 0. 0. 0. 0. 0. 0. 0. 0. 0. 1. 0. 0. 0. 1. 0. 0. 0. 0. 1. 0. 1. 0. 0. 0.],6.0,10000,30,0.6,10,1,6,,problem_solving
3000,0.01979344073971168,0.004720149582307432,0.4,0.723319423373143,[0.         0.01574123 0.         0.         0.01692207 0.         0.         0.         0.         0.         0.         0.         0.         0.         0.         0.         0.02237185 0.         0.         0.         0.0176303  0.         0.         0.         0.         0.91590181 0.         0.01143273 0.         0.         0.        ],[0. 1. 0. 0. 1. 0. 0. 0. 0. 0. 0. 0. 0. 0. 0. 0. 1. 0. 0. 0. 1. 0. 0. 0. 0. 1. 0. 1. 0. 0. 0.],6.0,10000,30,0.6,10,1,6,,problem_solving
3100,0.01979344073971168,0.004720149582307432,0.4,1.1337636001643334,[0.         0.01574123 0.         0.         0.01692207 0.         0.         0.         0.         0.         0.         0.         0.         0.         0.         0.         0.02237185 0.         0.         0.         0.0176303  0.         0.         0.         0.         0.91590181 0.         0.01143273 0.         0.         0.        ],[0. 1. 0. 0. 1. 0. 0. 0. 0. 0. 0. 0. 0. 0. 0. 0. 1. 0. 0. 0. 1. 0. 0. 0. 0. 1. 0. 1. 0. 0. 0.],6.0,10000,30,0.6,10,1,6,,problem_solving
3200,0.01979344073971168,0.004720149582307432,0.4,-18.160405195662335,[0.         0.01574123 0.         0.         0.01692207 0.         0.         0.         0.         0.         0.         0.         0.         0.         0.         0.         0.02237185 0.         0.         0.         0.0176303  0.         0.         0.         0.         0.91590181 0.         0.01143273 0.         0.         0.        ],[0. 1. 0. 0. 1. 0. 0. 0. 0. 0. 0. 0. 0. 0. 0. 0. 1. 0. 0. 0. 1. 0. 0. 0. 0. 1. 0. 1. 0. 0. 0.],6.0,10000,30,0.6,10,1,6,,problem_solving
3300,0.01979344073971168,0.004720149582307432,0.4,-1.8703967008767086,[0.         0.01574123 0.         0.         0.01692207 0.         0.         0.         0.         0.         0.         0.         0.         0.         0.         0.         0.02237185 0.         0.         0.         0.0176303  0.         0.         0.         0.         0.91590181 0.         0.01143273 0.         0.         0.        ],[0. 1. 0. 0. 1. 0. 0. 0. 0. 0. 0. 0. 0. 0. 0. 0. 1. 0. 0. 0. 1. 0. 0. 0. 0. 1. 0. 1. 0. 0. 0.],6.0,10000,30,0.6,10,1,6,,problem_solving
3400,0.01979344073971168,0.004720149582307432,0.4,-0.8824003621532382,[0.         0.01574123 0.         0.         0.01692207 0.         0.         0.         0.         0.         0.         0.         0.         0.         0.         0.         0.02237185 0.         0.         0.         0.0176303  0.         0.         0.         0.         0.91590181 0.         0.01143273 0.         0.         0.        ],[0. 1. 0. 0. 1. 0. 0. 0. 0. 0. 0. 0. 0. 0. 0. 0. 1. 0. 0. 0. 1. 0. 0. 0. 0. 1. 0. 1. 0. 0. 0.],6.0,10000,30,0.6,10,1,6,,problem_solving
3500,0.01979344073971168,0.004720149582307432,0.4,3.0070750433469966,[0.         0.01574123 0.         0.         0.01692207 0.         0.         0.         0.         0.         0.         0.         0.         0.         0.         0.         0.02237185 0.         0.         0.         0.0176303  0.         0.         0.         0.         0.91590181 0.         0.01143273 0.         0.         0.        ],[0. 1. 0. 0. 1. 0. 0. 0. 0. 0. 0. 0. 0. 0. 0. 0. 1. 0. 0. 0. 1. 0. 0. 0. 0. 1. 0. 1. 0. 0. 0.],6.0,10000,30,0.6,10,1,6,,problem_solving
3600,0.01979344073971168,0.004720149582307432,0.4,19.205620967737936,[0.         0.01574123 0.         0.         0.01692207 0.         0.         0.         0.         0.         0.         0.         0.         0.         0.         0.         0.02237185 0.         0.         0.         0.0176303  0.         0.         0.         0.         0.91590181 0.         0.01143273 0.         0.         0.        ],[0. 1. 0. 0. 1. 0. 0. 0. 0. 0. 0. 0. 0. 0. 0. 0. 1. 0. 0. 0. 1. 0. 0. 0. 0. 1. 0. 1. 0. 0. 0.],6.0,10000,30,0.6,10,1,6,,problem_solving
3700,0.01979344073971168,0.004720149582307432,0.4,6.440270861693671,[0.         0.01574123 0.         0.         0.01692207 0.         0.         0.         0.         0.         0.         0.         0.         0.         0.         0.         0.02237185 0.         0.         0.         0.0176303  0.         0.         0.         0.         0.91590181 0.         0.01143273 0.         0.         0.        ],[0. 1. 0. 0. 1. 0. 0. 0. 0. 0. 0. 0. 0. 0. 0. 0. 1. 0. 0. 0. 1. 0. 0. 0. 0. 1. 0. 1. 0. 0. 0.],6.0,10000,30,0.6,10,1,6,,problem_solving
3800,0.01979344073971168,0.004720149582307432,0.4,-10.440813549795863,[0.         0.01574123 0.         0.         0.01692207 0.         0.         0.         0.         0.         0.         0.         0.         0.         0.         0.         0.02237185 0.         0.         0.         0.0176303  0.         0.         0.         0.         0.91590181 0.         0.01143273 0.         0.         0.        ],[0. 1. 0. 0. 1. 0. 0. 0. 0. 0. 0. 0. 0. 0. 0. 0. 1. 0. 0. 0. 1. 0. 0. 0. 0. 1. 0. 1. 0. 0. 0.],6.0,10000,30,0.6,10,1,6,,problem_solving
3900,0.01979344073971168,0.004720149582307432,0.4,-9.11895712659996,[0.         0.01574123 0.         0.         0.01692207 0.         0.         0.         0.         0.         0.         0.         0.         0.         0.         0.         0.02237185 0.         0.         0.         0.0176303  0.         0.         0.         0.         0.91590181 0.         0.01143273 0.         0.         0.        ],[0. 1. 0. 0. 1. 0. 0. 0. 0. 0. 0. 0. 0. 0. 0. 0. 1. 0. 0. 0. 1. 0. 0. 0. 0. 1. 0. 1. 0. 0. 0.],6.0,10000,30,0.6,10,1,6,,problem_solving
4000,0.01979344073971168,0.004720149582307432,0.4,-9.526130215384633,[0.         0.01574123 0.         0.         0.01692207 0.         0.         0.         0.         0.         0.         0.         0.         0.         0.         0.         0.02237185 0.         0.         0.         0.0176303  0.         0.         0.         0.         0.91590181 0.         0.01143273 0.         0.         0.        ],[0. 1. 0. 0. 1. 0. 0. 0. 0. 0. 0. 0. 0. 0. 0. 0. 1. 0. 0. 0. 1. 0. 0. 0. 0. 1. 0. 1. 0. 0. 0.],6.0,10000,30,0.6,10,1,6,,problem_solving
4100,0.01979344073971168,0.004720149582307432,0.4,2.2321372233039676,[0.         0.01574123 0.         0.         0.01692207 0.         0.         0.         0.         0.         0.         0.         0.         0.         0.         0.         0.02237185 0.         0.         0.         0.0176303  0.         0.         0.         0.         0.91590181 0.         0.01143273 0.         0.         0.        ],[0. 1. 0. 0. 1. 0. 0. 0. 0. 0. 0. 0. 0. 0. 0. 0. 1. 0. 0. 0. 1. 0. 0. 0. 0. 1. 0. 1. 0. 0. 0.],6.0,10000,30,0.6,10,1,6,,problem_solving
4200,0.01979344073971168,0.004720149582307432,0.4,-2.666030422047787,[0.         0.01574123 0.         0.         0.01692207 0.         0.         0.         0.         0.         0.         0.         0.         0.         0.         0.         0.02237185 0.         0.         0.         0.0176303  0.         0.         0.         0.         0.91590181 0.         0.01143273 0.         0.         0.        ],[0. 1. 0. 0. 1. 0. 0. 0. 0. 0. 0. 0. 0. 0. 0. 0. 1. 0. 0. 0. 1. 0. 0. 0. 0. 1. 0. 1. 0. 0. 0.],6.0,10000,30,0.6,10,1,6,,problem_solving
4300,0.01979344073971168,0.004720149582307432,0.4,8.228489743834903,[0.         0.01574123 0.         0.         0.01692207 0.         0.         0.         0.         0.         0.         0.         0.         0.         0.         0.         0.02237185 0.         0.         0.         0.0176303  0.         0.         0.         0.         0.91590181 0.         0.01143273 0.         0.         0.        ],[0. 1. 0. 0. 1. 0. 0. 0. 0. 0. 0. 0. 0. 0. 0. 0. 1. 0. 0. 0. 1. 0. 0. 0. 0. 1. 0. 1. 0. 0. 0.],6.0,10000,30,0.6,10,1,6,,problem_solving
4400,0.01979344073971168,0.004720149582307432,0.4,15.333438342595294,[0.         0.01574123 0.         0.         0.01692207 0.         0.         0.         0.         0.         0.         0.         0.         0.         0.         0.         0.02237185 0.         0.         0.         0.0176303  0.         0.         0.         0.         0.91590181 0.         0.01143273 0.         0.         0.        ],[0. 1. 0. 0. 1. 0. 0. 0. 0. 0. 0. 0. 0. 0. 0. 0. 1. 0. 0. 0. 1. 0. 0. 0. 0. 1. 0. 1. 0. 0. 0.],6.0,10000,30,0.6,10,1,6,,problem_solving
4500,0.01979344073971168,0.004720149582307432,0.4,12.905770183446103,[0.         0.01574123 0.         0.         0.01692207 0.         0.         0.         0.         0.         0.         0.         0.         0.         0.         0.         0.02237185 0.         0.         0.         0.0176303  0.         0.         0.         0.         0.91590181 0.         0.01143273 0.         0.         0.        ],[0. 1. 0. 0. 1. 0. 0. 0. 0. 0. 0. 0. 0. 0. 0. 0. 1. 0. 0. 0. 1. 0. 0. 0. 0. 1. 0. 1. 0. 0. 0.],6.0,10000,30,0.6,10,1,6,,problem_solving
4600,0.01979344073971168,0.004720149582307432,0.4,-3.527796442121229,[0.         0.01574123 0.         0.         0.01692207 0.         0.         0.         0.         0.         0.         0.         0.         0.         0.         0.         0.02237185 0.         0.         0.         0.0176303  0.         0.         0.         0.         0.91590181 0.         0.01143273 0.         0.         0.        ],[0. 1. 0. 0. 1. 0. 0. 0. 0. 0. 0. 0. 0. 0. 0. 0. 1. 0. 0. 0. 1. 0. 0. 0. 0. 1. 0. 1. 0. 0. 0.],6.0,10000,30,0.6,10,1,6,,problem_solving
4700,0.01979344073971168,0.004720149582307432,0.4,-4.308585327874621,[0.         0.01574123 0.         0.         0.01692207 0.         0.         0.         0.         0.         0.         0.         0.         0.         0.         0.         0.02237185 0.         0.         0.         0.0176303  0.         0.         0.         0.         0.91590181 0.         0.01143273 0.         0.         0.        ],[0. 1. 0. 0. 1. 0. 0. 0. 0. 0. 0. 0. 0. 0. 0. 0. 1. 0. 0. 0. 1. 0. 0. 0. 0. 1. 0. 1. 0. 0. 0.],6.0,10000,30,0.6,10,1,6,,problem_solving
4800,0.01979344073971168,0.004720149582307432,0.4,13.862110645862218,[0.         0.01574123 0.         0.         0.01692207 0.         0.         0.         0.         0.         0.         0.         0.         0.         0.         0.         0.02237185 0.         0.         0.         0.0176303  0.         0.         0.         0.         0.91590181 0.         0.01143273 0.         0.         0.        ],[0. 1. 0. 0. 1. 0. 0. 0. 0. 0. 0. 0. 0. 0. 0. 0. 1. 0. 0. 0. 1. 0. 0. 0. 0. 1. 0. 1. 0. 0. 0.],6.0,10000,30,0.6,10,1,6,,problem_solving
4900,0.01979344073971168,0.004720149582307432,0.4,13.329511416050154,[0.         0.01574123 0.         0.         0.01692207 0.         0.         0.         0.         0.         0.         0.         0.         0.         0.         0.         0.02237185 0.         0.         0.         0.0176303  0.         0.         0.         0.         0.91590181 0.         0.01143273 0.         0.         0.        ],[0. 1. 0. 0. 1. 0. 0. 0. 0. 0. 0. 0. 0. 0. 0. 0. 1. 0. 0. 0. 1. 0. 0. 0. 0. 1. 0. 1. 0. 0. 0.],6.0,10000,30,0.6,10,1,6,,problem_solving
5000,0.01979344073971168,0.004720149582307432,0.4,-21.773998399177124,[0.         0.01574123 0.         0.         0.01692207 0.         0.         0.         0.         0.         0.         0.         0.         0.         0.         0.         0.02237185 0.         0.         0.         0.0176303  0.         0.         0.         0.         0.91590181 0.         0.01143273 0.         0.         0.        ],[0. 1. 0. 0. 1. 0. 0. 0. 0. 0. 0. 0. 0. 0. 0. 0. 1. 0. 0. 0. 1. 0. 0. 0. 0. 1. 0. 1. 0. 0. 0.],6.0,10000,30,0.6,10,1,6,,problem_solving
5100,0.01979344073971168,0.004720149582307432,0.4,-5.120567052894719,[0.         0.01574123 0.         0.         0.01692207 0.         0.         0.         0.         0.         0.         0.         0.         0.         0.         0.         0.02237185 0.         0.         0.         0.0176303  0.         0.         0.         0.         0.91590181 0.         0.01143273 0.         0.         0.        ],[0. 1. 0. 0. 1. 0. 0. 0. 0. 0. 0. 0. 0. 0. 0. 0. 1. 0. 0. 0. 1. 0. 0. 0. 0. 1. 0. 1. 0. 0. 0.],6.0,10000,30,0.6,10,1,6,,problem_solving
5200,0.01979344073971168,0.004720149582307432,0.4,12.509029490326762,[0.         0.01574123 0.         0.         0.01692207 0.         0.         0.         0.         0.         0.         0.         0.         0.         0.         0.         0.02237185 0.         0.         0.         0.0176303  0.         0.         0.         0.         0.91590181 0.         0.01143273 0.         0.         0.        ],[0. 1. 0. 0. 1. 0. 0. 0. 0. 0. 0. 0. 0. 0. 0. 0. 1. 0. 0. 0. 1. 0. 0. 0. 0. 1. 0. 1. 0. 0. 0.],6.0,10000,30,0.6,10,1,6,,problem_solving
5300,0.01979344073971168,0.004720149582307432,0.4,8.284928266776657,[0.         0.01574123 0.         0.         0.01692207 0.         0.         0.         0.         0.         0.         0.         0.         0.         0.         0.         0.02237185 0.         0.         0.         0.0176303  0.         0.         0.         0.         0.91590181 0.         0.01143273 0.         0.         0.        ],[0. 1. 0. 0. 1. 0. 0. 0. 0. 0. 0. 0. 0. 0. 0. 0. 1. 0. 0. 0. 1. 0. 0. 0. 0. 1. 0. 1. 0. 0. 0.],6.0,10000,30,0.6,10,1,6,,problem_solving
5400,0.01979344073971168,0.004720149582307432,0.4,6.825558383523359,[0.         0.01574123 0.         0.         0.01692207 0.         0.         0.         0.         0.         0.         0.         0.         0.         0.         0.         0.02237185 0.         0.         0.         0.0176303  0.         0.         0.         0.         0.91590181 0.         0.01143273 0.         0.         0.        ],[0. 1. 0. 0. 1. 0. 0. 0. 0. 0. 0. 0. 0. 0. 0. 0. 1. 0. 0. 0. 1. 0. 0. 0. 0. 1. 0. 1. 0. 0. 0.],6.0,10000,30,0.6,10,1,6,,problem_solving
5500,0.01979344073971168,0.004720149582307432,0.4,10.761061697034805,[0.         0.01574123 0.         0.         0.01692207 0.         0.         0.         0.         0.         0.         0.         0.         0.         0.         0.         0.02237185 0.         0.         0.         0.0176303  0.         0.         0.         0.         0.91590181 0.         0.01143273 0.         0.         0.        ],[0. 1. 0. 0. 1. 0. 0. 0. 0. 0. 0. 0. 0. 0. 0. 0. 1. 0. 0. 0. 1. 0. 0. 0. 0. 1. 0. 1. 0. 0. 0.],6.0,10000,30,0.6,10,1,6,,problem_solving
5600,0.01979344073971168,0.004720149582307432,0.4,-1.2365921355678493,[0.         0.01574123 0.         0.         0.01692207 0.         0.         0.         0.         0.         0.         0.         0.         0.         0.         0.         0.02237185 0.         0.         0.         0.0176303  0.         0.         0.         0.         0.91590181 0.         0.01143273 0.         0.         0.        ],[0. 1. 0. 0. 1. 0. 0. 0. 0. 0. 0. 0. 0. 0. 0. 0. 1. 0. 0. 0. 1. 0. 0. 0. 0. 1. 0. 1. 0. 0. 0.],6.0,10000,30,0.6,10,1,6,,problem_solving
5700,0.01979344073971168,0.004720149582307432,0.4,-6.977697931209148,[0.         0.01574123 0.         0.         0.01692207 0.         0.         0.         0.         0.         0.         0.         0.         0.         0.         0.         0.02237185 0.         0.         0.         0.0176303  0.         0.         0.         0.         0.91590181 0.         0.01143273 0.         0.         0.        ],[0. 1. 0. 0. 1. 0. 0. 0. 0. 0. 0. 0. 0. 0. 0. 0. 1. 0. 0. 0. 1. 0. 0. 0. 0. 1. 0. 1. 0. 0. 0.],6.0,10000,30,0.6,10,1,6,,problem_solving
5800,0.01979344073971168,0.004720149582307432,0.4,-1.5719545843921023,[0.         0.01574123 0.         0.         0.01692207 0.         0.         0.         0.         0.         0.         0.         0.         0.         0.         0.         0.02237185 0.         0.         0.         0.0176303  0.         0.         0.         0.         0.91590181 0.         0.01143273 0.         0.         0.        ],[0. 1. 0. 0. 1. 0. 0. 0. 0. 0. 0. 0. 0. 0. 0. 0. 1. 0. 0. 0. 1. 0. 0. 0. 0. 1. 0. 1. 0. 0. 0.],6.0,10000,30,0.6,10,1,6,,problem_solving
5900,0.01979344073971168,0.004720149582307432,0.4,-3.335213643296875,[0.         0.01574123 0.         0.         0.01692207 0.         0.         0.         0.         0.         0.         0.         0.         0.         0.         0.         0.02237185 0.         0.         0.         0.0176303  0.         0.         0.         0.         0.91590181 0.         0.01143273 0.         0.         0.        ],[0. 1. 0. 0. 1. 0. 0. 0. 0. 0. 0. 0. 0. 0. 0. 0. 1. 0. 0. 0. 1. 0. 0. 0. 0. 1. 0. 1. 0. 0. 0.],6.0,10000,30,0.6,10,1,6,,problem_solving
6000,0.01979344073971168,0.004720149582307432,0.4,-0.584652806534089,[0.         0.01574123 0.         0.         0.01692207 0.         0.         0.         0.         0.         0.         0.         0.         0.         0.         0.         0.02237185 0.         0.         0.         0.0176303  0.         0.         0.         0.         0.91590181 0.         0.01143273 0.         0.         0.        ],[0. 1. 0. 0. 1. 0. 0. 0. 0. 0. 0. 0. 0. 0. 0. 0. 1. 0. 0. 0. 1. 0. 0. 0. 0. 1. 0. 1. 0. 0. 0.],6.0,10000,30,0.6,10,1,6,,problem_solving
6100,0.01979344073971168,0.004720149582307432,0.4,15.691147267467507,[0.         0.01574123 0.         0.         0.01692207 0.         0.         0.         0.         0.         0.         0.         0.         0.         0.         0.         0.02237185 0.         0.         0.         0.0176303  0.         0.         0.         0.         0.91590181 0.         0.01143273 0.         0.         0.        ],[0. 1. 0. 0. 1. 0. 0. 0. 0. 0. 0. 0. 0. 0. 0. 0. 1. 0. 0. 0. 1. 0. 0. 0. 0. 1. 0. 1. 0. 0. 0.],6.0,10000,30,0.6,10,1,6,,problem_solving
6200,0.01979344073971168,0.004720149582307432,0.4,3.3699630358801267,[0.         0.01574123 0.         0.         0.01692207 0.         0.         0.         0.         0.         0.         0.         0.         0.         0.         0.         0.02237185 0.         0.         0.         0.0176303  0.         0.         0.         0.         0.91590181 0.         0.01143273 0.         0.         0.        ],[0. 1. 0. 0. 1. 0. 0. 0. 0. 0. 0. 0. 0. 0. 0. 0. 1. 0. 0. 0. 1. 0. 0. 0. 0. 1. 0. 1. 0. 0. 0.],6.0,10000,30,0.6,10,1,6,,problem_solving
6300,0.01979344073971168,0.004720149582307432,0.4,-3.48160892532852,[0.         0.01574123 0.         0.         0.01692207 0.         0.         0.         0.         0.         0.         0.         0.         0.         0.         0.         0.02237185 0.         0.         0.         0.0176303  0.         0.         0.         0.         0.91590181 0.         0.01143273 0.         0.         0.        ],[0. 1. 0. 0. 1. 0. 0. 0. 0. 0. 0. 0. 0. 0. 0. 0. 1. 0. 0. 0. 1. 0. 0. 0. 0. 1. 0. 1. 0. 0. 0.],6.0,10000,30,0.6,10,1,6,,problem_solving
6400,0.01979344073971168,0.004720149582307432,0.4,-5.780550895214354,[0.         0.01574123 0.         0.         0.01692207 0.         0.         0.         0.         0.         0.         0.         0.         0.         0.         0.         0.02237185 0.         0.         0.         0.0176303  0.         0.         0.         0.         0.91590181 0.         0.01143273 0.         0.         0.        ],[0. 1. 0. 0. 1. 0. 0. 0. 0. 0. 0. 0. 0. 0. 0. 0. 1. 0. 0. 0. 1. 0. 0. 0. 0. 1. 0. 1. 0. 0. 0.],6.0,10000,30,0.6,10,1,6,,problem_solving
6500,0.01979344073971168,0.004720149582307432,0.4,10.407332396029174,[0.         0.01574123 0.         0.         0.01692207 0.         0.         0.         0.         0.         0.         0.         0.         0.         0.         0.         0.02237185 0.         0.         0.         0.0176303  0.         0.         0.         0.         0.91590181 0.         0.01143273 0.         0.         0.        ],[0. 1. 0. 0. 1. 0. 0. 0. 0. 0. 0. 0. 0. 0. 0. 0. 1. 0. 0. 0. 1. 0. 0. 0. 0. 1. 0. 1. 0. 0. 0.],6.0,10000,30,0.6,10,1,6,,problem_solving
6600,0.01979344073971168,0.004720149582307432,0.4,4.504081023235614,[0.         0.01574123 0.         0.         0.01692207 0.         0.         0.         0.         0.         0.         0.         0.         0.         0.         0.         0.02237185 0.         0.         0.         0.0176303  0.         0.         0.         0.         0.91590181 0.         0.01143273 0.         0.         0.        ],[0. 1. 0. 0. 1. 0. 0. 0. 0. 0. 0. 0. 0. 0. 0. 0. 1. 0. 0. 0. 1. 0. 0. 0. 0. 1. 0. 1. 0. 0. 0.],6.0,10000,30,0.6,10,1,6,,problem_solving
6700,0.01979344073971168,0.004720149582307432,0.4,7.413537968223512,[0.         0.01574123 0.         0.         0.01692207 0.         0.         0.         0.         0.         0.         0.         0.         0.         0.         0.         0.02237185 0.         0.         0.         0.0176303  0.         0.         0.         0.         0.91590181 0.         0.01143273 0.         0.         0.        ],[0. 1. 0. 0. 1. 0. 0. 0. 0. 0. 0. 0. 0. 0. 0. 0. 1. 0. 0. 0. 1. 0. 0. 0. 0. 1. 0. 1. 0. 0. 0.],6.0,10000,30,0.6,10,1,6,,problem_solving
6800,0.01979344073971168,0.004720149582307432,0.4,1.5372234734205739,[0.         0.01574123 0.         0.         0.01692207 0.         0.         0.         0.         0.         0.         0.         0.         0.         0.         0.         0.02237185 0.         0.         0.         0.0176303  0.         0.         0.         0.         0.91590181 0.         0.01143273 0.         0.         0.        ],[0. 1. 0. 0. 1. 0. 0. 0. 0. 0. 0. 0. 0. 0. 0. 0. 1. 0. 0. 0. 1. 0. 0. 0. 0. 1. 0. 1. 0. 0. 0.],6.0,10000,30,0.6,10,1,6,,problem_solving
6900,0.01979344073971168,0.004720149582307432,0.4,5.7199401486123405,[0.         0.01574123 0.         0.         0.01692207 0.         0.         0.         0.         0.         0.         0.         0.         0.         0.         0.         0.02237185 0.         0.         0.         0.0176303  0.         0.         0.         0.         0.91590181 0.         0.01143273 0.         0.         0.        ],[0. 1. 0. 0. 1. 0. 0. 0. 0. 0. 0. 0. 0. 0. 0. 0. 1. 0. 0. 0. 1. 0. 0. 0. 0. 1. 0. 1. 0. 0. 0.],6.0,10000,30,0.6,10,1,6,,problem_solving
7000,0.01979344073971168,0.004720149582307432,0.4,16.945095776917086,[0.         0.01574123 0.         0.         0.01692207 0.         0.         0.         0.         0.         0.         0.         0.         0.         0.         0.         0.02237185 0.         0.         0.         0.0176303  0.         0.         0.         0.         0.91590181 0.         0.01143273 0.         0.         0.        ],[0. 1. 0. 0. 1. 0. 0. 0. 0. 0. 0. 0. 0. 0. 0. 0. 1. 0. 0. 0. 1. 0. 0. 0. 0. 1. 0. 1. 0. 0. 0.],6.0,10000,30,0.6,10,1,6,,problem_solving
7100,0.01979344073971168,0.004720149582307432,0.4,-2.644274718084983,[0.         0.01574123 0.         0.         0.01692207 0.         0.         0.         0.         0.         0.         0.         0.         0.         0.         0.         0.02237185 0.         0.         0.         0.0176303  0.         0.         0.         0.         0.91590181 0.         0.01143273 0.         0.         0.        ],[0. 1. 0. 0. 1. 0. 0. 0. 0. 0. 0. 0. 0. 0. 0. 0. 1. 0. 0. 0. 1. 0. 0. 0. 0. 1. 0. 1. 0. 0. 0.],6.0,10000,30,0.6,10,1,6,,problem_solving
7200,0.01979344073971168,0.004720149582307432,0.4,-6.189581794862739,[0.         0.01574123 0.         0.         0.01692207 0.         0.         0.         0.         0.         0.         0.         0.         0.         0.         0.         0.02237185 0.         0.         0.         0.0176303  0.         0.         0.         0.         0.91590181 0.         0.01143273 0.         0.         0.        ],[0. 1. 0. 0. 1. 0. 0. 0. 0. 0. 0. 0. 0. 0. 0. 0. 1. 0. 0. 0. 1. 0. 0. 0. 0. 1. 0. 1. 0. 0. 0.],6.0,10000,30,0.6,10,1,6,,problem_solving
7300,0.01979344073971168,0.004720149582307432,0.4,5.33953478654146,[0.         0.01574123 0.         0.         0.01692207 0.         0.         0.         0.         0.         0.         0.         0.         0.         0.         0.         0.02237185 0.         0.         0.         0.0176303  0.         0.         0.         0.         0.91590181 0.         0.01143273 0.         0.         0.        ],[0. 1. 0. 0. 1. 0. 0. 0. 0. 0. 0. 0. 0. 0. 0. 0. 1. 0. 0. 0. 1. 0. 0. 0. 0. 1. 0. 1. 0. 0. 0.],6.0,10000,30,0.6,10,1,6,,problem_solving
7400,0.01979344073971168,0.004720149582307432,0.4,5.4955497972614955,[0.         0.01574123 0.         0.         0.01692207 0.         0.         0.         0.         0.         0.         0.         0.         0.         0.         0.         0.02237185 0.         0.         0.         0.0176303  0.         0.         0.         0.         0.91590181 0.         0.01143273 0.         0.         0.        ],[0. 1. 0. 0. 1. 0. 0. 0. 0. 0. 0. 0. 0. 0. 0. 0. 1. 0. 0. 0. 1. 0. 0. 0. 0. 1. 0. 1. 0. 0. 0.],6.0,10000,30,0.6,10,1,6,,problem_solving
7500,0.01979344073971168,0.004720149582307432,0.4,7.273392254607441,[0.         0.01574123 0.         0.         0.01692207 0.         0.         0.         0.         0.         0.         0.         0.         0.         0.         0.         0.02237185 0.         0.         0.         0.0176303  0.         0.         0.         0.         0.91590181 0.         0.01143273 0.         0.         0.        ],[0. 1. 0. 0. 1. 0. 0. 0. 0. 0. 0. 0. 0. 0. 0. 0. 1. 0. 0. 0. 1. 0. 0. 0. 0. 1. 0. 1. 0. 0. 0.],6.0,10000,30,0.6,10,1,6,,problem_solving
7600,0.01979344073971168,0.004720149582307432,0.4,-0.17481077749416418,[0.         0.01574123 0.         0.         0.01692207 0.         0.         0.         0.         0.         0.         0.         0.         0.         0.         0.         0.02237185 0.         0.         0.         0.0176303  0.         0.         0.         0.         0.91590181 0.         0.01143273 0.         0.         0.        ],[0. 1. 0. 0. 1. 0. 0. 0. 0. 0. 0. 0. 0. 0. 0. 0. 1. 0. 0. 0. 1. 0. 0. 0. 0. 1. 0. 1. 0. 0. 0.],6.0,10000,30,0.6,10,1,6,,problem_solving
7700,0.01979344073971168,0.004720149582307432,0.4,-1.2898223891473612,[0.         0.01574123 0.         0.         0.01692207 0.         0.         0.         0.         0.         0.         0.         0.         0.         0.         0.         0.02237185 0.         0.         0.         0.0176303  0.         0.         0.         0.         0.91590181 0.         0.01143273 0.         0.         0.        ],[0. 1. 0. 0. 1. 0. 0. 0. 0. 0. 0. 0. 0. 0. 0. 0. 1. 0. 0. 0. 1. 0. 0. 0. 0. 1. 0. 1. 0. 0. 0.],6.0,10000,30,0.6,10,1,6,,problem_solving
7800,0.01979344073971168,0.004720149582307432,0.4,-10.053813885586028,[0.         0.01574123 0.         0.         0.01692207 0.         0.         0.         0.         0.         0.         0.         0.         0.         0.         0.         0.02237185 0.         0.         0.         0.0176303  0.         0.         0.         0.         0.91590181 0.         0.01143273 0.         0.         0.        ],[0. 1. 0. 0. 1. 0. 0. 0. 0. 0. 0. 0. 0. 0. 0. 0. 1. 0. 0. 0. 1. 0. 0. 0. 0. 1. 0. 1. 0. 0. 0.],6.0,10000,30,0.6,10,1,6,,problem_solving
7900,0.01979344073971168,0.004720149582307432,0.4,7.820030566049049,[0.         0.01574123 0.         0.         0.01692207 0.         0.         0.         0.         0.         0.         0.         0.         0.         0.         0.         0.02237185 0.         0.         0.         0.0176303  0.         0.         0.         0.         0.91590181 0.         0.01143273 0.         0.         0.        ],[0. 1. 0. 0. 1. 0. 0. 0. 0. 0. 0. 0. 0. 0. 0. 0. 1. 0. 0. 0. 1. 0. 0. 0. 0. 1. 0. 1. 0. 0. 0.],6.0,10000,30,0.6,10,1,6,,problem_solving
8000,0.01979344073971168,0.004720149582307432,0.4,6.8958690213311264,[0.         0.01574123 0.         0.         0.01692207 0.         0.         0.         0.         0.         0.         0.         0.         0.         0.         0.         0.02237185 0.         0.         0.         0.0176303  0.         0.         0.         0.         0.91590181 0.         0.01143273 0.         0.         0.        ],[0. 1. 0. 0. 1. 0. 0. 0. 0. 0. 0. 0. 0. 0. 0. 0. 1. 0. 0. 0. 1. 0. 0. 0. 0. 1. 0. 1. 0. 0. 0.],6.0,10000,30,0.6,10,1,6,,problem_solving
8100,0.01979344073971168,0.004720149582307432,0.4,7.796980384724275,[0.         0.01574123 0.         0.         0.01692207 0.         0.         0.         0.         0.         0.         0.         0.         0.         0.         0.         0.02237185 0.         0.         0.         0.0176303  0.         0.         0.         0.         0.91590181 0.         0.01143273 0.         0.         0.        ],[0. 1. 0. 0. 1. 0. 0. 0. 0. 0. 0. 0. 0. 0. 0. 0. 1. 0. 0. 0. 1. 0. 0. 0. 0. 1. 0. 1. 0. 0. 0.],6.0,10000,30,0.6,10,1,6,,problem_solving
8200,0.01979344073971168,0.004720149582307432,0.4,10.370954464904777,[0.         0.01574123 0.         0.         0.01692207 0.         0.         0.         0.         0.         0.         0.         0.         0.         0.         0.         0.02237185 0.         0.         0.         0.0176303  0.         0.         0.         0.         0.91590181 0.         0.01143273 0.         0.         0.        ],[0. 1. 0. 0. 1. 0. 0. 0. 0. 0. 0. 0. 0. 0. 0. 0. 1. 0. 0. 0. 1. 0. 0. 0. 0. 1. 0. 1. 0. 0. 0.],6.0,10000,30,0.6,10,1,6,,problem_solving
8300,0.01979344073971168,0.004720149582307432,0.4,-3.784269887280107,[0.         0.01574123 0.         0.         0.01692207 0.         0.         0.         0.         0.         0.         0.         0.         0.         0.         0.         0.02237185 0.         0.         0.         0.0176303  0.         0.         0.         0.         0.91590181 0.         0.01143273 0.         0.         0.        ],[0. 1. 0. 0. 1. 0. 0. 0. 0. 0. 0. 0. 0. 0. 0. 0. 1. 0. 0. 0. 1. 0. 0. 0. 0. 1. 0. 1. 0. 0. 0.],6.0,10000,30,0.6,10,1,6,,problem_solving
8400,0.01979344073971168,0.004720149582307432,0.4,4.268551651420302,[0.         0.01574123 0.         0.         0.01692207 0.         0.         0.         0.         0.         0.         0.         0.         0.         0.         0.         0.02237185 0.         0.         0.         0.0176303  0.         0.         0.         0.         0.91590181 0.         0.01143273 0.         0.         0.        ],[0. 1. 0. 0. 1. 0. 0. 0. 0. 0. 0. 0. 0. 0. 0. 0. 1. 0. 0. 0. 1. 0. 0. 0. 0. 1. 0. 1. 0. 0. 0.],6.0,10000,30,0.6,10,1,6,,problem_solving
8500,0.01979344073971168,0.004720149582307432,0.4,-1.0351537702402485,[0.         0.01574123 0.         0.         0.01692207 0.         0.         0.         0.         0.         0.         0.         0.         0.         0.         0.         0.02237185 0.         0.         0.         0.0176303  0.         0.         0.         0.         0.91590181 0.         0.01143273 0.         0.         0.        ],[0. 1. 0. 0. 1. 0. 0. 0. 0. 0. 0. 0. 0. 0. 0. 0. 1. 0. 0. 0. 1. 0. 0. 0. 0. 1. 0. 1. 0. 0. 0.],6.0,10000,30,0.6,10,1,6,,problem_solving
8600,0.01979344073971168,0.004720149582307432,0.4,-0.5714601284131785,[0.         0.01574123 0.         0.         0.01692207 0.         0.         0.         0.         0.         0.         0.         0.         0.         0.         0.         0.02237185 0.         0.         0.         0.0176303  0.         0.         0.         0.         0.91590181 0.         0.01143273 0.         0.         0.        ],[0. 1. 0. 0. 1. 0. 0. 0. 0. 0. 0. 0. 0. 0. 0. 0. 1. 0. 0. 0. 1. 0. 0. 0. 0. 1. 0. 1. 0. 0. 0.],6.0,10000,30,0.6,10,1,6,,problem_solving
8700,0.01979344073971168,0.004720149582307432,0.4,-12.75025383497971,[0.         0.01574123 0.         0.         0.01692207 0.         0.         0.         0.         0.         0.         0.         0.         0.         0.         0.         0.02237185 0.         0.         0.         0.0176303  0.         0.         0.         0.         0.91590181 0.         0.01143273 0.         0.         0.        ],[0. 1. 0. 0. 1. 0. 0. 0. 0. 0. 0. 0. 0. 0. 0. 0. 1. 0. 0. 0. 1. 0. 0. 0. 0. 1. 0. 1. 0. 0. 0.],6.0,10000,30,0.6,10,1,6,,problem_solving
8800,0.01979344073971168,0.004720149582307432,0.4,-12.51287811089935,[0.         0.01574123 0.         0.         0.01692207 0.         0.         0.         0.         0.         0.         0.         0.         0.         0.         0.         0.02237185 0.         0.         0.         0.0176303  0.         0.         0.         0.         0.91590181 0.         0.01143273 0.         0.         0.        ],[0. 1. 0. 0. 1. 0. 0. 0. 0. 0. 0. 0. 0. 0. 0. 0. 1. 0. 0. 0. 1. 0. 0. 0. 0. 1. 0. 1. 0. 0. 0.],6.0,10000,30,0.6,10,1,6,,problem_solving
8900,0.01979344073971168,0.004720149582307432,0.4,3.888904757157013,[0.         0.01574123 0.         0.         0.01692207 0.         0.         0.         0.         0.         0.         0.         0.         0.         0.         0.         0.02237185 0.         0.         0.         0.0176303  0.         0.         0.         0.         0.91590181 0.         0.01143273 0.         0.         0.        ],[0. 1. 0. 0. 1. 0. 0. 0. 0. 0. 0. 0. 0. 0. 0. 0. 1. 0. 0. 0. 1. 0. 0. 0. 0. 1. 0. 1. 0. 0. 0.],6.0,10000,30,0.6,10,1,6,,problem_solving
9000,0.01979344073971168,0.004720149582307432,0.4,-2.2931502364837826,[0.         0.01574123 0.         0.         0.01692207 0.         0.         0.         0.         0.         0.         0.         0.         0.         0.         0.         0.02237185 0.         0.         0.         0.0176303  0.         0.         0.         0.         0.91590181 0.         0.01143273 0.         0.         0.        ],[0. 1. 0. 0. 1. 0. 0. 0. 0. 0. 0. 0. 0. 0. 0. 0. 1. 0. 0. 0. 1. 0. 0. 0. 0. 1. 0. 1. 0. 0. 0.],6.0,10000,30,0.6,10,1,6,,problem_solving
9100,0.01979344073971168,0.004720149582307432,0.4,7.630334133670216,[0.         0.01574123 0.         0.         0.01692207 0.         0.         0.         0.         0.         0.         0.         0.         0.         0.         0.         0.02237185 0.         0.         0.         0.0176303  0.         0.         0.         0.         0.91590181 0.         0.01143273 0.         0.         0.        ],[0. 1. 0. 0. 1. 0. 0. 0. 0. 0. 0. 0. 0. 0. 0. 0. 1. 0. 0. 0. 1. 0. 0. 0. 0. 1. 0. 1. 0. 0. 0.],6.0,10000,30,0.6,10,1,6,,problem_solving
9200,0.01979344073971168,0.004720149582307432,0.4,-20.952578613083887,[0.         0.01574123 0.         0.         0.01692207 0.         0.         0.         0.         0.         0.         0.         0.         0.         0.         0.         0.02237185 0.         0.         0.         0.0176303  0.         0.         0.         0.         0.91590181 0.         0.01143273 0.         0.         0.        ],[0. 1. 0. 0. 1. 0. 0. 0. 0. 0. 0. 0. 0. 0. 0. 0. 1. 0. 0. 0. 1. 0. 0. 0. 0. 1. 0. 1. 0. 0. 0.],6.0,10000,30,0.6,10,1,6,,problem_solving
9300,0.01979344073971168,0.004720149582307432,0.4,3.496284511519334,[0.         0.01574123 0.         0.         0.01692207 0.         0.         0.         0.         0.         0.         0.         0.         0.         0.         0.         0.02237185 0.         0.         0.         0.0176303  0.         0.         0.         0.         0.91590181 0.         0.01143273 0.         0.         0.        ],[0. 1. 0. 0. 1. 0. 0. 0. 0. 0. 0. 0. 0. 0. 0. 0. 1. 0. 0. 0. 1. 0. 0. 0. 0. 1. 0. 1. 0. 0. 0.],6.0,10000,30,0.6,10,1,6,,problem_solving
9400,0.01979344073971168,0.004720149582307432,0.4,6.539654000519502,[0.         0.01574123 0.         0.         0.01692207 0.         0.         0.         0.         0.         0.         0.         0.         0.         0.         0.         0.02237185 0.         0.         0.         0.0176303  0.         0.         0.         0.         0.91590181 0.         0.01143273 0.         0.         0.        ],[0. 1. 0. 0. 1. 0. 0. 0. 0. 0. 0. 0. 0. 0. 0. 0. 1. 0. 0. 0. 1. 0. 0. 0. 0. 1. 0. 1. 0. 0. 0.],6.0,10000,30,0.6,10,1,6,,problem_solving
9500,0.01979344073971168,0.004720149582307432,0.4,8.65077447547039,[0.         0.01574123 0.         0.         0.01692207 0.         0.         0.         0.         0.         0.         0.         0.         0.         0.         0.         0.02237185 0.         0.         0.         0.0176303  0.         0.         0.         0.         0.91590181 0.         0.01143273 0.         0.         0.        ],[0. 1. 0. 0. 1. 0. 0. 0. 0. 0. 0. 0. 0. 0. 0. 0. 1. 0. 0. 0. 1. 0. 0. 0. 0. 1. 0. 1. 0. 0. 0.],6.0,10000,30,0.6,10,1,6,,problem_solving
9600,0.01979344073971168,0.004720149582307432,0.4,12.902381459289547,[0.         0.01574123 0.         0.         0.01692207 0.         0.         0.         0.         0.         0.         0.         0.         0.         0.         0.         0.02237185 0.         0.         0.         0.0176303  0.         0.         0.         0.         0.91590181 0.         0.01143273 0.         0.         0.        ],[0. 1. 0. 0. 1. 0. 0. 0. 0. 0. 0. 0. 0. 0. 0. 0. 1. 0. 0. 0. 1. 0. 0. 0. 0. 1. 0. 1. 0. 0. 0.],6.0,10000,30,0.6,10,1,6,,problem_solving
9700,0.01979344073971168,0.004720149582307432,0.4,7.744473477677963,[0.         0.01574123 0.         0.         0.01692207 0.         0.         0.         0.         0.         0.         0.         0.         0.         0.         0.         0.02237185 0.         0.         0.         0.0176303  0.         0.         0.         0.         0.91590181 0.         0.01143273 0.         0.         0.        ],[0. 1. 0. 0. 1. 0. 0. 0. 0. 0. 0. 0. 0. 0. 0. 0. 1. 0. 0. 0. 1. 0. 0. 0. 0. 1. 0. 1. 0. 0. 0.],6.0,10000,30,0.6,10,1,6,,problem_solving
9800,0.01979344073971168,0.004720149582307432,0.4,7.80238134163155,[0.         0.01574123 0.         0.         0.01692207 0.         0.         0.         0.         0.         0.         0.         0.         0.         0.         0.         0.02237185 0.         0.         0.         0.0176303  0.         0.         0.         0.         0.91590181 0.         0.01143273 0.         0.         0.        ],[0. 1. 0. 0. 1. 0. 0. 0. 0. 0. 0. 0. 0. 0. 0. 0. 1. 0. 0. 0. 1. 0. 0. 0. 0. 1. 0. 1. 0. 0. 0.],6.0,10000,30,0.6,10,1,6,,problem_solving
9900,0.01979344073971168,0.004720149582307432,0.4,1.1341775974732347,[0.         0.01574123 0.         0.         0.01692207 0.         0.         0.         0.         0.         0.         0.         0.         0.         0.         0.         0.02237185 0.         0.         0.         0.0176303  0.         0.         0.         0.         0.91590181 0.         0.01143273 0.         0.         0.        ],[0. 1. 0. 0. 1. 0. 0. 0. 0. 0. 0. 0. 0. 0. 0. 0. 1. 0. 0. 0. 1. 0. 0. 0. 0. 1. 0. 1. 0. 0. 0.],6.0,10000,30,0.6,10,1,6,,problem_solving
9999,0.01979344073971168,0.004720149582307432,0.4,-2.531539641824882,[0.         0.01574123 0.         0.         0.01692207 0.         0.         0.         0.         0.         0.         0.         0.         0.         0.         0.         0.02237185 0.         0.         0.         0.0176303  0.         0.         0.         0.         0.91590181 0.         0.01143273 0.         0.         0.        ],[0. 1. 0. 0. 1. 0. 0. 0. 0. 0. 0. 0. 0. 0. 0. 0. 1. 0. 0. 0. 1. 0. 0. 0. 0. 1. 0. 1. 0. 0. 0.],6.0,10000,30,0.6,10,1,6,,problem_solving
