iter,cost,return,par,move,X,Z,Q,max_iter,mem_size,mem_consider,sigma,port_n,k,seed,tag
1,0.03482957437016627,0.00477935401746127,0.4,13.582835438892662,[0.         0.         0.         0.         0.         0.         0.         0.01156902 0.         0.0209767  0.         0.         0.         0.         0.         0.         0.01674212 0.01949223 0.         0.         0.         0.         0.         0.         0.         0.90207587 0.01267562 0.01646845 0.         0.         0.        ],[0. 0. 0. 0. 0. 0. 0. 1. 0. 1. 0. 0. 0. 0. 0. 0. 1. 1. 0. 0. 0. 0. 0. 0. 0. 1. 1. 1. 0. 0. 0.],7.0,10000,30,0.6,10,1,7,,problem_solving
100,0.03482957437016627,0.00477935401746127,0.4,-5.929834965613361,[0.         0.         0.         0.         0.         0.         0.         0.01156902 0.         0.0209767  0.         0.         0.         0.         0.         0.         0.01674212 0.01949223 0.         0.         0.         0.         0.         0.         0.         0.90207587 0.01267562 0.01646845 0.         0.         0.        ],[0. 0. 0. 0. 0. 0. 0. 1. 0. 1. 0. 0. 0. 0. 0. 0. 1. 1. 0. 0. 0. 0. 0. 0. 0. 1. 1. 1. 0. 0. 0.],7.0,10000,30,0.6,10,1,7,,problem_solving
200,0.032124557501374815,0.010046157406698465,0.4,1.9361458633389408,[0.         0.         0.         0.         0.         0.         0.         0.         0.         0.01221546 0.         0.         0.         0.01813837 0.01793301 0.         0.01471248 0.         0.         0.         0.         0.01092818 0.         0.         0.         0.9121344  0.         0.         0.         0.         0.01393811],[0. 0. 0. 0. 0. 0. 0. 0. 0. 1. 0. 0. 0. 1. 1. 0. 1. 0. 0. 0. 0. 1. 0. 0. 0. 1. 0. 0. 0. 0. 1.],7.0,10000,30,0.6,10,1,7,,problem_solving
300,0.028701357485678397,0.00485804576533535,0.4,-31.22961727282459,[0.         0.         0.         0.01275435 0.01167705 0.01580571 0.01195238 0.         0.         0.         0.         0.         0.         0.         0.         0.         0.         0.         0.         0.         0.         0.02019316 0.01801034 0.         0.         0.90960701 0.         0.         0.         0.         0.        ],[0. 0. 0. 1. 1. 1. 1. 0. 0. 0. 0. 0. 0. 0. 0. 0. 0. 0. 0. 0. 0. 1. 1. 0. 0. 1. 0. 0. 0. 0. 0.],7.0,10000,30,0.6,10,1,7,,problem_solving
400,0.028701357485678397,0.00485804576533535,0.4,4.355023538854057,[0.         0.         0.         0.01275435 0.01167705 0.01580571 0.01195238 0.         0.         0.         0.         0.         0.         0.         0.         0.         0.         0.         0.         0.         0.         0.02019316 0.01801034 0.         0.         0.90960701 0.         0.         0.         0.         0.        ],[0. 0. 0. 1. 1. 1. 1. 0. 0. 0. 0. 0. 0. 0. 0. 0. 0. 0. 0. 0. 0. 1. 1. 0. 0. 1. 0. 0. 0. 0. 0.],7.0,10000,30,0.6,10,1,7,,problem_solving
500,0.028701357485678397,0.00485804576533535,0.4,-0.9249611736967334,[0.         0.         0.         0.01275435 0.01167705 0.01580571 0.01195238 0.         0.         0.         0.         0.         0.         0.         0.         0.         0.         0.         0.         0.         0.         0.02019316 0.01801034 0.         0.         0.90960701 0.         0.         0.         0.         0.        ],[0. 0. 0. 1. 1. 1. 1. 0. 0. 0. 0. 0. 0. 0. 0. 0. 0. 0. 0. 0. 0. 1. 1. 0. 0. 1. 0. 0. 0. 0. 0.],7.0,10000,30,0.6,10,1,7,,problem_solving
600,0.028701357485678397,0.00485804576533535,0.4,1.5659067589760722,[0.         0.         0.         0.01275435 0.01167705 0.01580571 0.01195238 0.         0.         0.         0.         0.         0.         0.         0.         0.         0.         0.         0.         0.         0.         0.02019316 0.01801034 0.         0.         0.90960701 0.         0.         0.         0.         0.        ],[0. 0. 0. 1. 1. 1. 1. 0. 0. 0. 0. 0. 0. 0. 0. 0. 0. 0. 0. 0. 0. 1. 1. 0. 0. 1. 0. 0. 0. 0. 0.],7.0,10000,30,0.6,10,1,7,,problem_solving
700,0.028701357485678397,0.00485804576533535,0.4,-9.244321045683233,[0.         0.         0.         0.01275435 0.01167705 0.01580571 0.01195238 0.         0.         0.         0.         0.         0.         0.         0.         0.         0.         0.         0.         0.         0.         0.02019316 0.01801034 0.         0.         0.90960701 0.         0.         0.         0.         0.        ],[0. 0. 0. 1. 1. 1. 1. 0. 0. 0. 0. 0. 0. 0. 0. 0. 0. 0. 0. 0. 0. 1. 1. 0. 0. 1. 0. 0. 0. 0. 0.],7.0,10000,30,0.6,10,1,7,,problem_solving
800,0.02716165198659403,0.010068293908850596,0.4,2.376674856025291,[0.01258656 0.         0.         0.         0.9129729  0.0161168  0.         0.         0.01779889 0.         0.         0.         0.         0.         0.         0.         0.         0.         0.         0.         0.         0.         0.         0.         0.         0.01655309 0.01195221 0.         0.         0.01201956 0.        ],[1. 0. 0. 0. 1. 1. 0. 0. 1. 0. 0. 0. 0. 0. 0. 0. 0. 0. 0. 0. 0. 0. 0. 0. 0. 1. 1. 0. 0. 1. 0.],7.0,10000,30,0.6,10,1,7,,problem_solving
900,0.02716165198659403,0.010068293908850596,0.4,18.109941720073685,[0.01258656 0.         0.         0.         0.9129729  0.0161168  0.         0.         0.01779889 0.         0.         0.         0.         0.         0.         0.         0.         0.         0.         0.         0.         0.         0.         0.         0.         0.01655309 0.01195221 0.         0.         0.01201956 0.        ],[1. 0. 0. 0. 1. 1. 0. 0. 1. 0. 0. 0. 0. 0. 0. 0. 0. 0. 0. 0. 0. 0. 0. 0. 0. 1. 1. 0. 0. 1. 0.],7.0,10000,30,0.6,10,1,7,,problem_solving
1000,0.02716165198659403,0.010068293908850596,0.4,6.078574333520731,[0.01258656 0.         0.         0.         0.9129729  0.0161168  0.         0.         0.01779889 0.         0.         0.         0.         0.         0.         0.         0.         0.         0.         0.         0.         0.         0.         0.         0.         0.01655309 0.01195221 0.         0.         0.01201956 0.        ],[1. 0. 0. 0. 1. 1. 0. 0. 1. 0. 0. 0. 0. 0. 0. 0. 0. 0. 0. 0. 0. 0. 0. 0. 0. 1. 1. 0. 0. 1. 0.],7.0,10000,30,0.6,10,1,7,,problem_solving
1100,0.025520305260662027,0.004645871400408248,0.4,-15.247107215601186,[0.         0.         0.         0.01296435 0.         0.01656208 0.         0.         0.01550875 0.01135718 0.         0.         0.         0.         0.         0.01859846 0.         0.         0.         0.         0.         0.         0.         0.         0.         0.90874145 0.01626773 0.         0.         0.         0.        ],[0. 0. 0. 1. 0. 1. 0. 0. 1. 1. 0. 0. 0. 0. 0. 1. 0. 0. 0. 0. 0. 0. 0. 0. 0. 1. 1. 0. 0. 0. 0.],7.0,10000,30,0.6,10,1,7,,problem_solving
1200,0.025520305260662027,0.004645871400408248,0.4,16.00693773873282,[0.         0.         0.         0.01296435 0.         0.01656208 0.         0.         0.01550875 0.01135718 0.         0.         0.         0.         0.         0.01859846 0.         0.         0.         0.         0.         0.         0.         0.         0.         0.90874145 0.01626773 0.         0.         0.         0.        ],[0. 0. 0. 1. 0. 1. 0. 0. 1. 1. 0. 0. 0. 0. 0. 1. 0. 0. 0. 0. 0. 0. 0. 0. 0. 1. 1. 0. 0. 0. 0.],7.0,10000,30,0.6,10,1,7,,problem_solving
1300,0.023981463409421876,0.004764307029188111,0.4,1.5734257667284766,[0.         0.         0.         0.01618585 0.         0.01296873 0.         0.         0.0180182  0.         0.         0.         0.         0.         0.         0.         0.         0.         0.01394004 0.01393508 0.01613176 0.         0.         0.         0.         0.90882035 0.         0.         0.         0.         0.        ],[0. 0. 0. 1. 0. 1. 0. 0. 1. 0. 0. 0. 0. 0. 0. 0. 0. 0. 1. 1. 1. 0. 0. 0. 0. 1. 0. 0. 0. 0. 0.],7.0,10000,30,0.6,10,1,7,,problem_solving
1400,0.023981463409421876,0.004764307029188111,0.4,6.49062344926778,[0.         0.         0.         0.01618585 0.         0.01296873 0.         0.         0.0180182  0.         0.         0.         0.         0.         0.         0.         0.         0.         0.01394004 0.01393508 0.01613176 0.         0.         0.         0.         0.90882035 0.         0.         0.         0.         0.        ],[0. 0. 0. 1. 0. 1. 0. 0. 1. 0. 0. 0. 0. 0. 0. 0. 0. 0. 1. 1. 1. 0. 0. 0. 0. 1. 0. 0. 0. 0. 0.],7.0,10000,30,0.6,10,1,7,,problem_solving
1500,0.023981463409421876,0.004764307029188111,0.4,11.860338427424946,[0.         0.         0.         0.01618585 0.         0.01296873 0.         0.         0.0180182  0.         0.         0.         0.         0.         0.         0.         0.         0.         0.01394004 0.01393508 0.01613176 0.         0.         0.         0.         0.90882035 0.         0.         0.         0.         0.        ],[0. 0. 0. 1. 0. 1. 0. 0. 1. 0. 0. 0. 0. 0. 0. 0. 0. 0. 1. 1. 1. 0. 0. 0. 0. 1. 0. 0. 0. 0. 0.],7.0,10000,30,0.6,10,1,7,,problem_solving
1600,0.023981463409421876,0.004764307029188111,0.4,1.7350365194131214,[0.         0.         0.         0.01618585 0.         0.01296873 0.         0.         0.0180182  0.         0.         0.         0.         0.         0.         0.         0.         0.         0.01394004 0.01393508 0.01613176 0.         0.         0.         0.         0.90882035 0.         0.         0.         0.         0.        ],[0. 0. 0. 1. 0. 1. 0. 0. 1. 0. 0. 0. 0. 0. 0. 0. 0. 0. 1. 1. 1. 0. 0. 0. 0. 1. 0. 0. 0. 0. 0.],7.0,10000,30,0.6,10,1,7,,problem_solving
1700,0.023981463409421876,0.004764307029188111,0.4,6.019658561345139,[0.         0.         0.         0.01618585 0.         0.01296873 0.         0.         0.0180182  0.         0.         0.         0.         0.         0.         0.         0.         0.         0.01394004 0.01393508 0.01613176 0.         0.         0.         0.         0.90882035 0.         0.         0.         0.         0.        ],[0. 0. 0. 1. 0. 1. 0. 0. 1. 0. 0. 0. 0. 0. 0. 0. 0. 0. 1. 1. 1. 0. 0. 0. 0. 1. 0. 0. 0. 0. 0.],7.0,10000,30,0.6,10,1,7,,problem_solving
1800,0.023981463409421876,0.004764307029188111,0.4,-6.696389204253348,[0.         0.         0.         0.01618585 0.         0.01296873 0.         0.         0.0180182  0.         0.         0.         0.         0.         0.         0.         0.         0.         0.01394004 0.01393508 0.01613176 0.         0.         0.         0.         0.90882035 0.         0.         0.         0.         0.        ],[0. 0. 0. 1. 0. 1. 0. 0. 1. 0. 0. 0. 0. 0. 0. 0. 0. 0. 1. 1. 1. 0. 0. 0. 0. 1. 0. 0. 0. 0. 0.],7.0,10000,30,0.6,10,1,7,,problem_solving
1900,0.023981463409421876,0.004764307029188111,0.4,9.442384243170835,[0.         0.         0.         0.01618585 0.         0.01296873 0.         0.         0.0180182  0.         0.         0.         0.         0.         0.         0.         0.         0.         0.01394004 0.01393508 0.01613176 0.         0.         0.         0.         0.90882035 0.         0.         0.         0.         0.        ],[0. 0. 0. 1. 0. 1. 0. 0. 1. 0. 0. 0. 0. 0. 0. 0. 0. 0. 1. 1. 1. 0. 0. 0. 0. 1. 0. 0. 0. 0. 0.],7.0,10000,30,0.6,10,1,7,,problem_solving
2000,0.023981463409421876,0.004764307029188111,0.4,-5.347386804687701,[0.         0.         0.         0.01618585 0.         0.01296873 0.         0.         0.0180182  0.         0.         0.         0.         0.         0.         0.         0.         0.         0.01394004 0.01393508 0.01613176 0.         0.         0.         0.         0.90882035 0.         0.         0.         0.         0.        ],[0. 0. 0. 1. 0. 1. 0. 0. 1. 0. 0. 0. 0. 0. 0. 0. 0. 0. 1. 1. 1. 0. 0. 0. 0. 1. 0. 0. 0. 0. 0.],7.0,10000,30,0.6,10,1,7,,problem_solving
2100,0.023981463409421876,0.004764307029188111,0.4,11.409357102107835,[0.         0.         0.         0.01618585 0.         0.01296873 0.         0.         0.0180182  0.         0.         0.         0.         0.         0.         0.         0.         0.         0.01394004 0.01393508 0.01613176 0.         0.         0.         0.         0.90882035 0.         0.         0.         0.         0.        ],[0. 0. 0. 1. 0. 1. 0. 0. 1. 0. 0. 0. 0. 0. 0. 0. 0. 0. 1. 1. 1. 0. 0. 0. 0. 1. 0. 0. 0. 0. 0.],7.0,10000,30,0.6,10,1,7,,problem_solving
2200,0.023981463409421876,0.004764307029188111,0.4,-17.436548418906597,[0.         0.         0.         0.01618585 0.         0.01296873 0.         0.         0.0180182  0.         0.         0.         0.         0.         0.         0.         0.         0.         0.01394004 0.01393508 0.01613176 0.         0.         0.         0.         0.90882035 0.         0.         0.         0.         0.        ],[0. 0. 0. 1. 0. 1. 0. 0. 1. 0. 0. 0. 0. 0. 0. 0. 0. 0. 1. 1. 1. 0. 0. 0. 0. 1. 0. 0. 0. 0. 0.],7.0,10000,30,0.6,10,1,7,,problem_solving
2300,0.023981463409421876,0.004764307029188111,0.4,5.43656914219603,[0.         0.         0.         0.01618585 0.         0.01296873 0.         0.         0.0180182  0.         0.         0.         0.         0.         0.         0.         0.         0.         0.01394004 0.01393508 0.01613176 0.         0.         0.         0.         0.90882035 0.         0.         0.         0.         0.        ],[0. 0. 0. 1. 0. 1. 0. 0. 1. 0. 0. 0. 0. 0. 0. 0. 0. 0. 1. 1. 1. 0. 0. 0. 0. 1. 0. 0. 0. 0. 0.],7.0,10000,30,0.6,10,1,7,,problem_solving
2400,0.023981463409421876,0.004764307029188111,0.4,-0.860566490384993,[0.         0.         0.         0.01618585 0.         0.01296873 0.         0.         0.0180182  0.         0.         0.         0.         0.         0.         0.         0.         0.         0.01394004 0.01393508 0.01613176 0.         0.         0.         0.         0.90882035 0.         0.         0.         0.         0.        ],[0. 0. 0. 1. 0. 1. 0. 0. 1. 0. 0. 0. 0. 0. 0. 0. 0. 0. 1. 1. 1. 0. 0. 0. 0. 1. 0. 0. 0. 0. 0.],7.0,10000,30,0.6,10,1,7,,problem_solving
2500,0.023981463409421876,0.004764307029188111,0.4,0.7890366296339344,[0.         0.         0.         0.01618585 0.         0.01296873 0.         0.         0.0180182  0.         0.         0.         0.         0.         0.         0.         0.         0.         0.01394004 0.01393508 0.01613176 0.         0.         0.         0.         0.90882035 0.         0.         0.         0.         0.        ],[0. 0. 0. 1. 0. 1. 0. 0. 1. 0. 0. 0. 0. 0. 0. 0. 0. 0. 1. 1. 1. 0. 0. 0. 0. 1. 0. 0. 0. 0. 0.],7.0,10000,30,0.6,10,1,7,,problem_solving
2600,0.023981463409421876,0.004764307029188111,0.4,-6.821392024572347,[0.         0.         0.         0.01618585 0.         0.01296873 0.         0.         0.0180182  0.         0.         0.         0.         0.         0.         0.         0.         0.         0.01394004 0.01393508 0.01613176 0.         0.         0.         0.         0.90882035 0.         0.         0.         0.         0.        ],[0. 0. 0. 1. 0. 1. 0. 0. 1. 0. 0. 0. 0. 0. 0. 0. 0. 0. 1. 1. 1. 0. 0. 0. 0. 1. 0. 0. 0. 0. 0.],7.0,10000,30,0.6,10,1,7,,problem_solving
2700,0.023981463409421876,0.004764307029188111,0.4,-5.329440994545251,[0.         0.         0.         0.01618585 0.         0.01296873 0.         0.         0.0180182  0.         0.         0.         0.         0.         0.         0.         0.         0.         0.01394004 0.01393508 0.01613176 0.         0.         0.         0.         0.90882035 0.         0.         0.         0.         0.        ],[0. 0. 0. 1. 0. 1. 0. 0. 1. 0. 0. 0. 0. 0. 0. 0. 0. 0. 1. 1. 1. 0. 0. 0. 0. 1. 0. 0. 0. 0. 0.],7.0,10000,30,0.6,10,1,7,,problem_solving
2800,0.023981463409421876,0.004764307029188111,0.4,10.771291732566556,[0.         0.         0.         0.01618585 0.         0.01296873 0.         0.         0.0180182  0.         0.         0.         0.         0.         0.         0.         0.         0.         0.01394004 0.01393508 0.01613176 0.         0.         0.         0.         0.90882035 0.         0.         0.         0.         0.        ],[0. 0. 0. 1. 0. 1. 0. 0. 1. 0. 0. 0. 0. 0. 0. 0. 0. 0. 1. 1. 1. 0. 0. 0. 0. 1. 0. 0. 0. 0. 0.],7.0,10000,30,0.6,10,1,7,,problem_solving
2900,0.023981463409421876,0.004764307029188111,0.4,-1.3986152757786463,[0.         0.         0.         0.01618585 0.         0.01296873 0.         0.         0.0180182  0.         0.         0.         0.         0.         0.         0.         0.         0.         0.01394004 0.01393508 0.01613176 0.         0.         0.         0.         0.90882035 0.         0.         0.         0.         0.        ],[0. 0. 0. 1. 0. 1. 0. 0. 1. 0. 0. 0. 0. 0. 0. 0. 0. 0. 1. 1. 1. 0. 0. 0. 0. 1. 0. 0. 0. 0. 0.],7.0,10000,30,0.6,10,1,7,,problem_solving
3000,0.023981463409421876,0.004764307029188111,0.4,-18.852548196356913,[0.         0.         0.         0.01618585 0.         0.01296873 0.         0.         0.0180182  0.         0.         0.         0.         0.         0.         0.         0.         0.         0.01394004 0.01393508 0.01613176 0.         0.         0.         0.         0.90882035 0.         0.         0.         0.         0.        ],[0. 0. 0. 1. 0. 1. 0. 0. 1. 0. 0. 0. 0. 0. 0. 0. 0. 0. 1. 1. 1. 0. 0. 0. 0. 1. 0. 0. 0. 0. 0.],7.0,10000,30,0.6,10,1,7,,problem_solving
3100,0.023981463409421876,0.004764307029188111,0.4,1.5910862577551188,[0.         0.         0.         0.01618585 0.         0.01296873 0.         0.         0.0180182  0.         0.         0.         0.         0.         0.         0.         0.         0.         0.01394004 0.01393508 0.01613176 0.         0.         0.         0.         0.90882035 0.         0.         0.         0.         0.        ],[0. 0. 0. 1. 0. 1. 0. 0. 1. 0. 0. 0. 0. 0. 0. 0. 0. 0. 1. 1. 1. 0. 0. 0. 0. 1. 0. 0. 0. 0. 0.],7.0,10000,30,0.6,10,1,7,,problem_solving
3200,0.023981463409421876,0.004764307029188111,0.4,0.9672326813601184,[0.         0.         0.         0.01618585 0.         0.01296873 0.         0.         0.0180182  0.         0.         0.         0.         0.         0.         0.         0.         0.         0.01394004 0.01393508 0.01613176 0.         0.         0.         0.         0.90882035 0.         0.         0.         0.         0.        ],[0. 0. 0. 1. 0. 1. 0. 0. 1. 0. 0. 0. 0. 0. 0. 0. 0. 0. 1. 1. 1. 0. 0. 0. 0. 1. 0. 0. 0. 0. 0.],7.0,10000,30,0.6,10,1,7,,problem_solving
3300,0.023981463409421876,0.004764307029188111,0.4,8.679113804992669,[0.         0.         0.         0.01618585 0.         0.01296873 0.         0.         0.0180182  0.         0.         0.         0.         0.         0.         0.         0.         0.         0.01394004 0.01393508 0.01613176 0.         0.         0.         0.         0.90882035 0.         0.         0.         0.         0.        ],[0. 0. 0. 1. 0. 1. 0. 0. 1. 0. 0. 0. 0. 0. 0. 0. 0. 0. 1. 1. 1. 0. 0. 0. 0. 1. 0. 0. 0. 0. 0.],7.0,10000,30,0.6,10,1,7,,problem_solving
3400,0.02128888860190654,0.010214791434138074,0.4,-0.9513304170140462,[0.         0.         0.         0.         0.92068614 0.         0.01254853 0.         0.         0.         0.         0.         0.         0.         0.         0.01075759 0.         0.         0.         0.         0.         0.01501505 0.         0.         0.         0.01619573 0.01440305 0.01039391 0.         0.         0.        ],[0. 0. 0. 0. 1. 0. 1. 0. 0. 0. 0. 0. 0. 0. 0. 1. 0. 0. 0. 0. 0. 1. 0. 0. 0. 1. 1. 1. 0. 0. 0.],7.0,10000,30,0.6,10,1,7,,problem_solving
3500,0.02128888860190654,0.010214791434138074,0.4,5.716878118081892,[0.         0.         0.         0.         0.92068614 0.         0.01254853 0.         0.         0.         0.         0.         0.         0.         0.         0.01075759 0.         0.         0.         0.         0.         0.01501505 0.         0.         0.         0.01619573 0.01440305 0.01039391 0.         0.         0.        ],[0. 0. 0. 0. 1. 0. 1. 0. 0. 0. 0. 0. 0. 0. 0. 1. 0. 0. 0. 0. 0. 1. 0. 0. 0. 1. 1. 1. 0. 0. 0.],7.0,10000,30,0.6,10,1,7,,problem_solving
3600,0.02128888860190654,0.010214791434138074,0.4,-1.1043620904315354,[0.         0.         0.         0.         0.92068614 0.         0.01254853 0.         0.         0.         0.         0.         0.         0.         0.         0.01075759 0.         0.         0.         0.         0.         0.01501505 0.         0.         0.         0.01619573 0.01440305 0.01039391 0.         0.         0.        ],[0. 0. 0. 0. 1. 0. 1. 0. 0. 0. 0. 0. 0. 0. 0. 1. 0. 0. 0. 0. 0. 1. 0. 0. 0. 1. 1. 1. 0. 0. 0.],7.0,10000,30,0.6,10,1,7,,problem_solving
3700,0.02128888860190654,0.010214791434138074,0.4,-1.958232539075945,[0.         0.         0.         0.         0.92068614 0.         0.01254853 0.         0.         0.         0.         0.         0.         0.         0.         0.01075759 0.         0.         0.         0.         0.         0.01501505 0.         0.         0.         0.01619573 0.01440305 0.01039391 0.         0.         0.        ],[0. 0. 0. 0. 1. 0. 1. 0. 0. 0. 0. 0. 0. 0. 0. 1. 0. 0. 0. 0. 0. 1. 0. 0. 0. 1. 1. 1. 0. 0. 0.],7.0,10000,30,0.6,10,1,7,,problem_solving
3800,0.02128888860190654,0.010214791434138074,0.4,-0.6242234553387824,[0.         0.         0.         0.         0.92068614 0.         0.01254853 0.         0.         0.         0.         0.         0.         0.         0.         0.01075759 0.         0.         0.         0.         0.         0.01501505 0.         0.         0.         0.01619573 0.01440305 0.01039391 0.         0.         0.        ],[0. 0. 0. 0. 1. 0. 1. 0. 0. 0. 0. 0. 0. 0. 0. 1. 0. 0. 0. 0. 0. 1. 0. 0. 0. 1. 1. 1. 0. 0. 0.],7.0,10000,30,0.6,10,1,7,,problem_solving
3900,0.02128888860190654,0.010214791434138074,0.4,11.413148533675264,[0.         0.         0.         0.         0.92068614 0.         0.01254853 0.         0.         0.         0.         0.         0.         0.         0.         0.01075759 0.         0.         0.         0.         0.         0.01501505 0.         0.         0.         0.01619573 0.01440305 0.01039391 0.         0.         0.        ],[0. 0. 0. 0. 1. 0. 1. 0. 0. 0. 0. 0. 0. 0. 0. 1. 0. 0. 0. 0. 0. 1. 0. 0. 0. 1. 1. 1. 0. 0. 0.],7.0,10000,30,0.6,10,1,7,,problem_solving
4000,0.02128888860190654,0.010214791434138074,0.4,-2.7673029262816873,[0.         0.         0.         0.         0.92068614 0.         0.01254853 0.         0.         0.         0.         0.         0.         0.         0.         0.01075759 0.         0.         0.         0.         0.         0.01501505 0.         0.         0.         0.01619573 0.01440305 0.01039391 0.         0.         0.        ],[0. 0. 0. 0. 1. 0. 1. 0. 0. 0. 0. 0. 0. 0. 0. 1. 0. 0. 0. 0. 0. 1. 0. 0. 0. 1. 1. 1. 0. 0. 0.],7.0,10000,30,0.6,10,1,7,,problem_solving
4100,0.02128888860190654,0.010214791434138074,0.4,6.773037810144294,[0.         0.         0.         0.         0.92068614 0.         0.01254853 0.         0.         0.         0.         0.         0.         0.         0.         0.01075759 0.         0.         0.         0.         0.         0.01501505 0.         0.         0.         0.01619573 0.01440305 0.01039391 0.         0.         0.        ],[0. 0. 0. 0. 1. 0. 1. 0. 0. 0. 0. 0. 0. 0. 0. 1. 0. 0. 0. 0. 0. 1. 0. 0. 0. 1. 1. 1. 0. 0. 0.],7.0,10000,30,0.6,10,1,7,,problem_solving
4200,0.02128888860190654,0.010214791434138074,0.4,12.831464649282967,[0.         0.         0.         0.         0.92068614 0.         0.01254853 0.         0.         0.         0.         0.         0.         0.         0.         0.01075759 0.         0.         0.         0.         0.         0.01501505 0.         0.         0.         0.01619573 0.01440305 0.01039391 0.         0.         0.        ],[0. 0. 0. 0. 1. 0. 1. 0. 0. 0. 0. 0. 0. 0. 0. 1. 0. 0. 0. 0. 0. 1. 0. 0. 0. 1. 1. 1. 0. 0. 0.],7.0,10000,30,0.6,10,1,7,,problem_solving
4300,0.02128888860190654,0.010214791434138074,0.4,17.70902877357239,[0.         0.         0.         0.         0.92068614 0.         0.01254853 0.         0.         0.         0.         0.         0.         0.         0.         0.01075759 0.         0.         0.         0.         0.         0.01501505 0.         0.         0.         0.01619573 0.01440305 0.01039391 0.         0.         0.        ],[0. 0. 0. 0. 1. 0. 1. 0. 0. 0. 0. 0. 0. 0. 0. 1. 0. 0. 0. 0. 0. 1. 0. 0. 0. 1. 1. 1. 0. 0. 0.],7.0,10000,30,0.6,10,1,7,,problem_solving
4400,0.02128888860190654,0.010214791434138074,0.4,7.094482184195789,[0.         0.         0.         0.         0.92068614 0.         0.01254853 0.         0.         0.         0.         0.         0.         0.         0.         0.01075759 0.         0.         0.         0.         0.         0.01501505 0.         0.         0.         0.01619573 0.01440305 0.01039391 0.         0.         0.        ],[0. 0. 0. 0. 1. 0. 1. 0. 0. 0. 0. 0. 0. 0. 0. 1. 0. 0. 0. 0. 0. 1. 0. 0. 0. 1. 1. 1. 0. 0. 0.],7.0,10000,30,0.6,10,1,7,,problem_solving
4500,0.02128888860190654,0.010214791434138074,0.4,-5.002221963883589,[0.         0.         0.         0.         0.92068614 0.         0.01254853 0.         0.         0.         0.         0.         0.         0.         0.         0.01075759 0.         0.         0.         0.         0.         0.01501505 0.         0.         0.         0.01619573 0.01440305 0.01039391 0.         0.         0.        ],[0. 0. 0. 0. 1. 0. 1. 0. 0. 0. 0. 0. 0. 0. 0. 1. 0. 0. 0. 0. 0. 1. 0. 0. 0. 1. 1. 1. 0. 0. 0.],7.0,10000,30,0.6,10,1,7,,problem_solving
4600,0.02128888860190654,0.010214791434138074,0.4,15.210161089275495,[0.         0.         0.         0.         0.92068614 0.         0.01254853 0.         0.         0.         0.         0.         0.         0.         0.         0.01075759 0.         0.         0.         0.         0.         0.01501505 0.         0.         0.         0.01619573 0.01440305 0.01039391 0.         0.         0.        ],[0. 0. 0. 0. 1. 0. 1. 0. 0. 0. 0. 0. 0. 0. 0. 1. 0. 0. 0. 0. 0. 1. 0. 0. 0. 1. 1. 1. 0. 0. 0.],7.0,10000,30,0.6,10,1,7,,problem_solving
4700,0.02128888860190654,0.010214791434138074,0.4,0.7270181784236162,[0.         0.         0.         0.         0.92068614 0.         0.01254853 0.         0.         0.         0.         0.         0.         0.         0.         0.01075759 0.         0.         0.         0.         0.         0.01501505 0.         0.         0.         0.01619573 0.01440305 0.01039391 0.         0.         0.        ],[0. 0. 0. 0. 1. 0. 1. 0. 0. 0. 0. 0. 0. 0. 0. 1. 0. 0. 0. 0. 0. 1. 0. 0. 0. 1. 1. 1. 0. 0. 0.],7.0,10000,30,0.6,10,1,7,,problem_solving
4800,0.02128888860190654,0.010214791434138074,0.4,5.924811601674627,[0.         0.         0.         0.         0.92068614 0.         0.01254853 0.         0.         0.         0.         0.         0.         0.         0.         0.01075759 0.         0.         0.         0.         0.         0.01501505 0.         0.         0.         0.01619573 0.01440305 0.01039391 0.         0.         0.        ],[0. 0. 0. 0. 1. 0. 1. 0. 0. 0. 0. 0. 0. 0. 0. 1. 0. 0. 0. 0. 0. 1. 0. 0. 0. 1. 1. 1. 0. 0. 0.],7.0,10000,30,0.6,10,1,7,,problem_solving
4900,0.02128888860190654,0.010214791434138074,0.4,3.568954963454501,[0.         0.         0.         0.         0.92068614 0.         0.01254853 0.         0.         0.         0.         0.         0.         0.         0.         0.01075759 0.         0.         0.         0.         0.         0.01501505 0.         0.         0.         0.01619573 0.01440305 0.01039391 0.         0.         0.        ],[0. 0. 0. 0. 1. 0. 1. 0. 0. 0. 0. 0. 0. 0. 0. 1. 0. 0. 0. 0. 0. 1. 0. 0. 0. 1. 1. 1. 0. 0. 0.],7.0,10000,30,0.6,10,1,7,,problem_solving
5000,0.02128888860190654,0.010214791434138074,0.4,16.589692259783423,[0.         0.         0.         0.         0.92068614 0.         0.01254853 0.         0.         0.         0.         0.         0.         0.         0.         0.01075759 0.         0.         0.         0.         0.         0.01501505 0.         0.         0.         0.01619573 0.01440305 0.01039391 0.         0.         0.        ],[0. 0. 0. 0. 1. 0. 1. 0. 0. 0. 0. 0. 0. 0. 0. 1. 0. 0. 0. 0. 0. 1. 0. 0. 0. 1. 1. 1. 0. 0. 0.],7.0,10000,30,0.6,10,1,7,,problem_solving
5100,0.02128888860190654,0.010214791434138074,0.4,2.305059479429133,[0.         0.         0.         0.         0.92068614 0.         0.01254853 0.         0.         0.         0.         0.         0.         0.         0.         0.01075759 0.         0.         0.         0.         0.         0.01501505 0.         0.         0.         0.01619573 0.01440305 0.01039391 0.         0.         0.        ],[0. 0. 0. 0. 1. 0. 1. 0. 0. 0. 0. 0. 0. 0. 0. 1. 0. 0. 0. 0. 0. 1. 0. 0. 0. 1. 1. 1. 0. 0. 0.],7.0,10000,30,0.6,10,1,7,,problem_solving
5200,0.02128888860190654,0.010214791434138074,0.4,-0.3326677216735724,[0.         0.         0.         0.         0.92068614 0.         0.01254853 0.         0.         0.         0.         0.         0.         0.         0.         0.01075759 0.         0.         0.         0.         0.         0.01501505 0.         0.         0.         0.01619573 0.01440305 0.01039391 0.         0.         0.        ],[0. 0. 0. 0. 1. 0. 1. 0. 0. 0. 0. 0. 0. 0. 0. 1. 0. 0. 0. 0. 0. 1. 0. 0. 0. 1. 1. 1. 0. 0. 0.],7.0,10000,30,0.6,10,1,7,,problem_solving
5300,0.02128888860190654,0.010214791434138074,0.4,-2.3854634316830188,[0.         0.         0.         0.         0.92068614 0.         0.01254853 0.         0.         0.         0.         0.         0.         0.         0.         0.01075759 0.         0.         0.         0.         0.         0.01501505 0.         0.         0.         0.01619573 0.01440305 0.01039391 0.         0.         0.        ],[0. 0. 0. 0. 1. 0. 1. 0. 0. 0. 0. 0. 0. 0. 0. 1. 0. 0. 0. 0. 0. 1. 0. 0. 0. 1. 1. 1. 0. 0. 0.],7.0,10000,30,0.6,10,1,7,,problem_solving
5400,0.02128888860190654,0.010214791434138074,0.4,-9.048330510461966,[0.         0.         0.         0.         0.92068614 0.         0.01254853 0.         0.         0.         0.         0.         0.         0.         0.         0.01075759 0.         0.         0.         0.         0.         0.01501505 0.         0.         0.         0.01619573 0.01440305 0.01039391 0.         0.         0.        ],[0. 0. 0. 0. 1. 0. 1. 0. 0. 0. 0. 0. 0. 0. 0. 1. 0. 0. 0. 0. 0. 1. 0. 0. 0. 1. 1. 1. 0. 0. 0.],7.0,10000,30,0.6,10,1,7,,problem_solving
5500,0.02128888860190654,0.010214791434138074,0.4,4.9943670572213374,[0.         0.         0.         0.         0.92068614 0.         0.01254853 0.         0.         0.         0.         0.         0.         0.         0.         0.01075759 0.         0.         0.         0.         0.         0.01501505 0.         0.         0.         0.01619573 0.01440305 0.01039391 0.         0.         0.        ],[0. 0. 0. 0. 1. 0. 1. 0. 0. 0. 0. 0. 0. 0. 0. 1. 0. 0. 0. 0. 0. 1. 0. 0. 0. 1. 1. 1. 0. 0. 0.],7.0,10000,30,0.6,10,1,7,,problem_solving
5600,0.02128888860190654,0.010214791434138074,0.4,-7.1917507040441375,[0.         0.         0.         0.         0.92068614 0.         0.01254853 0.         0.         0.         0.         0.         0.         0.         0.         0.01075759 0.         0.         0.         0.         0.         0.01501505 0.         0.         0.         0.01619573 0.01440305 0.01039391 0.         0.         0.        ],[0. 0. 0. 0. 1. 0. 1. 0. 0. 0. 0. 0. 0. 0. 0. 1. 0. 0. 0. 0. 0. 1. 0. 0. 0. 1. 1. 1. 0. 0. 0.],7.0,10000,30,0.6,10,1,7,,problem_solving
5700,0.02128888860190654,0.010214791434138074,0.4,16.282910041937644,[0.         0.         0.         0.         0.92068614 0.         0.01254853 0.         0.         0.         0.         0.         0.         0.         0.         0.01075759 0.         0.         0.         0.         0.         0.01501505 0.         0.         0.         0.01619573 0.01440305 0.01039391 0.         0.         0.        ],[0. 0. 0. 0. 1. 0. 1. 0. 0. 0. 0. 0. 0. 0. 0. 1. 0. 0. 0. 0. 0. 1. 0. 0. 0. 1. 1. 1. 0. 0. 0.],7.0,10000,30,0.6,10,1,7,,problem_solving
5800,0.02128888860190654,0.010214791434138074,0.4,-18.54424262062772,[0.         0.         0.         0.         0.92068614 0.         0.01254853 0.         0.         0.         0.         0.         0.         0.         0.         0.01075759 0.         0.         0.         0.         0.         0.01501505 0.         0.         0.         0.01619573 0.01440305 0.01039391 0.         0.         0.        ],[0. 0. 0. 0. 1. 0. 1. 0. 0. 0. 0. 0. 0. 0. 0. 1. 0. 0. 0. 0. 0. 1. 0. 0. 0. 1. 1. 1. 0. 0. 0.],7.0,10000,30,0.6,10,1,7,,problem_solving
5900,0.02128888860190654,0.010214791434138074,0.4,13.895631678946552,[0.         0.         0.         0.         0.92068614 0.         0.01254853 0.         0.         0.         0.         0.         0.         0.         0.         0.01075759 0.         0.         0.         0.         0.         0.01501505 0.         0.         0.         0.01619573 0.01440305 0.01039391 0.         0.         0.        ],[0. 0. 0. 0. 1. 0. 1. 0. 0. 0. 0. 0. 0. 0. 0. 1. 0. 0. 0. 0. 0. 1. 0. 0. 0. 1. 1. 1. 0. 0. 0.],7.0,10000,30,0.6,10,1,7,,problem_solving
6000,0.02128888860190654,0.010214791434138074,0.4,-17.976981773925335,[0.         0.         0.         0.         0.92068614 0.         0.01254853 0.         0.         0.         0.         0.         0.         0.         0.         0.01075759 0.         0.         0.         0.         0.         0.01501505 0.         0.         0.         0.01619573 0.01440305 0.01039391 0.         0.         0.        ],[0. 0. 0. 0. 1. 0. 1. 0. 0. 0. 0. 0. 0. 0. 0. 1. 0. 0. 0. 0. 0. 1. 0. 0. 0. 1. 1. 1. 0. 0. 0.],7.0,10000,30,0.6,10,1,7,,problem_solving
6100,0.02128888860190654,0.010214791434138074,0.4,19.770991963612268,[0.         0.         0.         0.         0.92068614 0.         0.01254853 0.         0.         0.         0.         0.         0.         0.         0.         0.01075759 0.         0.         0.         0.         0.         0.01501505 0.         0.         0.         0.01619573 0.01440305 0.01039391 0.         0.         0.        ],[0. 0. 0. 0. 1. 0. 1. 0. 0. 0. 0. 0. 0. 0. 0. 1. 0. 0. 0. 0. 0. 1. 0. 0. 0. 1. 1. 1. 0. 0. 0.],7.0,10000,30,0.6,10,1,7,,problem_solving
6200,0.02128888860190654,0.010214791434138074,0.4,-12.506439677653479,[0.         0.         0.         0.         0.92068614 0.         0.01254853 0.         0.         0.         0.         0.         0.         0.         0.         0.01075759 0.         0.         0.         0.         0.         0.01501505 0.         0.         0.         0.01619573 0.01440305 0.01039391 0.         0.         0.        ],[0. 0. 0. 0. 1. 0. 1. 0. 0. 0. 0. 0. 0. 0. 0. 1. 0. 0. 0. 0. 0. 1. 0. 0. 0. 1. 1. 1. 0. 0. 0.],7.0,10000,30,0.6,10,1,7,,problem_solving
6300,0.02128888860190654,0.010214791434138074,0.4,-11.311278197161334,[0.         0.         0.         0.         0.92068614 0.         0.01254853 0.         0.         0.         0.         0.         0.         0.         0.         0.01075759 0.         0.         0.         0.         0.         0.01501505 0.         0.         0.         0.01619573 0.01440305 0.01039391 0.         0.         0.        ],[0. 0. 0. 0. 1. 0. 1. 0. 0. 0. 0. 0. 0. 0. 0. 1. 0. 0. 0. 0. 0. 1. 0. 0. 0. 1. 1. 1. 0. 0. 0.],7.0,10000,30,0.6,10,1,7,,problem_solving
6400,0.02128888860190654,0.010214791434138074,0.4,2.7141675058488235,[0.         0.         0.         0.         0.92068614 0.         0.01254853 0.         0.         0.         0.         0.         0.         0.         0.         0.01075759 0.         0.         0.         0.         0.         0.01501505 0.         0.         0.         0.01619573 0.01440305 0.01039391 0.         0.         0.        ],[0. 0. 0. 0. 1. 0. 1. 0. 0. 0. 0. 0. 0. 0. 0. 1. 0. 0. 0. 0. 0. 1. 0. 0. 0. 1. 1. 1. 0. 0. 0.],7.0,10000,30,0.6,10,1,7,,problem_solving
6500,0.02128888860190654,0.010214791434138074,0.4,-15.644242508221833,[0.         0.         0.         0.         0.92068614 0.         0.01254853 0.         0.         0.         0.         0.         0.         0.         0.         0.01075759 0.         0.         0.         0.         0.         0.01501505 0.         0.         0.         0.01619573 0.01440305 0.01039391 0.         0.         0.        ],[0. 0. 0. 0. 1. 0. 1. 0. 0. 0. 0. 0. 0. 0. 0. 1. 0. 0. 0. 0. 0. 1. 0. 0. 0. 1. 1. 1. 0. 0. 0.],7.0,10000,30,0.6,10,1,7,,problem_solving
6600,0.02128888860190654,0.010214791434138074,0.4,-11.483499709443372,[0.         0.         0.         0.         0.92068614 0.         0.01254853 0.         0.         0.         0.         0.         0.         0.         0.         0.01075759 0.         0.         0.         0.         0.         0.01501505 0.         0.         0.         0.01619573 0.01440305 0.01039391 0.         0.         0.        ],[0. 0. 0. 0. 1. 0. 1. 0. 0. 0. 0. 0. 0. 0. 0. 1. 0. 0. 0. 0. 0. 1. 0. 0. 0. 1. 1. 1. 0. 0. 0.],7.0,10000,30,0.6,10,1,7,,problem_solving
6700,0.02128888860190654,0.010214791434138074,0.4,-9.953117881013847,[0.         0.         0.         0.         0.92068614 0.         0.01254853 0.         0.         0.         0.         0.         0.         0.         0.         0.01075759 0.         0.         0.         0.         0.         0.01501505 0.         0.         0.         0.01619573 0.01440305 0.01039391 0.         0.         0.        ],[0. 0. 0. 0. 1. 0. 1. 0. 0. 0. 0. 0. 0. 0. 0. 1. 0. 0. 0. 0. 0. 1. 0. 0. 0. 1. 1. 1. 0. 0. 0.],7.0,10000,30,0.6,10,1,7,,problem_solving
6800,0.02128888860190654,0.010214791434138074,0.4,1.1512982164814909,[0.         0.         0.         0.         0.92068614 0.         0.01254853 0.         0.         0.         0.         0.         0.         0.         0.         0.01075759 0.         0.         0.         0.         0.         0.01501505 0.         0.         0.         0.01619573 0.01440305 0.01039391 0.         0.         0.        ],[0. 0. 0. 0. 1. 0. 1. 0. 0. 0. 0. 0. 0. 0. 0. 1. 0. 0. 0. 0. 0. 1. 0. 0. 0. 1. 1. 1. 0. 0. 0.],7.0,10000,30,0.6,10,1,7,,problem_solving
6900,0.02128888860190654,0.010214791434138074,0.4,-1.5064872557527567,[0.         0.         0.         0.         0.92068614 0.         0.01254853 0.         0.         0.         0.         0.         0.         0.         0.         0.01075759 0.         0.         0.         0.         0.         0.01501505 0.         0.         0.         0.01619573 0.01440305 0.01039391 0.         0.         0.        ],[0. 0. 0. 0. 1. 0. 1. 0. 0. 0. 0. 0. 0. 0. 0. 1. 0. 0. 0. 0. 0. 1. 0. 0. 0. 1. 1. 1. 0. 0. 0.],7.0,10000,30,0.6,10,1,7,,problem_solving
7000,0.02128888860190654,0.010214791434138074,0.4,-0.8373478338757918,[0.         0.         0.         0.         0.92068614 0.         0.01254853 0.         0.         0.         0.         0.         0.         0.         0.         0.01075759 0.         0.         0.         0.         0.         0.01501505 0.         0.         0.         0.01619573 0.01440305 0.01039391 0.         0.         0.        ],[0. 0. 0. 0. 1. 0. 1. 0. 0. 0. 0. 0. 0. 0. 0. 1. 0. 0. 0. 0. 0. 1. 0. 0. 0. 1. 1. 1. 0. 0. 0.],7.0,10000,30,0.6,10,1,7,,problem_solving
7100,0.02128888860190654,0.010214791434138074,0.4,-3.4557861264028755,[0.         0.         0.         0.         0.92068614 0.         0.01254853 0.         0.         0.         0.         0.         0.         0.         0.         0.01075759 0.         0.         0.         0.         0.         0.01501505 0.         0.         0.         0.01619573 0.01440305 0.01039391 0.         0.         0.        ],[0. 0. 0. 0. 1. 0. 1. 0. 0. 0. 0. 0. 0. 0. 0. 1. 0. 0. 0. 0. 0. 1. 0. 0. 0. 1. 1. 1. 0. 0. 0.],7.0,10000,30,0.6,10,1,7,,problem_solving
7200,0.02128888860190654,0.010214791434138074,0.4,-3.975669037357956,[0.         0.         0.         0.         0.92068614 0.         0.01254853 0.         0.         0.         0.         0.         0.         0.         0.         0.01075759 0.         0.         0.         0.         0.         0.01501505 0.         0.         0.         0.01619573 0.01440305 0.01039391 0.         0.         0.        ],[0. 0. 0. 0. 1. 0. 1. 0. 0. 0. 0. 0. 0. 0. 0. 1. 0. 0. 0. 0. 0. 1. 0. 0. 0. 1. 1. 1. 0. 0. 0.],7.0,10000,30,0.6,10,1,7,,problem_solving
7300,0.02128888860190654,0.010214791434138074,0.4,1.6799118664405157,[0.         0.         0.         0.         0.92068614 0.         0.01254853 0.         0.         0.         0.         0.         0.         0.         0.         0.01075759 0.         0.         0.         0.         0.         0.01501505 0.         0.         0.         0.01619573 0.01440305 0.01039391 0.         0.         0.        ],[0. 0. 0. 0. 1. 0. 1. 0. 0. 0. 0. 0. 0. 0. 0. 1. 0. 0. 0. 0. 0. 1. 0. 0. 0. 1. 1. 1. 0. 0. 0.],7.0,10000,30,0.6,10,1,7,,problem_solving
7400,0.02128888860190654,0.010214791434138074,0.4,7.675879972545157,[0.         0.         0.         0.         0.92068614 0.         0.01254853 0.         0.         0.         0.         0.         0.         0.         0.         0.01075759 0.         0.         0.         0.         0.         0.01501505 0.         0.         0.         0.01619573 0.01440305 0.01039391 0.         0.         0.        ],[0. 0. 0. 0. 1. 0. 1. 0. 0. 0. 0. 0. 0. 0. 0. 1. 0. 0. 0. 0. 0. 1. 0. 0. 0. 1. 1. 1. 0. 0. 0.],7.0,10000,30,0.6,10,1,7,,problem_solving
7500,0.02128888860190654,0.010214791434138074,0.4,1.526620502497533,[0.         0.         0.         0.         0.92068614 0.         0.01254853 0.         0.         0.         0.         0.         0.         0.         0.         0.01075759 0.         0.         0.         0.         0.         0.01501505 0.         0.         0.         0.01619573 0.01440305 0.01039391 0.         0.         0.        ],[0. 0. 0. 0. 1. 0. 1. 0. 0. 0. 0. 0. 0. 0. 0. 1. 0. 0. 0. 0. 0. 1. 0. 0. 0. 1. 1. 1. 0. 0. 0.],7.0,10000,30,0.6,10,1,7,,problem_solving
7600,0.02128888860190654,0.010214791434138074,0.4,-10.198480676546248,[0.         0.         0.         0.         0.92068614 0.         0.01254853 0.         0.         0.         0.         0.         0.         0.         0.         0.01075759 0.         0.         0.         0.         0.         0.01501505 0.         0.         0.         0.01619573 0.01440305 0.01039391 0.         0.         0.        ],[0. 0. 0. 0. 1. 0. 1. 0. 0. 0. 0. 0. 0. 0. 0. 1. 0. 0. 0. 0. 0. 1. 0. 0. 0. 1. 1. 1. 0. 0. 0.],7.0,10000,30,0.6,10,1,7,,problem_solving
7700,0.02128888860190654,0.010214791434138074,0.4,-7.694921819277055,[0.         0.         0.         0.         0.92068614 0.         0.01254853 0.         0.         0.         0.         0.         0.         0.         0.         0.01075759 0.         0.         0.         0.         0.         0.01501505 0.         0.         0.         0.01619573 0.01440305 0.01039391 0.         0.         0.        ],[0. 0. 0. 0. 1. 0. 1. 0. 0. 0. 0. 0. 0. 0. 0. 1. 0. 0. 0. 0. 0. 1. 0. 0. 0. 1. 1. 1. 0. 0. 0.],7.0,10000,30,0.6,10,1,7,,problem_solving
7800,0.02128888860190654,0.010214791434138074,0.4,8.152435586586087,[0.         0.         0.         0.         0.92068614 0.         0.01254853 0.         0.         0.         0.         0.         0.         0.         0.         0.01075759 0.         0.         0.         0.         0.         0.01501505 0.         0.         0.         0.01619573 0.01440305 0.01039391 0.         0.         0.        ],[0. 0. 0. 0. 1. 0. 1. 0. 0. 0. 0. 0. 0. 0. 0. 1. 0. 0. 0. 0. 0. 1. 0. 0. 0. 1. 1. 1. 0. 0. 0.],7.0,10000,30,0.6,10,1,7,,problem_solving
7900,0.02128888860190654,0.010214791434138074,0.4,1.0111622133912674,[0.         0.         0.         0.         0.92068614 0.         0.01254853 0.         0.         0.         0.         0.         0.         0.         0.         0.01075759 0.         0.         0.         0.         0.         0.01501505 0.         0.         0.         0.01619573 0.01440305 0.01039391 0.         0.         0.        ],[0. 0. 0. 0. 1. 0. 1. 0. 0. 0. 0. 0. 0. 0. 0. 1. 0. 0. 0. 0. 0. 1. 0. 0. 0. 1. 1. 1. 0. 0. 0.],7.0,10000,30,0.6,10,1,7,,problem_solving
8000,0.02128888860190654,0.010214791434138074,0.4,10.45326716433551,[0.         0.         0.         0.         0.92068614 0.         0.01254853 0.         0.         0.         0.         0.         0.         0.         0.         0.01075759 0.         0.         0.         0.         0.         0.01501505 0.         0.         0.         0.01619573 0.01440305 0.01039391 0.         0.         0.        ],[0. 0. 0. 0. 1. 0. 1. 0. 0. 0. 0. 0. 0. 0. 0. 1. 0. 0. 0. 0. 0. 1. 0. 0. 0. 1. 1. 1. 0. 0. 0.],7.0,10000,30,0.6,10,1,7,,problem_solving
8100,0.02128888860190654,0.010214791434138074,0.4,-10.984246431186202,[0.         0.         0.         0.         0.92068614 0.         0.01254853 0.         0.         0.         0.         0.         0.         0.         0.         0.01075759 0.         0.         0.         0.         0.         0.01501505 0.         0.         0.         0.01619573 0.01440305 0.01039391 0.         0.         0.        ],[0. 0. 0. 0. 1. 0. 1. 0. 0. 0. 0. 0. 0. 0. 0. 1. 0. 0. 0. 0. 0. 1. 0. 0. 0. 1. 1. 1. 0. 0. 0.],7.0,10000,30,0.6,10,1,7,,problem_solving
8200,0.02128888860190654,0.010214791434138074,0.4,-6.6941691910499745,[0.         0.         0.         0.         0.92068614 0.         0.01254853 0.         0.         0.         0.         0.         0.         0.         0.         0.01075759 0.         0.         0.         0.         0.         0.01501505 0.         0.         0.         0.01619573 0.01440305 0.01039391 0.         0.         0.        ],[0. 0. 0. 0. 1. 0. 1. 0. 0. 0. 0. 0. 0. 0. 0. 1. 0. 0. 0. 0. 0. 1. 0. 0. 0. 1. 1. 1. 0. 0. 0.],7.0,10000,30,0.6,10,1,7,,problem_solving
8300,0.02128888860190654,0.010214791434138074,0.4,12.675617212441361,[0.         0.         0.         0.         0.92068614 0.         0.01254853 0.         0.         0.         0.         0.         0.         0.         0.         0.01075759 0.         0.         0.         0.         0.         0.01501505 0.         0.         0.         0.01619573 0.01440305 0.01039391 0.         0.         0.        ],[0. 0. 0. 0. 1. 0. 1. 0. 0. 0. 0. 0. 0. 0. 0. 1. 0. 0. 0. 0. 0. 1. 0. 0. 0. 1. 1. 1. 0. 0. 0.],7.0,10000,30,0.6,10,1,7,,problem_solving
8400,0.02128888860190654,0.010214791434138074,0.4,20.228557990273828,[0.         0.         0.         0.         0.92068614 0.         0.01254853 0.         0.         0.         0.         0.         0.         0.         0.         0.01075759 0.         0.         0.         0.         0.         0.01501505 0.         0.         0.         0.01619573 0.01440305 0.01039391 0.         0.         0.        ],[0. 0. 0. 0. 1. 0. 1. 0. 0. 0. 0. 0. 0. 0. 0. 1. 0. 0. 0. 0. 0. 1. 0. 0. 0. 1. 1. 1. 0. 0. 0.],7.0,10000,30,0.6,10,1,7,,problem_solving
8500,0.02128888860190654,0.010214791434138074,0.4,4.937364653688317,[0.         0.         0.         0.         0.92068614 0.         0.01254853 0.         0.         0.         0.         0.         0.         0.         0.         0.01075759 0.         0.         0.         0.         0.         0.01501505 0.         0.         0.         0.01619573 0.01440305 0.01039391 0.         0.         0.        ],[0. 0. 0. 0. 1. 0. 1. 0. 0. 0. 0. 0. 0. 0. 0. 1. 0. 0. 0. 0. 0. 1. 0. 0. 0. 1. 1. 1. 0. 0. 0.],7.0,10000,30,0.6,10,1,7,,problem_solving
8600,0.02128888860190654,0.010214791434138074,0.4,29.216667702950364,[0.         0.         0.         0.         0.92068614 0.         0.01254853 0.         0.         0.         0.         0.         0.         0.         0.         0.01075759 0.         0.         0.         0.         0.         0.01501505 0.         0.         0.         0.01619573 0.01440305 0.01039391 0.         0.         0.        ],[0. 0. 0. 0. 1. 0. 1. 0. 0. 0. 0. 0. 0. 0. 0. 1. 0. 0. 0. 0. 0. 1. 0. 0. 0. 1. 1. 1. 0. 0. 0.],7.0,10000,30,0.6,10,1,7,,problem_solving
8700,0.02128888860190654,0.010214791434138074,0.4,20.65944927049882,[0.         0.         0.         0.         0.92068614 0.         0.01254853 0.         0.         0.         0.         0.         0.         0.         0.         0.01075759 0.         0.         0.         0.         0.         0.01501505 0.         0.         0.         0.01619573 0.01440305 0.01039391 0.         0.         0.        ],[0. 0. 0. 0. 1. 0. 1. 0. 0. 0. 0. 0. 0. 0. 0. 1. 0. 0. 0. 0. 0. 1. 0. 0. 0. 1. 1. 1. 0. 0. 0.],7.0,10000,30,0.6,10,1,7,,problem_solving
8800,0.02128888860190654,0.010214791434138074,0.4,11.398953643372671,[0.         0.         0.         0.         0.92068614 0.         0.01254853 0.         0.         0.         0.         0.         0.         0.         0.         0.01075759 0.         0.         0.         0.         0.         0.01501505 0.         0.         0.         0.01619573 0.01440305 0.01039391 0.         0.         0.        ],[0. 0. 0. 0. 1. 0. 1. 0. 0. 0. 0. 0. 0. 0. 0. 1. 0. 0. 0. 0. 0. 1. 0. 0. 0. 1. 1. 1. 0. 0. 0.],7.0,10000,30,0.6,10,1,7,,problem_solving
8900,0.02128888860190654,0.010214791434138074,0.4,8.453515273587653,[0.         0.         0.         0.         0.92068614 0.         0.01254853 0.         0.         0.         0.         0.         0.         0.         0.         0.01075759 0.         0.         0.         0.         0.         0.01501505 0.         0.         0.         0.01619573 0.01440305 0.01039391 0.         0.         0.        ],[0. 0. 0. 0. 1. 0. 1. 0. 0. 0. 0. 0. 0. 0. 0. 1. 0. 0. 0. 0. 0. 1. 0. 0. 0. 1. 1. 1. 0. 0. 0.],7.0,10000,30,0.6,10,1,7,,problem_solving
9000,0.02128888860190654,0.010214791434138074,0.4,2.055131429727882,[0.         0.         0.         0.         0.92068614 0.         0.01254853 0.         0.         0.         0.         0.         0.         0.         0.         0.01075759 0.         0.         0.         0.         0.         0.01501505 0.         0.         0.         0.01619573 0.01440305 0.01039391 0.         0.         0.        ],[0. 0. 0. 0. 1. 0. 1. 0. 0. 0. 0. 0. 0. 0. 0. 1. 0. 0. 0. 0. 0. 1. 0. 0. 0. 1. 1. 1. 0. 0. 0.],7.0,10000,30,0.6,10,1,7,,problem_solving
9100,0.02128888860190654,0.010214791434138074,0.4,5.712786759595666,[0.         0.         0.         0.         0.92068614 0.         0.01254853 0.         0.         0.         0.         0.         0.         0.         0.         0.01075759 0.         0.         0.         0.         0.         0.01501505 0.         0.         0.         0.01619573 0.01440305 0.01039391 0.         0.         0.        ],[0. 0. 0. 0. 1. 0. 1. 0. 0. 0. 0. 0. 0. 0. 0. 1. 0. 0. 0. 0. 0. 1. 0. 0. 0. 1. 1. 1. 0. 0. 0.],7.0,10000,30,0.6,10,1,7,,problem_solving
9200,0.02128888860190654,0.010214791434138074,0.4,-7.839299711114791,[0.         0.         0.         0.         0.92068614 0.         0.01254853 0.         0.         0.         0.         0.         0.         0.         0.         0.01075759 0.         0.         0.         0.         0.         0.01501505 0.         0.         0.         0.01619573 0.01440305 0.01039391 0.         0.         0.        ],[0. 0. 0. 0. 1. 0. 1. 0. 0. 0. 0. 0. 0. 0. 0. 1. 0. 0. 0. 0. 0. 1. 0. 0. 0. 1. 1. 1. 0. 0. 0.],7.0,10000,30,0.6,10,1,7,,problem_solving
9300,0.02128888860190654,0.010214791434138074,0.4,-0.10430064234740384,[0.         0.         0.         0.         0.92068614 0.         0.01254853 0.         0.         0.         0.         0.         0.         0.         0.         0.01075759 0.         0.         0.         0.         0.         0.01501505 0.         0.         0.         0.01619573 0.01440305 0.01039391 0.         0.         0.        ],[0. 0. 0. 0. 1. 0. 1. 0. 0. 0. 0. 0. 0. 0. 0. 1. 0. 0. 0. 0. 0. 1. 0. 0. 0. 1. 1. 1. 0. 0. 0.],7.0,10000,30,0.6,10,1,7,,problem_solving
9400,0.02128888860190654,0.010214791434138074,0.4,-5.434551268902919,[0.         0.         0.         0.         0.92068614 0.         0.01254853 0.         0.         0.         0.         0.         0.         0.         0.         0.01075759 0.         0.         0.         0.         0.         0.01501505 0.         0.         0.         0.01619573 0.01440305 0.01039391 0.         0.         0.        ],[0. 0. 0. 0. 1. 0. 1. 0. 0. 0. 0. 0. 0. 0. 0. 1. 0. 0. 0. 0. 0. 1. 0. 0. 0. 1. 1. 1. 0. 0. 0.],7.0,10000,30,0.6,10,1,7,,problem_solving
9500,0.02128888860190654,0.010214791434138074,0.4,-0.006669717981309573,[0.         0.         0.         0.         0.92068614 0.         0.01254853 0.         0.         0.         0.         0.         0.         0.         0.         0.01075759 0.         0.         0.         0.         0.         0.01501505 0.         0.         0.         0.01619573 0.01440305 0.01039391 0.         0.         0.        ],[0. 0. 0. 0. 1. 0. 1. 0. 0. 0. 0. 0. 0. 0. 0. 1. 0. 0. 0. 0. 0. 1. 0. 0. 0. 1. 1. 1. 0. 0. 0.],7.0,10000,30,0.6,10,1,7,,problem_solving
9600,0.02128888860190654,0.010214791434138074,0.4,5.347617141900903,[0.         0.         0.         0.         0.92068614 0.         0.01254853 0.         0.         0.         0.         0.         0.         0.         0.         0.01075759 0.         0.         0.         0.         0.         0.01501505 0.         0.         0.         0.01619573 0.01440305 0.01039391 0.         0.         0.        ],[0. 0. 0. 0. 1. 0. 1. 0. 0. 0. 0. 0. 0. 0. 0. 1. 0. 0. 0. 0. 0. 1. 0. 0. 0. 1. 1. 1. 0. 0. 0.],7.0,10000,30,0.6,10,1,7,,problem_solving
9700,0.02128888860190654,0.010214791434138074,0.4,-9.2754958235492,[0.         0.         0.         0.         0.92068614 0.         0.01254853 0.         0.         0.         0.         0.         0.         0.         0.         0.01075759 0.         0.         0.         0.         0.         0.01501505 0.         0.         0.         0.01619573 0.01440305 0.01039391 0.         0.         0.        ],[0. 0. 0. 0. 1. 0. 1. 0. 0. 0. 0. 0. 0. 0. 0. 1. 0. 0. 0. 0. 0. 1. 0. 0. 0. 1. 1. 1. 0. 0. 0.],7.0,10000,30,0.6,10,1,7,,problem_solving
9800,0.02128888860190654,0.010214791434138074,0.4,-5.4027887278088516,[0.         0.         0.         0.         0.92068614 0.         0.01254853 0.         0.         0.         0.         0.         0.         0.         0.         0.01075759 0.         0.         0.         0.         0.         0.01501505 0.         0.         0.         0.01619573 0.01440305 0.01039391 0.         0.         0.        ],[0. 0. 0. 0. 1. 0. 1. 0. 0. 0. 0. 0. 0. 0. 0. 1. 0. 0. 0. 0. 0. 1. 0. 0. 0. 1. 1. 1. 0. 0. 0.],7.0,10000,30,0.6,10,1,7,,problem_solving
9900,0.02128888860190654,0.010214791434138074,0.4,-0.09947314502905225,[0.         0.         0.         0.         0.92068614 0.         0.01254853 0.         0.         0.         0.         0.         0.         0.         0.         0.01075759 0.         0.         0.         0.         0.         0.01501505 0.         0.         0.         0.01619573 0.01440305 0.01039391 0.         0.         0.        ],[0. 0. 0. 0. 1. 0. 1. 0. 0. 0. 0. 0. 0. 0. 0. 1. 0. 0. 0. 0. 0. 1. 0. 0. 0. 1. 1. 1. 0. 0. 0.],7.0,10000,30,0.6,10,1,7,,problem_solving
9999,0.02128888860190654,0.010214791434138074,0.4,-4.727008600665952,[0.         0.         0.         0.         0.92068614 0.         0.01254853 0.         0.         0.         0.         0.         0.         0.         0.         0.01075759 0.         0.         0.         0.         0.         0.01501505 0.         0.         0.         0.01619573 0.01440305 0.01039391 0.         0.         0.        ],[0. 0. 0. 0. 1. 0. 1. 0. 0. 0. 0. 0. 0. 0. 0. 1. 0. 0. 0. 0. 0. 1. 0. 0. 0. 1. 1. 1. 0. 0. 0.],7.0,10000,30,0.6,10,1,7,,problem_solving
