iter,cost,return,par,move,X,Z,Q,max_iter,mem_size,mem_consider,sigma,port_n,k,seed,tag
1,0.022274971739316776,0.004058487511693831,0.4,-5.271090495302469,[0.         0.         0.         0.         0.         0.02189487 0.         0.         0.         0.         0.         0.         0.         0.         0.         0.         0.         0.         0.         0.         0.         0.         0.         0.         0.         0.97810513 0.         0.         0.         0.         0.        ],[0. 0. 0. 0. 0. 1. 0. 0. 0. 0. 0. 0. 0. 0. 0. 0. 0. 0. 0. 0. 0. 0. 0. 0. 0. 1. 0. 0. 0. 0. 0.],2.0,10000,30,0.6,10,1,2,,problem_solving
100,0.012889261351320845,0.010507378250978982,0.4,-0.639709083506062,[0.         0.         0.         0.         0.         0.         0.         0.         0.         0.         0.         0.         0.         0.         0.         0.         0.         0.01359121 0.         0.         0.         0.         0.         0.         0.         0.98640879 0.         0.         0.         0.         0.        ],[0. 0. 0. 0. 0. 0. 0. 0. 0. 0. 0. 0. 0. 0. 0. 0. 0. 1. 0. 0. 0. 0. 0. 0. 0. 1. 0. 0. 0. 0. 0.],2.0,10000,30,0.6,10,1,2,,problem_solving
200,0.010143371953380406,0.004704833174248413,0.4,-18.321546409589068,[0.         0.         0.01333239 0.         0.         0.         0.         0.         0.         0.         0.         0.         0.         0.         0.         0.         0.         0.         0.         0.         0.         0.         0.         0.         0.         0.98666761 0.         0.         0.         0.         0.        ],[0. 0. 1. 0. 0. 0. 0. 0. 0. 0. 0. 0. 0. 0. 0. 0. 0. 0. 0. 0. 0. 0. 0. 0. 0. 1. 0. 0. 0. 0. 0.],2.0,10000,30,0.6,10,1,2,,problem_solving
300,0.009837265281017967,0.002535934061486681,0.4,27.6911527028808,[0.         0.         0.         0.         0.         0.         0.         0.         0.         0.         0.         0.         0.         0.         0.         0.         0.         0.         0.         0.         0.         0.         0.         0.         0.         0.98742369 0.         0.01257631 0.         0.         0.        ],[0. 0. 0. 0. 0. 0. 0. 0. 0. 0. 0. 0. 0. 0. 0. 0. 0. 0. 0. 0. 0. 0. 0. 0. 0. 1. 0. 1. 0. 0. 0.],2.0,10000,30,0.6,10,1,2,,problem_solving
400,0.009650930184932167,0.002862467731564423,0.4,-1.5372351857705038,[0.         0.         0.         0.         0.         0.         0.         0.         0.         0.         0.         0.         0.         0.         0.         0.         0.         0.         0.02041091 0.         0.         0.         0.         0.         0.         0.97958909 0.         0.         0.         0.         0.        ],[0. 0. 0. 0. 0. 0. 0. 0. 0. 0. 0. 0. 0. 0. 0. 0. 0. 0. 1. 0. 0. 0. 0. 0. 0. 1. 0. 0. 0. 0. 0.],2.0,10000,30,0.6,10,1,2,,problem_solving
500,0.009579433996718427,0.004611851200779225,0.4,14.965785232645882,[0.         0.         0.         0.         0.         0.         0.         0.         0.         0.         0.         0.         0.         0.         0.         0.         0.01462216 0.         0.         0.         0.         0.         0.         0.         0.         0.98537784 0.         0.         0.         0.         0.        ],[0. 0. 0. 0. 0. 0. 0. 0. 0. 0. 0. 0. 0. 0. 0. 0. 1. 0. 0. 0. 0. 0. 0. 0. 0. 1. 0. 0. 0. 0. 0.],2.0,10000,30,0.6,10,1,2,,problem_solving
600,0.009579433996718427,0.004611851200779225,0.4,-0.5998452681333798,[0.         0.         0.         0.         0.         0.         0.         0.         0.         0.         0.         0.         0.         0.         0.         0.         0.01462216 0.         0.         0.         0.         0.         0.         0.         0.         0.98537784 0.         0.         0.         0.         0.        ],[0. 0. 0. 0. 0. 0. 0. 0. 0. 0. 0. 0. 0. 0. 0. 0. 1. 0. 0. 0. 0. 0. 0. 0. 0. 1. 0. 0. 0. 0. 0.],2.0,10000,30,0.6,10,1,2,,problem_solving
700,0.009579433996718427,0.004611851200779225,0.4,-15.245244304139646,[0.         0.         0.         0.         0.         0.         0.         0.         0.         0.         0.         0.         0.         0.         0.         0.         0.01462216 0.         0.         0.         0.         0.         0.         0.         0.         0.98537784 0.         0.         0.         0.         0.        ],[0. 0. 0. 0. 0. 0. 0. 0. 0. 0. 0. 0. 0. 0. 0. 0. 1. 0. 0. 0. 0. 0. 0. 0. 0. 1. 0. 0. 0. 0. 0.],2.0,10000,30,0.6,10,1,2,,problem_solving
800,0.009579433996718427,0.004611851200779225,0.4,-12.40920614795508,[0.         0.         0.         0.         0.         0.         0.         0.         0.         0.         0.         0.         0.         0.         0.         0.         0.01462216 0.         0.         0.         0.         0.         0.         0.         0.         0.98537784 0.         0.         0.         0.         0.        ],[0. 0. 0. 0. 0. 0. 0. 0. 0. 0. 0. 0. 0. 0. 0. 0. 1. 0. 0. 0. 0. 0. 0. 0. 0. 1. 0. 0. 0. 0. 0.],2.0,10000,30,0.6,10,1,2,,problem_solving
900,0.006346580096730896,0.01052799757558947,0.4,7.409293169332662,[0.        0.        0.        0.        0.9604782 0.        0.        0.        0.        0.        0.        0.        0.        0.        0.        0.        0.        0.        0.        0.        0.        0.        0.        0.        0.        0.        0.        0.0395218 0.        0.        0.       ],[0. 0. 0. 0. 1. 0. 0. 0. 0. 0. 0. 0. 0. 0. 0. 0. 0. 0. 0. 0. 0. 0. 0. 0. 0. 0. 0. 1. 0. 0. 0.],2.0,10000,30,0.6,10,1,2,,problem_solving
1000,0.006346580096730896,0.01052799757558947,0.4,-2.1226953173240264,[0.        0.        0.        0.        0.9604782 0.        0.        0.        0.        0.        0.        0.        0.        0.        0.        0.        0.        0.        0.        0.        0.        0.        0.        0.        0.        0.        0.        0.0395218 0.        0.        0.       ],[0. 0. 0. 0. 1. 0. 0. 0. 0. 0. 0. 0. 0. 0. 0. 0. 0. 0. 0. 0. 0. 0. 0. 0. 0. 0. 0. 1. 0. 0. 0.],2.0,10000,30,0.6,10,1,2,,problem_solving
1100,0.00515354957820355,0.005034077299767777,0.4,-2.45900071762135,[0.         0.         0.         0.         0.01421425 0.         0.         0.98578575 0.         0.         0.         0.         0.         0.         0.         0.         0.         0.         0.         0.         0.         0.         0.         0.         0.         0.         0.         0.         0.         0.         0.        ],[0. 0. 0. 0. 1. 0. 0. 1. 0. 0. 0. 0. 0. 0. 0. 0. 0. 0. 0. 0. 0. 0. 0. 0. 0. 0. 0. 0. 0. 0. 0.],2.0,10000,30,0.6,10,1,2,,problem_solving
1200,0.00515354957820355,0.005034077299767777,0.4,-12.32557021513103,[0.         0.         0.         0.         0.01421425 0.         0.         0.98578575 0.         0.         0.         0.         0.         0.         0.         0.         0.         0.         0.         0.         0.         0.         0.         0.         0.         0.         0.         0.         0.         0.         0.        ],[0. 0. 0. 0. 1. 0. 0. 1. 0. 0. 0. 0. 0. 0. 0. 0. 0. 0. 0. 0. 0. 0. 0. 0. 0. 0. 0. 0. 0. 0. 0.],2.0,10000,30,0.6,10,1,2,,problem_solving
1300,0.00515354957820355,0.005034077299767777,0.4,-0.39850692737888155,[0.         0.         0.         0.         0.01421425 0.         0.         0.98578575 0.         0.         0.         0.         0.         0.         0.         0.         0.         0.         0.         0.         0.         0.         0.         0.         0.         0.         0.         0.         0.         0.         0.        ],[0. 0. 0. 0. 1. 0. 0. 1. 0. 0. 0. 0. 0. 0. 0. 0. 0. 0. 0. 0. 0. 0. 0. 0. 0. 0. 0. 0. 0. 0. 0.],2.0,10000,30,0.6,10,1,2,,problem_solving
1400,0.00515354957820355,0.005034077299767777,0.4,5.32442172175095,[0.         0.         0.         0.         0.01421425 0.         0.         0.98578575 0.         0.         0.         0.         0.         0.         0.         0.         0.         0.         0.         0.         0.         0.         0.         0.         0.         0.         0.         0.         0.         0.         0.        ],[0. 0. 0. 0. 1. 0. 0. 1. 0. 0. 0. 0. 0. 0. 0. 0. 0. 0. 0. 0. 0. 0. 0. 0. 0. 0. 0. 0. 0. 0. 0.],2.0,10000,30,0.6,10,1,2,,problem_solving
1500,0.00515354957820355,0.005034077299767777,0.4,-8.362110093742643,[0.         0.         0.         0.         0.01421425 0.         0.         0.98578575 0.         0.         0.         0.         0.         0.         0.         0.         0.         0.         0.         0.         0.         0.         0.         0.         0.         0.         0.         0.         0.         0.         0.        ],[0. 0. 0. 0. 1. 0. 0. 1. 0. 0. 0. 0. 0. 0. 0. 0. 0. 0. 0. 0. 0. 0. 0. 0. 0. 0. 0. 0. 0. 0. 0.],2.0,10000,30,0.6,10,1,2,,problem_solving
1600,0.00515354957820355,0.005034077299767777,0.4,8.896997605543977,[0.         0.         0.         0.         0.01421425 0.         0.         0.98578575 0.         0.         0.         0.         0.         0.         0.         0.         0.         0.         0.         0.         0.         0.         0.         0.         0.         0.         0.         0.         0.         0.         0.        ],[0. 0. 0. 0. 1. 0. 0. 1. 0. 0. 0. 0. 0. 0. 0. 0. 0. 0. 0. 0. 0. 0. 0. 0. 0. 0. 0. 0. 0. 0. 0.],2.0,10000,30,0.6,10,1,2,,problem_solving
1700,0.00515354957820355,0.005034077299767777,0.4,-3.8716961434123713,[0.         0.         0.         0.         0.01421425 0.         0.         0.98578575 0.         0.         0.         0.         0.         0.         0.         0.         0.         0.         0.         0.         0.         0.         0.         0.         0.         0.         0.         0.         0.         0.         0.        ],[0. 0. 0. 0. 1. 0. 0. 1. 0. 0. 0. 0. 0. 0. 0. 0. 0. 0. 0. 0. 0. 0. 0. 0. 0. 0. 0. 0. 0. 0. 0.],2.0,10000,30,0.6,10,1,2,,problem_solving
1800,0.00515354957820355,0.005034077299767777,0.4,-1.439218810694253,[0.         0.         0.         0.         0.01421425 0.         0.         0.98578575 0.         0.         0.         0.         0.         0.         0.         0.         0.         0.         0.         0.         0.         0.         0.         0.         0.         0.         0.         0.         0.         0.         0.        ],[0. 0. 0. 0. 1. 0. 0. 1. 0. 0. 0. 0. 0. 0. 0. 0. 0. 0. 0. 0. 0. 0. 0. 0. 0. 0. 0. 0. 0. 0. 0.],2.0,10000,30,0.6,10,1,2,,problem_solving
1900,0.00515354957820355,0.005034077299767777,0.4,-3.26545482307918,[0.         0.         0.         0.         0.01421425 0.         0.         0.98578575 0.         0.         0.         0.         0.         0.         0.         0.         0.         0.         0.         0.         0.         0.         0.         0.         0.         0.         0.         0.         0.         0.         0.        ],[0. 0. 0. 0. 1. 0. 0. 1. 0. 0. 0. 0. 0. 0. 0. 0. 0. 0. 0. 0. 0. 0. 0. 0. 0. 0. 0. 0. 0. 0. 0.],2.0,10000,30,0.6,10,1,2,,problem_solving
2000,0.00515354957820355,0.005034077299767777,0.4,4.693146069777619,[0.         0.         0.         0.         0.01421425 0.         0.         0.98578575 0.         0.         0.         0.         0.         0.         0.         0.         0.         0.         0.         0.         0.         0.         0.         0.         0.         0.         0.         0.         0.         0.         0.        ],[0. 0. 0. 0. 1. 0. 0. 1. 0. 0. 0. 0. 0. 0. 0. 0. 0. 0. 0. 0. 0. 0. 0. 0. 0. 0. 0. 0. 0. 0. 0.],2.0,10000,30,0.6,10,1,2,,problem_solving
2100,0.00515354957820355,0.005034077299767777,0.4,-23.527347968730435,[0.         0.         0.         0.         0.01421425 0.         0.         0.98578575 0.         0.         0.         0.         0.         0.         0.         0.         0.         0.         0.         0.         0.         0.         0.         0.         0.         0.         0.         0.         0.         0.         0.        ],[0. 0. 0. 0. 1. 0. 0. 1. 0. 0. 0. 0. 0. 0. 0. 0. 0. 0. 0. 0. 0. 0. 0. 0. 0. 0. 0. 0. 0. 0. 0.],2.0,10000,30,0.6,10,1,2,,problem_solving
2200,0.00515354957820355,0.005034077299767777,0.4,-17.576848557450152,[0.         0.         0.         0.         0.01421425 0.         0.         0.98578575 0.         0.         0.         0.         0.         0.         0.         0.         0.         0.         0.         0.         0.         0.         0.         0.         0.         0.         0.         0.         0.         0.         0.        ],[0. 0. 0. 0. 1. 0. 0. 1. 0. 0. 0. 0. 0. 0. 0. 0. 0. 0. 0. 0. 0. 0. 0. 0. 0. 0. 0. 0. 0. 0. 0.],2.0,10000,30,0.6,10,1,2,,problem_solving
2300,0.00515354957820355,0.005034077299767777,0.4,-8.612016540952832,[0.         0.         0.         0.         0.01421425 0.         0.         0.98578575 0.         0.         0.         0.         0.         0.         0.         0.         0.         0.         0.         0.         0.         0.         0.         0.         0.         0.         0.         0.         0.         0.         0.        ],[0. 0. 0. 0. 1. 0. 0. 1. 0. 0. 0. 0. 0. 0. 0. 0. 0. 0. 0. 0. 0. 0. 0. 0. 0. 0. 0. 0. 0. 0. 0.],2.0,10000,30,0.6,10,1,2,,problem_solving
2400,0.00515354957820355,0.005034077299767777,0.4,-0.9461633639226903,[0.         0.         0.         0.         0.01421425 0.         0.         0.98578575 0.         0.         0.         0.         0.         0.         0.         0.         0.         0.         0.         0.         0.         0.         0.         0.         0.         0.         0.         0.         0.         0.         0.        ],[0. 0. 0. 0. 1. 0. 0. 1. 0. 0. 0. 0. 0. 0. 0. 0. 0. 0. 0. 0. 0. 0. 0. 0. 0. 0. 0. 0. 0. 0. 0.],2.0,10000,30,0.6,10,1,2,,problem_solving
2500,0.00515354957820355,0.005034077299767777,0.4,-3.451791818311398,[0.         0.         0.         0.         0.01421425 0.         0.         0.98578575 0.         0.         0.         0.         0.         0.         0.         0.         0.         0.         0.         0.         0.         0.         0.         0.         0.         0.         0.         0.         0.         0.         0.        ],[0. 0. 0. 0. 1. 0. 0. 1. 0. 0. 0. 0. 0. 0. 0. 0. 0. 0. 0. 0. 0. 0. 0. 0. 0. 0. 0. 0. 0. 0. 0.],2.0,10000,30,0.6,10,1,2,,problem_solving
2600,0.00515354957820355,0.005034077299767777,0.4,-2.7990487568405493,[0.         0.         0.         0.         0.01421425 0.         0.         0.98578575 0.         0.         0.         0.         0.         0.         0.         0.         0.         0.         0.         0.         0.         0.         0.         0.         0.         0.         0.         0.         0.         0.         0.        ],[0. 0. 0. 0. 1. 0. 0. 1. 0. 0. 0. 0. 0. 0. 0. 0. 0. 0. 0. 0. 0. 0. 0. 0. 0. 0. 0. 0. 0. 0. 0.],2.0,10000,30,0.6,10,1,2,,problem_solving
2700,0.0038182376800895332,0.004801068834048673,0.4,5.0271625253550365,[0.         0.         0.         0.         0.         0.         0.         0.         0.         0.         0.         0.         0.         0.         0.         0.         0.         0.         0.01610546 0.         0.         0.         0.         0.         0.         0.98389454 0.         0.         0.         0.         0.        ],[0. 0. 0. 0. 0. 0. 0. 0. 0. 0. 0. 0. 0. 0. 0. 0. 0. 0. 1. 0. 0. 0. 0. 0. 0. 1. 0. 0. 0. 0. 0.],2.0,10000,30,0.6,10,1,2,,problem_solving
2800,0.0038182376800895332,0.004801068834048673,0.4,-10.254461608406903,[0.         0.         0.         0.         0.         0.         0.         0.         0.         0.         0.         0.         0.         0.         0.         0.         0.         0.         0.01610546 0.         0.         0.         0.         0.         0.         0.98389454 0.         0.         0.         0.         0.        ],[0. 0. 0. 0. 0. 0. 0. 0. 0. 0. 0. 0. 0. 0. 0. 0. 0. 0. 1. 0. 0. 0. 0. 0. 0. 1. 0. 0. 0. 0. 0.],2.0,10000,30,0.6,10,1,2,,problem_solving
2900,0.0038182376800895332,0.004801068834048673,0.4,5.045455759912523,[0.         0.         0.         0.         0.         0.         0.         0.         0.         0.         0.         0.         0.         0.         0.         0.         0.         0.         0.01610546 0.         0.         0.         0.         0.         0.         0.98389454 0.         0.         0.         0.         0.        ],[0. 0. 0. 0. 0. 0. 0. 0. 0. 0. 0. 0. 0. 0. 0. 0. 0. 0. 1. 0. 0. 0. 0. 0. 0. 1. 0. 0. 0. 0. 0.],2.0,10000,30,0.6,10,1,2,,problem_solving
3000,0.0038182376800895332,0.004801068834048673,0.4,-6.182741498898274,[0.         0.         0.         0.         0.         0.         0.         0.         0.         0.         0.         0.         0.         0.         0.         0.         0.         0.         0.01610546 0.         0.         0.         0.         0.         0.         0.98389454 0.         0.         0.         0.         0.        ],[0. 0. 0. 0. 0. 0. 0. 0. 0. 0. 0. 0. 0. 0. 0. 0. 0. 0. 1. 0. 0. 0. 0. 0. 0. 1. 0. 0. 0. 0. 0.],2.0,10000,30,0.6,10,1,2,,problem_solving
3100,0.0038182376800895332,0.004801068834048673,0.4,-15.368731008725751,[0.         0.         0.         0.         0.         0.         0.         0.         0.         0.         0.         0.         0.         0.         0.         0.         0.         0.         0.01610546 0.         0.         0.         0.         0.         0.         0.98389454 0.         0.         0.         0.         0.        ],[0. 0. 0. 0. 0. 0. 0. 0. 0. 0. 0. 0. 0. 0. 0. 0. 0. 0. 1. 0. 0. 0. 0. 0. 0. 1. 0. 0. 0. 0. 0.],2.0,10000,30,0.6,10,1,2,,problem_solving
3200,0.0038182376800895332,0.004801068834048673,0.4,-23.188999049177426,[0.         0.         0.         0.         0.         0.         0.         0.         0.         0.         0.         0.         0.         0.         0.         0.         0.         0.         0.01610546 0.         0.         0.         0.         0.         0.         0.98389454 0.         0.         0.         0.         0.        ],[0. 0. 0. 0. 0. 0. 0. 0. 0. 0. 0. 0. 0. 0. 0. 0. 0. 0. 1. 0. 0. 0. 0. 0. 0. 1. 0. 0. 0. 0. 0.],2.0,10000,30,0.6,10,1,2,,problem_solving
3300,0.0038182376800895332,0.004801068834048673,0.4,5.502246521992698,[0.         0.         0.         0.         0.         0.         0.         0.         0.         0.         0.         0.         0.         0.         0.         0.         0.         0.         0.01610546 0.         0.         0.         0.         0.         0.         0.98389454 0.         0.         0.         0.         0.        ],[0. 0. 0. 0. 0. 0. 0. 0. 0. 0. 0. 0. 0. 0. 0. 0. 0. 0. 1. 0. 0. 0. 0. 0. 0. 1. 0. 0. 0. 0. 0.],2.0,10000,30,0.6,10,1,2,,problem_solving
3400,0.003239097912177785,0.004907920678777609,0.4,2.778053670110834,[0.         0.         0.         0.         0.01892633 0.         0.         0.         0.         0.         0.         0.         0.         0.         0.         0.         0.         0.         0.         0.         0.         0.         0.         0.         0.         0.98107367 0.         0.         0.         0.         0.        ],[0. 0. 0. 0. 1. 0. 0. 0. 0. 0. 0. 0. 0. 0. 0. 0. 0. 0. 0. 0. 0. 0. 0. 0. 0. 1. 0. 0. 0. 0. 0.],2.0,10000,30,0.6,10,1,2,,problem_solving
3500,0.003239097912177785,0.004907920678777609,0.4,2.3908175580166464,[0.         0.         0.         0.         0.01892633 0.         0.         0.         0.         0.         0.         0.         0.         0.         0.         0.         0.         0.         0.         0.         0.         0.         0.         0.         0.         0.98107367 0.         0.         0.         0.         0.        ],[0. 0. 0. 0. 1. 0. 0. 0. 0. 0. 0. 0. 0. 0. 0. 0. 0. 0. 0. 0. 0. 0. 0. 0. 0. 1. 0. 0. 0. 0. 0.],2.0,10000,30,0.6,10,1,2,,problem_solving
3600,0.003239097912177785,0.004907920678777609,0.4,-3.2123434943691582,[0.         0.         0.         0.         0.01892633 0.         0.         0.         0.         0.         0.         0.         0.         0.         0.         0.         0.         0.         0.         0.         0.         0.         0.         0.         0.         0.98107367 0.         0.         0.         0.         0.        ],[0. 0. 0. 0. 1. 0. 0. 0. 0. 0. 0. 0. 0. 0. 0. 0. 0. 0. 0. 0. 0. 0. 0. 0. 0. 1. 0. 0. 0. 0. 0.],2.0,10000,30,0.6,10,1,2,,problem_solving
3700,0.003239097912177785,0.004907920678777609,0.4,-3.4855789433068844,[0.         0.         0.         0.         0.01892633 0.         0.         0.         0.         0.         0.         0.         0.         0.         0.         0.         0.         0.         0.         0.         0.         0.         0.         0.         0.         0.98107367 0.         0.         0.         0.         0.        ],[0. 0. 0. 0. 1. 0. 0. 0. 0. 0. 0. 0. 0. 0. 0. 0. 0. 0. 0. 0. 0. 0. 0. 0. 0. 1. 0. 0. 0. 0. 0.],2.0,10000,30,0.6,10,1,2,,problem_solving
3800,0.003239097912177785,0.004907920678777609,0.4,7.182306674397321,[0.         0.         0.         0.         0.01892633 0.         0.         0.         0.         0.         0.         0.         0.         0.         0.         0.         0.         0.         0.         0.         0.         0.         0.         0.         0.         0.98107367 0.         0.         0.         0.         0.        ],[0. 0. 0. 0. 1. 0. 0. 0. 0. 0. 0. 0. 0. 0. 0. 0. 0. 0. 0. 0. 0. 0. 0. 0. 0. 1. 0. 0. 0. 0. 0.],2.0,10000,30,0.6,10,1,2,,problem_solving
3900,0.003239097912177785,0.004907920678777609,0.4,0.44808248712403104,[0.         0.         0.         0.         0.01892633 0.         0.         0.         0.         0.         0.         0.         0.         0.         0.         0.         0.         0.         0.         0.         0.         0.         0.         0.         0.         0.98107367 0.         0.         0.         0.         0.        ],[0. 0. 0. 0. 1. 0. 0. 0. 0. 0. 0. 0. 0. 0. 0. 0. 0. 0. 0. 0. 0. 0. 0. 0. 0. 1. 0. 0. 0. 0. 0.],2.0,10000,30,0.6,10,1,2,,problem_solving
4000,0.003239097912177785,0.004907920678777609,0.4,-8.784376176310772,[0.         0.         0.         0.         0.01892633 0.         0.         0.         0.         0.         0.         0.         0.         0.         0.         0.         0.         0.         0.         0.         0.         0.         0.         0.         0.         0.98107367 0.         0.         0.         0.         0.        ],[0. 0. 0. 0. 1. 0. 0. 0. 0. 0. 0. 0. 0. 0. 0. 0. 0. 0. 0. 0. 0. 0. 0. 0. 0. 1. 0. 0. 0. 0. 0.],2.0,10000,30,0.6,10,1,2,,problem_solving
4100,0.003239097912177785,0.004907920678777609,0.4,-8.416667689678727,[0.         0.         0.         0.         0.01892633 0.         0.         0.         0.         0.         0.         0.         0.         0.         0.         0.         0.         0.         0.         0.         0.         0.         0.         0.         0.         0.98107367 0.         0.         0.         0.         0.        ],[0. 0. 0. 0. 1. 0. 0. 0. 0. 0. 0. 0. 0. 0. 0. 0. 0. 0. 0. 0. 0. 0. 0. 0. 0. 1. 0. 0. 0. 0. 0.],2.0,10000,30,0.6,10,1,2,,problem_solving
4200,0.003239097912177785,0.004907920678777609,0.4,-8.95409461238233,[0.         0.         0.         0.         0.01892633 0.         0.         0.         0.         0.         0.         0.         0.         0.         0.         0.         0.         0.         0.         0.         0.         0.         0.         0.         0.         0.98107367 0.         0.         0.         0.         0.        ],[0. 0. 0. 0. 1. 0. 0. 0. 0. 0. 0. 0. 0. 0. 0. 0. 0. 0. 0. 0. 0. 0. 0. 0. 0. 1. 0. 0. 0. 0. 0.],2.0,10000,30,0.6,10,1,2,,problem_solving
4300,0.003239097912177785,0.004907920678777609,0.4,-9.840604526678902,[0.         0.         0.         0.         0.01892633 0.         0.         0.         0.         0.         0.         0.         0.         0.         0.         0.         0.         0.         0.         0.         0.         0.         0.         0.         0.         0.98107367 0.         0.         0.         0.         0.        ],[0. 0. 0. 0. 1. 0. 0. 0. 0. 0. 0. 0. 0. 0. 0. 0. 0. 0. 0. 0. 0. 0. 0. 0. 0. 1. 0. 0. 0. 0. 0.],2.0,10000,30,0.6,10,1,2,,problem_solving
4400,0.003239097912177785,0.004907920678777609,0.4,12.59301588906485,[0.         0.         0.         0.         0.01892633 0.         0.         0.         0.         0.         0.         0.         0.         0.         0.         0.         0.         0.         0.         0.         0.         0.         0.         0.         0.         0.98107367 0.         0.         0.         0.         0.        ],[0. 0. 0. 0. 1. 0. 0. 0. 0. 0. 0. 0. 0. 0. 0. 0. 0. 0. 0. 0. 0. 0. 0. 0. 0. 1. 0. 0. 0. 0. 0.],2.0,10000,30,0.6,10,1,2,,problem_solving
4500,0.003239097912177785,0.004907920678777609,0.4,-3.1856740721730774,[0.         0.         0.         0.         0.01892633 0.         0.         0.         0.         0.         0.         0.         0.         0.         0.         0.         0.         0.         0.         0.         0.         0.         0.         0.         0.         0.98107367 0.         0.         0.         0.         0.        ],[0. 0. 0. 0. 1. 0. 0. 0. 0. 0. 0. 0. 0. 0. 0. 0. 0. 0. 0. 0. 0. 0. 0. 0. 0. 1. 0. 0. 0. 0. 0.],2.0,10000,30,0.6,10,1,2,,problem_solving
4600,0.003239097912177785,0.004907920678777609,0.4,-3.2740285236863267,[0.         0.         0.         0.         0.01892633 0.         0.         0.         0.         0.         0.         0.         0.         0.         0.         0.         0.         0.         0.         0.         0.         0.         0.         0.         0.         0.98107367 0.         0.         0.         0.         0.        ],[0. 0. 0. 0. 1. 0. 0. 0. 0. 0. 0. 0. 0. 0. 0. 0. 0. 0. 0. 0. 0. 0. 0. 0. 0. 1. 0. 0. 0. 0. 0.],2.0,10000,30,0.6,10,1,2,,problem_solving
4700,0.003239097912177785,0.004907920678777609,0.4,-3.4866985299983204,[0.         0.         0.         0.         0.01892633 0.         0.         0.         0.         0.         0.         0.         0.         0.         0.         0.         0.         0.         0.         0.         0.         0.         0.         0.         0.         0.98107367 0.         0.         0.         0.         0.        ],[0. 0. 0. 0. 1. 0. 0. 0. 0. 0. 0. 0. 0. 0. 0. 0. 0. 0. 0. 0. 0. 0. 0. 0. 0. 1. 0. 0. 0. 0. 0.],2.0,10000,30,0.6,10,1,2,,problem_solving
4800,0.003239097912177785,0.004907920678777609,0.4,7.226001663367448,[0.         0.         0.         0.         0.01892633 0.         0.         0.         0.         0.         0.         0.         0.         0.         0.         0.         0.         0.         0.         0.         0.         0.         0.         0.         0.         0.98107367 0.         0.         0.         0.         0.        ],[0. 0. 0. 0. 1. 0. 0. 0. 0. 0. 0. 0. 0. 0. 0. 0. 0. 0. 0. 0. 0. 0. 0. 0. 0. 1. 0. 0. 0. 0. 0.],2.0,10000,30,0.6,10,1,2,,problem_solving
4900,0.003239097912177785,0.004907920678777609,0.4,15.95069796353837,[0.         0.         0.         0.         0.01892633 0.         0.         0.         0.         0.         0.         0.         0.         0.         0.         0.         0.         0.         0.         0.         0.         0.         0.         0.         0.         0.98107367 0.         0.         0.         0.         0.        ],[0. 0. 0. 0. 1. 0. 0. 0. 0. 0. 0. 0. 0. 0. 0. 0. 0. 0. 0. 0. 0. 0. 0. 0. 0. 1. 0. 0. 0. 0. 0.],2.0,10000,30,0.6,10,1,2,,problem_solving
5000,0.003239097912177785,0.004907920678777609,0.4,-5.033062772879717,[0.         0.         0.         0.         0.01892633 0.         0.         0.         0.         0.         0.         0.         0.         0.         0.         0.         0.         0.         0.         0.         0.         0.         0.         0.         0.         0.98107367 0.         0.         0.         0.         0.        ],[0. 0. 0. 0. 1. 0. 0. 0. 0. 0. 0. 0. 0. 0. 0. 0. 0. 0. 0. 0. 0. 0. 0. 0. 0. 1. 0. 0. 0. 0. 0.],2.0,10000,30,0.6,10,1,2,,problem_solving
5100,0.003239097912177785,0.004907920678777609,0.4,-12.646592936702046,[0.         0.         0.         0.         0.01892633 0.         0.         0.         0.         0.         0.         0.         0.         0.         0.         0.         0.         0.         0.         0.         0.         0.         0.         0.         0.         0.98107367 0.         0.         0.         0.         0.        ],[0. 0. 0. 0. 1. 0. 0. 0. 0. 0. 0. 0. 0. 0. 0. 0. 0. 0. 0. 0. 0. 0. 0. 0. 0. 1. 0. 0. 0. 0. 0.],2.0,10000,30,0.6,10,1,2,,problem_solving
5200,0.003239097912177785,0.004907920678777609,0.4,-9.614272044830534,[0.         0.         0.         0.         0.01892633 0.         0.         0.         0.         0.         0.         0.         0.         0.         0.         0.         0.         0.         0.         0.         0.         0.         0.         0.         0.         0.98107367 0.         0.         0.         0.         0.        ],[0. 0. 0. 0. 1. 0. 0. 0. 0. 0. 0. 0. 0. 0. 0. 0. 0. 0. 0. 0. 0. 0. 0. 0. 0. 1. 0. 0. 0. 0. 0.],2.0,10000,30,0.6,10,1,2,,problem_solving
5300,0.003239097912177785,0.004907920678777609,0.4,3.6458639116958387,[0.         0.         0.         0.         0.01892633 0.         0.         0.         0.         0.         0.         0.         0.         0.         0.         0.         0.         0.         0.         0.         0.         0.         0.         0.         0.         0.98107367 0.         0.         0.         0.         0.        ],[0. 0. 0. 0. 1. 0. 0. 0. 0. 0. 0. 0. 0. 0. 0. 0. 0. 0. 0. 0. 0. 0. 0. 0. 0. 1. 0. 0. 0. 0. 0.],2.0,10000,30,0.6,10,1,2,,problem_solving
5400,0.003239097912177785,0.004907920678777609,0.4,15.798885983776632,[0.         0.         0.         0.         0.01892633 0.         0.         0.         0.         0.         0.         0.         0.         0.         0.         0.         0.         0.         0.         0.         0.         0.         0.         0.         0.         0.98107367 0.         0.         0.         0.         0.        ],[0. 0. 0. 0. 1. 0. 0. 0. 0. 0. 0. 0. 0. 0. 0. 0. 0. 0. 0. 0. 0. 0. 0. 0. 0. 1. 0. 0. 0. 0. 0.],2.0,10000,30,0.6,10,1,2,,problem_solving
5500,0.003239097912177785,0.004907920678777609,0.4,27.495822712490753,[0.         0.         0.         0.         0.01892633 0.         0.         0.         0.         0.         0.         0.         0.         0.         0.         0.         0.         0.         0.         0.         0.         0.         0.         0.         0.         0.98107367 0.         0.         0.         0.         0.        ],[0. 0. 0. 0. 1. 0. 0. 0. 0. 0. 0. 0. 0. 0. 0. 0. 0. 0. 0. 0. 0. 0. 0. 0. 0. 1. 0. 0. 0. 0. 0.],2.0,10000,30,0.6,10,1,2,,problem_solving
5600,0.003239097912177785,0.004907920678777609,0.4,-11.266250816881138,[0.         0.         0.         0.         0.01892633 0.         0.         0.         0.         0.         0.         0.         0.         0.         0.         0.         0.         0.         0.         0.         0.         0.         0.         0.         0.         0.98107367 0.         0.         0.         0.         0.        ],[0. 0. 0. 0. 1. 0. 0. 0. 0. 0. 0. 0. 0. 0. 0. 0. 0. 0. 0. 0. 0. 0. 0. 0. 0. 1. 0. 0. 0. 0. 0.],2.0,10000,30,0.6,10,1,2,,problem_solving
5700,0.003239097912177785,0.004907920678777609,0.4,4.9509603747948825,[0.         0.         0.         0.         0.01892633 0.         0.         0.         0.         0.         0.         0.         0.         0.         0.         0.         0.         0.         0.         0.         0.         0.         0.         0.         0.         0.98107367 0.         0.         0.         0.         0.        ],[0. 0. 0. 0. 1. 0. 0. 0. 0. 0. 0. 0. 0. 0. 0. 0. 0. 0. 0. 0. 0. 0. 0. 0. 0. 1. 0. 0. 0. 0. 0.],2.0,10000,30,0.6,10,1,2,,problem_solving
5800,0.003239097912177785,0.004907920678777609,0.4,-0.6230947126489508,[0.         0.         0.         0.         0.01892633 0.         0.         0.         0.         0.         0.         0.         0.         0.         0.         0.         0.         0.         0.         0.         0.         0.         0.         0.         0.         0.98107367 0.         0.         0.         0.         0.        ],[0. 0. 0. 0. 1. 0. 0. 0. 0. 0. 0. 0. 0. 0. 0. 0. 0. 0. 0. 0. 0. 0. 0. 0. 0. 1. 0. 0. 0. 0. 0.],2.0,10000,30,0.6,10,1,2,,problem_solving
5900,0.003239097912177785,0.004907920678777609,0.4,6.784412848307866,[0.         0.         0.         0.         0.01892633 0.         0.         0.         0.         0.         0.         0.         0.         0.         0.         0.         0.         0.         0.         0.         0.         0.         0.         0.         0.         0.98107367 0.         0.         0.         0.         0.        ],[0. 0. 0. 0. 1. 0. 0. 0. 0. 0. 0. 0. 0. 0. 0. 0. 0. 0. 0. 0. 0. 0. 0. 0. 0. 1. 0. 0. 0. 0. 0.],2.0,10000,30,0.6,10,1,2,,problem_solving
6000,0.003239097912177785,0.004907920678777609,0.4,8.68426824910909,[0.         0.         0.         0.         0.01892633 0.         0.         0.         0.         0.         0.         0.         0.         0.         0.         0.         0.         0.         0.         0.         0.         0.         0.         0.         0.         0.98107367 0.         0.         0.         0.         0.        ],[0. 0. 0. 0. 1. 0. 0. 0. 0. 0. 0. 0. 0. 0. 0. 0. 0. 0. 0. 0. 0. 0. 0. 0. 0. 1. 0. 0. 0. 0. 0.],2.0,10000,30,0.6,10,1,2,,problem_solving
6100,0.003239097912177785,0.004907920678777609,0.4,12.81547241093407,[0.         0.         0.         0.         0.01892633 0.         0.         0.         0.         0.         0.         0.         0.         0.         0.         0.         0.         0.         0.         0.         0.         0.         0.         0.         0.         0.98107367 0.         0.         0.         0.         0.        ],[0. 0. 0. 0. 1. 0. 0. 0. 0. 0. 0. 0. 0. 0. 0. 0. 0. 0. 0. 0. 0. 0. 0. 0. 0. 1. 0. 0. 0. 0. 0.],2.0,10000,30,0.6,10,1,2,,problem_solving
6200,0.003239097912177785,0.004907920678777609,0.4,6.366444128789758,[0.         0.         0.         0.         0.01892633 0.         0.         0.         0.         0.         0.         0.         0.         0.         0.         0.         0.         0.         0.         0.         0.         0.         0.         0.         0.         0.98107367 0.         0.         0.         0.         0.        ],[0. 0. 0. 0. 1. 0. 0. 0. 0. 0. 0. 0. 0. 0. 0. 0. 0. 0. 0. 0. 0. 0. 0. 0. 0. 1. 0. 0. 0. 0. 0.],2.0,10000,30,0.6,10,1,2,,problem_solving
6300,0.003239097912177785,0.004907920678777609,0.4,1.2853255547271165,[0.         0.         0.         0.         0.01892633 0.         0.         0.         0.         0.         0.         0.         0.         0.         0.         0.         0.         0.         0.         0.         0.         0.         0.         0.         0.         0.98107367 0.         0.         0.         0.         0.        ],[0. 0. 0. 0. 1. 0. 0. 0. 0. 0. 0. 0. 0. 0. 0. 0. 0. 0. 0. 0. 0. 0. 0. 0. 0. 1. 0. 0. 0. 0. 0.],2.0,10000,30,0.6,10,1,2,,problem_solving
6400,0.003239097912177785,0.004907920678777609,0.4,2.3635545659287116,[0.         0.         0.         0.         0.01892633 0.         0.         0.         0.         0.         0.         0.         0.         0.         0.         0.         0.         0.         0.         0.         0.         0.         0.         0.         0.         0.98107367 0.         0.         0.         0.         0.        ],[0. 0. 0. 0. 1. 0. 0. 0. 0. 0. 0. 0. 0. 0. 0. 0. 0. 0. 0. 0. 0. 0. 0. 0. 0. 1. 0. 0. 0. 0. 0.],2.0,10000,30,0.6,10,1,2,,problem_solving
6500,0.003239097912177785,0.004907920678777609,0.4,-6.346625476723858,[0.         0.         0.         0.         0.01892633 0.         0.         0.         0.         0.         0.         0.         0.         0.         0.         0.         0.         0.         0.         0.         0.         0.         0.         0.         0.         0.98107367 0.         0.         0.         0.         0.        ],[0. 0. 0. 0. 1. 0. 0. 0. 0. 0. 0. 0. 0. 0. 0. 0. 0. 0. 0. 0. 0. 0. 0. 0. 0. 1. 0. 0. 0. 0. 0.],2.0,10000,30,0.6,10,1,2,,problem_solving
6600,0.003239097912177785,0.004907920678777609,0.4,-1.869004299198512,[0.         0.         0.         0.         0.01892633 0.         0.         0.         0.         0.         0.         0.         0.         0.         0.         0.         0.         0.         0.         0.         0.         0.         0.         0.         0.         0.98107367 0.         0.         0.         0.         0.        ],[0. 0. 0. 0. 1. 0. 0. 0. 0. 0. 0. 0. 0. 0. 0. 0. 0. 0. 0. 0. 0. 0. 0. 0. 0. 1. 0. 0. 0. 0. 0.],2.0,10000,30,0.6,10,1,2,,problem_solving
6700,0.003239097912177785,0.004907920678777609,0.4,16.249139254334832,[0.         0.         0.         0.         0.01892633 0.         0.         0.         0.         0.         0.         0.         0.         0.         0.         0.         0.         0.         0.         0.         0.         0.         0.         0.         0.         0.98107367 0.         0.         0.         0.         0.        ],[0. 0. 0. 0. 1. 0. 0. 0. 0. 0. 0. 0. 0. 0. 0. 0. 0. 0. 0. 0. 0. 0. 0. 0. 0. 1. 0. 0. 0. 0. 0.],2.0,10000,30,0.6,10,1,2,,problem_solving
6800,0.003239097912177785,0.004907920678777609,0.4,-6.525062787626869,[0.         0.         0.         0.         0.01892633 0.         0.         0.         0.         0.         0.         0.         0.         0.         0.         0.         0.         0.         0.         0.         0.         0.         0.         0.         0.         0.98107367 0.         0.         0.         0.         0.        ],[0. 0. 0. 0. 1. 0. 0. 0. 0. 0. 0. 0. 0. 0. 0. 0. 0. 0. 0. 0. 0. 0. 0. 0. 0. 1. 0. 0. 0. 0. 0.],2.0,10000,30,0.6,10,1,2,,problem_solving
6900,0.003239097912177785,0.004907920678777609,0.4,7.940748626374,[0.         0.         0.         0.         0.01892633 0.         0.         0.         0.         0.         0.         0.         0.         0.         0.         0.         0.         0.         0.         0.         0.         0.         0.         0.         0.         0.98107367 0.         0.         0.         0.         0.        ],[0. 0. 0. 0. 1. 0. 0. 0. 0. 0. 0. 0. 0. 0. 0. 0. 0. 0. 0. 0. 0. 0. 0. 0. 0. 1. 0. 0. 0. 0. 0.],2.0,10000,30,0.6,10,1,2,,problem_solving
7000,0.003239097912177785,0.004907920678777609,0.4,-1.3328506437662484,[0.         0.         0.         0.         0.01892633 0.         0.         0.         0.         0.         0.         0.         0.         0.         0.         0.         0.         0.         0.         0.         0.         0.         0.         0.         0.         0.98107367 0.         0.         0.         0.         0.        ],[0. 0. 0. 0. 1. 0. 0. 0. 0. 0. 0. 0. 0. 0. 0. 0. 0. 0. 0. 0. 0. 0. 0. 0. 0. 1. 0. 0. 0. 0. 0.],2.0,10000,30,0.6,10,1,2,,problem_solving
7100,0.003239097912177785,0.004907920678777609,0.4,-14.657105251042381,[0.         0.         0.         0.         0.01892633 0.         0.         0.         0.         0.         0.         0.         0.         0.         0.         0.         0.         0.         0.         0.         0.         0.         0.         0.         0.         0.98107367 0.         0.         0.         0.         0.        ],[0. 0. 0. 0. 1. 0. 0. 0. 0. 0. 0. 0. 0. 0. 0. 0. 0. 0. 0. 0. 0. 0. 0. 0. 0. 1. 0. 0. 0. 0. 0.],2.0,10000,30,0.6,10,1,2,,problem_solving
7200,0.003239097912177785,0.004907920678777609,0.4,5.565675634347428,[0.         0.         0.         0.         0.01892633 0.         0.         0.         0.         0.         0.         0.         0.         0.         0.         0.         0.         0.         0.         0.         0.         0.         0.         0.         0.         0.98107367 0.         0.         0.         0.         0.        ],[0. 0. 0. 0. 1. 0. 0. 0. 0. 0. 0. 0. 0. 0. 0. 0. 0. 0. 0. 0. 0. 0. 0. 0. 0. 1. 0. 0. 0. 0. 0.],2.0,10000,30,0.6,10,1,2,,problem_solving
7300,0.003239097912177785,0.004907920678777609,0.4,-9.722454264198474,[0.         0.         0.         0.         0.01892633 0.         0.         0.         0.         0.         0.         0.         0.         0.         0.         0.         0.         0.         0.         0.         0.         0.         0.         0.         0.         0.98107367 0.         0.         0.         0.         0.        ],[0. 0. 0. 0. 1. 0. 0. 0. 0. 0. 0. 0. 0. 0. 0. 0. 0. 0. 0. 0. 0. 0. 0. 0. 0. 1. 0. 0. 0. 0. 0.],2.0,10000,30,0.6,10,1,2,,problem_solving
7400,0.003239097912177785,0.004907920678777609,0.4,-0.6150022057186031,[0.         0.         0.         0.         0.01892633 0.         0.         0.         0.         0.         0.         0.         0.         0.         0.         0.         0.         0.         0.         0.         0.         0.         0.         0.         0.         0.98107367 0.         0.         0.         0.         0.        ],[0. 0. 0. 0. 1. 0. 0. 0. 0. 0. 0. 0. 0. 0. 0. 0. 0. 0. 0. 0. 0. 0. 0. 0. 0. 1. 0. 0. 0. 0. 0.],2.0,10000,30,0.6,10,1,2,,problem_solving
7500,0.003239097912177785,0.004907920678777609,0.4,-13.64344928628908,[0.         0.         0.         0.         0.01892633 0.         0.         0.         0.         0.         0.         0.         0.         0.         0.         0.         0.         0.         0.         0.         0.         0.         0.         0.         0.         0.98107367 0.         0.         0.         0.         0.        ],[0. 0. 0. 0. 1. 0. 0. 0. 0. 0. 0. 0. 0. 0. 0. 0. 0. 0. 0. 0. 0. 0. 0. 0. 0. 1. 0. 0. 0. 0. 0.],2.0,10000,30,0.6,10,1,2,,problem_solving
7600,0.003239097912177785,0.004907920678777609,0.4,-10.816288521109627,[0.         0.         0.         0.         0.01892633 0.         0.         0.         0.         0.         0.         0.         0.         0.         0.         0.         0.         0.         0.         0.         0.         0.         0.         0.         0.         0.98107367 0.         0.         0.         0.         0.        ],[0. 0. 0. 0. 1. 0. 0. 0. 0. 0. 0. 0. 0. 0. 0. 0. 0. 0. 0. 0. 0. 0. 0. 0. 0. 1. 0. 0. 0. 0. 0.],2.0,10000,30,0.6,10,1,2,,problem_solving
7700,0.003239097912177785,0.004907920678777609,0.4,7.5653741010754585,[0.         0.         0.         0.         0.01892633 0.         0.         0.         0.         0.         0.         0.         0.         0.         0.         0.         0.         0.         0.         0.         0.         0.         0.         0.         0.         0.98107367 0.         0.         0.         0.         0.        ],[0. 0. 0. 0. 1. 0. 0. 0. 0. 0. 0. 0. 0. 0. 0. 0. 0. 0. 0. 0. 0. 0. 0. 0. 0. 1. 0. 0. 0. 0. 0.],2.0,10000,30,0.6,10,1,2,,problem_solving
7800,0.003239097912177785,0.004907920678777609,0.4,-10.05315607164119,[0.         0.         0.         0.         0.01892633 0.         0.         0.         0.         0.         0.         0.         0.         0.         0.         0.         0.         0.         0.         0.         0.         0.         0.         0.         0.         0.98107367 0.         0.         0.         0.         0.        ],[0. 0. 0. 0. 1. 0. 0. 0. 0. 0. 0. 0. 0. 0. 0. 0. 0. 0. 0. 0. 0. 0. 0. 0. 0. 1. 0. 0. 0. 0. 0.],2.0,10000,30,0.6,10,1,2,,problem_solving
7900,0.003239097912177785,0.004907920678777609,0.4,2.1156121624631763,[0.         0.         0.         0.         0.01892633 0.         0.         0.         0.         0.         0.         0.         0.         0.         0.         0.         0.         0.         0.         0.         0.         0.         0.         0.         0.         0.98107367 0.         0.         0.         0.         0.        ],[0. 0. 0. 0. 1. 0. 0. 0. 0. 0. 0. 0. 0. 0. 0. 0. 0. 0. 0. 0. 0. 0. 0. 0. 0. 1. 0. 0. 0. 0. 0.],2.0,10000,30,0.6,10,1,2,,problem_solving
8000,0.001732815935439988,0.004762125155318952,0.4,4.390266208539602,[0.         0.         0.         0.         0.         0.         0.         0.         0.         0.         0.         0.         0.         0.         0.         0.         0.         0.         0.         0.         0.         0.         0.         0.         0.         0.98742369 0.         0.01257631 0.         0.         0.        ],[0. 0. 0. 0. 0. 0. 0. 0. 0. 0. 0. 0. 0. 0. 0. 0. 0. 0. 0. 0. 0. 0. 0. 0. 0. 1. 0. 1. 0. 0. 0.],2.0,10000,30,0.6,10,1,2,,problem_solving
8100,0.001732815935439988,0.004762125155318952,0.4,-9.284932613592542,[0.         0.         0.         0.         0.         0.         0.         0.         0.         0.         0.         0.         0.         0.         0.         0.         0.         0.         0.         0.         0.         0.         0.         0.         0.         0.98742369 0.         0.01257631 0.         0.         0.        ],[0. 0. 0. 0. 0. 0. 0. 0. 0. 0. 0. 0. 0. 0. 0. 0. 0. 0. 0. 0. 0. 0. 0. 0. 0. 1. 0. 1. 0. 0. 0.],2.0,10000,30,0.6,10,1,2,,problem_solving
8200,0.001732815935439988,0.004762125155318952,0.4,-7.876607130523014,[0.         0.         0.         0.         0.         0.         0.         0.         0.         0.         0.         0.         0.         0.         0.         0.         0.         0.         0.         0.         0.         0.         0.         0.         0.         0.98742369 0.         0.01257631 0.         0.         0.        ],[0. 0. 0. 0. 0. 0. 0. 0. 0. 0. 0. 0. 0. 0. 0. 0. 0. 0. 0. 0. 0. 0. 0. 0. 0. 1. 0. 1. 0. 0. 0.],2.0,10000,30,0.6,10,1,2,,problem_solving
8300,0.001732815935439988,0.004762125155318952,0.4,2.896305272775911,[0.         0.         0.         0.         0.         0.         0.         0.         0.         0.         0.         0.         0.         0.         0.         0.         0.         0.         0.         0.         0.         0.         0.         0.         0.         0.98742369 0.         0.01257631 0.         0.         0.        ],[0. 0. 0. 0. 0. 0. 0. 0. 0. 0. 0. 0. 0. 0. 0. 0. 0. 0. 0. 0. 0. 0. 0. 0. 0. 1. 0. 1. 0. 0. 0.],2.0,10000,30,0.6,10,1,2,,problem_solving
8400,0.001732815935439988,0.004762125155318952,0.4,0.8814634410577442,[0.         0.         0.         0.         0.         0.         0.         0.         0.         0.         0.         0.         0.         0.         0.         0.         0.         0.         0.         0.         0.         0.         0.         0.         0.         0.98742369 0.         0.01257631 0.         0.         0.        ],[0. 0. 0. 0. 0. 0. 0. 0. 0. 0. 0. 0. 0. 0. 0. 0. 0. 0. 0. 0. 0. 0. 0. 0. 0. 1. 0. 1. 0. 0. 0.],2.0,10000,30,0.6,10,1,2,,problem_solving
8500,0.001732815935439988,0.004762125155318952,0.4,7.086584411896627,[0.         0.         0.         0.         0.         0.         0.         0.         0.         0.         0.         0.         0.         0.         0.         0.         0.         0.         0.         0.         0.         0.         0.         0.         0.         0.98742369 0.         0.01257631 0.         0.         0.        ],[0. 0. 0. 0. 0. 0. 0. 0. 0. 0. 0. 0. 0. 0. 0. 0. 0. 0. 0. 0. 0. 0. 0. 0. 0. 1. 0. 1. 0. 0. 0.],2.0,10000,30,0.6,10,1,2,,problem_solving
8600,0.001732815935439988,0.004762125155318952,0.4,-5.520721776217414,[0.         0.         0.         0.         0.         0.         0.         0.         0.         0.         0.         0.         0.         0.         0.         0.         0.         0.         0.         0.         0.         0.         0.         0.         0.         0.98742369 0.         0.01257631 0.         0.         0.        ],[0. 0. 0. 0. 0. 0. 0. 0. 0. 0. 0. 0. 0. 0. 0. 0. 0. 0. 0. 0. 0. 0. 0. 0. 0. 1. 0. 1. 0. 0. 0.],2.0,10000,30,0.6,10,1,2,,problem_solving
8700,0.001732815935439988,0.004762125155318952,0.4,-14.633124454215716,[0.         0.         0.         0.         0.         0.         0.         0.         0.         0.         0.         0.         0.         0.         0.         0.         0.         0.         0.         0.         0.         0.         0.         0.         0.         0.98742369 0.         0.01257631 0.         0.         0.        ],[0. 0. 0. 0. 0. 0. 0. 0. 0. 0. 0. 0. 0. 0. 0. 0. 0. 0. 0. 0. 0. 0. 0. 0. 0. 1. 0. 1. 0. 0. 0.],2.0,10000,30,0.6,10,1,2,,problem_solving
8800,0.001732815935439988,0.004762125155318952,0.4,-7.082696142013258,[0.         0.         0.         0.         0.         0.         0.         0.         0.         0.         0.         0.         0.         0.         0.         0.         0.         0.         0.         0.         0.         0.         0.         0.         0.         0.98742369 0.         0.01257631 0.         0.         0.        ],[0. 0. 0. 0. 0. 0. 0. 0. 0. 0. 0. 0. 0. 0. 0. 0. 0. 0. 0. 0. 0. 0. 0. 0. 0. 1. 0. 1. 0. 0. 0.],2.0,10000,30,0.6,10,1,2,,problem_solving
8900,0.001732815935439988,0.004762125155318952,0.4,5.5355599313081205,[0.         0.         0.         0.         0.         0.         0.         0.         0.         0.         0.         0.         0.         0.         0.         0.         0.         0.         0.         0.         0.         0.         0.         0.         0.         0.98742369 0.         0.01257631 0.         0.         0.        ],[0. 0. 0. 0. 0. 0. 0. 0. 0. 0. 0. 0. 0. 0. 0. 0. 0. 0. 0. 0. 0. 0. 0. 0. 0. 1. 0. 1. 0. 0. 0.],2.0,10000,30,0.6,10,1,2,,problem_solving
9000,0.001732815935439988,0.004762125155318952,0.4,10.59662969081442,[0.         0.         0.         0.         0.         0.         0.         0.         0.         0.         0.         0.         0.         0.         0.         0.         0.         0.         0.         0.         0.         0.         0.         0.         0.         0.98742369 0.         0.01257631 0.         0.         0.        ],[0. 0. 0. 0. 0. 0. 0. 0. 0. 0. 0. 0. 0. 0. 0. 0. 0. 0. 0. 0. 0. 0. 0. 0. 0. 1. 0. 1. 0. 0. 0.],2.0,10000,30,0.6,10,1,2,,problem_solving
9100,0.001732815935439988,0.004762125155318952,0.4,9.343215351704071,[0.         0.         0.         0.         0.         0.         0.         0.         0.         0.         0.         0.         0.         0.         0.         0.         0.         0.         0.         0.         0.         0.         0.         0.         0.         0.98742369 0.         0.01257631 0.         0.         0.        ],[0. 0. 0. 0. 0. 0. 0. 0. 0. 0. 0. 0. 0. 0. 0. 0. 0. 0. 0. 0. 0. 0. 0. 0. 0. 1. 0. 1. 0. 0. 0.],2.0,10000,30,0.6,10,1,2,,problem_solving
9200,0.001732815935439988,0.004762125155318952,0.4,-10.1417831799618,[0.         0.         0.         0.         0.         0.         0.         0.         0.         0.         0.         0.         0.         0.         0.         0.         0.         0.         0.         0.         0.         0.         0.         0.         0.         0.98742369 0.         0.01257631 0.         0.         0.        ],[0. 0. 0. 0. 0. 0. 0. 0. 0. 0. 0. 0. 0. 0. 0. 0. 0. 0. 0. 0. 0. 0. 0. 0. 0. 1. 0. 1. 0. 0. 0.],2.0,10000,30,0.6,10,1,2,,problem_solving
9300,0.001732815935439988,0.004762125155318952,0.4,-8.08893568031969,[0.         0.         0.         0.         0.         0.         0.         0.         0.         0.         0.         0.         0.         0.         0.         0.         0.         0.         0.         0.         0.         0.         0.         0.         0.         0.98742369 0.         0.01257631 0.         0.         0.        ],[0. 0. 0. 0. 0. 0. 0. 0. 0. 0. 0. 0. 0. 0. 0. 0. 0. 0. 0. 0. 0. 0. 0. 0. 0. 1. 0. 1. 0. 0. 0.],2.0,10000,30,0.6,10,1,2,,problem_solving
9400,0.001732815935439988,0.004762125155318952,0.4,-28.38547884122797,[0.         0.         0.         0.         0.         0.         0.         0.         0.         0.         0.         0.         0.         0.         0.         0.         0.         0.         0.         0.         0.         0.         0.         0.         0.         0.98742369 0.         0.01257631 0.         0.         0.        ],[0. 0. 0. 0. 0. 0. 0. 0. 0. 0. 0. 0. 0. 0. 0. 0. 0. 0. 0. 0. 0. 0. 0. 0. 0. 1. 0. 1. 0. 0. 0.],2.0,10000,30,0.6,10,1,2,,problem_solving
9500,0.001732815935439988,0.004762125155318952,0.4,-5.662434013544775,[0.         0.         0.         0.         0.         0.         0.         0.         0.         0.         0.         0.         0.         0.         0.         0.         0.         0.         0.         0.         0.         0.         0.         0.         0.         0.98742369 0.         0.01257631 0.         0.         0.        ],[0. 0. 0. 0. 0. 0. 0. 0. 0. 0. 0. 0. 0. 0. 0. 0. 0. 0. 0. 0. 0. 0. 0. 0. 0. 1. 0. 1. 0. 0. 0.],2.0,10000,30,0.6,10,1,2,,problem_solving
9600,0.001732815935439988,0.004762125155318952,0.4,3.665667420804316,[0.         0.         0.         0.         0.         0.         0.         0.         0.         0.         0.         0.         0.         0.         0.         0.         0.         0.         0.         0.         0.         0.         0.         0.         0.         0.98742369 0.         0.01257631 0.         0.         0.        ],[0. 0. 0. 0. 0. 0. 0. 0. 0. 0. 0. 0. 0. 0. 0. 0. 0. 0. 0. 0. 0. 0. 0. 0. 0. 1. 0. 1. 0. 0. 0.],2.0,10000,30,0.6,10,1,2,,problem_solving
9700,0.001732815935439988,0.004762125155318952,0.4,-17.11843710852045,[0.         0.         0.         0.         0.         0.         0.         0.         0.         0.         0.         0.         0.         0.         0.         0.         0.         0.         0.         0.         0.         0.         0.         0.         0.         0.98742369 0.         0.01257631 0.         0.         0.        ],[0. 0. 0. 0. 0. 0. 0. 0. 0. 0. 0. 0. 0. 0. 0. 0. 0. 0. 0. 0. 0. 0. 0. 0. 0. 1. 0. 1. 0. 0. 0.],2.0,10000,30,0.6,10,1,2,,problem_solving
9800,0.001732815935439988,0.004762125155318952,0.4,-15.702939243616228,[0.         0.         0.         0.         0.         0.         0.         0.         0.         0.         0.         0.         0.         0.         0.         0.         0.         0.         0.         0.         0.         0.         0.         0.         0.         0.98742369 0.         0.01257631 0.         0.         0.        ],[0. 0. 0. 0. 0. 0. 0. 0. 0. 0. 0. 0. 0. 0. 0. 0. 0. 0. 0. 0. 0. 0. 0. 0. 0. 1. 0. 1. 0. 0. 0.],2.0,10000,30,0.6,10,1,2,,problem_solving
9900,0.001732815935439988,0.004762125155318952,0.4,-2.543525201801849,[0.         0.         0.         0.         0.         0.         0.         0.         0.         0.         0.         0.         0.         0.         0.         0.         0.         0.         0.         0.         0.         0.         0.         0.         0.         0.98742369 0.         0.01257631 0.         0.         0.        ],[0. 0. 0. 0. 0. 0. 0. 0. 0. 0. 0. 0. 0. 0. 0. 0. 0. 0. 0. 0. 0. 0. 0. 0. 0. 1. 0. 1. 0. 0. 0.],2.0,10000,30,0.6,10,1,2,,problem_solving
9999,0.001732815935439988,0.004762125155318952,0.4,13.362900292686621,[0.         0.         0.         0.         0.         0.         0.         0.         0.         0.         0.         0.         0.         0.         0.         0.         0.         0.         0.         0.         0.         0.         0.         0.         0.         0.98742369 0.         0.01257631 0.         0.         0.        ],[0. 0. 0. 0. 0. 0. 0. 0. 0. 0. 0. 0. 0. 0. 0. 0. 0. 0. 0. 0. 0. 0. 0. 0. 0. 1. 0. 1. 0. 0. 0.],2.0,10000,30,0.6,10,1,2,,problem_solving
