iter,cost,return,par,move,X,Z,Q,max_iter,mem_size,mem_consider,sigma,port_n,k,seed,tag
1,0.016439151433809557,0.009922380756839495,0.4,-1.0201518870886077,[0.         0.         0.         0.         0.03757585 0.         0.         0.         0.         0.         0.         0.         0.         0.         0.         0.         0.         0.         0.         0.         0.         0.         0.         0.         0.         0.         0.         0.96242415 0.         0.         0.        ],[0. 0. 0. 0. 1. 0. 0. 0. 0. 0. 0. 0. 0. 0. 0. 0. 0. 0. 0. 0. 0. 0. 0. 0. 0. 0. 0. 1. 0. 0. 0.],2.0,10000,30,0.6,10,1,2,,problem_solving
100,0.00611562911478145,0.0023274221876875504,0.4,2.3998692945247058,[0.         0.         0.         0.         0.         0.         0.         0.         0.         0.         0.         0.         0.         0.         0.         0.         0.         0.         0.         0.         0.         0.         0.         0.         0.         0.         0.         0.96933967 0.         0.03066033 0.        ],[0. 0. 0. 0. 0. 0. 0. 0. 0. 0. 0. 0. 0. 0. 0. 0. 0. 0. 0. 0. 0. 0. 0. 0. 0. 0. 0. 1. 0. 1. 0.],2.0,10000,30,0.6,10,1,2,,problem_solving
200,0.003604711919979418,0.0023236593272953905,0.4,-6.964373324155354,[0.01393651 0.         0.         0.         0.         0.         0.         0.         0.         0.         0.         0.         0.         0.         0.         0.         0.         0.         0.         0.         0.         0.         0.         0.         0.         0.         0.         0.98606349 0.         0.         0.        ],[1. 0. 0. 0. 0. 0. 0. 0. 0. 0. 0. 0. 0. 0. 0. 0. 0. 0. 0. 0. 0. 0. 0. 0. 0. 0. 0. 1. 0. 0. 0.],2.0,10000,30,0.6,10,1,2,,problem_solving
300,0.003604711919979418,0.0023236593272953905,0.4,-13.56431151685438,[0.01393651 0.         0.         0.         0.         0.         0.         0.         0.         0.         0.         0.         0.         0.         0.         0.         0.         0.         0.         0.         0.         0.         0.         0.         0.         0.         0.         0.98606349 0.         0.         0.        ],[1. 0. 0. 0. 0. 0. 0. 0. 0. 0. 0. 0. 0. 0. 0. 0. 0. 0. 0. 0. 0. 0. 0. 0. 0. 0. 0. 1. 0. 0. 0.],2.0,10000,30,0.6,10,1,2,,problem_solving
400,0.003604711919979418,0.0023236593272953905,0.4,-12.21322535035302,[0.01393651 0.         0.         0.         0.         0.         0.         0.         0.         0.         0.         0.         0.         0.         0.         0.         0.         0.         0.         0.         0.         0.         0.         0.         0.         0.         0.         0.98606349 0.         0.         0.        ],[1. 0. 0. 0. 0. 0. 0. 0. 0. 0. 0. 0. 0. 0. 0. 0. 0. 0. 0. 0. 0. 0. 0. 0. 0. 0. 0. 1. 0. 0. 0.],2.0,10000,30,0.6,10,1,2,,problem_solving
500,0.003604711919979418,0.0023236593272953905,0.4,1.3755186500824321,[0.01393651 0.         0.         0.         0.         0.         0.         0.         0.         0.         0.         0.         0.         0.         0.         0.         0.         0.         0.         0.         0.         0.         0.         0.         0.         0.         0.         0.98606349 0.         0.         0.        ],[1. 0. 0. 0. 0. 0. 0. 0. 0. 0. 0. 0. 0. 0. 0. 0. 0. 0. 0. 0. 0. 0. 0. 0. 0. 0. 0. 1. 0. 0. 0.],2.0,10000,30,0.6,10,1,2,,problem_solving
600,0.003604711919979418,0.0023236593272953905,0.4,-1.9658218060844315,[0.01393651 0.         0.         0.         0.         0.         0.         0.         0.         0.         0.         0.         0.         0.         0.         0.         0.         0.         0.         0.         0.         0.         0.         0.         0.         0.         0.         0.98606349 0.         0.         0.        ],[1. 0. 0. 0. 0. 0. 0. 0. 0. 0. 0. 0. 0. 0. 0. 0. 0. 0. 0. 0. 0. 0. 0. 0. 0. 0. 0. 1. 0. 0. 0.],2.0,10000,30,0.6,10,1,2,,problem_solving
700,0.003604711919979418,0.0023236593272953905,0.4,8.284396237563667,[0.01393651 0.         0.         0.         0.         0.         0.         0.         0.         0.         0.         0.         0.         0.         0.         0.         0.         0.         0.         0.         0.         0.         0.         0.         0.         0.         0.         0.98606349 0.         0.         0.        ],[1. 0. 0. 0. 0. 0. 0. 0. 0. 0. 0. 0. 0. 0. 0. 0. 0. 0. 0. 0. 0. 0. 0. 0. 0. 0. 0. 1. 0. 0. 0.],2.0,10000,30,0.6,10,1,2,,problem_solving
800,0.003604711919979418,0.0023236593272953905,0.4,-2.748859440901354,[0.01393651 0.         0.         0.         0.         0.         0.         0.         0.         0.         0.         0.         0.         0.         0.         0.         0.         0.         0.         0.         0.         0.         0.         0.         0.         0.         0.         0.98606349 0.         0.         0.        ],[1. 0. 0. 0. 0. 0. 0. 0. 0. 0. 0. 0. 0. 0. 0. 0. 0. 0. 0. 0. 0. 0. 0. 0. 0. 0. 0. 1. 0. 0. 0.],2.0,10000,30,0.6,10,1,2,,problem_solving
900,0.003604711919979418,0.0023236593272953905,0.4,10.477219352074803,[0.01393651 0.         0.         0.         0.         0.         0.         0.         0.         0.         0.         0.         0.         0.         0.         0.         0.         0.         0.         0.         0.         0.         0.         0.         0.         0.         0.         0.98606349 0.         0.         0.        ],[1. 0. 0. 0. 0. 0. 0. 0. 0. 0. 0. 0. 0. 0. 0. 0. 0. 0. 0. 0. 0. 0. 0. 0. 0. 0. 0. 1. 0. 0. 0.],2.0,10000,30,0.6,10,1,2,,problem_solving
1000,0.003604711919979418,0.0023236593272953905,0.4,2.9583679517368076,[0.01393651 0.         0.         0.         0.         0.         0.         0.         0.         0.         0.         0.         0.         0.         0.         0.         0.         0.         0.         0.         0.         0.         0.         0.         0.         0.         0.         0.98606349 0.         0.         0.        ],[1. 0. 0. 0. 0. 0. 0. 0. 0. 0. 0. 0. 0. 0. 0. 0. 0. 0. 0. 0. 0. 0. 0. 0. 0. 0. 0. 1. 0. 0. 0.],2.0,10000,30,0.6,10,1,2,,problem_solving
1100,0.003604711919979418,0.0023236593272953905,0.4,2.7053158450572097,[0.01393651 0.         0.         0.         0.         0.         0.         0.         0.         0.         0.         0.         0.         0.         0.         0.         0.         0.         0.         0.         0.         0.         0.         0.         0.         0.         0.         0.98606349 0.         0.         0.        ],[1. 0. 0. 0. 0. 0. 0. 0. 0. 0. 0. 0. 0. 0. 0. 0. 0. 0. 0. 0. 0. 0. 0. 0. 0. 0. 0. 1. 0. 0. 0.],2.0,10000,30,0.6,10,1,2,,problem_solving
1200,0.003604711919979418,0.0023236593272953905,0.4,-10.741523597708634,[0.01393651 0.         0.         0.         0.         0.         0.         0.         0.         0.         0.         0.         0.         0.         0.         0.         0.         0.         0.         0.         0.         0.         0.         0.         0.         0.         0.         0.98606349 0.         0.         0.        ],[1. 0. 0. 0. 0. 0. 0. 0. 0. 0. 0. 0. 0. 0. 0. 0. 0. 0. 0. 0. 0. 0. 0. 0. 0. 0. 0. 1. 0. 0. 0.],2.0,10000,30,0.6,10,1,2,,problem_solving
1300,0.003604711919979418,0.0023236593272953905,0.4,2.866275471568365,[0.01393651 0.         0.         0.         0.         0.         0.         0.         0.         0.         0.         0.         0.         0.         0.         0.         0.         0.         0.         0.         0.         0.         0.         0.         0.         0.         0.         0.98606349 0.         0.         0.        ],[1. 0. 0. 0. 0. 0. 0. 0. 0. 0. 0. 0. 0. 0. 0. 0. 0. 0. 0. 0. 0. 0. 0. 0. 0. 0. 0. 1. 0. 0. 0.],2.0,10000,30,0.6,10,1,2,,problem_solving
1400,0.003604711919979418,0.0023236593272953905,0.4,-5.482232677230238,[0.01393651 0.         0.         0.         0.         0.         0.         0.         0.         0.         0.         0.         0.         0.         0.         0.         0.         0.         0.         0.         0.         0.         0.         0.         0.         0.         0.         0.98606349 0.         0.         0.        ],[1. 0. 0. 0. 0. 0. 0. 0. 0. 0. 0. 0. 0. 0. 0. 0. 0. 0. 0. 0. 0. 0. 0. 0. 0. 0. 0. 1. 0. 0. 0.],2.0,10000,30,0.6,10,1,2,,problem_solving
1500,0.003604711919979418,0.0023236593272953905,0.4,-18.027225483459038,[0.01393651 0.         0.         0.         0.         0.         0.         0.         0.         0.         0.         0.         0.         0.         0.         0.         0.         0.         0.         0.         0.         0.         0.         0.         0.         0.         0.         0.98606349 0.         0.         0.        ],[1. 0. 0. 0. 0. 0. 0. 0. 0. 0. 0. 0. 0. 0. 0. 0. 0. 0. 0. 0. 0. 0. 0. 0. 0. 0. 0. 1. 0. 0. 0.],2.0,10000,30,0.6,10,1,2,,problem_solving
1600,0.003604711919979418,0.0023236593272953905,0.4,-10.727109399200895,[0.01393651 0.         0.         0.         0.         0.         0.         0.         0.         0.         0.         0.         0.         0.         0.         0.         0.         0.         0.         0.         0.         0.         0.         0.         0.         0.         0.         0.98606349 0.         0.         0.        ],[1. 0. 0. 0. 0. 0. 0. 0. 0. 0. 0. 0. 0. 0. 0. 0. 0. 0. 0. 0. 0. 0. 0. 0. 0. 0. 0. 1. 0. 0. 0.],2.0,10000,30,0.6,10,1,2,,problem_solving
1700,0.003604711919979418,0.0023236593272953905,0.4,11.429073199644723,[0.01393651 0.         0.         0.         0.         0.         0.         0.         0.         0.         0.         0.         0.         0.         0.         0.         0.         0.         0.         0.         0.         0.         0.         0.         0.         0.         0.         0.98606349 0.         0.         0.        ],[1. 0. 0. 0. 0. 0. 0. 0. 0. 0. 0. 0. 0. 0. 0. 0. 0. 0. 0. 0. 0. 0. 0. 0. 0. 0. 0. 1. 0. 0. 0.],2.0,10000,30,0.6,10,1,2,,problem_solving
1800,0.003604711919979418,0.0023236593272953905,0.4,-1.3117499219355122,[0.01393651 0.         0.         0.         0.         0.         0.         0.         0.         0.         0.         0.         0.         0.         0.         0.         0.         0.         0.         0.         0.         0.         0.         0.         0.         0.         0.         0.98606349 0.         0.         0.        ],[1. 0. 0. 0. 0. 0. 0. 0. 0. 0. 0. 0. 0. 0. 0. 0. 0. 0. 0. 0. 0. 0. 0. 0. 0. 0. 0. 1. 0. 0. 0.],2.0,10000,30,0.6,10,1,2,,problem_solving
1900,0.003604711919979418,0.0023236593272953905,0.4,-5.572193029651821,[0.01393651 0.         0.         0.         0.         0.         0.         0.         0.         0.         0.         0.         0.         0.         0.         0.         0.         0.         0.         0.         0.         0.         0.         0.         0.         0.         0.         0.98606349 0.         0.         0.        ],[1. 0. 0. 0. 0. 0. 0. 0. 0. 0. 0. 0. 0. 0. 0. 0. 0. 0. 0. 0. 0. 0. 0. 0. 0. 0. 0. 1. 0. 0. 0.],2.0,10000,30,0.6,10,1,2,,problem_solving
2000,0.003604711919979418,0.0023236593272953905,0.4,4.442675037103384,[0.01393651 0.         0.         0.         0.         0.         0.         0.         0.         0.         0.         0.         0.         0.         0.         0.         0.         0.         0.         0.         0.         0.         0.         0.         0.         0.         0.         0.98606349 0.         0.         0.        ],[1. 0. 0. 0. 0. 0. 0. 0. 0. 0. 0. 0. 0. 0. 0. 0. 0. 0. 0. 0. 0. 0. 0. 0. 0. 0. 0. 1. 0. 0. 0.],2.0,10000,30,0.6,10,1,2,,problem_solving
2100,0.003604711919979418,0.0023236593272953905,0.4,15.59943919990536,[0.01393651 0.         0.         0.         0.         0.         0.         0.         0.         0.         0.         0.         0.         0.         0.         0.         0.         0.         0.         0.         0.         0.         0.         0.         0.         0.         0.         0.98606349 0.         0.         0.        ],[1. 0. 0. 0. 0. 0. 0. 0. 0. 0. 0. 0. 0. 0. 0. 0. 0. 0. 0. 0. 0. 0. 0. 0. 0. 0. 0. 1. 0. 0. 0.],2.0,10000,30,0.6,10,1,2,,problem_solving
2200,0.003604711919979418,0.0023236593272953905,0.4,3.52862630851815,[0.01393651 0.         0.         0.         0.         0.         0.         0.         0.         0.         0.         0.         0.         0.         0.         0.         0.         0.         0.         0.         0.         0.         0.         0.         0.         0.         0.         0.98606349 0.         0.         0.        ],[1. 0. 0. 0. 0. 0. 0. 0. 0. 0. 0. 0. 0. 0. 0. 0. 0. 0. 0. 0. 0. 0. 0. 0. 0. 0. 0. 1. 0. 0. 0.],2.0,10000,30,0.6,10,1,2,,problem_solving
2300,0.003604711919979418,0.0023236593272953905,0.4,4.026870245099455,[0.01393651 0.         0.         0.         0.         0.         0.         0.         0.         0.         0.         0.         0.         0.         0.         0.         0.         0.         0.         0.         0.         0.         0.         0.         0.         0.         0.         0.98606349 0.         0.         0.        ],[1. 0. 0. 0. 0. 0. 0. 0. 0. 0. 0. 0. 0. 0. 0. 0. 0. 0. 0. 0. 0. 0. 0. 0. 0. 0. 0. 1. 0. 0. 0.],2.0,10000,30,0.6,10,1,2,,problem_solving
2400,0.003604711919979418,0.0023236593272953905,0.4,19.637750099376753,[0.01393651 0.         0.         0.         0.         0.         0.         0.         0.         0.         0.         0.         0.         0.         0.         0.         0.         0.         0.         0.         0.         0.         0.         0.         0.         0.         0.         0.98606349 0.         0.         0.        ],[1. 0. 0. 0. 0. 0. 0. 0. 0. 0. 0. 0. 0. 0. 0. 0. 0. 0. 0. 0. 0. 0. 0. 0. 0. 0. 0. 1. 0. 0. 0.],2.0,10000,30,0.6,10,1,2,,problem_solving
2500,0.003604711919979418,0.0023236593272953905,0.4,3.1110362368470628,[0.01393651 0.         0.         0.         0.         0.         0.         0.         0.         0.         0.         0.         0.         0.         0.         0.         0.         0.         0.         0.         0.         0.         0.         0.         0.         0.         0.         0.98606349 0.         0.         0.        ],[1. 0. 0. 0. 0. 0. 0. 0. 0. 0. 0. 0. 0. 0. 0. 0. 0. 0. 0. 0. 0. 0. 0. 0. 0. 0. 0. 1. 0. 0. 0.],2.0,10000,30,0.6,10,1,2,,problem_solving
2600,0.003604711919979418,0.0023236593272953905,0.4,14.692696194659572,[0.01393651 0.         0.         0.         0.         0.         0.         0.         0.         0.         0.         0.         0.         0.         0.         0.         0.         0.         0.         0.         0.         0.         0.         0.         0.         0.         0.         0.98606349 0.         0.         0.        ],[1. 0. 0. 0. 0. 0. 0. 0. 0. 0. 0. 0. 0. 0. 0. 0. 0. 0. 0. 0. 0. 0. 0. 0. 0. 0. 0. 1. 0. 0. 0.],2.0,10000,30,0.6,10,1,2,,problem_solving
2700,0.003604711919979418,0.0023236593272953905,0.4,21.266885337972425,[0.01393651 0.         0.         0.         0.         0.         0.         0.         0.         0.         0.         0.         0.         0.         0.         0.         0.         0.         0.         0.         0.         0.         0.         0.         0.         0.         0.         0.98606349 0.         0.         0.        ],[1. 0. 0. 0. 0. 0. 0. 0. 0. 0. 0. 0. 0. 0. 0. 0. 0. 0. 0. 0. 0. 0. 0. 0. 0. 0. 0. 1. 0. 0. 0.],2.0,10000,30,0.6,10,1,2,,problem_solving
2800,0.003604711919979418,0.0023236593272953905,0.4,6.951479187006978,[0.01393651 0.         0.         0.         0.         0.         0.         0.         0.         0.         0.         0.         0.         0.         0.         0.         0.         0.         0.         0.         0.         0.         0.         0.         0.         0.         0.         0.98606349 0.         0.         0.        ],[1. 0. 0. 0. 0. 0. 0. 0. 0. 0. 0. 0. 0. 0. 0. 0. 0. 0. 0. 0. 0. 0. 0. 0. 0. 0. 0. 1. 0. 0. 0.],2.0,10000,30,0.6,10,1,2,,problem_solving
2900,0.003604711919979418,0.0023236593272953905,0.4,0.1592869317894665,[0.01393651 0.         0.         0.         0.         0.         0.         0.         0.         0.         0.         0.         0.         0.         0.         0.         0.         0.         0.         0.         0.         0.         0.         0.         0.         0.         0.         0.98606349 0.         0.         0.        ],[1. 0. 0. 0. 0. 0. 0. 0. 0. 0. 0. 0. 0. 0. 0. 0. 0. 0. 0. 0. 0. 0. 0. 0. 0. 0. 0. 1. 0. 0. 0.],2.0,10000,30,0.6,10,1,2,,problem_solving
3000,0.003604711919979418,0.0023236593272953905,0.4,-0.5105028962782527,[0.01393651 0.         0.         0.         0.         0.         0.         0.         0.         0.         0.         0.         0.         0.         0.         0.         0.         0.         0.         0.         0.         0.         0.         0.         0.         0.         0.         0.98606349 0.         0.         0.        ],[1. 0. 0. 0. 0. 0. 0. 0. 0. 0. 0. 0. 0. 0. 0. 0. 0. 0. 0. 0. 0. 0. 0. 0. 0. 0. 0. 1. 0. 0. 0.],2.0,10000,30,0.6,10,1,2,,problem_solving
3100,0.003604711919979418,0.0023236593272953905,0.4,-21.836665826426337,[0.01393651 0.         0.         0.         0.         0.         0.         0.         0.         0.         0.         0.         0.         0.         0.         0.         0.         0.         0.         0.         0.         0.         0.         0.         0.         0.         0.         0.98606349 0.         0.         0.        ],[1. 0. 0. 0. 0. 0. 0. 0. 0. 0. 0. 0. 0. 0. 0. 0. 0. 0. 0. 0. 0. 0. 0. 0. 0. 0. 0. 1. 0. 0. 0.],2.0,10000,30,0.6,10,1,2,,problem_solving
3200,0.003604711919979418,0.0023236593272953905,0.4,1.5036607624878775,[0.01393651 0.         0.         0.         0.         0.         0.         0.         0.         0.         0.         0.         0.         0.         0.         0.         0.         0.         0.         0.         0.         0.         0.         0.         0.         0.         0.         0.98606349 0.         0.         0.        ],[1. 0. 0. 0. 0. 0. 0. 0. 0. 0. 0. 0. 0. 0. 0. 0. 0. 0. 0. 0. 0. 0. 0. 0. 0. 0. 0. 1. 0. 0. 0.],2.0,10000,30,0.6,10,1,2,,problem_solving
3300,0.003604711919979418,0.0023236593272953905,0.4,-20.419553419522316,[0.01393651 0.         0.         0.         0.         0.         0.         0.         0.         0.         0.         0.         0.         0.         0.         0.         0.         0.         0.         0.         0.         0.         0.         0.         0.         0.         0.         0.98606349 0.         0.         0.        ],[1. 0. 0. 0. 0. 0. 0. 0. 0. 0. 0. 0. 0. 0. 0. 0. 0. 0. 0. 0. 0. 0. 0. 0. 0. 0. 0. 1. 0. 0. 0.],2.0,10000,30,0.6,10,1,2,,problem_solving
3400,0.003604711919979418,0.0023236593272953905,0.4,-14.935457580856701,[0.01393651 0.         0.         0.         0.         0.         0.         0.         0.         0.         0.         0.         0.         0.         0.         0.         0.         0.         0.         0.         0.         0.         0.         0.         0.         0.         0.         0.98606349 0.         0.         0.        ],[1. 0. 0. 0. 0. 0. 0. 0. 0. 0. 0. 0. 0. 0. 0. 0. 0. 0. 0. 0. 0. 0. 0. 0. 0. 0. 0. 1. 0. 0. 0.],2.0,10000,30,0.6,10,1,2,,problem_solving
3500,0.003604711919979418,0.0023236593272953905,0.4,-11.894749258520033,[0.01393651 0.         0.         0.         0.         0.         0.         0.         0.         0.         0.         0.         0.         0.         0.         0.         0.         0.         0.         0.         0.         0.         0.         0.         0.         0.         0.         0.98606349 0.         0.         0.        ],[1. 0. 0. 0. 0. 0. 0. 0. 0. 0. 0. 0. 0. 0. 0. 0. 0. 0. 0. 0. 0. 0. 0. 0. 0. 0. 0. 1. 0. 0. 0.],2.0,10000,30,0.6,10,1,2,,problem_solving
3600,0.003604711919979418,0.0023236593272953905,0.4,-17.238098791993192,[0.01393651 0.         0.         0.         0.         0.         0.         0.         0.         0.         0.         0.         0.         0.         0.         0.         0.         0.         0.         0.         0.         0.         0.         0.         0.         0.         0.         0.98606349 0.         0.         0.        ],[1. 0. 0. 0. 0. 0. 0. 0. 0. 0. 0. 0. 0. 0. 0. 0. 0. 0. 0. 0. 0. 0. 0. 0. 0. 0. 0. 1. 0. 0. 0.],2.0,10000,30,0.6,10,1,2,,problem_solving
3700,0.00256317774032891,0.01077443067341434,0.4,6.908147603274291,[0.        0.        0.        0.        0.9850841 0.        0.        0.        0.        0.        0.        0.        0.        0.        0.        0.        0.        0.        0.        0.        0.        0.        0.        0.        0.        0.0149159 0.        0.        0.        0.        0.       ],[0. 0. 0. 0. 1. 0. 0. 0. 0. 0. 0. 0. 0. 0. 0. 0. 0. 0. 0. 0. 0. 0. 0. 0. 0. 1. 0. 0. 0. 0. 0.],2.0,10000,30,0.6,10,1,2,,problem_solving
3800,0.00256317774032891,0.01077443067341434,0.4,0.507108578976377,[0.        0.        0.        0.        0.9850841 0.        0.        0.        0.        0.        0.        0.        0.        0.        0.        0.        0.        0.        0.        0.        0.        0.        0.        0.        0.        0.0149159 0.        0.        0.        0.        0.       ],[0. 0. 0. 0. 1. 0. 0. 0. 0. 0. 0. 0. 0. 0. 0. 0. 0. 0. 0. 0. 0. 0. 0. 0. 0. 1. 0. 0. 0. 0. 0.],2.0,10000,30,0.6,10,1,2,,problem_solving
3900,0.00256317774032891,0.01077443067341434,0.4,9.929069537244986,[0.        0.        0.        0.        0.9850841 0.        0.        0.        0.        0.        0.        0.        0.        0.        0.        0.        0.        0.        0.        0.        0.        0.        0.        0.        0.        0.0149159 0.        0.        0.        0.        0.       ],[0. 0. 0. 0. 1. 0. 0. 0. 0. 0. 0. 0. 0. 0. 0. 0. 0. 0. 0. 0. 0. 0. 0. 0. 0. 1. 0. 0. 0. 0. 0.],2.0,10000,30,0.6,10,1,2,,problem_solving
4000,0.00256317774032891,0.01077443067341434,0.4,-4.895355665218322,[0.        0.        0.        0.        0.9850841 0.        0.        0.        0.        0.        0.        0.        0.        0.        0.        0.        0.        0.        0.        0.        0.        0.        0.        0.        0.        0.0149159 0.        0.        0.        0.        0.       ],[0. 0. 0. 0. 1. 0. 0. 0. 0. 0. 0. 0. 0. 0. 0. 0. 0. 0. 0. 0. 0. 0. 0. 0. 0. 1. 0. 0. 0. 0. 0.],2.0,10000,30,0.6,10,1,2,,problem_solving
4100,0.00256317774032891,0.01077443067341434,0.4,18.969944525292497,[0.        0.        0.        0.        0.9850841 0.        0.        0.        0.        0.        0.        0.        0.        0.        0.        0.        0.        0.        0.        0.        0.        0.        0.        0.        0.        0.0149159 0.        0.        0.        0.        0.       ],[0. 0. 0. 0. 1. 0. 0. 0. 0. 0. 0. 0. 0. 0. 0. 0. 0. 0. 0. 0. 0. 0. 0. 0. 0. 1. 0. 0. 0. 0. 0.],2.0,10000,30,0.6,10,1,2,,problem_solving
4200,0.00256317774032891,0.01077443067341434,0.4,-1.760075690169812,[0.        0.        0.        0.        0.9850841 0.        0.        0.        0.        0.        0.        0.        0.        0.        0.        0.        0.        0.        0.        0.        0.        0.        0.        0.        0.        0.0149159 0.        0.        0.        0.        0.       ],[0. 0. 0. 0. 1. 0. 0. 0. 0. 0. 0. 0. 0. 0. 0. 0. 0. 0. 0. 0. 0. 0. 0. 0. 0. 1. 0. 0. 0. 0. 0.],2.0,10000,30,0.6,10,1,2,,problem_solving
4300,0.00256317774032891,0.01077443067341434,0.4,-4.331725356167258,[0.        0.        0.        0.        0.9850841 0.        0.        0.        0.        0.        0.        0.        0.        0.        0.        0.        0.        0.        0.        0.        0.        0.        0.        0.        0.        0.0149159 0.        0.        0.        0.        0.       ],[0. 0. 0. 0. 1. 0. 0. 0. 0. 0. 0. 0. 0. 0. 0. 0. 0. 0. 0. 0. 0. 0. 0. 0. 0. 1. 0. 0. 0. 0. 0.],2.0,10000,30,0.6,10,1,2,,problem_solving
4400,0.00256317774032891,0.01077443067341434,0.4,1.7155277457877034,[0.        0.        0.        0.        0.9850841 0.        0.        0.        0.        0.        0.        0.        0.        0.        0.        0.        0.        0.        0.        0.        0.        0.        0.        0.        0.        0.0149159 0.        0.        0.        0.        0.       ],[0. 0. 0. 0. 1. 0. 0. 0. 0. 0. 0. 0. 0. 0. 0. 0. 0. 0. 0. 0. 0. 0. 0. 0. 0. 1. 0. 0. 0. 0. 0.],2.0,10000,30,0.6,10,1,2,,problem_solving
4500,0.00256317774032891,0.01077443067341434,0.4,7.498754035467745,[0.        0.        0.        0.        0.9850841 0.        0.        0.        0.        0.        0.        0.        0.        0.        0.        0.        0.        0.        0.        0.        0.        0.        0.        0.        0.        0.0149159 0.        0.        0.        0.        0.       ],[0. 0. 0. 0. 1. 0. 0. 0. 0. 0. 0. 0. 0. 0. 0. 0. 0. 0. 0. 0. 0. 0. 0. 0. 0. 1. 0. 0. 0. 0. 0.],2.0,10000,30,0.6,10,1,2,,problem_solving
4600,0.00256317774032891,0.01077443067341434,0.4,-4.983971050394435,[0.        0.        0.        0.        0.9850841 0.        0.        0.        0.        0.        0.        0.        0.        0.        0.        0.        0.        0.        0.        0.        0.        0.        0.        0.        0.        0.0149159 0.        0.        0.        0.        0.       ],[0. 0. 0. 0. 1. 0. 0. 0. 0. 0. 0. 0. 0. 0. 0. 0. 0. 0. 0. 0. 0. 0. 0. 0. 0. 1. 0. 0. 0. 0. 0.],2.0,10000,30,0.6,10,1,2,,problem_solving
4700,0.00256317774032891,0.01077443067341434,0.4,-5.361641265893365,[0.        0.        0.        0.        0.9850841 0.        0.        0.        0.        0.        0.        0.        0.        0.        0.        0.        0.        0.        0.        0.        0.        0.        0.        0.        0.        0.0149159 0.        0.        0.        0.        0.       ],[0. 0. 0. 0. 1. 0. 0. 0. 0. 0. 0. 0. 0. 0. 0. 0. 0. 0. 0. 0. 0. 0. 0. 0. 0. 1. 0. 0. 0. 0. 0.],2.0,10000,30,0.6,10,1,2,,problem_solving
4800,0.00256317774032891,0.01077443067341434,0.4,-8.866013191017284,[0.        0.        0.        0.        0.9850841 0.        0.        0.        0.        0.        0.        0.        0.        0.        0.        0.        0.        0.        0.        0.        0.        0.        0.        0.        0.        0.0149159 0.        0.        0.        0.        0.       ],[0. 0. 0. 0. 1. 0. 0. 0. 0. 0. 0. 0. 0. 0. 0. 0. 0. 0. 0. 0. 0. 0. 0. 0. 0. 1. 0. 0. 0. 0. 0.],2.0,10000,30,0.6,10,1,2,,problem_solving
4900,0.00256317774032891,0.01077443067341434,0.4,-0.9568835295094649,[0.        0.        0.        0.        0.9850841 0.        0.        0.        0.        0.        0.        0.        0.        0.        0.        0.        0.        0.        0.        0.        0.        0.        0.        0.        0.        0.0149159 0.        0.        0.        0.        0.       ],[0. 0. 0. 0. 1. 0. 0. 0. 0. 0. 0. 0. 0. 0. 0. 0. 0. 0. 0. 0. 0. 0. 0. 0. 0. 1. 0. 0. 0. 0. 0.],2.0,10000,30,0.6,10,1,2,,problem_solving
5000,0.00256317774032891,0.01077443067341434,0.4,22.7396878069311,[0.        0.        0.        0.        0.9850841 0.        0.        0.        0.        0.        0.        0.        0.        0.        0.        0.        0.        0.        0.        0.        0.        0.        0.        0.        0.        0.0149159 0.        0.        0.        0.        0.       ],[0. 0. 0. 0. 1. 0. 0. 0. 0. 0. 0. 0. 0. 0. 0. 0. 0. 0. 0. 0. 0. 0. 0. 0. 0. 1. 0. 0. 0. 0. 0.],2.0,10000,30,0.6,10,1,2,,problem_solving
5100,0.00256317774032891,0.01077443067341434,0.4,-7.004149290032281,[0.        0.        0.        0.        0.9850841 0.        0.        0.        0.        0.        0.        0.        0.        0.        0.        0.        0.        0.        0.        0.        0.        0.        0.        0.        0.        0.0149159 0.        0.        0.        0.        0.       ],[0. 0. 0. 0. 1. 0. 0. 0. 0. 0. 0. 0. 0. 0. 0. 0. 0. 0. 0. 0. 0. 0. 0. 0. 0. 1. 0. 0. 0. 0. 0.],2.0,10000,30,0.6,10,1,2,,problem_solving
5200,0.00256317774032891,0.01077443067341434,0.4,-6.670004459316137,[0.        0.        0.        0.        0.9850841 0.        0.        0.        0.        0.        0.        0.        0.        0.        0.        0.        0.        0.        0.        0.        0.        0.        0.        0.        0.        0.0149159 0.        0.        0.        0.        0.       ],[0. 0. 0. 0. 1. 0. 0. 0. 0. 0. 0. 0. 0. 0. 0. 0. 0. 0. 0. 0. 0. 0. 0. 0. 0. 1. 0. 0. 0. 0. 0.],2.0,10000,30,0.6,10,1,2,,problem_solving
5300,0.00256317774032891,0.01077443067341434,0.4,5.598702463237917,[0.        0.        0.        0.        0.9850841 0.        0.        0.        0.        0.        0.        0.        0.        0.        0.        0.        0.        0.        0.        0.        0.        0.        0.        0.        0.        0.0149159 0.        0.        0.        0.        0.       ],[0. 0. 0. 0. 1. 0. 0. 0. 0. 0. 0. 0. 0. 0. 0. 0. 0. 0. 0. 0. 0. 0. 0. 0. 0. 1. 0. 0. 0. 0. 0.],2.0,10000,30,0.6,10,1,2,,problem_solving
5400,0.00256317774032891,0.01077443067341434,0.4,-18.819822805838943,[0.        0.        0.        0.        0.9850841 0.        0.        0.        0.        0.        0.        0.        0.        0.        0.        0.        0.        0.        0.        0.        0.        0.        0.        0.        0.        0.0149159 0.        0.        0.        0.        0.       ],[0. 0. 0. 0. 1. 0. 0. 0. 0. 0. 0. 0. 0. 0. 0. 0. 0. 0. 0. 0. 0. 0. 0. 0. 0. 1. 0. 0. 0. 0. 0.],2.0,10000,30,0.6,10,1,2,,problem_solving
5500,0.00256317774032891,0.01077443067341434,0.4,21.24032227998985,[0.        0.        0.        0.        0.9850841 0.        0.        0.        0.        0.        0.        0.        0.        0.        0.        0.        0.        0.        0.        0.        0.        0.        0.        0.        0.        0.0149159 0.        0.        0.        0.        0.       ],[0. 0. 0. 0. 1. 0. 0. 0. 0. 0. 0. 0. 0. 0. 0. 0. 0. 0. 0. 0. 0. 0. 0. 0. 0. 1. 0. 0. 0. 0. 0.],2.0,10000,30,0.6,10,1,2,,problem_solving
5600,0.00256317774032891,0.01077443067341434,0.4,7.91418842815729,[0.        0.        0.        0.        0.9850841 0.        0.        0.        0.        0.        0.        0.        0.        0.        0.        0.        0.        0.        0.        0.        0.        0.        0.        0.        0.        0.0149159 0.        0.        0.        0.        0.       ],[0. 0. 0. 0. 1. 0. 0. 0. 0. 0. 0. 0. 0. 0. 0. 0. 0. 0. 0. 0. 0. 0. 0. 0. 0. 1. 0. 0. 0. 0. 0.],2.0,10000,30,0.6,10,1,2,,problem_solving
5700,0.00256317774032891,0.01077443067341434,0.4,-6.150501999289472,[0.        0.        0.        0.        0.9850841 0.        0.        0.        0.        0.        0.        0.        0.        0.        0.        0.        0.        0.        0.        0.        0.        0.        0.        0.        0.        0.0149159 0.        0.        0.        0.        0.       ],[0. 0. 0. 0. 1. 0. 0. 0. 0. 0. 0. 0. 0. 0. 0. 0. 0. 0. 0. 0. 0. 0. 0. 0. 0. 1. 0. 0. 0. 0. 0.],2.0,10000,30,0.6,10,1,2,,problem_solving
5800,0.00256317774032891,0.01077443067341434,0.4,8.473938190478766,[0.        0.        0.        0.        0.9850841 0.        0.        0.        0.        0.        0.        0.        0.        0.        0.        0.        0.        0.        0.        0.        0.        0.        0.        0.        0.        0.0149159 0.        0.        0.        0.        0.       ],[0. 0. 0. 0. 1. 0. 0. 0. 0. 0. 0. 0. 0. 0. 0. 0. 0. 0. 0. 0. 0. 0. 0. 0. 0. 1. 0. 0. 0. 0. 0.],2.0,10000,30,0.6,10,1,2,,problem_solving
5900,0.00256317774032891,0.01077443067341434,0.4,5.301464154080615,[0.        0.        0.        0.        0.9850841 0.        0.        0.        0.        0.        0.        0.        0.        0.        0.        0.        0.        0.        0.        0.        0.        0.        0.        0.        0.        0.0149159 0.        0.        0.        0.        0.       ],[0. 0. 0. 0. 1. 0. 0. 0. 0. 0. 0. 0. 0. 0. 0. 0. 0. 0. 0. 0. 0. 0. 0. 0. 0. 1. 0. 0. 0. 0. 0.],2.0,10000,30,0.6,10,1,2,,problem_solving
6000,0.00256317774032891,0.01077443067341434,0.4,-16.75048954570108,[0.        0.        0.        0.        0.9850841 0.        0.        0.        0.        0.        0.        0.        0.        0.        0.        0.        0.        0.        0.        0.        0.        0.        0.        0.        0.        0.0149159 0.        0.        0.        0.        0.       ],[0. 0. 0. 0. 1. 0. 0. 0. 0. 0. 0. 0. 0. 0. 0. 0. 0. 0. 0. 0. 0. 0. 0. 0. 0. 1. 0. 0. 0. 0. 0.],2.0,10000,30,0.6,10,1,2,,problem_solving
6100,0.00256317774032891,0.01077443067341434,0.4,-19.6695554915363,[0.        0.        0.        0.        0.9850841 0.        0.        0.        0.        0.        0.        0.        0.        0.        0.        0.        0.        0.        0.        0.        0.        0.        0.        0.        0.        0.0149159 0.        0.        0.        0.        0.       ],[0. 0. 0. 0. 1. 0. 0. 0. 0. 0. 0. 0. 0. 0. 0. 0. 0. 0. 0. 0. 0. 0. 0. 0. 0. 1. 0. 0. 0. 0. 0.],2.0,10000,30,0.6,10,1,2,,problem_solving
6200,0.00256317774032891,0.01077443067341434,0.4,4.193148103898104,[0.        0.        0.        0.        0.9850841 0.        0.        0.        0.        0.        0.        0.        0.        0.        0.        0.        0.        0.        0.        0.        0.        0.        0.        0.        0.        0.0149159 0.        0.        0.        0.        0.       ],[0. 0. 0. 0. 1. 0. 0. 0. 0. 0. 0. 0. 0. 0. 0. 0. 0. 0. 0. 0. 0. 0. 0. 0. 0. 1. 0. 0. 0. 0. 0.],2.0,10000,30,0.6,10,1,2,,problem_solving
6300,0.00256317774032891,0.01077443067341434,0.4,7.848518791556382,[0.        0.        0.        0.        0.9850841 0.        0.        0.        0.        0.        0.        0.        0.        0.        0.        0.        0.        0.        0.        0.        0.        0.        0.        0.        0.        0.0149159 0.        0.        0.        0.        0.       ],[0. 0. 0. 0. 1. 0. 0. 0. 0. 0. 0. 0. 0. 0. 0. 0. 0. 0. 0. 0. 0. 0. 0. 0. 0. 1. 0. 0. 0. 0. 0.],2.0,10000,30,0.6,10,1,2,,problem_solving
6400,0.00256317774032891,0.01077443067341434,0.4,-0.4856988822216712,[0.        0.        0.        0.        0.9850841 0.        0.        0.        0.        0.        0.        0.        0.        0.        0.        0.        0.        0.        0.        0.        0.        0.        0.        0.        0.        0.0149159 0.        0.        0.        0.        0.       ],[0. 0. 0. 0. 1. 0. 0. 0. 0. 0. 0. 0. 0. 0. 0. 0. 0. 0. 0. 0. 0. 0. 0. 0. 0. 1. 0. 0. 0. 0. 0.],2.0,10000,30,0.6,10,1,2,,problem_solving
6500,0.00256317774032891,0.01077443067341434,0.4,12.010826373638094,[0.        0.        0.        0.        0.9850841 0.        0.        0.        0.        0.        0.        0.        0.        0.        0.        0.        0.        0.        0.        0.        0.        0.        0.        0.        0.        0.0149159 0.        0.        0.        0.        0.       ],[0. 0. 0. 0. 1. 0. 0. 0. 0. 0. 0. 0. 0. 0. 0. 0. 0. 0. 0. 0. 0. 0. 0. 0. 0. 1. 0. 0. 0. 0. 0.],2.0,10000,30,0.6,10,1,2,,problem_solving
6600,0.00256317774032891,0.01077443067341434,0.4,12.900890296254548,[0.        0.        0.        0.        0.9850841 0.        0.        0.        0.        0.        0.        0.        0.        0.        0.        0.        0.        0.        0.        0.        0.        0.        0.        0.        0.        0.0149159 0.        0.        0.        0.        0.       ],[0. 0. 0. 0. 1. 0. 0. 0. 0. 0. 0. 0. 0. 0. 0. 0. 0. 0. 0. 0. 0. 0. 0. 0. 0. 1. 0. 0. 0. 0. 0.],2.0,10000,30,0.6,10,1,2,,problem_solving
6700,0.00256317774032891,0.01077443067341434,0.4,10.37333976658342,[0.        0.        0.        0.        0.9850841 0.        0.        0.        0.        0.        0.        0.        0.        0.        0.        0.        0.        0.        0.        0.        0.        0.        0.        0.        0.        0.0149159 0.        0.        0.        0.        0.       ],[0. 0. 0. 0. 1. 0. 0. 0. 0. 0. 0. 0. 0. 0. 0. 0. 0. 0. 0. 0. 0. 0. 0. 0. 0. 1. 0. 0. 0. 0. 0.],2.0,10000,30,0.6,10,1,2,,problem_solving
6800,0.00256317774032891,0.01077443067341434,0.4,-9.870984259730166,[0.        0.        0.        0.        0.9850841 0.        0.        0.        0.        0.        0.        0.        0.        0.        0.        0.        0.        0.        0.        0.        0.        0.        0.        0.        0.        0.0149159 0.        0.        0.        0.        0.       ],[0. 0. 0. 0. 1. 0. 0. 0. 0. 0. 0. 0. 0. 0. 0. 0. 0. 0. 0. 0. 0. 0. 0. 0. 0. 1. 0. 0. 0. 0. 0.],2.0,10000,30,0.6,10,1,2,,problem_solving
6900,0.0023575214456719173,0.004876200001030274,0.4,-1.0188628520014857,[0.         0.         0.         0.         0.01370224 0.         0.         0.         0.         0.         0.         0.         0.         0.         0.         0.         0.         0.         0.         0.         0.         0.         0.         0.         0.         0.98629776 0.         0.         0.         0.         0.        ],[0. 0. 0. 0. 1. 0. 0. 0. 0. 0. 0. 0. 0. 0. 0. 0. 0. 0. 0. 0. 0. 0. 0. 0. 0. 1. 0. 0. 0. 0. 0.],2.0,10000,30,0.6,10,1,2,,problem_solving
7000,0.0023575214456719173,0.004876200001030274,0.4,-0.4701838965550891,[0.         0.         0.         0.         0.01370224 0.         0.         0.         0.         0.         0.         0.         0.         0.         0.         0.         0.         0.         0.         0.         0.         0.         0.         0.         0.         0.98629776 0.         0.         0.         0.         0.        ],[0. 0. 0. 0. 1. 0. 0. 0. 0. 0. 0. 0. 0. 0. 0. 0. 0. 0. 0. 0. 0. 0. 0. 0. 0. 1. 0. 0. 0. 0. 0.],2.0,10000,30,0.6,10,1,2,,problem_solving
7100,0.0023575214456719173,0.004876200001030274,0.4,3.423533811360589,[0.         0.         0.         0.         0.01370224 0.         0.         0.         0.         0.         0.         0.         0.         0.         0.         0.         0.         0.         0.         0.         0.         0.         0.         0.         0.         0.98629776 0.         0.         0.         0.         0.        ],[0. 0. 0. 0. 1. 0. 0. 0. 0. 0. 0. 0. 0. 0. 0. 0. 0. 0. 0. 0. 0. 0. 0. 0. 0. 1. 0. 0. 0. 0. 0.],2.0,10000,30,0.6,10,1,2,,problem_solving
7200,0.0023575214456719173,0.004876200001030274,0.4,-3.698008329387616,[0.         0.         0.         0.         0.01370224 0.         0.         0.         0.         0.         0.         0.         0.         0.         0.         0.         0.         0.         0.         0.         0.         0.         0.         0.         0.         0.98629776 0.         0.         0.         0.         0.        ],[0. 0. 0. 0. 1. 0. 0. 0. 0. 0. 0. 0. 0. 0. 0. 0. 0. 0. 0. 0. 0. 0. 0. 0. 0. 1. 0. 0. 0. 0. 0.],2.0,10000,30,0.6,10,1,2,,problem_solving
7300,0.0023575214456719173,0.004876200001030274,0.4,-13.213867171845184,[0.         0.         0.         0.         0.01370224 0.         0.         0.         0.         0.         0.         0.         0.         0.         0.         0.         0.         0.         0.         0.         0.         0.         0.         0.         0.         0.98629776 0.         0.         0.         0.         0.        ],[0. 0. 0. 0. 1. 0. 0. 0. 0. 0. 0. 0. 0. 0. 0. 0. 0. 0. 0. 0. 0. 0. 0. 0. 0. 1. 0. 0. 0. 0. 0.],2.0,10000,30,0.6,10,1,2,,problem_solving
7400,0.0023575214456719173,0.004876200001030274,0.4,-13.619698696310632,[0.         0.         0.         0.         0.01370224 0.         0.         0.         0.         0.         0.         0.         0.         0.         0.         0.         0.         0.         0.         0.         0.         0.         0.         0.         0.         0.98629776 0.         0.         0.         0.         0.        ],[0. 0. 0. 0. 1. 0. 0. 0. 0. 0. 0. 0. 0. 0. 0. 0. 0. 0. 0. 0. 0. 0. 0. 0. 0. 1. 0. 0. 0. 0. 0.],2.0,10000,30,0.6,10,1,2,,problem_solving
7500,0.0023575214456719173,0.004876200001030274,0.4,4.857535841841807,[0.         0.         0.         0.         0.01370224 0.         0.         0.         0.         0.         0.         0.         0.         0.         0.         0.         0.         0.         0.         0.         0.         0.         0.         0.         0.         0.98629776 0.         0.         0.         0.         0.        ],[0. 0. 0. 0. 1. 0. 0. 0. 0. 0. 0. 0. 0. 0. 0. 0. 0. 0. 0. 0. 0. 0. 0. 0. 0. 1. 0. 0. 0. 0. 0.],2.0,10000,30,0.6,10,1,2,,problem_solving
7600,0.0023575214456719173,0.004876200001030274,0.4,5.597379990158951,[0.         0.         0.         0.         0.01370224 0.         0.         0.         0.         0.         0.         0.         0.         0.         0.         0.         0.         0.         0.         0.         0.         0.         0.         0.         0.         0.98629776 0.         0.         0.         0.         0.        ],[0. 0. 0. 0. 1. 0. 0. 0. 0. 0. 0. 0. 0. 0. 0. 0. 0. 0. 0. 0. 0. 0. 0. 0. 0. 1. 0. 0. 0. 0. 0.],2.0,10000,30,0.6,10,1,2,,problem_solving
7700,0.0023575214456719173,0.004876200001030274,0.4,-0.7953997098054784,[0.         0.         0.         0.         0.01370224 0.         0.         0.         0.         0.         0.         0.         0.         0.         0.         0.         0.         0.         0.         0.         0.         0.         0.         0.         0.         0.98629776 0.         0.         0.         0.         0.        ],[0. 0. 0. 0. 1. 0. 0. 0. 0. 0. 0. 0. 0. 0. 0. 0. 0. 0. 0. 0. 0. 0. 0. 0. 0. 1. 0. 0. 0. 0. 0.],2.0,10000,30,0.6,10,1,2,,problem_solving
7800,0.0023575214456719173,0.004876200001030274,0.4,-7.31427679745562,[0.         0.         0.         0.         0.01370224 0.         0.         0.         0.         0.         0.         0.         0.         0.         0.         0.         0.         0.         0.         0.         0.         0.         0.         0.         0.         0.98629776 0.         0.         0.         0.         0.        ],[0. 0. 0. 0. 1. 0. 0. 0. 0. 0. 0. 0. 0. 0. 0. 0. 0. 0. 0. 0. 0. 0. 0. 0. 0. 1. 0. 0. 0. 0. 0.],2.0,10000,30,0.6,10,1,2,,problem_solving
7900,0.0023575214456719173,0.004876200001030274,0.4,-4.090741933706411,[0.         0.         0.         0.         0.01370224 0.         0.         0.         0.         0.         0.         0.         0.         0.         0.         0.         0.         0.         0.         0.         0.         0.         0.         0.         0.         0.98629776 0.         0.         0.         0.         0.        ],[0. 0. 0. 0. 1. 0. 0. 0. 0. 0. 0. 0. 0. 0. 0. 0. 0. 0. 0. 0. 0. 0. 0. 0. 0. 1. 0. 0. 0. 0. 0.],2.0,10000,30,0.6,10,1,2,,problem_solving
8000,0.0023575214456719173,0.004876200001030274,0.4,0.8842500705257889,[0.         0.         0.         0.         0.01370224 0.         0.         0.         0.         0.         0.         0.         0.         0.         0.         0.         0.         0.         0.         0.         0.         0.         0.         0.         0.         0.98629776 0.         0.         0.         0.         0.        ],[0. 0. 0. 0. 1. 0. 0. 0. 0. 0. 0. 0. 0. 0. 0. 0. 0. 0. 0. 0. 0. 0. 0. 0. 0. 1. 0. 0. 0. 0. 0.],2.0,10000,30,0.6,10,1,2,,problem_solving
8100,0.0023575214456719173,0.004876200001030274,0.4,11.270600162897983,[0.         0.         0.         0.         0.01370224 0.         0.         0.         0.         0.         0.         0.         0.         0.         0.         0.         0.         0.         0.         0.         0.         0.         0.         0.         0.         0.98629776 0.         0.         0.         0.         0.        ],[0. 0. 0. 0. 1. 0. 0. 0. 0. 0. 0. 0. 0. 0. 0. 0. 0. 0. 0. 0. 0. 0. 0. 0. 0. 1. 0. 0. 0. 0. 0.],2.0,10000,30,0.6,10,1,2,,problem_solving
8200,0.0023575214456719173,0.004876200001030274,0.4,2.260796019367458,[0.         0.         0.         0.         0.01370224 0.         0.         0.         0.         0.         0.         0.         0.         0.         0.         0.         0.         0.         0.         0.         0.         0.         0.         0.         0.         0.98629776 0.         0.         0.         0.         0.        ],[0. 0. 0. 0. 1. 0. 0. 0. 0. 0. 0. 0. 0. 0. 0. 0. 0. 0. 0. 0. 0. 0. 0. 0. 0. 1. 0. 0. 0. 0. 0.],2.0,10000,30,0.6,10,1,2,,problem_solving
8300,0.0023575214456719173,0.004876200001030274,0.4,-18.622998212572476,[0.         0.         0.         0.         0.01370224 0.         0.         0.         0.         0.         0.         0.         0.         0.         0.         0.         0.         0.         0.         0.         0.         0.         0.         0.         0.         0.98629776 0.         0.         0.         0.         0.        ],[0. 0. 0. 0. 1. 0. 0. 0. 0. 0. 0. 0. 0. 0. 0. 0. 0. 0. 0. 0. 0. 0. 0. 0. 0. 1. 0. 0. 0. 0. 0.],2.0,10000,30,0.6,10,1,2,,problem_solving
8400,0.0023575214456719173,0.004876200001030274,0.4,-12.708659001812254,[0.         0.         0.         0.         0.01370224 0.         0.         0.         0.         0.         0.         0.         0.         0.         0.         0.         0.         0.         0.         0.         0.         0.         0.         0.         0.         0.98629776 0.         0.         0.         0.         0.        ],[0. 0. 0. 0. 1. 0. 0. 0. 0. 0. 0. 0. 0. 0. 0. 0. 0. 0. 0. 0. 0. 0. 0. 0. 0. 1. 0. 0. 0. 0. 0.],2.0,10000,30,0.6,10,1,2,,problem_solving
8500,0.0023575214456719173,0.004876200001030274,0.4,9.489733241362062,[0.         0.         0.         0.         0.01370224 0.         0.         0.         0.         0.         0.         0.         0.         0.         0.         0.         0.         0.         0.         0.         0.         0.         0.         0.         0.         0.98629776 0.         0.         0.         0.         0.        ],[0. 0. 0. 0. 1. 0. 0. 0. 0. 0. 0. 0. 0. 0. 0. 0. 0. 0. 0. 0. 0. 0. 0. 0. 0. 1. 0. 0. 0. 0. 0.],2.0,10000,30,0.6,10,1,2,,problem_solving
8600,0.0023575214456719173,0.004876200001030274,0.4,4.71250302933881,[0.         0.         0.         0.         0.01370224 0.         0.         0.         0.         0.         0.         0.         0.         0.         0.         0.         0.         0.         0.         0.         0.         0.         0.         0.         0.         0.98629776 0.         0.         0.         0.         0.        ],[0. 0. 0. 0. 1. 0. 0. 0. 0. 0. 0. 0. 0. 0. 0. 0. 0. 0. 0. 0. 0. 0. 0. 0. 0. 1. 0. 0. 0. 0. 0.],2.0,10000,30,0.6,10,1,2,,problem_solving
8700,0.0023575214456719173,0.004876200001030274,0.4,1.9454225553809377,[0.         0.         0.         0.         0.01370224 0.         0.         0.         0.         0.         0.         0.         0.         0.         0.         0.         0.         0.         0.         0.         0.         0.         0.         0.         0.         0.98629776 0.         0.         0.         0.         0.        ],[0. 0. 0. 0. 1. 0. 0. 0. 0. 0. 0. 0. 0. 0. 0. 0. 0. 0. 0. 0. 0. 0. 0. 0. 0. 1. 0. 0. 0. 0. 0.],2.0,10000,30,0.6,10,1,2,,problem_solving
8800,0.0023575214456719173,0.004876200001030274,0.4,-9.662235424643438,[0.         0.         0.         0.         0.01370224 0.         0.         0.         0.         0.         0.         0.         0.         0.         0.         0.         0.         0.         0.         0.         0.         0.         0.         0.         0.         0.98629776 0.         0.         0.         0.         0.        ],[0. 0. 0. 0. 1. 0. 0. 0. 0. 0. 0. 0. 0. 0. 0. 0. 0. 0. 0. 0. 0. 0. 0. 0. 0. 1. 0. 0. 0. 0. 0.],2.0,10000,30,0.6,10,1,2,,problem_solving
8900,0.0023575214456719173,0.004876200001030274,0.4,-1.7094903419826601,[0.         0.         0.         0.         0.01370224 0.         0.         0.         0.         0.         0.         0.         0.         0.         0.         0.         0.         0.         0.         0.         0.         0.         0.         0.         0.         0.98629776 0.         0.         0.         0.         0.        ],[0. 0. 0. 0. 1. 0. 0. 0. 0. 0. 0. 0. 0. 0. 0. 0. 0. 0. 0. 0. 0. 0. 0. 0. 0. 1. 0. 0. 0. 0. 0.],2.0,10000,30,0.6,10,1,2,,problem_solving
9000,0.0023575214456719173,0.004876200001030274,0.4,12.00630175603495,[0.         0.         0.         0.         0.01370224 0.         0.         0.         0.         0.         0.         0.         0.         0.         0.         0.         0.         0.         0.         0.         0.         0.         0.         0.         0.         0.98629776 0.         0.         0.         0.         0.        ],[0. 0. 0. 0. 1. 0. 0. 0. 0. 0. 0. 0. 0. 0. 0. 0. 0. 0. 0. 0. 0. 0. 0. 0. 0. 1. 0. 0. 0. 0. 0.],2.0,10000,30,0.6,10,1,2,,problem_solving
9100,0.0023575214456719173,0.004876200001030274,0.4,-4.259095555810469,[0.         0.         0.         0.         0.01370224 0.         0.         0.         0.         0.         0.         0.         0.         0.         0.         0.         0.         0.         0.         0.         0.         0.         0.         0.         0.         0.98629776 0.         0.         0.         0.         0.        ],[0. 0. 0. 0. 1. 0. 0. 0. 0. 0. 0. 0. 0. 0. 0. 0. 0. 0. 0. 0. 0. 0. 0. 0. 0. 1. 0. 0. 0. 0. 0.],2.0,10000,30,0.6,10,1,2,,problem_solving
9200,0.0023575214456719173,0.004876200001030274,0.4,-4.661462970270414,[0.         0.         0.         0.         0.01370224 0.         0.         0.         0.         0.         0.         0.         0.         0.         0.         0.         0.         0.         0.         0.         0.         0.         0.         0.         0.         0.98629776 0.         0.         0.         0.         0.        ],[0. 0. 0. 0. 1. 0. 0. 0. 0. 0. 0. 0. 0. 0. 0. 0. 0. 0. 0. 0. 0. 0. 0. 0. 0. 1. 0. 0. 0. 0. 0.],2.0,10000,30,0.6,10,1,2,,problem_solving
9300,0.0023575214456719173,0.004876200001030274,0.4,-2.546129411402982,[0.         0.         0.         0.         0.01370224 0.         0.         0.         0.         0.         0.         0.         0.         0.         0.         0.         0.         0.         0.         0.         0.         0.         0.         0.         0.         0.98629776 0.         0.         0.         0.         0.        ],[0. 0. 0. 0. 1. 0. 0. 0. 0. 0. 0. 0. 0. 0. 0. 0. 0. 0. 0. 0. 0. 0. 0. 0. 0. 1. 0. 0. 0. 0. 0.],2.0,10000,30,0.6,10,1,2,,problem_solving
9400,0.0023575214456719173,0.004876200001030274,0.4,10.885698415502663,[0.         0.         0.         0.         0.01370224 0.         0.         0.         0.         0.         0.         0.         0.         0.         0.         0.         0.         0.         0.         0.         0.         0.         0.         0.         0.         0.98629776 0.         0.         0.         0.         0.        ],[0. 0. 0. 0. 1. 0. 0. 0. 0. 0. 0. 0. 0. 0. 0. 0. 0. 0. 0. 0. 0. 0. 0. 0. 0. 1. 0. 0. 0. 0. 0.],2.0,10000,30,0.6,10,1,2,,problem_solving
9500,0.0020144632203263576,0.004757031257982247,0.4,-8.227158655520348,[0.         0.         0.         0.         0.         0.         0.         0.         0.         0.         0.         0.         0.         0.         0.         0.         0.         0.         0.         0.         0.         0.         0.         0.         0.         0.98534878 0.         0.01465122 0.         0.         0.        ],[0. 0. 0. 0. 0. 0. 0. 0. 0. 0. 0. 0. 0. 0. 0. 0. 0. 0. 0. 0. 0. 0. 0. 0. 0. 1. 0. 1. 0. 0. 0.],2.0,10000,30,0.6,10,1,2,,problem_solving
9600,0.0020144632203263576,0.004757031257982247,0.4,7.913223851329697,[0.         0.         0.         0.         0.         0.         0.         0.         0.         0.         0.         0.         0.         0.         0.         0.         0.         0.         0.         0.         0.         0.         0.         0.         0.         0.98534878 0.         0.01465122 0.         0.         0.        ],[0. 0. 0. 0. 0. 0. 0. 0. 0. 0. 0. 0. 0. 0. 0. 0. 0. 0. 0. 0. 0. 0. 0. 0. 0. 1. 0. 1. 0. 0. 0.],2.0,10000,30,0.6,10,1,2,,problem_solving
9700,0.0020144632203263576,0.004757031257982247,0.4,7.146684635802584,[0.         0.         0.         0.         0.         0.         0.         0.         0.         0.         0.         0.         0.         0.         0.         0.         0.         0.         0.         0.         0.         0.         0.         0.         0.         0.98534878 0.         0.01465122 0.         0.         0.        ],[0. 0. 0. 0. 0. 0. 0. 0. 0. 0. 0. 0. 0. 0. 0. 0. 0. 0. 0. 0. 0. 0. 0. 0. 0. 1. 0. 1. 0. 0. 0.],2.0,10000,30,0.6,10,1,2,,problem_solving
9800,0.0020144632203263576,0.004757031257982247,0.4,14.111314192129027,[0.         0.         0.         0.         0.         0.         0.         0.         0.         0.         0.         0.         0.         0.         0.         0.         0.         0.         0.         0.         0.         0.         0.         0.         0.         0.98534878 0.         0.01465122 0.         0.         0.        ],[0. 0. 0. 0. 0. 0. 0. 0. 0. 0. 0. 0. 0. 0. 0. 0. 0. 0. 0. 0. 0. 0. 0. 0. 0. 1. 0. 1. 0. 0. 0.],2.0,10000,30,0.6,10,1,2,,problem_solving
9900,0.0020144632203263576,0.004757031257982247,0.4,6.870593758233444,[0.         0.         0.         0.         0.         0.         0.         0.         0.         0.         0.         0.         0.         0.         0.         0.         0.         0.         0.         0.         0.         0.         0.         0.         0.         0.98534878 0.         0.01465122 0.         0.         0.        ],[0. 0. 0. 0. 0. 0. 0. 0. 0. 0. 0. 0. 0. 0. 0. 0. 0. 0. 0. 0. 0. 0. 0. 0. 0. 1. 0. 1. 0. 0. 0.],2.0,10000,30,0.6,10,1,2,,problem_solving
9999,0.0020144632203263576,0.004757031257982247,0.4,-4.061456386397324,[0.         0.         0.         0.         0.         0.         0.         0.         0.         0.         0.         0.         0.         0.         0.         0.         0.         0.         0.         0.         0.         0.         0.         0.         0.         0.98534878 0.         0.01465122 0.         0.         0.        ],[0. 0. 0. 0. 0. 0. 0. 0. 0. 0. 0. 0. 0. 0. 0. 0. 0. 0. 0. 0. 0. 0. 0. 0. 0. 1. 0. 1. 0. 0. 0.],2.0,10000,30,0.6,10,1,2,,problem_solving
