iter,cost,return,par,move,X,Z,Q,max_iter,mem_size,mem_consider,sigma,port_n,k,seed,tag
1,0.12816404324701522,0.0024398911758276845,0.4,-2.019794544731103,[0.         0.010963   0.         0.         0.0113206  0.         0.         0.         0.         0.         0.02515728 0.         0.         0.         0.         0.         0.         0.         0.         0.         0.         0.         0.         0.         0.         0.02672625 0.         0.89312559 0.         0.         0.03270728],[0. 1. 0. 0. 1. 0. 0. 0. 0. 0. 1. 0. 0. 0. 0. 0. 0. 0. 0. 0. 0. 0. 0. 0. 0. 1. 0. 1. 0. 0. 1.],6.0,10000,30,0.6,10,1,6,,problem_solving
100,0.03164777847124057,0.005114898357076492,0.4,-12.763221894785309,[0.         0.         0.         0.         0.         0.         0.         0.         0.         0.         0.02649448 0.         0.         0.         0.         0.         0.01909355 0.         0.02077733 0.         0.         0.         0.01069962 0.         0.         0.01098214 0.         0.91195289 0.         0.         0.        ],[0. 0. 0. 0. 0. 0. 0. 0. 0. 0. 1. 0. 0. 0. 0. 0. 1. 0. 1. 0. 0. 0. 1. 0. 0. 1. 0. 1. 0. 0. 0.],6.0,10000,30,0.6,10,1,6,,problem_solving
200,0.026390305023821475,0.002534453059592832,0.4,7.523158147920116,[0.         0.         0.         0.         0.         0.         0.         0.         0.         0.         0.         0.         0.         0.         0.01664088 0.         0.         0.         0.         0.01223283 0.01058471 0.         0.         0.         0.02290988 0.         0.01055354 0.92707815 0.         0.         0.        ],[0. 0. 0. 0. 0. 0. 0. 0. 0. 0. 0. 0. 0. 0. 1. 0. 0. 0. 0. 1. 1. 0. 0. 0. 1. 0. 1. 1. 0. 0. 0.],6.0,10000,30,0.6,10,1,6,,problem_solving
300,0.026390305023821475,0.002534453059592832,0.4,9.574402467226129,[0.         0.         0.         0.         0.         0.         0.         0.         0.         0.         0.         0.         0.         0.         0.01664088 0.         0.         0.         0.         0.01223283 0.01058471 0.         0.         0.         0.02290988 0.         0.01055354 0.92707815 0.         0.         0.        ],[0. 0. 0. 0. 0. 0. 0. 0. 0. 0. 0. 0. 0. 0. 1. 0. 0. 0. 0. 1. 1. 0. 0. 0. 1. 0. 1. 1. 0. 0. 0.],6.0,10000,30,0.6,10,1,6,,problem_solving
400,0.026390305023821475,0.002534453059592832,0.4,-11.450355992356727,[0.         0.         0.         0.         0.         0.         0.         0.         0.         0.         0.         0.         0.         0.         0.01664088 0.         0.         0.         0.         0.01223283 0.01058471 0.         0.         0.         0.02290988 0.         0.01055354 0.92707815 0.         0.         0.        ],[0. 0. 0. 0. 0. 0. 0. 0. 0. 0. 0. 0. 0. 0. 1. 0. 0. 0. 0. 1. 1. 0. 0. 0. 1. 0. 1. 1. 0. 0. 0.],6.0,10000,30,0.6,10,1,6,,problem_solving
500,0.026390305023821475,0.002534453059592832,0.4,-6.626585579443754,[0.         0.         0.         0.         0.         0.         0.         0.         0.         0.         0.         0.         0.         0.         0.01664088 0.         0.         0.         0.         0.01223283 0.01058471 0.         0.         0.         0.02290988 0.         0.01055354 0.92707815 0.         0.         0.        ],[0. 0. 0. 0. 0. 0. 0. 0. 0. 0. 0. 0. 0. 0. 1. 0. 0. 0. 0. 1. 1. 0. 0. 0. 1. 0. 1. 1. 0. 0. 0.],6.0,10000,30,0.6,10,1,6,,problem_solving
600,0.026390305023821475,0.002534453059592832,0.4,-1.776848035938072,[0.         0.         0.         0.         0.         0.         0.         0.         0.         0.         0.         0.         0.         0.         0.01664088 0.         0.         0.         0.         0.01223283 0.01058471 0.         0.         0.         0.02290988 0.         0.01055354 0.92707815 0.         0.         0.        ],[0. 0. 0. 0. 0. 0. 0. 0. 0. 0. 0. 0. 0. 0. 1. 0. 0. 0. 0. 1. 1. 0. 0. 0. 1. 0. 1. 1. 0. 0. 0.],6.0,10000,30,0.6,10,1,6,,problem_solving
700,0.026390305023821475,0.002534453059592832,0.4,-5.55631026751024,[0.         0.         0.         0.         0.         0.         0.         0.         0.         0.         0.         0.         0.         0.         0.01664088 0.         0.         0.         0.         0.01223283 0.01058471 0.         0.         0.         0.02290988 0.         0.01055354 0.92707815 0.         0.         0.        ],[0. 0. 0. 0. 0. 0. 0. 0. 0. 0. 0. 0. 0. 0. 1. 0. 0. 0. 0. 1. 1. 0. 0. 0. 1. 0. 1. 1. 0. 0. 0.],6.0,10000,30,0.6,10,1,6,,problem_solving
800,0.023675434468614705,0.00237933249036421,0.4,-0.20620612008245953,[0.         0.01490517 0.         0.         0.         0.         0.         0.         0.         0.         0.         0.         0.         0.         0.         0.01096621 0.         0.         0.         0.         0.         0.         0.         0.02701775 0.         0.         0.         0.90989708 0.         0.01080885 0.02640493],[0. 1. 0. 0. 0. 0. 0. 0. 0. 0. 0. 0. 0. 0. 0. 1. 0. 0. 0. 0. 0. 0. 0. 1. 0. 0. 0. 1. 0. 1. 1.],6.0,10000,30,0.6,10,1,6,,problem_solving
900,0.023675434468614705,0.00237933249036421,0.4,19.67412297904771,[0.         0.01490517 0.         0.         0.         0.         0.         0.         0.         0.         0.         0.         0.         0.         0.         0.01096621 0.         0.         0.         0.         0.         0.         0.         0.02701775 0.         0.         0.         0.90989708 0.         0.01080885 0.02640493],[0. 1. 0. 0. 0. 0. 0. 0. 0. 0. 0. 0. 0. 0. 0. 1. 0. 0. 0. 0. 0. 0. 0. 1. 0. 0. 0. 1. 0. 1. 1.],6.0,10000,30,0.6,10,1,6,,problem_solving
1000,0.023675434468614705,0.00237933249036421,0.4,7.327131446907172,[0.         0.01490517 0.         0.         0.         0.         0.         0.         0.         0.         0.         0.         0.         0.         0.         0.01096621 0.         0.         0.         0.         0.         0.         0.         0.02701775 0.         0.         0.         0.90989708 0.         0.01080885 0.02640493],[0. 1. 0. 0. 0. 0. 0. 0. 0. 0. 0. 0. 0. 0. 0. 1. 0. 0. 0. 0. 0. 0. 0. 1. 0. 0. 0. 1. 0. 1. 1.],6.0,10000,30,0.6,10,1,6,,problem_solving
1100,0.023675434468614705,0.00237933249036421,0.4,-1.7447505068776779,[0.         0.01490517 0.         0.         0.         0.         0.         0.         0.         0.         0.         0.         0.         0.         0.         0.01096621 0.         0.         0.         0.         0.         0.         0.         0.02701775 0.         0.         0.         0.90989708 0.         0.01080885 0.02640493],[0. 1. 0. 0. 0. 0. 0. 0. 0. 0. 0. 0. 0. 0. 0. 1. 0. 0. 0. 0. 0. 0. 0. 1. 0. 0. 0. 1. 0. 1. 1.],6.0,10000,30,0.6,10,1,6,,problem_solving
1200,0.023675434468614705,0.00237933249036421,0.4,-3.8555724074149165,[0.         0.01490517 0.         0.         0.         0.         0.         0.         0.         0.         0.         0.         0.         0.         0.         0.01096621 0.         0.         0.         0.         0.         0.         0.         0.02701775 0.         0.         0.         0.90989708 0.         0.01080885 0.02640493],[0. 1. 0. 0. 0. 0. 0. 0. 0. 0. 0. 0. 0. 0. 0. 1. 0. 0. 0. 0. 0. 0. 0. 1. 0. 0. 0. 1. 0. 1. 1.],6.0,10000,30,0.6,10,1,6,,problem_solving
1300,0.023675434468614705,0.00237933249036421,0.4,4.894218944204482,[0.         0.01490517 0.         0.         0.         0.         0.         0.         0.         0.         0.         0.         0.         0.         0.         0.01096621 0.         0.         0.         0.         0.         0.         0.         0.02701775 0.         0.         0.         0.90989708 0.         0.01080885 0.02640493],[0. 1. 0. 0. 0. 0. 0. 0. 0. 0. 0. 0. 0. 0. 0. 1. 0. 0. 0. 0. 0. 0. 0. 1. 0. 0. 0. 1. 0. 1. 1.],6.0,10000,30,0.6,10,1,6,,problem_solving
1400,0.023675434468614705,0.00237933249036421,0.4,7.05694300152282,[0.         0.01490517 0.         0.         0.         0.         0.         0.         0.         0.         0.         0.         0.         0.         0.         0.01096621 0.         0.         0.         0.         0.         0.         0.         0.02701775 0.         0.         0.         0.90989708 0.         0.01080885 0.02640493],[0. 1. 0. 0. 0. 0. 0. 0. 0. 0. 0. 0. 0. 0. 0. 1. 0. 0. 0. 0. 0. 0. 0. 1. 0. 0. 0. 1. 0. 1. 1.],6.0,10000,30,0.6,10,1,6,,problem_solving
1500,0.023675434468614705,0.00237933249036421,0.4,8.148287353797318,[0.         0.01490517 0.         0.         0.         0.         0.         0.         0.         0.         0.         0.         0.         0.         0.         0.01096621 0.         0.         0.         0.         0.         0.         0.         0.02701775 0.         0.         0.         0.90989708 0.         0.01080885 0.02640493],[0. 1. 0. 0. 0. 0. 0. 0. 0. 0. 0. 0. 0. 0. 0. 1. 0. 0. 0. 0. 0. 0. 0. 1. 0. 0. 0. 1. 0. 1. 1.],6.0,10000,30,0.6,10,1,6,,problem_solving
1600,0.023675434468614705,0.00237933249036421,0.4,-9.19539905410823,[0.         0.01490517 0.         0.         0.         0.         0.         0.         0.         0.         0.         0.         0.         0.         0.         0.01096621 0.         0.         0.         0.         0.         0.         0.         0.02701775 0.         0.         0.         0.90989708 0.         0.01080885 0.02640493],[0. 1. 0. 0. 0. 0. 0. 0. 0. 0. 0. 0. 0. 0. 0. 1. 0. 0. 0. 0. 0. 0. 0. 1. 0. 0. 0. 1. 0. 1. 1.],6.0,10000,30,0.6,10,1,6,,problem_solving
1700,0.02309239794124416,0.0025240908843200786,0.4,0.8488902918760861,[0.         0.01283434 0.         0.         0.         0.         0.         0.01190788 0.01667997 0.         0.         0.         0.         0.         0.         0.         0.         0.         0.         0.0174359  0.02426677 0.         0.         0.         0.         0.         0.         0.91687514 0.         0.         0.        ],[0. 1. 0. 0. 0. 0. 0. 1. 1. 0. 0. 0. 0. 0. 0. 0. 0. 0. 0. 1. 1. 0. 0. 0. 0. 0. 0. 1. 0. 0. 0.],6.0,10000,30,0.6,10,1,6,,problem_solving
1800,0.02309239794124416,0.0025240908843200786,0.4,7.035791286698984,[0.         0.01283434 0.         0.         0.         0.         0.         0.01190788 0.01667997 0.         0.         0.         0.         0.         0.         0.         0.         0.         0.         0.0174359  0.02426677 0.         0.         0.         0.         0.         0.         0.91687514 0.         0.         0.        ],[0. 1. 0. 0. 0. 0. 0. 1. 1. 0. 0. 0. 0. 0. 0. 0. 0. 0. 0. 1. 1. 0. 0. 0. 0. 0. 0. 1. 0. 0. 0.],6.0,10000,30,0.6,10,1,6,,problem_solving
1900,0.02206333103080786,0.0026412364758834138,0.4,-16.308867397036458,[0.         0.         0.         0.         0.02439995 0.         0.         0.         0.02331798 0.         0.         0.         0.         0.         0.         0.         0.         0.01092038 0.         0.         0.         0.         0.         0.         0.01101776 0.         0.         0.90270256 0.         0.         0.02764137],[0. 0. 0. 0. 1. 0. 0. 0. 1. 0. 0. 0. 0. 0. 0. 0. 0. 1. 0. 0. 0. 0. 0. 0. 1. 0. 0. 1. 0. 0. 1.],6.0,10000,30,0.6,10,1,6,,problem_solving
2000,0.02206333103080786,0.0026412364758834138,0.4,19.489087201698155,[0.         0.         0.         0.         0.02439995 0.         0.         0.         0.02331798 0.         0.         0.         0.         0.         0.         0.         0.         0.01092038 0.         0.         0.         0.         0.         0.         0.01101776 0.         0.         0.90270256 0.         0.         0.02764137],[0. 0. 0. 0. 1. 0. 0. 0. 1. 0. 0. 0. 0. 0. 0. 0. 0. 1. 0. 0. 0. 0. 0. 0. 1. 0. 0. 1. 0. 0. 1.],6.0,10000,30,0.6,10,1,6,,problem_solving
2100,0.02206333103080786,0.0026412364758834138,0.4,14.359402378073806,[0.         0.         0.         0.         0.02439995 0.         0.         0.         0.02331798 0.         0.         0.         0.         0.         0.         0.         0.         0.01092038 0.         0.         0.         0.         0.         0.         0.01101776 0.         0.         0.90270256 0.         0.         0.02764137],[0. 0. 0. 0. 1. 0. 0. 0. 1. 0. 0. 0. 0. 0. 0. 0. 0. 1. 0. 0. 0. 0. 0. 0. 1. 0. 0. 1. 0. 0. 1.],6.0,10000,30,0.6,10,1,6,,problem_solving
2200,0.02206333103080786,0.0026412364758834138,0.4,-2.6945374835313958,[0.         0.         0.         0.         0.02439995 0.         0.         0.         0.02331798 0.         0.         0.         0.         0.         0.         0.         0.         0.01092038 0.         0.         0.         0.         0.         0.         0.01101776 0.         0.         0.90270256 0.         0.         0.02764137],[0. 0. 0. 0. 1. 0. 0. 0. 1. 0. 0. 0. 0. 0. 0. 0. 0. 1. 0. 0. 0. 0. 0. 0. 1. 0. 0. 1. 0. 0. 1.],6.0,10000,30,0.6,10,1,6,,problem_solving
2300,0.02206333103080786,0.0026412364758834138,0.4,3.500332876542385,[0.         0.         0.         0.         0.02439995 0.         0.         0.         0.02331798 0.         0.         0.         0.         0.         0.         0.         0.         0.01092038 0.         0.         0.         0.         0.         0.         0.01101776 0.         0.         0.90270256 0.         0.         0.02764137],[0. 0. 0. 0. 1. 0. 0. 0. 1. 0. 0. 0. 0. 0. 0. 0. 0. 1. 0. 0. 0. 0. 0. 0. 1. 0. 0. 1. 0. 0. 1.],6.0,10000,30,0.6,10,1,6,,problem_solving
2400,0.02206333103080786,0.0026412364758834138,0.4,2.8871815685711057,[0.         0.         0.         0.         0.02439995 0.         0.         0.         0.02331798 0.         0.         0.         0.         0.         0.         0.         0.         0.01092038 0.         0.         0.         0.         0.         0.         0.01101776 0.         0.         0.90270256 0.         0.         0.02764137],[0. 0. 0. 0. 1. 0. 0. 0. 1. 0. 0. 0. 0. 0. 0. 0. 0. 1. 0. 0. 0. 0. 0. 0. 1. 0. 0. 1. 0. 0. 1.],6.0,10000,30,0.6,10,1,6,,problem_solving
2500,0.02206333103080786,0.0026412364758834138,0.4,15.462237902957378,[0.         0.         0.         0.         0.02439995 0.         0.         0.         0.02331798 0.         0.         0.         0.         0.         0.         0.         0.         0.01092038 0.         0.         0.         0.         0.         0.         0.01101776 0.         0.         0.90270256 0.         0.         0.02764137],[0. 0. 0. 0. 1. 0. 0. 0. 1. 0. 0. 0. 0. 0. 0. 0. 0. 1. 0. 0. 0. 0. 0. 0. 1. 0. 0. 1. 0. 0. 1.],6.0,10000,30,0.6,10,1,6,,problem_solving
2600,0.02206333103080786,0.0026412364758834138,0.4,10.97762385861368,[0.         0.         0.         0.         0.02439995 0.         0.         0.         0.02331798 0.         0.         0.         0.         0.         0.         0.         0.         0.01092038 0.         0.         0.         0.         0.         0.         0.01101776 0.         0.         0.90270256 0.         0.         0.02764137],[0. 0. 0. 0. 1. 0. 0. 0. 1. 0. 0. 0. 0. 0. 0. 0. 0. 1. 0. 0. 0. 0. 0. 0. 1. 0. 0. 1. 0. 0. 1.],6.0,10000,30,0.6,10,1,6,,problem_solving
2700,0.02206333103080786,0.0026412364758834138,0.4,6.585520047668638,[0.         0.         0.         0.         0.02439995 0.         0.         0.         0.02331798 0.         0.         0.         0.         0.         0.         0.         0.         0.01092038 0.         0.         0.         0.         0.         0.         0.01101776 0.         0.         0.90270256 0.         0.         0.02764137],[0. 0. 0. 0. 1. 0. 0. 0. 1. 0. 0. 0. 0. 0. 0. 0. 0. 1. 0. 0. 0. 0. 0. 0. 1. 0. 0. 1. 0. 0. 1.],6.0,10000,30,0.6,10,1,6,,problem_solving
2800,0.016819700904103722,0.0025186669472775642,0.4,-1.8518381517148705,[0.01440281 0.         0.         0.         0.02339084 0.         0.         0.         0.         0.         0.         0.         0.         0.01670315 0.         0.         0.01056551 0.         0.         0.         0.         0.         0.         0.         0.         0.         0.         0.92327255 0.         0.01166515 0.        ],[1. 0. 0. 0. 1. 0. 0. 0. 0. 0. 0. 0. 0. 1. 0. 0. 1. 0. 0. 0. 0. 0. 0. 0. 0. 0. 0. 1. 0. 1. 0.],6.0,10000,30,0.6,10,1,6,,problem_solving
2900,0.016819700904103722,0.0025186669472775642,0.4,-9.706581388101622,[0.01440281 0.         0.         0.         0.02339084 0.         0.         0.         0.         0.         0.         0.         0.         0.01670315 0.         0.         0.01056551 0.         0.         0.         0.         0.         0.         0.         0.         0.         0.         0.92327255 0.         0.01166515 0.        ],[1. 0. 0. 0. 1. 0. 0. 0. 0. 0. 0. 0. 0. 1. 0. 0. 1. 0. 0. 0. 0. 0. 0. 0. 0. 0. 0. 1. 0. 1. 0.],6.0,10000,30,0.6,10,1,6,,problem_solving
3000,0.016819700904103722,0.0025186669472775642,0.4,5.570382275525466,[0.01440281 0.         0.         0.         0.02339084 0.         0.         0.         0.         0.         0.         0.         0.         0.01670315 0.         0.         0.01056551 0.         0.         0.         0.         0.         0.         0.         0.         0.         0.         0.92327255 0.         0.01166515 0.        ],[1. 0. 0. 0. 1. 0. 0. 0. 0. 0. 0. 0. 0. 1. 0. 0. 1. 0. 0. 0. 0. 0. 0. 0. 0. 0. 0. 1. 0. 1. 0.],6.0,10000,30,0.6,10,1,6,,problem_solving
3100,0.016819700904103722,0.0025186669472775642,0.4,24.32188991419825,[0.01440281 0.         0.         0.         0.02339084 0.         0.         0.         0.         0.         0.         0.         0.         0.01670315 0.         0.         0.01056551 0.         0.         0.         0.         0.         0.         0.         0.         0.         0.         0.92327255 0.         0.01166515 0.        ],[1. 0. 0. 0. 1. 0. 0. 0. 0. 0. 0. 0. 0. 1. 0. 0. 1. 0. 0. 0. 0. 0. 0. 0. 0. 0. 0. 1. 0. 1. 0.],6.0,10000,30,0.6,10,1,6,,problem_solving
3200,0.016819700904103722,0.0025186669472775642,0.4,13.764956531632835,[0.01440281 0.         0.         0.         0.02339084 0.         0.         0.         0.         0.         0.         0.         0.         0.01670315 0.         0.         0.01056551 0.         0.         0.         0.         0.         0.         0.         0.         0.         0.         0.92327255 0.         0.01166515 0.        ],[1. 0. 0. 0. 1. 0. 0. 0. 0. 0. 0. 0. 0. 1. 0. 0. 1. 0. 0. 0. 0. 0. 0. 0. 0. 0. 0. 1. 0. 1. 0.],6.0,10000,30,0.6,10,1,6,,problem_solving
3300,0.016819700904103722,0.0025186669472775642,0.4,2.111174171034451,[0.01440281 0.         0.         0.         0.02339084 0.         0.         0.         0.         0.         0.         0.         0.         0.01670315 0.         0.         0.01056551 0.         0.         0.         0.         0.         0.         0.         0.         0.         0.         0.92327255 0.         0.01166515 0.        ],[1. 0. 0. 0. 1. 0. 0. 0. 0. 0. 0. 0. 0. 1. 0. 0. 1. 0. 0. 0. 0. 0. 0. 0. 0. 0. 0. 1. 0. 1. 0.],6.0,10000,30,0.6,10,1,6,,problem_solving
3400,0.016819700904103722,0.0025186669472775642,0.4,-4.794244839634837,[0.01440281 0.         0.         0.         0.02339084 0.         0.         0.         0.         0.         0.         0.         0.         0.01670315 0.         0.         0.01056551 0.         0.         0.         0.         0.         0.         0.         0.         0.         0.         0.92327255 0.         0.01166515 0.        ],[1. 0. 0. 0. 1. 0. 0. 0. 0. 0. 0. 0. 0. 1. 0. 0. 1. 0. 0. 0. 0. 0. 0. 0. 0. 0. 0. 1. 0. 1. 0.],6.0,10000,30,0.6,10,1,6,,problem_solving
3500,0.016819700904103722,0.0025186669472775642,0.4,-11.374819500258937,[0.01440281 0.         0.         0.         0.02339084 0.         0.         0.         0.         0.         0.         0.         0.         0.01670315 0.         0.         0.01056551 0.         0.         0.         0.         0.         0.         0.         0.         0.         0.         0.92327255 0.         0.01166515 0.        ],[1. 0. 0. 0. 1. 0. 0. 0. 0. 0. 0. 0. 0. 1. 0. 0. 1. 0. 0. 0. 0. 0. 0. 0. 0. 0. 0. 1. 0. 1. 0.],6.0,10000,30,0.6,10,1,6,,problem_solving
3600,0.016819700904103722,0.0025186669472775642,0.4,4.170740564472409,[0.01440281 0.         0.         0.         0.02339084 0.         0.         0.         0.         0.         0.         0.         0.         0.01670315 0.         0.         0.01056551 0.         0.         0.         0.         0.         0.         0.         0.         0.         0.         0.92327255 0.         0.01166515 0.        ],[1. 0. 0. 0. 1. 0. 0. 0. 0. 0. 0. 0. 0. 1. 0. 0. 1. 0. 0. 0. 0. 0. 0. 0. 0. 0. 0. 1. 0. 1. 0.],6.0,10000,30,0.6,10,1,6,,problem_solving
3700,0.016819700904103722,0.0025186669472775642,0.4,-4.174910242905846,[0.01440281 0.         0.         0.         0.02339084 0.         0.         0.         0.         0.         0.         0.         0.         0.01670315 0.         0.         0.01056551 0.         0.         0.         0.         0.         0.         0.         0.         0.         0.         0.92327255 0.         0.01166515 0.        ],[1. 0. 0. 0. 1. 0. 0. 0. 0. 0. 0. 0. 0. 1. 0. 0. 1. 0. 0. 0. 0. 0. 0. 0. 0. 0. 0. 1. 0. 1. 0.],6.0,10000,30,0.6,10,1,6,,problem_solving
3800,0.016819700904103722,0.0025186669472775642,0.4,-16.25963555326145,[0.01440281 0.         0.         0.         0.02339084 0.         0.         0.         0.         0.         0.         0.         0.         0.01670315 0.         0.         0.01056551 0.         0.         0.         0.         0.         0.         0.         0.         0.         0.         0.92327255 0.         0.01166515 0.        ],[1. 0. 0. 0. 1. 0. 0. 0. 0. 0. 0. 0. 0. 1. 0. 0. 1. 0. 0. 0. 0. 0. 0. 0. 0. 0. 0. 1. 0. 1. 0.],6.0,10000,30,0.6,10,1,6,,problem_solving
3900,0.016819700904103722,0.0025186669472775642,0.4,4.854459801372464,[0.01440281 0.         0.         0.         0.02339084 0.         0.         0.         0.         0.         0.         0.         0.         0.01670315 0.         0.         0.01056551 0.         0.         0.         0.         0.         0.         0.         0.         0.         0.         0.92327255 0.         0.01166515 0.        ],[1. 0. 0. 0. 1. 0. 0. 0. 0. 0. 0. 0. 0. 1. 0. 0. 1. 0. 0. 0. 0. 0. 0. 0. 0. 0. 0. 1. 0. 1. 0.],6.0,10000,30,0.6,10,1,6,,problem_solving
4000,0.016819700904103722,0.0025186669472775642,0.4,-12.664827206625883,[0.01440281 0.         0.         0.         0.02339084 0.         0.         0.         0.         0.         0.         0.         0.         0.01670315 0.         0.         0.01056551 0.         0.         0.         0.         0.         0.         0.         0.         0.         0.         0.92327255 0.         0.01166515 0.        ],[1. 0. 0. 0. 1. 0. 0. 0. 0. 0. 0. 0. 0. 1. 0. 0. 1. 0. 0. 0. 0. 0. 0. 0. 0. 0. 0. 1. 0. 1. 0.],6.0,10000,30,0.6,10,1,6,,problem_solving
4100,0.016819700904103722,0.0025186669472775642,0.4,6.604612369513031,[0.01440281 0.         0.         0.         0.02339084 0.         0.         0.         0.         0.         0.         0.         0.         0.01670315 0.         0.         0.01056551 0.         0.         0.         0.         0.         0.         0.         0.         0.         0.         0.92327255 0.         0.01166515 0.        ],[1. 0. 0. 0. 1. 0. 0. 0. 0. 0. 0. 0. 0. 1. 0. 0. 1. 0. 0. 0. 0. 0. 0. 0. 0. 0. 0. 1. 0. 1. 0.],6.0,10000,30,0.6,10,1,6,,problem_solving
4200,0.016819700904103722,0.0025186669472775642,0.4,-5.21044069361274,[0.01440281 0.         0.         0.         0.02339084 0.         0.         0.         0.         0.         0.         0.         0.         0.01670315 0.         0.         0.01056551 0.         0.         0.         0.         0.         0.         0.         0.         0.         0.         0.92327255 0.         0.01166515 0.        ],[1. 0. 0. 0. 1. 0. 0. 0. 0. 0. 0. 0. 0. 1. 0. 0. 1. 0. 0. 0. 0. 0. 0. 0. 0. 0. 0. 1. 0. 1. 0.],6.0,10000,30,0.6,10,1,6,,problem_solving
4300,0.016819700904103722,0.0025186669472775642,0.4,3.3054890697183588,[0.01440281 0.         0.         0.         0.02339084 0.         0.         0.         0.         0.         0.         0.         0.         0.01670315 0.         0.         0.01056551 0.         0.         0.         0.         0.         0.         0.         0.         0.         0.         0.92327255 0.         0.01166515 0.        ],[1. 0. 0. 0. 1. 0. 0. 0. 0. 0. 0. 0. 0. 1. 0. 0. 1. 0. 0. 0. 0. 0. 0. 0. 0. 0. 0. 1. 0. 1. 0.],6.0,10000,30,0.6,10,1,6,,problem_solving
4400,0.016819700904103722,0.0025186669472775642,0.4,-7.475066927302353,[0.01440281 0.         0.         0.         0.02339084 0.         0.         0.         0.         0.         0.         0.         0.         0.01670315 0.         0.         0.01056551 0.         0.         0.         0.         0.         0.         0.         0.         0.         0.         0.92327255 0.         0.01166515 0.        ],[1. 0. 0. 0. 1. 0. 0. 0. 0. 0. 0. 0. 0. 1. 0. 0. 1. 0. 0. 0. 0. 0. 0. 0. 0. 0. 0. 1. 0. 1. 0.],6.0,10000,30,0.6,10,1,6,,problem_solving
4500,0.016819700904103722,0.0025186669472775642,0.4,-9.404060125447575,[0.01440281 0.         0.         0.         0.02339084 0.         0.         0.         0.         0.         0.         0.         0.         0.01670315 0.         0.         0.01056551 0.         0.         0.         0.         0.         0.         0.         0.         0.         0.         0.92327255 0.         0.01166515 0.        ],[1. 0. 0. 0. 1. 0. 0. 0. 0. 0. 0. 0. 0. 1. 0. 0. 1. 0. 0. 0. 0. 0. 0. 0. 0. 0. 0. 1. 0. 1. 0.],6.0,10000,30,0.6,10,1,6,,problem_solving
4600,0.016819700904103722,0.0025186669472775642,0.4,-6.039224119140126,[0.01440281 0.         0.         0.         0.02339084 0.         0.         0.         0.         0.         0.         0.         0.         0.01670315 0.         0.         0.01056551 0.         0.         0.         0.         0.         0.         0.         0.         0.         0.         0.92327255 0.         0.01166515 0.        ],[1. 0. 0. 0. 1. 0. 0. 0. 0. 0. 0. 0. 0. 1. 0. 0. 1. 0. 0. 0. 0. 0. 0. 0. 0. 0. 0. 1. 0. 1. 0.],6.0,10000,30,0.6,10,1,6,,problem_solving
4700,0.016819700904103722,0.0025186669472775642,0.4,6.395039716070805,[0.01440281 0.         0.         0.         0.02339084 0.         0.         0.         0.         0.         0.         0.         0.         0.01670315 0.         0.         0.01056551 0.         0.         0.         0.         0.         0.         0.         0.         0.         0.         0.92327255 0.         0.01166515 0.        ],[1. 0. 0. 0. 1. 0. 0. 0. 0. 0. 0. 0. 0. 1. 0. 0. 1. 0. 0. 0. 0. 0. 0. 0. 0. 0. 0. 1. 0. 1. 0.],6.0,10000,30,0.6,10,1,6,,problem_solving
4800,0.016819700904103722,0.0025186669472775642,0.4,-3.1947301918813187,[0.01440281 0.         0.         0.         0.02339084 0.         0.         0.         0.         0.         0.         0.         0.         0.01670315 0.         0.         0.01056551 0.         0.         0.         0.         0.         0.         0.         0.         0.         0.         0.92327255 0.         0.01166515 0.        ],[1. 0. 0. 0. 1. 0. 0. 0. 0. 0. 0. 0. 0. 1. 0. 0. 1. 0. 0. 0. 0. 0. 0. 0. 0. 0. 0. 1. 0. 1. 0.],6.0,10000,30,0.6,10,1,6,,problem_solving
4900,0.016819700904103722,0.0025186669472775642,0.4,3.706977848198891,[0.01440281 0.         0.         0.         0.02339084 0.         0.         0.         0.         0.         0.         0.         0.         0.01670315 0.         0.         0.01056551 0.         0.         0.         0.         0.         0.         0.         0.         0.         0.         0.92327255 0.         0.01166515 0.        ],[1. 0. 0. 0. 1. 0. 0. 0. 0. 0. 0. 0. 0. 1. 0. 0. 1. 0. 0. 0. 0. 0. 0. 0. 0. 0. 0. 1. 0. 1. 0.],6.0,10000,30,0.6,10,1,6,,problem_solving
5000,0.016819700904103722,0.0025186669472775642,0.4,4.060591915019667,[0.01440281 0.         0.         0.         0.02339084 0.         0.         0.         0.         0.         0.         0.         0.         0.01670315 0.         0.         0.01056551 0.         0.         0.         0.         0.         0.         0.         0.         0.         0.         0.92327255 0.         0.01166515 0.        ],[1. 0. 0. 0. 1. 0. 0. 0. 0. 0. 0. 0. 0. 1. 0. 0. 1. 0. 0. 0. 0. 0. 0. 0. 0. 0. 0. 1. 0. 1. 0.],6.0,10000,30,0.6,10,1,6,,problem_solving
5100,0.016819700904103722,0.0025186669472775642,0.4,-12.935523465313306,[0.01440281 0.         0.         0.         0.02339084 0.         0.         0.         0.         0.         0.         0.         0.         0.01670315 0.         0.         0.01056551 0.         0.         0.         0.         0.         0.         0.         0.         0.         0.         0.92327255 0.         0.01166515 0.        ],[1. 0. 0. 0. 1. 0. 0. 0. 0. 0. 0. 0. 0. 1. 0. 0. 1. 0. 0. 0. 0. 0. 0. 0. 0. 0. 0. 1. 0. 1. 0.],6.0,10000,30,0.6,10,1,6,,problem_solving
5200,0.016819700904103722,0.0025186669472775642,0.4,-12.038457097036236,[0.01440281 0.         0.         0.         0.02339084 0.         0.         0.         0.         0.         0.         0.         0.         0.01670315 0.         0.         0.01056551 0.         0.         0.         0.         0.         0.         0.         0.         0.         0.         0.92327255 0.         0.01166515 0.        ],[1. 0. 0. 0. 1. 0. 0. 0. 0. 0. 0. 0. 0. 1. 0. 0. 1. 0. 0. 0. 0. 0. 0. 0. 0. 0. 0. 1. 0. 1. 0.],6.0,10000,30,0.6,10,1,6,,problem_solving
5300,0.016819700904103722,0.0025186669472775642,0.4,16.519570802327166,[0.01440281 0.         0.         0.         0.02339084 0.         0.         0.         0.         0.         0.         0.         0.         0.01670315 0.         0.         0.01056551 0.         0.         0.         0.         0.         0.         0.         0.         0.         0.         0.92327255 0.         0.01166515 0.        ],[1. 0. 0. 0. 1. 0. 0. 0. 0. 0. 0. 0. 0. 1. 0. 0. 1. 0. 0. 0. 0. 0. 0. 0. 0. 0. 0. 1. 0. 1. 0.],6.0,10000,30,0.6,10,1,6,,problem_solving
5400,0.016819700904103722,0.0025186669472775642,0.4,7.169075678614578,[0.01440281 0.         0.         0.         0.02339084 0.         0.         0.         0.         0.         0.         0.         0.         0.01670315 0.         0.         0.01056551 0.         0.         0.         0.         0.         0.         0.         0.         0.         0.         0.92327255 0.         0.01166515 0.        ],[1. 0. 0. 0. 1. 0. 0. 0. 0. 0. 0. 0. 0. 1. 0. 0. 1. 0. 0. 0. 0. 0. 0. 0. 0. 0. 0. 1. 0. 1. 0.],6.0,10000,30,0.6,10,1,6,,problem_solving
5500,0.016819700904103722,0.0025186669472775642,0.4,14.996650965281404,[0.01440281 0.         0.         0.         0.02339084 0.         0.         0.         0.         0.         0.         0.         0.         0.01670315 0.         0.         0.01056551 0.         0.         0.         0.         0.         0.         0.         0.         0.         0.         0.92327255 0.         0.01166515 0.        ],[1. 0. 0. 0. 1. 0. 0. 0. 0. 0. 0. 0. 0. 1. 0. 0. 1. 0. 0. 0. 0. 0. 0. 0. 0. 0. 0. 1. 0. 1. 0.],6.0,10000,30,0.6,10,1,6,,problem_solving
5600,0.016819700904103722,0.0025186669472775642,0.4,-8.630972097387113,[0.01440281 0.         0.         0.         0.02339084 0.         0.         0.         0.         0.         0.         0.         0.         0.01670315 0.         0.         0.01056551 0.         0.         0.         0.         0.         0.         0.         0.         0.         0.         0.92327255 0.         0.01166515 0.        ],[1. 0. 0. 0. 1. 0. 0. 0. 0. 0. 0. 0. 0. 1. 0. 0. 1. 0. 0. 0. 0. 0. 0. 0. 0. 0. 0. 1. 0. 1. 0.],6.0,10000,30,0.6,10,1,6,,problem_solving
5700,0.016819700904103722,0.0025186669472775642,0.4,-5.551870518388399,[0.01440281 0.         0.         0.         0.02339084 0.         0.         0.         0.         0.         0.         0.         0.         0.01670315 0.         0.         0.01056551 0.         0.         0.         0.         0.         0.         0.         0.         0.         0.         0.92327255 0.         0.01166515 0.        ],[1. 0. 0. 0. 1. 0. 0. 0. 0. 0. 0. 0. 0. 1. 0. 0. 1. 0. 0. 0. 0. 0. 0. 0. 0. 0. 0. 1. 0. 1. 0.],6.0,10000,30,0.6,10,1,6,,problem_solving
5800,0.016819700904103722,0.0025186669472775642,0.4,-7.332093016816469,[0.01440281 0.         0.         0.         0.02339084 0.         0.         0.         0.         0.         0.         0.         0.         0.01670315 0.         0.         0.01056551 0.         0.         0.         0.         0.         0.         0.         0.         0.         0.         0.92327255 0.         0.01166515 0.        ],[1. 0. 0. 0. 1. 0. 0. 0. 0. 0. 0. 0. 0. 1. 0. 0. 1. 0. 0. 0. 0. 0. 0. 0. 0. 0. 0. 1. 0. 1. 0.],6.0,10000,30,0.6,10,1,6,,problem_solving
5900,0.016819700904103722,0.0025186669472775642,0.4,-7.430359008862225,[0.01440281 0.         0.         0.         0.02339084 0.         0.         0.         0.         0.         0.         0.         0.         0.01670315 0.         0.         0.01056551 0.         0.         0.         0.         0.         0.         0.         0.         0.         0.         0.92327255 0.         0.01166515 0.        ],[1. 0. 0. 0. 1. 0. 0. 0. 0. 0. 0. 0. 0. 1. 0. 0. 1. 0. 0. 0. 0. 0. 0. 0. 0. 0. 0. 1. 0. 1. 0.],6.0,10000,30,0.6,10,1,6,,problem_solving
6000,0.016819700904103722,0.0025186669472775642,0.4,-7.931151682585114,[0.01440281 0.         0.         0.         0.02339084 0.         0.         0.         0.         0.         0.         0.         0.         0.01670315 0.         0.         0.01056551 0.         0.         0.         0.         0.         0.         0.         0.         0.         0.         0.92327255 0.         0.01166515 0.        ],[1. 0. 0. 0. 1. 0. 0. 0. 0. 0. 0. 0. 0. 1. 0. 0. 1. 0. 0. 0. 0. 0. 0. 0. 0. 0. 0. 1. 0. 1. 0.],6.0,10000,30,0.6,10,1,6,,problem_solving
6100,0.016819700904103722,0.0025186669472775642,0.4,3.4477385496447015,[0.01440281 0.         0.         0.         0.02339084 0.         0.         0.         0.         0.         0.         0.         0.         0.01670315 0.         0.         0.01056551 0.         0.         0.         0.         0.         0.         0.         0.         0.         0.         0.92327255 0.         0.01166515 0.        ],[1. 0. 0. 0. 1. 0. 0. 0. 0. 0. 0. 0. 0. 1. 0. 0. 1. 0. 0. 0. 0. 0. 0. 0. 0. 0. 0. 1. 0. 1. 0.],6.0,10000,30,0.6,10,1,6,,problem_solving
6200,0.016819700904103722,0.0025186669472775642,0.4,1.3997087372909431,[0.01440281 0.         0.         0.         0.02339084 0.         0.         0.         0.         0.         0.         0.         0.         0.01670315 0.         0.         0.01056551 0.         0.         0.         0.         0.         0.         0.         0.         0.         0.         0.92327255 0.         0.01166515 0.        ],[1. 0. 0. 0. 1. 0. 0. 0. 0. 0. 0. 0. 0. 1. 0. 0. 1. 0. 0. 0. 0. 0. 0. 0. 0. 0. 0. 1. 0. 1. 0.],6.0,10000,30,0.6,10,1,6,,problem_solving
6300,0.016819700904103722,0.0025186669472775642,0.4,-6.932087284995464,[0.01440281 0.         0.         0.         0.02339084 0.         0.         0.         0.         0.         0.         0.         0.         0.01670315 0.         0.         0.01056551 0.         0.         0.         0.         0.         0.         0.         0.         0.         0.         0.92327255 0.         0.01166515 0.        ],[1. 0. 0. 0. 1. 0. 0. 0. 0. 0. 0. 0. 0. 1. 0. 0. 1. 0. 0. 0. 0. 0. 0. 0. 0. 0. 0. 1. 0. 1. 0.],6.0,10000,30,0.6,10,1,6,,problem_solving
6400,0.016819700904103722,0.0025186669472775642,0.4,-3.5117772501542315,[0.01440281 0.         0.         0.         0.02339084 0.         0.         0.         0.         0.         0.         0.         0.         0.01670315 0.         0.         0.01056551 0.         0.         0.         0.         0.         0.         0.         0.         0.         0.         0.92327255 0.         0.01166515 0.        ],[1. 0. 0. 0. 1. 0. 0. 0. 0. 0. 0. 0. 0. 1. 0. 0. 1. 0. 0. 0. 0. 0. 0. 0. 0. 0. 0. 1. 0. 1. 0.],6.0,10000,30,0.6,10,1,6,,problem_solving
6500,0.016819700904103722,0.0025186669472775642,0.4,2.3465377677179116,[0.01440281 0.         0.         0.         0.02339084 0.         0.         0.         0.         0.         0.         0.         0.         0.01670315 0.         0.         0.01056551 0.         0.         0.         0.         0.         0.         0.         0.         0.         0.         0.92327255 0.         0.01166515 0.        ],[1. 0. 0. 0. 1. 0. 0. 0. 0. 0. 0. 0. 0. 1. 0. 0. 1. 0. 0. 0. 0. 0. 0. 0. 0. 0. 0. 1. 0. 1. 0.],6.0,10000,30,0.6,10,1,6,,problem_solving
6600,0.016819700904103722,0.0025186669472775642,0.4,5.27736997073542,[0.01440281 0.         0.         0.         0.02339084 0.         0.         0.         0.         0.         0.         0.         0.         0.01670315 0.         0.         0.01056551 0.         0.         0.         0.         0.         0.         0.         0.         0.         0.         0.92327255 0.         0.01166515 0.        ],[1. 0. 0. 0. 1. 0. 0. 0. 0. 0. 0. 0. 0. 1. 0. 0. 1. 0. 0. 0. 0. 0. 0. 0. 0. 0. 0. 1. 0. 1. 0.],6.0,10000,30,0.6,10,1,6,,problem_solving
6700,0.016819700904103722,0.0025186669472775642,0.4,8.519704809845937,[0.01440281 0.         0.         0.         0.02339084 0.         0.         0.         0.         0.         0.         0.         0.         0.01670315 0.         0.         0.01056551 0.         0.         0.         0.         0.         0.         0.         0.         0.         0.         0.92327255 0.         0.01166515 0.        ],[1. 0. 0. 0. 1. 0. 0. 0. 0. 0. 0. 0. 0. 1. 0. 0. 1. 0. 0. 0. 0. 0. 0. 0. 0. 0. 0. 1. 0. 1. 0.],6.0,10000,30,0.6,10,1,6,,problem_solving
6800,0.016819700904103722,0.0025186669472775642,0.4,2.963956095246339,[0.01440281 0.         0.         0.         0.02339084 0.         0.         0.         0.         0.         0.         0.         0.         0.01670315 0.         0.         0.01056551 0.         0.         0.         0.         0.         0.         0.         0.         0.         0.         0.92327255 0.         0.01166515 0.        ],[1. 0. 0. 0. 1. 0. 0. 0. 0. 0. 0. 0. 0. 1. 0. 0. 1. 0. 0. 0. 0. 0. 0. 0. 0. 0. 0. 1. 0. 1. 0.],6.0,10000,30,0.6,10,1,6,,problem_solving
6900,0.016819700904103722,0.0025186669472775642,0.4,0.4846398804714992,[0.01440281 0.         0.         0.         0.02339084 0.         0.         0.         0.         0.         0.         0.         0.         0.01670315 0.         0.         0.01056551 0.         0.         0.         0.         0.         0.         0.         0.         0.         0.         0.92327255 0.         0.01166515 0.        ],[1. 0. 0. 0. 1. 0. 0. 0. 0. 0. 0. 0. 0. 1. 0. 0. 1. 0. 0. 0. 0. 0. 0. 0. 0. 0. 0. 1. 0. 1. 0.],6.0,10000,30,0.6,10,1,6,,problem_solving
7000,0.016819700904103722,0.0025186669472775642,0.4,12.593711010655346,[0.01440281 0.         0.         0.         0.02339084 0.         0.         0.         0.         0.         0.         0.         0.         0.01670315 0.         0.         0.01056551 0.         0.         0.         0.         0.         0.         0.         0.         0.         0.         0.92327255 0.         0.01166515 0.        ],[1. 0. 0. 0. 1. 0. 0. 0. 0. 0. 0. 0. 0. 1. 0. 0. 1. 0. 0. 0. 0. 0. 0. 0. 0. 0. 0. 1. 0. 1. 0.],6.0,10000,30,0.6,10,1,6,,problem_solving
7100,0.016819700904103722,0.0025186669472775642,0.4,1.2421510842872703,[0.01440281 0.         0.         0.         0.02339084 0.         0.         0.         0.         0.         0.         0.         0.         0.01670315 0.         0.         0.01056551 0.         0.         0.         0.         0.         0.         0.         0.         0.         0.         0.92327255 0.         0.01166515 0.        ],[1. 0. 0. 0. 1. 0. 0. 0. 0. 0. 0. 0. 0. 1. 0. 0. 1. 0. 0. 0. 0. 0. 0. 0. 0. 0. 0. 1. 0. 1. 0.],6.0,10000,30,0.6,10,1,6,,problem_solving
7200,0.016819700904103722,0.0025186669472775642,0.4,-3.880045985843148,[0.01440281 0.         0.         0.         0.02339084 0.         0.         0.         0.         0.         0.         0.         0.         0.01670315 0.         0.         0.01056551 0.         0.         0.         0.         0.         0.         0.         0.         0.         0.         0.92327255 0.         0.01166515 0.        ],[1. 0. 0. 0. 1. 0. 0. 0. 0. 0. 0. 0. 0. 1. 0. 0. 1. 0. 0. 0. 0. 0. 0. 0. 0. 0. 0. 1. 0. 1. 0.],6.0,10000,30,0.6,10,1,6,,problem_solving
7300,0.016819700904103722,0.0025186669472775642,0.4,22.89480402318375,[0.01440281 0.         0.         0.         0.02339084 0.         0.         0.         0.         0.         0.         0.         0.         0.01670315 0.         0.         0.01056551 0.         0.         0.         0.         0.         0.         0.         0.         0.         0.         0.92327255 0.         0.01166515 0.        ],[1. 0. 0. 0. 1. 0. 0. 0. 0. 0. 0. 0. 0. 1. 0. 0. 1. 0. 0. 0. 0. 0. 0. 0. 0. 0. 0. 1. 0. 1. 0.],6.0,10000,30,0.6,10,1,6,,problem_solving
7400,0.016819700904103722,0.0025186669472775642,0.4,-17.39886392969849,[0.01440281 0.         0.         0.         0.02339084 0.         0.         0.         0.         0.         0.         0.         0.         0.01670315 0.         0.         0.01056551 0.         0.         0.         0.         0.         0.         0.         0.         0.         0.         0.92327255 0.         0.01166515 0.        ],[1. 0. 0. 0. 1. 0. 0. 0. 0. 0. 0. 0. 0. 1. 0. 0. 1. 0. 0. 0. 0. 0. 0. 0. 0. 0. 0. 1. 0. 1. 0.],6.0,10000,30,0.6,10,1,6,,problem_solving
7500,0.016819700904103722,0.0025186669472775642,0.4,-2.265145186329279,[0.01440281 0.         0.         0.         0.02339084 0.         0.         0.         0.         0.         0.         0.         0.         0.01670315 0.         0.         0.01056551 0.         0.         0.         0.         0.         0.         0.         0.         0.         0.         0.92327255 0.         0.01166515 0.        ],[1. 0. 0. 0. 1. 0. 0. 0. 0. 0. 0. 0. 0. 1. 0. 0. 1. 0. 0. 0. 0. 0. 0. 0. 0. 0. 0. 1. 0. 1. 0.],6.0,10000,30,0.6,10,1,6,,problem_solving
7600,0.016819700904103722,0.0025186669472775642,0.4,15.570137741448288,[0.01440281 0.         0.         0.         0.02339084 0.         0.         0.         0.         0.         0.         0.         0.         0.01670315 0.         0.         0.01056551 0.         0.         0.         0.         0.         0.         0.         0.         0.         0.         0.92327255 0.         0.01166515 0.        ],[1. 0. 0. 0. 1. 0. 0. 0. 0. 0. 0. 0. 0. 1. 0. 0. 1. 0. 0. 0. 0. 0. 0. 0. 0. 0. 0. 1. 0. 1. 0.],6.0,10000,30,0.6,10,1,6,,problem_solving
7700,0.016819700904103722,0.0025186669472775642,0.4,-19.406811395809054,[0.01440281 0.         0.         0.         0.02339084 0.         0.         0.         0.         0.         0.         0.         0.         0.01670315 0.         0.         0.01056551 0.         0.         0.         0.         0.         0.         0.         0.         0.         0.         0.92327255 0.         0.01166515 0.        ],[1. 0. 0. 0. 1. 0. 0. 0. 0. 0. 0. 0. 0. 1. 0. 0. 1. 0. 0. 0. 0. 0. 0. 0. 0. 0. 0. 1. 0. 1. 0.],6.0,10000,30,0.6,10,1,6,,problem_solving
7800,0.016819700904103722,0.0025186669472775642,0.4,2.518325366464465,[0.01440281 0.         0.         0.         0.02339084 0.         0.         0.         0.         0.         0.         0.         0.         0.01670315 0.         0.         0.01056551 0.         0.         0.         0.         0.         0.         0.         0.         0.         0.         0.92327255 0.         0.01166515 0.        ],[1. 0. 0. 0. 1. 0. 0. 0. 0. 0. 0. 0. 0. 1. 0. 0. 1. 0. 0. 0. 0. 0. 0. 0. 0. 0. 0. 1. 0. 1. 0.],6.0,10000,30,0.6,10,1,6,,problem_solving
7900,0.016819700904103722,0.0025186669472775642,0.4,1.3063816375501147,[0.01440281 0.         0.         0.         0.02339084 0.         0.         0.         0.         0.         0.         0.         0.         0.01670315 0.         0.         0.01056551 0.         0.         0.         0.         0.         0.         0.         0.         0.         0.         0.92327255 0.         0.01166515 0.        ],[1. 0. 0. 0. 1. 0. 0. 0. 0. 0. 0. 0. 0. 1. 0. 0. 1. 0. 0. 0. 0. 0. 0. 0. 0. 0. 0. 1. 0. 1. 0.],6.0,10000,30,0.6,10,1,6,,problem_solving
8000,0.016819700904103722,0.0025186669472775642,0.4,-13.300115988792143,[0.01440281 0.         0.         0.         0.02339084 0.         0.         0.         0.         0.         0.         0.         0.         0.01670315 0.         0.         0.01056551 0.         0.         0.         0.         0.         0.         0.         0.         0.         0.         0.92327255 0.         0.01166515 0.        ],[1. 0. 0. 0. 1. 0. 0. 0. 0. 0. 0. 0. 0. 1. 0. 0. 1. 0. 0. 0. 0. 0. 0. 0. 0. 0. 0. 1. 0. 1. 0.],6.0,10000,30,0.6,10,1,6,,problem_solving
8100,0.016819700904103722,0.0025186669472775642,0.4,-8.591615974669178,[0.01440281 0.         0.         0.         0.02339084 0.         0.         0.         0.         0.         0.         0.         0.         0.01670315 0.         0.         0.01056551 0.         0.         0.         0.         0.         0.         0.         0.         0.         0.         0.92327255 0.         0.01166515 0.        ],[1. 0. 0. 0. 1. 0. 0. 0. 0. 0. 0. 0. 0. 1. 0. 0. 1. 0. 0. 0. 0. 0. 0. 0. 0. 0. 0. 1. 0. 1. 0.],6.0,10000,30,0.6,10,1,6,,problem_solving
8200,0.016819700904103722,0.0025186669472775642,0.4,-1.231100256599091,[0.01440281 0.         0.         0.         0.02339084 0.         0.         0.         0.         0.         0.         0.         0.         0.01670315 0.         0.         0.01056551 0.         0.         0.         0.         0.         0.         0.         0.         0.         0.         0.92327255 0.         0.01166515 0.        ],[1. 0. 0. 0. 1. 0. 0. 0. 0. 0. 0. 0. 0. 1. 0. 0. 1. 0. 0. 0. 0. 0. 0. 0. 0. 0. 0. 1. 0. 1. 0.],6.0,10000,30,0.6,10,1,6,,problem_solving
8300,0.016819700904103722,0.0025186669472775642,0.4,9.138852082101822,[0.01440281 0.         0.         0.         0.02339084 0.         0.         0.         0.         0.         0.         0.         0.         0.01670315 0.         0.         0.01056551 0.         0.         0.         0.         0.         0.         0.         0.         0.         0.         0.92327255 0.         0.01166515 0.        ],[1. 0. 0. 0. 1. 0. 0. 0. 0. 0. 0. 0. 0. 1. 0. 0. 1. 0. 0. 0. 0. 0. 0. 0. 0. 0. 0. 1. 0. 1. 0.],6.0,10000,30,0.6,10,1,6,,problem_solving
8400,0.016819700904103722,0.0025186669472775642,0.4,-0.8158689848657505,[0.01440281 0.         0.         0.         0.02339084 0.         0.         0.         0.         0.         0.         0.         0.         0.01670315 0.         0.         0.01056551 0.         0.         0.         0.         0.         0.         0.         0.         0.         0.         0.92327255 0.         0.01166515 0.        ],[1. 0. 0. 0. 1. 0. 0. 0. 0. 0. 0. 0. 0. 1. 0. 0. 1. 0. 0. 0. 0. 0. 0. 0. 0. 0. 0. 1. 0. 1. 0.],6.0,10000,30,0.6,10,1,6,,problem_solving
8500,0.016819700904103722,0.0025186669472775642,0.4,1.6224978351859412,[0.01440281 0.         0.         0.         0.02339084 0.         0.         0.         0.         0.         0.         0.         0.         0.01670315 0.         0.         0.01056551 0.         0.         0.         0.         0.         0.         0.         0.         0.         0.         0.92327255 0.         0.01166515 0.        ],[1. 0. 0. 0. 1. 0. 0. 0. 0. 0. 0. 0. 0. 1. 0. 0. 1. 0. 0. 0. 0. 0. 0. 0. 0. 0. 0. 1. 0. 1. 0.],6.0,10000,30,0.6,10,1,6,,problem_solving
8600,0.016819700904103722,0.0025186669472775642,0.4,-15.350164263284471,[0.01440281 0.         0.         0.         0.02339084 0.         0.         0.         0.         0.         0.         0.         0.         0.01670315 0.         0.         0.01056551 0.         0.         0.         0.         0.         0.         0.         0.         0.         0.         0.92327255 0.         0.01166515 0.        ],[1. 0. 0. 0. 1. 0. 0. 0. 0. 0. 0. 0. 0. 1. 0. 0. 1. 0. 0. 0. 0. 0. 0. 0. 0. 0. 0. 1. 0. 1. 0.],6.0,10000,30,0.6,10,1,6,,problem_solving
8700,0.016819700904103722,0.0025186669472775642,0.4,3.583877834111652,[0.01440281 0.         0.         0.         0.02339084 0.         0.         0.         0.         0.         0.         0.         0.         0.01670315 0.         0.         0.01056551 0.         0.         0.         0.         0.         0.         0.         0.         0.         0.         0.92327255 0.         0.01166515 0.        ],[1. 0. 0. 0. 1. 0. 0. 0. 0. 0. 0. 0. 0. 1. 0. 0. 1. 0. 0. 0. 0. 0. 0. 0. 0. 0. 0. 1. 0. 1. 0.],6.0,10000,30,0.6,10,1,6,,problem_solving
8800,0.016819700904103722,0.0025186669472775642,0.4,4.135620511008991,[0.01440281 0.         0.         0.         0.02339084 0.         0.         0.         0.         0.         0.         0.         0.         0.01670315 0.         0.         0.01056551 0.         0.         0.         0.         0.         0.         0.         0.         0.         0.         0.92327255 0.         0.01166515 0.        ],[1. 0. 0. 0. 1. 0. 0. 0. 0. 0. 0. 0. 0. 1. 0. 0. 1. 0. 0. 0. 0. 0. 0. 0. 0. 0. 0. 1. 0. 1. 0.],6.0,10000,30,0.6,10,1,6,,problem_solving
8900,0.016819700904103722,0.0025186669472775642,0.4,7.786359847671673,[0.01440281 0.         0.         0.         0.02339084 0.         0.         0.         0.         0.         0.         0.         0.         0.01670315 0.         0.         0.01056551 0.         0.         0.         0.         0.         0.         0.         0.         0.         0.         0.92327255 0.         0.01166515 0.        ],[1. 0. 0. 0. 1. 0. 0. 0. 0. 0. 0. 0. 0. 1. 0. 0. 1. 0. 0. 0. 0. 0. 0. 0. 0. 0. 0. 1. 0. 1. 0.],6.0,10000,30,0.6,10,1,6,,problem_solving
9000,0.016819700904103722,0.0025186669472775642,0.4,3.6667870289724074,[0.01440281 0.         0.         0.         0.02339084 0.         0.         0.         0.         0.         0.         0.         0.         0.01670315 0.         0.         0.01056551 0.         0.         0.         0.         0.         0.         0.         0.         0.         0.         0.92327255 0.         0.01166515 0.        ],[1. 0. 0. 0. 1. 0. 0. 0. 0. 0. 0. 0. 0. 1. 0. 0. 1. 0. 0. 0. 0. 0. 0. 0. 0. 0. 0. 1. 0. 1. 0.],6.0,10000,30,0.6,10,1,6,,problem_solving
9100,0.016819700904103722,0.0025186669472775642,0.4,11.434366661760826,[0.01440281 0.         0.         0.         0.02339084 0.         0.         0.         0.         0.         0.         0.         0.         0.01670315 0.         0.         0.01056551 0.         0.         0.         0.         0.         0.         0.         0.         0.         0.         0.92327255 0.         0.01166515 0.        ],[1. 0. 0. 0. 1. 0. 0. 0. 0. 0. 0. 0. 0. 1. 0. 0. 1. 0. 0. 0. 0. 0. 0. 0. 0. 0. 0. 1. 0. 1. 0.],6.0,10000,30,0.6,10,1,6,,problem_solving
9200,0.016819700904103722,0.0025186669472775642,0.4,-12.177774797793049,[0.01440281 0.         0.         0.         0.02339084 0.         0.         0.         0.         0.         0.         0.         0.         0.01670315 0.         0.         0.01056551 0.         0.         0.         0.         0.         0.         0.         0.         0.         0.         0.92327255 0.         0.01166515 0.        ],[1. 0. 0. 0. 1. 0. 0. 0. 0. 0. 0. 0. 0. 1. 0. 0. 1. 0. 0. 0. 0. 0. 0. 0. 0. 0. 0. 1. 0. 1. 0.],6.0,10000,30,0.6,10,1,6,,problem_solving
9300,0.016819700904103722,0.0025186669472775642,0.4,-3.4187346901333915,[0.01440281 0.         0.         0.         0.02339084 0.         0.         0.         0.         0.         0.         0.         0.         0.01670315 0.         0.         0.01056551 0.         0.         0.         0.         0.         0.         0.         0.         0.         0.         0.92327255 0.         0.01166515 0.        ],[1. 0. 0. 0. 1. 0. 0. 0. 0. 0. 0. 0. 0. 1. 0. 0. 1. 0. 0. 0. 0. 0. 0. 0. 0. 0. 0. 1. 0. 1. 0.],6.0,10000,30,0.6,10,1,6,,problem_solving
9400,0.016819700904103722,0.0025186669472775642,0.4,-5.736214947515129,[0.01440281 0.         0.         0.         0.02339084 0.         0.         0.         0.         0.         0.         0.         0.         0.01670315 0.         0.         0.01056551 0.         0.         0.         0.         0.         0.         0.         0.         0.         0.         0.92327255 0.         0.01166515 0.        ],[1. 0. 0. 0. 1. 0. 0. 0. 0. 0. 0. 0. 0. 1. 0. 0. 1. 0. 0. 0. 0. 0. 0. 0. 0. 0. 0. 1. 0. 1. 0.],6.0,10000,30,0.6,10,1,6,,problem_solving
9500,0.016819700904103722,0.0025186669472775642,0.4,19.60157160727522,[0.01440281 0.         0.         0.         0.02339084 0.         0.         0.         0.         0.         0.         0.         0.         0.01670315 0.         0.         0.01056551 0.         0.         0.         0.         0.         0.         0.         0.         0.         0.         0.92327255 0.         0.01166515 0.        ],[1. 0. 0. 0. 1. 0. 0. 0. 0. 0. 0. 0. 0. 1. 0. 0. 1. 0. 0. 0. 0. 0. 0. 0. 0. 0. 0. 1. 0. 1. 0.],6.0,10000,30,0.6,10,1,6,,problem_solving
9600,0.016819700904103722,0.0025186669472775642,0.4,-6.927120866520244,[0.01440281 0.         0.         0.         0.02339084 0.         0.         0.         0.         0.         0.         0.         0.         0.01670315 0.         0.         0.01056551 0.         0.         0.         0.         0.         0.         0.         0.         0.         0.         0.92327255 0.         0.01166515 0.        ],[1. 0. 0. 0. 1. 0. 0. 0. 0. 0. 0. 0. 0. 1. 0. 0. 1. 0. 0. 0. 0. 0. 0. 0. 0. 0. 0. 1. 0. 1. 0.],6.0,10000,30,0.6,10,1,6,,problem_solving
9700,0.016819700904103722,0.0025186669472775642,0.4,-6.222547301128972,[0.01440281 0.         0.         0.         0.02339084 0.         0.         0.         0.         0.         0.         0.         0.         0.01670315 0.         0.         0.01056551 0.         0.         0.         0.         0.         0.         0.         0.         0.         0.         0.92327255 0.         0.01166515 0.        ],[1. 0. 0. 0. 1. 0. 0. 0. 0. 0. 0. 0. 0. 1. 0. 0. 1. 0. 0. 0. 0. 0. 0. 0. 0. 0. 0. 1. 0. 1. 0.],6.0,10000,30,0.6,10,1,6,,problem_solving
9800,0.016819700904103722,0.0025186669472775642,0.4,6.483090622524159,[0.01440281 0.         0.         0.         0.02339084 0.         0.         0.         0.         0.         0.         0.         0.         0.01670315 0.         0.         0.01056551 0.         0.         0.         0.         0.         0.         0.         0.         0.         0.         0.92327255 0.         0.01166515 0.        ],[1. 0. 0. 0. 1. 0. 0. 0. 0. 0. 0. 0. 0. 1. 0. 0. 1. 0. 0. 0. 0. 0. 0. 0. 0. 0. 0. 1. 0. 1. 0.],6.0,10000,30,0.6,10,1,6,,problem_solving
9900,0.016819700904103722,0.0025186669472775642,0.4,2.8973982853975127,[0.01440281 0.         0.         0.         0.02339084 0.         0.         0.         0.         0.         0.         0.         0.         0.01670315 0.         0.         0.01056551 0.         0.         0.         0.         0.         0.         0.         0.         0.         0.         0.92327255 0.         0.01166515 0.        ],[1. 0. 0. 0. 1. 0. 0. 0. 0. 0. 0. 0. 0. 1. 0. 0. 1. 0. 0. 0. 0. 0. 0. 0. 0. 0. 0. 1. 0. 1. 0.],6.0,10000,30,0.6,10,1,6,,problem_solving
9999,0.016819700904103722,0.0025186669472775642,0.4,-10.050115139593709,[0.01440281 0.         0.         0.         0.02339084 0.         0.         0.         0.         0.         0.         0.         0.         0.01670315 0.         0.         0.01056551 0.         0.         0.         0.         0.         0.         0.         0.         0.         0.         0.92327255 0.         0.01166515 0.        ],[1. 0. 0. 0. 1. 0. 0. 0. 0. 0. 0. 0. 0. 1. 0. 0. 1. 0. 0. 0. 0. 0. 0. 0. 0. 0. 0. 1. 0. 1. 0.],6.0,10000,30,0.6,10,1,6,,problem_solving
