iter,cost,return,par,move,X,Z,Q,max_iter,mem_size,mem_consider,sigma,port_n,k,seed,tag
1,0.13284798003538884,0.004947078632636926,0.4,1.138400159605922,[0.         0.         0.         0.         0.92172295 0.         0.         0.         0.         0.         0.         0.01630949 0.         0.         0.         0.02313164 0.         0.         0.         0.         0.         0.         0.         0.         0.         0.01073803 0.         0.01293407 0.         0.01516383 0.        ],[0. 0. 0. 0. 1. 0. 0. 0. 0. 0. 0. 1. 0. 0. 0. 1. 0. 0. 0. 0. 0. 0. 0. 0. 0. 1. 0. 1. 0. 1. 0.],6.0,10000,30,0.6,10,1,6,,problem_solving
100,0.03431253894226789,0.01011428099283355,0.4,-17.305115420773816,[0.01421433 0.         0.01050152 0.         0.         0.         0.01949642 0.         0.01315772 0.01640958 0.         0.         0.         0.         0.         0.         0.         0.         0.         0.         0.         0.         0.         0.         0.         0.92622043 0.         0.         0.         0.         0.        ],[1. 0. 1. 0. 0. 0. 1. 0. 1. 1. 0. 0. 0. 0. 0. 0. 0. 0. 0. 0. 0. 0. 0. 0. 0. 1. 0. 0. 0. 0. 0.],6.0,10000,30,0.6,10,1,6,,problem_solving
200,0.030799361351119315,0.010234939813626547,0.4,-16.765758607371772,[0.         0.         0.         0.         0.         0.         0.         0.         0.02435061 0.         0.         0.         0.         0.01519893 0.         0.         0.01621578 0.01904037 0.02023814 0.         0.         0.         0.         0.         0.         0.90495616 0.         0.         0.         0.         0.        ],[0. 0. 0. 0. 0. 0. 0. 0. 1. 0. 0. 0. 0. 1. 0. 0. 1. 1. 1. 0. 0. 0. 0. 0. 0. 1. 0. 0. 0. 0. 0.],6.0,10000,30,0.6,10,1,6,,problem_solving
300,0.030799361351119315,0.010234939813626547,0.4,13.531237464241235,[0.         0.         0.         0.         0.         0.         0.         0.         0.02435061 0.         0.         0.         0.         0.01519893 0.         0.         0.01621578 0.01904037 0.02023814 0.         0.         0.         0.         0.         0.         0.90495616 0.         0.         0.         0.         0.        ],[0. 0. 0. 0. 0. 0. 0. 0. 1. 0. 0. 0. 0. 1. 0. 0. 1. 1. 1. 0. 0. 0. 0. 0. 0. 1. 0. 0. 0. 0. 0.],6.0,10000,30,0.6,10,1,6,,problem_solving
400,0.030799361351119315,0.010234939813626547,0.4,-0.1255264770737247,[0.         0.         0.         0.         0.         0.         0.         0.         0.02435061 0.         0.         0.         0.         0.01519893 0.         0.         0.01621578 0.01904037 0.02023814 0.         0.         0.         0.         0.         0.         0.90495616 0.         0.         0.         0.         0.        ],[0. 0. 0. 0. 0. 0. 0. 0. 1. 0. 0. 0. 0. 1. 0. 0. 1. 1. 1. 0. 0. 0. 0. 0. 0. 1. 0. 0. 0. 0. 0.],6.0,10000,30,0.6,10,1,6,,problem_solving
500,0.030799361351119315,0.010234939813626547,0.4,11.66956614020761,[0.         0.         0.         0.         0.         0.         0.         0.         0.02435061 0.         0.         0.         0.         0.01519893 0.         0.         0.01621578 0.01904037 0.02023814 0.         0.         0.         0.         0.         0.         0.90495616 0.         0.         0.         0.         0.        ],[0. 0. 0. 0. 0. 0. 0. 0. 1. 0. 0. 0. 0. 1. 0. 0. 1. 1. 1. 0. 0. 0. 0. 0. 0. 1. 0. 0. 0. 0. 0.],6.0,10000,30,0.6,10,1,6,,problem_solving
600,0.030799361351119315,0.010234939813626547,0.4,0.7431405090685944,[0.         0.         0.         0.         0.         0.         0.         0.         0.02435061 0.         0.         0.         0.         0.01519893 0.         0.         0.01621578 0.01904037 0.02023814 0.         0.         0.         0.         0.         0.         0.90495616 0.         0.         0.         0.         0.        ],[0. 0. 0. 0. 0. 0. 0. 0. 1. 0. 0. 0. 0. 1. 0. 0. 1. 1. 1. 0. 0. 0. 0. 0. 0. 1. 0. 0. 0. 0. 0.],6.0,10000,30,0.6,10,1,6,,problem_solving
700,0.030799361351119315,0.010234939813626547,0.4,1.1021257835811025,[0.         0.         0.         0.         0.         0.         0.         0.         0.02435061 0.         0.         0.         0.         0.01519893 0.         0.         0.01621578 0.01904037 0.02023814 0.         0.         0.         0.         0.         0.         0.90495616 0.         0.         0.         0.         0.        ],[0. 0. 0. 0. 0. 0. 0. 0. 1. 0. 0. 0. 0. 1. 0. 0. 1. 1. 1. 0. 0. 0. 0. 0. 0. 1. 0. 0. 0. 0. 0.],6.0,10000,30,0.6,10,1,6,,problem_solving
800,0.029660133928024655,0.00464563112117753,0.4,8.849603856849543,[0.         0.02041745 0.01347928 0.         0.         0.         0.         0.         0.0171039  0.         0.         0.         0.         0.         0.         0.02252956 0.         0.         0.         0.         0.         0.         0.01771491 0.         0.         0.90875489 0.         0.         0.         0.         0.        ],[0. 1. 1. 0. 0. 0. 0. 0. 1. 0. 0. 0. 0. 0. 0. 1. 0. 0. 0. 0. 0. 0. 1. 0. 0. 1. 0. 0. 0. 0. 0.],6.0,10000,30,0.6,10,1,6,,problem_solving
900,0.029660133928024655,0.00464563112117753,0.4,-2.2781013445888014,[0.         0.02041745 0.01347928 0.         0.         0.         0.         0.         0.0171039  0.         0.         0.         0.         0.         0.         0.02252956 0.         0.         0.         0.         0.         0.         0.01771491 0.         0.         0.90875489 0.         0.         0.         0.         0.        ],[0. 1. 1. 0. 0. 0. 0. 0. 1. 0. 0. 0. 0. 0. 0. 1. 0. 0. 0. 0. 0. 0. 1. 0. 0. 1. 0. 0. 0. 0. 0.],6.0,10000,30,0.6,10,1,6,,problem_solving
1000,0.029660133928024655,0.00464563112117753,0.4,14.75138326324947,[0.         0.02041745 0.01347928 0.         0.         0.         0.         0.         0.0171039  0.         0.         0.         0.         0.         0.         0.02252956 0.         0.         0.         0.         0.         0.         0.01771491 0.         0.         0.90875489 0.         0.         0.         0.         0.        ],[0. 1. 1. 0. 0. 0. 0. 0. 1. 0. 0. 0. 0. 0. 0. 1. 0. 0. 0. 0. 0. 0. 1. 0. 0. 1. 0. 0. 0. 0. 0.],6.0,10000,30,0.6,10,1,6,,problem_solving
1100,0.026219004007508786,0.006794122238540955,0.4,-17.055104105314413,[0.         0.         0.         0.         0.         0.0119872  0.         0.         0.01098508 0.         0.         0.01125062 0.         0.         0.         0.         0.         0.         0.         0.         0.         0.01678035 0.         0.         0.01819501 0.93080173 0.         0.         0.         0.         0.        ],[0. 0. 0. 0. 0. 1. 0. 0. 1. 0. 0. 1. 0. 0. 0. 0. 0. 0. 0. 0. 0. 1. 0. 0. 1. 1. 0. 0. 0. 0. 0.],6.0,10000,30,0.6,10,1,6,,problem_solving
1200,0.02557726680066034,0.004719800175276692,0.4,-10.31368344487521,[0.         0.         0.         0.         0.01725363 0.         0.         0.         0.02368431 0.         0.         0.         0.         0.         0.         0.         0.         0.         0.         0.01754126 0.         0.         0.         0.         0.         0.89790291 0.01579386 0.         0.         0.         0.02782403],[0. 0. 0. 0. 1. 0. 0. 0. 1. 0. 0. 0. 0. 0. 0. 0. 0. 0. 0. 1. 0. 0. 0. 0. 0. 1. 1. 0. 0. 0. 1.],6.0,10000,30,0.6,10,1,6,,problem_solving
1300,0.02557726680066034,0.004719800175276692,0.4,-3.929710531888185,[0.         0.         0.         0.         0.01725363 0.         0.         0.         0.02368431 0.         0.         0.         0.         0.         0.         0.         0.         0.         0.         0.01754126 0.         0.         0.         0.         0.         0.89790291 0.01579386 0.         0.         0.         0.02782403],[0. 0. 0. 0. 1. 0. 0. 0. 1. 0. 0. 0. 0. 0. 0. 0. 0. 0. 0. 1. 0. 0. 0. 0. 0. 1. 1. 0. 0. 0. 1.],6.0,10000,30,0.6,10,1,6,,problem_solving
1400,0.02557726680066034,0.004719800175276692,0.4,1.6709168365861764,[0.         0.         0.         0.         0.01725363 0.         0.         0.         0.02368431 0.         0.         0.         0.         0.         0.         0.         0.         0.         0.         0.01754126 0.         0.         0.         0.         0.         0.89790291 0.01579386 0.         0.         0.         0.02782403],[0. 0. 0. 0. 1. 0. 0. 0. 1. 0. 0. 0. 0. 0. 0. 0. 0. 0. 0. 1. 0. 0. 0. 0. 0. 1. 1. 0. 0. 0. 1.],6.0,10000,30,0.6,10,1,6,,problem_solving
1500,0.02557726680066034,0.004719800175276692,0.4,0.6019002675195761,[0.         0.         0.         0.         0.01725363 0.         0.         0.         0.02368431 0.         0.         0.         0.         0.         0.         0.         0.         0.         0.         0.01754126 0.         0.         0.         0.         0.         0.89790291 0.01579386 0.         0.         0.         0.02782403],[0. 0. 0. 0. 1. 0. 0. 0. 1. 0. 0. 0. 0. 0. 0. 0. 0. 0. 0. 1. 0. 0. 0. 0. 0. 1. 1. 0. 0. 0. 1.],6.0,10000,30,0.6,10,1,6,,problem_solving
1600,0.02557726680066034,0.004719800175276692,0.4,11.782660225627527,[0.         0.         0.         0.         0.01725363 0.         0.         0.         0.02368431 0.         0.         0.         0.         0.         0.         0.         0.         0.         0.         0.01754126 0.         0.         0.         0.         0.         0.89790291 0.01579386 0.         0.         0.         0.02782403],[0. 0. 0. 0. 1. 0. 0. 0. 1. 0. 0. 0. 0. 0. 0. 0. 0. 0. 0. 1. 0. 0. 0. 0. 0. 1. 1. 0. 0. 0. 1.],6.0,10000,30,0.6,10,1,6,,problem_solving
1700,0.02557726680066034,0.004719800175276692,0.4,-1.0603934542569933,[0.         0.         0.         0.         0.01725363 0.         0.         0.         0.02368431 0.         0.         0.         0.         0.         0.         0.         0.         0.         0.         0.01754126 0.         0.         0.         0.         0.         0.89790291 0.01579386 0.         0.         0.         0.02782403],[0. 0. 0. 0. 1. 0. 0. 0. 1. 0. 0. 0. 0. 0. 0. 0. 0. 0. 0. 1. 0. 0. 0. 0. 0. 1. 1. 0. 0. 0. 1.],6.0,10000,30,0.6,10,1,6,,problem_solving
1800,0.02557726680066034,0.004719800175276692,0.4,-9.337962261580666,[0.         0.         0.         0.         0.01725363 0.         0.         0.         0.02368431 0.         0.         0.         0.         0.         0.         0.         0.         0.         0.         0.01754126 0.         0.         0.         0.         0.         0.89790291 0.01579386 0.         0.         0.         0.02782403],[0. 0. 0. 0. 1. 0. 0. 0. 1. 0. 0. 0. 0. 0. 0. 0. 0. 0. 0. 1. 0. 0. 0. 0. 0. 1. 1. 0. 0. 0. 1.],6.0,10000,30,0.6,10,1,6,,problem_solving
1900,0.02557726680066034,0.004719800175276692,0.4,-16.195631193796757,[0.         0.         0.         0.         0.01725363 0.         0.         0.         0.02368431 0.         0.         0.         0.         0.         0.         0.         0.         0.         0.         0.01754126 0.         0.         0.         0.         0.         0.89790291 0.01579386 0.         0.         0.         0.02782403],[0. 0. 0. 0. 1. 0. 0. 0. 1. 0. 0. 0. 0. 0. 0. 0. 0. 0. 0. 1. 0. 0. 0. 0. 0. 1. 1. 0. 0. 0. 1.],6.0,10000,30,0.6,10,1,6,,problem_solving
2000,0.023834466872911565,0.004667961044953628,0.4,5.9770972062014325,[0.         0.         0.         0.01730973 0.         0.02045149 0.01096513 0.         0.         0.         0.         0.         0.02038046 0.         0.         0.         0.         0.         0.         0.         0.         0.         0.         0.         0.         0.91934365 0.         0.         0.         0.         0.01154954],[0. 0. 0. 1. 0. 1. 1. 0. 0. 0. 0. 0. 1. 0. 0. 0. 0. 0. 0. 0. 0. 0. 0. 0. 0. 1. 0. 0. 0. 0. 1.],6.0,10000,30,0.6,10,1,6,,problem_solving
2100,0.023834466872911565,0.004667961044953628,0.4,17.508865631087907,[0.         0.         0.         0.01730973 0.         0.02045149 0.01096513 0.         0.         0.         0.         0.         0.02038046 0.         0.         0.         0.         0.         0.         0.         0.         0.         0.         0.         0.         0.91934365 0.         0.         0.         0.         0.01154954],[0. 0. 0. 1. 0. 1. 1. 0. 0. 0. 0. 0. 1. 0. 0. 0. 0. 0. 0. 0. 0. 0. 0. 0. 0. 1. 0. 0. 0. 0. 1.],6.0,10000,30,0.6,10,1,6,,problem_solving
2200,0.023834466872911565,0.004667961044953628,0.4,1.3888043936026784,[0.         0.         0.         0.01730973 0.         0.02045149 0.01096513 0.         0.         0.         0.         0.         0.02038046 0.         0.         0.         0.         0.         0.         0.         0.         0.         0.         0.         0.         0.91934365 0.         0.         0.         0.         0.01154954],[0. 0. 0. 1. 0. 1. 1. 0. 0. 0. 0. 0. 1. 0. 0. 0. 0. 0. 0. 0. 0. 0. 0. 0. 0. 1. 0. 0. 0. 0. 1.],6.0,10000,30,0.6,10,1,6,,problem_solving
2300,0.023834466872911565,0.004667961044953628,0.4,6.347932310633684,[0.         0.         0.         0.01730973 0.         0.02045149 0.01096513 0.         0.         0.         0.         0.         0.02038046 0.         0.         0.         0.         0.         0.         0.         0.         0.         0.         0.         0.         0.91934365 0.         0.         0.         0.         0.01154954],[0. 0. 0. 1. 0. 1. 1. 0. 0. 0. 0. 0. 1. 0. 0. 0. 0. 0. 0. 0. 0. 0. 0. 0. 0. 1. 0. 0. 0. 0. 1.],6.0,10000,30,0.6,10,1,6,,problem_solving
2400,0.023834466872911565,0.004667961044953628,0.4,-9.172275092876736,[0.         0.         0.         0.01730973 0.         0.02045149 0.01096513 0.         0.         0.         0.         0.         0.02038046 0.         0.         0.         0.         0.         0.         0.         0.         0.         0.         0.         0.         0.91934365 0.         0.         0.         0.         0.01154954],[0. 0. 0. 1. 0. 1. 1. 0. 0. 0. 0. 0. 1. 0. 0. 0. 0. 0. 0. 0. 0. 0. 0. 0. 0. 1. 0. 0. 0. 0. 1.],6.0,10000,30,0.6,10,1,6,,problem_solving
2500,0.023834466872911565,0.004667961044953628,0.4,-4.712113556631474,[0.         0.         0.         0.01730973 0.         0.02045149 0.01096513 0.         0.         0.         0.         0.         0.02038046 0.         0.         0.         0.         0.         0.         0.         0.         0.         0.         0.         0.         0.91934365 0.         0.         0.         0.         0.01154954],[0. 0. 0. 1. 0. 1. 1. 0. 0. 0. 0. 0. 1. 0. 0. 0. 0. 0. 0. 0. 0. 0. 0. 0. 0. 1. 0. 0. 0. 0. 1.],6.0,10000,30,0.6,10,1,6,,problem_solving
2600,0.023834466872911565,0.004667961044953628,0.4,8.050861339889407,[0.         0.         0.         0.01730973 0.         0.02045149 0.01096513 0.         0.         0.         0.         0.         0.02038046 0.         0.         0.         0.         0.         0.         0.         0.         0.         0.         0.         0.         0.91934365 0.         0.         0.         0.         0.01154954],[0. 0. 0. 1. 0. 1. 1. 0. 0. 0. 0. 0. 1. 0. 0. 0. 0. 0. 0. 0. 0. 0. 0. 0. 0. 1. 0. 0. 0. 0. 1.],6.0,10000,30,0.6,10,1,6,,problem_solving
2700,0.023834466872911565,0.004667961044953628,0.4,-6.474120516583786,[0.         0.         0.         0.01730973 0.         0.02045149 0.01096513 0.         0.         0.         0.         0.         0.02038046 0.         0.         0.         0.         0.         0.         0.         0.         0.         0.         0.         0.         0.91934365 0.         0.         0.         0.         0.01154954],[0. 0. 0. 1. 0. 1. 1. 0. 0. 0. 0. 0. 1. 0. 0. 0. 0. 0. 0. 0. 0. 0. 0. 0. 0. 1. 0. 0. 0. 0. 1.],6.0,10000,30,0.6,10,1,6,,problem_solving
2800,0.0208736242360055,0.010269036020393973,0.4,28.864745558309526,[0.         0.         0.         0.         0.92791159 0.         0.         0.         0.         0.         0.         0.         0.01060121 0.         0.         0.01631264 0.         0.01064622 0.         0.         0.         0.         0.         0.         0.01534948 0.01917886 0.         0.         0.         0.         0.        ],[0. 0. 0. 0. 1. 0. 0. 0. 0. 0. 0. 0. 1. 0. 0. 1. 0. 1. 0. 0. 0. 0. 0. 0. 1. 1. 0. 0. 0. 0. 0.],6.0,10000,30,0.6,10,1,6,,problem_solving
2900,0.0208736242360055,0.010269036020393973,0.4,7.089090540354466,[0.         0.         0.         0.         0.92791159 0.         0.         0.         0.         0.         0.         0.         0.01060121 0.         0.         0.01631264 0.         0.01064622 0.         0.         0.         0.         0.         0.         0.01534948 0.01917886 0.         0.         0.         0.         0.        ],[0. 0. 0. 0. 1. 0. 0. 0. 0. 0. 0. 0. 1. 0. 0. 1. 0. 1. 0. 0. 0. 0. 0. 0. 1. 1. 0. 0. 0. 0. 0.],6.0,10000,30,0.6,10,1,6,,problem_solving
3000,0.0208736242360055,0.010269036020393973,0.4,-23.118766539712215,[0.         0.         0.         0.         0.92791159 0.         0.         0.         0.         0.         0.         0.         0.01060121 0.         0.         0.01631264 0.         0.01064622 0.         0.         0.         0.         0.         0.         0.01534948 0.01917886 0.         0.         0.         0.         0.        ],[0. 0. 0. 0. 1. 0. 0. 0. 0. 0. 0. 0. 1. 0. 0. 1. 0. 1. 0. 0. 0. 0. 0. 0. 1. 1. 0. 0. 0. 0. 0.],6.0,10000,30,0.6,10,1,6,,problem_solving
3100,0.0208736242360055,0.010269036020393973,0.4,-1.6717803128356348,[0.         0.         0.         0.         0.92791159 0.         0.         0.         0.         0.         0.         0.         0.01060121 0.         0.         0.01631264 0.         0.01064622 0.         0.         0.         0.         0.         0.         0.01534948 0.01917886 0.         0.         0.         0.         0.        ],[0. 0. 0. 0. 1. 0. 0. 0. 0. 0. 0. 0. 1. 0. 0. 1. 0. 1. 0. 0. 0. 0. 0. 0. 1. 1. 0. 0. 0. 0. 0.],6.0,10000,30,0.6,10,1,6,,problem_solving
3200,0.0208736242360055,0.010269036020393973,0.4,13.694854792773592,[0.         0.         0.         0.         0.92791159 0.         0.         0.         0.         0.         0.         0.         0.01060121 0.         0.         0.01631264 0.         0.01064622 0.         0.         0.         0.         0.         0.         0.01534948 0.01917886 0.         0.         0.         0.         0.        ],[0. 0. 0. 0. 1. 0. 0. 0. 0. 0. 0. 0. 1. 0. 0. 1. 0. 1. 0. 0. 0. 0. 0. 0. 1. 1. 0. 0. 0. 0. 0.],6.0,10000,30,0.6,10,1,6,,problem_solving
3300,0.0208736242360055,0.010269036020393973,0.4,7.550083373900974,[0.         0.         0.         0.         0.92791159 0.         0.         0.         0.         0.         0.         0.         0.01060121 0.         0.         0.01631264 0.         0.01064622 0.         0.         0.         0.         0.         0.         0.01534948 0.01917886 0.         0.         0.         0.         0.        ],[0. 0. 0. 0. 1. 0. 0. 0. 0. 0. 0. 0. 1. 0. 0. 1. 0. 1. 0. 0. 0. 0. 0. 0. 1. 1. 0. 0. 0. 0. 0.],6.0,10000,30,0.6,10,1,6,,problem_solving
3400,0.019958333263394624,0.004710393439253217,0.4,-4.902383489822019,[0.         0.         0.01256716 0.         0.01875995 0.         0.         0.         0.         0.         0.0148827  0.         0.         0.         0.         0.         0.01581917 0.         0.         0.         0.         0.01490268 0.         0.         0.         0.92306834 0.         0.         0.         0.         0.        ],[0. 0. 1. 0. 1. 0. 0. 0. 0. 0. 1. 0. 0. 0. 0. 0. 1. 0. 0. 0. 0. 1. 0. 0. 0. 1. 0. 0. 0. 0. 0.],6.0,10000,30,0.6,10,1,6,,problem_solving
3500,0.019958333263394624,0.004710393439253217,0.4,12.21803440822425,[0.         0.         0.01256716 0.         0.01875995 0.         0.         0.         0.         0.         0.0148827  0.         0.         0.         0.         0.         0.01581917 0.         0.         0.         0.         0.01490268 0.         0.         0.         0.92306834 0.         0.         0.         0.         0.        ],[0. 0. 1. 0. 1. 0. 0. 0. 0. 0. 1. 0. 0. 0. 0. 0. 1. 0. 0. 0. 0. 1. 0. 0. 0. 1. 0. 0. 0. 0. 0.],6.0,10000,30,0.6,10,1,6,,problem_solving
3600,0.019958333263394624,0.004710393439253217,0.4,-1.599249903866481,[0.         0.         0.01256716 0.         0.01875995 0.         0.         0.         0.         0.         0.0148827  0.         0.         0.         0.         0.         0.01581917 0.         0.         0.         0.         0.01490268 0.         0.         0.         0.92306834 0.         0.         0.         0.         0.        ],[0. 0. 1. 0. 1. 0. 0. 0. 0. 0. 1. 0. 0. 0. 0. 0. 1. 0. 0. 0. 0. 1. 0. 0. 0. 1. 0. 0. 0. 0. 0.],6.0,10000,30,0.6,10,1,6,,problem_solving
3700,0.019958333263394624,0.004710393439253217,0.4,6.2104835884287715,[0.         0.         0.01256716 0.         0.01875995 0.         0.         0.         0.         0.         0.0148827  0.         0.         0.         0.         0.         0.01581917 0.         0.         0.         0.         0.01490268 0.         0.         0.         0.92306834 0.         0.         0.         0.         0.        ],[0. 0. 1. 0. 1. 0. 0. 0. 0. 0. 1. 0. 0. 0. 0. 0. 1. 0. 0. 0. 0. 1. 0. 0. 0. 1. 0. 0. 0. 0. 0.],6.0,10000,30,0.6,10,1,6,,problem_solving
3800,0.019958333263394624,0.004710393439253217,0.4,-0.36814532984745324,[0.         0.         0.01256716 0.         0.01875995 0.         0.         0.         0.         0.         0.0148827  0.         0.         0.         0.         0.         0.01581917 0.         0.         0.         0.         0.01490268 0.         0.         0.         0.92306834 0.         0.         0.         0.         0.        ],[0. 0. 1. 0. 1. 0. 0. 0. 0. 0. 1. 0. 0. 0. 0. 0. 1. 0. 0. 0. 0. 1. 0. 0. 0. 1. 0. 0. 0. 0. 0.],6.0,10000,30,0.6,10,1,6,,problem_solving
3900,0.019958333263394624,0.004710393439253217,0.4,-3.19736656496026,[0.         0.         0.01256716 0.         0.01875995 0.         0.         0.         0.         0.         0.0148827  0.         0.         0.         0.         0.         0.01581917 0.         0.         0.         0.         0.01490268 0.         0.         0.         0.92306834 0.         0.         0.         0.         0.        ],[0. 0. 1. 0. 1. 0. 0. 0. 0. 0. 1. 0. 0. 0. 0. 0. 1. 0. 0. 0. 0. 1. 0. 0. 0. 1. 0. 0. 0. 0. 0.],6.0,10000,30,0.6,10,1,6,,problem_solving
4000,0.019958333263394624,0.004710393439253217,0.4,3.6204696141744064,[0.         0.         0.01256716 0.         0.01875995 0.         0.         0.         0.         0.         0.0148827  0.         0.         0.         0.         0.         0.01581917 0.         0.         0.         0.         0.01490268 0.         0.         0.         0.92306834 0.         0.         0.         0.         0.        ],[0. 0. 1. 0. 1. 0. 0. 0. 0. 0. 1. 0. 0. 0. 0. 0. 1. 0. 0. 0. 0. 1. 0. 0. 0. 1. 0. 0. 0. 0. 0.],6.0,10000,30,0.6,10,1,6,,problem_solving
4100,0.019958333263394624,0.004710393439253217,0.4,3.0138031674045305,[0.         0.         0.01256716 0.         0.01875995 0.         0.         0.         0.         0.         0.0148827  0.         0.         0.         0.         0.         0.01581917 0.         0.         0.         0.         0.01490268 0.         0.         0.         0.92306834 0.         0.         0.         0.         0.        ],[0. 0. 1. 0. 1. 0. 0. 0. 0. 0. 1. 0. 0. 0. 0. 0. 1. 0. 0. 0. 0. 1. 0. 0. 0. 1. 0. 0. 0. 0. 0.],6.0,10000,30,0.6,10,1,6,,problem_solving
4200,0.019958333263394624,0.004710393439253217,0.4,9.467247750883573,[0.         0.         0.01256716 0.         0.01875995 0.         0.         0.         0.         0.         0.0148827  0.         0.         0.         0.         0.         0.01581917 0.         0.         0.         0.         0.01490268 0.         0.         0.         0.92306834 0.         0.         0.         0.         0.        ],[0. 0. 1. 0. 1. 0. 0. 0. 0. 0. 1. 0. 0. 0. 0. 0. 1. 0. 0. 0. 0. 1. 0. 0. 0. 1. 0. 0. 0. 0. 0.],6.0,10000,30,0.6,10,1,6,,problem_solving
4300,0.019958333263394624,0.004710393439253217,0.4,-13.610116125251343,[0.         0.         0.01256716 0.         0.01875995 0.         0.         0.         0.         0.         0.0148827  0.         0.         0.         0.         0.         0.01581917 0.         0.         0.         0.         0.01490268 0.         0.         0.         0.92306834 0.         0.         0.         0.         0.        ],[0. 0. 1. 0. 1. 0. 0. 0. 0. 0. 1. 0. 0. 0. 0. 0. 1. 0. 0. 0. 0. 1. 0. 0. 0. 1. 0. 0. 0. 0. 0.],6.0,10000,30,0.6,10,1,6,,problem_solving
4400,0.019958333263394624,0.004710393439253217,0.4,18.55063653419308,[0.         0.         0.01256716 0.         0.01875995 0.         0.         0.         0.         0.         0.0148827  0.         0.         0.         0.         0.         0.01581917 0.         0.         0.         0.         0.01490268 0.         0.         0.         0.92306834 0.         0.         0.         0.         0.        ],[0. 0. 1. 0. 1. 0. 0. 0. 0. 0. 1. 0. 0. 0. 0. 0. 1. 0. 0. 0. 0. 1. 0. 0. 0. 1. 0. 0. 0. 0. 0.],6.0,10000,30,0.6,10,1,6,,problem_solving
4500,0.019958333263394624,0.004710393439253217,0.4,-1.3724557679314089,[0.         0.         0.01256716 0.         0.01875995 0.         0.         0.         0.         0.         0.0148827  0.         0.         0.         0.         0.         0.01581917 0.         0.         0.         0.         0.01490268 0.         0.         0.         0.92306834 0.         0.         0.         0.         0.        ],[0. 0. 1. 0. 1. 0. 0. 0. 0. 0. 1. 0. 0. 0. 0. 0. 1. 0. 0. 0. 0. 1. 0. 0. 0. 1. 0. 0. 0. 0. 0.],6.0,10000,30,0.6,10,1,6,,problem_solving
4600,0.019958333263394624,0.004710393439253217,0.4,-5.558489758246115,[0.         0.         0.01256716 0.         0.01875995 0.         0.         0.         0.         0.         0.0148827  0.         0.         0.         0.         0.         0.01581917 0.         0.         0.         0.         0.01490268 0.         0.         0.         0.92306834 0.         0.         0.         0.         0.        ],[0. 0. 1. 0. 1. 0. 0. 0. 0. 0. 1. 0. 0. 0. 0. 0. 1. 0. 0. 0. 0. 1. 0. 0. 0. 1. 0. 0. 0. 0. 0.],6.0,10000,30,0.6,10,1,6,,problem_solving
4700,0.019958333263394624,0.004710393439253217,0.4,5.402547981498715,[0.         0.         0.01256716 0.         0.01875995 0.         0.         0.         0.         0.         0.0148827  0.         0.         0.         0.         0.         0.01581917 0.         0.         0.         0.         0.01490268 0.         0.         0.         0.92306834 0.         0.         0.         0.         0.        ],[0. 0. 1. 0. 1. 0. 0. 0. 0. 0. 1. 0. 0. 0. 0. 0. 1. 0. 0. 0. 0. 1. 0. 0. 0. 1. 0. 0. 0. 0. 0.],6.0,10000,30,0.6,10,1,6,,problem_solving
4800,0.019958333263394624,0.004710393439253217,0.4,-6.5441988741030235,[0.         0.         0.01256716 0.         0.01875995 0.         0.         0.         0.         0.         0.0148827  0.         0.         0.         0.         0.         0.01581917 0.         0.         0.         0.         0.01490268 0.         0.         0.         0.92306834 0.         0.         0.         0.         0.        ],[0. 0. 1. 0. 1. 0. 0. 0. 0. 0. 1. 0. 0. 0. 0. 0. 1. 0. 0. 0. 0. 1. 0. 0. 0. 1. 0. 0. 0. 0. 0.],6.0,10000,30,0.6,10,1,6,,problem_solving
4900,0.019958333263394624,0.004710393439253217,0.4,-7.01282112631759,[0.         0.         0.01256716 0.         0.01875995 0.         0.         0.         0.         0.         0.0148827  0.         0.         0.         0.         0.         0.01581917 0.         0.         0.         0.         0.01490268 0.         0.         0.         0.92306834 0.         0.         0.         0.         0.        ],[0. 0. 1. 0. 1. 0. 0. 0. 0. 0. 1. 0. 0. 0. 0. 0. 1. 0. 0. 0. 0. 1. 0. 0. 0. 1. 0. 0. 0. 0. 0.],6.0,10000,30,0.6,10,1,6,,problem_solving
5000,0.019958333263394624,0.004710393439253217,0.4,-1.146574510805263,[0.         0.         0.01256716 0.         0.01875995 0.         0.         0.         0.         0.         0.0148827  0.         0.         0.         0.         0.         0.01581917 0.         0.         0.         0.         0.01490268 0.         0.         0.         0.92306834 0.         0.         0.         0.         0.        ],[0. 0. 1. 0. 1. 0. 0. 0. 0. 0. 1. 0. 0. 0. 0. 0. 1. 0. 0. 0. 0. 1. 0. 0. 0. 1. 0. 0. 0. 0. 0.],6.0,10000,30,0.6,10,1,6,,problem_solving
5100,0.019958333263394624,0.004710393439253217,0.4,-3.493827577848787,[0.         0.         0.01256716 0.         0.01875995 0.         0.         0.         0.         0.         0.0148827  0.         0.         0.         0.         0.         0.01581917 0.         0.         0.         0.         0.01490268 0.         0.         0.         0.92306834 0.         0.         0.         0.         0.        ],[0. 0. 1. 0. 1. 0. 0. 0. 0. 0. 1. 0. 0. 0. 0. 0. 1. 0. 0. 0. 0. 1. 0. 0. 0. 1. 0. 0. 0. 0. 0.],6.0,10000,30,0.6,10,1,6,,problem_solving
5200,0.019958333263394624,0.004710393439253217,0.4,8.8967209826229,[0.         0.         0.01256716 0.         0.01875995 0.         0.         0.         0.         0.         0.0148827  0.         0.         0.         0.         0.         0.01581917 0.         0.         0.         0.         0.01490268 0.         0.         0.         0.92306834 0.         0.         0.         0.         0.        ],[0. 0. 1. 0. 1. 0. 0. 0. 0. 0. 1. 0. 0. 0. 0. 0. 1. 0. 0. 0. 0. 1. 0. 0. 0. 1. 0. 0. 0. 0. 0.],6.0,10000,30,0.6,10,1,6,,problem_solving
5300,0.019958333263394624,0.004710393439253217,0.4,-10.263865001831206,[0.         0.         0.01256716 0.         0.01875995 0.         0.         0.         0.         0.         0.0148827  0.         0.         0.         0.         0.         0.01581917 0.         0.         0.         0.         0.01490268 0.         0.         0.         0.92306834 0.         0.         0.         0.         0.        ],[0. 0. 1. 0. 1. 0. 0. 0. 0. 0. 1. 0. 0. 0. 0. 0. 1. 0. 0. 0. 0. 1. 0. 0. 0. 1. 0. 0. 0. 0. 0.],6.0,10000,30,0.6,10,1,6,,problem_solving
5400,0.019958333263394624,0.004710393439253217,0.4,4.1817788212284785,[0.         0.         0.01256716 0.         0.01875995 0.         0.         0.         0.         0.         0.0148827  0.         0.         0.         0.         0.         0.01581917 0.         0.         0.         0.         0.01490268 0.         0.         0.         0.92306834 0.         0.         0.         0.         0.        ],[0. 0. 1. 0. 1. 0. 0. 0. 0. 0. 1. 0. 0. 0. 0. 0. 1. 0. 0. 0. 0. 1. 0. 0. 0. 1. 0. 0. 0. 0. 0.],6.0,10000,30,0.6,10,1,6,,problem_solving
5500,0.019958333263394624,0.004710393439253217,0.4,1.6109414645563964,[0.         0.         0.01256716 0.         0.01875995 0.         0.         0.         0.         0.         0.0148827  0.         0.         0.         0.         0.         0.01581917 0.         0.         0.         0.         0.01490268 0.         0.         0.         0.92306834 0.         0.         0.         0.         0.        ],[0. 0. 1. 0. 1. 0. 0. 0. 0. 0. 1. 0. 0. 0. 0. 0. 1. 0. 0. 0. 0. 1. 0. 0. 0. 1. 0. 0. 0. 0. 0.],6.0,10000,30,0.6,10,1,6,,problem_solving
5600,0.019958333263394624,0.004710393439253217,0.4,9.103357287483648,[0.         0.         0.01256716 0.         0.01875995 0.         0.         0.         0.         0.         0.0148827  0.         0.         0.         0.         0.         0.01581917 0.         0.         0.         0.         0.01490268 0.         0.         0.         0.92306834 0.         0.         0.         0.         0.        ],[0. 0. 1. 0. 1. 0. 0. 0. 0. 0. 1. 0. 0. 0. 0. 0. 1. 0. 0. 0. 0. 1. 0. 0. 0. 1. 0. 0. 0. 0. 0.],6.0,10000,30,0.6,10,1,6,,problem_solving
5700,0.019958333263394624,0.004710393439253217,0.4,-16.20531558203009,[0.         0.         0.01256716 0.         0.01875995 0.         0.         0.         0.         0.         0.0148827  0.         0.         0.         0.         0.         0.01581917 0.         0.         0.         0.         0.01490268 0.         0.         0.         0.92306834 0.         0.         0.         0.         0.        ],[0. 0. 1. 0. 1. 0. 0. 0. 0. 0. 1. 0. 0. 0. 0. 0. 1. 0. 0. 0. 0. 1. 0. 0. 0. 1. 0. 0. 0. 0. 0.],6.0,10000,30,0.6,10,1,6,,problem_solving
5800,0.019958333263394624,0.004710393439253217,0.4,12.85800549267239,[0.         0.         0.01256716 0.         0.01875995 0.         0.         0.         0.         0.         0.0148827  0.         0.         0.         0.         0.         0.01581917 0.         0.         0.         0.         0.01490268 0.         0.         0.         0.92306834 0.         0.         0.         0.         0.        ],[0. 0. 1. 0. 1. 0. 0. 0. 0. 0. 1. 0. 0. 0. 0. 0. 1. 0. 0. 0. 0. 1. 0. 0. 0. 1. 0. 0. 0. 0. 0.],6.0,10000,30,0.6,10,1,6,,problem_solving
5900,0.019958333263394624,0.004710393439253217,0.4,-6.65544626952091,[0.         0.         0.01256716 0.         0.01875995 0.         0.         0.         0.         0.         0.0148827  0.         0.         0.         0.         0.         0.01581917 0.         0.         0.         0.         0.01490268 0.         0.         0.         0.92306834 0.         0.         0.         0.         0.        ],[0. 0. 1. 0. 1. 0. 0. 0. 0. 0. 1. 0. 0. 0. 0. 0. 1. 0. 0. 0. 0. 1. 0. 0. 0. 1. 0. 0. 0. 0. 0.],6.0,10000,30,0.6,10,1,6,,problem_solving
6000,0.019958333263394624,0.004710393439253217,0.4,3.3630182647174762,[0.         0.         0.01256716 0.         0.01875995 0.         0.         0.         0.         0.         0.0148827  0.         0.         0.         0.         0.         0.01581917 0.         0.         0.         0.         0.01490268 0.         0.         0.         0.92306834 0.         0.         0.         0.         0.        ],[0. 0. 1. 0. 1. 0. 0. 0. 0. 0. 1. 0. 0. 0. 0. 0. 1. 0. 0. 0. 0. 1. 0. 0. 0. 1. 0. 0. 0. 0. 0.],6.0,10000,30,0.6,10,1,6,,problem_solving
6100,0.019958333263394624,0.004710393439253217,0.4,-12.356777251027353,[0.         0.         0.01256716 0.         0.01875995 0.         0.         0.         0.         0.         0.0148827  0.         0.         0.         0.         0.         0.01581917 0.         0.         0.         0.         0.01490268 0.         0.         0.         0.92306834 0.         0.         0.         0.         0.        ],[0. 0. 1. 0. 1. 0. 0. 0. 0. 0. 1. 0. 0. 0. 0. 0. 1. 0. 0. 0. 0. 1. 0. 0. 0. 1. 0. 0. 0. 0. 0.],6.0,10000,30,0.6,10,1,6,,problem_solving
6200,0.019958333263394624,0.004710393439253217,0.4,9.41237766962953,[0.         0.         0.01256716 0.         0.01875995 0.         0.         0.         0.         0.         0.0148827  0.         0.         0.         0.         0.         0.01581917 0.         0.         0.         0.         0.01490268 0.         0.         0.         0.92306834 0.         0.         0.         0.         0.        ],[0. 0. 1. 0. 1. 0. 0. 0. 0. 0. 1. 0. 0. 0. 0. 0. 1. 0. 0. 0. 0. 1. 0. 0. 0. 1. 0. 0. 0. 0. 0.],6.0,10000,30,0.6,10,1,6,,problem_solving
6300,0.019958333263394624,0.004710393439253217,0.4,-7.749857087762914,[0.         0.         0.01256716 0.         0.01875995 0.         0.         0.         0.         0.         0.0148827  0.         0.         0.         0.         0.         0.01581917 0.         0.         0.         0.         0.01490268 0.         0.         0.         0.92306834 0.         0.         0.         0.         0.        ],[0. 0. 1. 0. 1. 0. 0. 0. 0. 0. 1. 0. 0. 0. 0. 0. 1. 0. 0. 0. 0. 1. 0. 0. 0. 1. 0. 0. 0. 0. 0.],6.0,10000,30,0.6,10,1,6,,problem_solving
6400,0.019958333263394624,0.004710393439253217,0.4,10.790466579412696,[0.         0.         0.01256716 0.         0.01875995 0.         0.         0.         0.         0.         0.0148827  0.         0.         0.         0.         0.         0.01581917 0.         0.         0.         0.         0.01490268 0.         0.         0.         0.92306834 0.         0.         0.         0.         0.        ],[0. 0. 1. 0. 1. 0. 0. 0. 0. 0. 1. 0. 0. 0. 0. 0. 1. 0. 0. 0. 0. 1. 0. 0. 0. 1. 0. 0. 0. 0. 0.],6.0,10000,30,0.6,10,1,6,,problem_solving
6500,0.019958333263394624,0.004710393439253217,0.4,13.082229172714936,[0.         0.         0.01256716 0.         0.01875995 0.         0.         0.         0.         0.         0.0148827  0.         0.         0.         0.         0.         0.01581917 0.         0.         0.         0.         0.01490268 0.         0.         0.         0.92306834 0.         0.         0.         0.         0.        ],[0. 0. 1. 0. 1. 0. 0. 0. 0. 0. 1. 0. 0. 0. 0. 0. 1. 0. 0. 0. 0. 1. 0. 0. 0. 1. 0. 0. 0. 0. 0.],6.0,10000,30,0.6,10,1,6,,problem_solving
6600,0.019958333263394624,0.004710393439253217,0.4,13.784506061436186,[0.         0.         0.01256716 0.         0.01875995 0.         0.         0.         0.         0.         0.0148827  0.         0.         0.         0.         0.         0.01581917 0.         0.         0.         0.         0.01490268 0.         0.         0.         0.92306834 0.         0.         0.         0.         0.        ],[0. 0. 1. 0. 1. 0. 0. 0. 0. 0. 1. 0. 0. 0. 0. 0. 1. 0. 0. 0. 0. 1. 0. 0. 0. 1. 0. 0. 0. 0. 0.],6.0,10000,30,0.6,10,1,6,,problem_solving
6700,0.019958333263394624,0.004710393439253217,0.4,-11.823243214893964,[0.         0.         0.01256716 0.         0.01875995 0.         0.         0.         0.         0.         0.0148827  0.         0.         0.         0.         0.         0.01581917 0.         0.         0.         0.         0.01490268 0.         0.         0.         0.92306834 0.         0.         0.         0.         0.        ],[0. 0. 1. 0. 1. 0. 0. 0. 0. 0. 1. 0. 0. 0. 0. 0. 1. 0. 0. 0. 0. 1. 0. 0. 0. 1. 0. 0. 0. 0. 0.],6.0,10000,30,0.6,10,1,6,,problem_solving
6800,0.019958333263394624,0.004710393439253217,0.4,2.571704719546336,[0.         0.         0.01256716 0.         0.01875995 0.         0.         0.         0.         0.         0.0148827  0.         0.         0.         0.         0.         0.01581917 0.         0.         0.         0.         0.01490268 0.         0.         0.         0.92306834 0.         0.         0.         0.         0.        ],[0. 0. 1. 0. 1. 0. 0. 0. 0. 0. 1. 0. 0. 0. 0. 0. 1. 0. 0. 0. 0. 1. 0. 0. 0. 1. 0. 0. 0. 0. 0.],6.0,10000,30,0.6,10,1,6,,problem_solving
6900,0.019958333263394624,0.004710393439253217,0.4,5.79866080359094,[0.         0.         0.01256716 0.         0.01875995 0.         0.         0.         0.         0.         0.0148827  0.         0.         0.         0.         0.         0.01581917 0.         0.         0.         0.         0.01490268 0.         0.         0.         0.92306834 0.         0.         0.         0.         0.        ],[0. 0. 1. 0. 1. 0. 0. 0. 0. 0. 1. 0. 0. 0. 0. 0. 1. 0. 0. 0. 0. 1. 0. 0. 0. 1. 0. 0. 0. 0. 0.],6.0,10000,30,0.6,10,1,6,,problem_solving
7000,0.019958333263394624,0.004710393439253217,0.4,11.465418961047611,[0.         0.         0.01256716 0.         0.01875995 0.         0.         0.         0.         0.         0.0148827  0.         0.         0.         0.         0.         0.01581917 0.         0.         0.         0.         0.01490268 0.         0.         0.         0.92306834 0.         0.         0.         0.         0.        ],[0. 0. 1. 0. 1. 0. 0. 0. 0. 0. 1. 0. 0. 0. 0. 0. 1. 0. 0. 0. 0. 1. 0. 0. 0. 1. 0. 0. 0. 0. 0.],6.0,10000,30,0.6,10,1,6,,problem_solving
7100,0.019958333263394624,0.004710393439253217,0.4,-28.824447124782647,[0.         0.         0.01256716 0.         0.01875995 0.         0.         0.         0.         0.         0.0148827  0.         0.         0.         0.         0.         0.01581917 0.         0.         0.         0.         0.01490268 0.         0.         0.         0.92306834 0.         0.         0.         0.         0.        ],[0. 0. 1. 0. 1. 0. 0. 0. 0. 0. 1. 0. 0. 0. 0. 0. 1. 0. 0. 0. 0. 1. 0. 0. 0. 1. 0. 0. 0. 0. 0.],6.0,10000,30,0.6,10,1,6,,problem_solving
7200,0.019958333263394624,0.004710393439253217,0.4,4.643846173730739,[0.         0.         0.01256716 0.         0.01875995 0.         0.         0.         0.         0.         0.0148827  0.         0.         0.         0.         0.         0.01581917 0.         0.         0.         0.         0.01490268 0.         0.         0.         0.92306834 0.         0.         0.         0.         0.        ],[0. 0. 1. 0. 1. 0. 0. 0. 0. 0. 1. 0. 0. 0. 0. 0. 1. 0. 0. 0. 0. 1. 0. 0. 0. 1. 0. 0. 0. 0. 0.],6.0,10000,30,0.6,10,1,6,,problem_solving
7300,0.019958333263394624,0.004710393439253217,0.4,-2.369609140206609,[0.         0.         0.01256716 0.         0.01875995 0.         0.         0.         0.         0.         0.0148827  0.         0.         0.         0.         0.         0.01581917 0.         0.         0.         0.         0.01490268 0.         0.         0.         0.92306834 0.         0.         0.         0.         0.        ],[0. 0. 1. 0. 1. 0. 0. 0. 0. 0. 1. 0. 0. 0. 0. 0. 1. 0. 0. 0. 0. 1. 0. 0. 0. 1. 0. 0. 0. 0. 0.],6.0,10000,30,0.6,10,1,6,,problem_solving
7400,0.019958333263394624,0.004710393439253217,0.4,-4.9494502137406515,[0.         0.         0.01256716 0.         0.01875995 0.         0.         0.         0.         0.         0.0148827  0.         0.         0.         0.         0.         0.01581917 0.         0.         0.         0.         0.01490268 0.         0.         0.         0.92306834 0.         0.         0.         0.         0.        ],[0. 0. 1. 0. 1. 0. 0. 0. 0. 0. 1. 0. 0. 0. 0. 0. 1. 0. 0. 0. 0. 1. 0. 0. 0. 1. 0. 0. 0. 0. 0.],6.0,10000,30,0.6,10,1,6,,problem_solving
7500,0.019958333263394624,0.004710393439253217,0.4,-0.5353913109383813,[0.         0.         0.01256716 0.         0.01875995 0.         0.         0.         0.         0.         0.0148827  0.         0.         0.         0.         0.         0.01581917 0.         0.         0.         0.         0.01490268 0.         0.         0.         0.92306834 0.         0.         0.         0.         0.        ],[0. 0. 1. 0. 1. 0. 0. 0. 0. 0. 1. 0. 0. 0. 0. 0. 1. 0. 0. 0. 0. 1. 0. 0. 0. 1. 0. 0. 0. 0. 0.],6.0,10000,30,0.6,10,1,6,,problem_solving
7600,0.019958333263394624,0.004710393439253217,0.4,-0.42332959019539507,[0.         0.         0.01256716 0.         0.01875995 0.         0.         0.         0.         0.         0.0148827  0.         0.         0.         0.         0.         0.01581917 0.         0.         0.         0.         0.01490268 0.         0.         0.         0.92306834 0.         0.         0.         0.         0.        ],[0. 0. 1. 0. 1. 0. 0. 0. 0. 0. 1. 0. 0. 0. 0. 0. 1. 0. 0. 0. 0. 1. 0. 0. 0. 1. 0. 0. 0. 0. 0.],6.0,10000,30,0.6,10,1,6,,problem_solving
7700,0.019958333263394624,0.004710393439253217,0.4,1.099055512727979,[0.         0.         0.01256716 0.         0.01875995 0.         0.         0.         0.         0.         0.0148827  0.         0.         0.         0.         0.         0.01581917 0.         0.         0.         0.         0.01490268 0.         0.         0.         0.92306834 0.         0.         0.         0.         0.        ],[0. 0. 1. 0. 1. 0. 0. 0. 0. 0. 1. 0. 0. 0. 0. 0. 1. 0. 0. 0. 0. 1. 0. 0. 0. 1. 0. 0. 0. 0. 0.],6.0,10000,30,0.6,10,1,6,,problem_solving
7800,0.019958333263394624,0.004710393439253217,0.4,13.356279072419941,[0.         0.         0.01256716 0.         0.01875995 0.         0.         0.         0.         0.         0.0148827  0.         0.         0.         0.         0.         0.01581917 0.         0.         0.         0.         0.01490268 0.         0.         0.         0.92306834 0.         0.         0.         0.         0.        ],[0. 0. 1. 0. 1. 0. 0. 0. 0. 0. 1. 0. 0. 0. 0. 0. 1. 0. 0. 0. 0. 1. 0. 0. 0. 1. 0. 0. 0. 0. 0.],6.0,10000,30,0.6,10,1,6,,problem_solving
7900,0.019958333263394624,0.004710393439253217,0.4,-19.51671289059922,[0.         0.         0.01256716 0.         0.01875995 0.         0.         0.         0.         0.         0.0148827  0.         0.         0.         0.         0.         0.01581917 0.         0.         0.         0.         0.01490268 0.         0.         0.         0.92306834 0.         0.         0.         0.         0.        ],[0. 0. 1. 0. 1. 0. 0. 0. 0. 0. 1. 0. 0. 0. 0. 0. 1. 0. 0. 0. 0. 1. 0. 0. 0. 1. 0. 0. 0. 0. 0.],6.0,10000,30,0.6,10,1,6,,problem_solving
8000,0.019958333263394624,0.004710393439253217,0.4,3.0240425221141565,[0.         0.         0.01256716 0.         0.01875995 0.         0.         0.         0.         0.         0.0148827  0.         0.         0.         0.         0.         0.01581917 0.         0.         0.         0.         0.01490268 0.         0.         0.         0.92306834 0.         0.         0.         0.         0.        ],[0. 0. 1. 0. 1. 0. 0. 0. 0. 0. 1. 0. 0. 0. 0. 0. 1. 0. 0. 0. 0. 1. 0. 0. 0. 1. 0. 0. 0. 0. 0.],6.0,10000,30,0.6,10,1,6,,problem_solving
8100,0.019958333263394624,0.004710393439253217,0.4,-2.4789630545436294,[0.         0.         0.01256716 0.         0.01875995 0.         0.         0.         0.         0.         0.0148827  0.         0.         0.         0.         0.         0.01581917 0.         0.         0.         0.         0.01490268 0.         0.         0.         0.92306834 0.         0.         0.         0.         0.        ],[0. 0. 1. 0. 1. 0. 0. 0. 0. 0. 1. 0. 0. 0. 0. 0. 1. 0. 0. 0. 0. 1. 0. 0. 0. 1. 0. 0. 0. 0. 0.],6.0,10000,30,0.6,10,1,6,,problem_solving
8200,0.019958333263394624,0.004710393439253217,0.4,8.384577964166844,[0.         0.         0.01256716 0.         0.01875995 0.         0.         0.         0.         0.         0.0148827  0.         0.         0.         0.         0.         0.01581917 0.         0.         0.         0.         0.01490268 0.         0.         0.         0.92306834 0.         0.         0.         0.         0.        ],[0. 0. 1. 0. 1. 0. 0. 0. 0. 0. 1. 0. 0. 0. 0. 0. 1. 0. 0. 0. 0. 1. 0. 0. 0. 1. 0. 0. 0. 0. 0.],6.0,10000,30,0.6,10,1,6,,problem_solving
8300,0.019958333263394624,0.004710393439253217,0.4,7.970728467975742,[0.         0.         0.01256716 0.         0.01875995 0.         0.         0.         0.         0.         0.0148827  0.         0.         0.         0.         0.         0.01581917 0.         0.         0.         0.         0.01490268 0.         0.         0.         0.92306834 0.         0.         0.         0.         0.        ],[0. 0. 1. 0. 1. 0. 0. 0. 0. 0. 1. 0. 0. 0. 0. 0. 1. 0. 0. 0. 0. 1. 0. 0. 0. 1. 0. 0. 0. 0. 0.],6.0,10000,30,0.6,10,1,6,,problem_solving
8400,0.019958333263394624,0.004710393439253217,0.4,-14.08923673278223,[0.         0.         0.01256716 0.         0.01875995 0.         0.         0.         0.         0.         0.0148827  0.         0.         0.         0.         0.         0.01581917 0.         0.         0.         0.         0.01490268 0.         0.         0.         0.92306834 0.         0.         0.         0.         0.        ],[0. 0. 1. 0. 1. 0. 0. 0. 0. 0. 1. 0. 0. 0. 0. 0. 1. 0. 0. 0. 0. 1. 0. 0. 0. 1. 0. 0. 0. 0. 0.],6.0,10000,30,0.6,10,1,6,,problem_solving
8500,0.019958333263394624,0.004710393439253217,0.4,-5.426580089011523,[0.         0.         0.01256716 0.         0.01875995 0.         0.         0.         0.         0.         0.0148827  0.         0.         0.         0.         0.         0.01581917 0.         0.         0.         0.         0.01490268 0.         0.         0.         0.92306834 0.         0.         0.         0.         0.        ],[0. 0. 1. 0. 1. 0. 0. 0. 0. 0. 1. 0. 0. 0. 0. 0. 1. 0. 0. 0. 0. 1. 0. 0. 0. 1. 0. 0. 0. 0. 0.],6.0,10000,30,0.6,10,1,6,,problem_solving
8600,0.019958333263394624,0.004710393439253217,0.4,-8.12499704598216,[0.         0.         0.01256716 0.         0.01875995 0.         0.         0.         0.         0.         0.0148827  0.         0.         0.         0.         0.         0.01581917 0.         0.         0.         0.         0.01490268 0.         0.         0.         0.92306834 0.         0.         0.         0.         0.        ],[0. 0. 1. 0. 1. 0. 0. 0. 0. 0. 1. 0. 0. 0. 0. 0. 1. 0. 0. 0. 0. 1. 0. 0. 0. 1. 0. 0. 0. 0. 0.],6.0,10000,30,0.6,10,1,6,,problem_solving
8700,0.019958333263394624,0.004710393439253217,0.4,8.330763214711084,[0.         0.         0.01256716 0.         0.01875995 0.         0.         0.         0.         0.         0.0148827  0.         0.         0.         0.         0.         0.01581917 0.         0.         0.         0.         0.01490268 0.         0.         0.         0.92306834 0.         0.         0.         0.         0.        ],[0. 0. 1. 0. 1. 0. 0. 0. 0. 0. 1. 0. 0. 0. 0. 0. 1. 0. 0. 0. 0. 1. 0. 0. 0. 1. 0. 0. 0. 0. 0.],6.0,10000,30,0.6,10,1,6,,problem_solving
8800,0.019958333263394624,0.004710393439253217,0.4,14.7579177772469,[0.         0.         0.01256716 0.         0.01875995 0.         0.         0.         0.         0.         0.0148827  0.         0.         0.         0.         0.         0.01581917 0.         0.         0.         0.         0.01490268 0.         0.         0.         0.92306834 0.         0.         0.         0.         0.        ],[0. 0. 1. 0. 1. 0. 0. 0. 0. 0. 1. 0. 0. 0. 0. 0. 1. 0. 0. 0. 0. 1. 0. 0. 0. 1. 0. 0. 0. 0. 0.],6.0,10000,30,0.6,10,1,6,,problem_solving
8900,0.019958333263394624,0.004710393439253217,0.4,6.288080129014083,[0.         0.         0.01256716 0.         0.01875995 0.         0.         0.         0.         0.         0.0148827  0.         0.         0.         0.         0.         0.01581917 0.         0.         0.         0.         0.01490268 0.         0.         0.         0.92306834 0.         0.         0.         0.         0.        ],[0. 0. 1. 0. 1. 0. 0. 0. 0. 0. 1. 0. 0. 0. 0. 0. 1. 0. 0. 0. 0. 1. 0. 0. 0. 1. 0. 0. 0. 0. 0.],6.0,10000,30,0.6,10,1,6,,problem_solving
9000,0.019958333263394624,0.004710393439253217,0.4,2.2716577026651787,[0.         0.         0.01256716 0.         0.01875995 0.         0.         0.         0.         0.         0.0148827  0.         0.         0.         0.         0.         0.01581917 0.         0.         0.         0.         0.01490268 0.         0.         0.         0.92306834 0.         0.         0.         0.         0.        ],[0. 0. 1. 0. 1. 0. 0. 0. 0. 0. 1. 0. 0. 0. 0. 0. 1. 0. 0. 0. 0. 1. 0. 0. 0. 1. 0. 0. 0. 0. 0.],6.0,10000,30,0.6,10,1,6,,problem_solving
9100,0.019958333263394624,0.004710393439253217,0.4,4.560233369295659,[0.         0.         0.01256716 0.         0.01875995 0.         0.         0.         0.         0.         0.0148827  0.         0.         0.         0.         0.         0.01581917 0.         0.         0.         0.         0.01490268 0.         0.         0.         0.92306834 0.         0.         0.         0.         0.        ],[0. 0. 1. 0. 1. 0. 0. 0. 0. 0. 1. 0. 0. 0. 0. 0. 1. 0. 0. 0. 0. 1. 0. 0. 0. 1. 0. 0. 0. 0. 0.],6.0,10000,30,0.6,10,1,6,,problem_solving
9200,0.019958333263394624,0.004710393439253217,0.4,7.807895452142642,[0.         0.         0.01256716 0.         0.01875995 0.         0.         0.         0.         0.         0.0148827  0.         0.         0.         0.         0.         0.01581917 0.         0.         0.         0.         0.01490268 0.         0.         0.         0.92306834 0.         0.         0.         0.         0.        ],[0. 0. 1. 0. 1. 0. 0. 0. 0. 0. 1. 0. 0. 0. 0. 0. 1. 0. 0. 0. 0. 1. 0. 0. 0. 1. 0. 0. 0. 0. 0.],6.0,10000,30,0.6,10,1,6,,problem_solving
9300,0.019958333263394624,0.004710393439253217,0.4,21.89206829730368,[0.         0.         0.01256716 0.         0.01875995 0.         0.         0.         0.         0.         0.0148827  0.         0.         0.         0.         0.         0.01581917 0.         0.         0.         0.         0.01490268 0.         0.         0.         0.92306834 0.         0.         0.         0.         0.        ],[0. 0. 1. 0. 1. 0. 0. 0. 0. 0. 1. 0. 0. 0. 0. 0. 1. 0. 0. 0. 0. 1. 0. 0. 0. 1. 0. 0. 0. 0. 0.],6.0,10000,30,0.6,10,1,6,,problem_solving
9400,0.019958333263394624,0.004710393439253217,0.4,-5.047280682371489,[0.         0.         0.01256716 0.         0.01875995 0.         0.         0.         0.         0.         0.0148827  0.         0.         0.         0.         0.         0.01581917 0.         0.         0.         0.         0.01490268 0.         0.         0.         0.92306834 0.         0.         0.         0.         0.        ],[0. 0. 1. 0. 1. 0. 0. 0. 0. 0. 1. 0. 0. 0. 0. 0. 1. 0. 0. 0. 0. 1. 0. 0. 0. 1. 0. 0. 0. 0. 0.],6.0,10000,30,0.6,10,1,6,,problem_solving
9500,0.019958333263394624,0.004710393439253217,0.4,5.243921203755178,[0.         0.         0.01256716 0.         0.01875995 0.         0.         0.         0.         0.         0.0148827  0.         0.         0.         0.         0.         0.01581917 0.         0.         0.         0.         0.01490268 0.         0.         0.         0.92306834 0.         0.         0.         0.         0.        ],[0. 0. 1. 0. 1. 0. 0. 0. 0. 0. 1. 0. 0. 0. 0. 0. 1. 0. 0. 0. 0. 1. 0. 0. 0. 1. 0. 0. 0. 0. 0.],6.0,10000,30,0.6,10,1,6,,problem_solving
9600,0.019958333263394624,0.004710393439253217,0.4,-1.1053459347216126,[0.         0.         0.01256716 0.         0.01875995 0.         0.         0.         0.         0.         0.0148827  0.         0.         0.         0.         0.         0.01581917 0.         0.         0.         0.         0.01490268 0.         0.         0.         0.92306834 0.         0.         0.         0.         0.        ],[0. 0. 1. 0. 1. 0. 0. 0. 0. 0. 1. 0. 0. 0. 0. 0. 1. 0. 0. 0. 0. 1. 0. 0. 0. 1. 0. 0. 0. 0. 0.],6.0,10000,30,0.6,10,1,6,,problem_solving
9700,0.019316777591616312,0.004631850873834564,0.4,1.5013180836064812,[0.         0.         0.01377824 0.01760972 0.         0.         0.         0.         0.         0.         0.01046866 0.         0.         0.         0.         0.         0.         0.         0.         0.         0.         0.01287417 0.         0.         0.         0.92697102 0.         0.01829819 0.         0.         0.        ],[0. 0. 1. 1. 0. 0. 0. 0. 0. 0. 1. 0. 0. 0. 0. 0. 0. 0. 0. 0. 0. 1. 0. 0. 0. 1. 0. 1. 0. 0. 0.],6.0,10000,30,0.6,10,1,6,,problem_solving
9800,0.019316777591616312,0.004631850873834564,0.4,-11.096743261359315,[0.         0.         0.01377824 0.01760972 0.         0.         0.         0.         0.         0.         0.01046866 0.         0.         0.         0.         0.         0.         0.         0.         0.         0.         0.01287417 0.         0.         0.         0.92697102 0.         0.01829819 0.         0.         0.        ],[0. 0. 1. 1. 0. 0. 0. 0. 0. 0. 1. 0. 0. 0. 0. 0. 0. 0. 0. 0. 0. 1. 0. 0. 0. 1. 0. 1. 0. 0. 0.],6.0,10000,30,0.6,10,1,6,,problem_solving
9900,0.019316777591616312,0.004631850873834564,0.4,4.315895332720748,[0.         0.         0.01377824 0.01760972 0.         0.         0.         0.         0.         0.         0.01046866 0.         0.         0.         0.         0.         0.         0.         0.         0.         0.         0.01287417 0.         0.         0.         0.92697102 0.         0.01829819 0.         0.         0.        ],[0. 0. 1. 1. 0. 0. 0. 0. 0. 0. 1. 0. 0. 0. 0. 0. 0. 0. 0. 0. 0. 1. 0. 0. 0. 1. 0. 1. 0. 0. 0.],6.0,10000,30,0.6,10,1,6,,problem_solving
9999,0.019316777591616312,0.004631850873834564,0.4,-9.549513897434453,[0.         0.         0.01377824 0.01760972 0.         0.         0.         0.         0.         0.         0.01046866 0.         0.         0.         0.         0.         0.         0.         0.         0.         0.         0.01287417 0.         0.         0.         0.92697102 0.         0.01829819 0.         0.         0.        ],[0. 0. 1. 1. 0. 0. 0. 0. 0. 0. 1. 0. 0. 0. 0. 0. 0. 0. 0. 0. 0. 1. 0. 0. 0. 1. 0. 1. 0. 0. 0.],6.0,10000,30,0.6,10,1,6,,problem_solving
