iter,cost,return,par,move,X,Z,Q,max_iter,mem_size,mem_consider,sigma,port_n,k,seed,tag
1,0.13161886512364626,0.005534589822449236,0.4,8.948933710712758,[0.01758421 0.         0.         0.         0.         0.         0.01113347 0.         0.01099936 0.         0.         0.         0.02697285 0.02159771 0.         0.         0.         0.         0.         0.         0.         0.         0.         0.         0.         0.88475122 0.         0.02696118 0.         0.         0.        ],[1. 0. 0. 0. 0. 0. 1. 0. 1. 0. 0. 0. 1. 1. 0. 0. 0. 0. 0. 0. 0. 0. 0. 0. 0. 1. 0. 1. 0. 0. 0.],7.0,10000,30,0.6,10,1,7,,problem_solving
100,0.025473178519178782,0.004644955531183277,0.4,6.476139475322982,[0.         0.         0.         0.01702067 0.         0.         0.         0.         0.015284   0.         0.         0.         0.         0.         0.         0.         0.01684455 0.01065371 0.         0.         0.01418349 0.         0.         0.         0.         0.90860868 0.01740491 0.         0.         0.         0.        ],[0. 0. 0. 1. 0. 0. 0. 0. 1. 0. 0. 0. 0. 0. 0. 0. 1. 1. 0. 0. 1. 0. 0. 0. 0. 1. 1. 0. 0. 0. 0.],7.0,10000,30,0.6,10,1,7,,problem_solving
200,0.025473178519178782,0.004644955531183277,0.4,-18.337922636260984,[0.         0.         0.         0.01702067 0.         0.         0.         0.         0.015284   0.         0.         0.         0.         0.         0.         0.         0.01684455 0.01065371 0.         0.         0.01418349 0.         0.         0.         0.         0.90860868 0.01740491 0.         0.         0.         0.        ],[0. 0. 0. 1. 0. 0. 0. 0. 1. 0. 0. 0. 0. 0. 0. 0. 1. 1. 0. 0. 1. 0. 0. 0. 0. 1. 1. 0. 0. 0. 0.],7.0,10000,30,0.6,10,1,7,,problem_solving
300,0.025473178519178782,0.004644955531183277,0.4,-8.085353064379179,[0.         0.         0.         0.01702067 0.         0.         0.         0.         0.015284   0.         0.         0.         0.         0.         0.         0.         0.01684455 0.01065371 0.         0.         0.01418349 0.         0.         0.         0.         0.90860868 0.01740491 0.         0.         0.         0.        ],[0. 0. 0. 1. 0. 0. 0. 0. 1. 0. 0. 0. 0. 0. 0. 0. 1. 1. 0. 0. 1. 0. 0. 0. 0. 1. 1. 0. 0. 0. 0.],7.0,10000,30,0.6,10,1,7,,problem_solving
400,0.025473178519178782,0.004644955531183277,0.4,-13.962649309709509,[0.         0.         0.         0.01702067 0.         0.         0.         0.         0.015284   0.         0.         0.         0.         0.         0.         0.         0.01684455 0.01065371 0.         0.         0.01418349 0.         0.         0.         0.         0.90860868 0.01740491 0.         0.         0.         0.        ],[0. 0. 0. 1. 0. 0. 0. 0. 1. 0. 0. 0. 0. 0. 0. 0. 1. 1. 0. 0. 1. 0. 0. 0. 0. 1. 1. 0. 0. 0. 0.],7.0,10000,30,0.6,10,1,7,,problem_solving
500,0.024027793675148068,0.00478516084421444,0.4,-4.077781950092485,[0.         0.         0.         0.         0.01287378 0.         0.         0.         0.01800486 0.         0.         0.         0.         0.         0.         0.         0.02326271 0.         0.0173042  0.         0.         0.         0.         0.         0.         0.88677311 0.         0.02136576 0.02041558 0.         0.        ],[0. 0. 0. 0. 1. 0. 0. 0. 1. 0. 0. 0. 0. 0. 0. 0. 1. 0. 1. 0. 0. 0. 0. 0. 0. 1. 0. 1. 1. 0. 0.],7.0,10000,30,0.6,10,1,7,,problem_solving
600,0.024027793675148068,0.00478516084421444,0.4,3.087799986488635,[0.         0.         0.         0.         0.01287378 0.         0.         0.         0.01800486 0.         0.         0.         0.         0.         0.         0.         0.02326271 0.         0.0173042  0.         0.         0.         0.         0.         0.         0.88677311 0.         0.02136576 0.02041558 0.         0.        ],[0. 0. 0. 0. 1. 0. 0. 0. 1. 0. 0. 0. 0. 0. 0. 0. 1. 0. 1. 0. 0. 0. 0. 0. 0. 1. 0. 1. 1. 0. 0.],7.0,10000,30,0.6,10,1,7,,problem_solving
700,0.024027793675148068,0.00478516084421444,0.4,4.348588617719795,[0.         0.         0.         0.         0.01287378 0.         0.         0.         0.01800486 0.         0.         0.         0.         0.         0.         0.         0.02326271 0.         0.0173042  0.         0.         0.         0.         0.         0.         0.88677311 0.         0.02136576 0.02041558 0.         0.        ],[0. 0. 0. 0. 1. 0. 0. 0. 1. 0. 0. 0. 0. 0. 0. 0. 1. 0. 1. 0. 0. 0. 0. 0. 0. 1. 0. 1. 1. 0. 0.],7.0,10000,30,0.6,10,1,7,,problem_solving
800,0.024027793675148068,0.00478516084421444,0.4,17.07686676987731,[0.         0.         0.         0.         0.01287378 0.         0.         0.         0.01800486 0.         0.         0.         0.         0.         0.         0.         0.02326271 0.         0.0173042  0.         0.         0.         0.         0.         0.         0.88677311 0.         0.02136576 0.02041558 0.         0.        ],[0. 0. 0. 0. 1. 0. 0. 0. 1. 0. 0. 0. 0. 0. 0. 0. 1. 0. 1. 0. 0. 0. 0. 0. 0. 1. 0. 1. 1. 0. 0.],7.0,10000,30,0.6,10,1,7,,problem_solving
900,0.024027793675148068,0.00478516084421444,0.4,0.5772051193736912,[0.         0.         0.         0.         0.01287378 0.         0.         0.         0.01800486 0.         0.         0.         0.         0.         0.         0.         0.02326271 0.         0.0173042  0.         0.         0.         0.         0.         0.         0.88677311 0.         0.02136576 0.02041558 0.         0.        ],[0. 0. 0. 0. 1. 0. 0. 0. 1. 0. 0. 0. 0. 0. 0. 0. 1. 0. 1. 0. 0. 0. 0. 0. 0. 1. 0. 1. 1. 0. 0.],7.0,10000,30,0.6,10,1,7,,problem_solving
1000,0.024027793675148068,0.00478516084421444,0.4,9.976948526114004,[0.         0.         0.         0.         0.01287378 0.         0.         0.         0.01800486 0.         0.         0.         0.         0.         0.         0.         0.02326271 0.         0.0173042  0.         0.         0.         0.         0.         0.         0.88677311 0.         0.02136576 0.02041558 0.         0.        ],[0. 0. 0. 0. 1. 0. 0. 0. 1. 0. 0. 0. 0. 0. 0. 0. 1. 0. 1. 0. 0. 0. 0. 0. 0. 1. 0. 1. 1. 0. 0.],7.0,10000,30,0.6,10,1,7,,problem_solving
1100,0.024027793675148068,0.00478516084421444,0.4,-10.034286099979372,[0.         0.         0.         0.         0.01287378 0.         0.         0.         0.01800486 0.         0.         0.         0.         0.         0.         0.         0.02326271 0.         0.0173042  0.         0.         0.         0.         0.         0.         0.88677311 0.         0.02136576 0.02041558 0.         0.        ],[0. 0. 0. 0. 1. 0. 0. 0. 1. 0. 0. 0. 0. 0. 0. 0. 1. 0. 1. 0. 0. 0. 0. 0. 0. 1. 0. 1. 1. 0. 0.],7.0,10000,30,0.6,10,1,7,,problem_solving
1200,0.024027793675148068,0.00478516084421444,0.4,-19.086194144900727,[0.         0.         0.         0.         0.01287378 0.         0.         0.         0.01800486 0.         0.         0.         0.         0.         0.         0.         0.02326271 0.         0.0173042  0.         0.         0.         0.         0.         0.         0.88677311 0.         0.02136576 0.02041558 0.         0.        ],[0. 0. 0. 0. 1. 0. 0. 0. 1. 0. 0. 0. 0. 0. 0. 0. 1. 0. 1. 0. 0. 0. 0. 0. 0. 1. 0. 1. 1. 0. 0.],7.0,10000,30,0.6,10,1,7,,problem_solving
1300,0.024027793675148068,0.00478516084421444,0.4,-12.639837409708337,[0.         0.         0.         0.         0.01287378 0.         0.         0.         0.01800486 0.         0.         0.         0.         0.         0.         0.         0.02326271 0.         0.0173042  0.         0.         0.         0.         0.         0.         0.88677311 0.         0.02136576 0.02041558 0.         0.        ],[0. 0. 0. 0. 1. 0. 0. 0. 1. 0. 0. 0. 0. 0. 0. 0. 1. 0. 1. 0. 0. 0. 0. 0. 0. 1. 0. 1. 1. 0. 0.],7.0,10000,30,0.6,10,1,7,,problem_solving
1400,0.024027793675148068,0.00478516084421444,0.4,4.817888625309504,[0.         0.         0.         0.         0.01287378 0.         0.         0.         0.01800486 0.         0.         0.         0.         0.         0.         0.         0.02326271 0.         0.0173042  0.         0.         0.         0.         0.         0.         0.88677311 0.         0.02136576 0.02041558 0.         0.        ],[0. 0. 0. 0. 1. 0. 0. 0. 1. 0. 0. 0. 0. 0. 0. 0. 1. 0. 1. 0. 0. 0. 0. 0. 0. 1. 0. 1. 1. 0. 0.],7.0,10000,30,0.6,10,1,7,,problem_solving
1500,0.024027793675148068,0.00478516084421444,0.4,-0.9018192890577124,[0.         0.         0.         0.         0.01287378 0.         0.         0.         0.01800486 0.         0.         0.         0.         0.         0.         0.         0.02326271 0.         0.0173042  0.         0.         0.         0.         0.         0.         0.88677311 0.         0.02136576 0.02041558 0.         0.        ],[0. 0. 0. 0. 1. 0. 0. 0. 1. 0. 0. 0. 0. 0. 0. 0. 1. 0. 1. 0. 0. 0. 0. 0. 0. 1. 0. 1. 1. 0. 0.],7.0,10000,30,0.6,10,1,7,,problem_solving
1600,0.024027793675148068,0.00478516084421444,0.4,4.95176744776585,[0.         0.         0.         0.         0.01287378 0.         0.         0.         0.01800486 0.         0.         0.         0.         0.         0.         0.         0.02326271 0.         0.0173042  0.         0.         0.         0.         0.         0.         0.88677311 0.         0.02136576 0.02041558 0.         0.        ],[0. 0. 0. 0. 1. 0. 0. 0. 1. 0. 0. 0. 0. 0. 0. 0. 1. 0. 1. 0. 0. 0. 0. 0. 0. 1. 0. 1. 1. 0. 0.],7.0,10000,30,0.6,10,1,7,,problem_solving
1700,0.024027793675148068,0.00478516084421444,0.4,8.202955328721476,[0.         0.         0.         0.         0.01287378 0.         0.         0.         0.01800486 0.         0.         0.         0.         0.         0.         0.         0.02326271 0.         0.0173042  0.         0.         0.         0.         0.         0.         0.88677311 0.         0.02136576 0.02041558 0.         0.        ],[0. 0. 0. 0. 1. 0. 0. 0. 1. 0. 0. 0. 0. 0. 0. 0. 1. 0. 1. 0. 0. 0. 0. 0. 0. 1. 0. 1. 1. 0. 0.],7.0,10000,30,0.6,10,1,7,,problem_solving
1800,0.024027793675148068,0.00478516084421444,0.4,22.60319138114324,[0.         0.         0.         0.         0.01287378 0.         0.         0.         0.01800486 0.         0.         0.         0.         0.         0.         0.         0.02326271 0.         0.0173042  0.         0.         0.         0.         0.         0.         0.88677311 0.         0.02136576 0.02041558 0.         0.        ],[0. 0. 0. 0. 1. 0. 0. 0. 1. 0. 0. 0. 0. 0. 0. 0. 1. 0. 1. 0. 0. 0. 0. 0. 0. 1. 0. 1. 1. 0. 0.],7.0,10000,30,0.6,10,1,7,,problem_solving
1900,0.024027793675148068,0.00478516084421444,0.4,-3.8942227718292854,[0.         0.         0.         0.         0.01287378 0.         0.         0.         0.01800486 0.         0.         0.         0.         0.         0.         0.         0.02326271 0.         0.0173042  0.         0.         0.         0.         0.         0.         0.88677311 0.         0.02136576 0.02041558 0.         0.        ],[0. 0. 0. 0. 1. 0. 0. 0. 1. 0. 0. 0. 0. 0. 0. 0. 1. 0. 1. 0. 0. 0. 0. 0. 0. 1. 0. 1. 1. 0. 0.],7.0,10000,30,0.6,10,1,7,,problem_solving
2000,0.024027793675148068,0.00478516084421444,0.4,11.376165694654969,[0.         0.         0.         0.         0.01287378 0.         0.         0.         0.01800486 0.         0.         0.         0.         0.         0.         0.         0.02326271 0.         0.0173042  0.         0.         0.         0.         0.         0.         0.88677311 0.         0.02136576 0.02041558 0.         0.        ],[0. 0. 0. 0. 1. 0. 0. 0. 1. 0. 0. 0. 0. 0. 0. 0. 1. 0. 1. 0. 0. 0. 0. 0. 0. 1. 0. 1. 1. 0. 0.],7.0,10000,30,0.6,10,1,7,,problem_solving
2100,0.024027793675148068,0.00478516084421444,0.4,-6.246559289568372,[0.         0.         0.         0.         0.01287378 0.         0.         0.         0.01800486 0.         0.         0.         0.         0.         0.         0.         0.02326271 0.         0.0173042  0.         0.         0.         0.         0.         0.         0.88677311 0.         0.02136576 0.02041558 0.         0.        ],[0. 0. 0. 0. 1. 0. 0. 0. 1. 0. 0. 0. 0. 0. 0. 0. 1. 0. 1. 0. 0. 0. 0. 0. 0. 1. 0. 1. 1. 0. 0.],7.0,10000,30,0.6,10,1,7,,problem_solving
2200,0.024027793675148068,0.00478516084421444,0.4,-7.656868312490605,[0.         0.         0.         0.         0.01287378 0.         0.         0.         0.01800486 0.         0.         0.         0.         0.         0.         0.         0.02326271 0.         0.0173042  0.         0.         0.         0.         0.         0.         0.88677311 0.         0.02136576 0.02041558 0.         0.        ],[0. 0. 0. 0. 1. 0. 0. 0. 1. 0. 0. 0. 0. 0. 0. 0. 1. 0. 1. 0. 0. 0. 0. 0. 0. 1. 0. 1. 1. 0. 0.],7.0,10000,30,0.6,10,1,7,,problem_solving
2300,0.024027793675148068,0.00478516084421444,0.4,-6.390834277645968,[0.         0.         0.         0.         0.01287378 0.         0.         0.         0.01800486 0.         0.         0.         0.         0.         0.         0.         0.02326271 0.         0.0173042  0.         0.         0.         0.         0.         0.         0.88677311 0.         0.02136576 0.02041558 0.         0.        ],[0. 0. 0. 0. 1. 0. 0. 0. 1. 0. 0. 0. 0. 0. 0. 0. 1. 0. 1. 0. 0. 0. 0. 0. 0. 1. 0. 1. 1. 0. 0.],7.0,10000,30,0.6,10,1,7,,problem_solving
2400,0.024027793675148068,0.00478516084421444,0.4,2.286357879655571,[0.         0.         0.         0.         0.01287378 0.         0.         0.         0.01800486 0.         0.         0.         0.         0.         0.         0.         0.02326271 0.         0.0173042  0.         0.         0.         0.         0.         0.         0.88677311 0.         0.02136576 0.02041558 0.         0.        ],[0. 0. 0. 0. 1. 0. 0. 0. 1. 0. 0. 0. 0. 0. 0. 0. 1. 0. 1. 0. 0. 0. 0. 0. 0. 1. 0. 1. 1. 0. 0.],7.0,10000,30,0.6,10,1,7,,problem_solving
2500,0.024027793675148068,0.00478516084421444,0.4,8.371805080435285,[0.         0.         0.         0.         0.01287378 0.         0.         0.         0.01800486 0.         0.         0.         0.         0.         0.         0.         0.02326271 0.         0.0173042  0.         0.         0.         0.         0.         0.         0.88677311 0.         0.02136576 0.02041558 0.         0.        ],[0. 0. 0. 0. 1. 0. 0. 0. 1. 0. 0. 0. 0. 0. 0. 0. 1. 0. 1. 0. 0. 0. 0. 0. 0. 1. 0. 1. 1. 0. 0.],7.0,10000,30,0.6,10,1,7,,problem_solving
2600,0.024027793675148068,0.00478516084421444,0.4,1.253337721829464,[0.         0.         0.         0.         0.01287378 0.         0.         0.         0.01800486 0.         0.         0.         0.         0.         0.         0.         0.02326271 0.         0.0173042  0.         0.         0.         0.         0.         0.         0.88677311 0.         0.02136576 0.02041558 0.         0.        ],[0. 0. 0. 0. 1. 0. 0. 0. 1. 0. 0. 0. 0. 0. 0. 0. 1. 0. 1. 0. 0. 0. 0. 0. 0. 1. 0. 1. 1. 0. 0.],7.0,10000,30,0.6,10,1,7,,problem_solving
2700,0.024027793675148068,0.00478516084421444,0.4,1.9929477671588849,[0.         0.         0.         0.         0.01287378 0.         0.         0.         0.01800486 0.         0.         0.         0.         0.         0.         0.         0.02326271 0.         0.0173042  0.         0.         0.         0.         0.         0.         0.88677311 0.         0.02136576 0.02041558 0.         0.        ],[0. 0. 0. 0. 1. 0. 0. 0. 1. 0. 0. 0. 0. 0. 0. 0. 1. 0. 1. 0. 0. 0. 0. 0. 0. 1. 0. 1. 1. 0. 0.],7.0,10000,30,0.6,10,1,7,,problem_solving
2800,0.024027793675148068,0.00478516084421444,0.4,1.4343734676265194,[0.         0.         0.         0.         0.01287378 0.         0.         0.         0.01800486 0.         0.         0.         0.         0.         0.         0.         0.02326271 0.         0.0173042  0.         0.         0.         0.         0.         0.         0.88677311 0.         0.02136576 0.02041558 0.         0.        ],[0. 0. 0. 0. 1. 0. 0. 0. 1. 0. 0. 0. 0. 0. 0. 0. 1. 0. 1. 0. 0. 0. 0. 0. 0. 1. 0. 1. 1. 0. 0.],7.0,10000,30,0.6,10,1,7,,problem_solving
2900,0.024027793675148068,0.00478516084421444,0.4,-2.1651887972933177,[0.         0.         0.         0.         0.01287378 0.         0.         0.         0.01800486 0.         0.         0.         0.         0.         0.         0.         0.02326271 0.         0.0173042  0.         0.         0.         0.         0.         0.         0.88677311 0.         0.02136576 0.02041558 0.         0.        ],[0. 0. 0. 0. 1. 0. 0. 0. 1. 0. 0. 0. 0. 0. 0. 0. 1. 0. 1. 0. 0. 0. 0. 0. 0. 1. 0. 1. 1. 0. 0.],7.0,10000,30,0.6,10,1,7,,problem_solving
3000,0.024027793675148068,0.00478516084421444,0.4,-20.051050125627086,[0.         0.         0.         0.         0.01287378 0.         0.         0.         0.01800486 0.         0.         0.         0.         0.         0.         0.         0.02326271 0.         0.0173042  0.         0.         0.         0.         0.         0.         0.88677311 0.         0.02136576 0.02041558 0.         0.        ],[0. 0. 0. 0. 1. 0. 0. 0. 1. 0. 0. 0. 0. 0. 0. 0. 1. 0. 1. 0. 0. 0. 0. 0. 0. 1. 0. 1. 1. 0. 0.],7.0,10000,30,0.6,10,1,7,,problem_solving
3100,0.024027793675148068,0.00478516084421444,0.4,13.502526229680758,[0.         0.         0.         0.         0.01287378 0.         0.         0.         0.01800486 0.         0.         0.         0.         0.         0.         0.         0.02326271 0.         0.0173042  0.         0.         0.         0.         0.         0.         0.88677311 0.         0.02136576 0.02041558 0.         0.        ],[0. 0. 0. 0. 1. 0. 0. 0. 1. 0. 0. 0. 0. 0. 0. 0. 1. 0. 1. 0. 0. 0. 0. 0. 0. 1. 0. 1. 1. 0. 0.],7.0,10000,30,0.6,10,1,7,,problem_solving
3200,0.024027793675148068,0.00478516084421444,0.4,-0.6664514276152107,[0.         0.         0.         0.         0.01287378 0.         0.         0.         0.01800486 0.         0.         0.         0.         0.         0.         0.         0.02326271 0.         0.0173042  0.         0.         0.         0.         0.         0.         0.88677311 0.         0.02136576 0.02041558 0.         0.        ],[0. 0. 0. 0. 1. 0. 0. 0. 1. 0. 0. 0. 0. 0. 0. 0. 1. 0. 1. 0. 0. 0. 0. 0. 0. 1. 0. 1. 1. 0. 0.],7.0,10000,30,0.6,10,1,7,,problem_solving
3300,0.024027793675148068,0.00478516084421444,0.4,-0.7478445308070623,[0.         0.         0.         0.         0.01287378 0.         0.         0.         0.01800486 0.         0.         0.         0.         0.         0.         0.         0.02326271 0.         0.0173042  0.         0.         0.         0.         0.         0.         0.88677311 0.         0.02136576 0.02041558 0.         0.        ],[0. 0. 0. 0. 1. 0. 0. 0. 1. 0. 0. 0. 0. 0. 0. 0. 1. 0. 1. 0. 0. 0. 0. 0. 0. 1. 0. 1. 1. 0. 0.],7.0,10000,30,0.6,10,1,7,,problem_solving
3400,0.024027793675148068,0.00478516084421444,0.4,1.5452181580821012,[0.         0.         0.         0.         0.01287378 0.         0.         0.         0.01800486 0.         0.         0.         0.         0.         0.         0.         0.02326271 0.         0.0173042  0.         0.         0.         0.         0.         0.         0.88677311 0.         0.02136576 0.02041558 0.         0.        ],[0. 0. 0. 0. 1. 0. 0. 0. 1. 0. 0. 0. 0. 0. 0. 0. 1. 0. 1. 0. 0. 0. 0. 0. 0. 1. 0. 1. 1. 0. 0.],7.0,10000,30,0.6,10,1,7,,problem_solving
3500,0.024027793675148068,0.00478516084421444,0.4,-4.732958990660877,[0.         0.         0.         0.         0.01287378 0.         0.         0.         0.01800486 0.         0.         0.         0.         0.         0.         0.         0.02326271 0.         0.0173042  0.         0.         0.         0.         0.         0.         0.88677311 0.         0.02136576 0.02041558 0.         0.        ],[0. 0. 0. 0. 1. 0. 0. 0. 1. 0. 0. 0. 0. 0. 0. 0. 1. 0. 1. 0. 0. 0. 0. 0. 0. 1. 0. 1. 1. 0. 0.],7.0,10000,30,0.6,10,1,7,,problem_solving
3600,0.024027793675148068,0.00478516084421444,0.4,-6.7170948869594405,[0.         0.         0.         0.         0.01287378 0.         0.         0.         0.01800486 0.         0.         0.         0.         0.         0.         0.         0.02326271 0.         0.0173042  0.         0.         0.         0.         0.         0.         0.88677311 0.         0.02136576 0.02041558 0.         0.        ],[0. 0. 0. 0. 1. 0. 0. 0. 1. 0. 0. 0. 0. 0. 0. 0. 1. 0. 1. 0. 0. 0. 0. 0. 0. 1. 0. 1. 1. 0. 0.],7.0,10000,30,0.6,10,1,7,,problem_solving
3700,0.024027793675148068,0.00478516084421444,0.4,-22.678709223786395,[0.         0.         0.         0.         0.01287378 0.         0.         0.         0.01800486 0.         0.         0.         0.         0.         0.         0.         0.02326271 0.         0.0173042  0.         0.         0.         0.         0.         0.         0.88677311 0.         0.02136576 0.02041558 0.         0.        ],[0. 0. 0. 0. 1. 0. 0. 0. 1. 0. 0. 0. 0. 0. 0. 0. 1. 0. 1. 0. 0. 0. 0. 0. 0. 1. 0. 1. 1. 0. 0.],7.0,10000,30,0.6,10,1,7,,problem_solving
3800,0.024027793675148068,0.00478516084421444,0.4,-8.393045314038446,[0.         0.         0.         0.         0.01287378 0.         0.         0.         0.01800486 0.         0.         0.         0.         0.         0.         0.         0.02326271 0.         0.0173042  0.         0.         0.         0.         0.         0.         0.88677311 0.         0.02136576 0.02041558 0.         0.        ],[0. 0. 0. 0. 1. 0. 0. 0. 1. 0. 0. 0. 0. 0. 0. 0. 1. 0. 1. 0. 0. 0. 0. 0. 0. 1. 0. 1. 1. 0. 0.],7.0,10000,30,0.6,10,1,7,,problem_solving
3900,0.024027793675148068,0.00478516084421444,0.4,-14.379441241453051,[0.         0.         0.         0.         0.01287378 0.         0.         0.         0.01800486 0.         0.         0.         0.         0.         0.         0.         0.02326271 0.         0.0173042  0.         0.         0.         0.         0.         0.         0.88677311 0.         0.02136576 0.02041558 0.         0.        ],[0. 0. 0. 0. 1. 0. 0. 0. 1. 0. 0. 0. 0. 0. 0. 0. 1. 0. 1. 0. 0. 0. 0. 0. 0. 1. 0. 1. 1. 0. 0.],7.0,10000,30,0.6,10,1,7,,problem_solving
4000,0.024027793675148068,0.00478516084421444,0.4,8.458018311039838,[0.         0.         0.         0.         0.01287378 0.         0.         0.         0.01800486 0.         0.         0.         0.         0.         0.         0.         0.02326271 0.         0.0173042  0.         0.         0.         0.         0.         0.         0.88677311 0.         0.02136576 0.02041558 0.         0.        ],[0. 0. 0. 0. 1. 0. 0. 0. 1. 0. 0. 0. 0. 0. 0. 0. 1. 0. 1. 0. 0. 0. 0. 0. 0. 1. 0. 1. 1. 0. 0.],7.0,10000,30,0.6,10,1,7,,problem_solving
4100,0.024027793675148068,0.00478516084421444,0.4,13.50832134573478,[0.         0.         0.         0.         0.01287378 0.         0.         0.         0.01800486 0.         0.         0.         0.         0.         0.         0.         0.02326271 0.         0.0173042  0.         0.         0.         0.         0.         0.         0.88677311 0.         0.02136576 0.02041558 0.         0.        ],[0. 0. 0. 0. 1. 0. 0. 0. 1. 0. 0. 0. 0. 0. 0. 0. 1. 0. 1. 0. 0. 0. 0. 0. 0. 1. 0. 1. 1. 0. 0.],7.0,10000,30,0.6,10,1,7,,problem_solving
4200,0.024027793675148068,0.00478516084421444,0.4,-10.126402064371243,[0.         0.         0.         0.         0.01287378 0.         0.         0.         0.01800486 0.         0.         0.         0.         0.         0.         0.         0.02326271 0.         0.0173042  0.         0.         0.         0.         0.         0.         0.88677311 0.         0.02136576 0.02041558 0.         0.        ],[0. 0. 0. 0. 1. 0. 0. 0. 1. 0. 0. 0. 0. 0. 0. 0. 1. 0. 1. 0. 0. 0. 0. 0. 0. 1. 0. 1. 1. 0. 0.],7.0,10000,30,0.6,10,1,7,,problem_solving
4300,0.024027793675148068,0.00478516084421444,0.4,-12.205036756949772,[0.         0.         0.         0.         0.01287378 0.         0.         0.         0.01800486 0.         0.         0.         0.         0.         0.         0.         0.02326271 0.         0.0173042  0.         0.         0.         0.         0.         0.         0.88677311 0.         0.02136576 0.02041558 0.         0.        ],[0. 0. 0. 0. 1. 0. 0. 0. 1. 0. 0. 0. 0. 0. 0. 0. 1. 0. 1. 0. 0. 0. 0. 0. 0. 1. 0. 1. 1. 0. 0.],7.0,10000,30,0.6,10,1,7,,problem_solving
4400,0.024027793675148068,0.00478516084421444,0.4,-13.03243363588875,[0.         0.         0.         0.         0.01287378 0.         0.         0.         0.01800486 0.         0.         0.         0.         0.         0.         0.         0.02326271 0.         0.0173042  0.         0.         0.         0.         0.         0.         0.88677311 0.         0.02136576 0.02041558 0.         0.        ],[0. 0. 0. 0. 1. 0. 0. 0. 1. 0. 0. 0. 0. 0. 0. 0. 1. 0. 1. 0. 0. 0. 0. 0. 0. 1. 0. 1. 1. 0. 0.],7.0,10000,30,0.6,10,1,7,,problem_solving
4500,0.024027793675148068,0.00478516084421444,0.4,-5.447317706920939,[0.         0.         0.         0.         0.01287378 0.         0.         0.         0.01800486 0.         0.         0.         0.         0.         0.         0.         0.02326271 0.         0.0173042  0.         0.         0.         0.         0.         0.         0.88677311 0.         0.02136576 0.02041558 0.         0.        ],[0. 0. 0. 0. 1. 0. 0. 0. 1. 0. 0. 0. 0. 0. 0. 0. 1. 0. 1. 0. 0. 0. 0. 0. 0. 1. 0. 1. 1. 0. 0.],7.0,10000,30,0.6,10,1,7,,problem_solving
4600,0.024027793675148068,0.00478516084421444,0.4,-7.976567262489156,[0.         0.         0.         0.         0.01287378 0.         0.         0.         0.01800486 0.         0.         0.         0.         0.         0.         0.         0.02326271 0.         0.0173042  0.         0.         0.         0.         0.         0.         0.88677311 0.         0.02136576 0.02041558 0.         0.        ],[0. 0. 0. 0. 1. 0. 0. 0. 1. 0. 0. 0. 0. 0. 0. 0. 1. 0. 1. 0. 0. 0. 0. 0. 0. 1. 0. 1. 1. 0. 0.],7.0,10000,30,0.6,10,1,7,,problem_solving
4700,0.024027793675148068,0.00478516084421444,0.4,0.5479425295626318,[0.         0.         0.         0.         0.01287378 0.         0.         0.         0.01800486 0.         0.         0.         0.         0.         0.         0.         0.02326271 0.         0.0173042  0.         0.         0.         0.         0.         0.         0.88677311 0.         0.02136576 0.02041558 0.         0.        ],[0. 0. 0. 0. 1. 0. 0. 0. 1. 0. 0. 0. 0. 0. 0. 0. 1. 0. 1. 0. 0. 0. 0. 0. 0. 1. 0. 1. 1. 0. 0.],7.0,10000,30,0.6,10,1,7,,problem_solving
4800,0.020927620471167654,0.004741192575690561,0.4,-13.98822153082746,[0.         0.         0.         0.         0.01388764 0.         0.         0.         0.         0.         0.         0.         0.         0.         0.         0.         0.01102846 0.         0.01602103 0.         0.         0.         0.01662132 0.         0.         0.90459019 0.         0.01899639 0.         0.         0.01885497],[0. 0. 0. 0. 1. 0. 0. 0. 0. 0. 0. 0. 0. 0. 0. 0. 1. 0. 1. 0. 0. 0. 1. 0. 0. 1. 0. 1. 0. 0. 1.],7.0,10000,30,0.6,10,1,7,,problem_solving
4900,0.020927620471167654,0.004741192575690561,0.4,-26.36016919740357,[0.         0.         0.         0.         0.01388764 0.         0.         0.         0.         0.         0.         0.         0.         0.         0.         0.         0.01102846 0.         0.01602103 0.         0.         0.         0.01662132 0.         0.         0.90459019 0.         0.01899639 0.         0.         0.01885497],[0. 0. 0. 0. 1. 0. 0. 0. 0. 0. 0. 0. 0. 0. 0. 0. 1. 0. 1. 0. 0. 0. 1. 0. 0. 1. 0. 1. 0. 0. 1.],7.0,10000,30,0.6,10,1,7,,problem_solving
5000,0.020927620471167654,0.004741192575690561,0.4,8.81097669574464,[0.         0.         0.         0.         0.01388764 0.         0.         0.         0.         0.         0.         0.         0.         0.         0.         0.         0.01102846 0.         0.01602103 0.         0.         0.         0.01662132 0.         0.         0.90459019 0.         0.01899639 0.         0.         0.01885497],[0. 0. 0. 0. 1. 0. 0. 0. 0. 0. 0. 0. 0. 0. 0. 0. 1. 0. 1. 0. 0. 0. 1. 0. 0. 1. 0. 1. 0. 0. 1.],7.0,10000,30,0.6,10,1,7,,problem_solving
5100,0.020927620471167654,0.004741192575690561,0.4,-1.2236371001153707,[0.         0.         0.         0.         0.01388764 0.         0.         0.         0.         0.         0.         0.         0.         0.         0.         0.         0.01102846 0.         0.01602103 0.         0.         0.         0.01662132 0.         0.         0.90459019 0.         0.01899639 0.         0.         0.01885497],[0. 0. 0. 0. 1. 0. 0. 0. 0. 0. 0. 0. 0. 0. 0. 0. 1. 0. 1. 0. 0. 0. 1. 0. 0. 1. 0. 1. 0. 0. 1.],7.0,10000,30,0.6,10,1,7,,problem_solving
5200,0.020927620471167654,0.004741192575690561,0.4,-12.339799203964779,[0.         0.         0.         0.         0.01388764 0.         0.         0.         0.         0.         0.         0.         0.         0.         0.         0.         0.01102846 0.         0.01602103 0.         0.         0.         0.01662132 0.         0.         0.90459019 0.         0.01899639 0.         0.         0.01885497],[0. 0. 0. 0. 1. 0. 0. 0. 0. 0. 0. 0. 0. 0. 0. 0. 1. 0. 1. 0. 0. 0. 1. 0. 0. 1. 0. 1. 0. 0. 1.],7.0,10000,30,0.6,10,1,7,,problem_solving
5300,0.020927620471167654,0.004741192575690561,0.4,11.092230752931409,[0.         0.         0.         0.         0.01388764 0.         0.         0.         0.         0.         0.         0.         0.         0.         0.         0.         0.01102846 0.         0.01602103 0.         0.         0.         0.01662132 0.         0.         0.90459019 0.         0.01899639 0.         0.         0.01885497],[0. 0. 0. 0. 1. 0. 0. 0. 0. 0. 0. 0. 0. 0. 0. 0. 1. 0. 1. 0. 0. 0. 1. 0. 0. 1. 0. 1. 0. 0. 1.],7.0,10000,30,0.6,10,1,7,,problem_solving
5400,0.020927620471167654,0.004741192575690561,0.4,21.871919454112962,[0.         0.         0.         0.         0.01388764 0.         0.         0.         0.         0.         0.         0.         0.         0.         0.         0.         0.01102846 0.         0.01602103 0.         0.         0.         0.01662132 0.         0.         0.90459019 0.         0.01899639 0.         0.         0.01885497],[0. 0. 0. 0. 1. 0. 0. 0. 0. 0. 0. 0. 0. 0. 0. 0. 1. 0. 1. 0. 0. 0. 1. 0. 0. 1. 0. 1. 0. 0. 1.],7.0,10000,30,0.6,10,1,7,,problem_solving
5500,0.020927620471167654,0.004741192575690561,0.4,-7.527761225707837,[0.         0.         0.         0.         0.01388764 0.         0.         0.         0.         0.         0.         0.         0.         0.         0.         0.         0.01102846 0.         0.01602103 0.         0.         0.         0.01662132 0.         0.         0.90459019 0.         0.01899639 0.         0.         0.01885497],[0. 0. 0. 0. 1. 0. 0. 0. 0. 0. 0. 0. 0. 0. 0. 0. 1. 0. 1. 0. 0. 0. 1. 0. 0. 1. 0. 1. 0. 0. 1.],7.0,10000,30,0.6,10,1,7,,problem_solving
5600,0.020927620471167654,0.004741192575690561,0.4,3.349249912636779,[0.         0.         0.         0.         0.01388764 0.         0.         0.         0.         0.         0.         0.         0.         0.         0.         0.         0.01102846 0.         0.01602103 0.         0.         0.         0.01662132 0.         0.         0.90459019 0.         0.01899639 0.         0.         0.01885497],[0. 0. 0. 0. 1. 0. 0. 0. 0. 0. 0. 0. 0. 0. 0. 0. 1. 0. 1. 0. 0. 0. 1. 0. 0. 1. 0. 1. 0. 0. 1.],7.0,10000,30,0.6,10,1,7,,problem_solving
5700,0.020927620471167654,0.004741192575690561,0.4,3.7162828605311637,[0.         0.         0.         0.         0.01388764 0.         0.         0.         0.         0.         0.         0.         0.         0.         0.         0.         0.01102846 0.         0.01602103 0.         0.         0.         0.01662132 0.         0.         0.90459019 0.         0.01899639 0.         0.         0.01885497],[0. 0. 0. 0. 1. 0. 0. 0. 0. 0. 0. 0. 0. 0. 0. 0. 1. 0. 1. 0. 0. 0. 1. 0. 0. 1. 0. 1. 0. 0. 1.],7.0,10000,30,0.6,10,1,7,,problem_solving
5800,0.020927620471167654,0.004741192575690561,0.4,28.877019308985567,[0.         0.         0.         0.         0.01388764 0.         0.         0.         0.         0.         0.         0.         0.         0.         0.         0.         0.01102846 0.         0.01602103 0.         0.         0.         0.01662132 0.         0.         0.90459019 0.         0.01899639 0.         0.         0.01885497],[0. 0. 0. 0. 1. 0. 0. 0. 0. 0. 0. 0. 0. 0. 0. 0. 1. 0. 1. 0. 0. 0. 1. 0. 0. 1. 0. 1. 0. 0. 1.],7.0,10000,30,0.6,10,1,7,,problem_solving
5900,0.020927620471167654,0.004741192575690561,0.4,14.001259537354272,[0.         0.         0.         0.         0.01388764 0.         0.         0.         0.         0.         0.         0.         0.         0.         0.         0.         0.01102846 0.         0.01602103 0.         0.         0.         0.01662132 0.         0.         0.90459019 0.         0.01899639 0.         0.         0.01885497],[0. 0. 0. 0. 1. 0. 0. 0. 0. 0. 0. 0. 0. 0. 0. 0. 1. 0. 1. 0. 0. 0. 1. 0. 0. 1. 0. 1. 0. 0. 1.],7.0,10000,30,0.6,10,1,7,,problem_solving
6000,0.020927620471167654,0.004741192575690561,0.4,-11.729904086205917,[0.         0.         0.         0.         0.01388764 0.         0.         0.         0.         0.         0.         0.         0.         0.         0.         0.         0.01102846 0.         0.01602103 0.         0.         0.         0.01662132 0.         0.         0.90459019 0.         0.01899639 0.         0.         0.01885497],[0. 0. 0. 0. 1. 0. 0. 0. 0. 0. 0. 0. 0. 0. 0. 0. 1. 0. 1. 0. 0. 0. 1. 0. 0. 1. 0. 1. 0. 0. 1.],7.0,10000,30,0.6,10,1,7,,problem_solving
6100,0.020927620471167654,0.004741192575690561,0.4,-1.3343590957849467,[0.         0.         0.         0.         0.01388764 0.         0.         0.         0.         0.         0.         0.         0.         0.         0.         0.         0.01102846 0.         0.01602103 0.         0.         0.         0.01662132 0.         0.         0.90459019 0.         0.01899639 0.         0.         0.01885497],[0. 0. 0. 0. 1. 0. 0. 0. 0. 0. 0. 0. 0. 0. 0. 0. 1. 0. 1. 0. 0. 0. 1. 0. 0. 1. 0. 1. 0. 0. 1.],7.0,10000,30,0.6,10,1,7,,problem_solving
6200,0.020927620471167654,0.004741192575690561,0.4,7.3514538115168975,[0.         0.         0.         0.         0.01388764 0.         0.         0.         0.         0.         0.         0.         0.         0.         0.         0.         0.01102846 0.         0.01602103 0.         0.         0.         0.01662132 0.         0.         0.90459019 0.         0.01899639 0.         0.         0.01885497],[0. 0. 0. 0. 1. 0. 0. 0. 0. 0. 0. 0. 0. 0. 0. 0. 1. 0. 1. 0. 0. 0. 1. 0. 0. 1. 0. 1. 0. 0. 1.],7.0,10000,30,0.6,10,1,7,,problem_solving
6300,0.020927620471167654,0.004741192575690561,0.4,2.6152814762583487,[0.         0.         0.         0.         0.01388764 0.         0.         0.         0.         0.         0.         0.         0.         0.         0.         0.         0.01102846 0.         0.01602103 0.         0.         0.         0.01662132 0.         0.         0.90459019 0.         0.01899639 0.         0.         0.01885497],[0. 0. 0. 0. 1. 0. 0. 0. 0. 0. 0. 0. 0. 0. 0. 0. 1. 0. 1. 0. 0. 0. 1. 0. 0. 1. 0. 1. 0. 0. 1.],7.0,10000,30,0.6,10,1,7,,problem_solving
6400,0.020927620471167654,0.004741192575690561,0.4,-13.385101140409033,[0.         0.         0.         0.         0.01388764 0.         0.         0.         0.         0.         0.         0.         0.         0.         0.         0.         0.01102846 0.         0.01602103 0.         0.         0.         0.01662132 0.         0.         0.90459019 0.         0.01899639 0.         0.         0.01885497],[0. 0. 0. 0. 1. 0. 0. 0. 0. 0. 0. 0. 0. 0. 0. 0. 1. 0. 1. 0. 0. 0. 1. 0. 0. 1. 0. 1. 0. 0. 1.],7.0,10000,30,0.6,10,1,7,,problem_solving
6500,0.020927620471167654,0.004741192575690561,0.4,-14.11475182079001,[0.         0.         0.         0.         0.01388764 0.         0.         0.         0.         0.         0.         0.         0.         0.         0.         0.         0.01102846 0.         0.01602103 0.         0.         0.         0.01662132 0.         0.         0.90459019 0.         0.01899639 0.         0.         0.01885497],[0. 0. 0. 0. 1. 0. 0. 0. 0. 0. 0. 0. 0. 0. 0. 0. 1. 0. 1. 0. 0. 0. 1. 0. 0. 1. 0. 1. 0. 0. 1.],7.0,10000,30,0.6,10,1,7,,problem_solving
6600,0.020927620471167654,0.004741192575690561,0.4,-12.169904925584012,[0.         0.         0.         0.         0.01388764 0.         0.         0.         0.         0.         0.         0.         0.         0.         0.         0.         0.01102846 0.         0.01602103 0.         0.         0.         0.01662132 0.         0.         0.90459019 0.         0.01899639 0.         0.         0.01885497],[0. 0. 0. 0. 1. 0. 0. 0. 0. 0. 0. 0. 0. 0. 0. 0. 1. 0. 1. 0. 0. 0. 1. 0. 0. 1. 0. 1. 0. 0. 1.],7.0,10000,30,0.6,10,1,7,,problem_solving
6700,0.020927620471167654,0.004741192575690561,0.4,-1.7695394074541737,[0.         0.         0.         0.         0.01388764 0.         0.         0.         0.         0.         0.         0.         0.         0.         0.         0.         0.01102846 0.         0.01602103 0.         0.         0.         0.01662132 0.         0.         0.90459019 0.         0.01899639 0.         0.         0.01885497],[0. 0. 0. 0. 1. 0. 0. 0. 0. 0. 0. 0. 0. 0. 0. 0. 1. 0. 1. 0. 0. 0. 1. 0. 0. 1. 0. 1. 0. 0. 1.],7.0,10000,30,0.6,10,1,7,,problem_solving
6800,0.020927620471167654,0.004741192575690561,0.4,3.461621571859782,[0.         0.         0.         0.         0.01388764 0.         0.         0.         0.         0.         0.         0.         0.         0.         0.         0.         0.01102846 0.         0.01602103 0.         0.         0.         0.01662132 0.         0.         0.90459019 0.         0.01899639 0.         0.         0.01885497],[0. 0. 0. 0. 1. 0. 0. 0. 0. 0. 0. 0. 0. 0. 0. 0. 1. 0. 1. 0. 0. 0. 1. 0. 0. 1. 0. 1. 0. 0. 1.],7.0,10000,30,0.6,10,1,7,,problem_solving
6900,0.020927620471167654,0.004741192575690561,0.4,-12.124819462928386,[0.         0.         0.         0.         0.01388764 0.         0.         0.         0.         0.         0.         0.         0.         0.         0.         0.         0.01102846 0.         0.01602103 0.         0.         0.         0.01662132 0.         0.         0.90459019 0.         0.01899639 0.         0.         0.01885497],[0. 0. 0. 0. 1. 0. 0. 0. 0. 0. 0. 0. 0. 0. 0. 0. 1. 0. 1. 0. 0. 0. 1. 0. 0. 1. 0. 1. 0. 0. 1.],7.0,10000,30,0.6,10,1,7,,problem_solving
7000,0.020927620471167654,0.004741192575690561,0.4,9.184241101108197,[0.         0.         0.         0.         0.01388764 0.         0.         0.         0.         0.         0.         0.         0.         0.         0.         0.         0.01102846 0.         0.01602103 0.         0.         0.         0.01662132 0.         0.         0.90459019 0.         0.01899639 0.         0.         0.01885497],[0. 0. 0. 0. 1. 0. 0. 0. 0. 0. 0. 0. 0. 0. 0. 0. 1. 0. 1. 0. 0. 0. 1. 0. 0. 1. 0. 1. 0. 0. 1.],7.0,10000,30,0.6,10,1,7,,problem_solving
7100,0.020927620471167654,0.004741192575690561,0.4,-3.3666753238113407,[0.         0.         0.         0.         0.01388764 0.         0.         0.         0.         0.         0.         0.         0.         0.         0.         0.         0.01102846 0.         0.01602103 0.         0.         0.         0.01662132 0.         0.         0.90459019 0.         0.01899639 0.         0.         0.01885497],[0. 0. 0. 0. 1. 0. 0. 0. 0. 0. 0. 0. 0. 0. 0. 0. 1. 0. 1. 0. 0. 0. 1. 0. 0. 1. 0. 1. 0. 0. 1.],7.0,10000,30,0.6,10,1,7,,problem_solving
7200,0.020927620471167654,0.004741192575690561,0.4,0.30838783777160417,[0.         0.         0.         0.         0.01388764 0.         0.         0.         0.         0.         0.         0.         0.         0.         0.         0.         0.01102846 0.         0.01602103 0.         0.         0.         0.01662132 0.         0.         0.90459019 0.         0.01899639 0.         0.         0.01885497],[0. 0. 0. 0. 1. 0. 0. 0. 0. 0. 0. 0. 0. 0. 0. 0. 1. 0. 1. 0. 0. 0. 1. 0. 0. 1. 0. 1. 0. 0. 1.],7.0,10000,30,0.6,10,1,7,,problem_solving
7300,0.020927620471167654,0.004741192575690561,0.4,-0.34510302285795846,[0.         0.         0.         0.         0.01388764 0.         0.         0.         0.         0.         0.         0.         0.         0.         0.         0.         0.01102846 0.         0.01602103 0.         0.         0.         0.01662132 0.         0.         0.90459019 0.         0.01899639 0.         0.         0.01885497],[0. 0. 0. 0. 1. 0. 0. 0. 0. 0. 0. 0. 0. 0. 0. 0. 1. 0. 1. 0. 0. 0. 1. 0. 0. 1. 0. 1. 0. 0. 1.],7.0,10000,30,0.6,10,1,7,,problem_solving
7400,0.020927620471167654,0.004741192575690561,0.4,8.689168556862617,[0.         0.         0.         0.         0.01388764 0.         0.         0.         0.         0.         0.         0.         0.         0.         0.         0.         0.01102846 0.         0.01602103 0.         0.         0.         0.01662132 0.         0.         0.90459019 0.         0.01899639 0.         0.         0.01885497],[0. 0. 0. 0. 1. 0. 0. 0. 0. 0. 0. 0. 0. 0. 0. 0. 1. 0. 1. 0. 0. 0. 1. 0. 0. 1. 0. 1. 0. 0. 1.],7.0,10000,30,0.6,10,1,7,,problem_solving
7500,0.020927620471167654,0.004741192575690561,0.4,-5.299075905160655,[0.         0.         0.         0.         0.01388764 0.         0.         0.         0.         0.         0.         0.         0.         0.         0.         0.         0.01102846 0.         0.01602103 0.         0.         0.         0.01662132 0.         0.         0.90459019 0.         0.01899639 0.         0.         0.01885497],[0. 0. 0. 0. 1. 0. 0. 0. 0. 0. 0. 0. 0. 0. 0. 0. 1. 0. 1. 0. 0. 0. 1. 0. 0. 1. 0. 1. 0. 0. 1.],7.0,10000,30,0.6,10,1,7,,problem_solving
7600,0.020927620471167654,0.004741192575690561,0.4,-10.487665686267952,[0.         0.         0.         0.         0.01388764 0.         0.         0.         0.         0.         0.         0.         0.         0.         0.         0.         0.01102846 0.         0.01602103 0.         0.         0.         0.01662132 0.         0.         0.90459019 0.         0.01899639 0.         0.         0.01885497],[0. 0. 0. 0. 1. 0. 0. 0. 0. 0. 0. 0. 0. 0. 0. 0. 1. 0. 1. 0. 0. 0. 1. 0. 0. 1. 0. 1. 0. 0. 1.],7.0,10000,30,0.6,10,1,7,,problem_solving
7700,0.020927620471167654,0.004741192575690561,0.4,5.202421811887374,[0.         0.         0.         0.         0.01388764 0.         0.         0.         0.         0.         0.         0.         0.         0.         0.         0.         0.01102846 0.         0.01602103 0.         0.         0.         0.01662132 0.         0.         0.90459019 0.         0.01899639 0.         0.         0.01885497],[0. 0. 0. 0. 1. 0. 0. 0. 0. 0. 0. 0. 0. 0. 0. 0. 1. 0. 1. 0. 0. 0. 1. 0. 0. 1. 0. 1. 0. 0. 1.],7.0,10000,30,0.6,10,1,7,,problem_solving
7800,0.020927620471167654,0.004741192575690561,0.4,14.880301003347833,[0.         0.         0.         0.         0.01388764 0.         0.         0.         0.         0.         0.         0.         0.         0.         0.         0.         0.01102846 0.         0.01602103 0.         0.         0.         0.01662132 0.         0.         0.90459019 0.         0.01899639 0.         0.         0.01885497],[0. 0. 0. 0. 1. 0. 0. 0. 0. 0. 0. 0. 0. 0. 0. 0. 1. 0. 1. 0. 0. 0. 1. 0. 0. 1. 0. 1. 0. 0. 1.],7.0,10000,30,0.6,10,1,7,,problem_solving
7900,0.020927620471167654,0.004741192575690561,0.4,-18.77284178287056,[0.         0.         0.         0.         0.01388764 0.         0.         0.         0.         0.         0.         0.         0.         0.         0.         0.         0.01102846 0.         0.01602103 0.         0.         0.         0.01662132 0.         0.         0.90459019 0.         0.01899639 0.         0.         0.01885497],[0. 0. 0. 0. 1. 0. 0. 0. 0. 0. 0. 0. 0. 0. 0. 0. 1. 0. 1. 0. 0. 0. 1. 0. 0. 1. 0. 1. 0. 0. 1.],7.0,10000,30,0.6,10,1,7,,problem_solving
8000,0.020927620471167654,0.004741192575690561,0.4,-3.0804830382110078,[0.         0.         0.         0.         0.01388764 0.         0.         0.         0.         0.         0.         0.         0.         0.         0.         0.         0.01102846 0.         0.01602103 0.         0.         0.         0.01662132 0.         0.         0.90459019 0.         0.01899639 0.         0.         0.01885497],[0. 0. 0. 0. 1. 0. 0. 0. 0. 0. 0. 0. 0. 0. 0. 0. 1. 0. 1. 0. 0. 0. 1. 0. 0. 1. 0. 1. 0. 0. 1.],7.0,10000,30,0.6,10,1,7,,problem_solving
8100,0.020927620471167654,0.004741192575690561,0.4,-7.593913980187816,[0.         0.         0.         0.         0.01388764 0.         0.         0.         0.         0.         0.         0.         0.         0.         0.         0.         0.01102846 0.         0.01602103 0.         0.         0.         0.01662132 0.         0.         0.90459019 0.         0.01899639 0.         0.         0.01885497],[0. 0. 0. 0. 1. 0. 0. 0. 0. 0. 0. 0. 0. 0. 0. 0. 1. 0. 1. 0. 0. 0. 1. 0. 0. 1. 0. 1. 0. 0. 1.],7.0,10000,30,0.6,10,1,7,,problem_solving
8200,0.020927620471167654,0.004741192575690561,0.4,21.382488819496217,[0.         0.         0.         0.         0.01388764 0.         0.         0.         0.         0.         0.         0.         0.         0.         0.         0.         0.01102846 0.         0.01602103 0.         0.         0.         0.01662132 0.         0.         0.90459019 0.         0.01899639 0.         0.         0.01885497],[0. 0. 0. 0. 1. 0. 0. 0. 0. 0. 0. 0. 0. 0. 0. 0. 1. 0. 1. 0. 0. 0. 1. 0. 0. 1. 0. 1. 0. 0. 1.],7.0,10000,30,0.6,10,1,7,,problem_solving
8300,0.020927620471167654,0.004741192575690561,0.4,-14.399842479139657,[0.         0.         0.         0.         0.01388764 0.         0.         0.         0.         0.         0.         0.         0.         0.         0.         0.         0.01102846 0.         0.01602103 0.         0.         0.         0.01662132 0.         0.         0.90459019 0.         0.01899639 0.         0.         0.01885497],[0. 0. 0. 0. 1. 0. 0. 0. 0. 0. 0. 0. 0. 0. 0. 0. 1. 0. 1. 0. 0. 0. 1. 0. 0. 1. 0. 1. 0. 0. 1.],7.0,10000,30,0.6,10,1,7,,problem_solving
8400,0.020927620471167654,0.004741192575690561,0.4,5.352270238046608,[0.         0.         0.         0.         0.01388764 0.         0.         0.         0.         0.         0.         0.         0.         0.         0.         0.         0.01102846 0.         0.01602103 0.         0.         0.         0.01662132 0.         0.         0.90459019 0.         0.01899639 0.         0.         0.01885497],[0. 0. 0. 0. 1. 0. 0. 0. 0. 0. 0. 0. 0. 0. 0. 0. 1. 0. 1. 0. 0. 0. 1. 0. 0. 1. 0. 1. 0. 0. 1.],7.0,10000,30,0.6,10,1,7,,problem_solving
8500,0.020927620471167654,0.004741192575690561,0.4,-2.0093458447969703,[0.         0.         0.         0.         0.01388764 0.         0.         0.         0.         0.         0.         0.         0.         0.         0.         0.         0.01102846 0.         0.01602103 0.         0.         0.         0.01662132 0.         0.         0.90459019 0.         0.01899639 0.         0.         0.01885497],[0. 0. 0. 0. 1. 0. 0. 0. 0. 0. 0. 0. 0. 0. 0. 0. 1. 0. 1. 0. 0. 0. 1. 0. 0. 1. 0. 1. 0. 0. 1.],7.0,10000,30,0.6,10,1,7,,problem_solving
8600,0.020927620471167654,0.004741192575690561,0.4,-7.972038993532337,[0.         0.         0.         0.         0.01388764 0.         0.         0.         0.         0.         0.         0.         0.         0.         0.         0.         0.01102846 0.         0.01602103 0.         0.         0.         0.01662132 0.         0.         0.90459019 0.         0.01899639 0.         0.         0.01885497],[0. 0. 0. 0. 1. 0. 0. 0. 0. 0. 0. 0. 0. 0. 0. 0. 1. 0. 1. 0. 0. 0. 1. 0. 0. 1. 0. 1. 0. 0. 1.],7.0,10000,30,0.6,10,1,7,,problem_solving
8700,0.020927620471167654,0.004741192575690561,0.4,-8.451355674765923,[0.         0.         0.         0.         0.01388764 0.         0.         0.         0.         0.         0.         0.         0.         0.         0.         0.         0.01102846 0.         0.01602103 0.         0.         0.         0.01662132 0.         0.         0.90459019 0.         0.01899639 0.         0.         0.01885497],[0. 0. 0. 0. 1. 0. 0. 0. 0. 0. 0. 0. 0. 0. 0. 0. 1. 0. 1. 0. 0. 0. 1. 0. 0. 1. 0. 1. 0. 0. 1.],7.0,10000,30,0.6,10,1,7,,problem_solving
8800,0.020927620471167654,0.004741192575690561,0.4,-13.438472445695798,[0.         0.         0.         0.         0.01388764 0.         0.         0.         0.         0.         0.         0.         0.         0.         0.         0.         0.01102846 0.         0.01602103 0.         0.         0.         0.01662132 0.         0.         0.90459019 0.         0.01899639 0.         0.         0.01885497],[0. 0. 0. 0. 1. 0. 0. 0. 0. 0. 0. 0. 0. 0. 0. 0. 1. 0. 1. 0. 0. 0. 1. 0. 0. 1. 0. 1. 0. 0. 1.],7.0,10000,30,0.6,10,1,7,,problem_solving
8900,0.020927620471167654,0.004741192575690561,0.4,17.924558082270906,[0.         0.         0.         0.         0.01388764 0.         0.         0.         0.         0.         0.         0.         0.         0.         0.         0.         0.01102846 0.         0.01602103 0.         0.         0.         0.01662132 0.         0.         0.90459019 0.         0.01899639 0.         0.         0.01885497],[0. 0. 0. 0. 1. 0. 0. 0. 0. 0. 0. 0. 0. 0. 0. 0. 1. 0. 1. 0. 0. 0. 1. 0. 0. 1. 0. 1. 0. 0. 1.],7.0,10000,30,0.6,10,1,7,,problem_solving
9000,0.020927620471167654,0.004741192575690561,0.4,6.586517121976547,[0.         0.         0.         0.         0.01388764 0.         0.         0.         0.         0.         0.         0.         0.         0.         0.         0.         0.01102846 0.         0.01602103 0.         0.         0.         0.01662132 0.         0.         0.90459019 0.         0.01899639 0.         0.         0.01885497],[0. 0. 0. 0. 1. 0. 0. 0. 0. 0. 0. 0. 0. 0. 0. 0. 1. 0. 1. 0. 0. 0. 1. 0. 0. 1. 0. 1. 0. 0. 1.],7.0,10000,30,0.6,10,1,7,,problem_solving
9100,0.020927620471167654,0.004741192575690561,0.4,9.116019415731017,[0.         0.         0.         0.         0.01388764 0.         0.         0.         0.         0.         0.         0.         0.         0.         0.         0.         0.01102846 0.         0.01602103 0.         0.         0.         0.01662132 0.         0.         0.90459019 0.         0.01899639 0.         0.         0.01885497],[0. 0. 0. 0. 1. 0. 0. 0. 0. 0. 0. 0. 0. 0. 0. 0. 1. 0. 1. 0. 0. 0. 1. 0. 0. 1. 0. 1. 0. 0. 1.],7.0,10000,30,0.6,10,1,7,,problem_solving
9200,0.020927620471167654,0.004741192575690561,0.4,-1.1219714034759387,[0.         0.         0.         0.         0.01388764 0.         0.         0.         0.         0.         0.         0.         0.         0.         0.         0.         0.01102846 0.         0.01602103 0.         0.         0.         0.01662132 0.         0.         0.90459019 0.         0.01899639 0.         0.         0.01885497],[0. 0. 0. 0. 1. 0. 0. 0. 0. 0. 0. 0. 0. 0. 0. 0. 1. 0. 1. 0. 0. 0. 1. 0. 0. 1. 0. 1. 0. 0. 1.],7.0,10000,30,0.6,10,1,7,,problem_solving
9300,0.020927620471167654,0.004741192575690561,0.4,7.056734175470622,[0.         0.         0.         0.         0.01388764 0.         0.         0.         0.         0.         0.         0.         0.         0.         0.         0.         0.01102846 0.         0.01602103 0.         0.         0.         0.01662132 0.         0.         0.90459019 0.         0.01899639 0.         0.         0.01885497],[0. 0. 0. 0. 1. 0. 0. 0. 0. 0. 0. 0. 0. 0. 0. 0. 1. 0. 1. 0. 0. 0. 1. 0. 0. 1. 0. 1. 0. 0. 1.],7.0,10000,30,0.6,10,1,7,,problem_solving
9400,0.020927620471167654,0.004741192575690561,0.4,-9.612916275703698,[0.         0.         0.         0.         0.01388764 0.         0.         0.         0.         0.         0.         0.         0.         0.         0.         0.         0.01102846 0.         0.01602103 0.         0.         0.         0.01662132 0.         0.         0.90459019 0.         0.01899639 0.         0.         0.01885497],[0. 0. 0. 0. 1. 0. 0. 0. 0. 0. 0. 0. 0. 0. 0. 0. 1. 0. 1. 0. 0. 0. 1. 0. 0. 1. 0. 1. 0. 0. 1.],7.0,10000,30,0.6,10,1,7,,problem_solving
9500,0.020927620471167654,0.004741192575690561,0.4,-4.763103682558775,[0.         0.         0.         0.         0.01388764 0.         0.         0.         0.         0.         0.         0.         0.         0.         0.         0.         0.01102846 0.         0.01602103 0.         0.         0.         0.01662132 0.         0.         0.90459019 0.         0.01899639 0.         0.         0.01885497],[0. 0. 0. 0. 1. 0. 0. 0. 0. 0. 0. 0. 0. 0. 0. 0. 1. 0. 1. 0. 0. 0. 1. 0. 0. 1. 0. 1. 0. 0. 1.],7.0,10000,30,0.6,10,1,7,,problem_solving
9600,0.020927620471167654,0.004741192575690561,0.4,-3.5297161430984763,[0.         0.         0.         0.         0.01388764 0.         0.         0.         0.         0.         0.         0.         0.         0.         0.         0.         0.01102846 0.         0.01602103 0.         0.         0.         0.01662132 0.         0.         0.90459019 0.         0.01899639 0.         0.         0.01885497],[0. 0. 0. 0. 1. 0. 0. 0. 0. 0. 0. 0. 0. 0. 0. 0. 1. 0. 1. 0. 0. 0. 1. 0. 0. 1. 0. 1. 0. 0. 1.],7.0,10000,30,0.6,10,1,7,,problem_solving
9700,0.020927620471167654,0.004741192575690561,0.4,-11.172699448890185,[0.         0.         0.         0.         0.01388764 0.         0.         0.         0.         0.         0.         0.         0.         0.         0.         0.         0.01102846 0.         0.01602103 0.         0.         0.         0.01662132 0.         0.         0.90459019 0.         0.01899639 0.         0.         0.01885497],[0. 0. 0. 0. 1. 0. 0. 0. 0. 0. 0. 0. 0. 0. 0. 0. 1. 0. 1. 0. 0. 0. 1. 0. 0. 1. 0. 1. 0. 0. 1.],7.0,10000,30,0.6,10,1,7,,problem_solving
9800,0.020927620471167654,0.004741192575690561,0.4,6.25018095742571,[0.         0.         0.         0.         0.01388764 0.         0.         0.         0.         0.         0.         0.         0.         0.         0.         0.         0.01102846 0.         0.01602103 0.         0.         0.         0.01662132 0.         0.         0.90459019 0.         0.01899639 0.         0.         0.01885497],[0. 0. 0. 0. 1. 0. 0. 0. 0. 0. 0. 0. 0. 0. 0. 0. 1. 0. 1. 0. 0. 0. 1. 0. 0. 1. 0. 1. 0. 0. 1.],7.0,10000,30,0.6,10,1,7,,problem_solving
9900,0.020927620471167654,0.004741192575690561,0.4,16.183589115858098,[0.         0.         0.         0.         0.01388764 0.         0.         0.         0.         0.         0.         0.         0.         0.         0.         0.         0.01102846 0.         0.01602103 0.         0.         0.         0.01662132 0.         0.         0.90459019 0.         0.01899639 0.         0.         0.01885497],[0. 0. 0. 0. 1. 0. 0. 0. 0. 0. 0. 0. 0. 0. 0. 0. 1. 0. 1. 0. 0. 0. 1. 0. 0. 1. 0. 1. 0. 0. 1.],7.0,10000,30,0.6,10,1,7,,problem_solving
9999,0.020927620471167654,0.004741192575690561,0.4,5.309043127003412,[0.         0.         0.         0.         0.01388764 0.         0.         0.         0.         0.         0.         0.         0.         0.         0.         0.         0.01102846 0.         0.01602103 0.         0.         0.         0.01662132 0.         0.         0.90459019 0.         0.01899639 0.         0.         0.01885497],[0. 0. 0. 0. 1. 0. 0. 0. 0. 0. 0. 0. 0. 0. 0. 0. 1. 0. 1. 0. 0. 0. 1. 0. 0. 1. 0. 1. 0. 0. 1.],7.0,10000,30,0.6,10,1,7,,problem_solving
