iter,cost,return,par,move,X,Z,Q,max_iter,mem_size,mem_consider,sigma,port_n,k,seed,tag
1,0.08431999008690395,0.002178305127843419,0.4,5.519425685347009,[0.         0.         0.         0.         0.91198554 0.         0.         0.01760085 0.02032462 0.         0.02675229 0.         0.         0.         0.         0.         0.02333671 0.         0.         0.         0.         0.         0.         0.         0.         0.         0.         0.         0.         0.         0.        ],[0. 0. 0. 0. 1. 0. 0. 1. 1. 0. 1. 0. 0. 0. 0. 0. 1. 0. 0. 0. 0. 0. 0. 0. 0. 0. 0. 0. 0. 0. 0.],5.0,1000,30,0.6,10,1,5,,problem_solving
10,0.054226149184788394,0.0022638968428150053,0.4,5.399860863176174,[0.         0.         0.         0.         0.         0.         0.         0.         0.0108983  0.         0.         0.92956979 0.         0.         0.         0.         0.01235904 0.         0.         0.         0.         0.         0.         0.02455819 0.         0.         0.         0.02261467 0.         0.         0.        ],[0. 0. 0. 0. 0. 0. 0. 0. 1. 0. 0. 1. 0. 0. 0. 0. 1. 0. 0. 0. 0. 0. 0. 1. 0. 0. 0. 1. 0. 0. 0.],5.0,1000,30,0.6,10,1,5,,problem_solving
20,0.021657412412463783,0.0026154297304836344,0.4,23.174302435277486,[0.         0.         0.         0.         0.02159542 0.         0.         0.         0.         0.0184551  0.         0.         0.         0.         0.         0.         0.         0.         0.         0.         0.         0.         0.         0.         0.         0.         0.         0.9229992  0.02363585 0.01331443 0.        ],[0. 0. 0. 0. 1. 0. 0. 0. 0. 1. 0. 0. 0. 0. 0. 0. 0. 0. 0. 0. 0. 0. 0. 0. 0. 0. 0. 1. 1. 1. 0.],5.0,1000,30,0.6,10,1,5,,problem_solving
30,0.021657412412463783,0.0026154297304836344,0.4,-0.9197867053441964,[0.         0.         0.         0.         0.02159542 0.         0.         0.         0.         0.0184551  0.         0.         0.         0.         0.         0.         0.         0.         0.         0.         0.         0.         0.         0.         0.         0.         0.         0.9229992  0.02363585 0.01331443 0.        ],[0. 0. 0. 0. 1. 0. 0. 0. 0. 1. 0. 0. 0. 0. 0. 0. 0. 0. 0. 0. 0. 0. 0. 0. 0. 0. 0. 1. 1. 1. 0.],5.0,1000,30,0.6,10,1,5,,problem_solving
40,0.021657412412463783,0.0026154297304836344,0.4,-1.1273925164246805,[0.         0.         0.         0.         0.02159542 0.         0.         0.         0.         0.0184551  0.         0.         0.         0.         0.         0.         0.         0.         0.         0.         0.         0.         0.         0.         0.         0.         0.         0.9229992  0.02363585 0.01331443 0.        ],[0. 0. 0. 0. 1. 0. 0. 0. 0. 1. 0. 0. 0. 0. 0. 0. 0. 0. 0. 0. 0. 0. 0. 0. 0. 0. 0. 1. 1. 1. 0.],5.0,1000,30,0.6,10,1,5,,problem_solving
50,0.021657412412463783,0.0026154297304836344,0.4,10.35652840401384,[0.         0.         0.         0.         0.02159542 0.         0.         0.         0.         0.0184551  0.         0.         0.         0.         0.         0.         0.         0.         0.         0.         0.         0.         0.         0.         0.         0.         0.         0.9229992  0.02363585 0.01331443 0.        ],[0. 0. 0. 0. 1. 0. 0. 0. 0. 1. 0. 0. 0. 0. 0. 0. 0. 0. 0. 0. 0. 0. 0. 0. 0. 0. 0. 1. 1. 1. 0.],5.0,1000,30,0.6,10,1,5,,problem_solving
60,0.021657412412463783,0.0026154297304836344,0.4,-34.21722279214063,[0.         0.         0.         0.         0.02159542 0.         0.         0.         0.         0.0184551  0.         0.         0.         0.         0.         0.         0.         0.         0.         0.         0.         0.         0.         0.         0.         0.         0.         0.9229992  0.02363585 0.01331443 0.        ],[0. 0. 0. 0. 1. 0. 0. 0. 0. 1. 0. 0. 0. 0. 0. 0. 0. 0. 0. 0. 0. 0. 0. 0. 0. 0. 0. 1. 1. 1. 0.],5.0,1000,30,0.6,10,1,5,,problem_solving
70,0.021657412412463783,0.0026154297304836344,0.4,10.061956272344583,[0.         0.         0.         0.         0.02159542 0.         0.         0.         0.         0.0184551  0.         0.         0.         0.         0.         0.         0.         0.         0.         0.         0.         0.         0.         0.         0.         0.         0.         0.9229992  0.02363585 0.01331443 0.        ],[0. 0. 0. 0. 1. 0. 0. 0. 0. 1. 0. 0. 0. 0. 0. 0. 0. 0. 0. 0. 0. 0. 0. 0. 0. 0. 0. 1. 1. 1. 0.],5.0,1000,30,0.6,10,1,5,,problem_solving
80,0.021657412412463783,0.0026154297304836344,0.4,-17.087289703041627,[0.         0.         0.         0.         0.02159542 0.         0.         0.         0.         0.0184551  0.         0.         0.         0.         0.         0.         0.         0.         0.         0.         0.         0.         0.         0.         0.         0.         0.         0.9229992  0.02363585 0.01331443 0.        ],[0. 0. 0. 0. 1. 0. 0. 0. 0. 1. 0. 0. 0. 0. 0. 0. 0. 0. 0. 0. 0. 0. 0. 0. 0. 0. 0. 1. 1. 1. 0.],5.0,1000,30,0.6,10,1,5,,problem_solving
90,0.021657412412463783,0.0026154297304836344,0.4,-1.4228848200003086,[0.         0.         0.         0.         0.02159542 0.         0.         0.         0.         0.0184551  0.         0.         0.         0.         0.         0.         0.         0.         0.         0.         0.         0.         0.         0.         0.         0.         0.         0.9229992  0.02363585 0.01331443 0.        ],[0. 0. 0. 0. 1. 0. 0. 0. 0. 1. 0. 0. 0. 0. 0. 0. 0. 0. 0. 0. 0. 0. 0. 0. 0. 0. 0. 1. 1. 1. 0.],5.0,1000,30,0.6,10,1,5,,problem_solving
100,0.021657412412463783,0.0026154297304836344,0.4,-10.677895293040505,[0.         0.         0.         0.         0.02159542 0.         0.         0.         0.         0.0184551  0.         0.         0.         0.         0.         0.         0.         0.         0.         0.         0.         0.         0.         0.         0.         0.         0.         0.9229992  0.02363585 0.01331443 0.        ],[0. 0. 0. 0. 1. 0. 0. 0. 0. 1. 0. 0. 0. 0. 0. 0. 0. 0. 0. 0. 0. 0. 0. 0. 0. 0. 0. 1. 1. 1. 0.],5.0,1000,30,0.6,10,1,5,,problem_solving
110,0.021657412412463783,0.0026154297304836344,0.4,10.467069558326756,[0.         0.         0.         0.         0.02159542 0.         0.         0.         0.         0.0184551  0.         0.         0.         0.         0.         0.         0.         0.         0.         0.         0.         0.         0.         0.         0.         0.         0.         0.9229992  0.02363585 0.01331443 0.        ],[0. 0. 0. 0. 1. 0. 0. 0. 0. 1. 0. 0. 0. 0. 0. 0. 0. 0. 0. 0. 0. 0. 0. 0. 0. 0. 0. 1. 1. 1. 0.],5.0,1000,30,0.6,10,1,5,,problem_solving
120,0.021657412412463783,0.0026154297304836344,0.4,-3.907742854027938,[0.         0.         0.         0.         0.02159542 0.         0.         0.         0.         0.0184551  0.         0.         0.         0.         0.         0.         0.         0.         0.         0.         0.         0.         0.         0.         0.         0.         0.         0.9229992  0.02363585 0.01331443 0.        ],[0. 0. 0. 0. 1. 0. 0. 0. 0. 1. 0. 0. 0. 0. 0. 0. 0. 0. 0. 0. 0. 0. 0. 0. 0. 0. 0. 1. 1. 1. 0.],5.0,1000,30,0.6,10,1,5,,problem_solving
130,0.021657412412463783,0.0026154297304836344,0.4,-2.7492417322424805,[0.         0.         0.         0.         0.02159542 0.         0.         0.         0.         0.0184551  0.         0.         0.         0.         0.         0.         0.         0.         0.         0.         0.         0.         0.         0.         0.         0.         0.         0.9229992  0.02363585 0.01331443 0.        ],[0. 0. 0. 0. 1. 0. 0. 0. 0. 1. 0. 0. 0. 0. 0. 0. 0. 0. 0. 0. 0. 0. 0. 0. 0. 0. 0. 1. 1. 1. 0.],5.0,1000,30,0.6,10,1,5,,problem_solving
140,0.021657412412463783,0.0026154297304836344,0.4,-8.146375464227507,[0.         0.         0.         0.         0.02159542 0.         0.         0.         0.         0.0184551  0.         0.         0.         0.         0.         0.         0.         0.         0.         0.         0.         0.         0.         0.         0.         0.         0.         0.9229992  0.02363585 0.01331443 0.        ],[0. 0. 0. 0. 1. 0. 0. 0. 0. 1. 0. 0. 0. 0. 0. 0. 0. 0. 0. 0. 0. 0. 0. 0. 0. 0. 0. 1. 1. 1. 0.],5.0,1000,30,0.6,10,1,5,,problem_solving
150,0.021657412412463783,0.0026154297304836344,0.4,4.34415262126745,[0.         0.         0.         0.         0.02159542 0.         0.         0.         0.         0.0184551  0.         0.         0.         0.         0.         0.         0.         0.         0.         0.         0.         0.         0.         0.         0.         0.         0.         0.9229992  0.02363585 0.01331443 0.        ],[0. 0. 0. 0. 1. 0. 0. 0. 0. 1. 0. 0. 0. 0. 0. 0. 0. 0. 0. 0. 0. 0. 0. 0. 0. 0. 0. 1. 1. 1. 0.],5.0,1000,30,0.6,10,1,5,,problem_solving
160,0.021657412412463783,0.0026154297304836344,0.4,6.051876018670942,[0.         0.         0.         0.         0.02159542 0.         0.         0.         0.         0.0184551  0.         0.         0.         0.         0.         0.         0.         0.         0.         0.         0.         0.         0.         0.         0.         0.         0.         0.9229992  0.02363585 0.01331443 0.        ],[0. 0. 0. 0. 1. 0. 0. 0. 0. 1. 0. 0. 0. 0. 0. 0. 0. 0. 0. 0. 0. 0. 0. 0. 0. 0. 0. 1. 1. 1. 0.],5.0,1000,30,0.6,10,1,5,,problem_solving
170,0.021657412412463783,0.0026154297304836344,0.4,-7.078978335433282,[0.         0.         0.         0.         0.02159542 0.         0.         0.         0.         0.0184551  0.         0.         0.         0.         0.         0.         0.         0.         0.         0.         0.         0.         0.         0.         0.         0.         0.         0.9229992  0.02363585 0.01331443 0.        ],[0. 0. 0. 0. 1. 0. 0. 0. 0. 1. 0. 0. 0. 0. 0. 0. 0. 0. 0. 0. 0. 0. 0. 0. 0. 0. 0. 1. 1. 1. 0.],5.0,1000,30,0.6,10,1,5,,problem_solving
180,0.021657412412463783,0.0026154297304836344,0.4,4.835020159250271,[0.         0.         0.         0.         0.02159542 0.         0.         0.         0.         0.0184551  0.         0.         0.         0.         0.         0.         0.         0.         0.         0.         0.         0.         0.         0.         0.         0.         0.         0.9229992  0.02363585 0.01331443 0.        ],[0. 0. 0. 0. 1. 0. 0. 0. 0. 1. 0. 0. 0. 0. 0. 0. 0. 0. 0. 0. 0. 0. 0. 0. 0. 0. 0. 1. 1. 1. 0.],5.0,1000,30,0.6,10,1,5,,problem_solving
190,0.021657412412463783,0.0026154297304836344,0.4,-17.210481375904465,[0.         0.         0.         0.         0.02159542 0.         0.         0.         0.         0.0184551  0.         0.         0.         0.         0.         0.         0.         0.         0.         0.         0.         0.         0.         0.         0.         0.         0.         0.9229992  0.02363585 0.01331443 0.        ],[0. 0. 0. 0. 1. 0. 0. 0. 0. 1. 0. 0. 0. 0. 0. 0. 0. 0. 0. 0. 0. 0. 0. 0. 0. 0. 0. 1. 1. 1. 0.],5.0,1000,30,0.6,10,1,5,,problem_solving
200,0.021657412412463783,0.0026154297304836344,0.4,4.434718904496254,[0.         0.         0.         0.         0.02159542 0.         0.         0.         0.         0.0184551  0.         0.         0.         0.         0.         0.         0.         0.         0.         0.         0.         0.         0.         0.         0.         0.         0.         0.9229992  0.02363585 0.01331443 0.        ],[0. 0. 0. 0. 1. 0. 0. 0. 0. 1. 0. 0. 0. 0. 0. 0. 0. 0. 0. 0. 0. 0. 0. 0. 0. 0. 0. 1. 1. 1. 0.],5.0,1000,30,0.6,10,1,5,,problem_solving
210,0.021657412412463783,0.0026154297304836344,0.4,0.9054949400122085,[0.         0.         0.         0.         0.02159542 0.         0.         0.         0.         0.0184551  0.         0.         0.         0.         0.         0.         0.         0.         0.         0.         0.         0.         0.         0.         0.         0.         0.         0.9229992  0.02363585 0.01331443 0.        ],[0. 0. 0. 0. 1. 0. 0. 0. 0. 1. 0. 0. 0. 0. 0. 0. 0. 0. 0. 0. 0. 0. 0. 0. 0. 0. 0. 1. 1. 1. 0.],5.0,1000,30,0.6,10,1,5,,problem_solving
220,0.021657412412463783,0.0026154297304836344,0.4,8.981950306114381,[0.         0.         0.         0.         0.02159542 0.         0.         0.         0.         0.0184551  0.         0.         0.         0.         0.         0.         0.         0.         0.         0.         0.         0.         0.         0.         0.         0.         0.         0.9229992  0.02363585 0.01331443 0.        ],[0. 0. 0. 0. 1. 0. 0. 0. 0. 1. 0. 0. 0. 0. 0. 0. 0. 0. 0. 0. 0. 0. 0. 0. 0. 0. 0. 1. 1. 1. 0.],5.0,1000,30,0.6,10,1,5,,problem_solving
230,0.021657412412463783,0.0026154297304836344,0.4,9.778196856871487,[0.         0.         0.         0.         0.02159542 0.         0.         0.         0.         0.0184551  0.         0.         0.         0.         0.         0.         0.         0.         0.         0.         0.         0.         0.         0.         0.         0.         0.         0.9229992  0.02363585 0.01331443 0.        ],[0. 0. 0. 0. 1. 0. 0. 0. 0. 1. 0. 0. 0. 0. 0. 0. 0. 0. 0. 0. 0. 0. 0. 0. 0. 0. 0. 1. 1. 1. 0.],5.0,1000,30,0.6,10,1,5,,problem_solving
240,0.021657412412463783,0.0026154297304836344,0.4,14.365847600824551,[0.         0.         0.         0.         0.02159542 0.         0.         0.         0.         0.0184551  0.         0.         0.         0.         0.         0.         0.         0.         0.         0.         0.         0.         0.         0.         0.         0.         0.         0.9229992  0.02363585 0.01331443 0.        ],[0. 0. 0. 0. 1. 0. 0. 0. 0. 1. 0. 0. 0. 0. 0. 0. 0. 0. 0. 0. 0. 0. 0. 0. 0. 0. 0. 1. 1. 1. 0.],5.0,1000,30,0.6,10,1,5,,problem_solving
250,0.021657412412463783,0.0026154297304836344,0.4,19.906504900685327,[0.         0.         0.         0.         0.02159542 0.         0.         0.         0.         0.0184551  0.         0.         0.         0.         0.         0.         0.         0.         0.         0.         0.         0.         0.         0.         0.         0.         0.         0.9229992  0.02363585 0.01331443 0.        ],[0. 0. 0. 0. 1. 0. 0. 0. 0. 1. 0. 0. 0. 0. 0. 0. 0. 0. 0. 0. 0. 0. 0. 0. 0. 0. 0. 1. 1. 1. 0.],5.0,1000,30,0.6,10,1,5,,problem_solving
260,0.021657412412463783,0.0026154297304836344,0.4,-15.573061177224805,[0.         0.         0.         0.         0.02159542 0.         0.         0.         0.         0.0184551  0.         0.         0.         0.         0.         0.         0.         0.         0.         0.         0.         0.         0.         0.         0.         0.         0.         0.9229992  0.02363585 0.01331443 0.        ],[0. 0. 0. 0. 1. 0. 0. 0. 0. 1. 0. 0. 0. 0. 0. 0. 0. 0. 0. 0. 0. 0. 0. 0. 0. 0. 0. 1. 1. 1. 0.],5.0,1000,30,0.6,10,1,5,,problem_solving
270,0.021657412412463783,0.0026154297304836344,0.4,16.276662037719404,[0.         0.         0.         0.         0.02159542 0.         0.         0.         0.         0.0184551  0.         0.         0.         0.         0.         0.         0.         0.         0.         0.         0.         0.         0.         0.         0.         0.         0.         0.9229992  0.02363585 0.01331443 0.        ],[0. 0. 0. 0. 1. 0. 0. 0. 0. 1. 0. 0. 0. 0. 0. 0. 0. 0. 0. 0. 0. 0. 0. 0. 0. 0. 0. 1. 1. 1. 0.],5.0,1000,30,0.6,10,1,5,,problem_solving
280,0.021657412412463783,0.0026154297304836344,0.4,3.2515198959099507,[0.         0.         0.         0.         0.02159542 0.         0.         0.         0.         0.0184551  0.         0.         0.         0.         0.         0.         0.         0.         0.         0.         0.         0.         0.         0.         0.         0.         0.         0.9229992  0.02363585 0.01331443 0.        ],[0. 0. 0. 0. 1. 0. 0. 0. 0. 1. 0. 0. 0. 0. 0. 0. 0. 0. 0. 0. 0. 0. 0. 0. 0. 0. 0. 1. 1. 1. 0.],5.0,1000,30,0.6,10,1,5,,problem_solving
290,0.021657412412463783,0.0026154297304836344,0.4,-0.6976251690800126,[0.         0.         0.         0.         0.02159542 0.         0.         0.         0.         0.0184551  0.         0.         0.         0.         0.         0.         0.         0.         0.         0.         0.         0.         0.         0.         0.         0.         0.         0.9229992  0.02363585 0.01331443 0.        ],[0. 0. 0. 0. 1. 0. 0. 0. 0. 1. 0. 0. 0. 0. 0. 0. 0. 0. 0. 0. 0. 0. 0. 0. 0. 0. 0. 1. 1. 1. 0.],5.0,1000,30,0.6,10,1,5,,problem_solving
300,0.021657412412463783,0.0026154297304836344,0.4,9.248101987789207,[0.         0.         0.         0.         0.02159542 0.         0.         0.         0.         0.0184551  0.         0.         0.         0.         0.         0.         0.         0.         0.         0.         0.         0.         0.         0.         0.         0.         0.         0.9229992  0.02363585 0.01331443 0.        ],[0. 0. 0. 0. 1. 0. 0. 0. 0. 1. 0. 0. 0. 0. 0. 0. 0. 0. 0. 0. 0. 0. 0. 0. 0. 0. 0. 1. 1. 1. 0.],5.0,1000,30,0.6,10,1,5,,problem_solving
310,0.021657412412463783,0.0026154297304836344,0.4,12.5859613340132,[0.         0.         0.         0.         0.02159542 0.         0.         0.         0.         0.0184551  0.         0.         0.         0.         0.         0.         0.         0.         0.         0.         0.         0.         0.         0.         0.         0.         0.         0.9229992  0.02363585 0.01331443 0.        ],[0. 0. 0. 0. 1. 0. 0. 0. 0. 1. 0. 0. 0. 0. 0. 0. 0. 0. 0. 0. 0. 0. 0. 0. 0. 0. 0. 1. 1. 1. 0.],5.0,1000,30,0.6,10,1,5,,problem_solving
320,0.021657412412463783,0.0026154297304836344,0.4,-0.08044110353642736,[0.         0.         0.         0.         0.02159542 0.         0.         0.         0.         0.0184551  0.         0.         0.         0.         0.         0.         0.         0.         0.         0.         0.         0.         0.         0.         0.         0.         0.         0.9229992  0.02363585 0.01331443 0.        ],[0. 0. 0. 0. 1. 0. 0. 0. 0. 1. 0. 0. 0. 0. 0. 0. 0. 0. 0. 0. 0. 0. 0. 0. 0. 0. 0. 1. 1. 1. 0.],5.0,1000,30,0.6,10,1,5,,problem_solving
330,0.021657412412463783,0.0026154297304836344,0.4,-3.7128611767872233,[0.         0.         0.         0.         0.02159542 0.         0.         0.         0.         0.0184551  0.         0.         0.         0.         0.         0.         0.         0.         0.         0.         0.         0.         0.         0.         0.         0.         0.         0.9229992  0.02363585 0.01331443 0.        ],[0. 0. 0. 0. 1. 0. 0. 0. 0. 1. 0. 0. 0. 0. 0. 0. 0. 0. 0. 0. 0. 0. 0. 0. 0. 0. 0. 1. 1. 1. 0.],5.0,1000,30,0.6,10,1,5,,problem_solving
340,0.021657412412463783,0.0026154297304836344,0.4,4.9569074159486215,[0.         0.         0.         0.         0.02159542 0.         0.         0.         0.         0.0184551  0.         0.         0.         0.         0.         0.         0.         0.         0.         0.         0.         0.         0.         0.         0.         0.         0.         0.9229992  0.02363585 0.01331443 0.        ],[0. 0. 0. 0. 1. 0. 0. 0. 0. 1. 0. 0. 0. 0. 0. 0. 0. 0. 0. 0. 0. 0. 0. 0. 0. 0. 0. 1. 1. 1. 0.],5.0,1000,30,0.6,10,1,5,,problem_solving
350,0.021657412412463783,0.0026154297304836344,0.4,-8.668616856889898,[0.         0.         0.         0.         0.02159542 0.         0.         0.         0.         0.0184551  0.         0.         0.         0.         0.         0.         0.         0.         0.         0.         0.         0.         0.         0.         0.         0.         0.         0.9229992  0.02363585 0.01331443 0.        ],[0. 0. 0. 0. 1. 0. 0. 0. 0. 1. 0. 0. 0. 0. 0. 0. 0. 0. 0. 0. 0. 0. 0. 0. 0. 0. 0. 1. 1. 1. 0.],5.0,1000,30,0.6,10,1,5,,problem_solving
360,0.021657412412463783,0.0026154297304836344,0.4,14.051715024493364,[0.         0.         0.         0.         0.02159542 0.         0.         0.         0.         0.0184551  0.         0.         0.         0.         0.         0.         0.         0.         0.         0.         0.         0.         0.         0.         0.         0.         0.         0.9229992  0.02363585 0.01331443 0.        ],[0. 0. 0. 0. 1. 0. 0. 0. 0. 1. 0. 0. 0. 0. 0. 0. 0. 0. 0. 0. 0. 0. 0. 0. 0. 0. 0. 1. 1. 1. 0.],5.0,1000,30,0.6,10,1,5,,problem_solving
370,0.021657412412463783,0.0026154297304836344,0.4,0.67303884616716,[0.         0.         0.         0.         0.02159542 0.         0.         0.         0.         0.0184551  0.         0.         0.         0.         0.         0.         0.         0.         0.         0.         0.         0.         0.         0.         0.         0.         0.         0.9229992  0.02363585 0.01331443 0.        ],[0. 0. 0. 0. 1. 0. 0. 0. 0. 1. 0. 0. 0. 0. 0. 0. 0. 0. 0. 0. 0. 0. 0. 0. 0. 0. 0. 1. 1. 1. 0.],5.0,1000,30,0.6,10,1,5,,problem_solving
380,0.021657412412463783,0.0026154297304836344,0.4,6.88856355512527,[0.         0.         0.         0.         0.02159542 0.         0.         0.         0.         0.0184551  0.         0.         0.         0.         0.         0.         0.         0.         0.         0.         0.         0.         0.         0.         0.         0.         0.         0.9229992  0.02363585 0.01331443 0.        ],[0. 0. 0. 0. 1. 0. 0. 0. 0. 1. 0. 0. 0. 0. 0. 0. 0. 0. 0. 0. 0. 0. 0. 0. 0. 0. 0. 1. 1. 1. 0.],5.0,1000,30,0.6,10,1,5,,problem_solving
390,0.021657412412463783,0.0026154297304836344,0.4,12.915120142433237,[0.         0.         0.         0.         0.02159542 0.         0.         0.         0.         0.0184551  0.         0.         0.         0.         0.         0.         0.         0.         0.         0.         0.         0.         0.         0.         0.         0.         0.         0.9229992  0.02363585 0.01331443 0.        ],[0. 0. 0. 0. 1. 0. 0. 0. 0. 1. 0. 0. 0. 0. 0. 0. 0. 0. 0. 0. 0. 0. 0. 0. 0. 0. 0. 1. 1. 1. 0.],5.0,1000,30,0.6,10,1,5,,problem_solving
400,0.021657412412463783,0.0026154297304836344,0.4,14.76212532919453,[0.         0.         0.         0.         0.02159542 0.         0.         0.         0.         0.0184551  0.         0.         0.         0.         0.         0.         0.         0.         0.         0.         0.         0.         0.         0.         0.         0.         0.         0.9229992  0.02363585 0.01331443 0.        ],[0. 0. 0. 0. 1. 0. 0. 0. 0. 1. 0. 0. 0. 0. 0. 0. 0. 0. 0. 0. 0. 0. 0. 0. 0. 0. 0. 1. 1. 1. 0.],5.0,1000,30,0.6,10,1,5,,problem_solving
410,0.021657412412463783,0.0026154297304836344,0.4,-0.017881904304242732,[0.         0.         0.         0.         0.02159542 0.         0.         0.         0.         0.0184551  0.         0.         0.         0.         0.         0.         0.         0.         0.         0.         0.         0.         0.         0.         0.         0.         0.         0.9229992  0.02363585 0.01331443 0.        ],[0. 0. 0. 0. 1. 0. 0. 0. 0. 1. 0. 0. 0. 0. 0. 0. 0. 0. 0. 0. 0. 0. 0. 0. 0. 0. 0. 1. 1. 1. 0.],5.0,1000,30,0.6,10,1,5,,problem_solving
420,0.021657412412463783,0.0026154297304836344,0.4,-5.312155292164285,[0.         0.         0.         0.         0.02159542 0.         0.         0.         0.         0.0184551  0.         0.         0.         0.         0.         0.         0.         0.         0.         0.         0.         0.         0.         0.         0.         0.         0.         0.9229992  0.02363585 0.01331443 0.        ],[0. 0. 0. 0. 1. 0. 0. 0. 0. 1. 0. 0. 0. 0. 0. 0. 0. 0. 0. 0. 0. 0. 0. 0. 0. 0. 0. 1. 1. 1. 0.],5.0,1000,30,0.6,10,1,5,,problem_solving
430,0.021657412412463783,0.0026154297304836344,0.4,1.7907406329195463,[0.         0.         0.         0.         0.02159542 0.         0.         0.         0.         0.0184551  0.         0.         0.         0.         0.         0.         0.         0.         0.         0.         0.         0.         0.         0.         0.         0.         0.         0.9229992  0.02363585 0.01331443 0.        ],[0. 0. 0. 0. 1. 0. 0. 0. 0. 1. 0. 0. 0. 0. 0. 0. 0. 0. 0. 0. 0. 0. 0. 0. 0. 0. 0. 1. 1. 1. 0.],5.0,1000,30,0.6,10,1,5,,problem_solving
440,0.021657412412463783,0.0026154297304836344,0.4,-9.575204134090994,[0.         0.         0.         0.         0.02159542 0.         0.         0.         0.         0.0184551  0.         0.         0.         0.         0.         0.         0.         0.         0.         0.         0.         0.         0.         0.         0.         0.         0.         0.9229992  0.02363585 0.01331443 0.        ],[0. 0. 0. 0. 1. 0. 0. 0. 0. 1. 0. 0. 0. 0. 0. 0. 0. 0. 0. 0. 0. 0. 0. 0. 0. 0. 0. 1. 1. 1. 0.],5.0,1000,30,0.6,10,1,5,,problem_solving
450,0.021657412412463783,0.0026154297304836344,0.4,13.05149208492227,[0.         0.         0.         0.         0.02159542 0.         0.         0.         0.         0.0184551  0.         0.         0.         0.         0.         0.         0.         0.         0.         0.         0.         0.         0.         0.         0.         0.         0.         0.9229992  0.02363585 0.01331443 0.        ],[0. 0. 0. 0. 1. 0. 0. 0. 0. 1. 0. 0. 0. 0. 0. 0. 0. 0. 0. 0. 0. 0. 0. 0. 0. 0. 0. 1. 1. 1. 0.],5.0,1000,30,0.6,10,1,5,,problem_solving
460,0.021657412412463783,0.0026154297304836344,0.4,10.649118487460054,[0.         0.         0.         0.         0.02159542 0.         0.         0.         0.         0.0184551  0.         0.         0.         0.         0.         0.         0.         0.         0.         0.         0.         0.         0.         0.         0.         0.         0.         0.9229992  0.02363585 0.01331443 0.        ],[0. 0. 0. 0. 1. 0. 0. 0. 0. 1. 0. 0. 0. 0. 0. 0. 0. 0. 0. 0. 0. 0. 0. 0. 0. 0. 0. 1. 1. 1. 0.],5.0,1000,30,0.6,10,1,5,,problem_solving
470,0.021657412412463783,0.0026154297304836344,0.4,14.804268687694755,[0.         0.         0.         0.         0.02159542 0.         0.         0.         0.         0.0184551  0.         0.         0.         0.         0.         0.         0.         0.         0.         0.         0.         0.         0.         0.         0.         0.         0.         0.9229992  0.02363585 0.01331443 0.        ],[0. 0. 0. 0. 1. 0. 0. 0. 0. 1. 0. 0. 0. 0. 0. 0. 0. 0. 0. 0. 0. 0. 0. 0. 0. 0. 0. 1. 1. 1. 0.],5.0,1000,30,0.6,10,1,5,,problem_solving
480,0.021657412412463783,0.0026154297304836344,0.4,-9.858098369158983,[0.         0.         0.         0.         0.02159542 0.         0.         0.         0.         0.0184551  0.         0.         0.         0.         0.         0.         0.         0.         0.         0.         0.         0.         0.         0.         0.         0.         0.         0.9229992  0.02363585 0.01331443 0.        ],[0. 0. 0. 0. 1. 0. 0. 0. 0. 1. 0. 0. 0. 0. 0. 0. 0. 0. 0. 0. 0. 0. 0. 0. 0. 0. 0. 1. 1. 1. 0.],5.0,1000,30,0.6,10,1,5,,problem_solving
490,0.021517130227348327,0.01017092366596733,0.4,-0.9295553784484507,[0.         0.         0.         0.         0.91880042 0.         0.         0.         0.         0.         0.         0.         0.         0.         0.02308969 0.         0.         0.01508375 0.         0.         0.         0.02132022 0.         0.         0.         0.         0.         0.02170593 0.         0.         0.        ],[0. 0. 0. 0. 1. 0. 0. 0. 0. 0. 0. 0. 0. 0. 1. 0. 0. 1. 0. 0. 0. 1. 0. 0. 0. 0. 0. 1. 0. 0. 0.],5.0,1000,30,0.6,10,1,5,,problem_solving
500,0.021517130227348327,0.01017092366596733,0.4,-13.99295021761433,[0.         0.         0.         0.         0.91880042 0.         0.         0.         0.         0.         0.         0.         0.         0.         0.02308969 0.         0.         0.01508375 0.         0.         0.         0.02132022 0.         0.         0.         0.         0.         0.02170593 0.         0.         0.        ],[0. 0. 0. 0. 1. 0. 0. 0. 0. 0. 0. 0. 0. 0. 1. 0. 0. 1. 0. 0. 0. 1. 0. 0. 0. 0. 0. 1. 0. 0. 0.],5.0,1000,30,0.6,10,1,5,,problem_solving
510,0.021517130227348327,0.01017092366596733,0.4,-23.838977234754527,[0.         0.         0.         0.         0.91880042 0.         0.         0.         0.         0.         0.         0.         0.         0.         0.02308969 0.         0.         0.01508375 0.         0.         0.         0.02132022 0.         0.         0.         0.         0.         0.02170593 0.         0.         0.        ],[0. 0. 0. 0. 1. 0. 0. 0. 0. 0. 0. 0. 0. 0. 1. 0. 0. 1. 0. 0. 0. 1. 0. 0. 0. 0. 0. 1. 0. 0. 0.],5.0,1000,30,0.6,10,1,5,,problem_solving
520,0.021517130227348327,0.01017092366596733,0.4,5.5959490041920095,[0.         0.         0.         0.         0.91880042 0.         0.         0.         0.         0.         0.         0.         0.         0.         0.02308969 0.         0.         0.01508375 0.         0.         0.         0.02132022 0.         0.         0.         0.         0.         0.02170593 0.         0.         0.        ],[0. 0. 0. 0. 1. 0. 0. 0. 0. 0. 0. 0. 0. 0. 1. 0. 0. 1. 0. 0. 0. 1. 0. 0. 0. 0. 0. 1. 0. 0. 0.],5.0,1000,30,0.6,10,1,5,,problem_solving
530,0.021517130227348327,0.01017092366596733,0.4,7.835721369509746,[0.         0.         0.         0.         0.91880042 0.         0.         0.         0.         0.         0.         0.         0.         0.         0.02308969 0.         0.         0.01508375 0.         0.         0.         0.02132022 0.         0.         0.         0.         0.         0.02170593 0.         0.         0.        ],[0. 0. 0. 0. 1. 0. 0. 0. 0. 0. 0. 0. 0. 0. 1. 0. 0. 1. 0. 0. 0. 1. 0. 0. 0. 0. 0. 1. 0. 0. 0.],5.0,1000,30,0.6,10,1,5,,problem_solving
540,0.021517130227348327,0.01017092366596733,0.4,2.4718838450746143,[0.         0.         0.         0.         0.91880042 0.         0.         0.         0.         0.         0.         0.         0.         0.         0.02308969 0.         0.         0.01508375 0.         0.         0.         0.02132022 0.         0.         0.         0.         0.         0.02170593 0.         0.         0.        ],[0. 0. 0. 0. 1. 0. 0. 0. 0. 0. 0. 0. 0. 0. 1. 0. 0. 1. 0. 0. 0. 1. 0. 0. 0. 0. 0. 1. 0. 0. 0.],5.0,1000,30,0.6,10,1,5,,problem_solving
550,0.021517130227348327,0.01017092366596733,0.4,-23.2767482607143,[0.         0.         0.         0.         0.91880042 0.         0.         0.         0.         0.         0.         0.         0.         0.         0.02308969 0.         0.         0.01508375 0.         0.         0.         0.02132022 0.         0.         0.         0.         0.         0.02170593 0.         0.         0.        ],[0. 0. 0. 0. 1. 0. 0. 0. 0. 0. 0. 0. 0. 0. 1. 0. 0. 1. 0. 0. 0. 1. 0. 0. 0. 0. 0. 1. 0. 0. 0.],5.0,1000,30,0.6,10,1,5,,problem_solving
560,0.021517130227348327,0.01017092366596733,0.4,3.2494127619261026,[0.         0.         0.         0.         0.91880042 0.         0.         0.         0.         0.         0.         0.         0.         0.         0.02308969 0.         0.         0.01508375 0.         0.         0.         0.02132022 0.         0.         0.         0.         0.         0.02170593 0.         0.         0.        ],[0. 0. 0. 0. 1. 0. 0. 0. 0. 0. 0. 0. 0. 0. 1. 0. 0. 1. 0. 0. 0. 1. 0. 0. 0. 0. 0. 1. 0. 0. 0.],5.0,1000,30,0.6,10,1,5,,problem_solving
570,0.021517130227348327,0.01017092366596733,0.4,-18.313180389625522,[0.         0.         0.         0.         0.91880042 0.         0.         0.         0.         0.         0.         0.         0.         0.         0.02308969 0.         0.         0.01508375 0.         0.         0.         0.02132022 0.         0.         0.         0.         0.         0.02170593 0.         0.         0.        ],[0. 0. 0. 0. 1. 0. 0. 0. 0. 0. 0. 0. 0. 0. 1. 0. 0. 1. 0. 0. 0. 1. 0. 0. 0. 0. 0. 1. 0. 0. 0.],5.0,1000,30,0.6,10,1,5,,problem_solving
580,0.021517130227348327,0.01017092366596733,0.4,8.989291503333462,[0.         0.         0.         0.         0.91880042 0.         0.         0.         0.         0.         0.         0.         0.         0.         0.02308969 0.         0.         0.01508375 0.         0.         0.         0.02132022 0.         0.         0.         0.         0.         0.02170593 0.         0.         0.        ],[0. 0. 0. 0. 1. 0. 0. 0. 0. 0. 0. 0. 0. 0. 1. 0. 0. 1. 0. 0. 0. 1. 0. 0. 0. 0. 0. 1. 0. 0. 0.],5.0,1000,30,0.6,10,1,5,,problem_solving
590,0.021517130227348327,0.01017092366596733,0.4,2.1484051521541465,[0.         0.         0.         0.         0.91880042 0.         0.         0.         0.         0.         0.         0.         0.         0.         0.02308969 0.         0.         0.01508375 0.         0.         0.         0.02132022 0.         0.         0.         0.         0.         0.02170593 0.         0.         0.        ],[0. 0. 0. 0. 1. 0. 0. 0. 0. 0. 0. 0. 0. 0. 1. 0. 0. 1. 0. 0. 0. 1. 0. 0. 0. 0. 0. 1. 0. 0. 0.],5.0,1000,30,0.6,10,1,5,,problem_solving
600,0.021517130227348327,0.01017092366596733,0.4,-9.731711063811847,[0.         0.         0.         0.         0.91880042 0.         0.         0.         0.         0.         0.         0.         0.         0.         0.02308969 0.         0.         0.01508375 0.         0.         0.         0.02132022 0.         0.         0.         0.         0.         0.02170593 0.         0.         0.        ],[0. 0. 0. 0. 1. 0. 0. 0. 0. 0. 0. 0. 0. 0. 1. 0. 0. 1. 0. 0. 0. 1. 0. 0. 0. 0. 0. 1. 0. 0. 0.],5.0,1000,30,0.6,10,1,5,,problem_solving
610,0.021517130227348327,0.01017092366596733,0.4,2.5218125513605867,[0.         0.         0.         0.         0.91880042 0.         0.         0.         0.         0.         0.         0.         0.         0.         0.02308969 0.         0.         0.01508375 0.         0.         0.         0.02132022 0.         0.         0.         0.         0.         0.02170593 0.         0.         0.        ],[0. 0. 0. 0. 1. 0. 0. 0. 0. 0. 0. 0. 0. 0. 1. 0. 0. 1. 0. 0. 0. 1. 0. 0. 0. 0. 0. 1. 0. 0. 0.],5.0,1000,30,0.6,10,1,5,,problem_solving
620,0.021517130227348327,0.01017092366596733,0.4,3.766393003205384,[0.         0.         0.         0.         0.91880042 0.         0.         0.         0.         0.         0.         0.         0.         0.         0.02308969 0.         0.         0.01508375 0.         0.         0.         0.02132022 0.         0.         0.         0.         0.         0.02170593 0.         0.         0.        ],[0. 0. 0. 0. 1. 0. 0. 0. 0. 0. 0. 0. 0. 0. 1. 0. 0. 1. 0. 0. 0. 1. 0. 0. 0. 0. 0. 1. 0. 0. 0.],5.0,1000,30,0.6,10,1,5,,problem_solving
630,0.021517130227348327,0.01017092366596733,0.4,-0.7105857065584753,[0.         0.         0.         0.         0.91880042 0.         0.         0.         0.         0.         0.         0.         0.         0.         0.02308969 0.         0.         0.01508375 0.         0.         0.         0.02132022 0.         0.         0.         0.         0.         0.02170593 0.         0.         0.        ],[0. 0. 0. 0. 1. 0. 0. 0. 0. 0. 0. 0. 0. 0. 1. 0. 0. 1. 0. 0. 0. 1. 0. 0. 0. 0. 0. 1. 0. 0. 0.],5.0,1000,30,0.6,10,1,5,,problem_solving
640,0.021517130227348327,0.01017092366596733,0.4,4.865854483774083,[0.         0.         0.         0.         0.91880042 0.         0.         0.         0.         0.         0.         0.         0.         0.         0.02308969 0.         0.         0.01508375 0.         0.         0.         0.02132022 0.         0.         0.         0.         0.         0.02170593 0.         0.         0.        ],[0. 0. 0. 0. 1. 0. 0. 0. 0. 0. 0. 0. 0. 0. 1. 0. 0. 1. 0. 0. 0. 1. 0. 0. 0. 0. 0. 1. 0. 0. 0.],5.0,1000,30,0.6,10,1,5,,problem_solving
650,0.021517130227348327,0.01017092366596733,0.4,8.014902290548765,[0.         0.         0.         0.         0.91880042 0.         0.         0.         0.         0.         0.         0.         0.         0.         0.02308969 0.         0.         0.01508375 0.         0.         0.         0.02132022 0.         0.         0.         0.         0.         0.02170593 0.         0.         0.        ],[0. 0. 0. 0. 1. 0. 0. 0. 0. 0. 0. 0. 0. 0. 1. 0. 0. 1. 0. 0. 0. 1. 0. 0. 0. 0. 0. 1. 0. 0. 0.],5.0,1000,30,0.6,10,1,5,,problem_solving
660,0.021517130227348327,0.01017092366596733,0.4,-7.4957606965637416,[0.         0.         0.         0.         0.91880042 0.         0.         0.         0.         0.         0.         0.         0.         0.         0.02308969 0.         0.         0.01508375 0.         0.         0.         0.02132022 0.         0.         0.         0.         0.         0.02170593 0.         0.         0.        ],[0. 0. 0. 0. 1. 0. 0. 0. 0. 0. 0. 0. 0. 0. 1. 0. 0. 1. 0. 0. 0. 1. 0. 0. 0. 0. 0. 1. 0. 0. 0.],5.0,1000,30,0.6,10,1,5,,problem_solving
670,0.021517130227348327,0.01017092366596733,0.4,-7.980969891121407,[0.         0.         0.         0.         0.91880042 0.         0.         0.         0.         0.         0.         0.         0.         0.         0.02308969 0.         0.         0.01508375 0.         0.         0.         0.02132022 0.         0.         0.         0.         0.         0.02170593 0.         0.         0.        ],[0. 0. 0. 0. 1. 0. 0. 0. 0. 0. 0. 0. 0. 0. 1. 0. 0. 1. 0. 0. 0. 1. 0. 0. 0. 0. 0. 1. 0. 0. 0.],5.0,1000,30,0.6,10,1,5,,problem_solving
680,0.021517130227348327,0.01017092366596733,0.4,-17.030996144659948,[0.         0.         0.         0.         0.91880042 0.         0.         0.         0.         0.         0.         0.         0.         0.         0.02308969 0.         0.         0.01508375 0.         0.         0.         0.02132022 0.         0.         0.         0.         0.         0.02170593 0.         0.         0.        ],[0. 0. 0. 0. 1. 0. 0. 0. 0. 0. 0. 0. 0. 0. 1. 0. 0. 1. 0. 0. 0. 1. 0. 0. 0. 0. 0. 1. 0. 0. 0.],5.0,1000,30,0.6,10,1,5,,problem_solving
690,0.021517130227348327,0.01017092366596733,0.4,5.812232173873849,[0.         0.         0.         0.         0.91880042 0.         0.         0.         0.         0.         0.         0.         0.         0.         0.02308969 0.         0.         0.01508375 0.         0.         0.         0.02132022 0.         0.         0.         0.         0.         0.02170593 0.         0.         0.        ],[0. 0. 0. 0. 1. 0. 0. 0. 0. 0. 0. 0. 0. 0. 1. 0. 0. 1. 0. 0. 0. 1. 0. 0. 0. 0. 0. 1. 0. 0. 0.],5.0,1000,30,0.6,10,1,5,,problem_solving
700,0.021517130227348327,0.01017092366596733,0.4,2.949019612242175,[0.         0.         0.         0.         0.91880042 0.         0.         0.         0.         0.         0.         0.         0.         0.         0.02308969 0.         0.         0.01508375 0.         0.         0.         0.02132022 0.         0.         0.         0.         0.         0.02170593 0.         0.         0.        ],[0. 0. 0. 0. 1. 0. 0. 0. 0. 0. 0. 0. 0. 0. 1. 0. 0. 1. 0. 0. 0. 1. 0. 0. 0. 0. 0. 1. 0. 0. 0.],5.0,1000,30,0.6,10,1,5,,problem_solving
710,0.018689682518350438,0.0025822489856533607,0.4,7.935719114118546,[0.         0.         0.         0.         0.         0.         0.         0.         0.01860202 0.         0.         0.02414985 0.         0.         0.         0.         0.         0.         0.0196159  0.01146463 0.         0.         0.         0.         0.         0.         0.         0.9261676  0.         0.         0.        ],[0. 0. 0. 0. 0. 0. 0. 0. 1. 0. 0. 1. 0. 0. 0. 0. 0. 0. 1. 1. 0. 0. 0. 0. 0. 0. 0. 1. 0. 0. 0.],5.0,1000,30,0.6,10,1,5,,problem_solving
720,0.018689682518350438,0.0025822489856533607,0.4,-11.496127047989692,[0.         0.         0.         0.         0.         0.         0.         0.         0.01860202 0.         0.         0.02414985 0.         0.         0.         0.         0.         0.         0.0196159  0.01146463 0.         0.         0.         0.         0.         0.         0.         0.9261676  0.         0.         0.        ],[0. 0. 0. 0. 0. 0. 0. 0. 1. 0. 0. 1. 0. 0. 0. 0. 0. 0. 1. 1. 0. 0. 0. 0. 0. 0. 0. 1. 0. 0. 0.],5.0,1000,30,0.6,10,1,5,,problem_solving
730,0.018689682518350438,0.0025822489856533607,0.4,8.819704215747997,[0.         0.         0.         0.         0.         0.         0.         0.         0.01860202 0.         0.         0.02414985 0.         0.         0.         0.         0.         0.         0.0196159  0.01146463 0.         0.         0.         0.         0.         0.         0.         0.9261676  0.         0.         0.        ],[0. 0. 0. 0. 0. 0. 0. 0. 1. 0. 0. 1. 0. 0. 0. 0. 0. 0. 1. 1. 0. 0. 0. 0. 0. 0. 0. 1. 0. 0. 0.],5.0,1000,30,0.6,10,1,5,,problem_solving
740,0.018689682518350438,0.0025822489856533607,0.4,10.951561521832094,[0.         0.         0.         0.         0.         0.         0.         0.         0.01860202 0.         0.         0.02414985 0.         0.         0.         0.         0.         0.         0.0196159  0.01146463 0.         0.         0.         0.         0.         0.         0.         0.9261676  0.         0.         0.        ],[0. 0. 0. 0. 0. 0. 0. 0. 1. 0. 0. 1. 0. 0. 0. 0. 0. 0. 1. 1. 0. 0. 0. 0. 0. 0. 0. 1. 0. 0. 0.],5.0,1000,30,0.6,10,1,5,,problem_solving
750,0.018689682518350438,0.0025822489856533607,0.4,-8.353849903875192,[0.         0.         0.         0.         0.         0.         0.         0.         0.01860202 0.         0.         0.02414985 0.         0.         0.         0.         0.         0.         0.0196159  0.01146463 0.         0.         0.         0.         0.         0.         0.         0.9261676  0.         0.         0.        ],[0. 0. 0. 0. 0. 0. 0. 0. 1. 0. 0. 1. 0. 0. 0. 0. 0. 0. 1. 1. 0. 0. 0. 0. 0. 0. 0. 1. 0. 0. 0.],5.0,1000,30,0.6,10,1,5,,problem_solving
760,0.018689682518350438,0.0025822489856533607,0.4,16.043083483309935,[0.         0.         0.         0.         0.         0.         0.         0.         0.01860202 0.         0.         0.02414985 0.         0.         0.         0.         0.         0.         0.0196159  0.01146463 0.         0.         0.         0.         0.         0.         0.         0.9261676  0.         0.         0.        ],[0. 0. 0. 0. 0. 0. 0. 0. 1. 0. 0. 1. 0. 0. 0. 0. 0. 0. 1. 1. 0. 0. 0. 0. 0. 0. 0. 1. 0. 0. 0.],5.0,1000,30,0.6,10,1,5,,problem_solving
770,0.018689682518350438,0.0025822489856533607,0.4,5.554973444744115,[0.         0.         0.         0.         0.         0.         0.         0.         0.01860202 0.         0.         0.02414985 0.         0.         0.         0.         0.         0.         0.0196159  0.01146463 0.         0.         0.         0.         0.         0.         0.         0.9261676  0.         0.         0.        ],[0. 0. 0. 0. 0. 0. 0. 0. 1. 0. 0. 1. 0. 0. 0. 0. 0. 0. 1. 1. 0. 0. 0. 0. 0. 0. 0. 1. 0. 0. 0.],5.0,1000,30,0.6,10,1,5,,problem_solving
780,0.018689682518350438,0.0025822489856533607,0.4,-13.334013525999616,[0.         0.         0.         0.         0.         0.         0.         0.         0.01860202 0.         0.         0.02414985 0.         0.         0.         0.         0.         0.         0.0196159  0.01146463 0.         0.         0.         0.         0.         0.         0.         0.9261676  0.         0.         0.        ],[0. 0. 0. 0. 0. 0. 0. 0. 1. 0. 0. 1. 0. 0. 0. 0. 0. 0. 1. 1. 0. 0. 0. 0. 0. 0. 0. 1. 0. 0. 0.],5.0,1000,30,0.6,10,1,5,,problem_solving
790,0.018689682518350438,0.0025822489856533607,0.4,3.17642485518389,[0.         0.         0.         0.         0.         0.         0.         0.         0.01860202 0.         0.         0.02414985 0.         0.         0.         0.         0.         0.         0.0196159  0.01146463 0.         0.         0.         0.         0.         0.         0.         0.9261676  0.         0.         0.        ],[0. 0. 0. 0. 0. 0. 0. 0. 1. 0. 0. 1. 0. 0. 0. 0. 0. 0. 1. 1. 0. 0. 0. 0. 0. 0. 0. 1. 0. 0. 0.],5.0,1000,30,0.6,10,1,5,,problem_solving
800,0.018689682518350438,0.0025822489856533607,0.4,-5.7049052690083135,[0.         0.         0.         0.         0.         0.         0.         0.         0.01860202 0.         0.         0.02414985 0.         0.         0.         0.         0.         0.         0.0196159  0.01146463 0.         0.         0.         0.         0.         0.         0.         0.9261676  0.         0.         0.        ],[0. 0. 0. 0. 0. 0. 0. 0. 1. 0. 0. 1. 0. 0. 0. 0. 0. 0. 1. 1. 0. 0. 0. 0. 0. 0. 0. 1. 0. 0. 0.],5.0,1000,30,0.6,10,1,5,,problem_solving
810,0.018689682518350438,0.0025822489856533607,0.4,8.554177323065494,[0.         0.         0.         0.         0.         0.         0.         0.         0.01860202 0.         0.         0.02414985 0.         0.         0.         0.         0.         0.         0.0196159  0.01146463 0.         0.         0.         0.         0.         0.         0.         0.9261676  0.         0.         0.        ],[0. 0. 0. 0. 0. 0. 0. 0. 1. 0. 0. 1. 0. 0. 0. 0. 0. 0. 1. 1. 0. 0. 0. 0. 0. 0. 0. 1. 0. 0. 0.],5.0,1000,30,0.6,10,1,5,,problem_solving
820,0.018689682518350438,0.0025822489856533607,0.4,-5.254746178451307,[0.         0.         0.         0.         0.         0.         0.         0.         0.01860202 0.         0.         0.02414985 0.         0.         0.         0.         0.         0.         0.0196159  0.01146463 0.         0.         0.         0.         0.         0.         0.         0.9261676  0.         0.         0.        ],[0. 0. 0. 0. 0. 0. 0. 0. 1. 0. 0. 1. 0. 0. 0. 0. 0. 0. 1. 1. 0. 0. 0. 0. 0. 0. 0. 1. 0. 0. 0.],5.0,1000,30,0.6,10,1,5,,problem_solving
830,0.018689682518350438,0.0025822489856533607,0.4,-14.950993453301054,[0.         0.         0.         0.         0.         0.         0.         0.         0.01860202 0.         0.         0.02414985 0.         0.         0.         0.         0.         0.         0.0196159  0.01146463 0.         0.         0.         0.         0.         0.         0.         0.9261676  0.         0.         0.        ],[0. 0. 0. 0. 0. 0. 0. 0. 1. 0. 0. 1. 0. 0. 0. 0. 0. 0. 1. 1. 0. 0. 0. 0. 0. 0. 0. 1. 0. 0. 0.],5.0,1000,30,0.6,10,1,5,,problem_solving
840,0.018689682518350438,0.0025822489856533607,0.4,-9.49873351706636,[0.         0.         0.         0.         0.         0.         0.         0.         0.01860202 0.         0.         0.02414985 0.         0.         0.         0.         0.         0.         0.0196159  0.01146463 0.         0.         0.         0.         0.         0.         0.         0.9261676  0.         0.         0.        ],[0. 0. 0. 0. 0. 0. 0. 0. 1. 0. 0. 1. 0. 0. 0. 0. 0. 0. 1. 1. 0. 0. 0. 0. 0. 0. 0. 1. 0. 0. 0.],5.0,1000,30,0.6,10,1,5,,problem_solving
850,0.018689682518350438,0.0025822489856533607,0.4,9.593941507811024,[0.         0.         0.         0.         0.         0.         0.         0.         0.01860202 0.         0.         0.02414985 0.         0.         0.         0.         0.         0.         0.0196159  0.01146463 0.         0.         0.         0.         0.         0.         0.         0.9261676  0.         0.         0.        ],[0. 0. 0. 0. 0. 0. 0. 0. 1. 0. 0. 1. 0. 0. 0. 0. 0. 0. 1. 1. 0. 0. 0. 0. 0. 0. 0. 1. 0. 0. 0.],5.0,1000,30,0.6,10,1,5,,problem_solving
860,0.018689682518350438,0.0025822489856533607,0.4,-1.3194339636599284,[0.         0.         0.         0.         0.         0.         0.         0.         0.01860202 0.         0.         0.02414985 0.         0.         0.         0.         0.         0.         0.0196159  0.01146463 0.         0.         0.         0.         0.         0.         0.         0.9261676  0.         0.         0.        ],[0. 0. 0. 0. 0. 0. 0. 0. 1. 0. 0. 1. 0. 0. 0. 0. 0. 0. 1. 1. 0. 0. 0. 0. 0. 0. 0. 1. 0. 0. 0.],5.0,1000,30,0.6,10,1,5,,problem_solving
870,0.018689682518350438,0.0025822489856533607,0.4,-9.522906275790085,[0.         0.         0.         0.         0.         0.         0.         0.         0.01860202 0.         0.         0.02414985 0.         0.         0.         0.         0.         0.         0.0196159  0.01146463 0.         0.         0.         0.         0.         0.         0.         0.9261676  0.         0.         0.        ],[0. 0. 0. 0. 0. 0. 0. 0. 1. 0. 0. 1. 0. 0. 0. 0. 0. 0. 1. 1. 0. 0. 0. 0. 0. 0. 0. 1. 0. 0. 0.],5.0,1000,30,0.6,10,1,5,,problem_solving
880,0.018689682518350438,0.0025822489856533607,0.4,-7.218412068875204,[0.         0.         0.         0.         0.         0.         0.         0.         0.01860202 0.         0.         0.02414985 0.         0.         0.         0.         0.         0.         0.0196159  0.01146463 0.         0.         0.         0.         0.         0.         0.         0.9261676  0.         0.         0.        ],[0. 0. 0. 0. 0. 0. 0. 0. 1. 0. 0. 1. 0. 0. 0. 0. 0. 0. 1. 1. 0. 0. 0. 0. 0. 0. 0. 1. 0. 0. 0.],5.0,1000,30,0.6,10,1,5,,problem_solving
890,0.018689682518350438,0.0025822489856533607,0.4,6.124455119260688,[0.         0.         0.         0.         0.         0.         0.         0.         0.01860202 0.         0.         0.02414985 0.         0.         0.         0.         0.         0.         0.0196159  0.01146463 0.         0.         0.         0.         0.         0.         0.         0.9261676  0.         0.         0.        ],[0. 0. 0. 0. 0. 0. 0. 0. 1. 0. 0. 1. 0. 0. 0. 0. 0. 0. 1. 1. 0. 0. 0. 0. 0. 0. 0. 1. 0. 0. 0.],5.0,1000,30,0.6,10,1,5,,problem_solving
900,0.018689682518350438,0.0025822489856533607,0.4,-7.697648072682095,[0.         0.         0.         0.         0.         0.         0.         0.         0.01860202 0.         0.         0.02414985 0.         0.         0.         0.         0.         0.         0.0196159  0.01146463 0.         0.         0.         0.         0.         0.         0.         0.9261676  0.         0.         0.        ],[0. 0. 0. 0. 0. 0. 0. 0. 1. 0. 0. 1. 0. 0. 0. 0. 0. 0. 1. 1. 0. 0. 0. 0. 0. 0. 0. 1. 0. 0. 0.],5.0,1000,30,0.6,10,1,5,,problem_solving
910,0.018689682518350438,0.0025822489856533607,0.4,-5.675083292176924,[0.         0.         0.         0.         0.         0.         0.         0.         0.01860202 0.         0.         0.02414985 0.         0.         0.         0.         0.         0.         0.0196159  0.01146463 0.         0.         0.         0.         0.         0.         0.         0.9261676  0.         0.         0.        ],[0. 0. 0. 0. 0. 0. 0. 0. 1. 0. 0. 1. 0. 0. 0. 0. 0. 0. 1. 1. 0. 0. 0. 0. 0. 0. 0. 1. 0. 0. 0.],5.0,1000,30,0.6,10,1,5,,problem_solving
920,0.018689682518350438,0.0025822489856533607,0.4,29.49585266080069,[0.         0.         0.         0.         0.         0.         0.         0.         0.01860202 0.         0.         0.02414985 0.         0.         0.         0.         0.         0.         0.0196159  0.01146463 0.         0.         0.         0.         0.         0.         0.         0.9261676  0.         0.         0.        ],[0. 0. 0. 0. 0. 0. 0. 0. 1. 0. 0. 1. 0. 0. 0. 0. 0. 0. 1. 1. 0. 0. 0. 0. 0. 0. 0. 1. 0. 0. 0.],5.0,1000,30,0.6,10,1,5,,problem_solving
930,0.018689682518350438,0.0025822489856533607,0.4,-22.55443286346519,[0.         0.         0.         0.         0.         0.         0.         0.         0.01860202 0.         0.         0.02414985 0.         0.         0.         0.         0.         0.         0.0196159  0.01146463 0.         0.         0.         0.         0.         0.         0.         0.9261676  0.         0.         0.        ],[0. 0. 0. 0. 0. 0. 0. 0. 1. 0. 0. 1. 0. 0. 0. 0. 0. 0. 1. 1. 0. 0. 0. 0. 0. 0. 0. 1. 0. 0. 0.],5.0,1000,30,0.6,10,1,5,,problem_solving
940,0.018689682518350438,0.0025822489856533607,0.4,13.388939217450062,[0.         0.         0.         0.         0.         0.         0.         0.         0.01860202 0.         0.         0.02414985 0.         0.         0.         0.         0.         0.         0.0196159  0.01146463 0.         0.         0.         0.         0.         0.         0.         0.9261676  0.         0.         0.        ],[0. 0. 0. 0. 0. 0. 0. 0. 1. 0. 0. 1. 0. 0. 0. 0. 0. 0. 1. 1. 0. 0. 0. 0. 0. 0. 0. 1. 0. 0. 0.],5.0,1000,30,0.6,10,1,5,,problem_solving
950,0.018689682518350438,0.0025822489856533607,0.4,4.912841106645717,[0.         0.         0.         0.         0.         0.         0.         0.         0.01860202 0.         0.         0.02414985 0.         0.         0.         0.         0.         0.         0.0196159  0.01146463 0.         0.         0.         0.         0.         0.         0.         0.9261676  0.         0.         0.        ],[0. 0. 0. 0. 0. 0. 0. 0. 1. 0. 0. 1. 0. 0. 0. 0. 0. 0. 1. 1. 0. 0. 0. 0. 0. 0. 0. 1. 0. 0. 0.],5.0,1000,30,0.6,10,1,5,,problem_solving
960,0.018689682518350438,0.0025822489856533607,0.4,10.141840352748217,[0.         0.         0.         0.         0.         0.         0.         0.         0.01860202 0.         0.         0.02414985 0.         0.         0.         0.         0.         0.         0.0196159  0.01146463 0.         0.         0.         0.         0.         0.         0.         0.9261676  0.         0.         0.        ],[0. 0. 0. 0. 0. 0. 0. 0. 1. 0. 0. 1. 0. 0. 0. 0. 0. 0. 1. 1. 0. 0. 0. 0. 0. 0. 0. 1. 0. 0. 0.],5.0,1000,30,0.6,10,1,5,,problem_solving
970,0.018689682518350438,0.0025822489856533607,0.4,-2.7790668207644478,[0.         0.         0.         0.         0.         0.         0.         0.         0.01860202 0.         0.         0.02414985 0.         0.         0.         0.         0.         0.         0.0196159  0.01146463 0.         0.         0.         0.         0.         0.         0.         0.9261676  0.         0.         0.        ],[0. 0. 0. 0. 0. 0. 0. 0. 1. 0. 0. 1. 0. 0. 0. 0. 0. 0. 1. 1. 0. 0. 0. 0. 0. 0. 0. 1. 0. 0. 0.],5.0,1000,30,0.6,10,1,5,,problem_solving
980,0.018689682518350438,0.0025822489856533607,0.4,-9.1514331277588,[0.         0.         0.         0.         0.         0.         0.         0.         0.01860202 0.         0.         0.02414985 0.         0.         0.         0.         0.         0.         0.0196159  0.01146463 0.         0.         0.         0.         0.         0.         0.         0.9261676  0.         0.         0.        ],[0. 0. 0. 0. 0. 0. 0. 0. 1. 0. 0. 1. 0. 0. 0. 0. 0. 0. 1. 1. 0. 0. 0. 0. 0. 0. 0. 1. 0. 0. 0.],5.0,1000,30,0.6,10,1,5,,problem_solving
990,0.018689682518350438,0.0025822489856533607,0.4,-2.146323413700006,[0.         0.         0.         0.         0.         0.         0.         0.         0.01860202 0.         0.         0.02414985 0.         0.         0.         0.         0.         0.         0.0196159  0.01146463 0.         0.         0.         0.         0.         0.         0.         0.9261676  0.         0.         0.        ],[0. 0. 0. 0. 0. 0. 0. 0. 1. 0. 0. 1. 0. 0. 0. 0. 0. 0. 1. 1. 0. 0. 0. 0. 0. 0. 0. 1. 0. 0. 0.],5.0,1000,30,0.6,10,1,5,,problem_solving
999,0.018689682518350438,0.0025822489856533607,0.4,3.246738218663328,[0.         0.         0.         0.         0.         0.         0.         0.         0.01860202 0.         0.         0.02414985 0.         0.         0.         0.         0.         0.         0.0196159  0.01146463 0.         0.         0.         0.         0.         0.         0.         0.9261676  0.         0.         0.        ],[0. 0. 0. 0. 0. 0. 0. 0. 1. 0. 0. 1. 0. 0. 0. 0. 0. 0. 1. 1. 0. 0. 0. 0. 0. 0. 0. 1. 0. 0. 0.],5.0,1000,30,0.6,10,1,5,,problem_solving
