iter,cost,return,par,move,X,Z,Q,max_iter,mem_size,mem_consider,sigma,port_n,k,seed,tag
1,0.1421132782791913,0.003824862629244253,0.4,9.680770821235708,[0.         0.         0.         0.         0.02077187 0.         0.         0.         0.01138634 0.         0.         0.         0.         0.         0.         0.         0.         0.         0.         0.         0.         0.         0.         0.         0.         0.         0.         0.91456981 0.         0.0383983  0.01487368],[0. 0. 0. 0. 1. 0. 0. 0. 1. 0. 0. 0. 0. 0. 0. 0. 0. 0. 0. 0. 0. 0. 0. 0. 0. 0. 0. 1. 0. 1. 1.],5.0,10000,30,0.6,10,1,5,,problem_solving
100,0.026249123470458255,0.0027087843444775915,0.4,-1.7054108596312383,[0.01311166 0.         0.         0.         0.         0.         0.         0.         0.         0.02142628 0.         0.         0.02356207 0.01067192 0.         0.         0.         0.         0.         0.         0.         0.         0.         0.         0.         0.93122808 0.         0.         0.         0.         0.        ],[1. 0. 0. 0. 0. 0. 0. 0. 0. 1. 0. 0. 1. 1. 0. 0. 0. 0. 0. 0. 0. 0. 0. 0. 0. 1. 0. 0. 0. 0. 0.],5.0,10000,30,0.6,10,1,5,,problem_solving
200,0.026249123470458255,0.0027087843444775915,0.4,6.908838413083622,[0.01311166 0.         0.         0.         0.         0.         0.         0.         0.         0.02142628 0.         0.         0.02356207 0.01067192 0.         0.         0.         0.         0.         0.         0.         0.         0.         0.         0.         0.93122808 0.         0.         0.         0.         0.        ],[1. 0. 0. 0. 0. 0. 0. 0. 0. 1. 0. 0. 1. 1. 0. 0. 0. 0. 0. 0. 0. 0. 0. 0. 0. 1. 0. 0. 0. 0. 0.],5.0,10000,30,0.6,10,1,5,,problem_solving
300,0.026249123470458255,0.0027087843444775915,0.4,-13.032966941311484,[0.01311166 0.         0.         0.         0.         0.         0.         0.         0.         0.02142628 0.         0.         0.02356207 0.01067192 0.         0.         0.         0.         0.         0.         0.         0.         0.         0.         0.         0.93122808 0.         0.         0.         0.         0.        ],[1. 0. 0. 0. 0. 0. 0. 0. 0. 1. 0. 0. 1. 1. 0. 0. 0. 0. 0. 0. 0. 0. 0. 0. 0. 1. 0. 0. 0. 0. 0.],5.0,10000,30,0.6,10,1,5,,problem_solving
400,0.026249123470458255,0.0027087843444775915,0.4,11.031481814271062,[0.01311166 0.         0.         0.         0.         0.         0.         0.         0.         0.02142628 0.         0.         0.02356207 0.01067192 0.         0.         0.         0.         0.         0.         0.         0.         0.         0.         0.         0.93122808 0.         0.         0.         0.         0.        ],[1. 0. 0. 0. 0. 0. 0. 0. 0. 1. 0. 0. 1. 1. 0. 0. 0. 0. 0. 0. 0. 0. 0. 0. 0. 1. 0. 0. 0. 0. 0.],5.0,10000,30,0.6,10,1,5,,problem_solving
500,0.026249123470458255,0.0027087843444775915,0.4,6.43056429749581,[0.01311166 0.         0.         0.         0.         0.         0.         0.         0.         0.02142628 0.         0.         0.02356207 0.01067192 0.         0.         0.         0.         0.         0.         0.         0.         0.         0.         0.         0.93122808 0.         0.         0.         0.         0.        ],[1. 0. 0. 0. 0. 0. 0. 0. 0. 1. 0. 0. 1. 1. 0. 0. 0. 0. 0. 0. 0. 0. 0. 0. 0. 1. 0. 0. 0. 0. 0.],5.0,10000,30,0.6,10,1,5,,problem_solving
600,0.026249123470458255,0.0027087843444775915,0.4,2.611429331624251,[0.01311166 0.         0.         0.         0.         0.         0.         0.         0.         0.02142628 0.         0.         0.02356207 0.01067192 0.         0.         0.         0.         0.         0.         0.         0.         0.         0.         0.         0.93122808 0.         0.         0.         0.         0.        ],[1. 0. 0. 0. 0. 0. 0. 0. 0. 1. 0. 0. 1. 1. 0. 0. 0. 0. 0. 0. 0. 0. 0. 0. 0. 1. 0. 0. 0. 0. 0.],5.0,10000,30,0.6,10,1,5,,problem_solving
700,0.026152124433361557,0.010164384520781644,0.4,1.2202916812172628,[0.         0.         0.         0.         0.03275575 0.         0.         0.         0.         0.01121773 0.         0.         0.         0.         0.         0.         0.         0.         0.         0.         0.         0.         0.         0.         0.         0.91801478 0.         0.02533305 0.01267869 0.         0.        ],[0. 0. 0. 0. 1. 0. 0. 0. 0. 1. 0. 0. 0. 0. 0. 0. 0. 0. 0. 0. 0. 0. 0. 0. 0. 1. 0. 1. 1. 0. 0.],5.0,10000,30,0.6,10,1,5,,problem_solving
800,0.026152124433361557,0.010164384520781644,0.4,15.329883537128211,[0.         0.         0.         0.         0.03275575 0.         0.         0.         0.         0.01121773 0.         0.         0.         0.         0.         0.         0.         0.         0.         0.         0.         0.         0.         0.         0.         0.91801478 0.         0.02533305 0.01267869 0.         0.        ],[0. 0. 0. 0. 1. 0. 0. 0. 0. 1. 0. 0. 0. 0. 0. 0. 0. 0. 0. 0. 0. 0. 0. 0. 0. 1. 0. 1. 1. 0. 0.],5.0,10000,30,0.6,10,1,5,,problem_solving
900,0.026152124433361557,0.010164384520781644,0.4,3.859410014973008,[0.         0.         0.         0.         0.03275575 0.         0.         0.         0.         0.01121773 0.         0.         0.         0.         0.         0.         0.         0.         0.         0.         0.         0.         0.         0.         0.         0.91801478 0.         0.02533305 0.01267869 0.         0.        ],[0. 0. 0. 0. 1. 0. 0. 0. 0. 1. 0. 0. 0. 0. 0. 0. 0. 0. 0. 0. 0. 0. 0. 0. 0. 1. 0. 1. 1. 0. 0.],5.0,10000,30,0.6,10,1,5,,problem_solving
1000,0.024980143079546803,0.002538751263801044,0.4,-7.435333977936871,[0.         0.         0.         0.         0.92312961 0.         0.         0.         0.         0.         0.02005267 0.         0.02379499 0.         0.         0.         0.         0.         0.         0.         0.         0.01086619 0.         0.         0.         0.         0.         0.02215654 0.         0.         0.        ],[0. 0. 0. 0. 1. 0. 0. 0. 0. 0. 1. 0. 1. 0. 0. 0. 0. 0. 0. 0. 0. 1. 0. 0. 0. 0. 0. 1. 0. 0. 0.],5.0,10000,30,0.6,10,1,5,,problem_solving
1100,0.024980143079546803,0.002538751263801044,0.4,-6.089365203534783,[0.         0.         0.         0.         0.92312961 0.         0.         0.         0.         0.         0.02005267 0.         0.02379499 0.         0.         0.         0.         0.         0.         0.         0.         0.01086619 0.         0.         0.         0.         0.         0.02215654 0.         0.         0.        ],[0. 0. 0. 0. 1. 0. 0. 0. 0. 0. 1. 0. 1. 0. 0. 0. 0. 0. 0. 0. 0. 1. 0. 0. 0. 0. 0. 1. 0. 0. 0.],5.0,10000,30,0.6,10,1,5,,problem_solving
1200,0.024980143079546803,0.002538751263801044,0.4,15.58895021181668,[0.         0.         0.         0.         0.92312961 0.         0.         0.         0.         0.         0.02005267 0.         0.02379499 0.         0.         0.         0.         0.         0.         0.         0.         0.01086619 0.         0.         0.         0.         0.         0.02215654 0.         0.         0.        ],[0. 0. 0. 0. 1. 0. 0. 0. 0. 0. 1. 0. 1. 0. 0. 0. 0. 0. 0. 0. 0. 1. 0. 0. 0. 0. 0. 1. 0. 0. 0.],5.0,10000,30,0.6,10,1,5,,problem_solving
1300,0.024980143079546803,0.002538751263801044,0.4,-7.852151381594247,[0.         0.         0.         0.         0.92312961 0.         0.         0.         0.         0.         0.02005267 0.         0.02379499 0.         0.         0.         0.         0.         0.         0.         0.         0.01086619 0.         0.         0.         0.         0.         0.02215654 0.         0.         0.        ],[0. 0. 0. 0. 1. 0. 0. 0. 0. 0. 1. 0. 1. 0. 0. 0. 0. 0. 0. 0. 0. 1. 0. 0. 0. 0. 0. 1. 0. 0. 0.],5.0,10000,30,0.6,10,1,5,,problem_solving
1400,0.017301931952067386,0.010412581557448437,0.4,3.0585008242057694,[0.01623382 0.         0.         0.01234045 0.9436439  0.         0.         0.         0.         0.         0.         0.         0.         0.         0.01063457 0.         0.         0.         0.         0.         0.         0.         0.         0.         0.         0.         0.         0.         0.         0.         0.01714726],[1. 0. 0. 1. 1. 0. 0. 0. 0. 0. 0. 0. 0. 0. 1. 0. 0. 0. 0. 0. 0. 0. 0. 0. 0. 0. 0. 0. 0. 0. 1.],5.0,10000,30,0.6,10,1,5,,problem_solving
1500,0.017301931952067386,0.010412581557448437,0.4,-4.327605531892651,[0.01623382 0.         0.         0.01234045 0.9436439  0.         0.         0.         0.         0.         0.         0.         0.         0.         0.01063457 0.         0.         0.         0.         0.         0.         0.         0.         0.         0.         0.         0.         0.         0.         0.         0.01714726],[1. 0. 0. 1. 1. 0. 0. 0. 0. 0. 0. 0. 0. 0. 1. 0. 0. 0. 0. 0. 0. 0. 0. 0. 0. 0. 0. 0. 0. 0. 1.],5.0,10000,30,0.6,10,1,5,,problem_solving
1600,0.017301931952067386,0.010412581557448437,0.4,-19.789542111648874,[0.01623382 0.         0.         0.01234045 0.9436439  0.         0.         0.         0.         0.         0.         0.         0.         0.         0.01063457 0.         0.         0.         0.         0.         0.         0.         0.         0.         0.         0.         0.         0.         0.         0.         0.01714726],[1. 0. 0. 1. 1. 0. 0. 0. 0. 0. 0. 0. 0. 0. 1. 0. 0. 0. 0. 0. 0. 0. 0. 0. 0. 0. 0. 0. 0. 0. 1.],5.0,10000,30,0.6,10,1,5,,problem_solving
1700,0.017301931952067386,0.010412581557448437,0.4,5.285970701714825,[0.01623382 0.         0.         0.01234045 0.9436439  0.         0.         0.         0.         0.         0.         0.         0.         0.         0.01063457 0.         0.         0.         0.         0.         0.         0.         0.         0.         0.         0.         0.         0.         0.         0.         0.01714726],[1. 0. 0. 1. 1. 0. 0. 0. 0. 0. 0. 0. 0. 0. 1. 0. 0. 0. 0. 0. 0. 0. 0. 0. 0. 0. 0. 0. 0. 0. 1.],5.0,10000,30,0.6,10,1,5,,problem_solving
1800,0.017301931952067386,0.010412581557448437,0.4,-7.267338737821943,[0.01623382 0.         0.         0.01234045 0.9436439  0.         0.         0.         0.         0.         0.         0.         0.         0.         0.01063457 0.         0.         0.         0.         0.         0.         0.         0.         0.         0.         0.         0.         0.         0.         0.         0.01714726],[1. 0. 0. 1. 1. 0. 0. 0. 0. 0. 0. 0. 0. 0. 1. 0. 0. 0. 0. 0. 0. 0. 0. 0. 0. 0. 0. 0. 0. 0. 1.],5.0,10000,30,0.6,10,1,5,,problem_solving
1900,0.017301931952067386,0.010412581557448437,0.4,-10.153458254005391,[0.01623382 0.         0.         0.01234045 0.9436439  0.         0.         0.         0.         0.         0.         0.         0.         0.         0.01063457 0.         0.         0.         0.         0.         0.         0.         0.         0.         0.         0.         0.         0.         0.         0.         0.01714726],[1. 0. 0. 1. 1. 0. 0. 0. 0. 0. 0. 0. 0. 0. 1. 0. 0. 0. 0. 0. 0. 0. 0. 0. 0. 0. 0. 0. 0. 0. 1.],5.0,10000,30,0.6,10,1,5,,problem_solving
2000,0.01490549205518043,0.0025442071802017005,0.4,-3.3640969765359,[0.01461214 0.         0.         0.         0.02122738 0.         0.         0.         0.         0.         0.         0.         0.         0.         0.         0.         0.         0.         0.         0.         0.         0.02110844 0.         0.         0.         0.02033643 0.         0.92271561 0.         0.         0.        ],[1. 0. 0. 0. 1. 0. 0. 0. 0. 0. 0. 0. 0. 0. 0. 0. 0. 0. 0. 0. 0. 1. 0. 0. 0. 1. 0. 1. 0. 0. 0.],5.0,10000,30,0.6,10,1,5,,problem_solving
2100,0.01490549205518043,0.0025442071802017005,0.4,0.4834699510114123,[0.01461214 0.         0.         0.         0.02122738 0.         0.         0.         0.         0.         0.         0.         0.         0.         0.         0.         0.         0.         0.         0.         0.         0.02110844 0.         0.         0.         0.02033643 0.         0.92271561 0.         0.         0.        ],[1. 0. 0. 0. 1. 0. 0. 0. 0. 0. 0. 0. 0. 0. 0. 0. 0. 0. 0. 0. 0. 1. 0. 0. 0. 1. 0. 1. 0. 0. 0.],5.0,10000,30,0.6,10,1,5,,problem_solving
2200,0.01490549205518043,0.0025442071802017005,0.4,-18.736349571580305,[0.01461214 0.         0.         0.         0.02122738 0.         0.         0.         0.         0.         0.         0.         0.         0.         0.         0.         0.         0.         0.         0.         0.         0.02110844 0.         0.         0.         0.02033643 0.         0.92271561 0.         0.         0.        ],[1. 0. 0. 0. 1. 0. 0. 0. 0. 0. 0. 0. 0. 0. 0. 0. 0. 0. 0. 0. 0. 1. 0. 0. 0. 1. 0. 1. 0. 0. 0.],5.0,10000,30,0.6,10,1,5,,problem_solving
2300,0.01490549205518043,0.0025442071802017005,0.4,-7.196440431555127,[0.01461214 0.         0.         0.         0.02122738 0.         0.         0.         0.         0.         0.         0.         0.         0.         0.         0.         0.         0.         0.         0.         0.         0.02110844 0.         0.         0.         0.02033643 0.         0.92271561 0.         0.         0.        ],[1. 0. 0. 0. 1. 0. 0. 0. 0. 0. 0. 0. 0. 0. 0. 0. 0. 0. 0. 0. 0. 1. 0. 0. 0. 1. 0. 1. 0. 0. 0.],5.0,10000,30,0.6,10,1,5,,problem_solving
2400,0.01490549205518043,0.0025442071802017005,0.4,-8.230371383047423,[0.01461214 0.         0.         0.         0.02122738 0.         0.         0.         0.         0.         0.         0.         0.         0.         0.         0.         0.         0.         0.         0.         0.         0.02110844 0.         0.         0.         0.02033643 0.         0.92271561 0.         0.         0.        ],[1. 0. 0. 0. 1. 0. 0. 0. 0. 0. 0. 0. 0. 0. 0. 0. 0. 0. 0. 0. 0. 1. 0. 0. 0. 1. 0. 1. 0. 0. 0.],5.0,10000,30,0.6,10,1,5,,problem_solving
2500,0.01490549205518043,0.0025442071802017005,0.4,-2.5104290082546448,[0.01461214 0.         0.         0.         0.02122738 0.         0.         0.         0.         0.         0.         0.         0.         0.         0.         0.         0.         0.         0.         0.         0.         0.02110844 0.         0.         0.         0.02033643 0.         0.92271561 0.         0.         0.        ],[1. 0. 0. 0. 1. 0. 0. 0. 0. 0. 0. 0. 0. 0. 0. 0. 0. 0. 0. 0. 0. 1. 0. 0. 0. 1. 0. 1. 0. 0. 0.],5.0,10000,30,0.6,10,1,5,,problem_solving
2600,0.01490549205518043,0.0025442071802017005,0.4,1.0006416553196025,[0.01461214 0.         0.         0.         0.02122738 0.         0.         0.         0.         0.         0.         0.         0.         0.         0.         0.         0.         0.         0.         0.         0.         0.02110844 0.         0.         0.         0.02033643 0.         0.92271561 0.         0.         0.        ],[1. 0. 0. 0. 1. 0. 0. 0. 0. 0. 0. 0. 0. 0. 0. 0. 0. 0. 0. 0. 0. 1. 0. 0. 0. 1. 0. 1. 0. 0. 0.],5.0,10000,30,0.6,10,1,5,,problem_solving
2700,0.01490549205518043,0.0025442071802017005,0.4,-3.604925989152542,[0.01461214 0.         0.         0.         0.02122738 0.         0.         0.         0.         0.         0.         0.         0.         0.         0.         0.         0.         0.         0.         0.         0.         0.02110844 0.         0.         0.         0.02033643 0.         0.92271561 0.         0.         0.        ],[1. 0. 0. 0. 1. 0. 0. 0. 0. 0. 0. 0. 0. 0. 0. 0. 0. 0. 0. 0. 0. 1. 0. 0. 0. 1. 0. 1. 0. 0. 0.],5.0,10000,30,0.6,10,1,5,,problem_solving
2800,0.01490549205518043,0.0025442071802017005,0.4,-5.92161970498406,[0.01461214 0.         0.         0.         0.02122738 0.         0.         0.         0.         0.         0.         0.         0.         0.         0.         0.         0.         0.         0.         0.         0.         0.02110844 0.         0.         0.         0.02033643 0.         0.92271561 0.         0.         0.        ],[1. 0. 0. 0. 1. 0. 0. 0. 0. 0. 0. 0. 0. 0. 0. 0. 0. 0. 0. 0. 0. 1. 0. 0. 0. 1. 0. 1. 0. 0. 0.],5.0,10000,30,0.6,10,1,5,,problem_solving
2900,0.01490549205518043,0.0025442071802017005,0.4,-5.42277235992354,[0.01461214 0.         0.         0.         0.02122738 0.         0.         0.         0.         0.         0.         0.         0.         0.         0.         0.         0.         0.         0.         0.         0.         0.02110844 0.         0.         0.         0.02033643 0.         0.92271561 0.         0.         0.        ],[1. 0. 0. 0. 1. 0. 0. 0. 0. 0. 0. 0. 0. 0. 0. 0. 0. 0. 0. 0. 0. 1. 0. 0. 0. 1. 0. 1. 0. 0. 0.],5.0,10000,30,0.6,10,1,5,,problem_solving
3000,0.01490549205518043,0.0025442071802017005,0.4,3.6559021049217395,[0.01461214 0.         0.         0.         0.02122738 0.         0.         0.         0.         0.         0.         0.         0.         0.         0.         0.         0.         0.         0.         0.         0.         0.02110844 0.         0.         0.         0.02033643 0.         0.92271561 0.         0.         0.        ],[1. 0. 0. 0. 1. 0. 0. 0. 0. 0. 0. 0. 0. 0. 0. 0. 0. 0. 0. 0. 0. 1. 0. 0. 0. 1. 0. 1. 0. 0. 0.],5.0,10000,30,0.6,10,1,5,,problem_solving
3100,0.01490549205518043,0.0025442071802017005,0.4,8.630134656850108,[0.01461214 0.         0.         0.         0.02122738 0.         0.         0.         0.         0.         0.         0.         0.         0.         0.         0.         0.         0.         0.         0.         0.         0.02110844 0.         0.         0.         0.02033643 0.         0.92271561 0.         0.         0.        ],[1. 0. 0. 0. 1. 0. 0. 0. 0. 0. 0. 0. 0. 0. 0. 0. 0. 0. 0. 0. 0. 1. 0. 0. 0. 1. 0. 1. 0. 0. 0.],5.0,10000,30,0.6,10,1,5,,problem_solving
3200,0.01490549205518043,0.0025442071802017005,0.4,5.175085545281931,[0.01461214 0.         0.         0.         0.02122738 0.         0.         0.         0.         0.         0.         0.         0.         0.         0.         0.         0.         0.         0.         0.         0.         0.02110844 0.         0.         0.         0.02033643 0.         0.92271561 0.         0.         0.        ],[1. 0. 0. 0. 1. 0. 0. 0. 0. 0. 0. 0. 0. 0. 0. 0. 0. 0. 0. 0. 0. 1. 0. 0. 0. 1. 0. 1. 0. 0. 0.],5.0,10000,30,0.6,10,1,5,,problem_solving
3300,0.01490549205518043,0.0025442071802017005,0.4,-8.019487306489491,[0.01461214 0.         0.         0.         0.02122738 0.         0.         0.         0.         0.         0.         0.         0.         0.         0.         0.         0.         0.         0.         0.         0.         0.02110844 0.         0.         0.         0.02033643 0.         0.92271561 0.         0.         0.        ],[1. 0. 0. 0. 1. 0. 0. 0. 0. 0. 0. 0. 0. 0. 0. 0. 0. 0. 0. 0. 0. 1. 0. 0. 0. 1. 0. 1. 0. 0. 0.],5.0,10000,30,0.6,10,1,5,,problem_solving
3400,0.01490549205518043,0.0025442071802017005,0.4,-10.079022258999483,[0.01461214 0.         0.         0.         0.02122738 0.         0.         0.         0.         0.         0.         0.         0.         0.         0.         0.         0.         0.         0.         0.         0.         0.02110844 0.         0.         0.         0.02033643 0.         0.92271561 0.         0.         0.        ],[1. 0. 0. 0. 1. 0. 0. 0. 0. 0. 0. 0. 0. 0. 0. 0. 0. 0. 0. 0. 0. 1. 0. 0. 0. 1. 0. 1. 0. 0. 0.],5.0,10000,30,0.6,10,1,5,,problem_solving
3500,0.01490549205518043,0.0025442071802017005,0.4,-0.13822703443422676,[0.01461214 0.         0.         0.         0.02122738 0.         0.         0.         0.         0.         0.         0.         0.         0.         0.         0.         0.         0.         0.         0.         0.         0.02110844 0.         0.         0.         0.02033643 0.         0.92271561 0.         0.         0.        ],[1. 0. 0. 0. 1. 0. 0. 0. 0. 0. 0. 0. 0. 0. 0. 0. 0. 0. 0. 0. 0. 1. 0. 0. 0. 1. 0. 1. 0. 0. 0.],5.0,10000,30,0.6,10,1,5,,problem_solving
3600,0.01490549205518043,0.0025442071802017005,0.4,8.040030217887825,[0.01461214 0.         0.         0.         0.02122738 0.         0.         0.         0.         0.         0.         0.         0.         0.         0.         0.         0.         0.         0.         0.         0.         0.02110844 0.         0.         0.         0.02033643 0.         0.92271561 0.         0.         0.        ],[1. 0. 0. 0. 1. 0. 0. 0. 0. 0. 0. 0. 0. 0. 0. 0. 0. 0. 0. 0. 0. 1. 0. 0. 0. 1. 0. 1. 0. 0. 0.],5.0,10000,30,0.6,10,1,5,,problem_solving
3700,0.01490549205518043,0.0025442071802017005,0.4,5.630946233309391,[0.01461214 0.         0.         0.         0.02122738 0.         0.         0.         0.         0.         0.         0.         0.         0.         0.         0.         0.         0.         0.         0.         0.         0.02110844 0.         0.         0.         0.02033643 0.         0.92271561 0.         0.         0.        ],[1. 0. 0. 0. 1. 0. 0. 0. 0. 0. 0. 0. 0. 0. 0. 0. 0. 0. 0. 0. 0. 1. 0. 0. 0. 1. 0. 1. 0. 0. 0.],5.0,10000,30,0.6,10,1,5,,problem_solving
3800,0.01490549205518043,0.0025442071802017005,0.4,4.790712334072456,[0.01461214 0.         0.         0.         0.02122738 0.         0.         0.         0.         0.         0.         0.         0.         0.         0.         0.         0.         0.         0.         0.         0.         0.02110844 0.         0.         0.         0.02033643 0.         0.92271561 0.         0.         0.        ],[1. 0. 0. 0. 1. 0. 0. 0. 0. 0. 0. 0. 0. 0. 0. 0. 0. 0. 0. 0. 0. 1. 0. 0. 0. 1. 0. 1. 0. 0. 0.],5.0,10000,30,0.6,10,1,5,,problem_solving
3900,0.01490549205518043,0.0025442071802017005,0.4,-19.65276765700701,[0.01461214 0.         0.         0.         0.02122738 0.         0.         0.         0.         0.         0.         0.         0.         0.         0.         0.         0.         0.         0.         0.         0.         0.02110844 0.         0.         0.         0.02033643 0.         0.92271561 0.         0.         0.        ],[1. 0. 0. 0. 1. 0. 0. 0. 0. 0. 0. 0. 0. 0. 0. 0. 0. 0. 0. 0. 0. 1. 0. 0. 0. 1. 0. 1. 0. 0. 0.],5.0,10000,30,0.6,10,1,5,,problem_solving
4000,0.01490549205518043,0.0025442071802017005,0.4,-7.302917858147291,[0.01461214 0.         0.         0.         0.02122738 0.         0.         0.         0.         0.         0.         0.         0.         0.         0.         0.         0.         0.         0.         0.         0.         0.02110844 0.         0.         0.         0.02033643 0.         0.92271561 0.         0.         0.        ],[1. 0. 0. 0. 1. 0. 0. 0. 0. 0. 0. 0. 0. 0. 0. 0. 0. 0. 0. 0. 0. 1. 0. 0. 0. 1. 0. 1. 0. 0. 0.],5.0,10000,30,0.6,10,1,5,,problem_solving
4100,0.01490549205518043,0.0025442071802017005,0.4,1.2748445955827312,[0.01461214 0.         0.         0.         0.02122738 0.         0.         0.         0.         0.         0.         0.         0.         0.         0.         0.         0.         0.         0.         0.         0.         0.02110844 0.         0.         0.         0.02033643 0.         0.92271561 0.         0.         0.        ],[1. 0. 0. 0. 1. 0. 0. 0. 0. 0. 0. 0. 0. 0. 0. 0. 0. 0. 0. 0. 0. 1. 0. 0. 0. 1. 0. 1. 0. 0. 0.],5.0,10000,30,0.6,10,1,5,,problem_solving
4200,0.01490549205518043,0.0025442071802017005,0.4,8.565857131124154,[0.01461214 0.         0.         0.         0.02122738 0.         0.         0.         0.         0.         0.         0.         0.         0.         0.         0.         0.         0.         0.         0.         0.         0.02110844 0.         0.         0.         0.02033643 0.         0.92271561 0.         0.         0.        ],[1. 0. 0. 0. 1. 0. 0. 0. 0. 0. 0. 0. 0. 0. 0. 0. 0. 0. 0. 0. 0. 1. 0. 0. 0. 1. 0. 1. 0. 0. 0.],5.0,10000,30,0.6,10,1,5,,problem_solving
4300,0.01490549205518043,0.0025442071802017005,0.4,4.446306020593473,[0.01461214 0.         0.         0.         0.02122738 0.         0.         0.         0.         0.         0.         0.         0.         0.         0.         0.         0.         0.         0.         0.         0.         0.02110844 0.         0.         0.         0.02033643 0.         0.92271561 0.         0.         0.        ],[1. 0. 0. 0. 1. 0. 0. 0. 0. 0. 0. 0. 0. 0. 0. 0. 0. 0. 0. 0. 0. 1. 0. 0. 0. 1. 0. 1. 0. 0. 0.],5.0,10000,30,0.6,10,1,5,,problem_solving
4400,0.01490549205518043,0.0025442071802017005,0.4,4.42203596899415,[0.01461214 0.         0.         0.         0.02122738 0.         0.         0.         0.         0.         0.         0.         0.         0.         0.         0.         0.         0.         0.         0.         0.         0.02110844 0.         0.         0.         0.02033643 0.         0.92271561 0.         0.         0.        ],[1. 0. 0. 0. 1. 0. 0. 0. 0. 0. 0. 0. 0. 0. 0. 0. 0. 0. 0. 0. 0. 1. 0. 0. 0. 1. 0. 1. 0. 0. 0.],5.0,10000,30,0.6,10,1,5,,problem_solving
4500,0.01490549205518043,0.0025442071802017005,0.4,-24.197710412924224,[0.01461214 0.         0.         0.         0.02122738 0.         0.         0.         0.         0.         0.         0.         0.         0.         0.         0.         0.         0.         0.         0.         0.         0.02110844 0.         0.         0.         0.02033643 0.         0.92271561 0.         0.         0.        ],[1. 0. 0. 0. 1. 0. 0. 0. 0. 0. 0. 0. 0. 0. 0. 0. 0. 0. 0. 0. 0. 1. 0. 0. 0. 1. 0. 1. 0. 0. 0.],5.0,10000,30,0.6,10,1,5,,problem_solving
4600,0.01490549205518043,0.0025442071802017005,0.4,10.916616535273384,[0.01461214 0.         0.         0.         0.02122738 0.         0.         0.         0.         0.         0.         0.         0.         0.         0.         0.         0.         0.         0.         0.         0.         0.02110844 0.         0.         0.         0.02033643 0.         0.92271561 0.         0.         0.        ],[1. 0. 0. 0. 1. 0. 0. 0. 0. 0. 0. 0. 0. 0. 0. 0. 0. 0. 0. 0. 0. 1. 0. 0. 0. 1. 0. 1. 0. 0. 0.],5.0,10000,30,0.6,10,1,5,,problem_solving
4700,0.01490549205518043,0.0025442071802017005,0.4,8.711227055023294,[0.01461214 0.         0.         0.         0.02122738 0.         0.         0.         0.         0.         0.         0.         0.         0.         0.         0.         0.         0.         0.         0.         0.         0.02110844 0.         0.         0.         0.02033643 0.         0.92271561 0.         0.         0.        ],[1. 0. 0. 0. 1. 0. 0. 0. 0. 0. 0. 0. 0. 0. 0. 0. 0. 0. 0. 0. 0. 1. 0. 0. 0. 1. 0. 1. 0. 0. 0.],5.0,10000,30,0.6,10,1,5,,problem_solving
4800,0.01490549205518043,0.0025442071802017005,0.4,-17.079978000326726,[0.01461214 0.         0.         0.         0.02122738 0.         0.         0.         0.         0.         0.         0.         0.         0.         0.         0.         0.         0.         0.         0.         0.         0.02110844 0.         0.         0.         0.02033643 0.         0.92271561 0.         0.         0.        ],[1. 0. 0. 0. 1. 0. 0. 0. 0. 0. 0. 0. 0. 0. 0. 0. 0. 0. 0. 0. 0. 1. 0. 0. 0. 1. 0. 1. 0. 0. 0.],5.0,10000,30,0.6,10,1,5,,problem_solving
4900,0.01490549205518043,0.0025442071802017005,0.4,3.038763831618121,[0.01461214 0.         0.         0.         0.02122738 0.         0.         0.         0.         0.         0.         0.         0.         0.         0.         0.         0.         0.         0.         0.         0.         0.02110844 0.         0.         0.         0.02033643 0.         0.92271561 0.         0.         0.        ],[1. 0. 0. 0. 1. 0. 0. 0. 0. 0. 0. 0. 0. 0. 0. 0. 0. 0. 0. 0. 0. 1. 0. 0. 0. 1. 0. 1. 0. 0. 0.],5.0,10000,30,0.6,10,1,5,,problem_solving
5000,0.01490549205518043,0.0025442071802017005,0.4,1.7554352567635687,[0.01461214 0.         0.         0.         0.02122738 0.         0.         0.         0.         0.         0.         0.         0.         0.         0.         0.         0.         0.         0.         0.         0.         0.02110844 0.         0.         0.         0.02033643 0.         0.92271561 0.         0.         0.        ],[1. 0. 0. 0. 1. 0. 0. 0. 0. 0. 0. 0. 0. 0. 0. 0. 0. 0. 0. 0. 0. 1. 0. 0. 0. 1. 0. 1. 0. 0. 0.],5.0,10000,30,0.6,10,1,5,,problem_solving
5100,0.01490549205518043,0.0025442071802017005,0.4,14.787969653900516,[0.01461214 0.         0.         0.         0.02122738 0.         0.         0.         0.         0.         0.         0.         0.         0.         0.         0.         0.         0.         0.         0.         0.         0.02110844 0.         0.         0.         0.02033643 0.         0.92271561 0.         0.         0.        ],[1. 0. 0. 0. 1. 0. 0. 0. 0. 0. 0. 0. 0. 0. 0. 0. 0. 0. 0. 0. 0. 1. 0. 0. 0. 1. 0. 1. 0. 0. 0.],5.0,10000,30,0.6,10,1,5,,problem_solving
5200,0.01490549205518043,0.0025442071802017005,0.4,8.065591588364939,[0.01461214 0.         0.         0.         0.02122738 0.         0.         0.         0.         0.         0.         0.         0.         0.         0.         0.         0.         0.         0.         0.         0.         0.02110844 0.         0.         0.         0.02033643 0.         0.92271561 0.         0.         0.        ],[1. 0. 0. 0. 1. 0. 0. 0. 0. 0. 0. 0. 0. 0. 0. 0. 0. 0. 0. 0. 0. 1. 0. 0. 0. 1. 0. 1. 0. 0. 0.],5.0,10000,30,0.6,10,1,5,,problem_solving
5300,0.01490549205518043,0.0025442071802017005,0.4,9.727799971872837,[0.01461214 0.         0.         0.         0.02122738 0.         0.         0.         0.         0.         0.         0.         0.         0.         0.         0.         0.         0.         0.         0.         0.         0.02110844 0.         0.         0.         0.02033643 0.         0.92271561 0.         0.         0.        ],[1. 0. 0. 0. 1. 0. 0. 0. 0. 0. 0. 0. 0. 0. 0. 0. 0. 0. 0. 0. 0. 1. 0. 0. 0. 1. 0. 1. 0. 0. 0.],5.0,10000,30,0.6,10,1,5,,problem_solving
5400,0.01490549205518043,0.0025442071802017005,0.4,-11.480742359548506,[0.01461214 0.         0.         0.         0.02122738 0.         0.         0.         0.         0.         0.         0.         0.         0.         0.         0.         0.         0.         0.         0.         0.         0.02110844 0.         0.         0.         0.02033643 0.         0.92271561 0.         0.         0.        ],[1. 0. 0. 0. 1. 0. 0. 0. 0. 0. 0. 0. 0. 0. 0. 0. 0. 0. 0. 0. 0. 1. 0. 0. 0. 1. 0. 1. 0. 0. 0.],5.0,10000,30,0.6,10,1,5,,problem_solving
5500,0.01490549205518043,0.0025442071802017005,0.4,-2.4835155357109584,[0.01461214 0.         0.         0.         0.02122738 0.         0.         0.         0.         0.         0.         0.         0.         0.         0.         0.         0.         0.         0.         0.         0.         0.02110844 0.         0.         0.         0.02033643 0.         0.92271561 0.         0.         0.        ],[1. 0. 0. 0. 1. 0. 0. 0. 0. 0. 0. 0. 0. 0. 0. 0. 0. 0. 0. 0. 0. 1. 0. 0. 0. 1. 0. 1. 0. 0. 0.],5.0,10000,30,0.6,10,1,5,,problem_solving
5600,0.01490549205518043,0.0025442071802017005,0.4,6.670660738023225,[0.01461214 0.         0.         0.         0.02122738 0.         0.         0.         0.         0.         0.         0.         0.         0.         0.         0.         0.         0.         0.         0.         0.         0.02110844 0.         0.         0.         0.02033643 0.         0.92271561 0.         0.         0.        ],[1. 0. 0. 0. 1. 0. 0. 0. 0. 0. 0. 0. 0. 0. 0. 0. 0. 0. 0. 0. 0. 1. 0. 0. 0. 1. 0. 1. 0. 0. 0.],5.0,10000,30,0.6,10,1,5,,problem_solving
5700,0.01490549205518043,0.0025442071802017005,0.4,16.51304123936303,[0.01461214 0.         0.         0.         0.02122738 0.         0.         0.         0.         0.         0.         0.         0.         0.         0.         0.         0.         0.         0.         0.         0.         0.02110844 0.         0.         0.         0.02033643 0.         0.92271561 0.         0.         0.        ],[1. 0. 0. 0. 1. 0. 0. 0. 0. 0. 0. 0. 0. 0. 0. 0. 0. 0. 0. 0. 0. 1. 0. 0. 0. 1. 0. 1. 0. 0. 0.],5.0,10000,30,0.6,10,1,5,,problem_solving
5800,0.01490549205518043,0.0025442071802017005,0.4,-12.632882978470573,[0.01461214 0.         0.         0.         0.02122738 0.         0.         0.         0.         0.         0.         0.         0.         0.         0.         0.         0.         0.         0.         0.         0.         0.02110844 0.         0.         0.         0.02033643 0.         0.92271561 0.         0.         0.        ],[1. 0. 0. 0. 1. 0. 0. 0. 0. 0. 0. 0. 0. 0. 0. 0. 0. 0. 0. 0. 0. 1. 0. 0. 0. 1. 0. 1. 0. 0. 0.],5.0,10000,30,0.6,10,1,5,,problem_solving
5900,0.01490549205518043,0.0025442071802017005,0.4,-12.679359807754963,[0.01461214 0.         0.         0.         0.02122738 0.         0.         0.         0.         0.         0.         0.         0.         0.         0.         0.         0.         0.         0.         0.         0.         0.02110844 0.         0.         0.         0.02033643 0.         0.92271561 0.         0.         0.        ],[1. 0. 0. 0. 1. 0. 0. 0. 0. 0. 0. 0. 0. 0. 0. 0. 0. 0. 0. 0. 0. 1. 0. 0. 0. 1. 0. 1. 0. 0. 0.],5.0,10000,30,0.6,10,1,5,,problem_solving
6000,0.01490549205518043,0.0025442071802017005,0.4,-16.027877650102923,[0.01461214 0.         0.         0.         0.02122738 0.         0.         0.         0.         0.         0.         0.         0.         0.         0.         0.         0.         0.         0.         0.         0.         0.02110844 0.         0.         0.         0.02033643 0.         0.92271561 0.         0.         0.        ],[1. 0. 0. 0. 1. 0. 0. 0. 0. 0. 0. 0. 0. 0. 0. 0. 0. 0. 0. 0. 0. 1. 0. 0. 0. 1. 0. 1. 0. 0. 0.],5.0,10000,30,0.6,10,1,5,,problem_solving
6100,0.01490549205518043,0.0025442071802017005,0.4,-5.038924272474849,[0.01461214 0.         0.         0.         0.02122738 0.         0.         0.         0.         0.         0.         0.         0.         0.         0.         0.         0.         0.         0.         0.         0.         0.02110844 0.         0.         0.         0.02033643 0.         0.92271561 0.         0.         0.        ],[1. 0. 0. 0. 1. 0. 0. 0. 0. 0. 0. 0. 0. 0. 0. 0. 0. 0. 0. 0. 0. 1. 0. 0. 0. 1. 0. 1. 0. 0. 0.],5.0,10000,30,0.6,10,1,5,,problem_solving
6200,0.01490549205518043,0.0025442071802017005,0.4,12.356456847096354,[0.01461214 0.         0.         0.         0.02122738 0.         0.         0.         0.         0.         0.         0.         0.         0.         0.         0.         0.         0.         0.         0.         0.         0.02110844 0.         0.         0.         0.02033643 0.         0.92271561 0.         0.         0.        ],[1. 0. 0. 0. 1. 0. 0. 0. 0. 0. 0. 0. 0. 0. 0. 0. 0. 0. 0. 0. 0. 1. 0. 0. 0. 1. 0. 1. 0. 0. 0.],5.0,10000,30,0.6,10,1,5,,problem_solving
6300,0.01490549205518043,0.0025442071802017005,0.4,-11.829229989814616,[0.01461214 0.         0.         0.         0.02122738 0.         0.         0.         0.         0.         0.         0.         0.         0.         0.         0.         0.         0.         0.         0.         0.         0.02110844 0.         0.         0.         0.02033643 0.         0.92271561 0.         0.         0.        ],[1. 0. 0. 0. 1. 0. 0. 0. 0. 0. 0. 0. 0. 0. 0. 0. 0. 0. 0. 0. 0. 1. 0. 0. 0. 1. 0. 1. 0. 0. 0.],5.0,10000,30,0.6,10,1,5,,problem_solving
6400,0.01490549205518043,0.0025442071802017005,0.4,17.149809175493715,[0.01461214 0.         0.         0.         0.02122738 0.         0.         0.         0.         0.         0.         0.         0.         0.         0.         0.         0.         0.         0.         0.         0.         0.02110844 0.         0.         0.         0.02033643 0.         0.92271561 0.         0.         0.        ],[1. 0. 0. 0. 1. 0. 0. 0. 0. 0. 0. 0. 0. 0. 0. 0. 0. 0. 0. 0. 0. 1. 0. 0. 0. 1. 0. 1. 0. 0. 0.],5.0,10000,30,0.6,10,1,5,,problem_solving
6500,0.01490549205518043,0.0025442071802017005,0.4,-7.423177858599789,[0.01461214 0.         0.         0.         0.02122738 0.         0.         0.         0.         0.         0.         0.         0.         0.         0.         0.         0.         0.         0.         0.         0.         0.02110844 0.         0.         0.         0.02033643 0.         0.92271561 0.         0.         0.        ],[1. 0. 0. 0. 1. 0. 0. 0. 0. 0. 0. 0. 0. 0. 0. 0. 0. 0. 0. 0. 0. 1. 0. 0. 0. 1. 0. 1. 0. 0. 0.],5.0,10000,30,0.6,10,1,5,,problem_solving
6600,0.01490549205518043,0.0025442071802017005,0.4,13.575401749201427,[0.01461214 0.         0.         0.         0.02122738 0.         0.         0.         0.         0.         0.         0.         0.         0.         0.         0.         0.         0.         0.         0.         0.         0.02110844 0.         0.         0.         0.02033643 0.         0.92271561 0.         0.         0.        ],[1. 0. 0. 0. 1. 0. 0. 0. 0. 0. 0. 0. 0. 0. 0. 0. 0. 0. 0. 0. 0. 1. 0. 0. 0. 1. 0. 1. 0. 0. 0.],5.0,10000,30,0.6,10,1,5,,problem_solving
6700,0.01490549205518043,0.0025442071802017005,0.4,-8.67884725317027,[0.01461214 0.         0.         0.         0.02122738 0.         0.         0.         0.         0.         0.         0.         0.         0.         0.         0.         0.         0.         0.         0.         0.         0.02110844 0.         0.         0.         0.02033643 0.         0.92271561 0.         0.         0.        ],[1. 0. 0. 0. 1. 0. 0. 0. 0. 0. 0. 0. 0. 0. 0. 0. 0. 0. 0. 0. 0. 1. 0. 0. 0. 1. 0. 1. 0. 0. 0.],5.0,10000,30,0.6,10,1,5,,problem_solving
6800,0.01490549205518043,0.0025442071802017005,0.4,-11.333204610586778,[0.01461214 0.         0.         0.         0.02122738 0.         0.         0.         0.         0.         0.         0.         0.         0.         0.         0.         0.         0.         0.         0.         0.         0.02110844 0.         0.         0.         0.02033643 0.         0.92271561 0.         0.         0.        ],[1. 0. 0. 0. 1. 0. 0. 0. 0. 0. 0. 0. 0. 0. 0. 0. 0. 0. 0. 0. 0. 1. 0. 0. 0. 1. 0. 1. 0. 0. 0.],5.0,10000,30,0.6,10,1,5,,problem_solving
6900,0.01490549205518043,0.0025442071802017005,0.4,11.525313441744515,[0.01461214 0.         0.         0.         0.02122738 0.         0.         0.         0.         0.         0.         0.         0.         0.         0.         0.         0.         0.         0.         0.         0.         0.02110844 0.         0.         0.         0.02033643 0.         0.92271561 0.         0.         0.        ],[1. 0. 0. 0. 1. 0. 0. 0. 0. 0. 0. 0. 0. 0. 0. 0. 0. 0. 0. 0. 0. 1. 0. 0. 0. 1. 0. 1. 0. 0. 0.],5.0,10000,30,0.6,10,1,5,,problem_solving
7000,0.01490549205518043,0.0025442071802017005,0.4,11.606653078891725,[0.01461214 0.         0.         0.         0.02122738 0.         0.         0.         0.         0.         0.         0.         0.         0.         0.         0.         0.         0.         0.         0.         0.         0.02110844 0.         0.         0.         0.02033643 0.         0.92271561 0.         0.         0.        ],[1. 0. 0. 0. 1. 0. 0. 0. 0. 0. 0. 0. 0. 0. 0. 0. 0. 0. 0. 0. 0. 1. 0. 0. 0. 1. 0. 1. 0. 0. 0.],5.0,10000,30,0.6,10,1,5,,problem_solving
7100,0.01490549205518043,0.0025442071802017005,0.4,-15.24811240189814,[0.01461214 0.         0.         0.         0.02122738 0.         0.         0.         0.         0.         0.         0.         0.         0.         0.         0.         0.         0.         0.         0.         0.         0.02110844 0.         0.         0.         0.02033643 0.         0.92271561 0.         0.         0.        ],[1. 0. 0. 0. 1. 0. 0. 0. 0. 0. 0. 0. 0. 0. 0. 0. 0. 0. 0. 0. 0. 1. 0. 0. 0. 1. 0. 1. 0. 0. 0.],5.0,10000,30,0.6,10,1,5,,problem_solving
7200,0.01490549205518043,0.0025442071802017005,0.4,-2.1310617885523655,[0.01461214 0.         0.         0.         0.02122738 0.         0.         0.         0.         0.         0.         0.         0.         0.         0.         0.         0.         0.         0.         0.         0.         0.02110844 0.         0.         0.         0.02033643 0.         0.92271561 0.         0.         0.        ],[1. 0. 0. 0. 1. 0. 0. 0. 0. 0. 0. 0. 0. 0. 0. 0. 0. 0. 0. 0. 0. 1. 0. 0. 0. 1. 0. 1. 0. 0. 0.],5.0,10000,30,0.6,10,1,5,,problem_solving
7300,0.01490549205518043,0.0025442071802017005,0.4,-5.0057220498712285,[0.01461214 0.         0.         0.         0.02122738 0.         0.         0.         0.         0.         0.         0.         0.         0.         0.         0.         0.         0.         0.         0.         0.         0.02110844 0.         0.         0.         0.02033643 0.         0.92271561 0.         0.         0.        ],[1. 0. 0. 0. 1. 0. 0. 0. 0. 0. 0. 0. 0. 0. 0. 0. 0. 0. 0. 0. 0. 1. 0. 0. 0. 1. 0. 1. 0. 0. 0.],5.0,10000,30,0.6,10,1,5,,problem_solving
7400,0.01490549205518043,0.0025442071802017005,0.4,-0.78216683365473,[0.01461214 0.         0.         0.         0.02122738 0.         0.         0.         0.         0.         0.         0.         0.         0.         0.         0.         0.         0.         0.         0.         0.         0.02110844 0.         0.         0.         0.02033643 0.         0.92271561 0.         0.         0.        ],[1. 0. 0. 0. 1. 0. 0. 0. 0. 0. 0. 0. 0. 0. 0. 0. 0. 0. 0. 0. 0. 1. 0. 0. 0. 1. 0. 1. 0. 0. 0.],5.0,10000,30,0.6,10,1,5,,problem_solving
7500,0.01490549205518043,0.0025442071802017005,0.4,2.181450934838856,[0.01461214 0.         0.         0.         0.02122738 0.         0.         0.         0.         0.         0.         0.         0.         0.         0.         0.         0.         0.         0.         0.         0.         0.02110844 0.         0.         0.         0.02033643 0.         0.92271561 0.         0.         0.        ],[1. 0. 0. 0. 1. 0. 0. 0. 0. 0. 0. 0. 0. 0. 0. 0. 0. 0. 0. 0. 0. 1. 0. 0. 0. 1. 0. 1. 0. 0. 0.],5.0,10000,30,0.6,10,1,5,,problem_solving
7600,0.01490549205518043,0.0025442071802017005,0.4,12.924578587203609,[0.01461214 0.         0.         0.         0.02122738 0.         0.         0.         0.         0.         0.         0.         0.         0.         0.         0.         0.         0.         0.         0.         0.         0.02110844 0.         0.         0.         0.02033643 0.         0.92271561 0.         0.         0.        ],[1. 0. 0. 0. 1. 0. 0. 0. 0. 0. 0. 0. 0. 0. 0. 0. 0. 0. 0. 0. 0. 1. 0. 0. 0. 1. 0. 1. 0. 0. 0.],5.0,10000,30,0.6,10,1,5,,problem_solving
7700,0.01490549205518043,0.0025442071802017005,0.4,5.836462679480292,[0.01461214 0.         0.         0.         0.02122738 0.         0.         0.         0.         0.         0.         0.         0.         0.         0.         0.         0.         0.         0.         0.         0.         0.02110844 0.         0.         0.         0.02033643 0.         0.92271561 0.         0.         0.        ],[1. 0. 0. 0. 1. 0. 0. 0. 0. 0. 0. 0. 0. 0. 0. 0. 0. 0. 0. 0. 0. 1. 0. 0. 0. 1. 0. 1. 0. 0. 0.],5.0,10000,30,0.6,10,1,5,,problem_solving
7800,0.01490549205518043,0.0025442071802017005,0.4,-11.246287794782381,[0.01461214 0.         0.         0.         0.02122738 0.         0.         0.         0.         0.         0.         0.         0.         0.         0.         0.         0.         0.         0.         0.         0.         0.02110844 0.         0.         0.         0.02033643 0.         0.92271561 0.         0.         0.        ],[1. 0. 0. 0. 1. 0. 0. 0. 0. 0. 0. 0. 0. 0. 0. 0. 0. 0. 0. 0. 0. 1. 0. 0. 0. 1. 0. 1. 0. 0. 0.],5.0,10000,30,0.6,10,1,5,,problem_solving
7900,0.01490549205518043,0.0025442071802017005,0.4,20.34302921570399,[0.01461214 0.         0.         0.         0.02122738 0.         0.         0.         0.         0.         0.         0.         0.         0.         0.         0.         0.         0.         0.         0.         0.         0.02110844 0.         0.         0.         0.02033643 0.         0.92271561 0.         0.         0.        ],[1. 0. 0. 0. 1. 0. 0. 0. 0. 0. 0. 0. 0. 0. 0. 0. 0. 0. 0. 0. 0. 1. 0. 0. 0. 1. 0. 1. 0. 0. 0.],5.0,10000,30,0.6,10,1,5,,problem_solving
8000,0.01490549205518043,0.0025442071802017005,0.4,11.260731112779625,[0.01461214 0.         0.         0.         0.02122738 0.         0.         0.         0.         0.         0.         0.         0.         0.         0.         0.         0.         0.         0.         0.         0.         0.02110844 0.         0.         0.         0.02033643 0.         0.92271561 0.         0.         0.        ],[1. 0. 0. 0. 1. 0. 0. 0. 0. 0. 0. 0. 0. 0. 0. 0. 0. 0. 0. 0. 0. 1. 0. 0. 0. 1. 0. 1. 0. 0. 0.],5.0,10000,30,0.6,10,1,5,,problem_solving
8100,0.01490549205518043,0.0025442071802017005,0.4,-1.876573897797222,[0.01461214 0.         0.         0.         0.02122738 0.         0.         0.         0.         0.         0.         0.         0.         0.         0.         0.         0.         0.         0.         0.         0.         0.02110844 0.         0.         0.         0.02033643 0.         0.92271561 0.         0.         0.        ],[1. 0. 0. 0. 1. 0. 0. 0. 0. 0. 0. 0. 0. 0. 0. 0. 0. 0. 0. 0. 0. 1. 0. 0. 0. 1. 0. 1. 0. 0. 0.],5.0,10000,30,0.6,10,1,5,,problem_solving
8200,0.01490549205518043,0.0025442071802017005,0.4,-28.529084886138527,[0.01461214 0.         0.         0.         0.02122738 0.         0.         0.         0.         0.         0.         0.         0.         0.         0.         0.         0.         0.         0.         0.         0.         0.02110844 0.         0.         0.         0.02033643 0.         0.92271561 0.         0.         0.        ],[1. 0. 0. 0. 1. 0. 0. 0. 0. 0. 0. 0. 0. 0. 0. 0. 0. 0. 0. 0. 0. 1. 0. 0. 0. 1. 0. 1. 0. 0. 0.],5.0,10000,30,0.6,10,1,5,,problem_solving
8300,0.01490549205518043,0.0025442071802017005,0.4,2.272843852180379,[0.01461214 0.         0.         0.         0.02122738 0.         0.         0.         0.         0.         0.         0.         0.         0.         0.         0.         0.         0.         0.         0.         0.         0.02110844 0.         0.         0.         0.02033643 0.         0.92271561 0.         0.         0.        ],[1. 0. 0. 0. 1. 0. 0. 0. 0. 0. 0. 0. 0. 0. 0. 0. 0. 0. 0. 0. 0. 1. 0. 0. 0. 1. 0. 1. 0. 0. 0.],5.0,10000,30,0.6,10,1,5,,problem_solving
8400,0.01490549205518043,0.0025442071802017005,0.4,-3.744312980144752,[0.01461214 0.         0.         0.         0.02122738 0.         0.         0.         0.         0.         0.         0.         0.         0.         0.         0.         0.         0.         0.         0.         0.         0.02110844 0.         0.         0.         0.02033643 0.         0.92271561 0.         0.         0.        ],[1. 0. 0. 0. 1. 0. 0. 0. 0. 0. 0. 0. 0. 0. 0. 0. 0. 0. 0. 0. 0. 1. 0. 0. 0. 1. 0. 1. 0. 0. 0.],5.0,10000,30,0.6,10,1,5,,problem_solving
8500,0.01490549205518043,0.0025442071802017005,0.4,3.9432747321089154,[0.01461214 0.         0.         0.         0.02122738 0.         0.         0.         0.         0.         0.         0.         0.         0.         0.         0.         0.         0.         0.         0.         0.         0.02110844 0.         0.         0.         0.02033643 0.         0.92271561 0.         0.         0.        ],[1. 0. 0. 0. 1. 0. 0. 0. 0. 0. 0. 0. 0. 0. 0. 0. 0. 0. 0. 0. 0. 1. 0. 0. 0. 1. 0. 1. 0. 0. 0.],5.0,10000,30,0.6,10,1,5,,problem_solving
8600,0.01490549205518043,0.0025442071802017005,0.4,4.3727261465054585,[0.01461214 0.         0.         0.         0.02122738 0.         0.         0.         0.         0.         0.         0.         0.         0.         0.         0.         0.         0.         0.         0.         0.         0.02110844 0.         0.         0.         0.02033643 0.         0.92271561 0.         0.         0.        ],[1. 0. 0. 0. 1. 0. 0. 0. 0. 0. 0. 0. 0. 0. 0. 0. 0. 0. 0. 0. 0. 1. 0. 0. 0. 1. 0. 1. 0. 0. 0.],5.0,10000,30,0.6,10,1,5,,problem_solving
8700,0.01490549205518043,0.0025442071802017005,0.4,9.013520534374358,[0.01461214 0.         0.         0.         0.02122738 0.         0.         0.         0.         0.         0.         0.         0.         0.         0.         0.         0.         0.         0.         0.         0.         0.02110844 0.         0.         0.         0.02033643 0.         0.92271561 0.         0.         0.        ],[1. 0. 0. 0. 1. 0. 0. 0. 0. 0. 0. 0. 0. 0. 0. 0. 0. 0. 0. 0. 0. 1. 0. 0. 0. 1. 0. 1. 0. 0. 0.],5.0,10000,30,0.6,10,1,5,,problem_solving
8800,0.01490549205518043,0.0025442071802017005,0.4,-0.012695998911711356,[0.01461214 0.         0.         0.         0.02122738 0.         0.         0.         0.         0.         0.         0.         0.         0.         0.         0.         0.         0.         0.         0.         0.         0.02110844 0.         0.         0.         0.02033643 0.         0.92271561 0.         0.         0.        ],[1. 0. 0. 0. 1. 0. 0. 0. 0. 0. 0. 0. 0. 0. 0. 0. 0. 0. 0. 0. 0. 1. 0. 0. 0. 1. 0. 1. 0. 0. 0.],5.0,10000,30,0.6,10,1,5,,problem_solving
8900,0.01490549205518043,0.0025442071802017005,0.4,8.385234148440071,[0.01461214 0.         0.         0.         0.02122738 0.         0.         0.         0.         0.         0.         0.         0.         0.         0.         0.         0.         0.         0.         0.         0.         0.02110844 0.         0.         0.         0.02033643 0.         0.92271561 0.         0.         0.        ],[1. 0. 0. 0. 1. 0. 0. 0. 0. 0. 0. 0. 0. 0. 0. 0. 0. 0. 0. 0. 0. 1. 0. 0. 0. 1. 0. 1. 0. 0. 0.],5.0,10000,30,0.6,10,1,5,,problem_solving
9000,0.01490549205518043,0.0025442071802017005,0.4,15.659425331528167,[0.01461214 0.         0.         0.         0.02122738 0.         0.         0.         0.         0.         0.         0.         0.         0.         0.         0.         0.         0.         0.         0.         0.         0.02110844 0.         0.         0.         0.02033643 0.         0.92271561 0.         0.         0.        ],[1. 0. 0. 0. 1. 0. 0. 0. 0. 0. 0. 0. 0. 0. 0. 0. 0. 0. 0. 0. 0. 1. 0. 0. 0. 1. 0. 1. 0. 0. 0.],5.0,10000,30,0.6,10,1,5,,problem_solving
9100,0.01490549205518043,0.0025442071802017005,0.4,-14.949859207843367,[0.01461214 0.         0.         0.         0.02122738 0.         0.         0.         0.         0.         0.         0.         0.         0.         0.         0.         0.         0.         0.         0.         0.         0.02110844 0.         0.         0.         0.02033643 0.         0.92271561 0.         0.         0.        ],[1. 0. 0. 0. 1. 0. 0. 0. 0. 0. 0. 0. 0. 0. 0. 0. 0. 0. 0. 0. 0. 1. 0. 0. 0. 1. 0. 1. 0. 0. 0.],5.0,10000,30,0.6,10,1,5,,problem_solving
9200,0.01490549205518043,0.0025442071802017005,0.4,-2.610270345856753,[0.01461214 0.         0.         0.         0.02122738 0.         0.         0.         0.         0.         0.         0.         0.         0.         0.         0.         0.         0.         0.         0.         0.         0.02110844 0.         0.         0.         0.02033643 0.         0.92271561 0.         0.         0.        ],[1. 0. 0. 0. 1. 0. 0. 0. 0. 0. 0. 0. 0. 0. 0. 0. 0. 0. 0. 0. 0. 1. 0. 0. 0. 1. 0. 1. 0. 0. 0.],5.0,10000,30,0.6,10,1,5,,problem_solving
9300,0.01490549205518043,0.0025442071802017005,0.4,-4.92685105675357,[0.01461214 0.         0.         0.         0.02122738 0.         0.         0.         0.         0.         0.         0.         0.         0.         0.         0.         0.         0.         0.         0.         0.         0.02110844 0.         0.         0.         0.02033643 0.         0.92271561 0.         0.         0.        ],[1. 0. 0. 0. 1. 0. 0. 0. 0. 0. 0. 0. 0. 0. 0. 0. 0. 0. 0. 0. 0. 1. 0. 0. 0. 1. 0. 1. 0. 0. 0.],5.0,10000,30,0.6,10,1,5,,problem_solving
9400,0.01490549205518043,0.0025442071802017005,0.4,10.543762877701257,[0.01461214 0.         0.         0.         0.02122738 0.         0.         0.         0.         0.         0.         0.         0.         0.         0.         0.         0.         0.         0.         0.         0.         0.02110844 0.         0.         0.         0.02033643 0.         0.92271561 0.         0.         0.        ],[1. 0. 0. 0. 1. 0. 0. 0. 0. 0. 0. 0. 0. 0. 0. 0. 0. 0. 0. 0. 0. 1. 0. 0. 0. 1. 0. 1. 0. 0. 0.],5.0,10000,30,0.6,10,1,5,,problem_solving
9500,0.01490549205518043,0.0025442071802017005,0.4,0.8455915296150628,[0.01461214 0.         0.         0.         0.02122738 0.         0.         0.         0.         0.         0.         0.         0.         0.         0.         0.         0.         0.         0.         0.         0.         0.02110844 0.         0.         0.         0.02033643 0.         0.92271561 0.         0.         0.        ],[1. 0. 0. 0. 1. 0. 0. 0. 0. 0. 0. 0. 0. 0. 0. 0. 0. 0. 0. 0. 0. 1. 0. 0. 0. 1. 0. 1. 0. 0. 0.],5.0,10000,30,0.6,10,1,5,,problem_solving
9600,0.01490549205518043,0.0025442071802017005,0.4,-4.8329997643506495,[0.01461214 0.         0.         0.         0.02122738 0.         0.         0.         0.         0.         0.         0.         0.         0.         0.         0.         0.         0.         0.         0.         0.         0.02110844 0.         0.         0.         0.02033643 0.         0.92271561 0.         0.         0.        ],[1. 0. 0. 0. 1. 0. 0. 0. 0. 0. 0. 0. 0. 0. 0. 0. 0. 0. 0. 0. 0. 1. 0. 0. 0. 1. 0. 1. 0. 0. 0.],5.0,10000,30,0.6,10,1,5,,problem_solving
9700,0.01490549205518043,0.0025442071802017005,0.4,6.275438809846582,[0.01461214 0.         0.         0.         0.02122738 0.         0.         0.         0.         0.         0.         0.         0.         0.         0.         0.         0.         0.         0.         0.         0.         0.02110844 0.         0.         0.         0.02033643 0.         0.92271561 0.         0.         0.        ],[1. 0. 0. 0. 1. 0. 0. 0. 0. 0. 0. 0. 0. 0. 0. 0. 0. 0. 0. 0. 0. 1. 0. 0. 0. 1. 0. 1. 0. 0. 0.],5.0,10000,30,0.6,10,1,5,,problem_solving
9800,0.01490549205518043,0.0025442071802017005,0.4,20.48670924034542,[0.01461214 0.         0.         0.         0.02122738 0.         0.         0.         0.         0.         0.         0.         0.         0.         0.         0.         0.         0.         0.         0.         0.         0.02110844 0.         0.         0.         0.02033643 0.         0.92271561 0.         0.         0.        ],[1. 0. 0. 0. 1. 0. 0. 0. 0. 0. 0. 0. 0. 0. 0. 0. 0. 0. 0. 0. 0. 1. 0. 0. 0. 1. 0. 1. 0. 0. 0.],5.0,10000,30,0.6,10,1,5,,problem_solving
9900,0.01490549205518043,0.0025442071802017005,0.4,-3.0016223132796114,[0.01461214 0.         0.         0.         0.02122738 0.         0.         0.         0.         0.         0.         0.         0.         0.         0.         0.         0.         0.         0.         0.         0.         0.02110844 0.         0.         0.         0.02033643 0.         0.92271561 0.         0.         0.        ],[1. 0. 0. 0. 1. 0. 0. 0. 0. 0. 0. 0. 0. 0. 0. 0. 0. 0. 0. 0. 0. 1. 0. 0. 0. 1. 0. 1. 0. 0. 0.],5.0,10000,30,0.6,10,1,5,,problem_solving
9999,0.01490549205518043,0.0025442071802017005,0.4,-7.762108828848233,[0.01461214 0.         0.         0.         0.02122738 0.         0.         0.         0.         0.         0.         0.         0.         0.         0.         0.         0.         0.         0.         0.         0.         0.02110844 0.         0.         0.         0.02033643 0.         0.92271561 0.         0.         0.        ],[1. 0. 0. 0. 1. 0. 0. 0. 0. 0. 0. 0. 0. 0. 0. 0. 0. 0. 0. 0. 0. 1. 0. 0. 0. 1. 0. 1. 0. 0. 0.],5.0,10000,30,0.6,10,1,5,,problem_solving
