iter,cost,return,par,move,X,Z,Q,max_iter,mem_size,mem_consider,sigma,port_n,k,seed,tag
1,0.16472815494500556,0.00537271413204996,0.4,1.7461486092693859,[0.01997959 0.         0.01065006 0.         0.         0.01068528 0.         0.0214276  0.         0.         0.01094711 0.         0.         0.         0.         0.         0.         0.         0.         0.01268834 0.         0.01924862 0.         0.01192074 0.         0.88245266 0.         0.         0.         0.         0.        ],[1. 0. 1. 0. 0. 1. 0. 1. 0. 0. 1. 0. 0. 0. 0. 0. 0. 0. 0. 1. 0. 1. 0. 1. 0. 1. 0. 0. 0. 0. 0.],9.0,10000,30,0.6,10,1,9,,problem_solving
100,0.05526618583904309,0.005127097250135986,0.4,9.693436214268141,[0.         0.         0.         0.01853851 0.         0.         0.         0.01740843 0.01515988 0.         0.         0.01057399 0.01522222 0.         0.         0.         0.01362291 0.         0.         0.         0.01583458 0.         0.         0.01404805 0.         0.87959144 0.         0.         0.         0.         0.        ],[0. 0. 0. 1. 0. 0. 0. 1. 1. 0. 0. 1. 1. 0. 0. 0. 1. 0. 0. 0. 1. 0. 0. 1. 0. 1. 0. 0. 0. 0. 0.],9.0,10000,30,0.6,10,1,9,,problem_solving
200,0.044240651760866,0.0066735114588032845,0.4,-8.686060413645336,[0.         0.         0.         0.         0.88964118 0.01465982 0.         0.01055313 0.         0.01392533 0.         0.01299012 0.         0.01324841 0.         0.         0.         0.         0.         0.         0.         0.         0.         0.01460671 0.         0.0167094  0.         0.         0.         0.01366589 0.        ],[0. 0. 0. 0. 1. 1. 0. 1. 0. 1. 0. 1. 0. 1. 0. 0. 0. 0. 0. 0. 0. 0. 0. 1. 0. 1. 0. 0. 0. 1. 0.],9.0,10000,30,0.6,10,1,9,,problem_solving
300,0.044240651760866,0.0066735114588032845,0.4,12.395850181259302,[0.         0.         0.         0.         0.88964118 0.01465982 0.         0.01055313 0.         0.01392533 0.         0.01299012 0.         0.01324841 0.         0.         0.         0.         0.         0.         0.         0.         0.         0.01460671 0.         0.0167094  0.         0.         0.         0.01366589 0.        ],[0. 0. 0. 0. 1. 1. 0. 1. 0. 1. 0. 1. 0. 1. 0. 0. 0. 0. 0. 0. 0. 0. 0. 1. 0. 1. 0. 0. 0. 1. 0.],9.0,10000,30,0.6,10,1,9,,problem_solving
400,0.044240651760866,0.0066735114588032845,0.4,11.812391351405845,[0.         0.         0.         0.         0.88964118 0.01465982 0.         0.01055313 0.         0.01392533 0.         0.01299012 0.         0.01324841 0.         0.         0.         0.         0.         0.         0.         0.         0.         0.01460671 0.         0.0167094  0.         0.         0.         0.01366589 0.        ],[0. 0. 0. 0. 1. 1. 0. 1. 0. 1. 0. 1. 0. 1. 0. 0. 0. 0. 0. 0. 0. 0. 0. 1. 0. 1. 0. 0. 0. 1. 0.],9.0,10000,30,0.6,10,1,9,,problem_solving
500,0.044240651760866,0.0066735114588032845,0.4,-15.75874018179677,[0.         0.         0.         0.         0.88964118 0.01465982 0.         0.01055313 0.         0.01392533 0.         0.01299012 0.         0.01324841 0.         0.         0.         0.         0.         0.         0.         0.         0.         0.01460671 0.         0.0167094  0.         0.         0.         0.01366589 0.        ],[0. 0. 0. 0. 1. 1. 0. 1. 0. 1. 0. 1. 0. 1. 0. 0. 0. 0. 0. 0. 0. 0. 0. 1. 0. 1. 0. 0. 0. 1. 0.],9.0,10000,30,0.6,10,1,9,,problem_solving
600,0.044240651760866,0.0066735114588032845,0.4,3.5592581497408524,[0.         0.         0.         0.         0.88964118 0.01465982 0.         0.01055313 0.         0.01392533 0.         0.01299012 0.         0.01324841 0.         0.         0.         0.         0.         0.         0.         0.         0.         0.01460671 0.         0.0167094  0.         0.         0.         0.01366589 0.        ],[0. 0. 0. 0. 1. 1. 0. 1. 0. 1. 0. 1. 0. 1. 0. 0. 0. 0. 0. 0. 0. 0. 0. 1. 0. 1. 0. 0. 0. 1. 0.],9.0,10000,30,0.6,10,1,9,,problem_solving
700,0.03552497356817092,0.004562244214515678,0.4,4.640332507106901,[0.01997959 0.         0.01065006 0.         0.         0.01068528 0.         0.0214276  0.         0.         0.01094711 0.         0.         0.         0.         0.         0.         0.         0.         0.01268834 0.         0.01924862 0.         0.01192074 0.         0.88245266 0.         0.         0.         0.         0.        ],[1. 0. 1. 0. 0. 1. 0. 1. 0. 0. 1. 0. 0. 0. 0. 0. 0. 0. 0. 1. 0. 1. 0. 1. 0. 1. 0. 0. 0. 0. 0.],9.0,10000,30,0.6,10,1,9,,problem_solving
800,0.03552497356817092,0.004562244214515678,0.4,0.5899425892131156,[0.01997959 0.         0.01065006 0.         0.         0.01068528 0.         0.0214276  0.         0.         0.01094711 0.         0.         0.         0.         0.         0.         0.         0.         0.01268834 0.         0.01924862 0.         0.01192074 0.         0.88245266 0.         0.         0.         0.         0.        ],[1. 0. 1. 0. 0. 1. 0. 1. 0. 0. 1. 0. 0. 0. 0. 0. 0. 0. 0. 1. 0. 1. 0. 1. 0. 1. 0. 0. 0. 0. 0.],9.0,10000,30,0.6,10,1,9,,problem_solving
900,0.032185885328105894,0.009973285009440001,0.4,-8.77963424785807,[0.         0.         0.         0.         0.88902246 0.         0.01496272 0.         0.         0.01416368 0.         0.         0.         0.         0.         0.         0.01647547 0.         0.         0.         0.0112701  0.         0.         0.01040637 0.         0.         0.         0.01444339 0.01647395 0.01278187 0.        ],[0. 0. 0. 0. 1. 0. 1. 0. 0. 1. 0. 0. 0. 0. 0. 0. 1. 0. 0. 0. 1. 0. 0. 1. 0. 0. 0. 1. 1. 1. 0.],9.0,10000,30,0.6,10,1,9,,problem_solving
1000,0.032185885328105894,0.009973285009440001,0.4,15.674218510990851,[0.         0.         0.         0.         0.88902246 0.         0.01496272 0.         0.         0.01416368 0.         0.         0.         0.         0.         0.         0.01647547 0.         0.         0.         0.0112701  0.         0.         0.01040637 0.         0.         0.         0.01444339 0.01647395 0.01278187 0.        ],[0. 0. 0. 0. 1. 0. 1. 0. 0. 1. 0. 0. 0. 0. 0. 0. 1. 0. 0. 0. 1. 0. 0. 1. 0. 0. 0. 1. 1. 1. 0.],9.0,10000,30,0.6,10,1,9,,problem_solving
1100,0.0307616546818012,0.004817426349984399,0.4,4.03175079478225,[0.         0.         0.         0.         0.01601532 0.         0.01583219 0.         0.01698758 0.01997541 0.         0.0107764  0.         0.01779158 0.         0.         0.         0.         0.         0.         0.         0.         0.01089587 0.         0.         0.88040793 0.         0.01131772 0.         0.         0.        ],[0. 0. 0. 0. 1. 0. 1. 0. 1. 1. 0. 1. 0. 1. 0. 0. 0. 0. 0. 0. 0. 0. 1. 0. 0. 1. 0. 1. 0. 0. 0.],9.0,10000,30,0.6,10,1,9,,problem_solving
1200,0.0307616546818012,0.004817426349984399,0.4,-9.402579514600742,[0.         0.         0.         0.         0.01601532 0.         0.01583219 0.         0.01698758 0.01997541 0.         0.0107764  0.         0.01779158 0.         0.         0.         0.         0.         0.         0.         0.         0.01089587 0.         0.         0.88040793 0.         0.01131772 0.         0.         0.        ],[0. 0. 0. 0. 1. 0. 1. 0. 1. 1. 0. 1. 0. 1. 0. 0. 0. 0. 0. 0. 0. 0. 1. 0. 0. 1. 0. 1. 0. 0. 0.],9.0,10000,30,0.6,10,1,9,,problem_solving
1300,0.0307616546818012,0.004817426349984399,0.4,0.5036267057792333,[0.         0.         0.         0.         0.01601532 0.         0.01583219 0.         0.01698758 0.01997541 0.         0.0107764  0.         0.01779158 0.         0.         0.         0.         0.         0.         0.         0.         0.01089587 0.         0.         0.88040793 0.         0.01131772 0.         0.         0.        ],[0. 0. 0. 0. 1. 0. 1. 0. 1. 1. 0. 1. 0. 1. 0. 0. 0. 0. 0. 0. 0. 0. 1. 0. 0. 1. 0. 1. 0. 0. 0.],9.0,10000,30,0.6,10,1,9,,problem_solving
1400,0.0307616546818012,0.004817426349984399,0.4,-7.22388787229939,[0.         0.         0.         0.         0.01601532 0.         0.01583219 0.         0.01698758 0.01997541 0.         0.0107764  0.         0.01779158 0.         0.         0.         0.         0.         0.         0.         0.         0.01089587 0.         0.         0.88040793 0.         0.01131772 0.         0.         0.        ],[0. 0. 0. 0. 1. 0. 1. 0. 1. 1. 0. 1. 0. 1. 0. 0. 0. 0. 0. 0. 0. 0. 1. 0. 0. 1. 0. 1. 0. 0. 0.],9.0,10000,30,0.6,10,1,9,,problem_solving
1500,0.03064744806158163,0.010115839732120973,0.4,0.07583022305796538,[0.         0.         0.         0.         0.89267867 0.         0.         0.         0.         0.01177099 0.         0.         0.01708766 0.         0.01166803 0.         0.         0.         0.         0.         0.01041738 0.         0.         0.01615654 0.         0.01047129 0.         0.01637242 0.01337702 0.         0.        ],[0. 0. 0. 0. 1. 0. 0. 0. 0. 1. 0. 0. 1. 0. 1. 0. 0. 0. 0. 0. 1. 0. 0. 1. 0. 1. 0. 1. 1. 0. 0.],9.0,10000,30,0.6,10,1,9,,problem_solving
1600,0.03064744806158163,0.010115839732120973,0.4,27.9249476585347,[0.         0.         0.         0.         0.89267867 0.         0.         0.         0.         0.01177099 0.         0.         0.01708766 0.         0.01166803 0.         0.         0.         0.         0.         0.01041738 0.         0.         0.01615654 0.         0.01047129 0.         0.01637242 0.01337702 0.         0.        ],[0. 0. 0. 0. 1. 0. 0. 0. 0. 1. 0. 0. 1. 0. 1. 0. 0. 0. 0. 0. 1. 0. 0. 1. 0. 1. 0. 1. 1. 0. 0.],9.0,10000,30,0.6,10,1,9,,problem_solving
1700,0.03064744806158163,0.010115839732120973,0.4,0.35882635460461304,[0.         0.         0.         0.         0.89267867 0.         0.         0.         0.         0.01177099 0.         0.         0.01708766 0.         0.01166803 0.         0.         0.         0.         0.         0.01041738 0.         0.         0.01615654 0.         0.01047129 0.         0.01637242 0.01337702 0.         0.        ],[0. 0. 0. 0. 1. 0. 0. 0. 0. 1. 0. 0. 1. 0. 1. 0. 0. 0. 0. 0. 1. 0. 0. 1. 0. 1. 0. 1. 1. 0. 0.],9.0,10000,30,0.6,10,1,9,,problem_solving
1800,0.03064744806158163,0.010115839732120973,0.4,-9.16474136290396,[0.         0.         0.         0.         0.89267867 0.         0.         0.         0.         0.01177099 0.         0.         0.01708766 0.         0.01166803 0.         0.         0.         0.         0.         0.01041738 0.         0.         0.01615654 0.         0.01047129 0.         0.01637242 0.01337702 0.         0.        ],[0. 0. 0. 0. 1. 0. 0. 0. 0. 1. 0. 0. 1. 0. 1. 0. 0. 0. 0. 0. 1. 0. 0. 1. 0. 1. 0. 1. 1. 0. 0.],9.0,10000,30,0.6,10,1,9,,problem_solving
1900,0.03064744806158163,0.010115839732120973,0.4,-12.280323084903156,[0.         0.         0.         0.         0.89267867 0.         0.         0.         0.         0.01177099 0.         0.         0.01708766 0.         0.01166803 0.         0.         0.         0.         0.         0.01041738 0.         0.         0.01615654 0.         0.01047129 0.         0.01637242 0.01337702 0.         0.        ],[0. 0. 0. 0. 1. 0. 0. 0. 0. 1. 0. 0. 1. 0. 1. 0. 0. 0. 0. 0. 1. 0. 0. 1. 0. 1. 0. 1. 1. 0. 0.],9.0,10000,30,0.6,10,1,9,,problem_solving
2000,0.03064744806158163,0.010115839732120973,0.4,18.736063681708078,[0.         0.         0.         0.         0.89267867 0.         0.         0.         0.         0.01177099 0.         0.         0.01708766 0.         0.01166803 0.         0.         0.         0.         0.         0.01041738 0.         0.         0.01615654 0.         0.01047129 0.         0.01637242 0.01337702 0.         0.        ],[0. 0. 0. 0. 1. 0. 0. 0. 0. 1. 0. 0. 1. 0. 1. 0. 0. 0. 0. 0. 1. 0. 0. 1. 0. 1. 0. 1. 1. 0. 0.],9.0,10000,30,0.6,10,1,9,,problem_solving
2100,0.03064744806158163,0.010115839732120973,0.4,-0.41696380651552206,[0.         0.         0.         0.         0.89267867 0.         0.         0.         0.         0.01177099 0.         0.         0.01708766 0.         0.01166803 0.         0.         0.         0.         0.         0.01041738 0.         0.         0.01615654 0.         0.01047129 0.         0.01637242 0.01337702 0.         0.        ],[0. 0. 0. 0. 1. 0. 0. 0. 0. 1. 0. 0. 1. 0. 1. 0. 0. 0. 0. 0. 1. 0. 0. 1. 0. 1. 0. 1. 1. 0. 0.],9.0,10000,30,0.6,10,1,9,,problem_solving
2200,0.03064744806158163,0.010115839732120973,0.4,-10.080258402747992,[0.         0.         0.         0.         0.89267867 0.         0.         0.         0.         0.01177099 0.         0.         0.01708766 0.         0.01166803 0.         0.         0.         0.         0.         0.01041738 0.         0.         0.01615654 0.         0.01047129 0.         0.01637242 0.01337702 0.         0.        ],[0. 0. 0. 0. 1. 0. 0. 0. 0. 1. 0. 0. 1. 0. 1. 0. 0. 0. 0. 0. 1. 0. 0. 1. 0. 1. 0. 1. 1. 0. 0.],9.0,10000,30,0.6,10,1,9,,problem_solving
2300,0.03064744806158163,0.010115839732120973,0.4,9.485227715310646,[0.         0.         0.         0.         0.89267867 0.         0.         0.         0.         0.01177099 0.         0.         0.01708766 0.         0.01166803 0.         0.         0.         0.         0.         0.01041738 0.         0.         0.01615654 0.         0.01047129 0.         0.01637242 0.01337702 0.         0.        ],[0. 0. 0. 0. 1. 0. 0. 0. 0. 1. 0. 0. 1. 0. 1. 0. 0. 0. 0. 0. 1. 0. 0. 1. 0. 1. 0. 1. 1. 0. 0.],9.0,10000,30,0.6,10,1,9,,problem_solving
2400,0.03064744806158163,0.010115839732120973,0.4,-4.14439410177839,[0.         0.         0.         0.         0.89267867 0.         0.         0.         0.         0.01177099 0.         0.         0.01708766 0.         0.01166803 0.         0.         0.         0.         0.         0.01041738 0.         0.         0.01615654 0.         0.01047129 0.         0.01637242 0.01337702 0.         0.        ],[0. 0. 0. 0. 1. 0. 0. 0. 0. 1. 0. 0. 1. 0. 1. 0. 0. 0. 0. 0. 1. 0. 0. 1. 0. 1. 0. 1. 1. 0. 0.],9.0,10000,30,0.6,10,1,9,,problem_solving
2500,0.03064744806158163,0.010115839732120973,0.4,7.019976923482956,[0.         0.         0.         0.         0.89267867 0.         0.         0.         0.         0.01177099 0.         0.         0.01708766 0.         0.01166803 0.         0.         0.         0.         0.         0.01041738 0.         0.         0.01615654 0.         0.01047129 0.         0.01637242 0.01337702 0.         0.        ],[0. 0. 0. 0. 1. 0. 0. 0. 0. 1. 0. 0. 1. 0. 1. 0. 0. 0. 0. 0. 1. 0. 0. 1. 0. 1. 0. 1. 1. 0. 0.],9.0,10000,30,0.6,10,1,9,,problem_solving
2600,0.03064744806158163,0.010115839732120973,0.4,6.596459408525673,[0.         0.         0.         0.         0.89267867 0.         0.         0.         0.         0.01177099 0.         0.         0.01708766 0.         0.01166803 0.         0.         0.         0.         0.         0.01041738 0.         0.         0.01615654 0.         0.01047129 0.         0.01637242 0.01337702 0.         0.        ],[0. 0. 0. 0. 1. 0. 0. 0. 0. 1. 0. 0. 1. 0. 1. 0. 0. 0. 0. 0. 1. 0. 0. 1. 0. 1. 0. 1. 1. 0. 0.],9.0,10000,30,0.6,10,1,9,,problem_solving
2700,0.03064744806158163,0.010115839732120973,0.4,0.8792973523148316,[0.         0.         0.         0.         0.89267867 0.         0.         0.         0.         0.01177099 0.         0.         0.01708766 0.         0.01166803 0.         0.         0.         0.         0.         0.01041738 0.         0.         0.01615654 0.         0.01047129 0.         0.01637242 0.01337702 0.         0.        ],[0. 0. 0. 0. 1. 0. 0. 0. 0. 1. 0. 0. 1. 0. 1. 0. 0. 0. 0. 0. 1. 0. 0. 1. 0. 1. 0. 1. 1. 0. 0.],9.0,10000,30,0.6,10,1,9,,problem_solving
2800,0.03064744806158163,0.010115839732120973,0.4,2.320712631979391,[0.         0.         0.         0.         0.89267867 0.         0.         0.         0.         0.01177099 0.         0.         0.01708766 0.         0.01166803 0.         0.         0.         0.         0.         0.01041738 0.         0.         0.01615654 0.         0.01047129 0.         0.01637242 0.01337702 0.         0.        ],[0. 0. 0. 0. 1. 0. 0. 0. 0. 1. 0. 0. 1. 0. 1. 0. 0. 0. 0. 0. 1. 0. 0. 1. 0. 1. 0. 1. 1. 0. 0.],9.0,10000,30,0.6,10,1,9,,problem_solving
2900,0.03064744806158163,0.010115839732120973,0.4,-10.739264653813468,[0.         0.         0.         0.         0.89267867 0.         0.         0.         0.         0.01177099 0.         0.         0.01708766 0.         0.01166803 0.         0.         0.         0.         0.         0.01041738 0.         0.         0.01615654 0.         0.01047129 0.         0.01637242 0.01337702 0.         0.        ],[0. 0. 0. 0. 1. 0. 0. 0. 0. 1. 0. 0. 1. 0. 1. 0. 0. 0. 0. 0. 1. 0. 0. 1. 0. 1. 0. 1. 1. 0. 0.],9.0,10000,30,0.6,10,1,9,,problem_solving
3000,0.03064744806158163,0.010115839732120973,0.4,-8.906555037254416,[0.         0.         0.         0.         0.89267867 0.         0.         0.         0.         0.01177099 0.         0.         0.01708766 0.         0.01166803 0.         0.         0.         0.         0.         0.01041738 0.         0.         0.01615654 0.         0.01047129 0.         0.01637242 0.01337702 0.         0.        ],[0. 0. 0. 0. 1. 0. 0. 0. 0. 1. 0. 0. 1. 0. 1. 0. 0. 0. 0. 0. 1. 0. 0. 1. 0. 1. 0. 1. 1. 0. 0.],9.0,10000,30,0.6,10,1,9,,problem_solving
3100,0.03064744806158163,0.010115839732120973,0.4,4.6362408823491394,[0.         0.         0.         0.         0.89267867 0.         0.         0.         0.         0.01177099 0.         0.         0.01708766 0.         0.01166803 0.         0.         0.         0.         0.         0.01041738 0.         0.         0.01615654 0.         0.01047129 0.         0.01637242 0.01337702 0.         0.        ],[0. 0. 0. 0. 1. 0. 0. 0. 0. 1. 0. 0. 1. 0. 1. 0. 0. 0. 0. 0. 1. 0. 0. 1. 0. 1. 0. 1. 1. 0. 0.],9.0,10000,30,0.6,10,1,9,,problem_solving
3200,0.03064744806158163,0.010115839732120973,0.4,-17.168473304694935,[0.         0.         0.         0.         0.89267867 0.         0.         0.         0.         0.01177099 0.         0.         0.01708766 0.         0.01166803 0.         0.         0.         0.         0.         0.01041738 0.         0.         0.01615654 0.         0.01047129 0.         0.01637242 0.01337702 0.         0.        ],[0. 0. 0. 0. 1. 0. 0. 0. 0. 1. 0. 0. 1. 0. 1. 0. 0. 0. 0. 0. 1. 0. 0. 1. 0. 1. 0. 1. 1. 0. 0.],9.0,10000,30,0.6,10,1,9,,problem_solving
3300,0.03064744806158163,0.010115839732120973,0.4,-2.6447227639739177,[0.         0.         0.         0.         0.89267867 0.         0.         0.         0.         0.01177099 0.         0.         0.01708766 0.         0.01166803 0.         0.         0.         0.         0.         0.01041738 0.         0.         0.01615654 0.         0.01047129 0.         0.01637242 0.01337702 0.         0.        ],[0. 0. 0. 0. 1. 0. 0. 0. 0. 1. 0. 0. 1. 0. 1. 0. 0. 0. 0. 0. 1. 0. 0. 1. 0. 1. 0. 1. 1. 0. 0.],9.0,10000,30,0.6,10,1,9,,problem_solving
3400,0.03064744806158163,0.010115839732120973,0.4,5.067839251437012,[0.         0.         0.         0.         0.89267867 0.         0.         0.         0.         0.01177099 0.         0.         0.01708766 0.         0.01166803 0.         0.         0.         0.         0.         0.01041738 0.         0.         0.01615654 0.         0.01047129 0.         0.01637242 0.01337702 0.         0.        ],[0. 0. 0. 0. 1. 0. 0. 0. 0. 1. 0. 0. 1. 0. 1. 0. 0. 0. 0. 0. 1. 0. 0. 1. 0. 1. 0. 1. 1. 0. 0.],9.0,10000,30,0.6,10,1,9,,problem_solving
3500,0.03064744806158163,0.010115839732120973,0.4,-3.6615048375066945,[0.         0.         0.         0.         0.89267867 0.         0.         0.         0.         0.01177099 0.         0.         0.01708766 0.         0.01166803 0.         0.         0.         0.         0.         0.01041738 0.         0.         0.01615654 0.         0.01047129 0.         0.01637242 0.01337702 0.         0.        ],[0. 0. 0. 0. 1. 0. 0. 0. 0. 1. 0. 0. 1. 0. 1. 0. 0. 0. 0. 0. 1. 0. 0. 1. 0. 1. 0. 1. 1. 0. 0.],9.0,10000,30,0.6,10,1,9,,problem_solving
3600,0.03064744806158163,0.010115839732120973,0.4,-0.47619176809501085,[0.         0.         0.         0.         0.89267867 0.         0.         0.         0.         0.01177099 0.         0.         0.01708766 0.         0.01166803 0.         0.         0.         0.         0.         0.01041738 0.         0.         0.01615654 0.         0.01047129 0.         0.01637242 0.01337702 0.         0.        ],[0. 0. 0. 0. 1. 0. 0. 0. 0. 1. 0. 0. 1. 0. 1. 0. 0. 0. 0. 0. 1. 0. 0. 1. 0. 1. 0. 1. 1. 0. 0.],9.0,10000,30,0.6,10,1,9,,problem_solving
3700,0.03064744806158163,0.010115839732120973,0.4,2.581201693297851,[0.         0.         0.         0.         0.89267867 0.         0.         0.         0.         0.01177099 0.         0.         0.01708766 0.         0.01166803 0.         0.         0.         0.         0.         0.01041738 0.         0.         0.01615654 0.         0.01047129 0.         0.01637242 0.01337702 0.         0.        ],[0. 0. 0. 0. 1. 0. 0. 0. 0. 1. 0. 0. 1. 0. 1. 0. 0. 0. 0. 0. 1. 0. 0. 1. 0. 1. 0. 1. 1. 0. 0.],9.0,10000,30,0.6,10,1,9,,problem_solving
3800,0.03064744806158163,0.010115839732120973,0.4,11.327829932006612,[0.         0.         0.         0.         0.89267867 0.         0.         0.         0.         0.01177099 0.         0.         0.01708766 0.         0.01166803 0.         0.         0.         0.         0.         0.01041738 0.         0.         0.01615654 0.         0.01047129 0.         0.01637242 0.01337702 0.         0.        ],[0. 0. 0. 0. 1. 0. 0. 0. 0. 1. 0. 0. 1. 0. 1. 0. 0. 0. 0. 0. 1. 0. 0. 1. 0. 1. 0. 1. 1. 0. 0.],9.0,10000,30,0.6,10,1,9,,problem_solving
3900,0.03064744806158163,0.010115839732120973,0.4,-2.275742538917292,[0.         0.         0.         0.         0.89267867 0.         0.         0.         0.         0.01177099 0.         0.         0.01708766 0.         0.01166803 0.         0.         0.         0.         0.         0.01041738 0.         0.         0.01615654 0.         0.01047129 0.         0.01637242 0.01337702 0.         0.        ],[0. 0. 0. 0. 1. 0. 0. 0. 0. 1. 0. 0. 1. 0. 1. 0. 0. 0. 0. 0. 1. 0. 0. 1. 0. 1. 0. 1. 1. 0. 0.],9.0,10000,30,0.6,10,1,9,,problem_solving
4000,0.03064744806158163,0.010115839732120973,0.4,5.97766605130642,[0.         0.         0.         0.         0.89267867 0.         0.         0.         0.         0.01177099 0.         0.         0.01708766 0.         0.01166803 0.         0.         0.         0.         0.         0.01041738 0.         0.         0.01615654 0.         0.01047129 0.         0.01637242 0.01337702 0.         0.        ],[0. 0. 0. 0. 1. 0. 0. 0. 0. 1. 0. 0. 1. 0. 1. 0. 0. 0. 0. 0. 1. 0. 0. 1. 0. 1. 0. 1. 1. 0. 0.],9.0,10000,30,0.6,10,1,9,,problem_solving
4100,0.03064744806158163,0.010115839732120973,0.4,13.200636407813693,[0.         0.         0.         0.         0.89267867 0.         0.         0.         0.         0.01177099 0.         0.         0.01708766 0.         0.01166803 0.         0.         0.         0.         0.         0.01041738 0.         0.         0.01615654 0.         0.01047129 0.         0.01637242 0.01337702 0.         0.        ],[0. 0. 0. 0. 1. 0. 0. 0. 0. 1. 0. 0. 1. 0. 1. 0. 0. 0. 0. 0. 1. 0. 0. 1. 0. 1. 0. 1. 1. 0. 0.],9.0,10000,30,0.6,10,1,9,,problem_solving
4200,0.03064744806158163,0.010115839732120973,0.4,9.374027910051712,[0.         0.         0.         0.         0.89267867 0.         0.         0.         0.         0.01177099 0.         0.         0.01708766 0.         0.01166803 0.         0.         0.         0.         0.         0.01041738 0.         0.         0.01615654 0.         0.01047129 0.         0.01637242 0.01337702 0.         0.        ],[0. 0. 0. 0. 1. 0. 0. 0. 0. 1. 0. 0. 1. 0. 1. 0. 0. 0. 0. 0. 1. 0. 0. 1. 0. 1. 0. 1. 1. 0. 0.],9.0,10000,30,0.6,10,1,9,,problem_solving
4300,0.03064744806158163,0.010115839732120973,0.4,-0.8725119341178246,[0.         0.         0.         0.         0.89267867 0.         0.         0.         0.         0.01177099 0.         0.         0.01708766 0.         0.01166803 0.         0.         0.         0.         0.         0.01041738 0.         0.         0.01615654 0.         0.01047129 0.         0.01637242 0.01337702 0.         0.        ],[0. 0. 0. 0. 1. 0. 0. 0. 0. 1. 0. 0. 1. 0. 1. 0. 0. 0. 0. 0. 1. 0. 0. 1. 0. 1. 0. 1. 1. 0. 0.],9.0,10000,30,0.6,10,1,9,,problem_solving
4400,0.03064744806158163,0.010115839732120973,0.4,15.771705271396975,[0.         0.         0.         0.         0.89267867 0.         0.         0.         0.         0.01177099 0.         0.         0.01708766 0.         0.01166803 0.         0.         0.         0.         0.         0.01041738 0.         0.         0.01615654 0.         0.01047129 0.         0.01637242 0.01337702 0.         0.        ],[0. 0. 0. 0. 1. 0. 0. 0. 0. 1. 0. 0. 1. 0. 1. 0. 0. 0. 0. 0. 1. 0. 0. 1. 0. 1. 0. 1. 1. 0. 0.],9.0,10000,30,0.6,10,1,9,,problem_solving
4500,0.03064744806158163,0.010115839732120973,0.4,-6.8878065234094965,[0.         0.         0.         0.         0.89267867 0.         0.         0.         0.         0.01177099 0.         0.         0.01708766 0.         0.01166803 0.         0.         0.         0.         0.         0.01041738 0.         0.         0.01615654 0.         0.01047129 0.         0.01637242 0.01337702 0.         0.        ],[0. 0. 0. 0. 1. 0. 0. 0. 0. 1. 0. 0. 1. 0. 1. 0. 0. 0. 0. 0. 1. 0. 0. 1. 0. 1. 0. 1. 1. 0. 0.],9.0,10000,30,0.6,10,1,9,,problem_solving
4600,0.03064744806158163,0.010115839732120973,0.4,13.040997703225038,[0.         0.         0.         0.         0.89267867 0.         0.         0.         0.         0.01177099 0.         0.         0.01708766 0.         0.01166803 0.         0.         0.         0.         0.         0.01041738 0.         0.         0.01615654 0.         0.01047129 0.         0.01637242 0.01337702 0.         0.        ],[0. 0. 0. 0. 1. 0. 0. 0. 0. 1. 0. 0. 1. 0. 1. 0. 0. 0. 0. 0. 1. 0. 0. 1. 0. 1. 0. 1. 1. 0. 0.],9.0,10000,30,0.6,10,1,9,,problem_solving
4700,0.03064744806158163,0.010115839732120973,0.4,23.916733731542724,[0.         0.         0.         0.         0.89267867 0.         0.         0.         0.         0.01177099 0.         0.         0.01708766 0.         0.01166803 0.         0.         0.         0.         0.         0.01041738 0.         0.         0.01615654 0.         0.01047129 0.         0.01637242 0.01337702 0.         0.        ],[0. 0. 0. 0. 1. 0. 0. 0. 0. 1. 0. 0. 1. 0. 1. 0. 0. 0. 0. 0. 1. 0. 0. 1. 0. 1. 0. 1. 1. 0. 0.],9.0,10000,30,0.6,10,1,9,,problem_solving
4800,0.03064744806158163,0.010115839732120973,0.4,-3.811692905581982,[0.         0.         0.         0.         0.89267867 0.         0.         0.         0.         0.01177099 0.         0.         0.01708766 0.         0.01166803 0.         0.         0.         0.         0.         0.01041738 0.         0.         0.01615654 0.         0.01047129 0.         0.01637242 0.01337702 0.         0.        ],[0. 0. 0. 0. 1. 0. 0. 0. 0. 1. 0. 0. 1. 0. 1. 0. 0. 0. 0. 0. 1. 0. 0. 1. 0. 1. 0. 1. 1. 0. 0.],9.0,10000,30,0.6,10,1,9,,problem_solving
4900,0.03064744806158163,0.010115839732120973,0.4,-8.647940764163204,[0.         0.         0.         0.         0.89267867 0.         0.         0.         0.         0.01177099 0.         0.         0.01708766 0.         0.01166803 0.         0.         0.         0.         0.         0.01041738 0.         0.         0.01615654 0.         0.01047129 0.         0.01637242 0.01337702 0.         0.        ],[0. 0. 0. 0. 1. 0. 0. 0. 0. 1. 0. 0. 1. 0. 1. 0. 0. 0. 0. 0. 1. 0. 0. 1. 0. 1. 0. 1. 1. 0. 0.],9.0,10000,30,0.6,10,1,9,,problem_solving
5000,0.03064744806158163,0.010115839732120973,0.4,6.2190599017864745,[0.         0.         0.         0.         0.89267867 0.         0.         0.         0.         0.01177099 0.         0.         0.01708766 0.         0.01166803 0.         0.         0.         0.         0.         0.01041738 0.         0.         0.01615654 0.         0.01047129 0.         0.01637242 0.01337702 0.         0.        ],[0. 0. 0. 0. 1. 0. 0. 0. 0. 1. 0. 0. 1. 0. 1. 0. 0. 0. 0. 0. 1. 0. 0. 1. 0. 1. 0. 1. 1. 0. 0.],9.0,10000,30,0.6,10,1,9,,problem_solving
5100,0.03064744806158163,0.010115839732120973,0.4,6.442485415787099,[0.         0.         0.         0.         0.89267867 0.         0.         0.         0.         0.01177099 0.         0.         0.01708766 0.         0.01166803 0.         0.         0.         0.         0.         0.01041738 0.         0.         0.01615654 0.         0.01047129 0.         0.01637242 0.01337702 0.         0.        ],[0. 0. 0. 0. 1. 0. 0. 0. 0. 1. 0. 0. 1. 0. 1. 0. 0. 0. 0. 0. 1. 0. 0. 1. 0. 1. 0. 1. 1. 0. 0.],9.0,10000,30,0.6,10,1,9,,problem_solving
5200,0.03064744806158163,0.010115839732120973,0.4,8.288040634462266,[0.         0.         0.         0.         0.89267867 0.         0.         0.         0.         0.01177099 0.         0.         0.01708766 0.         0.01166803 0.         0.         0.         0.         0.         0.01041738 0.         0.         0.01615654 0.         0.01047129 0.         0.01637242 0.01337702 0.         0.        ],[0. 0. 0. 0. 1. 0. 0. 0. 0. 1. 0. 0. 1. 0. 1. 0. 0. 0. 0. 0. 1. 0. 0. 1. 0. 1. 0. 1. 1. 0. 0.],9.0,10000,30,0.6,10,1,9,,problem_solving
5300,0.03064744806158163,0.010115839732120973,0.4,-0.6899961374819663,[0.         0.         0.         0.         0.89267867 0.         0.         0.         0.         0.01177099 0.         0.         0.01708766 0.         0.01166803 0.         0.         0.         0.         0.         0.01041738 0.         0.         0.01615654 0.         0.01047129 0.         0.01637242 0.01337702 0.         0.        ],[0. 0. 0. 0. 1. 0. 0. 0. 0. 1. 0. 0. 1. 0. 1. 0. 0. 0. 0. 0. 1. 0. 0. 1. 0. 1. 0. 1. 1. 0. 0.],9.0,10000,30,0.6,10,1,9,,problem_solving
5400,0.03064744806158163,0.010115839732120973,0.4,-7.829208301908627,[0.         0.         0.         0.         0.89267867 0.         0.         0.         0.         0.01177099 0.         0.         0.01708766 0.         0.01166803 0.         0.         0.         0.         0.         0.01041738 0.         0.         0.01615654 0.         0.01047129 0.         0.01637242 0.01337702 0.         0.        ],[0. 0. 0. 0. 1. 0. 0. 0. 0. 1. 0. 0. 1. 0. 1. 0. 0. 0. 0. 0. 1. 0. 0. 1. 0. 1. 0. 1. 1. 0. 0.],9.0,10000,30,0.6,10,1,9,,problem_solving
5500,0.03064744806158163,0.010115839732120973,0.4,15.06122044660686,[0.         0.         0.         0.         0.89267867 0.         0.         0.         0.         0.01177099 0.         0.         0.01708766 0.         0.01166803 0.         0.         0.         0.         0.         0.01041738 0.         0.         0.01615654 0.         0.01047129 0.         0.01637242 0.01337702 0.         0.        ],[0. 0. 0. 0. 1. 0. 0. 0. 0. 1. 0. 0. 1. 0. 1. 0. 0. 0. 0. 0. 1. 0. 0. 1. 0. 1. 0. 1. 1. 0. 0.],9.0,10000,30,0.6,10,1,9,,problem_solving
5600,0.03064744806158163,0.010115839732120973,0.4,-10.87821406446379,[0.         0.         0.         0.         0.89267867 0.         0.         0.         0.         0.01177099 0.         0.         0.01708766 0.         0.01166803 0.         0.         0.         0.         0.         0.01041738 0.         0.         0.01615654 0.         0.01047129 0.         0.01637242 0.01337702 0.         0.        ],[0. 0. 0. 0. 1. 0. 0. 0. 0. 1. 0. 0. 1. 0. 1. 0. 0. 0. 0. 0. 1. 0. 0. 1. 0. 1. 0. 1. 1. 0. 0.],9.0,10000,30,0.6,10,1,9,,problem_solving
5700,0.03064744806158163,0.010115839732120973,0.4,10.22474119106191,[0.         0.         0.         0.         0.89267867 0.         0.         0.         0.         0.01177099 0.         0.         0.01708766 0.         0.01166803 0.         0.         0.         0.         0.         0.01041738 0.         0.         0.01615654 0.         0.01047129 0.         0.01637242 0.01337702 0.         0.        ],[0. 0. 0. 0. 1. 0. 0. 0. 0. 1. 0. 0. 1. 0. 1. 0. 0. 0. 0. 0. 1. 0. 0. 1. 0. 1. 0. 1. 1. 0. 0.],9.0,10000,30,0.6,10,1,9,,problem_solving
5800,0.03064744806158163,0.010115839732120973,0.4,11.982009082429572,[0.         0.         0.         0.         0.89267867 0.         0.         0.         0.         0.01177099 0.         0.         0.01708766 0.         0.01166803 0.         0.         0.         0.         0.         0.01041738 0.         0.         0.01615654 0.         0.01047129 0.         0.01637242 0.01337702 0.         0.        ],[0. 0. 0. 0. 1. 0. 0. 0. 0. 1. 0. 0. 1. 0. 1. 0. 0. 0. 0. 0. 1. 0. 0. 1. 0. 1. 0. 1. 1. 0. 0.],9.0,10000,30,0.6,10,1,9,,problem_solving
5900,0.03064744806158163,0.010115839732120973,0.4,3.668464314228392,[0.         0.         0.         0.         0.89267867 0.         0.         0.         0.         0.01177099 0.         0.         0.01708766 0.         0.01166803 0.         0.         0.         0.         0.         0.01041738 0.         0.         0.01615654 0.         0.01047129 0.         0.01637242 0.01337702 0.         0.        ],[0. 0. 0. 0. 1. 0. 0. 0. 0. 1. 0. 0. 1. 0. 1. 0. 0. 0. 0. 0. 1. 0. 0. 1. 0. 1. 0. 1. 1. 0. 0.],9.0,10000,30,0.6,10,1,9,,problem_solving
6000,0.03064744806158163,0.010115839732120973,0.4,-3.122194441939547,[0.         0.         0.         0.         0.89267867 0.         0.         0.         0.         0.01177099 0.         0.         0.01708766 0.         0.01166803 0.         0.         0.         0.         0.         0.01041738 0.         0.         0.01615654 0.         0.01047129 0.         0.01637242 0.01337702 0.         0.        ],[0. 0. 0. 0. 1. 0. 0. 0. 0. 1. 0. 0. 1. 0. 1. 0. 0. 0. 0. 0. 1. 0. 0. 1. 0. 1. 0. 1. 1. 0. 0.],9.0,10000,30,0.6,10,1,9,,problem_solving
6100,0.03064744806158163,0.010115839732120973,0.4,-2.1118814682473936,[0.         0.         0.         0.         0.89267867 0.         0.         0.         0.         0.01177099 0.         0.         0.01708766 0.         0.01166803 0.         0.         0.         0.         0.         0.01041738 0.         0.         0.01615654 0.         0.01047129 0.         0.01637242 0.01337702 0.         0.        ],[0. 0. 0. 0. 1. 0. 0. 0. 0. 1. 0. 0. 1. 0. 1. 0. 0. 0. 0. 0. 1. 0. 0. 1. 0. 1. 0. 1. 1. 0. 0.],9.0,10000,30,0.6,10,1,9,,problem_solving
6200,0.03064744806158163,0.010115839732120973,0.4,3.37911261455078,[0.         0.         0.         0.         0.89267867 0.         0.         0.         0.         0.01177099 0.         0.         0.01708766 0.         0.01166803 0.         0.         0.         0.         0.         0.01041738 0.         0.         0.01615654 0.         0.01047129 0.         0.01637242 0.01337702 0.         0.        ],[0. 0. 0. 0. 1. 0. 0. 0. 0. 1. 0. 0. 1. 0. 1. 0. 0. 0. 0. 0. 1. 0. 0. 1. 0. 1. 0. 1. 1. 0. 0.],9.0,10000,30,0.6,10,1,9,,problem_solving
6300,0.03064744806158163,0.010115839732120973,0.4,17.38193435786551,[0.         0.         0.         0.         0.89267867 0.         0.         0.         0.         0.01177099 0.         0.         0.01708766 0.         0.01166803 0.         0.         0.         0.         0.         0.01041738 0.         0.         0.01615654 0.         0.01047129 0.         0.01637242 0.01337702 0.         0.        ],[0. 0. 0. 0. 1. 0. 0. 0. 0. 1. 0. 0. 1. 0. 1. 0. 0. 0. 0. 0. 1. 0. 0. 1. 0. 1. 0. 1. 1. 0. 0.],9.0,10000,30,0.6,10,1,9,,problem_solving
6400,0.03064744806158163,0.010115839732120973,0.4,-2.9213724872507396,[0.         0.         0.         0.         0.89267867 0.         0.         0.         0.         0.01177099 0.         0.         0.01708766 0.         0.01166803 0.         0.         0.         0.         0.         0.01041738 0.         0.         0.01615654 0.         0.01047129 0.         0.01637242 0.01337702 0.         0.        ],[0. 0. 0. 0. 1. 0. 0. 0. 0. 1. 0. 0. 1. 0. 1. 0. 0. 0. 0. 0. 1. 0. 0. 1. 0. 1. 0. 1. 1. 0. 0.],9.0,10000,30,0.6,10,1,9,,problem_solving
6500,0.03064744806158163,0.010115839732120973,0.4,-16.364358544588228,[0.         0.         0.         0.         0.89267867 0.         0.         0.         0.         0.01177099 0.         0.         0.01708766 0.         0.01166803 0.         0.         0.         0.         0.         0.01041738 0.         0.         0.01615654 0.         0.01047129 0.         0.01637242 0.01337702 0.         0.        ],[0. 0. 0. 0. 1. 0. 0. 0. 0. 1. 0. 0. 1. 0. 1. 0. 0. 0. 0. 0. 1. 0. 0. 1. 0. 1. 0. 1. 1. 0. 0.],9.0,10000,30,0.6,10,1,9,,problem_solving
6600,0.03064744806158163,0.010115839732120973,0.4,6.3188625071089835,[0.         0.         0.         0.         0.89267867 0.         0.         0.         0.         0.01177099 0.         0.         0.01708766 0.         0.01166803 0.         0.         0.         0.         0.         0.01041738 0.         0.         0.01615654 0.         0.01047129 0.         0.01637242 0.01337702 0.         0.        ],[0. 0. 0. 0. 1. 0. 0. 0. 0. 1. 0. 0. 1. 0. 1. 0. 0. 0. 0. 0. 1. 0. 0. 1. 0. 1. 0. 1. 1. 0. 0.],9.0,10000,30,0.6,10,1,9,,problem_solving
6700,0.03064744806158163,0.010115839732120973,0.4,-2.1637546752046064,[0.         0.         0.         0.         0.89267867 0.         0.         0.         0.         0.01177099 0.         0.         0.01708766 0.         0.01166803 0.         0.         0.         0.         0.         0.01041738 0.         0.         0.01615654 0.         0.01047129 0.         0.01637242 0.01337702 0.         0.        ],[0. 0. 0. 0. 1. 0. 0. 0. 0. 1. 0. 0. 1. 0. 1. 0. 0. 0. 0. 0. 1. 0. 0. 1. 0. 1. 0. 1. 1. 0. 0.],9.0,10000,30,0.6,10,1,9,,problem_solving
6800,0.03064744806158163,0.010115839732120973,0.4,-25.13139747886257,[0.         0.         0.         0.         0.89267867 0.         0.         0.         0.         0.01177099 0.         0.         0.01708766 0.         0.01166803 0.         0.         0.         0.         0.         0.01041738 0.         0.         0.01615654 0.         0.01047129 0.         0.01637242 0.01337702 0.         0.        ],[0. 0. 0. 0. 1. 0. 0. 0. 0. 1. 0. 0. 1. 0. 1. 0. 0. 0. 0. 0. 1. 0. 0. 1. 0. 1. 0. 1. 1. 0. 0.],9.0,10000,30,0.6,10,1,9,,problem_solving
6900,0.03064744806158163,0.010115839732120973,0.4,2.9230964204618375,[0.         0.         0.         0.         0.89267867 0.         0.         0.         0.         0.01177099 0.         0.         0.01708766 0.         0.01166803 0.         0.         0.         0.         0.         0.01041738 0.         0.         0.01615654 0.         0.01047129 0.         0.01637242 0.01337702 0.         0.        ],[0. 0. 0. 0. 1. 0. 0. 0. 0. 1. 0. 0. 1. 0. 1. 0. 0. 0. 0. 0. 1. 0. 0. 1. 0. 1. 0. 1. 1. 0. 0.],9.0,10000,30,0.6,10,1,9,,problem_solving
7000,0.03064744806158163,0.010115839732120973,0.4,-3.126517499099983,[0.         0.         0.         0.         0.89267867 0.         0.         0.         0.         0.01177099 0.         0.         0.01708766 0.         0.01166803 0.         0.         0.         0.         0.         0.01041738 0.         0.         0.01615654 0.         0.01047129 0.         0.01637242 0.01337702 0.         0.        ],[0. 0. 0. 0. 1. 0. 0. 0. 0. 1. 0. 0. 1. 0. 1. 0. 0. 0. 0. 0. 1. 0. 0. 1. 0. 1. 0. 1. 1. 0. 0.],9.0,10000,30,0.6,10,1,9,,problem_solving
7100,0.028881489999193176,0.004774492625698871,0.4,-7.016067953997052,[0.01583552 0.         0.         0.         0.01433524 0.         0.         0.01651922 0.01317723 0.         0.         0.         0.         0.         0.01671448 0.         0.         0.01064598 0.010559   0.         0.         0.         0.         0.         0.01335472 0.8888586  0.         0.         0.         0.         0.        ],[1. 0. 0. 0. 1. 0. 0. 1. 1. 0. 0. 0. 0. 0. 1. 0. 0. 1. 1. 0. 0. 0. 0. 0. 1. 1. 0. 0. 0. 0. 0.],9.0,10000,30,0.6,10,1,9,,problem_solving
7200,0.028881489999193176,0.004774492625698871,0.4,-4.81644135929018,[0.01583552 0.         0.         0.         0.01433524 0.         0.         0.01651922 0.01317723 0.         0.         0.         0.         0.         0.01671448 0.         0.         0.01064598 0.010559   0.         0.         0.         0.         0.         0.01335472 0.8888586  0.         0.         0.         0.         0.        ],[1. 0. 0. 0. 1. 0. 0. 1. 1. 0. 0. 0. 0. 0. 1. 0. 0. 1. 1. 0. 0. 0. 0. 0. 1. 1. 0. 0. 0. 0. 0.],9.0,10000,30,0.6,10,1,9,,problem_solving
7300,0.028881489999193176,0.004774492625698871,0.4,-0.33127503208362563,[0.01583552 0.         0.         0.         0.01433524 0.         0.         0.01651922 0.01317723 0.         0.         0.         0.         0.         0.01671448 0.         0.         0.01064598 0.010559   0.         0.         0.         0.         0.         0.01335472 0.8888586  0.         0.         0.         0.         0.        ],[1. 0. 0. 0. 1. 0. 0. 1. 1. 0. 0. 0. 0. 0. 1. 0. 0. 1. 1. 0. 0. 0. 0. 0. 1. 1. 0. 0. 0. 0. 0.],9.0,10000,30,0.6,10,1,9,,problem_solving
7400,0.028881489999193176,0.004774492625698871,0.4,-18.504032034510928,[0.01583552 0.         0.         0.         0.01433524 0.         0.         0.01651922 0.01317723 0.         0.         0.         0.         0.         0.01671448 0.         0.         0.01064598 0.010559   0.         0.         0.         0.         0.         0.01335472 0.8888586  0.         0.         0.         0.         0.        ],[1. 0. 0. 0. 1. 0. 0. 1. 1. 0. 0. 0. 0. 0. 1. 0. 0. 1. 1. 0. 0. 0. 0. 0. 1. 1. 0. 0. 0. 0. 0.],9.0,10000,30,0.6,10,1,9,,problem_solving
7500,0.028881489999193176,0.004774492625698871,0.4,18.64732610284348,[0.01583552 0.         0.         0.         0.01433524 0.         0.         0.01651922 0.01317723 0.         0.         0.         0.         0.         0.01671448 0.         0.         0.01064598 0.010559   0.         0.         0.         0.         0.         0.01335472 0.8888586  0.         0.         0.         0.         0.        ],[1. 0. 0. 0. 1. 0. 0. 1. 1. 0. 0. 0. 0. 0. 1. 0. 0. 1. 1. 0. 0. 0. 0. 0. 1. 1. 0. 0. 0. 0. 0.],9.0,10000,30,0.6,10,1,9,,problem_solving
7600,0.028881489999193176,0.004774492625698871,0.4,-19.57572749657769,[0.01583552 0.         0.         0.         0.01433524 0.         0.         0.01651922 0.01317723 0.         0.         0.         0.         0.         0.01671448 0.         0.         0.01064598 0.010559   0.         0.         0.         0.         0.         0.01335472 0.8888586  0.         0.         0.         0.         0.        ],[1. 0. 0. 0. 1. 0. 0. 1. 1. 0. 0. 0. 0. 0. 1. 0. 0. 1. 1. 0. 0. 0. 0. 0. 1. 1. 0. 0. 0. 0. 0.],9.0,10000,30,0.6,10,1,9,,problem_solving
7700,0.02781360605583236,0.004613295248417286,0.4,-9.086371079362776,[0.01325361 0.         0.         0.         0.         0.         0.         0.01330482 0.01062667 0.         0.01420443 0.         0.         0.         0.         0.         0.01368924 0.         0.02049045 0.         0.01063613 0.         0.         0.         0.         0.88416829 0.         0.01962637 0.         0.         0.        ],[1. 0. 0. 0. 0. 0. 0. 1. 1. 0. 1. 0. 0. 0. 0. 0. 1. 0. 1. 0. 1. 0. 0. 0. 0. 1. 0. 1. 0. 0. 0.],9.0,10000,30,0.6,10,1,9,,problem_solving
7800,0.02781360605583236,0.004613295248417286,0.4,-21.598859390537047,[0.01325361 0.         0.         0.         0.         0.         0.         0.01330482 0.01062667 0.         0.01420443 0.         0.         0.         0.         0.         0.01368924 0.         0.02049045 0.         0.01063613 0.         0.         0.         0.         0.88416829 0.         0.01962637 0.         0.         0.        ],[1. 0. 0. 0. 0. 0. 0. 1. 1. 0. 1. 0. 0. 0. 0. 0. 1. 0. 1. 0. 1. 0. 0. 0. 0. 1. 0. 1. 0. 0. 0.],9.0,10000,30,0.6,10,1,9,,problem_solving
7900,0.02781360605583236,0.004613295248417286,0.4,-1.859467089450029,[0.01325361 0.         0.         0.         0.         0.         0.         0.01330482 0.01062667 0.         0.01420443 0.         0.         0.         0.         0.         0.01368924 0.         0.02049045 0.         0.01063613 0.         0.         0.         0.         0.88416829 0.         0.01962637 0.         0.         0.        ],[1. 0. 0. 0. 0. 0. 0. 1. 1. 0. 1. 0. 0. 0. 0. 0. 1. 0. 1. 0. 1. 0. 0. 0. 0. 1. 0. 1. 0. 0. 0.],9.0,10000,30,0.6,10,1,9,,problem_solving
8000,0.02781360605583236,0.004613295248417286,0.4,14.31660986850124,[0.01325361 0.         0.         0.         0.         0.         0.         0.01330482 0.01062667 0.         0.01420443 0.         0.         0.         0.         0.         0.01368924 0.         0.02049045 0.         0.01063613 0.         0.         0.         0.         0.88416829 0.         0.01962637 0.         0.         0.        ],[1. 0. 0. 0. 0. 0. 0. 1. 1. 0. 1. 0. 0. 0. 0. 0. 1. 0. 1. 0. 1. 0. 0. 0. 0. 1. 0. 1. 0. 0. 0.],9.0,10000,30,0.6,10,1,9,,problem_solving
8100,0.02781360605583236,0.004613295248417286,0.4,8.132840868632574,[0.01325361 0.         0.         0.         0.         0.         0.         0.01330482 0.01062667 0.         0.01420443 0.         0.         0.         0.         0.         0.01368924 0.         0.02049045 0.         0.01063613 0.         0.         0.         0.         0.88416829 0.         0.01962637 0.         0.         0.        ],[1. 0. 0. 0. 0. 0. 0. 1. 1. 0. 1. 0. 0. 0. 0. 0. 1. 0. 1. 0. 1. 0. 0. 0. 0. 1. 0. 1. 0. 0. 0.],9.0,10000,30,0.6,10,1,9,,problem_solving
8200,0.02781360605583236,0.004613295248417286,0.4,16.480668907134532,[0.01325361 0.         0.         0.         0.         0.         0.         0.01330482 0.01062667 0.         0.01420443 0.         0.         0.         0.         0.         0.01368924 0.         0.02049045 0.         0.01063613 0.         0.         0.         0.         0.88416829 0.         0.01962637 0.         0.         0.        ],[1. 0. 0. 0. 0. 0. 0. 1. 1. 0. 1. 0. 0. 0. 0. 0. 1. 0. 1. 0. 1. 0. 0. 0. 0. 1. 0. 1. 0. 0. 0.],9.0,10000,30,0.6,10,1,9,,problem_solving
8300,0.02781360605583236,0.004613295248417286,0.4,17.696138006557888,[0.01325361 0.         0.         0.         0.         0.         0.         0.01330482 0.01062667 0.         0.01420443 0.         0.         0.         0.         0.         0.01368924 0.         0.02049045 0.         0.01063613 0.         0.         0.         0.         0.88416829 0.         0.01962637 0.         0.         0.        ],[1. 0. 0. 0. 0. 0. 0. 1. 1. 0. 1. 0. 0. 0. 0. 0. 1. 0. 1. 0. 1. 0. 0. 0. 0. 1. 0. 1. 0. 0. 0.],9.0,10000,30,0.6,10,1,9,,problem_solving
8400,0.02781360605583236,0.004613295248417286,0.4,4.313476787583902,[0.01325361 0.         0.         0.         0.         0.         0.         0.01330482 0.01062667 0.         0.01420443 0.         0.         0.         0.         0.         0.01368924 0.         0.02049045 0.         0.01063613 0.         0.         0.         0.         0.88416829 0.         0.01962637 0.         0.         0.        ],[1. 0. 0. 0. 0. 0. 0. 1. 1. 0. 1. 0. 0. 0. 0. 0. 1. 0. 1. 0. 1. 0. 0. 0. 0. 1. 0. 1. 0. 0. 0.],9.0,10000,30,0.6,10,1,9,,problem_solving
8500,0.02781360605583236,0.004613295248417286,0.4,3.0268745740770457,[0.01325361 0.         0.         0.         0.         0.         0.         0.01330482 0.01062667 0.         0.01420443 0.         0.         0.         0.         0.         0.01368924 0.         0.02049045 0.         0.01063613 0.         0.         0.         0.         0.88416829 0.         0.01962637 0.         0.         0.        ],[1. 0. 0. 0. 0. 0. 0. 1. 1. 0. 1. 0. 0. 0. 0. 0. 1. 0. 1. 0. 1. 0. 0. 0. 0. 1. 0. 1. 0. 0. 0.],9.0,10000,30,0.6,10,1,9,,problem_solving
8600,0.02781360605583236,0.004613295248417286,0.4,4.631362161941868,[0.01325361 0.         0.         0.         0.         0.         0.         0.01330482 0.01062667 0.         0.01420443 0.         0.         0.         0.         0.         0.01368924 0.         0.02049045 0.         0.01063613 0.         0.         0.         0.         0.88416829 0.         0.01962637 0.         0.         0.        ],[1. 0. 0. 0. 0. 0. 0. 1. 1. 0. 1. 0. 0. 0. 0. 0. 1. 0. 1. 0. 1. 0. 0. 0. 0. 1. 0. 1. 0. 0. 0.],9.0,10000,30,0.6,10,1,9,,problem_solving
8700,0.02781360605583236,0.004613295248417286,0.4,8.40730871486888,[0.01325361 0.         0.         0.         0.         0.         0.         0.01330482 0.01062667 0.         0.01420443 0.         0.         0.         0.         0.         0.01368924 0.         0.02049045 0.         0.01063613 0.         0.         0.         0.         0.88416829 0.         0.01962637 0.         0.         0.        ],[1. 0. 0. 0. 0. 0. 0. 1. 1. 0. 1. 0. 0. 0. 0. 0. 1. 0. 1. 0. 1. 0. 0. 0. 0. 1. 0. 1. 0. 0. 0.],9.0,10000,30,0.6,10,1,9,,problem_solving
8800,0.02781360605583236,0.004613295248417286,0.4,0.01474214827842672,[0.01325361 0.         0.         0.         0.         0.         0.         0.01330482 0.01062667 0.         0.01420443 0.         0.         0.         0.         0.         0.01368924 0.         0.02049045 0.         0.01063613 0.         0.         0.         0.         0.88416829 0.         0.01962637 0.         0.         0.        ],[1. 0. 0. 0. 0. 0. 0. 1. 1. 0. 1. 0. 0. 0. 0. 0. 1. 0. 1. 0. 1. 0. 0. 0. 0. 1. 0. 1. 0. 0. 0.],9.0,10000,30,0.6,10,1,9,,problem_solving
8900,0.02781360605583236,0.004613295248417286,0.4,15.87384794367009,[0.01325361 0.         0.         0.         0.         0.         0.         0.01330482 0.01062667 0.         0.01420443 0.         0.         0.         0.         0.         0.01368924 0.         0.02049045 0.         0.01063613 0.         0.         0.         0.         0.88416829 0.         0.01962637 0.         0.         0.        ],[1. 0. 0. 0. 0. 0. 0. 1. 1. 0. 1. 0. 0. 0. 0. 0. 1. 0. 1. 0. 1. 0. 0. 0. 0. 1. 0. 1. 0. 0. 0.],9.0,10000,30,0.6,10,1,9,,problem_solving
9000,0.02781360605583236,0.004613295248417286,0.4,-7.8347689754552565,[0.01325361 0.         0.         0.         0.         0.         0.         0.01330482 0.01062667 0.         0.01420443 0.         0.         0.         0.         0.         0.01368924 0.         0.02049045 0.         0.01063613 0.         0.         0.         0.         0.88416829 0.         0.01962637 0.         0.         0.        ],[1. 0. 0. 0. 0. 0. 0. 1. 1. 0. 1. 0. 0. 0. 0. 0. 1. 0. 1. 0. 1. 0. 0. 0. 0. 1. 0. 1. 0. 0. 0.],9.0,10000,30,0.6,10,1,9,,problem_solving
9100,0.02781360605583236,0.004613295248417286,0.4,26.43443226616884,[0.01325361 0.         0.         0.         0.         0.         0.         0.01330482 0.01062667 0.         0.01420443 0.         0.         0.         0.         0.         0.01368924 0.         0.02049045 0.         0.01063613 0.         0.         0.         0.         0.88416829 0.         0.01962637 0.         0.         0.        ],[1. 0. 0. 0. 0. 0. 0. 1. 1. 0. 1. 0. 0. 0. 0. 0. 1. 0. 1. 0. 1. 0. 0. 0. 0. 1. 0. 1. 0. 0. 0.],9.0,10000,30,0.6,10,1,9,,problem_solving
9200,0.02781360605583236,0.004613295248417286,0.4,8.4668620525879,[0.01325361 0.         0.         0.         0.         0.         0.         0.01330482 0.01062667 0.         0.01420443 0.         0.         0.         0.         0.         0.01368924 0.         0.02049045 0.         0.01063613 0.         0.         0.         0.         0.88416829 0.         0.01962637 0.         0.         0.        ],[1. 0. 0. 0. 0. 0. 0. 1. 1. 0. 1. 0. 0. 0. 0. 0. 1. 0. 1. 0. 1. 0. 0. 0. 0. 1. 0. 1. 0. 0. 0.],9.0,10000,30,0.6,10,1,9,,problem_solving
9300,0.02781360605583236,0.004613295248417286,0.4,10.07624970736692,[0.01325361 0.         0.         0.         0.         0.         0.         0.01330482 0.01062667 0.         0.01420443 0.         0.         0.         0.         0.         0.01368924 0.         0.02049045 0.         0.01063613 0.         0.         0.         0.         0.88416829 0.         0.01962637 0.         0.         0.        ],[1. 0. 0. 0. 0. 0. 0. 1. 1. 0. 1. 0. 0. 0. 0. 0. 1. 0. 1. 0. 1. 0. 0. 0. 0. 1. 0. 1. 0. 0. 0.],9.0,10000,30,0.6,10,1,9,,problem_solving
9400,0.02781360605583236,0.004613295248417286,0.4,5.734448112963483,[0.01325361 0.         0.         0.         0.         0.         0.         0.01330482 0.01062667 0.         0.01420443 0.         0.         0.         0.         0.         0.01368924 0.         0.02049045 0.         0.01063613 0.         0.         0.         0.         0.88416829 0.         0.01962637 0.         0.         0.        ],[1. 0. 0. 0. 0. 0. 0. 1. 1. 0. 1. 0. 0. 0. 0. 0. 1. 0. 1. 0. 1. 0. 0. 0. 0. 1. 0. 1. 0. 0. 0.],9.0,10000,30,0.6,10,1,9,,problem_solving
9500,0.02781360605583236,0.004613295248417286,0.4,0.41133690945035906,[0.01325361 0.         0.         0.         0.         0.         0.         0.01330482 0.01062667 0.         0.01420443 0.         0.         0.         0.         0.         0.01368924 0.         0.02049045 0.         0.01063613 0.         0.         0.         0.         0.88416829 0.         0.01962637 0.         0.         0.        ],[1. 0. 0. 0. 0. 0. 0. 1. 1. 0. 1. 0. 0. 0. 0. 0. 1. 0. 1. 0. 1. 0. 0. 0. 0. 1. 0. 1. 0. 0. 0.],9.0,10000,30,0.6,10,1,9,,problem_solving
9600,0.02781360605583236,0.004613295248417286,0.4,-5.724173515605183,[0.01325361 0.         0.         0.         0.         0.         0.         0.01330482 0.01062667 0.         0.01420443 0.         0.         0.         0.         0.         0.01368924 0.         0.02049045 0.         0.01063613 0.         0.         0.         0.         0.88416829 0.         0.01962637 0.         0.         0.        ],[1. 0. 0. 0. 0. 0. 0. 1. 1. 0. 1. 0. 0. 0. 0. 0. 1. 0. 1. 0. 1. 0. 0. 0. 0. 1. 0. 1. 0. 0. 0.],9.0,10000,30,0.6,10,1,9,,problem_solving
9700,0.02781360605583236,0.004613295248417286,0.4,-15.319358266425922,[0.01325361 0.         0.         0.         0.         0.         0.         0.01330482 0.01062667 0.         0.01420443 0.         0.         0.         0.         0.         0.01368924 0.         0.02049045 0.         0.01063613 0.         0.         0.         0.         0.88416829 0.         0.01962637 0.         0.         0.        ],[1. 0. 0. 0. 0. 0. 0. 1. 1. 0. 1. 0. 0. 0. 0. 0. 1. 0. 1. 0. 1. 0. 0. 0. 0. 1. 0. 1. 0. 0. 0.],9.0,10000,30,0.6,10,1,9,,problem_solving
9800,0.02781360605583236,0.004613295248417286,0.4,7.335535325864827,[0.01325361 0.         0.         0.         0.         0.         0.         0.01330482 0.01062667 0.         0.01420443 0.         0.         0.         0.         0.         0.01368924 0.         0.02049045 0.         0.01063613 0.         0.         0.         0.         0.88416829 0.         0.01962637 0.         0.         0.        ],[1. 0. 0. 0. 0. 0. 0. 1. 1. 0. 1. 0. 0. 0. 0. 0. 1. 0. 1. 0. 1. 0. 0. 0. 0. 1. 0. 1. 0. 0. 0.],9.0,10000,30,0.6,10,1,9,,problem_solving
9900,0.02781360605583236,0.004613295248417286,0.4,21.226599595853855,[0.01325361 0.         0.         0.         0.         0.         0.         0.01330482 0.01062667 0.         0.01420443 0.         0.         0.         0.         0.         0.01368924 0.         0.02049045 0.         0.01063613 0.         0.         0.         0.         0.88416829 0.         0.01962637 0.         0.         0.        ],[1. 0. 0. 0. 0. 0. 0. 1. 1. 0. 1. 0. 0. 0. 0. 0. 1. 0. 1. 0. 1. 0. 0. 0. 0. 1. 0. 1. 0. 0. 0.],9.0,10000,30,0.6,10,1,9,,problem_solving
9999,0.02781360605583236,0.004613295248417286,0.4,17.157034427316272,[0.01325361 0.         0.         0.         0.         0.         0.         0.01330482 0.01062667 0.         0.01420443 0.         0.         0.         0.         0.         0.01368924 0.         0.02049045 0.         0.01063613 0.         0.         0.         0.         0.88416829 0.         0.01962637 0.         0.         0.        ],[1. 0. 0. 0. 0. 0. 0. 1. 1. 0. 1. 0. 0. 0. 0. 0. 1. 0. 1. 0. 1. 0. 0. 0. 0. 1. 0. 1. 0. 0. 0.],9.0,10000,30,0.6,10,1,9,,problem_solving
