iter,cost,return,par,move,X,Z,Q,max_iter,mem_size,mem_consider,sigma,port_n,k,seed,tag
1,0.15922839304608086,0.0053985639102161,0.4,7.957208753689411,[0.         0.01816127 0.01512689 0.         0.01139282 0.01740887 0.         0.         0.         0.         0.         0.         0.         0.01068831 0.         0.         0.         0.         0.         0.01711581 0.         0.         0.         0.         0.         0.87711484 0.         0.02136703 0.         0.         0.01162416],[0. 1. 1. 0. 1. 1. 0. 0. 0. 0. 0. 0. 0. 1. 0. 0. 0. 0. 0. 1. 0. 0. 0. 0. 0. 1. 0. 1. 0. 0. 1.],9.0,10000,30,0.6,10,1,9,,problem_solving
100,0.03800300000080369,0.010120202089361506,0.4,2.4746896847034057,[0.         0.         0.         0.01642726 0.01534151 0.01899004 0.         0.         0.         0.01662155 0.         0.         0.         0.         0.         0.         0.         0.         0.         0.         0.         0.01108509 0.01055025 0.         0.         0.88466336 0.01274908 0.         0.         0.01357186 0.        ],[0. 0. 0. 1. 1. 1. 0. 0. 0. 1. 0. 0. 0. 0. 0. 0. 0. 0. 0. 0. 0. 1. 1. 0. 0. 1. 1. 0. 0. 1. 0.],9.0,10000,30,0.6,10,1,9,,problem_solving
200,0.03800300000080369,0.010120202089361506,0.4,-6.34583067690702,[0.         0.         0.         0.01642726 0.01534151 0.01899004 0.         0.         0.         0.01662155 0.         0.         0.         0.         0.         0.         0.         0.         0.         0.         0.         0.01108509 0.01055025 0.         0.         0.88466336 0.01274908 0.         0.         0.01357186 0.        ],[0. 0. 0. 1. 1. 1. 0. 0. 0. 1. 0. 0. 0. 0. 0. 0. 0. 0. 0. 0. 0. 1. 1. 0. 0. 1. 1. 0. 0. 1. 0.],9.0,10000,30,0.6,10,1,9,,problem_solving
300,0.03800300000080369,0.010120202089361506,0.4,22.54346004326994,[0.         0.         0.         0.01642726 0.01534151 0.01899004 0.         0.         0.         0.01662155 0.         0.         0.         0.         0.         0.         0.         0.         0.         0.         0.         0.01108509 0.01055025 0.         0.         0.88466336 0.01274908 0.         0.         0.01357186 0.        ],[0. 0. 0. 1. 1. 1. 0. 0. 0. 1. 0. 0. 0. 0. 0. 0. 0. 0. 0. 0. 0. 1. 1. 0. 0. 1. 1. 0. 0. 1. 0.],9.0,10000,30,0.6,10,1,9,,problem_solving
400,0.03800300000080369,0.010120202089361506,0.4,5.886750315352348,[0.         0.         0.         0.01642726 0.01534151 0.01899004 0.         0.         0.         0.01662155 0.         0.         0.         0.         0.         0.         0.         0.         0.         0.         0.         0.01108509 0.01055025 0.         0.         0.88466336 0.01274908 0.         0.         0.01357186 0.        ],[0. 0. 0. 1. 1. 1. 0. 0. 0. 1. 0. 0. 0. 0. 0. 0. 0. 0. 0. 0. 0. 1. 1. 0. 0. 1. 1. 0. 0. 1. 0.],9.0,10000,30,0.6,10,1,9,,problem_solving
500,0.03800300000080369,0.010120202089361506,0.4,-3.3070349055900143,[0.         0.         0.         0.01642726 0.01534151 0.01899004 0.         0.         0.         0.01662155 0.         0.         0.         0.         0.         0.         0.         0.         0.         0.         0.         0.01108509 0.01055025 0.         0.         0.88466336 0.01274908 0.         0.         0.01357186 0.        ],[0. 0. 0. 1. 1. 1. 0. 0. 0. 1. 0. 0. 0. 0. 0. 0. 0. 0. 0. 0. 0. 1. 1. 0. 0. 1. 1. 0. 0. 1. 0.],9.0,10000,30,0.6,10,1,9,,problem_solving
600,0.03071230636258943,0.004723384350095917,0.4,4.017126898011953,[0.         0.01165184 0.         0.         0.0214025  0.         0.01359729 0.         0.         0.         0.         0.         0.         0.01505053 0.         0.         0.01068626 0.         0.         0.         0.         0.         0.01349669 0.         0.         0.87505453 0.         0.02055019 0.         0.         0.01851018],[0. 1. 0. 0. 1. 0. 1. 0. 0. 0. 0. 0. 0. 1. 0. 0. 1. 0. 0. 0. 0. 0. 1. 0. 0. 1. 0. 1. 0. 0. 1.],9.0,10000,30,0.6,10,1,9,,problem_solving
700,0.03071230636258943,0.004723384350095917,0.4,-6.167956260777658,[0.         0.01165184 0.         0.         0.0214025  0.         0.01359729 0.         0.         0.         0.         0.         0.         0.01505053 0.         0.         0.01068626 0.         0.         0.         0.         0.         0.01349669 0.         0.         0.87505453 0.         0.02055019 0.         0.         0.01851018],[0. 1. 0. 0. 1. 0. 1. 0. 0. 0. 0. 0. 0. 1. 0. 0. 1. 0. 0. 0. 0. 0. 1. 0. 0. 1. 0. 1. 0. 0. 1.],9.0,10000,30,0.6,10,1,9,,problem_solving
800,0.03071230636258943,0.004723384350095917,0.4,-12.629926381586372,[0.         0.01165184 0.         0.         0.0214025  0.         0.01359729 0.         0.         0.         0.         0.         0.         0.01505053 0.         0.         0.01068626 0.         0.         0.         0.         0.         0.01349669 0.         0.         0.87505453 0.         0.02055019 0.         0.         0.01851018],[0. 1. 0. 0. 1. 0. 1. 0. 0. 0. 0. 0. 0. 1. 0. 0. 1. 0. 0. 0. 0. 0. 1. 0. 0. 1. 0. 1. 0. 0. 1.],9.0,10000,30,0.6,10,1,9,,problem_solving
900,0.03071230636258943,0.004723384350095917,0.4,2.9190378473463547,[0.         0.01165184 0.         0.         0.0214025  0.         0.01359729 0.         0.         0.         0.         0.         0.         0.01505053 0.         0.         0.01068626 0.         0.         0.         0.         0.         0.01349669 0.         0.         0.87505453 0.         0.02055019 0.         0.         0.01851018],[0. 1. 0. 0. 1. 0. 1. 0. 0. 0. 0. 0. 0. 1. 0. 0. 1. 0. 0. 0. 0. 0. 1. 0. 0. 1. 0. 1. 0. 0. 1.],9.0,10000,30,0.6,10,1,9,,problem_solving
1000,0.03071230636258943,0.004723384350095917,0.4,-6.614615632764154,[0.         0.01165184 0.         0.         0.0214025  0.         0.01359729 0.         0.         0.         0.         0.         0.         0.01505053 0.         0.         0.01068626 0.         0.         0.         0.         0.         0.01349669 0.         0.         0.87505453 0.         0.02055019 0.         0.         0.01851018],[0. 1. 0. 0. 1. 0. 1. 0. 0. 0. 0. 0. 0. 1. 0. 0. 1. 0. 0. 0. 0. 0. 1. 0. 0. 1. 0. 1. 0. 0. 1.],9.0,10000,30,0.6,10,1,9,,problem_solving
1100,0.03071230636258943,0.004723384350095917,0.4,5.828714270240271,[0.         0.01165184 0.         0.         0.0214025  0.         0.01359729 0.         0.         0.         0.         0.         0.         0.01505053 0.         0.         0.01068626 0.         0.         0.         0.         0.         0.01349669 0.         0.         0.87505453 0.         0.02055019 0.         0.         0.01851018],[0. 1. 0. 0. 1. 0. 1. 0. 0. 0. 0. 0. 0. 1. 0. 0. 1. 0. 0. 0. 0. 0. 1. 0. 0. 1. 0. 1. 0. 0. 1.],9.0,10000,30,0.6,10,1,9,,problem_solving
1200,0.03071230636258943,0.004723384350095917,0.4,-4.921362967725314,[0.         0.01165184 0.         0.         0.0214025  0.         0.01359729 0.         0.         0.         0.         0.         0.         0.01505053 0.         0.         0.01068626 0.         0.         0.         0.         0.         0.01349669 0.         0.         0.87505453 0.         0.02055019 0.         0.         0.01851018],[0. 1. 0. 0. 1. 0. 1. 0. 0. 0. 0. 0. 0. 1. 0. 0. 1. 0. 0. 0. 0. 0. 1. 0. 0. 1. 0. 1. 0. 0. 1.],9.0,10000,30,0.6,10,1,9,,problem_solving
1300,0.03071230636258943,0.004723384350095917,0.4,-10.21493259524691,[0.         0.01165184 0.         0.         0.0214025  0.         0.01359729 0.         0.         0.         0.         0.         0.         0.01505053 0.         0.         0.01068626 0.         0.         0.         0.         0.         0.01349669 0.         0.         0.87505453 0.         0.02055019 0.         0.         0.01851018],[0. 1. 0. 0. 1. 0. 1. 0. 0. 0. 0. 0. 0. 1. 0. 0. 1. 0. 0. 0. 0. 0. 1. 0. 0. 1. 0. 1. 0. 0. 1.],9.0,10000,30,0.6,10,1,9,,problem_solving
1400,0.03071230636258943,0.004723384350095917,0.4,-8.581946041328653,[0.         0.01165184 0.         0.         0.0214025  0.         0.01359729 0.         0.         0.         0.         0.         0.         0.01505053 0.         0.         0.01068626 0.         0.         0.         0.         0.         0.01349669 0.         0.         0.87505453 0.         0.02055019 0.         0.         0.01851018],[0. 1. 0. 0. 1. 0. 1. 0. 0. 0. 0. 0. 0. 1. 0. 0. 1. 0. 0. 0. 0. 0. 1. 0. 0. 1. 0. 1. 0. 0. 1.],9.0,10000,30,0.6,10,1,9,,problem_solving
1500,0.03071230636258943,0.004723384350095917,0.4,-15.007155802766627,[0.         0.01165184 0.         0.         0.0214025  0.         0.01359729 0.         0.         0.         0.         0.         0.         0.01505053 0.         0.         0.01068626 0.         0.         0.         0.         0.         0.01349669 0.         0.         0.87505453 0.         0.02055019 0.         0.         0.01851018],[0. 1. 0. 0. 1. 0. 1. 0. 0. 0. 0. 0. 0. 1. 0. 0. 1. 0. 0. 0. 0. 0. 1. 0. 0. 1. 0. 1. 0. 0. 1.],9.0,10000,30,0.6,10,1,9,,problem_solving
1600,0.03071230636258943,0.004723384350095917,0.4,2.1475095658737793,[0.         0.01165184 0.         0.         0.0214025  0.         0.01359729 0.         0.         0.         0.         0.         0.         0.01505053 0.         0.         0.01068626 0.         0.         0.         0.         0.         0.01349669 0.         0.         0.87505453 0.         0.02055019 0.         0.         0.01851018],[0. 1. 0. 0. 1. 0. 1. 0. 0. 0. 0. 0. 0. 1. 0. 0. 1. 0. 0. 0. 0. 0. 1. 0. 0. 1. 0. 1. 0. 0. 1.],9.0,10000,30,0.6,10,1,9,,problem_solving
1700,0.03071230636258943,0.004723384350095917,0.4,4.5349245219639975,[0.         0.01165184 0.         0.         0.0214025  0.         0.01359729 0.         0.         0.         0.         0.         0.         0.01505053 0.         0.         0.01068626 0.         0.         0.         0.         0.         0.01349669 0.         0.         0.87505453 0.         0.02055019 0.         0.         0.01851018],[0. 1. 0. 0. 1. 0. 1. 0. 0. 0. 0. 0. 0. 1. 0. 0. 1. 0. 0. 0. 0. 0. 1. 0. 0. 1. 0. 1. 0. 0. 1.],9.0,10000,30,0.6,10,1,9,,problem_solving
1800,0.03071230636258943,0.004723384350095917,0.4,9.359466879031565,[0.         0.01165184 0.         0.         0.0214025  0.         0.01359729 0.         0.         0.         0.         0.         0.         0.01505053 0.         0.         0.01068626 0.         0.         0.         0.         0.         0.01349669 0.         0.         0.87505453 0.         0.02055019 0.         0.         0.01851018],[0. 1. 0. 0. 1. 0. 1. 0. 0. 0. 0. 0. 0. 1. 0. 0. 1. 0. 0. 0. 0. 0. 1. 0. 0. 1. 0. 1. 0. 0. 1.],9.0,10000,30,0.6,10,1,9,,problem_solving
1900,0.03071230636258943,0.004723384350095917,0.4,-10.662348106590663,[0.         0.01165184 0.         0.         0.0214025  0.         0.01359729 0.         0.         0.         0.         0.         0.         0.01505053 0.         0.         0.01068626 0.         0.         0.         0.         0.         0.01349669 0.         0.         0.87505453 0.         0.02055019 0.         0.         0.01851018],[0. 1. 0. 0. 1. 0. 1. 0. 0. 0. 0. 0. 0. 1. 0. 0. 1. 0. 0. 0. 0. 0. 1. 0. 0. 1. 0. 1. 0. 0. 1.],9.0,10000,30,0.6,10,1,9,,problem_solving
2000,0.03071230636258943,0.004723384350095917,0.4,9.002717733275533,[0.         0.01165184 0.         0.         0.0214025  0.         0.01359729 0.         0.         0.         0.         0.         0.         0.01505053 0.         0.         0.01068626 0.         0.         0.         0.         0.         0.01349669 0.         0.         0.87505453 0.         0.02055019 0.         0.         0.01851018],[0. 1. 0. 0. 1. 0. 1. 0. 0. 0. 0. 0. 0. 1. 0. 0. 1. 0. 0. 0. 0. 0. 1. 0. 0. 1. 0. 1. 0. 0. 1.],9.0,10000,30,0.6,10,1,9,,problem_solving
2100,0.03071230636258943,0.004723384350095917,0.4,4.958282067750007,[0.         0.01165184 0.         0.         0.0214025  0.         0.01359729 0.         0.         0.         0.         0.         0.         0.01505053 0.         0.         0.01068626 0.         0.         0.         0.         0.         0.01349669 0.         0.         0.87505453 0.         0.02055019 0.         0.         0.01851018],[0. 1. 0. 0. 1. 0. 1. 0. 0. 0. 0. 0. 0. 1. 0. 0. 1. 0. 0. 0. 0. 0. 1. 0. 0. 1. 0. 1. 0. 0. 1.],9.0,10000,30,0.6,10,1,9,,problem_solving
2200,0.03071230636258943,0.004723384350095917,0.4,0.5260574749328494,[0.         0.01165184 0.         0.         0.0214025  0.         0.01359729 0.         0.         0.         0.         0.         0.         0.01505053 0.         0.         0.01068626 0.         0.         0.         0.         0.         0.01349669 0.         0.         0.87505453 0.         0.02055019 0.         0.         0.01851018],[0. 1. 0. 0. 1. 0. 1. 0. 0. 0. 0. 0. 0. 1. 0. 0. 1. 0. 0. 0. 0. 0. 1. 0. 0. 1. 0. 1. 0. 0. 1.],9.0,10000,30,0.6,10,1,9,,problem_solving
2300,0.03071230636258943,0.004723384350095917,0.4,11.714426423523996,[0.         0.01165184 0.         0.         0.0214025  0.         0.01359729 0.         0.         0.         0.         0.         0.         0.01505053 0.         0.         0.01068626 0.         0.         0.         0.         0.         0.01349669 0.         0.         0.87505453 0.         0.02055019 0.         0.         0.01851018],[0. 1. 0. 0. 1. 0. 1. 0. 0. 0. 0. 0. 0. 1. 0. 0. 1. 0. 0. 0. 0. 0. 1. 0. 0. 1. 0. 1. 0. 0. 1.],9.0,10000,30,0.6,10,1,9,,problem_solving
2400,0.03071230636258943,0.004723384350095917,0.4,-11.581971915932375,[0.         0.01165184 0.         0.         0.0214025  0.         0.01359729 0.         0.         0.         0.         0.         0.         0.01505053 0.         0.         0.01068626 0.         0.         0.         0.         0.         0.01349669 0.         0.         0.87505453 0.         0.02055019 0.         0.         0.01851018],[0. 1. 0. 0. 1. 0. 1. 0. 0. 0. 0. 0. 0. 1. 0. 0. 1. 0. 0. 0. 0. 0. 1. 0. 0. 1. 0. 1. 0. 0. 1.],9.0,10000,30,0.6,10,1,9,,problem_solving
2500,0.03071230636258943,0.004723384350095917,0.4,-1.4939961963900548,[0.         0.01165184 0.         0.         0.0214025  0.         0.01359729 0.         0.         0.         0.         0.         0.         0.01505053 0.         0.         0.01068626 0.         0.         0.         0.         0.         0.01349669 0.         0.         0.87505453 0.         0.02055019 0.         0.         0.01851018],[0. 1. 0. 0. 1. 0. 1. 0. 0. 0. 0. 0. 0. 1. 0. 0. 1. 0. 0. 0. 0. 0. 1. 0. 0. 1. 0. 1. 0. 0. 1.],9.0,10000,30,0.6,10,1,9,,problem_solving
2600,0.03071230636258943,0.004723384350095917,0.4,7.8233727910525115,[0.         0.01165184 0.         0.         0.0214025  0.         0.01359729 0.         0.         0.         0.         0.         0.         0.01505053 0.         0.         0.01068626 0.         0.         0.         0.         0.         0.01349669 0.         0.         0.87505453 0.         0.02055019 0.         0.         0.01851018],[0. 1. 0. 0. 1. 0. 1. 0. 0. 0. 0. 0. 0. 1. 0. 0. 1. 0. 0. 0. 0. 0. 1. 0. 0. 1. 0. 1. 0. 0. 1.],9.0,10000,30,0.6,10,1,9,,problem_solving
2700,0.03071230636258943,0.004723384350095917,0.4,-10.560960378357887,[0.         0.01165184 0.         0.         0.0214025  0.         0.01359729 0.         0.         0.         0.         0.         0.         0.01505053 0.         0.         0.01068626 0.         0.         0.         0.         0.         0.01349669 0.         0.         0.87505453 0.         0.02055019 0.         0.         0.01851018],[0. 1. 0. 0. 1. 0. 1. 0. 0. 0. 0. 0. 0. 1. 0. 0. 1. 0. 0. 0. 0. 0. 1. 0. 0. 1. 0. 1. 0. 0. 1.],9.0,10000,30,0.6,10,1,9,,problem_solving
2800,0.03071230636258943,0.004723384350095917,0.4,-1.035733745867483,[0.         0.01165184 0.         0.         0.0214025  0.         0.01359729 0.         0.         0.         0.         0.         0.         0.01505053 0.         0.         0.01068626 0.         0.         0.         0.         0.         0.01349669 0.         0.         0.87505453 0.         0.02055019 0.         0.         0.01851018],[0. 1. 0. 0. 1. 0. 1. 0. 0. 0. 0. 0. 0. 1. 0. 0. 1. 0. 0. 0. 0. 0. 1. 0. 0. 1. 0. 1. 0. 0. 1.],9.0,10000,30,0.6,10,1,9,,problem_solving
2900,0.03071230636258943,0.004723384350095917,0.4,5.43598374025633,[0.         0.01165184 0.         0.         0.0214025  0.         0.01359729 0.         0.         0.         0.         0.         0.         0.01505053 0.         0.         0.01068626 0.         0.         0.         0.         0.         0.01349669 0.         0.         0.87505453 0.         0.02055019 0.         0.         0.01851018],[0. 1. 0. 0. 1. 0. 1. 0. 0. 0. 0. 0. 0. 1. 0. 0. 1. 0. 0. 0. 0. 0. 1. 0. 0. 1. 0. 1. 0. 0. 1.],9.0,10000,30,0.6,10,1,9,,problem_solving
3000,0.03071230636258943,0.004723384350095917,0.4,17.92758272806905,[0.         0.01165184 0.         0.         0.0214025  0.         0.01359729 0.         0.         0.         0.         0.         0.         0.01505053 0.         0.         0.01068626 0.         0.         0.         0.         0.         0.01349669 0.         0.         0.87505453 0.         0.02055019 0.         0.         0.01851018],[0. 1. 0. 0. 1. 0. 1. 0. 0. 0. 0. 0. 0. 1. 0. 0. 1. 0. 0. 0. 0. 0. 1. 0. 0. 1. 0. 1. 0. 0. 1.],9.0,10000,30,0.6,10,1,9,,problem_solving
3100,0.03071230636258943,0.004723384350095917,0.4,-6.644249899294506,[0.         0.01165184 0.         0.         0.0214025  0.         0.01359729 0.         0.         0.         0.         0.         0.         0.01505053 0.         0.         0.01068626 0.         0.         0.         0.         0.         0.01349669 0.         0.         0.87505453 0.         0.02055019 0.         0.         0.01851018],[0. 1. 0. 0. 1. 0. 1. 0. 0. 0. 0. 0. 0. 1. 0. 0. 1. 0. 0. 0. 0. 0. 1. 0. 0. 1. 0. 1. 0. 0. 1.],9.0,10000,30,0.6,10,1,9,,problem_solving
3200,0.03071230636258943,0.004723384350095917,0.4,-2.6905476889593767,[0.         0.01165184 0.         0.         0.0214025  0.         0.01359729 0.         0.         0.         0.         0.         0.         0.01505053 0.         0.         0.01068626 0.         0.         0.         0.         0.         0.01349669 0.         0.         0.87505453 0.         0.02055019 0.         0.         0.01851018],[0. 1. 0. 0. 1. 0. 1. 0. 0. 0. 0. 0. 0. 1. 0. 0. 1. 0. 0. 0. 0. 0. 1. 0. 0. 1. 0. 1. 0. 0. 1.],9.0,10000,30,0.6,10,1,9,,problem_solving
3300,0.03071230636258943,0.004723384350095917,0.4,-10.457012826648855,[0.         0.01165184 0.         0.         0.0214025  0.         0.01359729 0.         0.         0.         0.         0.         0.         0.01505053 0.         0.         0.01068626 0.         0.         0.         0.         0.         0.01349669 0.         0.         0.87505453 0.         0.02055019 0.         0.         0.01851018],[0. 1. 0. 0. 1. 0. 1. 0. 0. 0. 0. 0. 0. 1. 0. 0. 1. 0. 0. 0. 0. 0. 1. 0. 0. 1. 0. 1. 0. 0. 1.],9.0,10000,30,0.6,10,1,9,,problem_solving
3400,0.03071230636258943,0.004723384350095917,0.4,-17.84381698790174,[0.         0.01165184 0.         0.         0.0214025  0.         0.01359729 0.         0.         0.         0.         0.         0.         0.01505053 0.         0.         0.01068626 0.         0.         0.         0.         0.         0.01349669 0.         0.         0.87505453 0.         0.02055019 0.         0.         0.01851018],[0. 1. 0. 0. 1. 0. 1. 0. 0. 0. 0. 0. 0. 1. 0. 0. 1. 0. 0. 0. 0. 0. 1. 0. 0. 1. 0. 1. 0. 0. 1.],9.0,10000,30,0.6,10,1,9,,problem_solving
3500,0.03071230636258943,0.004723384350095917,0.4,-2.554690163441755,[0.         0.01165184 0.         0.         0.0214025  0.         0.01359729 0.         0.         0.         0.         0.         0.         0.01505053 0.         0.         0.01068626 0.         0.         0.         0.         0.         0.01349669 0.         0.         0.87505453 0.         0.02055019 0.         0.         0.01851018],[0. 1. 0. 0. 1. 0. 1. 0. 0. 0. 0. 0. 0. 1. 0. 0. 1. 0. 0. 0. 0. 0. 1. 0. 0. 1. 0. 1. 0. 0. 1.],9.0,10000,30,0.6,10,1,9,,problem_solving
3600,0.03071230636258943,0.004723384350095917,0.4,16.413724444162273,[0.         0.01165184 0.         0.         0.0214025  0.         0.01359729 0.         0.         0.         0.         0.         0.         0.01505053 0.         0.         0.01068626 0.         0.         0.         0.         0.         0.01349669 0.         0.         0.87505453 0.         0.02055019 0.         0.         0.01851018],[0. 1. 0. 0. 1. 0. 1. 0. 0. 0. 0. 0. 0. 1. 0. 0. 1. 0. 0. 0. 0. 0. 1. 0. 0. 1. 0. 1. 0. 0. 1.],9.0,10000,30,0.6,10,1,9,,problem_solving
3700,0.03071230636258943,0.004723384350095917,0.4,15.138801703727564,[0.         0.01165184 0.         0.         0.0214025  0.         0.01359729 0.         0.         0.         0.         0.         0.         0.01505053 0.         0.         0.01068626 0.         0.         0.         0.         0.         0.01349669 0.         0.         0.87505453 0.         0.02055019 0.         0.         0.01851018],[0. 1. 0. 0. 1. 0. 1. 0. 0. 0. 0. 0. 0. 1. 0. 0. 1. 0. 0. 0. 0. 0. 1. 0. 0. 1. 0. 1. 0. 0. 1.],9.0,10000,30,0.6,10,1,9,,problem_solving
3800,0.03002485349544716,0.004653910566863321,0.4,-5.304647320702582,[0.         0.         0.01059202 0.         0.         0.01327386 0.         0.         0.01374122 0.         0.         0.         0.01060123 0.01467437 0.         0.         0.         0.         0.         0.01134723 0.         0.         0.         0.         0.01769338 0.89213178 0.         0.         0.         0.         0.01594492],[0. 0. 1. 0. 0. 1. 0. 0. 1. 0. 0. 0. 1. 1. 0. 0. 0. 0. 0. 1. 0. 0. 0. 0. 1. 1. 0. 0. 0. 0. 1.],9.0,10000,30,0.6,10,1,9,,problem_solving
3900,0.03002485349544716,0.004653910566863321,0.4,25.827685461253274,[0.         0.         0.01059202 0.         0.         0.01327386 0.         0.         0.01374122 0.         0.         0.         0.01060123 0.01467437 0.         0.         0.         0.         0.         0.01134723 0.         0.         0.         0.         0.01769338 0.89213178 0.         0.         0.         0.         0.01594492],[0. 0. 1. 0. 0. 1. 0. 0. 1. 0. 0. 0. 1. 1. 0. 0. 0. 0. 0. 1. 0. 0. 0. 0. 1. 1. 0. 0. 0. 0. 1.],9.0,10000,30,0.6,10,1,9,,problem_solving
4000,0.03002485349544716,0.004653910566863321,0.4,23.25795870825322,[0.         0.         0.01059202 0.         0.         0.01327386 0.         0.         0.01374122 0.         0.         0.         0.01060123 0.01467437 0.         0.         0.         0.         0.         0.01134723 0.         0.         0.         0.         0.01769338 0.89213178 0.         0.         0.         0.         0.01594492],[0. 0. 1. 0. 0. 1. 0. 0. 1. 0. 0. 0. 1. 1. 0. 0. 0. 0. 0. 1. 0. 0. 0. 0. 1. 1. 0. 0. 0. 0. 1.],9.0,10000,30,0.6,10,1,9,,problem_solving
4100,0.03002485349544716,0.004653910566863321,0.4,-3.876424658438858,[0.         0.         0.01059202 0.         0.         0.01327386 0.         0.         0.01374122 0.         0.         0.         0.01060123 0.01467437 0.         0.         0.         0.         0.         0.01134723 0.         0.         0.         0.         0.01769338 0.89213178 0.         0.         0.         0.         0.01594492],[0. 0. 1. 0. 0. 1. 0. 0. 1. 0. 0. 0. 1. 1. 0. 0. 0. 0. 0. 1. 0. 0. 0. 0. 1. 1. 0. 0. 0. 0. 1.],9.0,10000,30,0.6,10,1,9,,problem_solving
4200,0.03002485349544716,0.004653910566863321,0.4,3.8670726035966814,[0.         0.         0.01059202 0.         0.         0.01327386 0.         0.         0.01374122 0.         0.         0.         0.01060123 0.01467437 0.         0.         0.         0.         0.         0.01134723 0.         0.         0.         0.         0.01769338 0.89213178 0.         0.         0.         0.         0.01594492],[0. 0. 1. 0. 0. 1. 0. 0. 1. 0. 0. 0. 1. 1. 0. 0. 0. 0. 0. 1. 0. 0. 0. 0. 1. 1. 0. 0. 0. 0. 1.],9.0,10000,30,0.6,10,1,9,,problem_solving
4300,0.03002485349544716,0.004653910566863321,0.4,5.623973219538433,[0.         0.         0.01059202 0.         0.         0.01327386 0.         0.         0.01374122 0.         0.         0.         0.01060123 0.01467437 0.         0.         0.         0.         0.         0.01134723 0.         0.         0.         0.         0.01769338 0.89213178 0.         0.         0.         0.         0.01594492],[0. 0. 1. 0. 0. 1. 0. 0. 1. 0. 0. 0. 1. 1. 0. 0. 0. 0. 0. 1. 0. 0. 0. 0. 1. 1. 0. 0. 0. 0. 1.],9.0,10000,30,0.6,10,1,9,,problem_solving
4400,0.03002485349544716,0.004653910566863321,0.4,-2.4240439357702757,[0.         0.         0.01059202 0.         0.         0.01327386 0.         0.         0.01374122 0.         0.         0.         0.01060123 0.01467437 0.         0.         0.         0.         0.         0.01134723 0.         0.         0.         0.         0.01769338 0.89213178 0.         0.         0.         0.         0.01594492],[0. 0. 1. 0. 0. 1. 0. 0. 1. 0. 0. 0. 1. 1. 0. 0. 0. 0. 0. 1. 0. 0. 0. 0. 1. 1. 0. 0. 0. 0. 1.],9.0,10000,30,0.6,10,1,9,,problem_solving
4500,0.03002485349544716,0.004653910566863321,0.4,-12.110319752229257,[0.         0.         0.01059202 0.         0.         0.01327386 0.         0.         0.01374122 0.         0.         0.         0.01060123 0.01467437 0.         0.         0.         0.         0.         0.01134723 0.         0.         0.         0.         0.01769338 0.89213178 0.         0.         0.         0.         0.01594492],[0. 0. 1. 0. 0. 1. 0. 0. 1. 0. 0. 0. 1. 1. 0. 0. 0. 0. 0. 1. 0. 0. 0. 0. 1. 1. 0. 0. 0. 0. 1.],9.0,10000,30,0.6,10,1,9,,problem_solving
4600,0.03002485349544716,0.004653910566863321,0.4,9.365562358401656,[0.         0.         0.01059202 0.         0.         0.01327386 0.         0.         0.01374122 0.         0.         0.         0.01060123 0.01467437 0.         0.         0.         0.         0.         0.01134723 0.         0.         0.         0.         0.01769338 0.89213178 0.         0.         0.         0.         0.01594492],[0. 0. 1. 0. 0. 1. 0. 0. 1. 0. 0. 0. 1. 1. 0. 0. 0. 0. 0. 1. 0. 0. 0. 0. 1. 1. 0. 0. 0. 0. 1.],9.0,10000,30,0.6,10,1,9,,problem_solving
4700,0.03002485349544716,0.004653910566863321,0.4,6.581726986764195,[0.         0.         0.01059202 0.         0.         0.01327386 0.         0.         0.01374122 0.         0.         0.         0.01060123 0.01467437 0.         0.         0.         0.         0.         0.01134723 0.         0.         0.         0.         0.01769338 0.89213178 0.         0.         0.         0.         0.01594492],[0. 0. 1. 0. 0. 1. 0. 0. 1. 0. 0. 0. 1. 1. 0. 0. 0. 0. 0. 1. 0. 0. 0. 0. 1. 1. 0. 0. 0. 0. 1.],9.0,10000,30,0.6,10,1,9,,problem_solving
4800,0.03002485349544716,0.004653910566863321,0.4,5.796922192455376,[0.         0.         0.01059202 0.         0.         0.01327386 0.         0.         0.01374122 0.         0.         0.         0.01060123 0.01467437 0.         0.         0.         0.         0.         0.01134723 0.         0.         0.         0.         0.01769338 0.89213178 0.         0.         0.         0.         0.01594492],[0. 0. 1. 0. 0. 1. 0. 0. 1. 0. 0. 0. 1. 1. 0. 0. 0. 0. 0. 1. 0. 0. 0. 0. 1. 1. 0. 0. 0. 0. 1.],9.0,10000,30,0.6,10,1,9,,problem_solving
4900,0.03002485349544716,0.004653910566863321,0.4,-0.34885419768550174,[0.         0.         0.01059202 0.         0.         0.01327386 0.         0.         0.01374122 0.         0.         0.         0.01060123 0.01467437 0.         0.         0.         0.         0.         0.01134723 0.         0.         0.         0.         0.01769338 0.89213178 0.         0.         0.         0.         0.01594492],[0. 0. 1. 0. 0. 1. 0. 0. 1. 0. 0. 0. 1. 1. 0. 0. 0. 0. 0. 1. 0. 0. 0. 0. 1. 1. 0. 0. 0. 0. 1.],9.0,10000,30,0.6,10,1,9,,problem_solving
5000,0.03002485349544716,0.004653910566863321,0.4,-9.631634289835333,[0.         0.         0.01059202 0.         0.         0.01327386 0.         0.         0.01374122 0.         0.         0.         0.01060123 0.01467437 0.         0.         0.         0.         0.         0.01134723 0.         0.         0.         0.         0.01769338 0.89213178 0.         0.         0.         0.         0.01594492],[0. 0. 1. 0. 0. 1. 0. 0. 1. 0. 0. 0. 1. 1. 0. 0. 0. 0. 0. 1. 0. 0. 0. 0. 1. 1. 0. 0. 0. 0. 1.],9.0,10000,30,0.6,10,1,9,,problem_solving
5100,0.03002485349544716,0.004653910566863321,0.4,-3.3146064468781873,[0.         0.         0.01059202 0.         0.         0.01327386 0.         0.         0.01374122 0.         0.         0.         0.01060123 0.01467437 0.         0.         0.         0.         0.         0.01134723 0.         0.         0.         0.         0.01769338 0.89213178 0.         0.         0.         0.         0.01594492],[0. 0. 1. 0. 0. 1. 0. 0. 1. 0. 0. 0. 1. 1. 0. 0. 0. 0. 0. 1. 0. 0. 0. 0. 1. 1. 0. 0. 0. 0. 1.],9.0,10000,30,0.6,10,1,9,,problem_solving
5200,0.03002485349544716,0.004653910566863321,0.4,10.808358104499739,[0.         0.         0.01059202 0.         0.         0.01327386 0.         0.         0.01374122 0.         0.         0.         0.01060123 0.01467437 0.         0.         0.         0.         0.         0.01134723 0.         0.         0.         0.         0.01769338 0.89213178 0.         0.         0.         0.         0.01594492],[0. 0. 1. 0. 0. 1. 0. 0. 1. 0. 0. 0. 1. 1. 0. 0. 0. 0. 0. 1. 0. 0. 0. 0. 1. 1. 0. 0. 0. 0. 1.],9.0,10000,30,0.6,10,1,9,,problem_solving
5300,0.03002485349544716,0.004653910566863321,0.4,5.0883056566843194,[0.         0.         0.01059202 0.         0.         0.01327386 0.         0.         0.01374122 0.         0.         0.         0.01060123 0.01467437 0.         0.         0.         0.         0.         0.01134723 0.         0.         0.         0.         0.01769338 0.89213178 0.         0.         0.         0.         0.01594492],[0. 0. 1. 0. 0. 1. 0. 0. 1. 0. 0. 0. 1. 1. 0. 0. 0. 0. 0. 1. 0. 0. 0. 0. 1. 1. 0. 0. 0. 0. 1.],9.0,10000,30,0.6,10,1,9,,problem_solving
5400,0.03002485349544716,0.004653910566863321,0.4,10.616064256703371,[0.         0.         0.01059202 0.         0.         0.01327386 0.         0.         0.01374122 0.         0.         0.         0.01060123 0.01467437 0.         0.         0.         0.         0.         0.01134723 0.         0.         0.         0.         0.01769338 0.89213178 0.         0.         0.         0.         0.01594492],[0. 0. 1. 0. 0. 1. 0. 0. 1. 0. 0. 0. 1. 1. 0. 0. 0. 0. 0. 1. 0. 0. 0. 0. 1. 1. 0. 0. 0. 0. 1.],9.0,10000,30,0.6,10,1,9,,problem_solving
5500,0.03002485349544716,0.004653910566863321,0.4,-9.858288188621728,[0.         0.         0.01059202 0.         0.         0.01327386 0.         0.         0.01374122 0.         0.         0.         0.01060123 0.01467437 0.         0.         0.         0.         0.         0.01134723 0.         0.         0.         0.         0.01769338 0.89213178 0.         0.         0.         0.         0.01594492],[0. 0. 1. 0. 0. 1. 0. 0. 1. 0. 0. 0. 1. 1. 0. 0. 0. 0. 0. 1. 0. 0. 0. 0. 1. 1. 0. 0. 0. 0. 1.],9.0,10000,30,0.6,10,1,9,,problem_solving
5600,0.03002485349544716,0.004653910566863321,0.4,23.349107080252708,[0.         0.         0.01059202 0.         0.         0.01327386 0.         0.         0.01374122 0.         0.         0.         0.01060123 0.01467437 0.         0.         0.         0.         0.         0.01134723 0.         0.         0.         0.         0.01769338 0.89213178 0.         0.         0.         0.         0.01594492],[0. 0. 1. 0. 0. 1. 0. 0. 1. 0. 0. 0. 1. 1. 0. 0. 0. 0. 0. 1. 0. 0. 0. 0. 1. 1. 0. 0. 0. 0. 1.],9.0,10000,30,0.6,10,1,9,,problem_solving
5700,0.03002485349544716,0.004653910566863321,0.4,-3.1480893166600383,[0.         0.         0.01059202 0.         0.         0.01327386 0.         0.         0.01374122 0.         0.         0.         0.01060123 0.01467437 0.         0.         0.         0.         0.         0.01134723 0.         0.         0.         0.         0.01769338 0.89213178 0.         0.         0.         0.         0.01594492],[0. 0. 1. 0. 0. 1. 0. 0. 1. 0. 0. 0. 1. 1. 0. 0. 0. 0. 0. 1. 0. 0. 0. 0. 1. 1. 0. 0. 0. 0. 1.],9.0,10000,30,0.6,10,1,9,,problem_solving
5800,0.03002485349544716,0.004653910566863321,0.4,3.7213070676006312,[0.         0.         0.01059202 0.         0.         0.01327386 0.         0.         0.01374122 0.         0.         0.         0.01060123 0.01467437 0.         0.         0.         0.         0.         0.01134723 0.         0.         0.         0.         0.01769338 0.89213178 0.         0.         0.         0.         0.01594492],[0. 0. 1. 0. 0. 1. 0. 0. 1. 0. 0. 0. 1. 1. 0. 0. 0. 0. 0. 1. 0. 0. 0. 0. 1. 1. 0. 0. 0. 0. 1.],9.0,10000,30,0.6,10,1,9,,problem_solving
5900,0.03002485349544716,0.004653910566863321,0.4,9.436945159443768,[0.         0.         0.01059202 0.         0.         0.01327386 0.         0.         0.01374122 0.         0.         0.         0.01060123 0.01467437 0.         0.         0.         0.         0.         0.01134723 0.         0.         0.         0.         0.01769338 0.89213178 0.         0.         0.         0.         0.01594492],[0. 0. 1. 0. 0. 1. 0. 0. 1. 0. 0. 0. 1. 1. 0. 0. 0. 0. 0. 1. 0. 0. 0. 0. 1. 1. 0. 0. 0. 0. 1.],9.0,10000,30,0.6,10,1,9,,problem_solving
6000,0.03002485349544716,0.004653910566863321,0.4,-0.8191134556485948,[0.         0.         0.01059202 0.         0.         0.01327386 0.         0.         0.01374122 0.         0.         0.         0.01060123 0.01467437 0.         0.         0.         0.         0.         0.01134723 0.         0.         0.         0.         0.01769338 0.89213178 0.         0.         0.         0.         0.01594492],[0. 0. 1. 0. 0. 1. 0. 0. 1. 0. 0. 0. 1. 1. 0. 0. 0. 0. 0. 1. 0. 0. 0. 0. 1. 1. 0. 0. 0. 0. 1.],9.0,10000,30,0.6,10,1,9,,problem_solving
6100,0.03002485349544716,0.004653910566863321,0.4,-12.472363840179757,[0.         0.         0.01059202 0.         0.         0.01327386 0.         0.         0.01374122 0.         0.         0.         0.01060123 0.01467437 0.         0.         0.         0.         0.         0.01134723 0.         0.         0.         0.         0.01769338 0.89213178 0.         0.         0.         0.         0.01594492],[0. 0. 1. 0. 0. 1. 0. 0. 1. 0. 0. 0. 1. 1. 0. 0. 0. 0. 0. 1. 0. 0. 0. 0. 1. 1. 0. 0. 0. 0. 1.],9.0,10000,30,0.6,10,1,9,,problem_solving
6200,0.03002485349544716,0.004653910566863321,0.4,-10.353618705679185,[0.         0.         0.01059202 0.         0.         0.01327386 0.         0.         0.01374122 0.         0.         0.         0.01060123 0.01467437 0.         0.         0.         0.         0.         0.01134723 0.         0.         0.         0.         0.01769338 0.89213178 0.         0.         0.         0.         0.01594492],[0. 0. 1. 0. 0. 1. 0. 0. 1. 0. 0. 0. 1. 1. 0. 0. 0. 0. 0. 1. 0. 0. 0. 0. 1. 1. 0. 0. 0. 0. 1.],9.0,10000,30,0.6,10,1,9,,problem_solving
6300,0.03002485349544716,0.004653910566863321,0.4,-7.314986083235703,[0.         0.         0.01059202 0.         0.         0.01327386 0.         0.         0.01374122 0.         0.         0.         0.01060123 0.01467437 0.         0.         0.         0.         0.         0.01134723 0.         0.         0.         0.         0.01769338 0.89213178 0.         0.         0.         0.         0.01594492],[0. 0. 1. 0. 0. 1. 0. 0. 1. 0. 0. 0. 1. 1. 0. 0. 0. 0. 0. 1. 0. 0. 0. 0. 1. 1. 0. 0. 0. 0. 1.],9.0,10000,30,0.6,10,1,9,,problem_solving
6400,0.03002485349544716,0.004653910566863321,0.4,-4.375629975346348,[0.         0.         0.01059202 0.         0.         0.01327386 0.         0.         0.01374122 0.         0.         0.         0.01060123 0.01467437 0.         0.         0.         0.         0.         0.01134723 0.         0.         0.         0.         0.01769338 0.89213178 0.         0.         0.         0.         0.01594492],[0. 0. 1. 0. 0. 1. 0. 0. 1. 0. 0. 0. 1. 1. 0. 0. 0. 0. 0. 1. 0. 0. 0. 0. 1. 1. 0. 0. 0. 0. 1.],9.0,10000,30,0.6,10,1,9,,problem_solving
6500,0.03002485349544716,0.004653910566863321,0.4,2.0295038635074123,[0.         0.         0.01059202 0.         0.         0.01327386 0.         0.         0.01374122 0.         0.         0.         0.01060123 0.01467437 0.         0.         0.         0.         0.         0.01134723 0.         0.         0.         0.         0.01769338 0.89213178 0.         0.         0.         0.         0.01594492],[0. 0. 1. 0. 0. 1. 0. 0. 1. 0. 0. 0. 1. 1. 0. 0. 0. 0. 0. 1. 0. 0. 0. 0. 1. 1. 0. 0. 0. 0. 1.],9.0,10000,30,0.6,10,1,9,,problem_solving
6600,0.03002485349544716,0.004653910566863321,0.4,-11.562170359871836,[0.         0.         0.01059202 0.         0.         0.01327386 0.         0.         0.01374122 0.         0.         0.         0.01060123 0.01467437 0.         0.         0.         0.         0.         0.01134723 0.         0.         0.         0.         0.01769338 0.89213178 0.         0.         0.         0.         0.01594492],[0. 0. 1. 0. 0. 1. 0. 0. 1. 0. 0. 0. 1. 1. 0. 0. 0. 0. 0. 1. 0. 0. 0. 0. 1. 1. 0. 0. 0. 0. 1.],9.0,10000,30,0.6,10,1,9,,problem_solving
6700,0.03002485349544716,0.004653910566863321,0.4,13.996706002890683,[0.         0.         0.01059202 0.         0.         0.01327386 0.         0.         0.01374122 0.         0.         0.         0.01060123 0.01467437 0.         0.         0.         0.         0.         0.01134723 0.         0.         0.         0.         0.01769338 0.89213178 0.         0.         0.         0.         0.01594492],[0. 0. 1. 0. 0. 1. 0. 0. 1. 0. 0. 0. 1. 1. 0. 0. 0. 0. 0. 1. 0. 0. 0. 0. 1. 1. 0. 0. 0. 0. 1.],9.0,10000,30,0.6,10,1,9,,problem_solving
6800,0.03002485349544716,0.004653910566863321,0.4,-7.153537838415467,[0.         0.         0.01059202 0.         0.         0.01327386 0.         0.         0.01374122 0.         0.         0.         0.01060123 0.01467437 0.         0.         0.         0.         0.         0.01134723 0.         0.         0.         0.         0.01769338 0.89213178 0.         0.         0.         0.         0.01594492],[0. 0. 1. 0. 0. 1. 0. 0. 1. 0. 0. 0. 1. 1. 0. 0. 0. 0. 0. 1. 0. 0. 0. 0. 1. 1. 0. 0. 0. 0. 1.],9.0,10000,30,0.6,10,1,9,,problem_solving
6900,0.03002485349544716,0.004653910566863321,0.4,-0.9444323526334518,[0.         0.         0.01059202 0.         0.         0.01327386 0.         0.         0.01374122 0.         0.         0.         0.01060123 0.01467437 0.         0.         0.         0.         0.         0.01134723 0.         0.         0.         0.         0.01769338 0.89213178 0.         0.         0.         0.         0.01594492],[0. 0. 1. 0. 0. 1. 0. 0. 1. 0. 0. 0. 1. 1. 0. 0. 0. 0. 0. 1. 0. 0. 0. 0. 1. 1. 0. 0. 0. 0. 1.],9.0,10000,30,0.6,10,1,9,,problem_solving
7000,0.03002485349544716,0.004653910566863321,0.4,-8.276757036229073,[0.         0.         0.01059202 0.         0.         0.01327386 0.         0.         0.01374122 0.         0.         0.         0.01060123 0.01467437 0.         0.         0.         0.         0.         0.01134723 0.         0.         0.         0.         0.01769338 0.89213178 0.         0.         0.         0.         0.01594492],[0. 0. 1. 0. 0. 1. 0. 0. 1. 0. 0. 0. 1. 1. 0. 0. 0. 0. 0. 1. 0. 0. 0. 0. 1. 1. 0. 0. 0. 0. 1.],9.0,10000,30,0.6,10,1,9,,problem_solving
7100,0.03002485349544716,0.004653910566863321,0.4,3.6563106330838524,[0.         0.         0.01059202 0.         0.         0.01327386 0.         0.         0.01374122 0.         0.         0.         0.01060123 0.01467437 0.         0.         0.         0.         0.         0.01134723 0.         0.         0.         0.         0.01769338 0.89213178 0.         0.         0.         0.         0.01594492],[0. 0. 1. 0. 0. 1. 0. 0. 1. 0. 0. 0. 1. 1. 0. 0. 0. 0. 0. 1. 0. 0. 0. 0. 1. 1. 0. 0. 0. 0. 1.],9.0,10000,30,0.6,10,1,9,,problem_solving
7200,0.03002485349544716,0.004653910566863321,0.4,-17.442648552654887,[0.         0.         0.01059202 0.         0.         0.01327386 0.         0.         0.01374122 0.         0.         0.         0.01060123 0.01467437 0.         0.         0.         0.         0.         0.01134723 0.         0.         0.         0.         0.01769338 0.89213178 0.         0.         0.         0.         0.01594492],[0. 0. 1. 0. 0. 1. 0. 0. 1. 0. 0. 0. 1. 1. 0. 0. 0. 0. 0. 1. 0. 0. 0. 0. 1. 1. 0. 0. 0. 0. 1.],9.0,10000,30,0.6,10,1,9,,problem_solving
7300,0.03002485349544716,0.004653910566863321,0.4,-2.376302913970708,[0.         0.         0.01059202 0.         0.         0.01327386 0.         0.         0.01374122 0.         0.         0.         0.01060123 0.01467437 0.         0.         0.         0.         0.         0.01134723 0.         0.         0.         0.         0.01769338 0.89213178 0.         0.         0.         0.         0.01594492],[0. 0. 1. 0. 0. 1. 0. 0. 1. 0. 0. 0. 1. 1. 0. 0. 0. 0. 0. 1. 0. 0. 0. 0. 1. 1. 0. 0. 0. 0. 1.],9.0,10000,30,0.6,10,1,9,,problem_solving
7400,0.03002485349544716,0.004653910566863321,0.4,-3.9257986327450123,[0.         0.         0.01059202 0.         0.         0.01327386 0.         0.         0.01374122 0.         0.         0.         0.01060123 0.01467437 0.         0.         0.         0.         0.         0.01134723 0.         0.         0.         0.         0.01769338 0.89213178 0.         0.         0.         0.         0.01594492],[0. 0. 1. 0. 0. 1. 0. 0. 1. 0. 0. 0. 1. 1. 0. 0. 0. 0. 0. 1. 0. 0. 0. 0. 1. 1. 0. 0. 0. 0. 1.],9.0,10000,30,0.6,10,1,9,,problem_solving
7500,0.02749301329989389,0.004661410856994343,0.4,-13.097090013029746,[0.         0.         0.         0.         0.01063563 0.         0.         0.         0.         0.02155061 0.01803607 0.         0.01052876 0.         0.01450568 0.01063195 0.         0.         0.         0.         0.         0.         0.         0.         0.01054755 0.89300807 0.         0.01055568 0.         0.         0.        ],[0. 0. 0. 0. 1. 0. 0. 0. 0. 1. 1. 0. 1. 0. 1. 1. 0. 0. 0. 0. 0. 0. 0. 0. 1. 1. 0. 1. 0. 0. 0.],9.0,10000,30,0.6,10,1,9,,problem_solving
7600,0.02749301329989389,0.004661410856994343,0.4,2.4127412886939363,[0.         0.         0.         0.         0.01063563 0.         0.         0.         0.         0.02155061 0.01803607 0.         0.01052876 0.         0.01450568 0.01063195 0.         0.         0.         0.         0.         0.         0.         0.         0.01054755 0.89300807 0.         0.01055568 0.         0.         0.        ],[0. 0. 0. 0. 1. 0. 0. 0. 0. 1. 1. 0. 1. 0. 1. 1. 0. 0. 0. 0. 0. 0. 0. 0. 1. 1. 0. 1. 0. 0. 0.],9.0,10000,30,0.6,10,1,9,,problem_solving
7700,0.02749301329989389,0.004661410856994343,0.4,-2.0418298886185315,[0.         0.         0.         0.         0.01063563 0.         0.         0.         0.         0.02155061 0.01803607 0.         0.01052876 0.         0.01450568 0.01063195 0.         0.         0.         0.         0.         0.         0.         0.         0.01054755 0.89300807 0.         0.01055568 0.         0.         0.        ],[0. 0. 0. 0. 1. 0. 0. 0. 0. 1. 1. 0. 1. 0. 1. 1. 0. 0. 0. 0. 0. 0. 0. 0. 1. 1. 0. 1. 0. 0. 0.],9.0,10000,30,0.6,10,1,9,,problem_solving
7800,0.02749301329989389,0.004661410856994343,0.4,-10.219683301221341,[0.         0.         0.         0.         0.01063563 0.         0.         0.         0.         0.02155061 0.01803607 0.         0.01052876 0.         0.01450568 0.01063195 0.         0.         0.         0.         0.         0.         0.         0.         0.01054755 0.89300807 0.         0.01055568 0.         0.         0.        ],[0. 0. 0. 0. 1. 0. 0. 0. 0. 1. 1. 0. 1. 0. 1. 1. 0. 0. 0. 0. 0. 0. 0. 0. 1. 1. 0. 1. 0. 0. 0.],9.0,10000,30,0.6,10,1,9,,problem_solving
7900,0.02749301329989389,0.004661410856994343,0.4,-5.13691082458023,[0.         0.         0.         0.         0.01063563 0.         0.         0.         0.         0.02155061 0.01803607 0.         0.01052876 0.         0.01450568 0.01063195 0.         0.         0.         0.         0.         0.         0.         0.         0.01054755 0.89300807 0.         0.01055568 0.         0.         0.        ],[0. 0. 0. 0. 1. 0. 0. 0. 0. 1. 1. 0. 1. 0. 1. 1. 0. 0. 0. 0. 0. 0. 0. 0. 1. 1. 0. 1. 0. 0. 0.],9.0,10000,30,0.6,10,1,9,,problem_solving
8000,0.02749301329989389,0.004661410856994343,0.4,-4.992590234841037,[0.         0.         0.         0.         0.01063563 0.         0.         0.         0.         0.02155061 0.01803607 0.         0.01052876 0.         0.01450568 0.01063195 0.         0.         0.         0.         0.         0.         0.         0.         0.01054755 0.89300807 0.         0.01055568 0.         0.         0.        ],[0. 0. 0. 0. 1. 0. 0. 0. 0. 1. 1. 0. 1. 0. 1. 1. 0. 0. 0. 0. 0. 0. 0. 0. 1. 1. 0. 1. 0. 0. 0.],9.0,10000,30,0.6,10,1,9,,problem_solving
8100,0.02749301329989389,0.004661410856994343,0.4,-5.939138970508222,[0.         0.         0.         0.         0.01063563 0.         0.         0.         0.         0.02155061 0.01803607 0.         0.01052876 0.         0.01450568 0.01063195 0.         0.         0.         0.         0.         0.         0.         0.         0.01054755 0.89300807 0.         0.01055568 0.         0.         0.        ],[0. 0. 0. 0. 1. 0. 0. 0. 0. 1. 1. 0. 1. 0. 1. 1. 0. 0. 0. 0. 0. 0. 0. 0. 1. 1. 0. 1. 0. 0. 0.],9.0,10000,30,0.6,10,1,9,,problem_solving
8200,0.02749301329989389,0.004661410856994343,0.4,2.5356289376166616,[0.         0.         0.         0.         0.01063563 0.         0.         0.         0.         0.02155061 0.01803607 0.         0.01052876 0.         0.01450568 0.01063195 0.         0.         0.         0.         0.         0.         0.         0.         0.01054755 0.89300807 0.         0.01055568 0.         0.         0.        ],[0. 0. 0. 0. 1. 0. 0. 0. 0. 1. 1. 0. 1. 0. 1. 1. 0. 0. 0. 0. 0. 0. 0. 0. 1. 1. 0. 1. 0. 0. 0.],9.0,10000,30,0.6,10,1,9,,problem_solving
8300,0.02749301329989389,0.004661410856994343,0.4,-7.309342413945476,[0.         0.         0.         0.         0.01063563 0.         0.         0.         0.         0.02155061 0.01803607 0.         0.01052876 0.         0.01450568 0.01063195 0.         0.         0.         0.         0.         0.         0.         0.         0.01054755 0.89300807 0.         0.01055568 0.         0.         0.        ],[0. 0. 0. 0. 1. 0. 0. 0. 0. 1. 1. 0. 1. 0. 1. 1. 0. 0. 0. 0. 0. 0. 0. 0. 1. 1. 0. 1. 0. 0. 0.],9.0,10000,30,0.6,10,1,9,,problem_solving
8400,0.02749301329989389,0.004661410856994343,0.4,-3.0153810224817006,[0.         0.         0.         0.         0.01063563 0.         0.         0.         0.         0.02155061 0.01803607 0.         0.01052876 0.         0.01450568 0.01063195 0.         0.         0.         0.         0.         0.         0.         0.         0.01054755 0.89300807 0.         0.01055568 0.         0.         0.        ],[0. 0. 0. 0. 1. 0. 0. 0. 0. 1. 1. 0. 1. 0. 1. 1. 0. 0. 0. 0. 0. 0. 0. 0. 1. 1. 0. 1. 0. 0. 0.],9.0,10000,30,0.6,10,1,9,,problem_solving
8500,0.02749301329989389,0.004661410856994343,0.4,2.298744168031453,[0.         0.         0.         0.         0.01063563 0.         0.         0.         0.         0.02155061 0.01803607 0.         0.01052876 0.         0.01450568 0.01063195 0.         0.         0.         0.         0.         0.         0.         0.         0.01054755 0.89300807 0.         0.01055568 0.         0.         0.        ],[0. 0. 0. 0. 1. 0. 0. 0. 0. 1. 1. 0. 1. 0. 1. 1. 0. 0. 0. 0. 0. 0. 0. 0. 1. 1. 0. 1. 0. 0. 0.],9.0,10000,30,0.6,10,1,9,,problem_solving
8600,0.02749301329989389,0.004661410856994343,0.4,6.328923970353389,[0.         0.         0.         0.         0.01063563 0.         0.         0.         0.         0.02155061 0.01803607 0.         0.01052876 0.         0.01450568 0.01063195 0.         0.         0.         0.         0.         0.         0.         0.         0.01054755 0.89300807 0.         0.01055568 0.         0.         0.        ],[0. 0. 0. 0. 1. 0. 0. 0. 0. 1. 1. 0. 1. 0. 1. 1. 0. 0. 0. 0. 0. 0. 0. 0. 1. 1. 0. 1. 0. 0. 0.],9.0,10000,30,0.6,10,1,9,,problem_solving
8700,0.02749301329989389,0.004661410856994343,0.4,-5.910393620936921,[0.         0.         0.         0.         0.01063563 0.         0.         0.         0.         0.02155061 0.01803607 0.         0.01052876 0.         0.01450568 0.01063195 0.         0.         0.         0.         0.         0.         0.         0.         0.01054755 0.89300807 0.         0.01055568 0.         0.         0.        ],[0. 0. 0. 0. 1. 0. 0. 0. 0. 1. 1. 0. 1. 0. 1. 1. 0. 0. 0. 0. 0. 0. 0. 0. 1. 1. 0. 1. 0. 0. 0.],9.0,10000,30,0.6,10,1,9,,problem_solving
8800,0.02749301329989389,0.004661410856994343,0.4,-9.467313921802374,[0.         0.         0.         0.         0.01063563 0.         0.         0.         0.         0.02155061 0.01803607 0.         0.01052876 0.         0.01450568 0.01063195 0.         0.         0.         0.         0.         0.         0.         0.         0.01054755 0.89300807 0.         0.01055568 0.         0.         0.        ],[0. 0. 0. 0. 1. 0. 0. 0. 0. 1. 1. 0. 1. 0. 1. 1. 0. 0. 0. 0. 0. 0. 0. 0. 1. 1. 0. 1. 0. 0. 0.],9.0,10000,30,0.6,10,1,9,,problem_solving
8900,0.02749301329989389,0.004661410856994343,0.4,-7.152508051556366,[0.         0.         0.         0.         0.01063563 0.         0.         0.         0.         0.02155061 0.01803607 0.         0.01052876 0.         0.01450568 0.01063195 0.         0.         0.         0.         0.         0.         0.         0.         0.01054755 0.89300807 0.         0.01055568 0.         0.         0.        ],[0. 0. 0. 0. 1. 0. 0. 0. 0. 1. 1. 0. 1. 0. 1. 1. 0. 0. 0. 0. 0. 0. 0. 0. 1. 1. 0. 1. 0. 0. 0.],9.0,10000,30,0.6,10,1,9,,problem_solving
9000,0.02749301329989389,0.004661410856994343,0.4,14.164782958535705,[0.         0.         0.         0.         0.01063563 0.         0.         0.         0.         0.02155061 0.01803607 0.         0.01052876 0.         0.01450568 0.01063195 0.         0.         0.         0.         0.         0.         0.         0.         0.01054755 0.89300807 0.         0.01055568 0.         0.         0.        ],[0. 0. 0. 0. 1. 0. 0. 0. 0. 1. 1. 0. 1. 0. 1. 1. 0. 0. 0. 0. 0. 0. 0. 0. 1. 1. 0. 1. 0. 0. 0.],9.0,10000,30,0.6,10,1,9,,problem_solving
9100,0.02749301329989389,0.004661410856994343,0.4,7.92091833512656,[0.         0.         0.         0.         0.01063563 0.         0.         0.         0.         0.02155061 0.01803607 0.         0.01052876 0.         0.01450568 0.01063195 0.         0.         0.         0.         0.         0.         0.         0.         0.01054755 0.89300807 0.         0.01055568 0.         0.         0.        ],[0. 0. 0. 0. 1. 0. 0. 0. 0. 1. 1. 0. 1. 0. 1. 1. 0. 0. 0. 0. 0. 0. 0. 0. 1. 1. 0. 1. 0. 0. 0.],9.0,10000,30,0.6,10,1,9,,problem_solving
9200,0.02749301329989389,0.004661410856994343,0.4,10.096813817515871,[0.         0.         0.         0.         0.01063563 0.         0.         0.         0.         0.02155061 0.01803607 0.         0.01052876 0.         0.01450568 0.01063195 0.         0.         0.         0.         0.         0.         0.         0.         0.01054755 0.89300807 0.         0.01055568 0.         0.         0.        ],[0. 0. 0. 0. 1. 0. 0. 0. 0. 1. 1. 0. 1. 0. 1. 1. 0. 0. 0. 0. 0. 0. 0. 0. 1. 1. 0. 1. 0. 0. 0.],9.0,10000,30,0.6,10,1,9,,problem_solving
9300,0.027145116837656972,0.004801563250174129,0.4,1.3529435985213825,[0.         0.         0.         0.01606455 0.01737387 0.01498173 0.         0.         0.01815245 0.         0.         0.         0.01127213 0.         0.01184127 0.         0.         0.         0.         0.         0.         0.01154382 0.         0.         0.         0.88156805 0.         0.01720212 0.         0.         0.        ],[0. 0. 0. 1. 1. 1. 0. 0. 1. 0. 0. 0. 1. 0. 1. 0. 0. 0. 0. 0. 0. 1. 0. 0. 0. 1. 0. 1. 0. 0. 0.],9.0,10000,30,0.6,10,1,9,,problem_solving
9400,0.027145116837656972,0.004801563250174129,0.4,7.245031585302582,[0.         0.         0.         0.01606455 0.01737387 0.01498173 0.         0.         0.01815245 0.         0.         0.         0.01127213 0.         0.01184127 0.         0.         0.         0.         0.         0.         0.01154382 0.         0.         0.         0.88156805 0.         0.01720212 0.         0.         0.        ],[0. 0. 0. 1. 1. 1. 0. 0. 1. 0. 0. 0. 1. 0. 1. 0. 0. 0. 0. 0. 0. 1. 0. 0. 0. 1. 0. 1. 0. 0. 0.],9.0,10000,30,0.6,10,1,9,,problem_solving
9500,0.027145116837656972,0.004801563250174129,0.4,-5.374145242539625,[0.         0.         0.         0.01606455 0.01737387 0.01498173 0.         0.         0.01815245 0.         0.         0.         0.01127213 0.         0.01184127 0.         0.         0.         0.         0.         0.         0.01154382 0.         0.         0.         0.88156805 0.         0.01720212 0.         0.         0.        ],[0. 0. 0. 1. 1. 1. 0. 0. 1. 0. 0. 0. 1. 0. 1. 0. 0. 0. 0. 0. 0. 1. 0. 0. 0. 1. 0. 1. 0. 0. 0.],9.0,10000,30,0.6,10,1,9,,problem_solving
9600,0.027145116837656972,0.004801563250174129,0.4,1.7349032757768856,[0.         0.         0.         0.01606455 0.01737387 0.01498173 0.         0.         0.01815245 0.         0.         0.         0.01127213 0.         0.01184127 0.         0.         0.         0.         0.         0.         0.01154382 0.         0.         0.         0.88156805 0.         0.01720212 0.         0.         0.        ],[0. 0. 0. 1. 1. 1. 0. 0. 1. 0. 0. 0. 1. 0. 1. 0. 0. 0. 0. 0. 0. 1. 0. 0. 0. 1. 0. 1. 0. 0. 0.],9.0,10000,30,0.6,10,1,9,,problem_solving
9700,0.027145116837656972,0.004801563250174129,0.4,-7.2014846297491975,[0.         0.         0.         0.01606455 0.01737387 0.01498173 0.         0.         0.01815245 0.         0.         0.         0.01127213 0.         0.01184127 0.         0.         0.         0.         0.         0.         0.01154382 0.         0.         0.         0.88156805 0.         0.01720212 0.         0.         0.        ],[0. 0. 0. 1. 1. 1. 0. 0. 1. 0. 0. 0. 1. 0. 1. 0. 0. 0. 0. 0. 0. 1. 0. 0. 0. 1. 0. 1. 0. 0. 0.],9.0,10000,30,0.6,10,1,9,,problem_solving
9800,0.027145116837656972,0.004801563250174129,0.4,4.970068435049634,[0.         0.         0.         0.01606455 0.01737387 0.01498173 0.         0.         0.01815245 0.         0.         0.         0.01127213 0.         0.01184127 0.         0.         0.         0.         0.         0.         0.01154382 0.         0.         0.         0.88156805 0.         0.01720212 0.         0.         0.        ],[0. 0. 0. 1. 1. 1. 0. 0. 1. 0. 0. 0. 1. 0. 1. 0. 0. 0. 0. 0. 0. 1. 0. 0. 0. 1. 0. 1. 0. 0. 0.],9.0,10000,30,0.6,10,1,9,,problem_solving
9900,0.027145116837656972,0.004801563250174129,0.4,-2.7144082254212734,[0.         0.         0.         0.01606455 0.01737387 0.01498173 0.         0.         0.01815245 0.         0.         0.         0.01127213 0.         0.01184127 0.         0.         0.         0.         0.         0.         0.01154382 0.         0.         0.         0.88156805 0.         0.01720212 0.         0.         0.        ],[0. 0. 0. 1. 1. 1. 0. 0. 1. 0. 0. 0. 1. 0. 1. 0. 0. 0. 0. 0. 0. 1. 0. 0. 0. 1. 0. 1. 0. 0. 0.],9.0,10000,30,0.6,10,1,9,,problem_solving
9999,0.027145116837656972,0.004801563250174129,0.4,-0.5923920073491489,[0.         0.         0.         0.01606455 0.01737387 0.01498173 0.         0.         0.01815245 0.         0.         0.         0.01127213 0.         0.01184127 0.         0.         0.         0.         0.         0.         0.01154382 0.         0.         0.         0.88156805 0.         0.01720212 0.         0.         0.        ],[0. 0. 0. 1. 1. 1. 0. 0. 1. 0. 0. 0. 1. 0. 1. 0. 0. 0. 0. 0. 0. 1. 0. 0. 0. 1. 0. 1. 0. 0. 0.],9.0,10000,30,0.6,10,1,9,,problem_solving
