iter,cost,return,par,move,X,Z,Q,max_iter,mem_size,mem_consider,sigma,port_n,k,seed,tag
1,0.14891788787918206,0.004361623765036948,0.4,20.07032786797032,[0.         0.01600325 0.         0.         0.         0.         0.         0.         0.         0.         0.         0.         0.         0.         0.         0.01628785 0.         0.01447549 0.0180426  0.         0.         0.         0.01196322 0.01064479 0.         0.91258281 0.         0.         0.         0.         0.        ],[0. 1. 0. 0. 0. 0. 0. 0. 0. 0. 0. 0. 0. 0. 0. 1. 0. 1. 1. 0. 0. 0. 1. 1. 0. 1. 0. 0. 0. 0. 0.],7.0,10000,30,0.6,10,1,7,,problem_solving
100,0.03629607582918249,0.004736318355183311,0.4,-6.0183029766605625,[0.         0.         0.01138331 0.         0.         0.         0.01698497 0.         0.         0.         0.         0.         0.         0.         0.02246931 0.         0.0106299  0.         0.01059714 0.         0.         0.02081668 0.         0.         0.         0.90711869 0.         0.         0.         0.         0.        ],[0. 0. 1. 0. 0. 0. 1. 0. 0. 0. 0. 0. 0. 0. 1. 0. 1. 0. 1. 0. 0. 1. 0. 0. 0. 1. 0. 0. 0. 0. 0.],7.0,10000,30,0.6,10,1,7,,problem_solving
200,0.03629607582918249,0.004736318355183311,0.4,2.786933794792112,[0.         0.         0.01138331 0.         0.         0.         0.01698497 0.         0.         0.         0.         0.         0.         0.         0.02246931 0.         0.0106299  0.         0.01059714 0.         0.         0.02081668 0.         0.         0.         0.90711869 0.         0.         0.         0.         0.        ],[0. 0. 1. 0. 0. 0. 1. 0. 0. 0. 0. 0. 0. 0. 1. 0. 1. 0. 1. 0. 0. 1. 0. 0. 0. 1. 0. 0. 0. 0. 0.],7.0,10000,30,0.6,10,1,7,,problem_solving
300,0.03067530890596945,0.004687039300438255,0.4,13.908356984833471,[0.01069734 0.         0.         0.         0.         0.0194323  0.         0.         0.0171774  0.         0.         0.01404956 0.         0.         0.         0.         0.         0.         0.         0.         0.01548542 0.         0.         0.         0.         0.90938118 0.         0.0137768  0.         0.         0.        ],[1. 0. 0. 0. 0. 1. 0. 0. 1. 0. 0. 1. 0. 0. 0. 0. 0. 0. 0. 0. 1. 0. 0. 0. 0. 1. 0. 1. 0. 0. 0.],7.0,10000,30,0.6,10,1,7,,problem_solving
400,0.03067530890596945,0.004687039300438255,0.4,-6.038748853589261,[0.01069734 0.         0.         0.         0.         0.0194323  0.         0.         0.0171774  0.         0.         0.01404956 0.         0.         0.         0.         0.         0.         0.         0.         0.01548542 0.         0.         0.         0.         0.90938118 0.         0.0137768  0.         0.         0.        ],[1. 0. 0. 0. 0. 1. 0. 0. 1. 0. 0. 1. 0. 0. 0. 0. 0. 0. 0. 0. 1. 0. 0. 0. 0. 1. 0. 1. 0. 0. 0.],7.0,10000,30,0.6,10,1,7,,problem_solving
500,0.03067530890596945,0.004687039300438255,0.4,19.909760606542285,[0.01069734 0.         0.         0.         0.         0.0194323  0.         0.         0.0171774  0.         0.         0.01404956 0.         0.         0.         0.         0.         0.         0.         0.         0.01548542 0.         0.         0.         0.         0.90938118 0.         0.0137768  0.         0.         0.        ],[1. 0. 0. 0. 0. 1. 0. 0. 1. 0. 0. 1. 0. 0. 0. 0. 0. 0. 0. 0. 1. 0. 0. 0. 0. 1. 0. 1. 0. 0. 0.],7.0,10000,30,0.6,10,1,7,,problem_solving
600,0.03067530890596945,0.004687039300438255,0.4,-18.704799546745793,[0.01069734 0.         0.         0.         0.         0.0194323  0.         0.         0.0171774  0.         0.         0.01404956 0.         0.         0.         0.         0.         0.         0.         0.         0.01548542 0.         0.         0.         0.         0.90938118 0.         0.0137768  0.         0.         0.        ],[1. 0. 0. 0. 0. 1. 0. 0. 1. 0. 0. 1. 0. 0. 0. 0. 0. 0. 0. 0. 1. 0. 0. 0. 0. 1. 0. 1. 0. 0. 0.],7.0,10000,30,0.6,10,1,7,,problem_solving
700,0.03067530890596945,0.004687039300438255,0.4,7.830392071695198,[0.01069734 0.         0.         0.         0.         0.0194323  0.         0.         0.0171774  0.         0.         0.01404956 0.         0.         0.         0.         0.         0.         0.         0.         0.01548542 0.         0.         0.         0.         0.90938118 0.         0.0137768  0.         0.         0.        ],[1. 0. 0. 0. 0. 1. 0. 0. 1. 0. 0. 1. 0. 0. 0. 0. 0. 0. 0. 0. 1. 0. 0. 0. 0. 1. 0. 1. 0. 0. 0.],7.0,10000,30,0.6,10,1,7,,problem_solving
800,0.03067530890596945,0.004687039300438255,0.4,-12.963173879503746,[0.01069734 0.         0.         0.         0.         0.0194323  0.         0.         0.0171774  0.         0.         0.01404956 0.         0.         0.         0.         0.         0.         0.         0.         0.01548542 0.         0.         0.         0.         0.90938118 0.         0.0137768  0.         0.         0.        ],[1. 0. 0. 0. 0. 1. 0. 0. 1. 0. 0. 1. 0. 0. 0. 0. 0. 0. 0. 0. 1. 0. 0. 0. 0. 1. 0. 1. 0. 0. 0.],7.0,10000,30,0.6,10,1,7,,problem_solving
900,0.02319738045021754,0.010160744080542693,0.4,-5.128650298332387,[0.         0.         0.         0.         0.91013204 0.01298501 0.         0.         0.         0.         0.0162115  0.         0.         0.         0.01539656 0.         0.         0.         0.         0.         0.01410102 0.         0.         0.         0.         0.01747422 0.         0.         0.         0.         0.01369965],[0. 0. 0. 0. 1. 1. 0. 0. 0. 0. 1. 0. 0. 0. 1. 0. 0. 0. 0. 0. 1. 0. 0. 0. 0. 1. 0. 0. 0. 0. 1.],7.0,10000,30,0.6,10,1,7,,problem_solving
1000,0.02319738045021754,0.010160744080542693,0.4,5.603112434480575,[0.         0.         0.         0.         0.91013204 0.01298501 0.         0.         0.         0.         0.0162115  0.         0.         0.         0.01539656 0.         0.         0.         0.         0.         0.01410102 0.         0.         0.         0.         0.01747422 0.         0.         0.         0.         0.01369965],[0. 0. 0. 0. 1. 1. 0. 0. 0. 0. 1. 0. 0. 0. 1. 0. 0. 0. 0. 0. 1. 0. 0. 0. 0. 1. 0. 0. 0. 0. 1.],7.0,10000,30,0.6,10,1,7,,problem_solving
1100,0.02319738045021754,0.010160744080542693,0.4,-2.9911271268723105,[0.         0.         0.         0.         0.91013204 0.01298501 0.         0.         0.         0.         0.0162115  0.         0.         0.         0.01539656 0.         0.         0.         0.         0.         0.01410102 0.         0.         0.         0.         0.01747422 0.         0.         0.         0.         0.01369965],[0. 0. 0. 0. 1. 1. 0. 0. 0. 0. 1. 0. 0. 0. 1. 0. 0. 0. 0. 0. 1. 0. 0. 0. 0. 1. 0. 0. 0. 0. 1.],7.0,10000,30,0.6,10,1,7,,problem_solving
1200,0.02319738045021754,0.010160744080542693,0.4,-7.949785066499782,[0.         0.         0.         0.         0.91013204 0.01298501 0.         0.         0.         0.         0.0162115  0.         0.         0.         0.01539656 0.         0.         0.         0.         0.         0.01410102 0.         0.         0.         0.         0.01747422 0.         0.         0.         0.         0.01369965],[0. 0. 0. 0. 1. 1. 0. 0. 0. 0. 1. 0. 0. 0. 1. 0. 0. 0. 0. 0. 1. 0. 0. 0. 0. 1. 0. 0. 0. 0. 1.],7.0,10000,30,0.6,10,1,7,,problem_solving
1300,0.02319738045021754,0.010160744080542693,0.4,-8.239366503817598,[0.         0.         0.         0.         0.91013204 0.01298501 0.         0.         0.         0.         0.0162115  0.         0.         0.         0.01539656 0.         0.         0.         0.         0.         0.01410102 0.         0.         0.         0.         0.01747422 0.         0.         0.         0.         0.01369965],[0. 0. 0. 0. 1. 1. 0. 0. 0. 0. 1. 0. 0. 0. 1. 0. 0. 0. 0. 0. 1. 0. 0. 0. 0. 1. 0. 0. 0. 0. 1.],7.0,10000,30,0.6,10,1,7,,problem_solving
1400,0.02319738045021754,0.010160744080542693,0.4,11.190969134373601,[0.         0.         0.         0.         0.91013204 0.01298501 0.         0.         0.         0.         0.0162115  0.         0.         0.         0.01539656 0.         0.         0.         0.         0.         0.01410102 0.         0.         0.         0.         0.01747422 0.         0.         0.         0.         0.01369965],[0. 0. 0. 0. 1. 1. 0. 0. 0. 0. 1. 0. 0. 0. 1. 0. 0. 0. 0. 0. 1. 0. 0. 0. 0. 1. 0. 0. 0. 0. 1.],7.0,10000,30,0.6,10,1,7,,problem_solving
1500,0.02319738045021754,0.010160744080542693,0.4,-0.6478840284796135,[0.         0.         0.         0.         0.91013204 0.01298501 0.         0.         0.         0.         0.0162115  0.         0.         0.         0.01539656 0.         0.         0.         0.         0.         0.01410102 0.         0.         0.         0.         0.01747422 0.         0.         0.         0.         0.01369965],[0. 0. 0. 0. 1. 1. 0. 0. 0. 0. 1. 0. 0. 0. 1. 0. 0. 0. 0. 0. 1. 0. 0. 0. 0. 1. 0. 0. 0. 0. 1.],7.0,10000,30,0.6,10,1,7,,problem_solving
1600,0.022519569599409803,0.004715961544976661,0.4,-14.3640990456001,[0.         0.         0.         0.         0.01838304 0.         0.         0.         0.01080845 0.         0.         0.         0.         0.         0.         0.         0.01814313 0.01958128 0.         0.01645602 0.         0.         0.         0.         0.         0.89794446 0.         0.01868362 0.         0.         0.        ],[0. 0. 0. 0. 1. 0. 0. 0. 1. 0. 0. 0. 0. 0. 0. 0. 1. 1. 0. 1. 0. 0. 0. 0. 0. 1. 0. 1. 0. 0. 0.],7.0,10000,30,0.6,10,1,7,,problem_solving
1700,0.022519569599409803,0.004715961544976661,0.4,-2.0604601107109004,[0.         0.         0.         0.         0.01838304 0.         0.         0.         0.01080845 0.         0.         0.         0.         0.         0.         0.         0.01814313 0.01958128 0.         0.01645602 0.         0.         0.         0.         0.         0.89794446 0.         0.01868362 0.         0.         0.        ],[0. 0. 0. 0. 1. 0. 0. 0. 1. 0. 0. 0. 0. 0. 0. 0. 1. 1. 0. 1. 0. 0. 0. 0. 0. 1. 0. 1. 0. 0. 0.],7.0,10000,30,0.6,10,1,7,,problem_solving
1800,0.022519569599409803,0.004715961544976661,0.4,1.6802254229295575,[0.         0.         0.         0.         0.01838304 0.         0.         0.         0.01080845 0.         0.         0.         0.         0.         0.         0.         0.01814313 0.01958128 0.         0.01645602 0.         0.         0.         0.         0.         0.89794446 0.         0.01868362 0.         0.         0.        ],[0. 0. 0. 0. 1. 0. 0. 0. 1. 0. 0. 0. 0. 0. 0. 0. 1. 1. 0. 1. 0. 0. 0. 0. 0. 1. 0. 1. 0. 0. 0.],7.0,10000,30,0.6,10,1,7,,problem_solving
1900,0.022519569599409803,0.004715961544976661,0.4,14.279939063097943,[0.         0.         0.         0.         0.01838304 0.         0.         0.         0.01080845 0.         0.         0.         0.         0.         0.         0.         0.01814313 0.01958128 0.         0.01645602 0.         0.         0.         0.         0.         0.89794446 0.         0.01868362 0.         0.         0.        ],[0. 0. 0. 0. 1. 0. 0. 0. 1. 0. 0. 0. 0. 0. 0. 0. 1. 1. 0. 1. 0. 0. 0. 0. 0. 1. 0. 1. 0. 0. 0.],7.0,10000,30,0.6,10,1,7,,problem_solving
2000,0.022519569599409803,0.004715961544976661,0.4,9.938651472618801,[0.         0.         0.         0.         0.01838304 0.         0.         0.         0.01080845 0.         0.         0.         0.         0.         0.         0.         0.01814313 0.01958128 0.         0.01645602 0.         0.         0.         0.         0.         0.89794446 0.         0.01868362 0.         0.         0.        ],[0. 0. 0. 0. 1. 0. 0. 0. 1. 0. 0. 0. 0. 0. 0. 0. 1. 1. 0. 1. 0. 0. 0. 0. 0. 1. 0. 1. 0. 0. 0.],7.0,10000,30,0.6,10,1,7,,problem_solving
2100,0.022519569599409803,0.004715961544976661,0.4,5.244673467126134,[0.         0.         0.         0.         0.01838304 0.         0.         0.         0.01080845 0.         0.         0.         0.         0.         0.         0.         0.01814313 0.01958128 0.         0.01645602 0.         0.         0.         0.         0.         0.89794446 0.         0.01868362 0.         0.         0.        ],[0. 0. 0. 0. 1. 0. 0. 0. 1. 0. 0. 0. 0. 0. 0. 0. 1. 1. 0. 1. 0. 0. 0. 0. 0. 1. 0. 1. 0. 0. 0.],7.0,10000,30,0.6,10,1,7,,problem_solving
2200,0.022519569599409803,0.004715961544976661,0.4,4.037430241454033,[0.         0.         0.         0.         0.01838304 0.         0.         0.         0.01080845 0.         0.         0.         0.         0.         0.         0.         0.01814313 0.01958128 0.         0.01645602 0.         0.         0.         0.         0.         0.89794446 0.         0.01868362 0.         0.         0.        ],[0. 0. 0. 0. 1. 0. 0. 0. 1. 0. 0. 0. 0. 0. 0. 0. 1. 1. 0. 1. 0. 0. 0. 0. 0. 1. 0. 1. 0. 0. 0.],7.0,10000,30,0.6,10,1,7,,problem_solving
2300,0.022519569599409803,0.004715961544976661,0.4,-15.246813323442582,[0.         0.         0.         0.         0.01838304 0.         0.         0.         0.01080845 0.         0.         0.         0.         0.         0.         0.         0.01814313 0.01958128 0.         0.01645602 0.         0.         0.         0.         0.         0.89794446 0.         0.01868362 0.         0.         0.        ],[0. 0. 0. 0. 1. 0. 0. 0. 1. 0. 0. 0. 0. 0. 0. 0. 1. 1. 0. 1. 0. 0. 0. 0. 0. 1. 0. 1. 0. 0. 0.],7.0,10000,30,0.6,10,1,7,,problem_solving
2400,0.022519569599409803,0.004715961544976661,0.4,-14.822028348062826,[0.         0.         0.         0.         0.01838304 0.         0.         0.         0.01080845 0.         0.         0.         0.         0.         0.         0.         0.01814313 0.01958128 0.         0.01645602 0.         0.         0.         0.         0.         0.89794446 0.         0.01868362 0.         0.         0.        ],[0. 0. 0. 0. 1. 0. 0. 0. 1. 0. 0. 0. 0. 0. 0. 0. 1. 1. 0. 1. 0. 0. 0. 0. 0. 1. 0. 1. 0. 0. 0.],7.0,10000,30,0.6,10,1,7,,problem_solving
2500,0.022519569599409803,0.004715961544976661,0.4,17.686408677707863,[0.         0.         0.         0.         0.01838304 0.         0.         0.         0.01080845 0.         0.         0.         0.         0.         0.         0.         0.01814313 0.01958128 0.         0.01645602 0.         0.         0.         0.         0.         0.89794446 0.         0.01868362 0.         0.         0.        ],[0. 0. 0. 0. 1. 0. 0. 0. 1. 0. 0. 0. 0. 0. 0. 0. 1. 1. 0. 1. 0. 0. 0. 0. 0. 1. 0. 1. 0. 0. 0.],7.0,10000,30,0.6,10,1,7,,problem_solving
2600,0.022519569599409803,0.004715961544976661,0.4,-14.331834511731483,[0.         0.         0.         0.         0.01838304 0.         0.         0.         0.01080845 0.         0.         0.         0.         0.         0.         0.         0.01814313 0.01958128 0.         0.01645602 0.         0.         0.         0.         0.         0.89794446 0.         0.01868362 0.         0.         0.        ],[0. 0. 0. 0. 1. 0. 0. 0. 1. 0. 0. 0. 0. 0. 0. 0. 1. 1. 0. 1. 0. 0. 0. 0. 0. 1. 0. 1. 0. 0. 0.],7.0,10000,30,0.6,10,1,7,,problem_solving
2700,0.022519569599409803,0.004715961544976661,0.4,11.489922820880967,[0.         0.         0.         0.         0.01838304 0.         0.         0.         0.01080845 0.         0.         0.         0.         0.         0.         0.         0.01814313 0.01958128 0.         0.01645602 0.         0.         0.         0.         0.         0.89794446 0.         0.01868362 0.         0.         0.        ],[0. 0. 0. 0. 1. 0. 0. 0. 1. 0. 0. 0. 0. 0. 0. 0. 1. 1. 0. 1. 0. 0. 0. 0. 0. 1. 0. 1. 0. 0. 0.],7.0,10000,30,0.6,10,1,7,,problem_solving
2800,0.022519569599409803,0.004715961544976661,0.4,11.907299637695399,[0.         0.         0.         0.         0.01838304 0.         0.         0.         0.01080845 0.         0.         0.         0.         0.         0.         0.         0.01814313 0.01958128 0.         0.01645602 0.         0.         0.         0.         0.         0.89794446 0.         0.01868362 0.         0.         0.        ],[0. 0. 0. 0. 1. 0. 0. 0. 1. 0. 0. 0. 0. 0. 0. 0. 1. 1. 0. 1. 0. 0. 0. 0. 0. 1. 0. 1. 0. 0. 0.],7.0,10000,30,0.6,10,1,7,,problem_solving
2900,0.022519569599409803,0.004715961544976661,0.4,10.419310319441879,[0.         0.         0.         0.         0.01838304 0.         0.         0.         0.01080845 0.         0.         0.         0.         0.         0.         0.         0.01814313 0.01958128 0.         0.01645602 0.         0.         0.         0.         0.         0.89794446 0.         0.01868362 0.         0.         0.        ],[0. 0. 0. 0. 1. 0. 0. 0. 1. 0. 0. 0. 0. 0. 0. 0. 1. 1. 0. 1. 0. 0. 0. 0. 0. 1. 0. 1. 0. 0. 0.],7.0,10000,30,0.6,10,1,7,,problem_solving
3000,0.022519569599409803,0.004715961544976661,0.4,-3.4012516817990206,[0.         0.         0.         0.         0.01838304 0.         0.         0.         0.01080845 0.         0.         0.         0.         0.         0.         0.         0.01814313 0.01958128 0.         0.01645602 0.         0.         0.         0.         0.         0.89794446 0.         0.01868362 0.         0.         0.        ],[0. 0. 0. 0. 1. 0. 0. 0. 1. 0. 0. 0. 0. 0. 0. 0. 1. 1. 0. 1. 0. 0. 0. 0. 0. 1. 0. 1. 0. 0. 0.],7.0,10000,30,0.6,10,1,7,,problem_solving
3100,0.022519569599409803,0.004715961544976661,0.4,-1.231650219835749,[0.         0.         0.         0.         0.01838304 0.         0.         0.         0.01080845 0.         0.         0.         0.         0.         0.         0.         0.01814313 0.01958128 0.         0.01645602 0.         0.         0.         0.         0.         0.89794446 0.         0.01868362 0.         0.         0.        ],[0. 0. 0. 0. 1. 0. 0. 0. 1. 0. 0. 0. 0. 0. 0. 0. 1. 1. 0. 1. 0. 0. 0. 0. 0. 1. 0. 1. 0. 0. 0.],7.0,10000,30,0.6,10,1,7,,problem_solving
3200,0.022519569599409803,0.004715961544976661,0.4,19.607649181512162,[0.         0.         0.         0.         0.01838304 0.         0.         0.         0.01080845 0.         0.         0.         0.         0.         0.         0.         0.01814313 0.01958128 0.         0.01645602 0.         0.         0.         0.         0.         0.89794446 0.         0.01868362 0.         0.         0.        ],[0. 0. 0. 0. 1. 0. 0. 0. 1. 0. 0. 0. 0. 0. 0. 0. 1. 1. 0. 1. 0. 0. 0. 0. 0. 1. 0. 1. 0. 0. 0.],7.0,10000,30,0.6,10,1,7,,problem_solving
3300,0.022519569599409803,0.004715961544976661,0.4,-3.8576223521433493,[0.         0.         0.         0.         0.01838304 0.         0.         0.         0.01080845 0.         0.         0.         0.         0.         0.         0.         0.01814313 0.01958128 0.         0.01645602 0.         0.         0.         0.         0.         0.89794446 0.         0.01868362 0.         0.         0.        ],[0. 0. 0. 0. 1. 0. 0. 0. 1. 0. 0. 0. 0. 0. 0. 0. 1. 1. 0. 1. 0. 0. 0. 0. 0. 1. 0. 1. 0. 0. 0.],7.0,10000,30,0.6,10,1,7,,problem_solving
3400,0.022519569599409803,0.004715961544976661,0.4,-8.665663062029576,[0.         0.         0.         0.         0.01838304 0.         0.         0.         0.01080845 0.         0.         0.         0.         0.         0.         0.         0.01814313 0.01958128 0.         0.01645602 0.         0.         0.         0.         0.         0.89794446 0.         0.01868362 0.         0.         0.        ],[0. 0. 0. 0. 1. 0. 0. 0. 1. 0. 0. 0. 0. 0. 0. 0. 1. 1. 0. 1. 0. 0. 0. 0. 0. 1. 0. 1. 0. 0. 0.],7.0,10000,30,0.6,10,1,7,,problem_solving
3500,0.022519569599409803,0.004715961544976661,0.4,1.2780136401856346,[0.         0.         0.         0.         0.01838304 0.         0.         0.         0.01080845 0.         0.         0.         0.         0.         0.         0.         0.01814313 0.01958128 0.         0.01645602 0.         0.         0.         0.         0.         0.89794446 0.         0.01868362 0.         0.         0.        ],[0. 0. 0. 0. 1. 0. 0. 0. 1. 0. 0. 0. 0. 0. 0. 0. 1. 1. 0. 1. 0. 0. 0. 0. 0. 1. 0. 1. 0. 0. 0.],7.0,10000,30,0.6,10,1,7,,problem_solving
3600,0.022519569599409803,0.004715961544976661,0.4,7.525348306207421,[0.         0.         0.         0.         0.01838304 0.         0.         0.         0.01080845 0.         0.         0.         0.         0.         0.         0.         0.01814313 0.01958128 0.         0.01645602 0.         0.         0.         0.         0.         0.89794446 0.         0.01868362 0.         0.         0.        ],[0. 0. 0. 0. 1. 0. 0. 0. 1. 0. 0. 0. 0. 0. 0. 0. 1. 1. 0. 1. 0. 0. 0. 0. 0. 1. 0. 1. 0. 0. 0.],7.0,10000,30,0.6,10,1,7,,problem_solving
3700,0.022519569599409803,0.004715961544976661,0.4,4.160126370637606,[0.         0.         0.         0.         0.01838304 0.         0.         0.         0.01080845 0.         0.         0.         0.         0.         0.         0.         0.01814313 0.01958128 0.         0.01645602 0.         0.         0.         0.         0.         0.89794446 0.         0.01868362 0.         0.         0.        ],[0. 0. 0. 0. 1. 0. 0. 0. 1. 0. 0. 0. 0. 0. 0. 0. 1. 1. 0. 1. 0. 0. 0. 0. 0. 1. 0. 1. 0. 0. 0.],7.0,10000,30,0.6,10,1,7,,problem_solving
3800,0.022519569599409803,0.004715961544976661,0.4,-7.613477681054692,[0.         0.         0.         0.         0.01838304 0.         0.         0.         0.01080845 0.         0.         0.         0.         0.         0.         0.         0.01814313 0.01958128 0.         0.01645602 0.         0.         0.         0.         0.         0.89794446 0.         0.01868362 0.         0.         0.        ],[0. 0. 0. 0. 1. 0. 0. 0. 1. 0. 0. 0. 0. 0. 0. 0. 1. 1. 0. 1. 0. 0. 0. 0. 0. 1. 0. 1. 0. 0. 0.],7.0,10000,30,0.6,10,1,7,,problem_solving
3900,0.022519569599409803,0.004715961544976661,0.4,-14.933963768198048,[0.         0.         0.         0.         0.01838304 0.         0.         0.         0.01080845 0.         0.         0.         0.         0.         0.         0.         0.01814313 0.01958128 0.         0.01645602 0.         0.         0.         0.         0.         0.89794446 0.         0.01868362 0.         0.         0.        ],[0. 0. 0. 0. 1. 0. 0. 0. 1. 0. 0. 0. 0. 0. 0. 0. 1. 1. 0. 1. 0. 0. 0. 0. 0. 1. 0. 1. 0. 0. 0.],7.0,10000,30,0.6,10,1,7,,problem_solving
4000,0.022519569599409803,0.004715961544976661,0.4,26.40834087917819,[0.         0.         0.         0.         0.01838304 0.         0.         0.         0.01080845 0.         0.         0.         0.         0.         0.         0.         0.01814313 0.01958128 0.         0.01645602 0.         0.         0.         0.         0.         0.89794446 0.         0.01868362 0.         0.         0.        ],[0. 0. 0. 0. 1. 0. 0. 0. 1. 0. 0. 0. 0. 0. 0. 0. 1. 1. 0. 1. 0. 0. 0. 0. 0. 1. 0. 1. 0. 0. 0.],7.0,10000,30,0.6,10,1,7,,problem_solving
4100,0.022519569599409803,0.004715961544976661,0.4,-2.774968800421525,[0.         0.         0.         0.         0.01838304 0.         0.         0.         0.01080845 0.         0.         0.         0.         0.         0.         0.         0.01814313 0.01958128 0.         0.01645602 0.         0.         0.         0.         0.         0.89794446 0.         0.01868362 0.         0.         0.        ],[0. 0. 0. 0. 1. 0. 0. 0. 1. 0. 0. 0. 0. 0. 0. 0. 1. 1. 0. 1. 0. 0. 0. 0. 0. 1. 0. 1. 0. 0. 0.],7.0,10000,30,0.6,10,1,7,,problem_solving
4200,0.018965621386956233,0.0048271102179242905,0.4,8.492786115826311,[0.         0.01324802 0.         0.         0.01307686 0.         0.         0.         0.01798933 0.         0.         0.         0.         0.         0.01512015 0.         0.         0.         0.         0.         0.01073053 0.         0.         0.         0.         0.91197845 0.         0.01785665 0.         0.         0.        ],[0. 1. 0. 0. 1. 0. 0. 0. 1. 0. 0. 0. 0. 0. 1. 0. 0. 0. 0. 0. 1. 0. 0. 0. 0. 1. 0. 1. 0. 0. 0.],7.0,10000,30,0.6,10,1,7,,problem_solving
4300,0.018965621386956233,0.0048271102179242905,0.4,5.610075298107259,[0.         0.01324802 0.         0.         0.01307686 0.         0.         0.         0.01798933 0.         0.         0.         0.         0.         0.01512015 0.         0.         0.         0.         0.         0.01073053 0.         0.         0.         0.         0.91197845 0.         0.01785665 0.         0.         0.        ],[0. 1. 0. 0. 1. 0. 0. 0. 1. 0. 0. 0. 0. 0. 1. 0. 0. 0. 0. 0. 1. 0. 0. 0. 0. 1. 0. 1. 0. 0. 0.],7.0,10000,30,0.6,10,1,7,,problem_solving
4400,0.018965621386956233,0.0048271102179242905,0.4,-1.4548940760133944,[0.         0.01324802 0.         0.         0.01307686 0.         0.         0.         0.01798933 0.         0.         0.         0.         0.         0.01512015 0.         0.         0.         0.         0.         0.01073053 0.         0.         0.         0.         0.91197845 0.         0.01785665 0.         0.         0.        ],[0. 1. 0. 0. 1. 0. 0. 0. 1. 0. 0. 0. 0. 0. 1. 0. 0. 0. 0. 0. 1. 0. 0. 0. 0. 1. 0. 1. 0. 0. 0.],7.0,10000,30,0.6,10,1,7,,problem_solving
4500,0.018965621386956233,0.0048271102179242905,0.4,8.409817662609683,[0.         0.01324802 0.         0.         0.01307686 0.         0.         0.         0.01798933 0.         0.         0.         0.         0.         0.01512015 0.         0.         0.         0.         0.         0.01073053 0.         0.         0.         0.         0.91197845 0.         0.01785665 0.         0.         0.        ],[0. 1. 0. 0. 1. 0. 0. 0. 1. 0. 0. 0. 0. 0. 1. 0. 0. 0. 0. 0. 1. 0. 0. 0. 0. 1. 0. 1. 0. 0. 0.],7.0,10000,30,0.6,10,1,7,,problem_solving
4600,0.018965621386956233,0.0048271102179242905,0.4,-7.117951321260235,[0.         0.01324802 0.         0.         0.01307686 0.         0.         0.         0.01798933 0.         0.         0.         0.         0.         0.01512015 0.         0.         0.         0.         0.         0.01073053 0.         0.         0.         0.         0.91197845 0.         0.01785665 0.         0.         0.        ],[0. 1. 0. 0. 1. 0. 0. 0. 1. 0. 0. 0. 0. 0. 1. 0. 0. 0. 0. 0. 1. 0. 0. 0. 0. 1. 0. 1. 0. 0. 0.],7.0,10000,30,0.6,10,1,7,,problem_solving
4700,0.018965621386956233,0.0048271102179242905,0.4,4.46105653267867,[0.         0.01324802 0.         0.         0.01307686 0.         0.         0.         0.01798933 0.         0.         0.         0.         0.         0.01512015 0.         0.         0.         0.         0.         0.01073053 0.         0.         0.         0.         0.91197845 0.         0.01785665 0.         0.         0.        ],[0. 1. 0. 0. 1. 0. 0. 0. 1. 0. 0. 0. 0. 0. 1. 0. 0. 0. 0. 0. 1. 0. 0. 0. 0. 1. 0. 1. 0. 0. 0.],7.0,10000,30,0.6,10,1,7,,problem_solving
4800,0.018965621386956233,0.0048271102179242905,0.4,-8.52335001768217,[0.         0.01324802 0.         0.         0.01307686 0.         0.         0.         0.01798933 0.         0.         0.         0.         0.         0.01512015 0.         0.         0.         0.         0.         0.01073053 0.         0.         0.         0.         0.91197845 0.         0.01785665 0.         0.         0.        ],[0. 1. 0. 0. 1. 0. 0. 0. 1. 0. 0. 0. 0. 0. 1. 0. 0. 0. 0. 0. 1. 0. 0. 0. 0. 1. 0. 1. 0. 0. 0.],7.0,10000,30,0.6,10,1,7,,problem_solving
4900,0.018965621386956233,0.0048271102179242905,0.4,-3.5413995045289113,[0.         0.01324802 0.         0.         0.01307686 0.         0.         0.         0.01798933 0.         0.         0.         0.         0.         0.01512015 0.         0.         0.         0.         0.         0.01073053 0.         0.         0.         0.         0.91197845 0.         0.01785665 0.         0.         0.        ],[0. 1. 0. 0. 1. 0. 0. 0. 1. 0. 0. 0. 0. 0. 1. 0. 0. 0. 0. 0. 1. 0. 0. 0. 0. 1. 0. 1. 0. 0. 0.],7.0,10000,30,0.6,10,1,7,,problem_solving
5000,0.018965621386956233,0.0048271102179242905,0.4,-11.194820337243097,[0.         0.01324802 0.         0.         0.01307686 0.         0.         0.         0.01798933 0.         0.         0.         0.         0.         0.01512015 0.         0.         0.         0.         0.         0.01073053 0.         0.         0.         0.         0.91197845 0.         0.01785665 0.         0.         0.        ],[0. 1. 0. 0. 1. 0. 0. 0. 1. 0. 0. 0. 0. 0. 1. 0. 0. 0. 0. 0. 1. 0. 0. 0. 0. 1. 0. 1. 0. 0. 0.],7.0,10000,30,0.6,10,1,7,,problem_solving
5100,0.018965621386956233,0.0048271102179242905,0.4,-6.028421945441407,[0.         0.01324802 0.         0.         0.01307686 0.         0.         0.         0.01798933 0.         0.         0.         0.         0.         0.01512015 0.         0.         0.         0.         0.         0.01073053 0.         0.         0.         0.         0.91197845 0.         0.01785665 0.         0.         0.        ],[0. 1. 0. 0. 1. 0. 0. 0. 1. 0. 0. 0. 0. 0. 1. 0. 0. 0. 0. 0. 1. 0. 0. 0. 0. 1. 0. 1. 0. 0. 0.],7.0,10000,30,0.6,10,1,7,,problem_solving
5200,0.018965621386956233,0.0048271102179242905,0.4,-21.03699078007535,[0.         0.01324802 0.         0.         0.01307686 0.         0.         0.         0.01798933 0.         0.         0.         0.         0.         0.01512015 0.         0.         0.         0.         0.         0.01073053 0.         0.         0.         0.         0.91197845 0.         0.01785665 0.         0.         0.        ],[0. 1. 0. 0. 1. 0. 0. 0. 1. 0. 0. 0. 0. 0. 1. 0. 0. 0. 0. 0. 1. 0. 0. 0. 0. 1. 0. 1. 0. 0. 0.],7.0,10000,30,0.6,10,1,7,,problem_solving
5300,0.018965621386956233,0.0048271102179242905,0.4,-1.6387529736531823,[0.         0.01324802 0.         0.         0.01307686 0.         0.         0.         0.01798933 0.         0.         0.         0.         0.         0.01512015 0.         0.         0.         0.         0.         0.01073053 0.         0.         0.         0.         0.91197845 0.         0.01785665 0.         0.         0.        ],[0. 1. 0. 0. 1. 0. 0. 0. 1. 0. 0. 0. 0. 0. 1. 0. 0. 0. 0. 0. 1. 0. 0. 0. 0. 1. 0. 1. 0. 0. 0.],7.0,10000,30,0.6,10,1,7,,problem_solving
5400,0.018965621386956233,0.0048271102179242905,0.4,5.323314986590192,[0.         0.01324802 0.         0.         0.01307686 0.         0.         0.         0.01798933 0.         0.         0.         0.         0.         0.01512015 0.         0.         0.         0.         0.         0.01073053 0.         0.         0.         0.         0.91197845 0.         0.01785665 0.         0.         0.        ],[0. 1. 0. 0. 1. 0. 0. 0. 1. 0. 0. 0. 0. 0. 1. 0. 0. 0. 0. 0. 1. 0. 0. 0. 0. 1. 0. 1. 0. 0. 0.],7.0,10000,30,0.6,10,1,7,,problem_solving
5500,0.018965621386956233,0.0048271102179242905,0.4,-12.117806619085085,[0.         0.01324802 0.         0.         0.01307686 0.         0.         0.         0.01798933 0.         0.         0.         0.         0.         0.01512015 0.         0.         0.         0.         0.         0.01073053 0.         0.         0.         0.         0.91197845 0.         0.01785665 0.         0.         0.        ],[0. 1. 0. 0. 1. 0. 0. 0. 1. 0. 0. 0. 0. 0. 1. 0. 0. 0. 0. 0. 1. 0. 0. 0. 0. 1. 0. 1. 0. 0. 0.],7.0,10000,30,0.6,10,1,7,,problem_solving
5600,0.018965621386956233,0.0048271102179242905,0.4,19.828385856633155,[0.         0.01324802 0.         0.         0.01307686 0.         0.         0.         0.01798933 0.         0.         0.         0.         0.         0.01512015 0.         0.         0.         0.         0.         0.01073053 0.         0.         0.         0.         0.91197845 0.         0.01785665 0.         0.         0.        ],[0. 1. 0. 0. 1. 0. 0. 0. 1. 0. 0. 0. 0. 0. 1. 0. 0. 0. 0. 0. 1. 0. 0. 0. 0. 1. 0. 1. 0. 0. 0.],7.0,10000,30,0.6,10,1,7,,problem_solving
5700,0.018965621386956233,0.0048271102179242905,0.4,14.805304997767454,[0.         0.01324802 0.         0.         0.01307686 0.         0.         0.         0.01798933 0.         0.         0.         0.         0.         0.01512015 0.         0.         0.         0.         0.         0.01073053 0.         0.         0.         0.         0.91197845 0.         0.01785665 0.         0.         0.        ],[0. 1. 0. 0. 1. 0. 0. 0. 1. 0. 0. 0. 0. 0. 1. 0. 0. 0. 0. 0. 1. 0. 0. 0. 0. 1. 0. 1. 0. 0. 0.],7.0,10000,30,0.6,10,1,7,,problem_solving
5800,0.018965621386956233,0.0048271102179242905,0.4,-17.65727689480518,[0.         0.01324802 0.         0.         0.01307686 0.         0.         0.         0.01798933 0.         0.         0.         0.         0.         0.01512015 0.         0.         0.         0.         0.         0.01073053 0.         0.         0.         0.         0.91197845 0.         0.01785665 0.         0.         0.        ],[0. 1. 0. 0. 1. 0. 0. 0. 1. 0. 0. 0. 0. 0. 1. 0. 0. 0. 0. 0. 1. 0. 0. 0. 0. 1. 0. 1. 0. 0. 0.],7.0,10000,30,0.6,10,1,7,,problem_solving
5900,0.018965621386956233,0.0048271102179242905,0.4,8.35069771783428,[0.         0.01324802 0.         0.         0.01307686 0.         0.         0.         0.01798933 0.         0.         0.         0.         0.         0.01512015 0.         0.         0.         0.         0.         0.01073053 0.         0.         0.         0.         0.91197845 0.         0.01785665 0.         0.         0.        ],[0. 1. 0. 0. 1. 0. 0. 0. 1. 0. 0. 0. 0. 0. 1. 0. 0. 0. 0. 0. 1. 0. 0. 0. 0. 1. 0. 1. 0. 0. 0.],7.0,10000,30,0.6,10,1,7,,problem_solving
6000,0.018965621386956233,0.0048271102179242905,0.4,-1.3624741220861392,[0.         0.01324802 0.         0.         0.01307686 0.         0.         0.         0.01798933 0.         0.         0.         0.         0.         0.01512015 0.         0.         0.         0.         0.         0.01073053 0.         0.         0.         0.         0.91197845 0.         0.01785665 0.         0.         0.        ],[0. 1. 0. 0. 1. 0. 0. 0. 1. 0. 0. 0. 0. 0. 1. 0. 0. 0. 0. 0. 1. 0. 0. 0. 0. 1. 0. 1. 0. 0. 0.],7.0,10000,30,0.6,10,1,7,,problem_solving
6100,0.018965621386956233,0.0048271102179242905,0.4,23.296431325476807,[0.         0.01324802 0.         0.         0.01307686 0.         0.         0.         0.01798933 0.         0.         0.         0.         0.         0.01512015 0.         0.         0.         0.         0.         0.01073053 0.         0.         0.         0.         0.91197845 0.         0.01785665 0.         0.         0.        ],[0. 1. 0. 0. 1. 0. 0. 0. 1. 0. 0. 0. 0. 0. 1. 0. 0. 0. 0. 0. 1. 0. 0. 0. 0. 1. 0. 1. 0. 0. 0.],7.0,10000,30,0.6,10,1,7,,problem_solving
6200,0.018965621386956233,0.0048271102179242905,0.4,10.809889435839999,[0.         0.01324802 0.         0.         0.01307686 0.         0.         0.         0.01798933 0.         0.         0.         0.         0.         0.01512015 0.         0.         0.         0.         0.         0.01073053 0.         0.         0.         0.         0.91197845 0.         0.01785665 0.         0.         0.        ],[0. 1. 0. 0. 1. 0. 0. 0. 1. 0. 0. 0. 0. 0. 1. 0. 0. 0. 0. 0. 1. 0. 0. 0. 0. 1. 0. 1. 0. 0. 0.],7.0,10000,30,0.6,10,1,7,,problem_solving
6300,0.018965621386956233,0.0048271102179242905,0.4,7.188505988418848,[0.         0.01324802 0.         0.         0.01307686 0.         0.         0.         0.01798933 0.         0.         0.         0.         0.         0.01512015 0.         0.         0.         0.         0.         0.01073053 0.         0.         0.         0.         0.91197845 0.         0.01785665 0.         0.         0.        ],[0. 1. 0. 0. 1. 0. 0. 0. 1. 0. 0. 0. 0. 0. 1. 0. 0. 0. 0. 0. 1. 0. 0. 0. 0. 1. 0. 1. 0. 0. 0.],7.0,10000,30,0.6,10,1,7,,problem_solving
6400,0.018965621386956233,0.0048271102179242905,0.4,2.927478177507483,[0.         0.01324802 0.         0.         0.01307686 0.         0.         0.         0.01798933 0.         0.         0.         0.         0.         0.01512015 0.         0.         0.         0.         0.         0.01073053 0.         0.         0.         0.         0.91197845 0.         0.01785665 0.         0.         0.        ],[0. 1. 0. 0. 1. 0. 0. 0. 1. 0. 0. 0. 0. 0. 1. 0. 0. 0. 0. 0. 1. 0. 0. 0. 0. 1. 0. 1. 0. 0. 0.],7.0,10000,30,0.6,10,1,7,,problem_solving
6500,0.018965621386956233,0.0048271102179242905,0.4,-14.906518583540239,[0.         0.01324802 0.         0.         0.01307686 0.         0.         0.         0.01798933 0.         0.         0.         0.         0.         0.01512015 0.         0.         0.         0.         0.         0.01073053 0.         0.         0.         0.         0.91197845 0.         0.01785665 0.         0.         0.        ],[0. 1. 0. 0. 1. 0. 0. 0. 1. 0. 0. 0. 0. 0. 1. 0. 0. 0. 0. 0. 1. 0. 0. 0. 0. 1. 0. 1. 0. 0. 0.],7.0,10000,30,0.6,10,1,7,,problem_solving
6600,0.018965621386956233,0.0048271102179242905,0.4,5.307635068964607,[0.         0.01324802 0.         0.         0.01307686 0.         0.         0.         0.01798933 0.         0.         0.         0.         0.         0.01512015 0.         0.         0.         0.         0.         0.01073053 0.         0.         0.         0.         0.91197845 0.         0.01785665 0.         0.         0.        ],[0. 1. 0. 0. 1. 0. 0. 0. 1. 0. 0. 0. 0. 0. 1. 0. 0. 0. 0. 0. 1. 0. 0. 0. 0. 1. 0. 1. 0. 0. 0.],7.0,10000,30,0.6,10,1,7,,problem_solving
6700,0.018965621386956233,0.0048271102179242905,0.4,-11.696526039437154,[0.         0.01324802 0.         0.         0.01307686 0.         0.         0.         0.01798933 0.         0.         0.         0.         0.         0.01512015 0.         0.         0.         0.         0.         0.01073053 0.         0.         0.         0.         0.91197845 0.         0.01785665 0.         0.         0.        ],[0. 1. 0. 0. 1. 0. 0. 0. 1. 0. 0. 0. 0. 0. 1. 0. 0. 0. 0. 0. 1. 0. 0. 0. 0. 1. 0. 1. 0. 0. 0.],7.0,10000,30,0.6,10,1,7,,problem_solving
6800,0.018965621386956233,0.0048271102179242905,0.4,-8.384001560647937,[0.         0.01324802 0.         0.         0.01307686 0.         0.         0.         0.01798933 0.         0.         0.         0.         0.         0.01512015 0.         0.         0.         0.         0.         0.01073053 0.         0.         0.         0.         0.91197845 0.         0.01785665 0.         0.         0.        ],[0. 1. 0. 0. 1. 0. 0. 0. 1. 0. 0. 0. 0. 0. 1. 0. 0. 0. 0. 0. 1. 0. 0. 0. 0. 1. 0. 1. 0. 0. 0.],7.0,10000,30,0.6,10,1,7,,problem_solving
6900,0.018965621386956233,0.0048271102179242905,0.4,-6.498530341811694,[0.         0.01324802 0.         0.         0.01307686 0.         0.         0.         0.01798933 0.         0.         0.         0.         0.         0.01512015 0.         0.         0.         0.         0.         0.01073053 0.         0.         0.         0.         0.91197845 0.         0.01785665 0.         0.         0.        ],[0. 1. 0. 0. 1. 0. 0. 0. 1. 0. 0. 0. 0. 0. 1. 0. 0. 0. 0. 0. 1. 0. 0. 0. 0. 1. 0. 1. 0. 0. 0.],7.0,10000,30,0.6,10,1,7,,problem_solving
7000,0.018965621386956233,0.0048271102179242905,0.4,9.886114826756296,[0.         0.01324802 0.         0.         0.01307686 0.         0.         0.         0.01798933 0.         0.         0.         0.         0.         0.01512015 0.         0.         0.         0.         0.         0.01073053 0.         0.         0.         0.         0.91197845 0.         0.01785665 0.         0.         0.        ],[0. 1. 0. 0. 1. 0. 0. 0. 1. 0. 0. 0. 0. 0. 1. 0. 0. 0. 0. 0. 1. 0. 0. 0. 0. 1. 0. 1. 0. 0. 0.],7.0,10000,30,0.6,10,1,7,,problem_solving
7100,0.018965621386956233,0.0048271102179242905,0.4,-14.842139234850187,[0.         0.01324802 0.         0.         0.01307686 0.         0.         0.         0.01798933 0.         0.         0.         0.         0.         0.01512015 0.         0.         0.         0.         0.         0.01073053 0.         0.         0.         0.         0.91197845 0.         0.01785665 0.         0.         0.        ],[0. 1. 0. 0. 1. 0. 0. 0. 1. 0. 0. 0. 0. 0. 1. 0. 0. 0. 0. 0. 1. 0. 0. 0. 0. 1. 0. 1. 0. 0. 0.],7.0,10000,30,0.6,10,1,7,,problem_solving
7200,0.018965621386956233,0.0048271102179242905,0.4,-1.5427139382921546,[0.         0.01324802 0.         0.         0.01307686 0.         0.         0.         0.01798933 0.         0.         0.         0.         0.         0.01512015 0.         0.         0.         0.         0.         0.01073053 0.         0.         0.         0.         0.91197845 0.         0.01785665 0.         0.         0.        ],[0. 1. 0. 0. 1. 0. 0. 0. 1. 0. 0. 0. 0. 0. 1. 0. 0. 0. 0. 0. 1. 0. 0. 0. 0. 1. 0. 1. 0. 0. 0.],7.0,10000,30,0.6,10,1,7,,problem_solving
7300,0.018965621386956233,0.0048271102179242905,0.4,-20.56424270850667,[0.         0.01324802 0.         0.         0.01307686 0.         0.         0.         0.01798933 0.         0.         0.         0.         0.         0.01512015 0.         0.         0.         0.         0.         0.01073053 0.         0.         0.         0.         0.91197845 0.         0.01785665 0.         0.         0.        ],[0. 1. 0. 0. 1. 0. 0. 0. 1. 0. 0. 0. 0. 0. 1. 0. 0. 0. 0. 0. 1. 0. 0. 0. 0. 1. 0. 1. 0. 0. 0.],7.0,10000,30,0.6,10,1,7,,problem_solving
7400,0.018965621386956233,0.0048271102179242905,0.4,-4.429120468446575,[0.         0.01324802 0.         0.         0.01307686 0.         0.         0.         0.01798933 0.         0.         0.         0.         0.         0.01512015 0.         0.         0.         0.         0.         0.01073053 0.         0.         0.         0.         0.91197845 0.         0.01785665 0.         0.         0.        ],[0. 1. 0. 0. 1. 0. 0. 0. 1. 0. 0. 0. 0. 0. 1. 0. 0. 0. 0. 0. 1. 0. 0. 0. 0. 1. 0. 1. 0. 0. 0.],7.0,10000,30,0.6,10,1,7,,problem_solving
7500,0.018965621386956233,0.0048271102179242905,0.4,6.267459050785645,[0.         0.01324802 0.         0.         0.01307686 0.         0.         0.         0.01798933 0.         0.         0.         0.         0.         0.01512015 0.         0.         0.         0.         0.         0.01073053 0.         0.         0.         0.         0.91197845 0.         0.01785665 0.         0.         0.        ],[0. 1. 0. 0. 1. 0. 0. 0. 1. 0. 0. 0. 0. 0. 1. 0. 0. 0. 0. 0. 1. 0. 0. 0. 0. 1. 0. 1. 0. 0. 0.],7.0,10000,30,0.6,10,1,7,,problem_solving
7600,0.018965621386956233,0.0048271102179242905,0.4,-2.3688874094321664,[0.         0.01324802 0.         0.         0.01307686 0.         0.         0.         0.01798933 0.         0.         0.         0.         0.         0.01512015 0.         0.         0.         0.         0.         0.01073053 0.         0.         0.         0.         0.91197845 0.         0.01785665 0.         0.         0.        ],[0. 1. 0. 0. 1. 0. 0. 0. 1. 0. 0. 0. 0. 0. 1. 0. 0. 0. 0. 0. 1. 0. 0. 0. 0. 1. 0. 1. 0. 0. 0.],7.0,10000,30,0.6,10,1,7,,problem_solving
7700,0.018965621386956233,0.0048271102179242905,0.4,10.005445879659455,[0.         0.01324802 0.         0.         0.01307686 0.         0.         0.         0.01798933 0.         0.         0.         0.         0.         0.01512015 0.         0.         0.         0.         0.         0.01073053 0.         0.         0.         0.         0.91197845 0.         0.01785665 0.         0.         0.        ],[0. 1. 0. 0. 1. 0. 0. 0. 1. 0. 0. 0. 0. 0. 1. 0. 0. 0. 0. 0. 1. 0. 0. 0. 0. 1. 0. 1. 0. 0. 0.],7.0,10000,30,0.6,10,1,7,,problem_solving
7800,0.018965621386956233,0.0048271102179242905,0.4,12.251894884551566,[0.         0.01324802 0.         0.         0.01307686 0.         0.         0.         0.01798933 0.         0.         0.         0.         0.         0.01512015 0.         0.         0.         0.         0.         0.01073053 0.         0.         0.         0.         0.91197845 0.         0.01785665 0.         0.         0.        ],[0. 1. 0. 0. 1. 0. 0. 0. 1. 0. 0. 0. 0. 0. 1. 0. 0. 0. 0. 0. 1. 0. 0. 0. 0. 1. 0. 1. 0. 0. 0.],7.0,10000,30,0.6,10,1,7,,problem_solving
7900,0.018965621386956233,0.0048271102179242905,0.4,-6.550356064452316,[0.         0.01324802 0.         0.         0.01307686 0.         0.         0.         0.01798933 0.         0.         0.         0.         0.         0.01512015 0.         0.         0.         0.         0.         0.01073053 0.         0.         0.         0.         0.91197845 0.         0.01785665 0.         0.         0.        ],[0. 1. 0. 0. 1. 0. 0. 0. 1. 0. 0. 0. 0. 0. 1. 0. 0. 0. 0. 0. 1. 0. 0. 0. 0. 1. 0. 1. 0. 0. 0.],7.0,10000,30,0.6,10,1,7,,problem_solving
8000,0.018965621386956233,0.0048271102179242905,0.4,-3.9377785668774967,[0.         0.01324802 0.         0.         0.01307686 0.         0.         0.         0.01798933 0.         0.         0.         0.         0.         0.01512015 0.         0.         0.         0.         0.         0.01073053 0.         0.         0.         0.         0.91197845 0.         0.01785665 0.         0.         0.        ],[0. 1. 0. 0. 1. 0. 0. 0. 1. 0. 0. 0. 0. 0. 1. 0. 0. 0. 0. 0. 1. 0. 0. 0. 0. 1. 0. 1. 0. 0. 0.],7.0,10000,30,0.6,10,1,7,,problem_solving
8100,0.018965621386956233,0.0048271102179242905,0.4,-2.391494276101247,[0.         0.01324802 0.         0.         0.01307686 0.         0.         0.         0.01798933 0.         0.         0.         0.         0.         0.01512015 0.         0.         0.         0.         0.         0.01073053 0.         0.         0.         0.         0.91197845 0.         0.01785665 0.         0.         0.        ],[0. 1. 0. 0. 1. 0. 0. 0. 1. 0. 0. 0. 0. 0. 1. 0. 0. 0. 0. 0. 1. 0. 0. 0. 0. 1. 0. 1. 0. 0. 0.],7.0,10000,30,0.6,10,1,7,,problem_solving
8200,0.018965621386956233,0.0048271102179242905,0.4,-20.87614127727797,[0.         0.01324802 0.         0.         0.01307686 0.         0.         0.         0.01798933 0.         0.         0.         0.         0.         0.01512015 0.         0.         0.         0.         0.         0.01073053 0.         0.         0.         0.         0.91197845 0.         0.01785665 0.         0.         0.        ],[0. 1. 0. 0. 1. 0. 0. 0. 1. 0. 0. 0. 0. 0. 1. 0. 0. 0. 0. 0. 1. 0. 0. 0. 0. 1. 0. 1. 0. 0. 0.],7.0,10000,30,0.6,10,1,7,,problem_solving
8300,0.018965621386956233,0.0048271102179242905,0.4,-1.5711301253484458,[0.         0.01324802 0.         0.         0.01307686 0.         0.         0.         0.01798933 0.         0.         0.         0.         0.         0.01512015 0.         0.         0.         0.         0.         0.01073053 0.         0.         0.         0.         0.91197845 0.         0.01785665 0.         0.         0.        ],[0. 1. 0. 0. 1. 0. 0. 0. 1. 0. 0. 0. 0. 0. 1. 0. 0. 0. 0. 0. 1. 0. 0. 0. 0. 1. 0. 1. 0. 0. 0.],7.0,10000,30,0.6,10,1,7,,problem_solving
8400,0.018965621386956233,0.0048271102179242905,0.4,-8.599018283764341,[0.         0.01324802 0.         0.         0.01307686 0.         0.         0.         0.01798933 0.         0.         0.         0.         0.         0.01512015 0.         0.         0.         0.         0.         0.01073053 0.         0.         0.         0.         0.91197845 0.         0.01785665 0.         0.         0.        ],[0. 1. 0. 0. 1. 0. 0. 0. 1. 0. 0. 0. 0. 0. 1. 0. 0. 0. 0. 0. 1. 0. 0. 0. 0. 1. 0. 1. 0. 0. 0.],7.0,10000,30,0.6,10,1,7,,problem_solving
8500,0.018965621386956233,0.0048271102179242905,0.4,-3.8131040482790466,[0.         0.01324802 0.         0.         0.01307686 0.         0.         0.         0.01798933 0.         0.         0.         0.         0.         0.01512015 0.         0.         0.         0.         0.         0.01073053 0.         0.         0.         0.         0.91197845 0.         0.01785665 0.         0.         0.        ],[0. 1. 0. 0. 1. 0. 0. 0. 1. 0. 0. 0. 0. 0. 1. 0. 0. 0. 0. 0. 1. 0. 0. 0. 0. 1. 0. 1. 0. 0. 0.],7.0,10000,30,0.6,10,1,7,,problem_solving
8600,0.018965621386956233,0.0048271102179242905,0.4,3.8334704310116057,[0.         0.01324802 0.         0.         0.01307686 0.         0.         0.         0.01798933 0.         0.         0.         0.         0.         0.01512015 0.         0.         0.         0.         0.         0.01073053 0.         0.         0.         0.         0.91197845 0.         0.01785665 0.         0.         0.        ],[0. 1. 0. 0. 1. 0. 0. 0. 1. 0. 0. 0. 0. 0. 1. 0. 0. 0. 0. 0. 1. 0. 0. 0. 0. 1. 0. 1. 0. 0. 0.],7.0,10000,30,0.6,10,1,7,,problem_solving
8700,0.018965621386956233,0.0048271102179242905,0.4,1.638232265500572,[0.         0.01324802 0.         0.         0.01307686 0.         0.         0.         0.01798933 0.         0.         0.         0.         0.         0.01512015 0.         0.         0.         0.         0.         0.01073053 0.         0.         0.         0.         0.91197845 0.         0.01785665 0.         0.         0.        ],[0. 1. 0. 0. 1. 0. 0. 0. 1. 0. 0. 0. 0. 0. 1. 0. 0. 0. 0. 0. 1. 0. 0. 0. 0. 1. 0. 1. 0. 0. 0.],7.0,10000,30,0.6,10,1,7,,problem_solving
8800,0.018965621386956233,0.0048271102179242905,0.4,6.2542605440670656,[0.         0.01324802 0.         0.         0.01307686 0.         0.         0.         0.01798933 0.         0.         0.         0.         0.         0.01512015 0.         0.         0.         0.         0.         0.01073053 0.         0.         0.         0.         0.91197845 0.         0.01785665 0.         0.         0.        ],[0. 1. 0. 0. 1. 0. 0. 0. 1. 0. 0. 0. 0. 0. 1. 0. 0. 0. 0. 0. 1. 0. 0. 0. 0. 1. 0. 1. 0. 0. 0.],7.0,10000,30,0.6,10,1,7,,problem_solving
8900,0.018965621386956233,0.0048271102179242905,0.4,18.544690155394562,[0.         0.01324802 0.         0.         0.01307686 0.         0.         0.         0.01798933 0.         0.         0.         0.         0.         0.01512015 0.         0.         0.         0.         0.         0.01073053 0.         0.         0.         0.         0.91197845 0.         0.01785665 0.         0.         0.        ],[0. 1. 0. 0. 1. 0. 0. 0. 1. 0. 0. 0. 0. 0. 1. 0. 0. 0. 0. 0. 1. 0. 0. 0. 0. 1. 0. 1. 0. 0. 0.],7.0,10000,30,0.6,10,1,7,,problem_solving
9000,0.018965621386956233,0.0048271102179242905,0.4,-1.4253285888148293,[0.         0.01324802 0.         0.         0.01307686 0.         0.         0.         0.01798933 0.         0.         0.         0.         0.         0.01512015 0.         0.         0.         0.         0.         0.01073053 0.         0.         0.         0.         0.91197845 0.         0.01785665 0.         0.         0.        ],[0. 1. 0. 0. 1. 0. 0. 0. 1. 0. 0. 0. 0. 0. 1. 0. 0. 0. 0. 0. 1. 0. 0. 0. 0. 1. 0. 1. 0. 0. 0.],7.0,10000,30,0.6,10,1,7,,problem_solving
9100,0.018965621386956233,0.0048271102179242905,0.4,16.483523290391602,[0.         0.01324802 0.         0.         0.01307686 0.         0.         0.         0.01798933 0.         0.         0.         0.         0.         0.01512015 0.         0.         0.         0.         0.         0.01073053 0.         0.         0.         0.         0.91197845 0.         0.01785665 0.         0.         0.        ],[0. 1. 0. 0. 1. 0. 0. 0. 1. 0. 0. 0. 0. 0. 1. 0. 0. 0. 0. 0. 1. 0. 0. 0. 0. 1. 0. 1. 0. 0. 0.],7.0,10000,30,0.6,10,1,7,,problem_solving
9200,0.018965621386956233,0.0048271102179242905,0.4,-1.228736507237007,[0.         0.01324802 0.         0.         0.01307686 0.         0.         0.         0.01798933 0.         0.         0.         0.         0.         0.01512015 0.         0.         0.         0.         0.         0.01073053 0.         0.         0.         0.         0.91197845 0.         0.01785665 0.         0.         0.        ],[0. 1. 0. 0. 1. 0. 0. 0. 1. 0. 0. 0. 0. 0. 1. 0. 0. 0. 0. 0. 1. 0. 0. 0. 0. 1. 0. 1. 0. 0. 0.],7.0,10000,30,0.6,10,1,7,,problem_solving
9300,0.018965621386956233,0.0048271102179242905,0.4,10.04707233852576,[0.         0.01324802 0.         0.         0.01307686 0.         0.         0.         0.01798933 0.         0.         0.         0.         0.         0.01512015 0.         0.         0.         0.         0.         0.01073053 0.         0.         0.         0.         0.91197845 0.         0.01785665 0.         0.         0.        ],[0. 1. 0. 0. 1. 0. 0. 0. 1. 0. 0. 0. 0. 0. 1. 0. 0. 0. 0. 0. 1. 0. 0. 0. 0. 1. 0. 1. 0. 0. 0.],7.0,10000,30,0.6,10,1,7,,problem_solving
9400,0.018965621386956233,0.0048271102179242905,0.4,-8.797078712061076,[0.         0.01324802 0.         0.         0.01307686 0.         0.         0.         0.01798933 0.         0.         0.         0.         0.         0.01512015 0.         0.         0.         0.         0.         0.01073053 0.         0.         0.         0.         0.91197845 0.         0.01785665 0.         0.         0.        ],[0. 1. 0. 0. 1. 0. 0. 0. 1. 0. 0. 0. 0. 0. 1. 0. 0. 0. 0. 0. 1. 0. 0. 0. 0. 1. 0. 1. 0. 0. 0.],7.0,10000,30,0.6,10,1,7,,problem_solving
9500,0.018965621386956233,0.0048271102179242905,0.4,-19.252216597888342,[0.         0.01324802 0.         0.         0.01307686 0.         0.         0.         0.01798933 0.         0.         0.         0.         0.         0.01512015 0.         0.         0.         0.         0.         0.01073053 0.         0.         0.         0.         0.91197845 0.         0.01785665 0.         0.         0.        ],[0. 1. 0. 0. 1. 0. 0. 0. 1. 0. 0. 0. 0. 0. 1. 0. 0. 0. 0. 0. 1. 0. 0. 0. 0. 1. 0. 1. 0. 0. 0.],7.0,10000,30,0.6,10,1,7,,problem_solving
9600,0.018965621386956233,0.0048271102179242905,0.4,7.940984309946751,[0.         0.01324802 0.         0.         0.01307686 0.         0.         0.         0.01798933 0.         0.         0.         0.         0.         0.01512015 0.         0.         0.         0.         0.         0.01073053 0.         0.         0.         0.         0.91197845 0.         0.01785665 0.         0.         0.        ],[0. 1. 0. 0. 1. 0. 0. 0. 1. 0. 0. 0. 0. 0. 1. 0. 0. 0. 0. 0. 1. 0. 0. 0. 0. 1. 0. 1. 0. 0. 0.],7.0,10000,30,0.6,10,1,7,,problem_solving
9700,0.018965621386956233,0.0048271102179242905,0.4,-1.3746342989044624,[0.         0.01324802 0.         0.         0.01307686 0.         0.         0.         0.01798933 0.         0.         0.         0.         0.         0.01512015 0.         0.         0.         0.         0.         0.01073053 0.         0.         0.         0.         0.91197845 0.         0.01785665 0.         0.         0.        ],[0. 1. 0. 0. 1. 0. 0. 0. 1. 0. 0. 0. 0. 0. 1. 0. 0. 0. 0. 0. 1. 0. 0. 0. 0. 1. 0. 1. 0. 0. 0.],7.0,10000,30,0.6,10,1,7,,problem_solving
9800,0.018965621386956233,0.0048271102179242905,0.4,5.125574748326034,[0.         0.01324802 0.         0.         0.01307686 0.         0.         0.         0.01798933 0.         0.         0.         0.         0.         0.01512015 0.         0.         0.         0.         0.         0.01073053 0.         0.         0.         0.         0.91197845 0.         0.01785665 0.         0.         0.        ],[0. 1. 0. 0. 1. 0. 0. 0. 1. 0. 0. 0. 0. 0. 1. 0. 0. 0. 0. 0. 1. 0. 0. 0. 0. 1. 0. 1. 0. 0. 0.],7.0,10000,30,0.6,10,1,7,,problem_solving
9900,0.018965621386956233,0.0048271102179242905,0.4,17.580387940643092,[0.         0.01324802 0.         0.         0.01307686 0.         0.         0.         0.01798933 0.         0.         0.         0.         0.         0.01512015 0.         0.         0.         0.         0.         0.01073053 0.         0.         0.         0.         0.91197845 0.         0.01785665 0.         0.         0.        ],[0. 1. 0. 0. 1. 0. 0. 0. 1. 0. 0. 0. 0. 0. 1. 0. 0. 0. 0. 0. 1. 0. 0. 0. 0. 1. 0. 1. 0. 0. 0.],7.0,10000,30,0.6,10,1,7,,problem_solving
9999,0.018965621386956233,0.0048271102179242905,0.4,0.39648775676317033,[0.         0.01324802 0.         0.         0.01307686 0.         0.         0.         0.01798933 0.         0.         0.         0.         0.         0.01512015 0.         0.         0.         0.         0.         0.01073053 0.         0.         0.         0.         0.91197845 0.         0.01785665 0.         0.         0.        ],[0. 1. 0. 0. 1. 0. 0. 0. 1. 0. 0. 0. 0. 0. 1. 0. 0. 0. 0. 0. 1. 0. 0. 0. 0. 1. 0. 1. 0. 0. 0.],7.0,10000,30,0.6,10,1,7,,problem_solving
