iter,cost,return,par,move,X,Z,Q,max_iter,mem_size,mem_consider,sigma,port_n,k,seed,tag
1,0.12652411789167092,0.0032282061050753394,0.4,-1.6719083846454343,[0.         0.         0.         0.         0.91325257 0.01987377 0.         0.         0.         0.         0.         0.         0.         0.         0.         0.         0.         0.01607991 0.         0.         0.         0.01259615 0.         0.         0.01791237 0.         0.         0.02028522 0.         0.         0.        ],[0. 0. 0. 0. 1. 1. 0. 0. 0. 0. 0. 0. 0. 0. 0. 0. 0. 1. 0. 0. 0. 1. 0. 0. 1. 0. 0. 1. 0. 0. 0.],6.0,10000,30,0.6,10,1,6,,problem_solving
100,0.03688442701915835,0.010058595897670079,0.4,-12.683919189013817,[0.01714171 0.         0.01224233 0.         0.         0.         0.         0.         0.         0.         0.         0.         0.         0.         0.         0.0104913  0.         0.         0.01890635 0.         0.         0.         0.         0.0182246  0.         0.92299372 0.         0.         0.         0.         0.        ],[1. 0. 1. 0. 0. 0. 0. 0. 0. 0. 0. 0. 0. 0. 0. 1. 0. 0. 1. 0. 0. 0. 0. 1. 0. 1. 0. 0. 0. 0. 0.],6.0,10000,30,0.6,10,1,6,,problem_solving
200,0.0311418358868384,0.004731851390581018,0.4,6.083372432685847,[0.         0.         0.         0.         0.02700677 0.         0.         0.         0.02218633 0.01554484 0.         0.         0.         0.         0.         0.         0.         0.         0.         0.         0.         0.         0.01325692 0.         0.01901832 0.90298681 0.         0.         0.         0.         0.        ],[0. 0. 0. 0. 1. 0. 0. 0. 1. 1. 0. 0. 0. 0. 0. 0. 0. 0. 0. 0. 0. 0. 1. 0. 1. 1. 0. 0. 0. 0. 0.],6.0,10000,30,0.6,10,1,6,,problem_solving
300,0.0311418358868384,0.004731851390581018,0.4,1.1775247836783163,[0.         0.         0.         0.         0.02700677 0.         0.         0.         0.02218633 0.01554484 0.         0.         0.         0.         0.         0.         0.         0.         0.         0.         0.         0.         0.01325692 0.         0.01901832 0.90298681 0.         0.         0.         0.         0.        ],[0. 0. 0. 0. 1. 0. 0. 0. 1. 1. 0. 0. 0. 0. 0. 0. 0. 0. 0. 0. 0. 0. 1. 0. 1. 1. 0. 0. 0. 0. 0.],6.0,10000,30,0.6,10,1,6,,problem_solving
400,0.02116055273918835,0.004742086607084906,0.4,8.495871860900756,[0.         0.         0.01047673 0.02014339 0.01914491 0.         0.         0.         0.         0.         0.         0.         0.         0.         0.         0.         0.02048935 0.         0.         0.         0.         0.         0.         0.         0.         0.91544894 0.         0.         0.         0.         0.01429668],[0. 0. 1. 1. 1. 0. 0. 0. 0. 0. 0. 0. 0. 0. 0. 0. 1. 0. 0. 0. 0. 0. 0. 0. 0. 1. 0. 0. 0. 0. 1.],6.0,10000,30,0.6,10,1,6,,problem_solving
500,0.02116055273918835,0.004742086607084906,0.4,-0.5068010836435523,[0.         0.         0.01047673 0.02014339 0.01914491 0.         0.         0.         0.         0.         0.         0.         0.         0.         0.         0.         0.02048935 0.         0.         0.         0.         0.         0.         0.         0.         0.91544894 0.         0.         0.         0.         0.01429668],[0. 0. 1. 1. 1. 0. 0. 0. 0. 0. 0. 0. 0. 0. 0. 0. 1. 0. 0. 0. 0. 0. 0. 0. 0. 1. 0. 0. 0. 0. 1.],6.0,10000,30,0.6,10,1,6,,problem_solving
600,0.02116055273918835,0.004742086607084906,0.4,-11.469923541082503,[0.         0.         0.01047673 0.02014339 0.01914491 0.         0.         0.         0.         0.         0.         0.         0.         0.         0.         0.         0.02048935 0.         0.         0.         0.         0.         0.         0.         0.         0.91544894 0.         0.         0.         0.         0.01429668],[0. 0. 1. 1. 1. 0. 0. 0. 0. 0. 0. 0. 0. 0. 0. 0. 1. 0. 0. 0. 0. 0. 0. 0. 0. 1. 0. 0. 0. 0. 1.],6.0,10000,30,0.6,10,1,6,,problem_solving
700,0.02116055273918835,0.004742086607084906,0.4,21.574637397106784,[0.         0.         0.01047673 0.02014339 0.01914491 0.         0.         0.         0.         0.         0.         0.         0.         0.         0.         0.         0.02048935 0.         0.         0.         0.         0.         0.         0.         0.         0.91544894 0.         0.         0.         0.         0.01429668],[0. 0. 1. 1. 1. 0. 0. 0. 0. 0. 0. 0. 0. 0. 0. 0. 1. 0. 0. 0. 0. 0. 0. 0. 0. 1. 0. 0. 0. 0. 1.],6.0,10000,30,0.6,10,1,6,,problem_solving
800,0.02116055273918835,0.004742086607084906,0.4,12.39217814139261,[0.         0.         0.01047673 0.02014339 0.01914491 0.         0.         0.         0.         0.         0.         0.         0.         0.         0.         0.         0.02048935 0.         0.         0.         0.         0.         0.         0.         0.         0.91544894 0.         0.         0.         0.         0.01429668],[0. 0. 1. 1. 1. 0. 0. 0. 0. 0. 0. 0. 0. 0. 0. 0. 1. 0. 0. 0. 0. 0. 0. 0. 0. 1. 0. 0. 0. 0. 1.],6.0,10000,30,0.6,10,1,6,,problem_solving
900,0.02116055273918835,0.004742086607084906,0.4,5.715458503514402,[0.         0.         0.01047673 0.02014339 0.01914491 0.         0.         0.         0.         0.         0.         0.         0.         0.         0.         0.         0.02048935 0.         0.         0.         0.         0.         0.         0.         0.         0.91544894 0.         0.         0.         0.         0.01429668],[0. 0. 1. 1. 1. 0. 0. 0. 0. 0. 0. 0. 0. 0. 0. 0. 1. 0. 0. 0. 0. 0. 0. 0. 0. 1. 0. 0. 0. 0. 1.],6.0,10000,30,0.6,10,1,6,,problem_solving
1000,0.02116055273918835,0.004742086607084906,0.4,1.7931565794892343,[0.         0.         0.01047673 0.02014339 0.01914491 0.         0.         0.         0.         0.         0.         0.         0.         0.         0.         0.         0.02048935 0.         0.         0.         0.         0.         0.         0.         0.         0.91544894 0.         0.         0.         0.         0.01429668],[0. 0. 1. 1. 1. 0. 0. 0. 0. 0. 0. 0. 0. 0. 0. 0. 1. 0. 0. 0. 0. 0. 0. 0. 0. 1. 0. 0. 0. 0. 1.],6.0,10000,30,0.6,10,1,6,,problem_solving
1100,0.02116055273918835,0.004742086607084906,0.4,-11.913673743281631,[0.         0.         0.01047673 0.02014339 0.01914491 0.         0.         0.         0.         0.         0.         0.         0.         0.         0.         0.         0.02048935 0.         0.         0.         0.         0.         0.         0.         0.         0.91544894 0.         0.         0.         0.         0.01429668],[0. 0. 1. 1. 1. 0. 0. 0. 0. 0. 0. 0. 0. 0. 0. 0. 1. 0. 0. 0. 0. 0. 0. 0. 0. 1. 0. 0. 0. 0. 1.],6.0,10000,30,0.6,10,1,6,,problem_solving
1200,0.02116055273918835,0.004742086607084906,0.4,4.526442287794007,[0.         0.         0.01047673 0.02014339 0.01914491 0.         0.         0.         0.         0.         0.         0.         0.         0.         0.         0.         0.02048935 0.         0.         0.         0.         0.         0.         0.         0.         0.91544894 0.         0.         0.         0.         0.01429668],[0. 0. 1. 1. 1. 0. 0. 0. 0. 0. 0. 0. 0. 0. 0. 0. 1. 0. 0. 0. 0. 0. 0. 0. 0. 1. 0. 0. 0. 0. 1.],6.0,10000,30,0.6,10,1,6,,problem_solving
1300,0.02116055273918835,0.004742086607084906,0.4,-3.3357997298608835,[0.         0.         0.01047673 0.02014339 0.01914491 0.         0.         0.         0.         0.         0.         0.         0.         0.         0.         0.         0.02048935 0.         0.         0.         0.         0.         0.         0.         0.         0.91544894 0.         0.         0.         0.         0.01429668],[0. 0. 1. 1. 1. 0. 0. 0. 0. 0. 0. 0. 0. 0. 0. 0. 1. 0. 0. 0. 0. 0. 0. 0. 0. 1. 0. 0. 0. 0. 1.],6.0,10000,30,0.6,10,1,6,,problem_solving
1400,0.02116055273918835,0.004742086607084906,0.4,8.841600717771506,[0.         0.         0.01047673 0.02014339 0.01914491 0.         0.         0.         0.         0.         0.         0.         0.         0.         0.         0.         0.02048935 0.         0.         0.         0.         0.         0.         0.         0.         0.91544894 0.         0.         0.         0.         0.01429668],[0. 0. 1. 1. 1. 0. 0. 0. 0. 0. 0. 0. 0. 0. 0. 0. 1. 0. 0. 0. 0. 0. 0. 0. 0. 1. 0. 0. 0. 0. 1.],6.0,10000,30,0.6,10,1,6,,problem_solving
1500,0.02116055273918835,0.004742086607084906,0.4,-0.6415718885209862,[0.         0.         0.01047673 0.02014339 0.01914491 0.         0.         0.         0.         0.         0.         0.         0.         0.         0.         0.         0.02048935 0.         0.         0.         0.         0.         0.         0.         0.         0.91544894 0.         0.         0.         0.         0.01429668],[0. 0. 1. 1. 1. 0. 0. 0. 0. 0. 0. 0. 0. 0. 0. 0. 1. 0. 0. 0. 0. 0. 0. 0. 0. 1. 0. 0. 0. 0. 1.],6.0,10000,30,0.6,10,1,6,,problem_solving
1600,0.02116055273918835,0.004742086607084906,0.4,-16.256176943559375,[0.         0.         0.01047673 0.02014339 0.01914491 0.         0.         0.         0.         0.         0.         0.         0.         0.         0.         0.         0.02048935 0.         0.         0.         0.         0.         0.         0.         0.         0.91544894 0.         0.         0.         0.         0.01429668],[0. 0. 1. 1. 1. 0. 0. 0. 0. 0. 0. 0. 0. 0. 0. 0. 1. 0. 0. 0. 0. 0. 0. 0. 0. 1. 0. 0. 0. 0. 1.],6.0,10000,30,0.6,10,1,6,,problem_solving
1700,0.02116055273918835,0.004742086607084906,0.4,-10.721754691127412,[0.         0.         0.01047673 0.02014339 0.01914491 0.         0.         0.         0.         0.         0.         0.         0.         0.         0.         0.         0.02048935 0.         0.         0.         0.         0.         0.         0.         0.         0.91544894 0.         0.         0.         0.         0.01429668],[0. 0. 1. 1. 1. 0. 0. 0. 0. 0. 0. 0. 0. 0. 0. 0. 1. 0. 0. 0. 0. 0. 0. 0. 0. 1. 0. 0. 0. 0. 1.],6.0,10000,30,0.6,10,1,6,,problem_solving
1800,0.02116055273918835,0.004742086607084906,0.4,-4.731072649500325,[0.         0.         0.01047673 0.02014339 0.01914491 0.         0.         0.         0.         0.         0.         0.         0.         0.         0.         0.         0.02048935 0.         0.         0.         0.         0.         0.         0.         0.         0.91544894 0.         0.         0.         0.         0.01429668],[0. 0. 1. 1. 1. 0. 0. 0. 0. 0. 0. 0. 0. 0. 0. 0. 1. 0. 0. 0. 0. 0. 0. 0. 0. 1. 0. 0. 0. 0. 1.],6.0,10000,30,0.6,10,1,6,,problem_solving
1900,0.02116055273918835,0.004742086607084906,0.4,22.62501236252009,[0.         0.         0.01047673 0.02014339 0.01914491 0.         0.         0.         0.         0.         0.         0.         0.         0.         0.         0.         0.02048935 0.         0.         0.         0.         0.         0.         0.         0.         0.91544894 0.         0.         0.         0.         0.01429668],[0. 0. 1. 1. 1. 0. 0. 0. 0. 0. 0. 0. 0. 0. 0. 0. 1. 0. 0. 0. 0. 0. 0. 0. 0. 1. 0. 0. 0. 0. 1.],6.0,10000,30,0.6,10,1,6,,problem_solving
2000,0.02116055273918835,0.004742086607084906,0.4,6.825250386016909,[0.         0.         0.01047673 0.02014339 0.01914491 0.         0.         0.         0.         0.         0.         0.         0.         0.         0.         0.         0.02048935 0.         0.         0.         0.         0.         0.         0.         0.         0.91544894 0.         0.         0.         0.         0.01429668],[0. 0. 1. 1. 1. 0. 0. 0. 0. 0. 0. 0. 0. 0. 0. 0. 1. 0. 0. 0. 0. 0. 0. 0. 0. 1. 0. 0. 0. 0. 1.],6.0,10000,30,0.6,10,1,6,,problem_solving
2100,0.02116055273918835,0.004742086607084906,0.4,13.911244969350477,[0.         0.         0.01047673 0.02014339 0.01914491 0.         0.         0.         0.         0.         0.         0.         0.         0.         0.         0.         0.02048935 0.         0.         0.         0.         0.         0.         0.         0.         0.91544894 0.         0.         0.         0.         0.01429668],[0. 0. 1. 1. 1. 0. 0. 0. 0. 0. 0. 0. 0. 0. 0. 0. 1. 0. 0. 0. 0. 0. 0. 0. 0. 1. 0. 0. 0. 0. 1.],6.0,10000,30,0.6,10,1,6,,problem_solving
2200,0.02116055273918835,0.004742086607084906,0.4,-13.739885523677327,[0.         0.         0.01047673 0.02014339 0.01914491 0.         0.         0.         0.         0.         0.         0.         0.         0.         0.         0.         0.02048935 0.         0.         0.         0.         0.         0.         0.         0.         0.91544894 0.         0.         0.         0.         0.01429668],[0. 0. 1. 1. 1. 0. 0. 0. 0. 0. 0. 0. 0. 0. 0. 0. 1. 0. 0. 0. 0. 0. 0. 0. 0. 1. 0. 0. 0. 0. 1.],6.0,10000,30,0.6,10,1,6,,problem_solving
2300,0.02116055273918835,0.004742086607084906,0.4,-2.3310237477693843,[0.         0.         0.01047673 0.02014339 0.01914491 0.         0.         0.         0.         0.         0.         0.         0.         0.         0.         0.         0.02048935 0.         0.         0.         0.         0.         0.         0.         0.         0.91544894 0.         0.         0.         0.         0.01429668],[0. 0. 1. 1. 1. 0. 0. 0. 0. 0. 0. 0. 0. 0. 0. 0. 1. 0. 0. 0. 0. 0. 0. 0. 0. 1. 0. 0. 0. 0. 1.],6.0,10000,30,0.6,10,1,6,,problem_solving
2400,0.02116055273918835,0.004742086607084906,0.4,-13.706766635349517,[0.         0.         0.01047673 0.02014339 0.01914491 0.         0.         0.         0.         0.         0.         0.         0.         0.         0.         0.         0.02048935 0.         0.         0.         0.         0.         0.         0.         0.         0.91544894 0.         0.         0.         0.         0.01429668],[0. 0. 1. 1. 1. 0. 0. 0. 0. 0. 0. 0. 0. 0. 0. 0. 1. 0. 0. 0. 0. 0. 0. 0. 0. 1. 0. 0. 0. 0. 1.],6.0,10000,30,0.6,10,1,6,,problem_solving
2500,0.02116055273918835,0.004742086607084906,0.4,-5.309767510749744,[0.         0.         0.01047673 0.02014339 0.01914491 0.         0.         0.         0.         0.         0.         0.         0.         0.         0.         0.         0.02048935 0.         0.         0.         0.         0.         0.         0.         0.         0.91544894 0.         0.         0.         0.         0.01429668],[0. 0. 1. 1. 1. 0. 0. 0. 0. 0. 0. 0. 0. 0. 0. 0. 1. 0. 0. 0. 0. 0. 0. 0. 0. 1. 0. 0. 0. 0. 1.],6.0,10000,30,0.6,10,1,6,,problem_solving
2600,0.02116055273918835,0.004742086607084906,0.4,-8.599678058449502,[0.         0.         0.01047673 0.02014339 0.01914491 0.         0.         0.         0.         0.         0.         0.         0.         0.         0.         0.         0.02048935 0.         0.         0.         0.         0.         0.         0.         0.         0.91544894 0.         0.         0.         0.         0.01429668],[0. 0. 1. 1. 1. 0. 0. 0. 0. 0. 0. 0. 0. 0. 0. 0. 1. 0. 0. 0. 0. 0. 0. 0. 0. 1. 0. 0. 0. 0. 1.],6.0,10000,30,0.6,10,1,6,,problem_solving
2700,0.02116055273918835,0.004742086607084906,0.4,-2.523816509566397,[0.         0.         0.01047673 0.02014339 0.01914491 0.         0.         0.         0.         0.         0.         0.         0.         0.         0.         0.         0.02048935 0.         0.         0.         0.         0.         0.         0.         0.         0.91544894 0.         0.         0.         0.         0.01429668],[0. 0. 1. 1. 1. 0. 0. 0. 0. 0. 0. 0. 0. 0. 0. 0. 1. 0. 0. 0. 0. 0. 0. 0. 0. 1. 0. 0. 0. 0. 1.],6.0,10000,30,0.6,10,1,6,,problem_solving
2800,0.02116055273918835,0.004742086607084906,0.4,0.8133304923052189,[0.         0.         0.01047673 0.02014339 0.01914491 0.         0.         0.         0.         0.         0.         0.         0.         0.         0.         0.         0.02048935 0.         0.         0.         0.         0.         0.         0.         0.         0.91544894 0.         0.         0.         0.         0.01429668],[0. 0. 1. 1. 1. 0. 0. 0. 0. 0. 0. 0. 0. 0. 0. 0. 1. 0. 0. 0. 0. 0. 0. 0. 0. 1. 0. 0. 0. 0. 1.],6.0,10000,30,0.6,10,1,6,,problem_solving
2900,0.02116055273918835,0.004742086607084906,0.4,13.155325538590326,[0.         0.         0.01047673 0.02014339 0.01914491 0.         0.         0.         0.         0.         0.         0.         0.         0.         0.         0.         0.02048935 0.         0.         0.         0.         0.         0.         0.         0.         0.91544894 0.         0.         0.         0.         0.01429668],[0. 0. 1. 1. 1. 0. 0. 0. 0. 0. 0. 0. 0. 0. 0. 0. 1. 0. 0. 0. 0. 0. 0. 0. 0. 1. 0. 0. 0. 0. 1.],6.0,10000,30,0.6,10,1,6,,problem_solving
3000,0.02116055273918835,0.004742086607084906,0.4,15.57942459005812,[0.         0.         0.01047673 0.02014339 0.01914491 0.         0.         0.         0.         0.         0.         0.         0.         0.         0.         0.         0.02048935 0.         0.         0.         0.         0.         0.         0.         0.         0.91544894 0.         0.         0.         0.         0.01429668],[0. 0. 1. 1. 1. 0. 0. 0. 0. 0. 0. 0. 0. 0. 0. 0. 1. 0. 0. 0. 0. 0. 0. 0. 0. 1. 0. 0. 0. 0. 1.],6.0,10000,30,0.6,10,1,6,,problem_solving
3100,0.02116055273918835,0.004742086607084906,0.4,1.0410060775318157,[0.         0.         0.01047673 0.02014339 0.01914491 0.         0.         0.         0.         0.         0.         0.         0.         0.         0.         0.         0.02048935 0.         0.         0.         0.         0.         0.         0.         0.         0.91544894 0.         0.         0.         0.         0.01429668],[0. 0. 1. 1. 1. 0. 0. 0. 0. 0. 0. 0. 0. 0. 0. 0. 1. 0. 0. 0. 0. 0. 0. 0. 0. 1. 0. 0. 0. 0. 1.],6.0,10000,30,0.6,10,1,6,,problem_solving
3200,0.02116055273918835,0.004742086607084906,0.4,20.818345169344333,[0.         0.         0.01047673 0.02014339 0.01914491 0.         0.         0.         0.         0.         0.         0.         0.         0.         0.         0.         0.02048935 0.         0.         0.         0.         0.         0.         0.         0.         0.91544894 0.         0.         0.         0.         0.01429668],[0. 0. 1. 1. 1. 0. 0. 0. 0. 0. 0. 0. 0. 0. 0. 0. 1. 0. 0. 0. 0. 0. 0. 0. 0. 1. 0. 0. 0. 0. 1.],6.0,10000,30,0.6,10,1,6,,problem_solving
3300,0.02116055273918835,0.004742086607084906,0.4,-21.213759055938212,[0.         0.         0.01047673 0.02014339 0.01914491 0.         0.         0.         0.         0.         0.         0.         0.         0.         0.         0.         0.02048935 0.         0.         0.         0.         0.         0.         0.         0.         0.91544894 0.         0.         0.         0.         0.01429668],[0. 0. 1. 1. 1. 0. 0. 0. 0. 0. 0. 0. 0. 0. 0. 0. 1. 0. 0. 0. 0. 0. 0. 0. 0. 1. 0. 0. 0. 0. 1.],6.0,10000,30,0.6,10,1,6,,problem_solving
3400,0.02116055273918835,0.004742086607084906,0.4,-11.600911781532696,[0.         0.         0.01047673 0.02014339 0.01914491 0.         0.         0.         0.         0.         0.         0.         0.         0.         0.         0.         0.02048935 0.         0.         0.         0.         0.         0.         0.         0.         0.91544894 0.         0.         0.         0.         0.01429668],[0. 0. 1. 1. 1. 0. 0. 0. 0. 0. 0. 0. 0. 0. 0. 0. 1. 0. 0. 0. 0. 0. 0. 0. 0. 1. 0. 0. 0. 0. 1.],6.0,10000,30,0.6,10,1,6,,problem_solving
3500,0.02116055273918835,0.004742086607084906,0.4,2.2274571363331344,[0.         0.         0.01047673 0.02014339 0.01914491 0.         0.         0.         0.         0.         0.         0.         0.         0.         0.         0.         0.02048935 0.         0.         0.         0.         0.         0.         0.         0.         0.91544894 0.         0.         0.         0.         0.01429668],[0. 0. 1. 1. 1. 0. 0. 0. 0. 0. 0. 0. 0. 0. 0. 0. 1. 0. 0. 0. 0. 0. 0. 0. 0. 1. 0. 0. 0. 0. 1.],6.0,10000,30,0.6,10,1,6,,problem_solving
3600,0.02116055273918835,0.004742086607084906,0.4,5.920800744897043,[0.         0.         0.01047673 0.02014339 0.01914491 0.         0.         0.         0.         0.         0.         0.         0.         0.         0.         0.         0.02048935 0.         0.         0.         0.         0.         0.         0.         0.         0.91544894 0.         0.         0.         0.         0.01429668],[0. 0. 1. 1. 1. 0. 0. 0. 0. 0. 0. 0. 0. 0. 0. 0. 1. 0. 0. 0. 0. 0. 0. 0. 0. 1. 0. 0. 0. 0. 1.],6.0,10000,30,0.6,10,1,6,,problem_solving
3700,0.02116055273918835,0.004742086607084906,0.4,-12.775779633563973,[0.         0.         0.01047673 0.02014339 0.01914491 0.         0.         0.         0.         0.         0.         0.         0.         0.         0.         0.         0.02048935 0.         0.         0.         0.         0.         0.         0.         0.         0.91544894 0.         0.         0.         0.         0.01429668],[0. 0. 1. 1. 1. 0. 0. 0. 0. 0. 0. 0. 0. 0. 0. 0. 1. 0. 0. 0. 0. 0. 0. 0. 0. 1. 0. 0. 0. 0. 1.],6.0,10000,30,0.6,10,1,6,,problem_solving
3800,0.02116055273918835,0.004742086607084906,0.4,11.79432762392841,[0.         0.         0.01047673 0.02014339 0.01914491 0.         0.         0.         0.         0.         0.         0.         0.         0.         0.         0.         0.02048935 0.         0.         0.         0.         0.         0.         0.         0.         0.91544894 0.         0.         0.         0.         0.01429668],[0. 0. 1. 1. 1. 0. 0. 0. 0. 0. 0. 0. 0. 0. 0. 0. 1. 0. 0. 0. 0. 0. 0. 0. 0. 1. 0. 0. 0. 0. 1.],6.0,10000,30,0.6,10,1,6,,problem_solving
3900,0.02116055273918835,0.004742086607084906,0.4,-8.675439089725097,[0.         0.         0.01047673 0.02014339 0.01914491 0.         0.         0.         0.         0.         0.         0.         0.         0.         0.         0.         0.02048935 0.         0.         0.         0.         0.         0.         0.         0.         0.91544894 0.         0.         0.         0.         0.01429668],[0. 0. 1. 1. 1. 0. 0. 0. 0. 0. 0. 0. 0. 0. 0. 0. 1. 0. 0. 0. 0. 0. 0. 0. 0. 1. 0. 0. 0. 0. 1.],6.0,10000,30,0.6,10,1,6,,problem_solving
4000,0.02116055273918835,0.004742086607084906,0.4,-5.12579827586711,[0.         0.         0.01047673 0.02014339 0.01914491 0.         0.         0.         0.         0.         0.         0.         0.         0.         0.         0.         0.02048935 0.         0.         0.         0.         0.         0.         0.         0.         0.91544894 0.         0.         0.         0.         0.01429668],[0. 0. 1. 1. 1. 0. 0. 0. 0. 0. 0. 0. 0. 0. 0. 0. 1. 0. 0. 0. 0. 0. 0. 0. 0. 1. 0. 0. 0. 0. 1.],6.0,10000,30,0.6,10,1,6,,problem_solving
4100,0.014086046276807438,0.004727511840000121,0.4,-4.22467577987189,[0.         0.         0.         0.         0.01212415 0.         0.         0.         0.         0.         0.         0.         0.         0.         0.         0.         0.01196178 0.         0.         0.         0.         0.         0.         0.         0.01337671 0.93911009 0.         0.01155214 0.         0.         0.01187513],[0. 0. 0. 0. 1. 0. 0. 0. 0. 0. 0. 0. 0. 0. 0. 0. 1. 0. 0. 0. 0. 0. 0. 0. 1. 1. 0. 1. 0. 0. 1.],6.0,10000,30,0.6,10,1,6,,problem_solving
4200,0.014086046276807438,0.004727511840000121,0.4,5.451753020616973,[0.         0.         0.         0.         0.01212415 0.         0.         0.         0.         0.         0.         0.         0.         0.         0.         0.         0.01196178 0.         0.         0.         0.         0.         0.         0.         0.01337671 0.93911009 0.         0.01155214 0.         0.         0.01187513],[0. 0. 0. 0. 1. 0. 0. 0. 0. 0. 0. 0. 0. 0. 0. 0. 1. 0. 0. 0. 0. 0. 0. 0. 1. 1. 0. 1. 0. 0. 1.],6.0,10000,30,0.6,10,1,6,,problem_solving
4300,0.014086046276807438,0.004727511840000121,0.4,-9.75638993544456,[0.         0.         0.         0.         0.01212415 0.         0.         0.         0.         0.         0.         0.         0.         0.         0.         0.         0.01196178 0.         0.         0.         0.         0.         0.         0.         0.01337671 0.93911009 0.         0.01155214 0.         0.         0.01187513],[0. 0. 0. 0. 1. 0. 0. 0. 0. 0. 0. 0. 0. 0. 0. 0. 1. 0. 0. 0. 0. 0. 0. 0. 1. 1. 0. 1. 0. 0. 1.],6.0,10000,30,0.6,10,1,6,,problem_solving
4400,0.014086046276807438,0.004727511840000121,0.4,-5.361718791433237,[0.         0.         0.         0.         0.01212415 0.         0.         0.         0.         0.         0.         0.         0.         0.         0.         0.         0.01196178 0.         0.         0.         0.         0.         0.         0.         0.01337671 0.93911009 0.         0.01155214 0.         0.         0.01187513],[0. 0. 0. 0. 1. 0. 0. 0. 0. 0. 0. 0. 0. 0. 0. 0. 1. 0. 0. 0. 0. 0. 0. 0. 1. 1. 0. 1. 0. 0. 1.],6.0,10000,30,0.6,10,1,6,,problem_solving
4500,0.014086046276807438,0.004727511840000121,0.4,31.505079047481086,[0.         0.         0.         0.         0.01212415 0.         0.         0.         0.         0.         0.         0.         0.         0.         0.         0.         0.01196178 0.         0.         0.         0.         0.         0.         0.         0.01337671 0.93911009 0.         0.01155214 0.         0.         0.01187513],[0. 0. 0. 0. 1. 0. 0. 0. 0. 0. 0. 0. 0. 0. 0. 0. 1. 0. 0. 0. 0. 0. 0. 0. 1. 1. 0. 1. 0. 0. 1.],6.0,10000,30,0.6,10,1,6,,problem_solving
4600,0.014086046276807438,0.004727511840000121,0.4,20.21987445222535,[0.         0.         0.         0.         0.01212415 0.         0.         0.         0.         0.         0.         0.         0.         0.         0.         0.         0.01196178 0.         0.         0.         0.         0.         0.         0.         0.01337671 0.93911009 0.         0.01155214 0.         0.         0.01187513],[0. 0. 0. 0. 1. 0. 0. 0. 0. 0. 0. 0. 0. 0. 0. 0. 1. 0. 0. 0. 0. 0. 0. 0. 1. 1. 0. 1. 0. 0. 1.],6.0,10000,30,0.6,10,1,6,,problem_solving
4700,0.014086046276807438,0.004727511840000121,0.4,13.242426265436984,[0.         0.         0.         0.         0.01212415 0.         0.         0.         0.         0.         0.         0.         0.         0.         0.         0.         0.01196178 0.         0.         0.         0.         0.         0.         0.         0.01337671 0.93911009 0.         0.01155214 0.         0.         0.01187513],[0. 0. 0. 0. 1. 0. 0. 0. 0. 0. 0. 0. 0. 0. 0. 0. 1. 0. 0. 0. 0. 0. 0. 0. 1. 1. 0. 1. 0. 0. 1.],6.0,10000,30,0.6,10,1,6,,problem_solving
4800,0.014086046276807438,0.004727511840000121,0.4,9.32593994416388,[0.         0.         0.         0.         0.01212415 0.         0.         0.         0.         0.         0.         0.         0.         0.         0.         0.         0.01196178 0.         0.         0.         0.         0.         0.         0.         0.01337671 0.93911009 0.         0.01155214 0.         0.         0.01187513],[0. 0. 0. 0. 1. 0. 0. 0. 0. 0. 0. 0. 0. 0. 0. 0. 1. 0. 0. 0. 0. 0. 0. 0. 1. 1. 0. 1. 0. 0. 1.],6.0,10000,30,0.6,10,1,6,,problem_solving
4900,0.014086046276807438,0.004727511840000121,0.4,16.917825878002315,[0.         0.         0.         0.         0.01212415 0.         0.         0.         0.         0.         0.         0.         0.         0.         0.         0.         0.01196178 0.         0.         0.         0.         0.         0.         0.         0.01337671 0.93911009 0.         0.01155214 0.         0.         0.01187513],[0. 0. 0. 0. 1. 0. 0. 0. 0. 0. 0. 0. 0. 0. 0. 0. 1. 0. 0. 0. 0. 0. 0. 0. 1. 1. 0. 1. 0. 0. 1.],6.0,10000,30,0.6,10,1,6,,problem_solving
5000,0.014086046276807438,0.004727511840000121,0.4,8.538431554739965,[0.         0.         0.         0.         0.01212415 0.         0.         0.         0.         0.         0.         0.         0.         0.         0.         0.         0.01196178 0.         0.         0.         0.         0.         0.         0.         0.01337671 0.93911009 0.         0.01155214 0.         0.         0.01187513],[0. 0. 0. 0. 1. 0. 0. 0. 0. 0. 0. 0. 0. 0. 0. 0. 1. 0. 0. 0. 0. 0. 0. 0. 1. 1. 0. 1. 0. 0. 1.],6.0,10000,30,0.6,10,1,6,,problem_solving
5100,0.014086046276807438,0.004727511840000121,0.4,3.9646416518576526,[0.         0.         0.         0.         0.01212415 0.         0.         0.         0.         0.         0.         0.         0.         0.         0.         0.         0.01196178 0.         0.         0.         0.         0.         0.         0.         0.01337671 0.93911009 0.         0.01155214 0.         0.         0.01187513],[0. 0. 0. 0. 1. 0. 0. 0. 0. 0. 0. 0. 0. 0. 0. 0. 1. 0. 0. 0. 0. 0. 0. 0. 1. 1. 0. 1. 0. 0. 1.],6.0,10000,30,0.6,10,1,6,,problem_solving
5200,0.014086046276807438,0.004727511840000121,0.4,-5.812973023230665,[0.         0.         0.         0.         0.01212415 0.         0.         0.         0.         0.         0.         0.         0.         0.         0.         0.         0.01196178 0.         0.         0.         0.         0.         0.         0.         0.01337671 0.93911009 0.         0.01155214 0.         0.         0.01187513],[0. 0. 0. 0. 1. 0. 0. 0. 0. 0. 0. 0. 0. 0. 0. 0. 1. 0. 0. 0. 0. 0. 0. 0. 1. 1. 0. 1. 0. 0. 1.],6.0,10000,30,0.6,10,1,6,,problem_solving
5300,0.014086046276807438,0.004727511840000121,0.4,3.9401680489249884,[0.         0.         0.         0.         0.01212415 0.         0.         0.         0.         0.         0.         0.         0.         0.         0.         0.         0.01196178 0.         0.         0.         0.         0.         0.         0.         0.01337671 0.93911009 0.         0.01155214 0.         0.         0.01187513],[0. 0. 0. 0. 1. 0. 0. 0. 0. 0. 0. 0. 0. 0. 0. 0. 1. 0. 0. 0. 0. 0. 0. 0. 1. 1. 0. 1. 0. 0. 1.],6.0,10000,30,0.6,10,1,6,,problem_solving
5400,0.014086046276807438,0.004727511840000121,0.4,3.9239641435347568,[0.         0.         0.         0.         0.01212415 0.         0.         0.         0.         0.         0.         0.         0.         0.         0.         0.         0.01196178 0.         0.         0.         0.         0.         0.         0.         0.01337671 0.93911009 0.         0.01155214 0.         0.         0.01187513],[0. 0. 0. 0. 1. 0. 0. 0. 0. 0. 0. 0. 0. 0. 0. 0. 1. 0. 0. 0. 0. 0. 0. 0. 1. 1. 0. 1. 0. 0. 1.],6.0,10000,30,0.6,10,1,6,,problem_solving
5500,0.014086046276807438,0.004727511840000121,0.4,-5.329620398954958,[0.         0.         0.         0.         0.01212415 0.         0.         0.         0.         0.         0.         0.         0.         0.         0.         0.         0.01196178 0.         0.         0.         0.         0.         0.         0.         0.01337671 0.93911009 0.         0.01155214 0.         0.         0.01187513],[0. 0. 0. 0. 1. 0. 0. 0. 0. 0. 0. 0. 0. 0. 0. 0. 1. 0. 0. 0. 0. 0. 0. 0. 1. 1. 0. 1. 0. 0. 1.],6.0,10000,30,0.6,10,1,6,,problem_solving
5600,0.014086046276807438,0.004727511840000121,0.4,10.737316136767927,[0.         0.         0.         0.         0.01212415 0.         0.         0.         0.         0.         0.         0.         0.         0.         0.         0.         0.01196178 0.         0.         0.         0.         0.         0.         0.         0.01337671 0.93911009 0.         0.01155214 0.         0.         0.01187513],[0. 0. 0. 0. 1. 0. 0. 0. 0. 0. 0. 0. 0. 0. 0. 0. 1. 0. 0. 0. 0. 0. 0. 0. 1. 1. 0. 1. 0. 0. 1.],6.0,10000,30,0.6,10,1,6,,problem_solving
5700,0.014086046276807438,0.004727511840000121,0.4,-11.655658459221156,[0.         0.         0.         0.         0.01212415 0.         0.         0.         0.         0.         0.         0.         0.         0.         0.         0.         0.01196178 0.         0.         0.         0.         0.         0.         0.         0.01337671 0.93911009 0.         0.01155214 0.         0.         0.01187513],[0. 0. 0. 0. 1. 0. 0. 0. 0. 0. 0. 0. 0. 0. 0. 0. 1. 0. 0. 0. 0. 0. 0. 0. 1. 1. 0. 1. 0. 0. 1.],6.0,10000,30,0.6,10,1,6,,problem_solving
5800,0.014086046276807438,0.004727511840000121,0.4,-15.280221983875391,[0.         0.         0.         0.         0.01212415 0.         0.         0.         0.         0.         0.         0.         0.         0.         0.         0.         0.01196178 0.         0.         0.         0.         0.         0.         0.         0.01337671 0.93911009 0.         0.01155214 0.         0.         0.01187513],[0. 0. 0. 0. 1. 0. 0. 0. 0. 0. 0. 0. 0. 0. 0. 0. 1. 0. 0. 0. 0. 0. 0. 0. 1. 1. 0. 1. 0. 0. 1.],6.0,10000,30,0.6,10,1,6,,problem_solving
5900,0.014086046276807438,0.004727511840000121,0.4,2.418289037581742,[0.         0.         0.         0.         0.01212415 0.         0.         0.         0.         0.         0.         0.         0.         0.         0.         0.         0.01196178 0.         0.         0.         0.         0.         0.         0.         0.01337671 0.93911009 0.         0.01155214 0.         0.         0.01187513],[0. 0. 0. 0. 1. 0. 0. 0. 0. 0. 0. 0. 0. 0. 0. 0. 1. 0. 0. 0. 0. 0. 0. 0. 1. 1. 0. 1. 0. 0. 1.],6.0,10000,30,0.6,10,1,6,,problem_solving
6000,0.014086046276807438,0.004727511840000121,0.4,0.2504563670781946,[0.         0.         0.         0.         0.01212415 0.         0.         0.         0.         0.         0.         0.         0.         0.         0.         0.         0.01196178 0.         0.         0.         0.         0.         0.         0.         0.01337671 0.93911009 0.         0.01155214 0.         0.         0.01187513],[0. 0. 0. 0. 1. 0. 0. 0. 0. 0. 0. 0. 0. 0. 0. 0. 1. 0. 0. 0. 0. 0. 0. 0. 1. 1. 0. 1. 0. 0. 1.],6.0,10000,30,0.6,10,1,6,,problem_solving
6100,0.014086046276807438,0.004727511840000121,0.4,-14.56316681835107,[0.         0.         0.         0.         0.01212415 0.         0.         0.         0.         0.         0.         0.         0.         0.         0.         0.         0.01196178 0.         0.         0.         0.         0.         0.         0.         0.01337671 0.93911009 0.         0.01155214 0.         0.         0.01187513],[0. 0. 0. 0. 1. 0. 0. 0. 0. 0. 0. 0. 0. 0. 0. 0. 1. 0. 0. 0. 0. 0. 0. 0. 1. 1. 0. 1. 0. 0. 1.],6.0,10000,30,0.6,10,1,6,,problem_solving
6200,0.014086046276807438,0.004727511840000121,0.4,-5.795700829854179,[0.         0.         0.         0.         0.01212415 0.         0.         0.         0.         0.         0.         0.         0.         0.         0.         0.         0.01196178 0.         0.         0.         0.         0.         0.         0.         0.01337671 0.93911009 0.         0.01155214 0.         0.         0.01187513],[0. 0. 0. 0. 1. 0. 0. 0. 0. 0. 0. 0. 0. 0. 0. 0. 1. 0. 0. 0. 0. 0. 0. 0. 1. 1. 0. 1. 0. 0. 1.],6.0,10000,30,0.6,10,1,6,,problem_solving
6300,0.014086046276807438,0.004727511840000121,0.4,-10.634170212786353,[0.         0.         0.         0.         0.01212415 0.         0.         0.         0.         0.         0.         0.         0.         0.         0.         0.         0.01196178 0.         0.         0.         0.         0.         0.         0.         0.01337671 0.93911009 0.         0.01155214 0.         0.         0.01187513],[0. 0. 0. 0. 1. 0. 0. 0. 0. 0. 0. 0. 0. 0. 0. 0. 1. 0. 0. 0. 0. 0. 0. 0. 1. 1. 0. 1. 0. 0. 1.],6.0,10000,30,0.6,10,1,6,,problem_solving
6400,0.014086046276807438,0.004727511840000121,0.4,4.043268733831644,[0.         0.         0.         0.         0.01212415 0.         0.         0.         0.         0.         0.         0.         0.         0.         0.         0.         0.01196178 0.         0.         0.         0.         0.         0.         0.         0.01337671 0.93911009 0.         0.01155214 0.         0.         0.01187513],[0. 0. 0. 0. 1. 0. 0. 0. 0. 0. 0. 0. 0. 0. 0. 0. 1. 0. 0. 0. 0. 0. 0. 0. 1. 1. 0. 1. 0. 0. 1.],6.0,10000,30,0.6,10,1,6,,problem_solving
6500,0.014086046276807438,0.004727511840000121,0.4,4.1117997423836075,[0.         0.         0.         0.         0.01212415 0.         0.         0.         0.         0.         0.         0.         0.         0.         0.         0.         0.01196178 0.         0.         0.         0.         0.         0.         0.         0.01337671 0.93911009 0.         0.01155214 0.         0.         0.01187513],[0. 0. 0. 0. 1. 0. 0. 0. 0. 0. 0. 0. 0. 0. 0. 0. 1. 0. 0. 0. 0. 0. 0. 0. 1. 1. 0. 1. 0. 0. 1.],6.0,10000,30,0.6,10,1,6,,problem_solving
6600,0.014086046276807438,0.004727511840000121,0.4,-12.126134520798928,[0.         0.         0.         0.         0.01212415 0.         0.         0.         0.         0.         0.         0.         0.         0.         0.         0.         0.01196178 0.         0.         0.         0.         0.         0.         0.         0.01337671 0.93911009 0.         0.01155214 0.         0.         0.01187513],[0. 0. 0. 0. 1. 0. 0. 0. 0. 0. 0. 0. 0. 0. 0. 0. 1. 0. 0. 0. 0. 0. 0. 0. 1. 1. 0. 1. 0. 0. 1.],6.0,10000,30,0.6,10,1,6,,problem_solving
6700,0.014086046276807438,0.004727511840000121,0.4,-5.8379648782394575,[0.         0.         0.         0.         0.01212415 0.         0.         0.         0.         0.         0.         0.         0.         0.         0.         0.         0.01196178 0.         0.         0.         0.         0.         0.         0.         0.01337671 0.93911009 0.         0.01155214 0.         0.         0.01187513],[0. 0. 0. 0. 1. 0. 0. 0. 0. 0. 0. 0. 0. 0. 0. 0. 1. 0. 0. 0. 0. 0. 0. 0. 1. 1. 0. 1. 0. 0. 1.],6.0,10000,30,0.6,10,1,6,,problem_solving
6800,0.014086046276807438,0.004727511840000121,0.4,12.911292026118916,[0.         0.         0.         0.         0.01212415 0.         0.         0.         0.         0.         0.         0.         0.         0.         0.         0.         0.01196178 0.         0.         0.         0.         0.         0.         0.         0.01337671 0.93911009 0.         0.01155214 0.         0.         0.01187513],[0. 0. 0. 0. 1. 0. 0. 0. 0. 0. 0. 0. 0. 0. 0. 0. 1. 0. 0. 0. 0. 0. 0. 0. 1. 1. 0. 1. 0. 0. 1.],6.0,10000,30,0.6,10,1,6,,problem_solving
6900,0.014086046276807438,0.004727511840000121,0.4,12.367978090856091,[0.         0.         0.         0.         0.01212415 0.         0.         0.         0.         0.         0.         0.         0.         0.         0.         0.         0.01196178 0.         0.         0.         0.         0.         0.         0.         0.01337671 0.93911009 0.         0.01155214 0.         0.         0.01187513],[0. 0. 0. 0. 1. 0. 0. 0. 0. 0. 0. 0. 0. 0. 0. 0. 1. 0. 0. 0. 0. 0. 0. 0. 1. 1. 0. 1. 0. 0. 1.],6.0,10000,30,0.6,10,1,6,,problem_solving
7000,0.014086046276807438,0.004727511840000121,0.4,19.473570161965718,[0.         0.         0.         0.         0.01212415 0.         0.         0.         0.         0.         0.         0.         0.         0.         0.         0.         0.01196178 0.         0.         0.         0.         0.         0.         0.         0.01337671 0.93911009 0.         0.01155214 0.         0.         0.01187513],[0. 0. 0. 0. 1. 0. 0. 0. 0. 0. 0. 0. 0. 0. 0. 0. 1. 0. 0. 0. 0. 0. 0. 0. 1. 1. 0. 1. 0. 0. 1.],6.0,10000,30,0.6,10,1,6,,problem_solving
7100,0.014086046276807438,0.004727511840000121,0.4,-9.076258170252729,[0.         0.         0.         0.         0.01212415 0.         0.         0.         0.         0.         0.         0.         0.         0.         0.         0.         0.01196178 0.         0.         0.         0.         0.         0.         0.         0.01337671 0.93911009 0.         0.01155214 0.         0.         0.01187513],[0. 0. 0. 0. 1. 0. 0. 0. 0. 0. 0. 0. 0. 0. 0. 0. 1. 0. 0. 0. 0. 0. 0. 0. 1. 1. 0. 1. 0. 0. 1.],6.0,10000,30,0.6,10,1,6,,problem_solving
7200,0.014086046276807438,0.004727511840000121,0.4,-10.103456023811187,[0.         0.         0.         0.         0.01212415 0.         0.         0.         0.         0.         0.         0.         0.         0.         0.         0.         0.01196178 0.         0.         0.         0.         0.         0.         0.         0.01337671 0.93911009 0.         0.01155214 0.         0.         0.01187513],[0. 0. 0. 0. 1. 0. 0. 0. 0. 0. 0. 0. 0. 0. 0. 0. 1. 0. 0. 0. 0. 0. 0. 0. 1. 1. 0. 1. 0. 0. 1.],6.0,10000,30,0.6,10,1,6,,problem_solving
7300,0.014086046276807438,0.004727511840000121,0.4,12.260491495881766,[0.         0.         0.         0.         0.01212415 0.         0.         0.         0.         0.         0.         0.         0.         0.         0.         0.         0.01196178 0.         0.         0.         0.         0.         0.         0.         0.01337671 0.93911009 0.         0.01155214 0.         0.         0.01187513],[0. 0. 0. 0. 1. 0. 0. 0. 0. 0. 0. 0. 0. 0. 0. 0. 1. 0. 0. 0. 0. 0. 0. 0. 1. 1. 0. 1. 0. 0. 1.],6.0,10000,30,0.6,10,1,6,,problem_solving
7400,0.014086046276807438,0.004727511840000121,0.4,-4.826224590009145,[0.         0.         0.         0.         0.01212415 0.         0.         0.         0.         0.         0.         0.         0.         0.         0.         0.         0.01196178 0.         0.         0.         0.         0.         0.         0.         0.01337671 0.93911009 0.         0.01155214 0.         0.         0.01187513],[0. 0. 0. 0. 1. 0. 0. 0. 0. 0. 0. 0. 0. 0. 0. 0. 1. 0. 0. 0. 0. 0. 0. 0. 1. 1. 0. 1. 0. 0. 1.],6.0,10000,30,0.6,10,1,6,,problem_solving
7500,0.014086046276807438,0.004727511840000121,0.4,-5.2629896237153675,[0.         0.         0.         0.         0.01212415 0.         0.         0.         0.         0.         0.         0.         0.         0.         0.         0.         0.01196178 0.         0.         0.         0.         0.         0.         0.         0.01337671 0.93911009 0.         0.01155214 0.         0.         0.01187513],[0. 0. 0. 0. 1. 0. 0. 0. 0. 0. 0. 0. 0. 0. 0. 0. 1. 0. 0. 0. 0. 0. 0. 0. 1. 1. 0. 1. 0. 0. 1.],6.0,10000,30,0.6,10,1,6,,problem_solving
7600,0.014086046276807438,0.004727511840000121,0.4,22.839773522981986,[0.         0.         0.         0.         0.01212415 0.         0.         0.         0.         0.         0.         0.         0.         0.         0.         0.         0.01196178 0.         0.         0.         0.         0.         0.         0.         0.01337671 0.93911009 0.         0.01155214 0.         0.         0.01187513],[0. 0. 0. 0. 1. 0. 0. 0. 0. 0. 0. 0. 0. 0. 0. 0. 1. 0. 0. 0. 0. 0. 0. 0. 1. 1. 0. 1. 0. 0. 1.],6.0,10000,30,0.6,10,1,6,,problem_solving
7700,0.014086046276807438,0.004727511840000121,0.4,4.5029865663033855,[0.         0.         0.         0.         0.01212415 0.         0.         0.         0.         0.         0.         0.         0.         0.         0.         0.         0.01196178 0.         0.         0.         0.         0.         0.         0.         0.01337671 0.93911009 0.         0.01155214 0.         0.         0.01187513],[0. 0. 0. 0. 1. 0. 0. 0. 0. 0. 0. 0. 0. 0. 0. 0. 1. 0. 0. 0. 0. 0. 0. 0. 1. 1. 0. 1. 0. 0. 1.],6.0,10000,30,0.6,10,1,6,,problem_solving
7800,0.014086046276807438,0.004727511840000121,0.4,-2.9034245820743014,[0.         0.         0.         0.         0.01212415 0.         0.         0.         0.         0.         0.         0.         0.         0.         0.         0.         0.01196178 0.         0.         0.         0.         0.         0.         0.         0.01337671 0.93911009 0.         0.01155214 0.         0.         0.01187513],[0. 0. 0. 0. 1. 0. 0. 0. 0. 0. 0. 0. 0. 0. 0. 0. 1. 0. 0. 0. 0. 0. 0. 0. 1. 1. 0. 1. 0. 0. 1.],6.0,10000,30,0.6,10,1,6,,problem_solving
7900,0.014086046276807438,0.004727511840000121,0.4,14.865956407806904,[0.         0.         0.         0.         0.01212415 0.         0.         0.         0.         0.         0.         0.         0.         0.         0.         0.         0.01196178 0.         0.         0.         0.         0.         0.         0.         0.01337671 0.93911009 0.         0.01155214 0.         0.         0.01187513],[0. 0. 0. 0. 1. 0. 0. 0. 0. 0. 0. 0. 0. 0. 0. 0. 1. 0. 0. 0. 0. 0. 0. 0. 1. 1. 0. 1. 0. 0. 1.],6.0,10000,30,0.6,10,1,6,,problem_solving
8000,0.014086046276807438,0.004727511840000121,0.4,-13.566493728429352,[0.         0.         0.         0.         0.01212415 0.         0.         0.         0.         0.         0.         0.         0.         0.         0.         0.         0.01196178 0.         0.         0.         0.         0.         0.         0.         0.01337671 0.93911009 0.         0.01155214 0.         0.         0.01187513],[0. 0. 0. 0. 1. 0. 0. 0. 0. 0. 0. 0. 0. 0. 0. 0. 1. 0. 0. 0. 0. 0. 0. 0. 1. 1. 0. 1. 0. 0. 1.],6.0,10000,30,0.6,10,1,6,,problem_solving
8100,0.014086046276807438,0.004727511840000121,0.4,-3.768750753160922,[0.         0.         0.         0.         0.01212415 0.         0.         0.         0.         0.         0.         0.         0.         0.         0.         0.         0.01196178 0.         0.         0.         0.         0.         0.         0.         0.01337671 0.93911009 0.         0.01155214 0.         0.         0.01187513],[0. 0. 0. 0. 1. 0. 0. 0. 0. 0. 0. 0. 0. 0. 0. 0. 1. 0. 0. 0. 0. 0. 0. 0. 1. 1. 0. 1. 0. 0. 1.],6.0,10000,30,0.6,10,1,6,,problem_solving
8200,0.014086046276807438,0.004727511840000121,0.4,2.7039735206182773,[0.         0.         0.         0.         0.01212415 0.         0.         0.         0.         0.         0.         0.         0.         0.         0.         0.         0.01196178 0.         0.         0.         0.         0.         0.         0.         0.01337671 0.93911009 0.         0.01155214 0.         0.         0.01187513],[0. 0. 0. 0. 1. 0. 0. 0. 0. 0. 0. 0. 0. 0. 0. 0. 1. 0. 0. 0. 0. 0. 0. 0. 1. 1. 0. 1. 0. 0. 1.],6.0,10000,30,0.6,10,1,6,,problem_solving
8300,0.014086046276807438,0.004727511840000121,0.4,-9.058204040261224,[0.         0.         0.         0.         0.01212415 0.         0.         0.         0.         0.         0.         0.         0.         0.         0.         0.         0.01196178 0.         0.         0.         0.         0.         0.         0.         0.01337671 0.93911009 0.         0.01155214 0.         0.         0.01187513],[0. 0. 0. 0. 1. 0. 0. 0. 0. 0. 0. 0. 0. 0. 0. 0. 1. 0. 0. 0. 0. 0. 0. 0. 1. 1. 0. 1. 0. 0. 1.],6.0,10000,30,0.6,10,1,6,,problem_solving
8400,0.014086046276807438,0.004727511840000121,0.4,1.3524546970308848,[0.         0.         0.         0.         0.01212415 0.         0.         0.         0.         0.         0.         0.         0.         0.         0.         0.         0.01196178 0.         0.         0.         0.         0.         0.         0.         0.01337671 0.93911009 0.         0.01155214 0.         0.         0.01187513],[0. 0. 0. 0. 1. 0. 0. 0. 0. 0. 0. 0. 0. 0. 0. 0. 1. 0. 0. 0. 0. 0. 0. 0. 1. 1. 0. 1. 0. 0. 1.],6.0,10000,30,0.6,10,1,6,,problem_solving
8500,0.014086046276807438,0.004727511840000121,0.4,6.195817400212774,[0.         0.         0.         0.         0.01212415 0.         0.         0.         0.         0.         0.         0.         0.         0.         0.         0.         0.01196178 0.         0.         0.         0.         0.         0.         0.         0.01337671 0.93911009 0.         0.01155214 0.         0.         0.01187513],[0. 0. 0. 0. 1. 0. 0. 0. 0. 0. 0. 0. 0. 0. 0. 0. 1. 0. 0. 0. 0. 0. 0. 0. 1. 1. 0. 1. 0. 0. 1.],6.0,10000,30,0.6,10,1,6,,problem_solving
8600,0.014086046276807438,0.004727511840000121,0.4,-3.1592948926850184,[0.         0.         0.         0.         0.01212415 0.         0.         0.         0.         0.         0.         0.         0.         0.         0.         0.         0.01196178 0.         0.         0.         0.         0.         0.         0.         0.01337671 0.93911009 0.         0.01155214 0.         0.         0.01187513],[0. 0. 0. 0. 1. 0. 0. 0. 0. 0. 0. 0. 0. 0. 0. 0. 1. 0. 0. 0. 0. 0. 0. 0. 1. 1. 0. 1. 0. 0. 1.],6.0,10000,30,0.6,10,1,6,,problem_solving
8700,0.014086046276807438,0.004727511840000121,0.4,-4.616019516885931,[0.         0.         0.         0.         0.01212415 0.         0.         0.         0.         0.         0.         0.         0.         0.         0.         0.         0.01196178 0.         0.         0.         0.         0.         0.         0.         0.01337671 0.93911009 0.         0.01155214 0.         0.         0.01187513],[0. 0. 0. 0. 1. 0. 0. 0. 0. 0. 0. 0. 0. 0. 0. 0. 1. 0. 0. 0. 0. 0. 0. 0. 1. 1. 0. 1. 0. 0. 1.],6.0,10000,30,0.6,10,1,6,,problem_solving
8800,0.014086046276807438,0.004727511840000121,0.4,-5.505436641755943,[0.         0.         0.         0.         0.01212415 0.         0.         0.         0.         0.         0.         0.         0.         0.         0.         0.         0.01196178 0.         0.         0.         0.         0.         0.         0.         0.01337671 0.93911009 0.         0.01155214 0.         0.         0.01187513],[0. 0. 0. 0. 1. 0. 0. 0. 0. 0. 0. 0. 0. 0. 0. 0. 1. 0. 0. 0. 0. 0. 0. 0. 1. 1. 0. 1. 0. 0. 1.],6.0,10000,30,0.6,10,1,6,,problem_solving
8900,0.014086046276807438,0.004727511840000121,0.4,2.8870311635043295,[0.         0.         0.         0.         0.01212415 0.         0.         0.         0.         0.         0.         0.         0.         0.         0.         0.         0.01196178 0.         0.         0.         0.         0.         0.         0.         0.01337671 0.93911009 0.         0.01155214 0.         0.         0.01187513],[0. 0. 0. 0. 1. 0. 0. 0. 0. 0. 0. 0. 0. 0. 0. 0. 1. 0. 0. 0. 0. 0. 0. 0. 1. 1. 0. 1. 0. 0. 1.],6.0,10000,30,0.6,10,1,6,,problem_solving
9000,0.014086046276807438,0.004727511840000121,0.4,10.52425193719113,[0.         0.         0.         0.         0.01212415 0.         0.         0.         0.         0.         0.         0.         0.         0.         0.         0.         0.01196178 0.         0.         0.         0.         0.         0.         0.         0.01337671 0.93911009 0.         0.01155214 0.         0.         0.01187513],[0. 0. 0. 0. 1. 0. 0. 0. 0. 0. 0. 0. 0. 0. 0. 0. 1. 0. 0. 0. 0. 0. 0. 0. 1. 1. 0. 1. 0. 0. 1.],6.0,10000,30,0.6,10,1,6,,problem_solving
9100,0.014086046276807438,0.004727511840000121,0.4,7.94846563375704,[0.         0.         0.         0.         0.01212415 0.         0.         0.         0.         0.         0.         0.         0.         0.         0.         0.         0.01196178 0.         0.         0.         0.         0.         0.         0.         0.01337671 0.93911009 0.         0.01155214 0.         0.         0.01187513],[0. 0. 0. 0. 1. 0. 0. 0. 0. 0. 0. 0. 0. 0. 0. 0. 1. 0. 0. 0. 0. 0. 0. 0. 1. 1. 0. 1. 0. 0. 1.],6.0,10000,30,0.6,10,1,6,,problem_solving
9200,0.014086046276807438,0.004727511840000121,0.4,-2.448732271735036,[0.         0.         0.         0.         0.01212415 0.         0.         0.         0.         0.         0.         0.         0.         0.         0.         0.         0.01196178 0.         0.         0.         0.         0.         0.         0.         0.01337671 0.93911009 0.         0.01155214 0.         0.         0.01187513],[0. 0. 0. 0. 1. 0. 0. 0. 0. 0. 0. 0. 0. 0. 0. 0. 1. 0. 0. 0. 0. 0. 0. 0. 1. 1. 0. 1. 0. 0. 1.],6.0,10000,30,0.6,10,1,6,,problem_solving
9300,0.014086046276807438,0.004727511840000121,0.4,5.589736871818923,[0.         0.         0.         0.         0.01212415 0.         0.         0.         0.         0.         0.         0.         0.         0.         0.         0.         0.01196178 0.         0.         0.         0.         0.         0.         0.         0.01337671 0.93911009 0.         0.01155214 0.         0.         0.01187513],[0. 0. 0. 0. 1. 0. 0. 0. 0. 0. 0. 0. 0. 0. 0. 0. 1. 0. 0. 0. 0. 0. 0. 0. 1. 1. 0. 1. 0. 0. 1.],6.0,10000,30,0.6,10,1,6,,problem_solving
9400,0.014086046276807438,0.004727511840000121,0.4,15.67858545215577,[0.         0.         0.         0.         0.01212415 0.         0.         0.         0.         0.         0.         0.         0.         0.         0.         0.         0.01196178 0.         0.         0.         0.         0.         0.         0.         0.01337671 0.93911009 0.         0.01155214 0.         0.         0.01187513],[0. 0. 0. 0. 1. 0. 0. 0. 0. 0. 0. 0. 0. 0. 0. 0. 1. 0. 0. 0. 0. 0. 0. 0. 1. 1. 0. 1. 0. 0. 1.],6.0,10000,30,0.6,10,1,6,,problem_solving
9500,0.014086046276807438,0.004727511840000121,0.4,-12.800107259484136,[0.         0.         0.         0.         0.01212415 0.         0.         0.         0.         0.         0.         0.         0.         0.         0.         0.         0.01196178 0.         0.         0.         0.         0.         0.         0.         0.01337671 0.93911009 0.         0.01155214 0.         0.         0.01187513],[0. 0. 0. 0. 1. 0. 0. 0. 0. 0. 0. 0. 0. 0. 0. 0. 1. 0. 0. 0. 0. 0. 0. 0. 1. 1. 0. 1. 0. 0. 1.],6.0,10000,30,0.6,10,1,6,,problem_solving
9600,0.014086046276807438,0.004727511840000121,0.4,-2.5995521150719814,[0.         0.         0.         0.         0.01212415 0.         0.         0.         0.         0.         0.         0.         0.         0.         0.         0.         0.01196178 0.         0.         0.         0.         0.         0.         0.         0.01337671 0.93911009 0.         0.01155214 0.         0.         0.01187513],[0. 0. 0. 0. 1. 0. 0. 0. 0. 0. 0. 0. 0. 0. 0. 0. 1. 0. 0. 0. 0. 0. 0. 0. 1. 1. 0. 1. 0. 0. 1.],6.0,10000,30,0.6,10,1,6,,problem_solving
9700,0.014086046276807438,0.004727511840000121,0.4,-1.9660367173840279,[0.         0.         0.         0.         0.01212415 0.         0.         0.         0.         0.         0.         0.         0.         0.         0.         0.         0.01196178 0.         0.         0.         0.         0.         0.         0.         0.01337671 0.93911009 0.         0.01155214 0.         0.         0.01187513],[0. 0. 0. 0. 1. 0. 0. 0. 0. 0. 0. 0. 0. 0. 0. 0. 1. 0. 0. 0. 0. 0. 0. 0. 1. 1. 0. 1. 0. 0. 1.],6.0,10000,30,0.6,10,1,6,,problem_solving
9800,0.014086046276807438,0.004727511840000121,0.4,-7.109924335292454,[0.         0.         0.         0.         0.01212415 0.         0.         0.         0.         0.         0.         0.         0.         0.         0.         0.         0.01196178 0.         0.         0.         0.         0.         0.         0.         0.01337671 0.93911009 0.         0.01155214 0.         0.         0.01187513],[0. 0. 0. 0. 1. 0. 0. 0. 0. 0. 0. 0. 0. 0. 0. 0. 1. 0. 0. 0. 0. 0. 0. 0. 1. 1. 0. 1. 0. 0. 1.],6.0,10000,30,0.6,10,1,6,,problem_solving
9900,0.014086046276807438,0.004727511840000121,0.4,-1.4084959736201306,[0.         0.         0.         0.         0.01212415 0.         0.         0.         0.         0.         0.         0.         0.         0.         0.         0.         0.01196178 0.         0.         0.         0.         0.         0.         0.         0.01337671 0.93911009 0.         0.01155214 0.         0.         0.01187513],[0. 0. 0. 0. 1. 0. 0. 0. 0. 0. 0. 0. 0. 0. 0. 0. 1. 0. 0. 0. 0. 0. 0. 0. 1. 1. 0. 1. 0. 0. 1.],6.0,10000,30,0.6,10,1,6,,problem_solving
9999,0.014086046276807438,0.004727511840000121,0.4,3.761659364409896,[0.         0.         0.         0.         0.01212415 0.         0.         0.         0.         0.         0.         0.         0.         0.         0.         0.         0.01196178 0.         0.         0.         0.         0.         0.         0.         0.01337671 0.93911009 0.         0.01155214 0.         0.         0.01187513],[0. 0. 0. 0. 1. 0. 0. 0. 0. 0. 0. 0. 0. 0. 0. 0. 1. 0. 0. 0. 0. 0. 0. 0. 1. 1. 0. 1. 0. 0. 1.],6.0,10000,30,0.6,10,1,6,,problem_solving
