iter,cost,return,par,move,X,Z,Q,max_iter,mem_size,mem_consider,sigma,port_n,k,seed,tag
1,0.17017768588217846,0.0038379804775288302,0.4,0.6993787555275116,[0.         0.         0.         0.02409248 0.         0.         0.         0.         0.         0.01209797 0.         0.         0.         0.         0.0142479  0.         0.01830725 0.         0.         0.         0.         0.01396371 0.         0.         0.01075329 0.88103514 0.01179553 0.         0.         0.         0.01370672],[0. 0. 0. 1. 0. 0. 0. 0. 0. 1. 0. 0. 0. 0. 1. 0. 1. 0. 0. 0. 0. 1. 0. 0. 1. 1. 1. 0. 0. 0. 1.],9.0,10000,30,0.6,10,1,9,,problem_solving
100,0.055417470114367776,0.00566556045581661,0.4,-0.2650965151955376,[0.         0.02226146 0.         0.         0.01998233 0.         0.01094029 0.01970113 0.01477405 0.         0.         0.         0.         0.01491062 0.         0.         0.         0.         0.01923714 0.         0.         0.         0.         0.         0.         0.86676626 0.         0.01142672 0.         0.         0.        ],[0. 1. 0. 0. 1. 0. 1. 1. 1. 0. 0. 0. 0. 1. 0. 0. 0. 0. 1. 0. 0. 0. 0. 0. 0. 1. 0. 1. 0. 0. 0.],9.0,10000,30,0.6,10,1,9,,problem_solving
200,0.043100602946727025,0.0045215831581640826,0.4,-27.346268867443825,[0.         0.         0.         0.         0.         0.         0.         0.0105084  0.         0.         0.01642719 0.         0.         0.01161494 0.         0.         0.0104466  0.         0.01041665 0.         0.         0.         0.01080605 0.01436228 0.01713246 0.89828543 0.         0.         0.         0.         0.        ],[0. 0. 0. 0. 0. 0. 0. 1. 0. 0. 1. 0. 0. 1. 0. 0. 1. 0. 1. 0. 0. 0. 1. 1. 1. 1. 0. 0. 0. 0. 0.],9.0,10000,30,0.6,10,1,9,,problem_solving
300,0.043100602946727025,0.0045215831581640826,0.4,9.907745694466739,[0.         0.         0.         0.         0.         0.         0.         0.0105084  0.         0.         0.01642719 0.         0.         0.01161494 0.         0.         0.0104466  0.         0.01041665 0.         0.         0.         0.01080605 0.01436228 0.01713246 0.89828543 0.         0.         0.         0.         0.        ],[0. 0. 0. 0. 0. 0. 0. 1. 0. 0. 1. 0. 0. 1. 0. 0. 1. 0. 1. 0. 0. 0. 1. 1. 1. 1. 0. 0. 0. 0. 0.],9.0,10000,30,0.6,10,1,9,,problem_solving
400,0.03634242107379668,0.004573974047974631,0.4,1.882064154157821,[0.0108776  0.01670575 0.01244876 0.         0.         0.         0.         0.         0.01835001 0.         0.         0.         0.         0.         0.         0.0110495  0.         0.         0.         0.         0.         0.         0.01967089 0.         0.02460604 0.87294894 0.         0.01334252 0.         0.         0.        ],[1. 1. 1. 0. 0. 0. 0. 0. 1. 0. 0. 0. 0. 0. 0. 1. 0. 0. 0. 0. 0. 0. 1. 0. 1. 1. 0. 1. 0. 0. 0.],9.0,10000,30,0.6,10,1,9,,problem_solving
500,0.035138320294777266,0.004713284322301078,0.4,-14.343928870176264,[0.0169761  0.         0.         0.         0.01463086 0.         0.01854201 0.01799758 0.         0.         0.         0.         0.         0.         0.017617   0.01393294 0.         0.         0.01583007 0.01236248 0.         0.         0.         0.         0.         0.87211097 0.         0.         0.         0.         0.        ],[1. 0. 0. 0. 1. 0. 1. 1. 0. 0. 0. 0. 0. 0. 1. 1. 0. 0. 1. 1. 0. 0. 0. 0. 0. 1. 0. 0. 0. 0. 0.],9.0,10000,30,0.6,10,1,9,,problem_solving
600,0.035138320294777266,0.004713284322301078,0.4,23.95772026600268,[0.0169761  0.         0.         0.         0.01463086 0.         0.01854201 0.01799758 0.         0.         0.         0.         0.         0.         0.017617   0.01393294 0.         0.         0.01583007 0.01236248 0.         0.         0.         0.         0.         0.87211097 0.         0.         0.         0.         0.        ],[1. 0. 0. 0. 1. 0. 1. 1. 0. 0. 0. 0. 0. 0. 1. 1. 0. 0. 1. 1. 0. 0. 0. 0. 0. 1. 0. 0. 0. 0. 0.],9.0,10000,30,0.6,10,1,9,,problem_solving
700,0.035138320294777266,0.004713284322301078,0.4,-6.577875360671907,[0.0169761  0.         0.         0.         0.01463086 0.         0.01854201 0.01799758 0.         0.         0.         0.         0.         0.         0.017617   0.01393294 0.         0.         0.01583007 0.01236248 0.         0.         0.         0.         0.         0.87211097 0.         0.         0.         0.         0.        ],[1. 0. 0. 0. 1. 0. 1. 1. 0. 0. 0. 0. 0. 0. 1. 1. 0. 0. 1. 1. 0. 0. 0. 0. 0. 1. 0. 0. 0. 0. 0.],9.0,10000,30,0.6,10,1,9,,problem_solving
800,0.035138320294777266,0.004713284322301078,0.4,3.785070109490598,[0.0169761  0.         0.         0.         0.01463086 0.         0.01854201 0.01799758 0.         0.         0.         0.         0.         0.         0.017617   0.01393294 0.         0.         0.01583007 0.01236248 0.         0.         0.         0.         0.         0.87211097 0.         0.         0.         0.         0.        ],[1. 0. 0. 0. 1. 0. 1. 1. 0. 0. 0. 0. 0. 0. 1. 1. 0. 0. 1. 1. 0. 0. 0. 0. 0. 1. 0. 0. 0. 0. 0.],9.0,10000,30,0.6,10,1,9,,problem_solving
900,0.035138320294777266,0.004713284322301078,0.4,8.577982724657293,[0.0169761  0.         0.         0.         0.01463086 0.         0.01854201 0.01799758 0.         0.         0.         0.         0.         0.         0.017617   0.01393294 0.         0.         0.01583007 0.01236248 0.         0.         0.         0.         0.         0.87211097 0.         0.         0.         0.         0.        ],[1. 0. 0. 0. 1. 0. 1. 1. 0. 0. 0. 0. 0. 0. 1. 1. 0. 0. 1. 1. 0. 0. 0. 0. 0. 1. 0. 0. 0. 0. 0.],9.0,10000,30,0.6,10,1,9,,problem_solving
1000,0.035138320294777266,0.004713284322301078,0.4,1.738711454409235,[0.0169761  0.         0.         0.         0.01463086 0.         0.01854201 0.01799758 0.         0.         0.         0.         0.         0.         0.017617   0.01393294 0.         0.         0.01583007 0.01236248 0.         0.         0.         0.         0.         0.87211097 0.         0.         0.         0.         0.        ],[1. 0. 0. 0. 1. 0. 1. 1. 0. 0. 0. 0. 0. 0. 1. 1. 0. 0. 1. 1. 0. 0. 0. 0. 0. 1. 0. 0. 0. 0. 0.],9.0,10000,30,0.6,10,1,9,,problem_solving
1100,0.035138320294777266,0.004713284322301078,0.4,-4.126088007193882,[0.0169761  0.         0.         0.         0.01463086 0.         0.01854201 0.01799758 0.         0.         0.         0.         0.         0.         0.017617   0.01393294 0.         0.         0.01583007 0.01236248 0.         0.         0.         0.         0.         0.87211097 0.         0.         0.         0.         0.        ],[1. 0. 0. 0. 1. 0. 1. 1. 0. 0. 0. 0. 0. 0. 1. 1. 0. 0. 1. 1. 0. 0. 0. 0. 0. 1. 0. 0. 0. 0. 0.],9.0,10000,30,0.6,10,1,9,,problem_solving
1200,0.035138320294777266,0.004713284322301078,0.4,11.920606790762209,[0.0169761  0.         0.         0.         0.01463086 0.         0.01854201 0.01799758 0.         0.         0.         0.         0.         0.         0.017617   0.01393294 0.         0.         0.01583007 0.01236248 0.         0.         0.         0.         0.         0.87211097 0.         0.         0.         0.         0.        ],[1. 0. 0. 0. 1. 0. 1. 1. 0. 0. 0. 0. 0. 0. 1. 1. 0. 0. 1. 1. 0. 0. 0. 0. 0. 1. 0. 0. 0. 0. 0.],9.0,10000,30,0.6,10,1,9,,problem_solving
1300,0.035138320294777266,0.004713284322301078,0.4,1.0444869101167567,[0.0169761  0.         0.         0.         0.01463086 0.         0.01854201 0.01799758 0.         0.         0.         0.         0.         0.         0.017617   0.01393294 0.         0.         0.01583007 0.01236248 0.         0.         0.         0.         0.         0.87211097 0.         0.         0.         0.         0.        ],[1. 0. 0. 0. 1. 0. 1. 1. 0. 0. 0. 0. 0. 0. 1. 1. 0. 0. 1. 1. 0. 0. 0. 0. 0. 1. 0. 0. 0. 0. 0.],9.0,10000,30,0.6,10,1,9,,problem_solving
1400,0.035138320294777266,0.004713284322301078,0.4,6.479649977915718,[0.0169761  0.         0.         0.         0.01463086 0.         0.01854201 0.01799758 0.         0.         0.         0.         0.         0.         0.017617   0.01393294 0.         0.         0.01583007 0.01236248 0.         0.         0.         0.         0.         0.87211097 0.         0.         0.         0.         0.        ],[1. 0. 0. 0. 1. 0. 1. 1. 0. 0. 0. 0. 0. 0. 1. 1. 0. 0. 1. 1. 0. 0. 0. 0. 0. 1. 0. 0. 0. 0. 0.],9.0,10000,30,0.6,10,1,9,,problem_solving
1500,0.035138320294777266,0.004713284322301078,0.4,12.371706543874081,[0.0169761  0.         0.         0.         0.01463086 0.         0.01854201 0.01799758 0.         0.         0.         0.         0.         0.         0.017617   0.01393294 0.         0.         0.01583007 0.01236248 0.         0.         0.         0.         0.         0.87211097 0.         0.         0.         0.         0.        ],[1. 0. 0. 0. 1. 0. 1. 1. 0. 0. 0. 0. 0. 0. 1. 1. 0. 0. 1. 1. 0. 0. 0. 0. 0. 1. 0. 0. 0. 0. 0.],9.0,10000,30,0.6,10,1,9,,problem_solving
1600,0.035138320294777266,0.004713284322301078,0.4,24.733508663300498,[0.0169761  0.         0.         0.         0.01463086 0.         0.01854201 0.01799758 0.         0.         0.         0.         0.         0.         0.017617   0.01393294 0.         0.         0.01583007 0.01236248 0.         0.         0.         0.         0.         0.87211097 0.         0.         0.         0.         0.        ],[1. 0. 0. 0. 1. 0. 1. 1. 0. 0. 0. 0. 0. 0. 1. 1. 0. 0. 1. 1. 0. 0. 0. 0. 0. 1. 0. 0. 0. 0. 0.],9.0,10000,30,0.6,10,1,9,,problem_solving
1700,0.035138320294777266,0.004713284322301078,0.4,21.487941817654857,[0.0169761  0.         0.         0.         0.01463086 0.         0.01854201 0.01799758 0.         0.         0.         0.         0.         0.         0.017617   0.01393294 0.         0.         0.01583007 0.01236248 0.         0.         0.         0.         0.         0.87211097 0.         0.         0.         0.         0.        ],[1. 0. 0. 0. 1. 0. 1. 1. 0. 0. 0. 0. 0. 0. 1. 1. 0. 0. 1. 1. 0. 0. 0. 0. 0. 1. 0. 0. 0. 0. 0.],9.0,10000,30,0.6,10,1,9,,problem_solving
1800,0.031641250765882485,0.004669002497362798,0.4,-7.365595352889911,[0.01067868 0.         0.         0.         0.         0.         0.         0.         0.01395841 0.         0.01079629 0.         0.         0.         0.         0.         0.         0.         0.         0.02242278 0.         0.         0.         0.01198739 0.01743969 0.8912112  0.01074478 0.         0.         0.         0.01076078],[1. 0. 0. 0. 0. 0. 0. 0. 1. 0. 1. 0. 0. 0. 0. 0. 0. 0. 0. 1. 0. 0. 0. 1. 1. 1. 1. 0. 0. 0. 1.],9.0,10000,30,0.6,10,1,9,,problem_solving
1900,0.031641250765882485,0.004669002497362798,0.4,-3.697015696240552,[0.01067868 0.         0.         0.         0.         0.         0.         0.         0.01395841 0.         0.01079629 0.         0.         0.         0.         0.         0.         0.         0.         0.02242278 0.         0.         0.         0.01198739 0.01743969 0.8912112  0.01074478 0.         0.         0.         0.01076078],[1. 0. 0. 0. 0. 0. 0. 0. 1. 0. 1. 0. 0. 0. 0. 0. 0. 0. 0. 1. 0. 0. 0. 1. 1. 1. 1. 0. 0. 0. 1.],9.0,10000,30,0.6,10,1,9,,problem_solving
2000,0.031641250765882485,0.004669002497362798,0.4,-2.1722891977247922,[0.01067868 0.         0.         0.         0.         0.         0.         0.         0.01395841 0.         0.01079629 0.         0.         0.         0.         0.         0.         0.         0.         0.02242278 0.         0.         0.         0.01198739 0.01743969 0.8912112  0.01074478 0.         0.         0.         0.01076078],[1. 0. 0. 0. 0. 0. 0. 0. 1. 0. 1. 0. 0. 0. 0. 0. 0. 0. 0. 1. 0. 0. 0. 1. 1. 1. 1. 0. 0. 0. 1.],9.0,10000,30,0.6,10,1,9,,problem_solving
2100,0.031641250765882485,0.004669002497362798,0.4,6.542202861165517,[0.01067868 0.         0.         0.         0.         0.         0.         0.         0.01395841 0.         0.01079629 0.         0.         0.         0.         0.         0.         0.         0.         0.02242278 0.         0.         0.         0.01198739 0.01743969 0.8912112  0.01074478 0.         0.         0.         0.01076078],[1. 0. 0. 0. 0. 0. 0. 0. 1. 0. 1. 0. 0. 0. 0. 0. 0. 0. 0. 1. 0. 0. 0. 1. 1. 1. 1. 0. 0. 0. 1.],9.0,10000,30,0.6,10,1,9,,problem_solving
2200,0.031641250765882485,0.004669002497362798,0.4,-6.436288022790207,[0.01067868 0.         0.         0.         0.         0.         0.         0.         0.01395841 0.         0.01079629 0.         0.         0.         0.         0.         0.         0.         0.         0.02242278 0.         0.         0.         0.01198739 0.01743969 0.8912112  0.01074478 0.         0.         0.         0.01076078],[1. 0. 0. 0. 0. 0. 0. 0. 1. 0. 1. 0. 0. 0. 0. 0. 0. 0. 0. 1. 0. 0. 0. 1. 1. 1. 1. 0. 0. 0. 1.],9.0,10000,30,0.6,10,1,9,,problem_solving
2300,0.031641250765882485,0.004669002497362798,0.4,0.5573419808906391,[0.01067868 0.         0.         0.         0.         0.         0.         0.         0.01395841 0.         0.01079629 0.         0.         0.         0.         0.         0.         0.         0.         0.02242278 0.         0.         0.         0.01198739 0.01743969 0.8912112  0.01074478 0.         0.         0.         0.01076078],[1. 0. 0. 0. 0. 0. 0. 0. 1. 0. 1. 0. 0. 0. 0. 0. 0. 0. 0. 1. 0. 0. 0. 1. 1. 1. 1. 0. 0. 0. 1.],9.0,10000,30,0.6,10,1,9,,problem_solving
2400,0.031641250765882485,0.004669002497362798,0.4,27.38635406267303,[0.01067868 0.         0.         0.         0.         0.         0.         0.         0.01395841 0.         0.01079629 0.         0.         0.         0.         0.         0.         0.         0.         0.02242278 0.         0.         0.         0.01198739 0.01743969 0.8912112  0.01074478 0.         0.         0.         0.01076078],[1. 0. 0. 0. 0. 0. 0. 0. 1. 0. 1. 0. 0. 0. 0. 0. 0. 0. 0. 1. 0. 0. 0. 1. 1. 1. 1. 0. 0. 0. 1.],9.0,10000,30,0.6,10,1,9,,problem_solving
2500,0.031641250765882485,0.004669002497362798,0.4,5.0254375280889265,[0.01067868 0.         0.         0.         0.         0.         0.         0.         0.01395841 0.         0.01079629 0.         0.         0.         0.         0.         0.         0.         0.         0.02242278 0.         0.         0.         0.01198739 0.01743969 0.8912112  0.01074478 0.         0.         0.         0.01076078],[1. 0. 0. 0. 0. 0. 0. 0. 1. 0. 1. 0. 0. 0. 0. 0. 0. 0. 0. 1. 0. 0. 0. 1. 1. 1. 1. 0. 0. 0. 1.],9.0,10000,30,0.6,10,1,9,,problem_solving
2600,0.031641250765882485,0.004669002497362798,0.4,-1.5906841723506924,[0.01067868 0.         0.         0.         0.         0.         0.         0.         0.01395841 0.         0.01079629 0.         0.         0.         0.         0.         0.         0.         0.         0.02242278 0.         0.         0.         0.01198739 0.01743969 0.8912112  0.01074478 0.         0.         0.         0.01076078],[1. 0. 0. 0. 0. 0. 0. 0. 1. 0. 1. 0. 0. 0. 0. 0. 0. 0. 0. 1. 0. 0. 0. 1. 1. 1. 1. 0. 0. 0. 1.],9.0,10000,30,0.6,10,1,9,,problem_solving
2700,0.031641250765882485,0.004669002497362798,0.4,-11.081730624672383,[0.01067868 0.         0.         0.         0.         0.         0.         0.         0.01395841 0.         0.01079629 0.         0.         0.         0.         0.         0.         0.         0.         0.02242278 0.         0.         0.         0.01198739 0.01743969 0.8912112  0.01074478 0.         0.         0.         0.01076078],[1. 0. 0. 0. 0. 0. 0. 0. 1. 0. 1. 0. 0. 0. 0. 0. 0. 0. 0. 1. 0. 0. 0. 1. 1. 1. 1. 0. 0. 0. 1.],9.0,10000,30,0.6,10,1,9,,problem_solving
2800,0.031641250765882485,0.004669002497362798,0.4,6.026473660012812,[0.01067868 0.         0.         0.         0.         0.         0.         0.         0.01395841 0.         0.01079629 0.         0.         0.         0.         0.         0.         0.         0.         0.02242278 0.         0.         0.         0.01198739 0.01743969 0.8912112  0.01074478 0.         0.         0.         0.01076078],[1. 0. 0. 0. 0. 0. 0. 0. 1. 0. 1. 0. 0. 0. 0. 0. 0. 0. 0. 1. 0. 0. 0. 1. 1. 1. 1. 0. 0. 0. 1.],9.0,10000,30,0.6,10,1,9,,problem_solving
2900,0.031641250765882485,0.004669002497362798,0.4,-2.325674620173716,[0.01067868 0.         0.         0.         0.         0.         0.         0.         0.01395841 0.         0.01079629 0.         0.         0.         0.         0.         0.         0.         0.         0.02242278 0.         0.         0.         0.01198739 0.01743969 0.8912112  0.01074478 0.         0.         0.         0.01076078],[1. 0. 0. 0. 0. 0. 0. 0. 1. 0. 1. 0. 0. 0. 0. 0. 0. 0. 0. 1. 0. 0. 0. 1. 1. 1. 1. 0. 0. 0. 1.],9.0,10000,30,0.6,10,1,9,,problem_solving
3000,0.031641250765882485,0.004669002497362798,0.4,-5.585108687276269,[0.01067868 0.         0.         0.         0.         0.         0.         0.         0.01395841 0.         0.01079629 0.         0.         0.         0.         0.         0.         0.         0.         0.02242278 0.         0.         0.         0.01198739 0.01743969 0.8912112  0.01074478 0.         0.         0.         0.01076078],[1. 0. 0. 0. 0. 0. 0. 0. 1. 0. 1. 0. 0. 0. 0. 0. 0. 0. 0. 1. 0. 0. 0. 1. 1. 1. 1. 0. 0. 0. 1.],9.0,10000,30,0.6,10,1,9,,problem_solving
3100,0.031641250765882485,0.004669002497362798,0.4,-7.685907727291337,[0.01067868 0.         0.         0.         0.         0.         0.         0.         0.01395841 0.         0.01079629 0.         0.         0.         0.         0.         0.         0.         0.         0.02242278 0.         0.         0.         0.01198739 0.01743969 0.8912112  0.01074478 0.         0.         0.         0.01076078],[1. 0. 0. 0. 0. 0. 0. 0. 1. 0. 1. 0. 0. 0. 0. 0. 0. 0. 0. 1. 0. 0. 0. 1. 1. 1. 1. 0. 0. 0. 1.],9.0,10000,30,0.6,10,1,9,,problem_solving
3200,0.029869927578309103,0.004782846696100535,0.4,20.811796003694816,[0.01311611 0.         0.01058504 0.01417029 0.01962764 0.         0.         0.01142815 0.01695113 0.         0.         0.         0.         0.         0.         0.         0.         0.         0.         0.         0.         0.         0.         0.         0.01827993 0.87652833 0.         0.01931339 0.         0.         0.        ],[1. 0. 1. 1. 1. 0. 0. 1. 1. 0. 0. 0. 0. 0. 0. 0. 0. 0. 0. 0. 0. 0. 0. 0. 1. 1. 0. 1. 0. 0. 0.],9.0,10000,30,0.6,10,1,9,,problem_solving
3300,0.029869927578309103,0.004782846696100535,0.4,-8.99178214807986,[0.01311611 0.         0.01058504 0.01417029 0.01962764 0.         0.         0.01142815 0.01695113 0.         0.         0.         0.         0.         0.         0.         0.         0.         0.         0.         0.         0.         0.         0.         0.01827993 0.87652833 0.         0.01931339 0.         0.         0.        ],[1. 0. 1. 1. 1. 0. 0. 1. 1. 0. 0. 0. 0. 0. 0. 0. 0. 0. 0. 0. 0. 0. 0. 0. 1. 1. 0. 1. 0. 0. 0.],9.0,10000,30,0.6,10,1,9,,problem_solving
3400,0.029869927578309103,0.004782846696100535,0.4,18.600102470038877,[0.01311611 0.         0.01058504 0.01417029 0.01962764 0.         0.         0.01142815 0.01695113 0.         0.         0.         0.         0.         0.         0.         0.         0.         0.         0.         0.         0.         0.         0.         0.01827993 0.87652833 0.         0.01931339 0.         0.         0.        ],[1. 0. 1. 1. 1. 0. 0. 1. 1. 0. 0. 0. 0. 0. 0. 0. 0. 0. 0. 0. 0. 0. 0. 0. 1. 1. 0. 1. 0. 0. 0.],9.0,10000,30,0.6,10,1,9,,problem_solving
3500,0.029869927578309103,0.004782846696100535,0.4,13.694012997975358,[0.01311611 0.         0.01058504 0.01417029 0.01962764 0.         0.         0.01142815 0.01695113 0.         0.         0.         0.         0.         0.         0.         0.         0.         0.         0.         0.         0.         0.         0.         0.01827993 0.87652833 0.         0.01931339 0.         0.         0.        ],[1. 0. 1. 1. 1. 0. 0. 1. 1. 0. 0. 0. 0. 0. 0. 0. 0. 0. 0. 0. 0. 0. 0. 0. 1. 1. 0. 1. 0. 0. 0.],9.0,10000,30,0.6,10,1,9,,problem_solving
3600,0.029869927578309103,0.004782846696100535,0.4,-0.32775475621264605,[0.01311611 0.         0.01058504 0.01417029 0.01962764 0.         0.         0.01142815 0.01695113 0.         0.         0.         0.         0.         0.         0.         0.         0.         0.         0.         0.         0.         0.         0.         0.01827993 0.87652833 0.         0.01931339 0.         0.         0.        ],[1. 0. 1. 1. 1. 0. 0. 1. 1. 0. 0. 0. 0. 0. 0. 0. 0. 0. 0. 0. 0. 0. 0. 0. 1. 1. 0. 1. 0. 0. 0.],9.0,10000,30,0.6,10,1,9,,problem_solving
3700,0.029869927578309103,0.004782846696100535,0.4,-11.59725634198199,[0.01311611 0.         0.01058504 0.01417029 0.01962764 0.         0.         0.01142815 0.01695113 0.         0.         0.         0.         0.         0.         0.         0.         0.         0.         0.         0.         0.         0.         0.         0.01827993 0.87652833 0.         0.01931339 0.         0.         0.        ],[1. 0. 1. 1. 1. 0. 0. 1. 1. 0. 0. 0. 0. 0. 0. 0. 0. 0. 0. 0. 0. 0. 0. 0. 1. 1. 0. 1. 0. 0. 0.],9.0,10000,30,0.6,10,1,9,,problem_solving
3800,0.029869927578309103,0.004782846696100535,0.4,-17.935329397283294,[0.01311611 0.         0.01058504 0.01417029 0.01962764 0.         0.         0.01142815 0.01695113 0.         0.         0.         0.         0.         0.         0.         0.         0.         0.         0.         0.         0.         0.         0.         0.01827993 0.87652833 0.         0.01931339 0.         0.         0.        ],[1. 0. 1. 1. 1. 0. 0. 1. 1. 0. 0. 0. 0. 0. 0. 0. 0. 0. 0. 0. 0. 0. 0. 0. 1. 1. 0. 1. 0. 0. 0.],9.0,10000,30,0.6,10,1,9,,problem_solving
3900,0.029869927578309103,0.004782846696100535,0.4,0.25694783180229375,[0.01311611 0.         0.01058504 0.01417029 0.01962764 0.         0.         0.01142815 0.01695113 0.         0.         0.         0.         0.         0.         0.         0.         0.         0.         0.         0.         0.         0.         0.         0.01827993 0.87652833 0.         0.01931339 0.         0.         0.        ],[1. 0. 1. 1. 1. 0. 0. 1. 1. 0. 0. 0. 0. 0. 0. 0. 0. 0. 0. 0. 0. 0. 0. 0. 1. 1. 0. 1. 0. 0. 0.],9.0,10000,30,0.6,10,1,9,,problem_solving
4000,0.029869927578309103,0.004782846696100535,0.4,0.939978336759764,[0.01311611 0.         0.01058504 0.01417029 0.01962764 0.         0.         0.01142815 0.01695113 0.         0.         0.         0.         0.         0.         0.         0.         0.         0.         0.         0.         0.         0.         0.         0.01827993 0.87652833 0.         0.01931339 0.         0.         0.        ],[1. 0. 1. 1. 1. 0. 0. 1. 1. 0. 0. 0. 0. 0. 0. 0. 0. 0. 0. 0. 0. 0. 0. 0. 1. 1. 0. 1. 0. 0. 0.],9.0,10000,30,0.6,10,1,9,,problem_solving
4100,0.029869927578309103,0.004782846696100535,0.4,3.7175471844702326,[0.01311611 0.         0.01058504 0.01417029 0.01962764 0.         0.         0.01142815 0.01695113 0.         0.         0.         0.         0.         0.         0.         0.         0.         0.         0.         0.         0.         0.         0.         0.01827993 0.87652833 0.         0.01931339 0.         0.         0.        ],[1. 0. 1. 1. 1. 0. 0. 1. 1. 0. 0. 0. 0. 0. 0. 0. 0. 0. 0. 0. 0. 0. 0. 0. 1. 1. 0. 1. 0. 0. 0.],9.0,10000,30,0.6,10,1,9,,problem_solving
4200,0.029869927578309103,0.004782846696100535,0.4,23.05407007698147,[0.01311611 0.         0.01058504 0.01417029 0.01962764 0.         0.         0.01142815 0.01695113 0.         0.         0.         0.         0.         0.         0.         0.         0.         0.         0.         0.         0.         0.         0.         0.01827993 0.87652833 0.         0.01931339 0.         0.         0.        ],[1. 0. 1. 1. 1. 0. 0. 1. 1. 0. 0. 0. 0. 0. 0. 0. 0. 0. 0. 0. 0. 0. 0. 0. 1. 1. 0. 1. 0. 0. 0.],9.0,10000,30,0.6,10,1,9,,problem_solving
4300,0.029869927578309103,0.004782846696100535,0.4,-9.032732156907032,[0.01311611 0.         0.01058504 0.01417029 0.01962764 0.         0.         0.01142815 0.01695113 0.         0.         0.         0.         0.         0.         0.         0.         0.         0.         0.         0.         0.         0.         0.         0.01827993 0.87652833 0.         0.01931339 0.         0.         0.        ],[1. 0. 1. 1. 1. 0. 0. 1. 1. 0. 0. 0. 0. 0. 0. 0. 0. 0. 0. 0. 0. 0. 0. 0. 1. 1. 0. 1. 0. 0. 0.],9.0,10000,30,0.6,10,1,9,,problem_solving
4400,0.029869927578309103,0.004782846696100535,0.4,26.456929696076124,[0.01311611 0.         0.01058504 0.01417029 0.01962764 0.         0.         0.01142815 0.01695113 0.         0.         0.         0.         0.         0.         0.         0.         0.         0.         0.         0.         0.         0.         0.         0.01827993 0.87652833 0.         0.01931339 0.         0.         0.        ],[1. 0. 1. 1. 1. 0. 0. 1. 1. 0. 0. 0. 0. 0. 0. 0. 0. 0. 0. 0. 0. 0. 0. 0. 1. 1. 0. 1. 0. 0. 0.],9.0,10000,30,0.6,10,1,9,,problem_solving
4500,0.029869927578309103,0.004782846696100535,0.4,2.90314829333161,[0.01311611 0.         0.01058504 0.01417029 0.01962764 0.         0.         0.01142815 0.01695113 0.         0.         0.         0.         0.         0.         0.         0.         0.         0.         0.         0.         0.         0.         0.         0.01827993 0.87652833 0.         0.01931339 0.         0.         0.        ],[1. 0. 1. 1. 1. 0. 0. 1. 1. 0. 0. 0. 0. 0. 0. 0. 0. 0. 0. 0. 0. 0. 0. 0. 1. 1. 0. 1. 0. 0. 0.],9.0,10000,30,0.6,10,1,9,,problem_solving
4600,0.029869927578309103,0.004782846696100535,0.4,-7.163830091222461,[0.01311611 0.         0.01058504 0.01417029 0.01962764 0.         0.         0.01142815 0.01695113 0.         0.         0.         0.         0.         0.         0.         0.         0.         0.         0.         0.         0.         0.         0.         0.01827993 0.87652833 0.         0.01931339 0.         0.         0.        ],[1. 0. 1. 1. 1. 0. 0. 1. 1. 0. 0. 0. 0. 0. 0. 0. 0. 0. 0. 0. 0. 0. 0. 0. 1. 1. 0. 1. 0. 0. 0.],9.0,10000,30,0.6,10,1,9,,problem_solving
4700,0.029869927578309103,0.004782846696100535,0.4,-4.697829689906008,[0.01311611 0.         0.01058504 0.01417029 0.01962764 0.         0.         0.01142815 0.01695113 0.         0.         0.         0.         0.         0.         0.         0.         0.         0.         0.         0.         0.         0.         0.         0.01827993 0.87652833 0.         0.01931339 0.         0.         0.        ],[1. 0. 1. 1. 1. 0. 0. 1. 1. 0. 0. 0. 0. 0. 0. 0. 0. 0. 0. 0. 0. 0. 0. 0. 1. 1. 0. 1. 0. 0. 0.],9.0,10000,30,0.6,10,1,9,,problem_solving
4800,0.029869927578309103,0.004782846696100535,0.4,-0.4193331187441778,[0.01311611 0.         0.01058504 0.01417029 0.01962764 0.         0.         0.01142815 0.01695113 0.         0.         0.         0.         0.         0.         0.         0.         0.         0.         0.         0.         0.         0.         0.         0.01827993 0.87652833 0.         0.01931339 0.         0.         0.        ],[1. 0. 1. 1. 1. 0. 0. 1. 1. 0. 0. 0. 0. 0. 0. 0. 0. 0. 0. 0. 0. 0. 0. 0. 1. 1. 0. 1. 0. 0. 0.],9.0,10000,30,0.6,10,1,9,,problem_solving
4900,0.029869927578309103,0.004782846696100535,0.4,10.620902171032123,[0.01311611 0.         0.01058504 0.01417029 0.01962764 0.         0.         0.01142815 0.01695113 0.         0.         0.         0.         0.         0.         0.         0.         0.         0.         0.         0.         0.         0.         0.         0.01827993 0.87652833 0.         0.01931339 0.         0.         0.        ],[1. 0. 1. 1. 1. 0. 0. 1. 1. 0. 0. 0. 0. 0. 0. 0. 0. 0. 0. 0. 0. 0. 0. 0. 1. 1. 0. 1. 0. 0. 0.],9.0,10000,30,0.6,10,1,9,,problem_solving
5000,0.029869927578309103,0.004782846696100535,0.4,-11.750723075505572,[0.01311611 0.         0.01058504 0.01417029 0.01962764 0.         0.         0.01142815 0.01695113 0.         0.         0.         0.         0.         0.         0.         0.         0.         0.         0.         0.         0.         0.         0.         0.01827993 0.87652833 0.         0.01931339 0.         0.         0.        ],[1. 0. 1. 1. 1. 0. 0. 1. 1. 0. 0. 0. 0. 0. 0. 0. 0. 0. 0. 0. 0. 0. 0. 0. 1. 1. 0. 1. 0. 0. 0.],9.0,10000,30,0.6,10,1,9,,problem_solving
5100,0.029869927578309103,0.004782846696100535,0.4,7.720862705144576,[0.01311611 0.         0.01058504 0.01417029 0.01962764 0.         0.         0.01142815 0.01695113 0.         0.         0.         0.         0.         0.         0.         0.         0.         0.         0.         0.         0.         0.         0.         0.01827993 0.87652833 0.         0.01931339 0.         0.         0.        ],[1. 0. 1. 1. 1. 0. 0. 1. 1. 0. 0. 0. 0. 0. 0. 0. 0. 0. 0. 0. 0. 0. 0. 0. 1. 1. 0. 1. 0. 0. 0.],9.0,10000,30,0.6,10,1,9,,problem_solving
5200,0.029869927578309103,0.004782846696100535,0.4,-7.908102868405026,[0.01311611 0.         0.01058504 0.01417029 0.01962764 0.         0.         0.01142815 0.01695113 0.         0.         0.         0.         0.         0.         0.         0.         0.         0.         0.         0.         0.         0.         0.         0.01827993 0.87652833 0.         0.01931339 0.         0.         0.        ],[1. 0. 1. 1. 1. 0. 0. 1. 1. 0. 0. 0. 0. 0. 0. 0. 0. 0. 0. 0. 0. 0. 0. 0. 1. 1. 0. 1. 0. 0. 0.],9.0,10000,30,0.6,10,1,9,,problem_solving
5300,0.029746264789048397,0.004643853237212701,0.4,-1.4444857816782837,[0.         0.         0.         0.         0.         0.         0.         0.0105084  0.         0.         0.01642719 0.         0.         0.01161494 0.         0.         0.0104466  0.         0.01041665 0.         0.         0.         0.01080605 0.01436228 0.01713246 0.89828543 0.         0.         0.         0.         0.        ],[0. 0. 0. 0. 0. 0. 0. 1. 0. 0. 1. 0. 0. 1. 0. 0. 1. 0. 1. 0. 0. 0. 1. 1. 1. 1. 0. 0. 0. 0. 0.],9.0,10000,30,0.6,10,1,9,,problem_solving
5400,0.029746264789048397,0.004643853237212701,0.4,-2.278931139786598,[0.         0.         0.         0.         0.         0.         0.         0.0105084  0.         0.         0.01642719 0.         0.         0.01161494 0.         0.         0.0104466  0.         0.01041665 0.         0.         0.         0.01080605 0.01436228 0.01713246 0.89828543 0.         0.         0.         0.         0.        ],[0. 0. 0. 0. 0. 0. 0. 1. 0. 0. 1. 0. 0. 1. 0. 0. 1. 0. 1. 0. 0. 0. 1. 1. 1. 1. 0. 0. 0. 0. 0.],9.0,10000,30,0.6,10,1,9,,problem_solving
5500,0.029746264789048397,0.004643853237212701,0.4,8.424999497577057,[0.         0.         0.         0.         0.         0.         0.         0.0105084  0.         0.         0.01642719 0.         0.         0.01161494 0.         0.         0.0104466  0.         0.01041665 0.         0.         0.         0.01080605 0.01436228 0.01713246 0.89828543 0.         0.         0.         0.         0.        ],[0. 0. 0. 0. 0. 0. 0. 1. 0. 0. 1. 0. 0. 1. 0. 0. 1. 0. 1. 0. 0. 0. 1. 1. 1. 1. 0. 0. 0. 0. 0.],9.0,10000,30,0.6,10,1,9,,problem_solving
5600,0.029746264789048397,0.004643853237212701,0.4,-3.469326940652024,[0.         0.         0.         0.         0.         0.         0.         0.0105084  0.         0.         0.01642719 0.         0.         0.01161494 0.         0.         0.0104466  0.         0.01041665 0.         0.         0.         0.01080605 0.01436228 0.01713246 0.89828543 0.         0.         0.         0.         0.        ],[0. 0. 0. 0. 0. 0. 0. 1. 0. 0. 1. 0. 0. 1. 0. 0. 1. 0. 1. 0. 0. 0. 1. 1. 1. 1. 0. 0. 0. 0. 0.],9.0,10000,30,0.6,10,1,9,,problem_solving
5700,0.029746264789048397,0.004643853237212701,0.4,-12.976394299201203,[0.         0.         0.         0.         0.         0.         0.         0.0105084  0.         0.         0.01642719 0.         0.         0.01161494 0.         0.         0.0104466  0.         0.01041665 0.         0.         0.         0.01080605 0.01436228 0.01713246 0.89828543 0.         0.         0.         0.         0.        ],[0. 0. 0. 0. 0. 0. 0. 1. 0. 0. 1. 0. 0. 1. 0. 0. 1. 0. 1. 0. 0. 0. 1. 1. 1. 1. 0. 0. 0. 0. 0.],9.0,10000,30,0.6,10,1,9,,problem_solving
5800,0.029746264789048397,0.004643853237212701,0.4,0.8667944963682523,[0.         0.         0.         0.         0.         0.         0.         0.0105084  0.         0.         0.01642719 0.         0.         0.01161494 0.         0.         0.0104466  0.         0.01041665 0.         0.         0.         0.01080605 0.01436228 0.01713246 0.89828543 0.         0.         0.         0.         0.        ],[0. 0. 0. 0. 0. 0. 0. 1. 0. 0. 1. 0. 0. 1. 0. 0. 1. 0. 1. 0. 0. 0. 1. 1. 1. 1. 0. 0. 0. 0. 0.],9.0,10000,30,0.6,10,1,9,,problem_solving
5900,0.029746264789048397,0.004643853237212701,0.4,-6.090635270263265,[0.         0.         0.         0.         0.         0.         0.         0.0105084  0.         0.         0.01642719 0.         0.         0.01161494 0.         0.         0.0104466  0.         0.01041665 0.         0.         0.         0.01080605 0.01436228 0.01713246 0.89828543 0.         0.         0.         0.         0.        ],[0. 0. 0. 0. 0. 0. 0. 1. 0. 0. 1. 0. 0. 1. 0. 0. 1. 0. 1. 0. 0. 0. 1. 1. 1. 1. 0. 0. 0. 0. 0.],9.0,10000,30,0.6,10,1,9,,problem_solving
6000,0.029746264789048397,0.004643853237212701,0.4,9.653681698702005,[0.         0.         0.         0.         0.         0.         0.         0.0105084  0.         0.         0.01642719 0.         0.         0.01161494 0.         0.         0.0104466  0.         0.01041665 0.         0.         0.         0.01080605 0.01436228 0.01713246 0.89828543 0.         0.         0.         0.         0.        ],[0. 0. 0. 0. 0. 0. 0. 1. 0. 0. 1. 0. 0. 1. 0. 0. 1. 0. 1. 0. 0. 0. 1. 1. 1. 1. 0. 0. 0. 0. 0.],9.0,10000,30,0.6,10,1,9,,problem_solving
6100,0.029746264789048397,0.004643853237212701,0.4,-4.514015373931243,[0.         0.         0.         0.         0.         0.         0.         0.0105084  0.         0.         0.01642719 0.         0.         0.01161494 0.         0.         0.0104466  0.         0.01041665 0.         0.         0.         0.01080605 0.01436228 0.01713246 0.89828543 0.         0.         0.         0.         0.        ],[0. 0. 0. 0. 0. 0. 0. 1. 0. 0. 1. 0. 0. 1. 0. 0. 1. 0. 1. 0. 0. 0. 1. 1. 1. 1. 0. 0. 0. 0. 0.],9.0,10000,30,0.6,10,1,9,,problem_solving
6200,0.029746264789048397,0.004643853237212701,0.4,19.88003231512372,[0.         0.         0.         0.         0.         0.         0.         0.0105084  0.         0.         0.01642719 0.         0.         0.01161494 0.         0.         0.0104466  0.         0.01041665 0.         0.         0.         0.01080605 0.01436228 0.01713246 0.89828543 0.         0.         0.         0.         0.        ],[0. 0. 0. 0. 0. 0. 0. 1. 0. 0. 1. 0. 0. 1. 0. 0. 1. 0. 1. 0. 0. 0. 1. 1. 1. 1. 0. 0. 0. 0. 0.],9.0,10000,30,0.6,10,1,9,,problem_solving
6300,0.029746264789048397,0.004643853237212701,0.4,-6.847490368415113,[0.         0.         0.         0.         0.         0.         0.         0.0105084  0.         0.         0.01642719 0.         0.         0.01161494 0.         0.         0.0104466  0.         0.01041665 0.         0.         0.         0.01080605 0.01436228 0.01713246 0.89828543 0.         0.         0.         0.         0.        ],[0. 0. 0. 0. 0. 0. 0. 1. 0. 0. 1. 0. 0. 1. 0. 0. 1. 0. 1. 0. 0. 0. 1. 1. 1. 1. 0. 0. 0. 0. 0.],9.0,10000,30,0.6,10,1,9,,problem_solving
6400,0.029746264789048397,0.004643853237212701,0.4,6.637142555169419,[0.         0.         0.         0.         0.         0.         0.         0.0105084  0.         0.         0.01642719 0.         0.         0.01161494 0.         0.         0.0104466  0.         0.01041665 0.         0.         0.         0.01080605 0.01436228 0.01713246 0.89828543 0.         0.         0.         0.         0.        ],[0. 0. 0. 0. 0. 0. 0. 1. 0. 0. 1. 0. 0. 1. 0. 0. 1. 0. 1. 0. 0. 0. 1. 1. 1. 1. 0. 0. 0. 0. 0.],9.0,10000,30,0.6,10,1,9,,problem_solving
6500,0.029746264789048397,0.004643853237212701,0.4,3.611913760370327,[0.         0.         0.         0.         0.         0.         0.         0.0105084  0.         0.         0.01642719 0.         0.         0.01161494 0.         0.         0.0104466  0.         0.01041665 0.         0.         0.         0.01080605 0.01436228 0.01713246 0.89828543 0.         0.         0.         0.         0.        ],[0. 0. 0. 0. 0. 0. 0. 1. 0. 0. 1. 0. 0. 1. 0. 0. 1. 0. 1. 0. 0. 0. 1. 1. 1. 1. 0. 0. 0. 0. 0.],9.0,10000,30,0.6,10,1,9,,problem_solving
6600,0.029746264789048397,0.004643853237212701,0.4,-11.82335186482302,[0.         0.         0.         0.         0.         0.         0.         0.0105084  0.         0.         0.01642719 0.         0.         0.01161494 0.         0.         0.0104466  0.         0.01041665 0.         0.         0.         0.01080605 0.01436228 0.01713246 0.89828543 0.         0.         0.         0.         0.        ],[0. 0. 0. 0. 0. 0. 0. 1. 0. 0. 1. 0. 0. 1. 0. 0. 1. 0. 1. 0. 0. 0. 1. 1. 1. 1. 0. 0. 0. 0. 0.],9.0,10000,30,0.6,10,1,9,,problem_solving
6700,0.029746264789048397,0.004643853237212701,0.4,-7.004192714920299,[0.         0.         0.         0.         0.         0.         0.         0.0105084  0.         0.         0.01642719 0.         0.         0.01161494 0.         0.         0.0104466  0.         0.01041665 0.         0.         0.         0.01080605 0.01436228 0.01713246 0.89828543 0.         0.         0.         0.         0.        ],[0. 0. 0. 0. 0. 0. 0. 1. 0. 0. 1. 0. 0. 1. 0. 0. 1. 0. 1. 0. 0. 0. 1. 1. 1. 1. 0. 0. 0. 0. 0.],9.0,10000,30,0.6,10,1,9,,problem_solving
6800,0.029746264789048397,0.004643853237212701,0.4,-14.123940140801462,[0.         0.         0.         0.         0.         0.         0.         0.0105084  0.         0.         0.01642719 0.         0.         0.01161494 0.         0.         0.0104466  0.         0.01041665 0.         0.         0.         0.01080605 0.01436228 0.01713246 0.89828543 0.         0.         0.         0.         0.        ],[0. 0. 0. 0. 0. 0. 0. 1. 0. 0. 1. 0. 0. 1. 0. 0. 1. 0. 1. 0. 0. 0. 1. 1. 1. 1. 0. 0. 0. 0. 0.],9.0,10000,30,0.6,10,1,9,,problem_solving
6900,0.029746264789048397,0.004643853237212701,0.4,-6.288667519751272,[0.         0.         0.         0.         0.         0.         0.         0.0105084  0.         0.         0.01642719 0.         0.         0.01161494 0.         0.         0.0104466  0.         0.01041665 0.         0.         0.         0.01080605 0.01436228 0.01713246 0.89828543 0.         0.         0.         0.         0.        ],[0. 0. 0. 0. 0. 0. 0. 1. 0. 0. 1. 0. 0. 1. 0. 0. 1. 0. 1. 0. 0. 0. 1. 1. 1. 1. 0. 0. 0. 0. 0.],9.0,10000,30,0.6,10,1,9,,problem_solving
7000,0.029746264789048397,0.004643853237212701,0.4,-5.446447257960133,[0.         0.         0.         0.         0.         0.         0.         0.0105084  0.         0.         0.01642719 0.         0.         0.01161494 0.         0.         0.0104466  0.         0.01041665 0.         0.         0.         0.01080605 0.01436228 0.01713246 0.89828543 0.         0.         0.         0.         0.        ],[0. 0. 0. 0. 0. 0. 0. 1. 0. 0. 1. 0. 0. 1. 0. 0. 1. 0. 1. 0. 0. 0. 1. 1. 1. 1. 0. 0. 0. 0. 0.],9.0,10000,30,0.6,10,1,9,,problem_solving
7100,0.029746264789048397,0.004643853237212701,0.4,8.929931395401221,[0.         0.         0.         0.         0.         0.         0.         0.0105084  0.         0.         0.01642719 0.         0.         0.01161494 0.         0.         0.0104466  0.         0.01041665 0.         0.         0.         0.01080605 0.01436228 0.01713246 0.89828543 0.         0.         0.         0.         0.        ],[0. 0. 0. 0. 0. 0. 0. 1. 0. 0. 1. 0. 0. 1. 0. 0. 1. 0. 1. 0. 0. 0. 1. 1. 1. 1. 0. 0. 0. 0. 0.],9.0,10000,30,0.6,10,1,9,,problem_solving
7200,0.029746264789048397,0.004643853237212701,0.4,13.522400626264242,[0.         0.         0.         0.         0.         0.         0.         0.0105084  0.         0.         0.01642719 0.         0.         0.01161494 0.         0.         0.0104466  0.         0.01041665 0.         0.         0.         0.01080605 0.01436228 0.01713246 0.89828543 0.         0.         0.         0.         0.        ],[0. 0. 0. 0. 0. 0. 0. 1. 0. 0. 1. 0. 0. 1. 0. 0. 1. 0. 1. 0. 0. 0. 1. 1. 1. 1. 0. 0. 0. 0. 0.],9.0,10000,30,0.6,10,1,9,,problem_solving
7300,0.029746264789048397,0.004643853237212701,0.4,-2.316346102110386,[0.         0.         0.         0.         0.         0.         0.         0.0105084  0.         0.         0.01642719 0.         0.         0.01161494 0.         0.         0.0104466  0.         0.01041665 0.         0.         0.         0.01080605 0.01436228 0.01713246 0.89828543 0.         0.         0.         0.         0.        ],[0. 0. 0. 0. 0. 0. 0. 1. 0. 0. 1. 0. 0. 1. 0. 0. 1. 0. 1. 0. 0. 0. 1. 1. 1. 1. 0. 0. 0. 0. 0.],9.0,10000,30,0.6,10,1,9,,problem_solving
7400,0.029746264789048397,0.004643853237212701,0.4,-9.398978875583357,[0.         0.         0.         0.         0.         0.         0.         0.0105084  0.         0.         0.01642719 0.         0.         0.01161494 0.         0.         0.0104466  0.         0.01041665 0.         0.         0.         0.01080605 0.01436228 0.01713246 0.89828543 0.         0.         0.         0.         0.        ],[0. 0. 0. 0. 0. 0. 0. 1. 0. 0. 1. 0. 0. 1. 0. 0. 1. 0. 1. 0. 0. 0. 1. 1. 1. 1. 0. 0. 0. 0. 0.],9.0,10000,30,0.6,10,1,9,,problem_solving
7500,0.029746264789048397,0.004643853237212701,0.4,-18.00487874626922,[0.         0.         0.         0.         0.         0.         0.         0.0105084  0.         0.         0.01642719 0.         0.         0.01161494 0.         0.         0.0104466  0.         0.01041665 0.         0.         0.         0.01080605 0.01436228 0.01713246 0.89828543 0.         0.         0.         0.         0.        ],[0. 0. 0. 0. 0. 0. 0. 1. 0. 0. 1. 0. 0. 1. 0. 0. 1. 0. 1. 0. 0. 0. 1. 1. 1. 1. 0. 0. 0. 0. 0.],9.0,10000,30,0.6,10,1,9,,problem_solving
7600,0.029746264789048397,0.004643853237212701,0.4,-5.886316925010846,[0.         0.         0.         0.         0.         0.         0.         0.0105084  0.         0.         0.01642719 0.         0.         0.01161494 0.         0.         0.0104466  0.         0.01041665 0.         0.         0.         0.01080605 0.01436228 0.01713246 0.89828543 0.         0.         0.         0.         0.        ],[0. 0. 0. 0. 0. 0. 0. 1. 0. 0. 1. 0. 0. 1. 0. 0. 1. 0. 1. 0. 0. 0. 1. 1. 1. 1. 0. 0. 0. 0. 0.],9.0,10000,30,0.6,10,1,9,,problem_solving
7700,0.029746264789048397,0.004643853237212701,0.4,-18.276015163809706,[0.         0.         0.         0.         0.         0.         0.         0.0105084  0.         0.         0.01642719 0.         0.         0.01161494 0.         0.         0.0104466  0.         0.01041665 0.         0.         0.         0.01080605 0.01436228 0.01713246 0.89828543 0.         0.         0.         0.         0.        ],[0. 0. 0. 0. 0. 0. 0. 1. 0. 0. 1. 0. 0. 1. 0. 0. 1. 0. 1. 0. 0. 0. 1. 1. 1. 1. 0. 0. 0. 0. 0.],9.0,10000,30,0.6,10,1,9,,problem_solving
7800,0.02861148229294204,0.004796948387862718,0.4,-10.579136610121939,[0.01056437 0.         0.         0.         0.01231163 0.01061862 0.         0.01839963 0.01737602 0.         0.         0.         0.01785289 0.         0.         0.         0.         0.         0.         0.         0.         0.         0.         0.01487599 0.         0.88745537 0.         0.         0.         0.         0.01054547],[1. 0. 0. 0. 1. 1. 0. 1. 1. 0. 0. 0. 1. 0. 0. 0. 0. 0. 0. 0. 0. 0. 0. 1. 0. 1. 0. 0. 0. 0. 1.],9.0,10000,30,0.6,10,1,9,,problem_solving
7900,0.02861148229294204,0.004796948387862718,0.4,-2.3575529252009697,[0.01056437 0.         0.         0.         0.01231163 0.01061862 0.         0.01839963 0.01737602 0.         0.         0.         0.01785289 0.         0.         0.         0.         0.         0.         0.         0.         0.         0.         0.01487599 0.         0.88745537 0.         0.         0.         0.         0.01054547],[1. 0. 0. 0. 1. 1. 0. 1. 1. 0. 0. 0. 1. 0. 0. 0. 0. 0. 0. 0. 0. 0. 0. 1. 0. 1. 0. 0. 0. 0. 1.],9.0,10000,30,0.6,10,1,9,,problem_solving
8000,0.02861148229294204,0.004796948387862718,0.4,2.905801903324287,[0.01056437 0.         0.         0.         0.01231163 0.01061862 0.         0.01839963 0.01737602 0.         0.         0.         0.01785289 0.         0.         0.         0.         0.         0.         0.         0.         0.         0.         0.01487599 0.         0.88745537 0.         0.         0.         0.         0.01054547],[1. 0. 0. 0. 1. 1. 0. 1. 1. 0. 0. 0. 1. 0. 0. 0. 0. 0. 0. 0. 0. 0. 0. 1. 0. 1. 0. 0. 0. 0. 1.],9.0,10000,30,0.6,10,1,9,,problem_solving
8100,0.02861148229294204,0.004796948387862718,0.4,3.2900786154281514,[0.01056437 0.         0.         0.         0.01231163 0.01061862 0.         0.01839963 0.01737602 0.         0.         0.         0.01785289 0.         0.         0.         0.         0.         0.         0.         0.         0.         0.         0.01487599 0.         0.88745537 0.         0.         0.         0.         0.01054547],[1. 0. 0. 0. 1. 1. 0. 1. 1. 0. 0. 0. 1. 0. 0. 0. 0. 0. 0. 0. 0. 0. 0. 1. 0. 1. 0. 0. 0. 0. 1.],9.0,10000,30,0.6,10,1,9,,problem_solving
8200,0.02861148229294204,0.004796948387862718,0.4,-2.2998574674238044,[0.01056437 0.         0.         0.         0.01231163 0.01061862 0.         0.01839963 0.01737602 0.         0.         0.         0.01785289 0.         0.         0.         0.         0.         0.         0.         0.         0.         0.         0.01487599 0.         0.88745537 0.         0.         0.         0.         0.01054547],[1. 0. 0. 0. 1. 1. 0. 1. 1. 0. 0. 0. 1. 0. 0. 0. 0. 0. 0. 0. 0. 0. 0. 1. 0. 1. 0. 0. 0. 0. 1.],9.0,10000,30,0.6,10,1,9,,problem_solving
8300,0.02861148229294204,0.004796948387862718,0.4,-2.2036416625994475,[0.01056437 0.         0.         0.         0.01231163 0.01061862 0.         0.01839963 0.01737602 0.         0.         0.         0.01785289 0.         0.         0.         0.         0.         0.         0.         0.         0.         0.         0.01487599 0.         0.88745537 0.         0.         0.         0.         0.01054547],[1. 0. 0. 0. 1. 1. 0. 1. 1. 0. 0. 0. 1. 0. 0. 0. 0. 0. 0. 0. 0. 0. 0. 1. 0. 1. 0. 0. 0. 0. 1.],9.0,10000,30,0.6,10,1,9,,problem_solving
8400,0.02861148229294204,0.004796948387862718,0.4,-7.942485395361091,[0.01056437 0.         0.         0.         0.01231163 0.01061862 0.         0.01839963 0.01737602 0.         0.         0.         0.01785289 0.         0.         0.         0.         0.         0.         0.         0.         0.         0.         0.01487599 0.         0.88745537 0.         0.         0.         0.         0.01054547],[1. 0. 0. 0. 1. 1. 0. 1. 1. 0. 0. 0. 1. 0. 0. 0. 0. 0. 0. 0. 0. 0. 0. 1. 0. 1. 0. 0. 0. 0. 1.],9.0,10000,30,0.6,10,1,9,,problem_solving
8500,0.02861148229294204,0.004796948387862718,0.4,-6.500941042590985,[0.01056437 0.         0.         0.         0.01231163 0.01061862 0.         0.01839963 0.01737602 0.         0.         0.         0.01785289 0.         0.         0.         0.         0.         0.         0.         0.         0.         0.         0.01487599 0.         0.88745537 0.         0.         0.         0.         0.01054547],[1. 0. 0. 0. 1. 1. 0. 1. 1. 0. 0. 0. 1. 0. 0. 0. 0. 0. 0. 0. 0. 0. 0. 1. 0. 1. 0. 0. 0. 0. 1.],9.0,10000,30,0.6,10,1,9,,problem_solving
8600,0.02861148229294204,0.004796948387862718,0.4,2.7698300550359063,[0.01056437 0.         0.         0.         0.01231163 0.01061862 0.         0.01839963 0.01737602 0.         0.         0.         0.01785289 0.         0.         0.         0.         0.         0.         0.         0.         0.         0.         0.01487599 0.         0.88745537 0.         0.         0.         0.         0.01054547],[1. 0. 0. 0. 1. 1. 0. 1. 1. 0. 0. 0. 1. 0. 0. 0. 0. 0. 0. 0. 0. 0. 0. 1. 0. 1. 0. 0. 0. 0. 1.],9.0,10000,30,0.6,10,1,9,,problem_solving
8700,0.02861148229294204,0.004796948387862718,0.4,6.8497916336246565,[0.01056437 0.         0.         0.         0.01231163 0.01061862 0.         0.01839963 0.01737602 0.         0.         0.         0.01785289 0.         0.         0.         0.         0.         0.         0.         0.         0.         0.         0.01487599 0.         0.88745537 0.         0.         0.         0.         0.01054547],[1. 0. 0. 0. 1. 1. 0. 1. 1. 0. 0. 0. 1. 0. 0. 0. 0. 0. 0. 0. 0. 0. 0. 1. 0. 1. 0. 0. 0. 0. 1.],9.0,10000,30,0.6,10,1,9,,problem_solving
8800,0.02861148229294204,0.004796948387862718,0.4,9.958803102706979,[0.01056437 0.         0.         0.         0.01231163 0.01061862 0.         0.01839963 0.01737602 0.         0.         0.         0.01785289 0.         0.         0.         0.         0.         0.         0.         0.         0.         0.         0.01487599 0.         0.88745537 0.         0.         0.         0.         0.01054547],[1. 0. 0. 0. 1. 1. 0. 1. 1. 0. 0. 0. 1. 0. 0. 0. 0. 0. 0. 0. 0. 0. 0. 1. 0. 1. 0. 0. 0. 0. 1.],9.0,10000,30,0.6,10,1,9,,problem_solving
8900,0.02861148229294204,0.004796948387862718,0.4,-9.053685229743907,[0.01056437 0.         0.         0.         0.01231163 0.01061862 0.         0.01839963 0.01737602 0.         0.         0.         0.01785289 0.         0.         0.         0.         0.         0.         0.         0.         0.         0.         0.01487599 0.         0.88745537 0.         0.         0.         0.         0.01054547],[1. 0. 0. 0. 1. 1. 0. 1. 1. 0. 0. 0. 1. 0. 0. 0. 0. 0. 0. 0. 0. 0. 0. 1. 0. 1. 0. 0. 0. 0. 1.],9.0,10000,30,0.6,10,1,9,,problem_solving
9000,0.02861148229294204,0.004796948387862718,0.4,18.956283873902798,[0.01056437 0.         0.         0.         0.01231163 0.01061862 0.         0.01839963 0.01737602 0.         0.         0.         0.01785289 0.         0.         0.         0.         0.         0.         0.         0.         0.         0.         0.01487599 0.         0.88745537 0.         0.         0.         0.         0.01054547],[1. 0. 0. 0. 1. 1. 0. 1. 1. 0. 0. 0. 1. 0. 0. 0. 0. 0. 0. 0. 0. 0. 0. 1. 0. 1. 0. 0. 0. 0. 1.],9.0,10000,30,0.6,10,1,9,,problem_solving
9100,0.02861148229294204,0.004796948387862718,0.4,7.687539903926019,[0.01056437 0.         0.         0.         0.01231163 0.01061862 0.         0.01839963 0.01737602 0.         0.         0.         0.01785289 0.         0.         0.         0.         0.         0.         0.         0.         0.         0.         0.01487599 0.         0.88745537 0.         0.         0.         0.         0.01054547],[1. 0. 0. 0. 1. 1. 0. 1. 1. 0. 0. 0. 1. 0. 0. 0. 0. 0. 0. 0. 0. 0. 0. 1. 0. 1. 0. 0. 0. 0. 1.],9.0,10000,30,0.6,10,1,9,,problem_solving
9200,0.02861148229294204,0.004796948387862718,0.4,-0.48849639457127886,[0.01056437 0.         0.         0.         0.01231163 0.01061862 0.         0.01839963 0.01737602 0.         0.         0.         0.01785289 0.         0.         0.         0.         0.         0.         0.         0.         0.         0.         0.01487599 0.         0.88745537 0.         0.         0.         0.         0.01054547],[1. 0. 0. 0. 1. 1. 0. 1. 1. 0. 0. 0. 1. 0. 0. 0. 0. 0. 0. 0. 0. 0. 0. 1. 0. 1. 0. 0. 0. 0. 1.],9.0,10000,30,0.6,10,1,9,,problem_solving
9300,0.02861148229294204,0.004796948387862718,0.4,1.4018873290201619,[0.01056437 0.         0.         0.         0.01231163 0.01061862 0.         0.01839963 0.01737602 0.         0.         0.         0.01785289 0.         0.         0.         0.         0.         0.         0.         0.         0.         0.         0.01487599 0.         0.88745537 0.         0.         0.         0.         0.01054547],[1. 0. 0. 0. 1. 1. 0. 1. 1. 0. 0. 0. 1. 0. 0. 0. 0. 0. 0. 0. 0. 0. 0. 1. 0. 1. 0. 0. 0. 0. 1.],9.0,10000,30,0.6,10,1,9,,problem_solving
9400,0.02861148229294204,0.004796948387862718,0.4,8.388881020731906,[0.01056437 0.         0.         0.         0.01231163 0.01061862 0.         0.01839963 0.01737602 0.         0.         0.         0.01785289 0.         0.         0.         0.         0.         0.         0.         0.         0.         0.         0.01487599 0.         0.88745537 0.         0.         0.         0.         0.01054547],[1. 0. 0. 0. 1. 1. 0. 1. 1. 0. 0. 0. 1. 0. 0. 0. 0. 0. 0. 0. 0. 0. 0. 1. 0. 1. 0. 0. 0. 0. 1.],9.0,10000,30,0.6,10,1,9,,problem_solving
9500,0.02861148229294204,0.004796948387862718,0.4,10.623072422629678,[0.01056437 0.         0.         0.         0.01231163 0.01061862 0.         0.01839963 0.01737602 0.         0.         0.         0.01785289 0.         0.         0.         0.         0.         0.         0.         0.         0.         0.         0.01487599 0.         0.88745537 0.         0.         0.         0.         0.01054547],[1. 0. 0. 0. 1. 1. 0. 1. 1. 0. 0. 0. 1. 0. 0. 0. 0. 0. 0. 0. 0. 0. 0. 1. 0. 1. 0. 0. 0. 0. 1.],9.0,10000,30,0.6,10,1,9,,problem_solving
9600,0.02861148229294204,0.004796948387862718,0.4,20.758599558302006,[0.01056437 0.         0.         0.         0.01231163 0.01061862 0.         0.01839963 0.01737602 0.         0.         0.         0.01785289 0.         0.         0.         0.         0.         0.         0.         0.         0.         0.         0.01487599 0.         0.88745537 0.         0.         0.         0.         0.01054547],[1. 0. 0. 0. 1. 1. 0. 1. 1. 0. 0. 0. 1. 0. 0. 0. 0. 0. 0. 0. 0. 0. 0. 1. 0. 1. 0. 0. 0. 0. 1.],9.0,10000,30,0.6,10,1,9,,problem_solving
9700,0.02861148229294204,0.004796948387862718,0.4,-22.36498301448846,[0.01056437 0.         0.         0.         0.01231163 0.01061862 0.         0.01839963 0.01737602 0.         0.         0.         0.01785289 0.         0.         0.         0.         0.         0.         0.         0.         0.         0.         0.01487599 0.         0.88745537 0.         0.         0.         0.         0.01054547],[1. 0. 0. 0. 1. 1. 0. 1. 1. 0. 0. 0. 1. 0. 0. 0. 0. 0. 0. 0. 0. 0. 0. 1. 0. 1. 0. 0. 0. 0. 1.],9.0,10000,30,0.6,10,1,9,,problem_solving
9800,0.02861148229294204,0.004796948387862718,0.4,2.4810268053968922,[0.01056437 0.         0.         0.         0.01231163 0.01061862 0.         0.01839963 0.01737602 0.         0.         0.         0.01785289 0.         0.         0.         0.         0.         0.         0.         0.         0.         0.         0.01487599 0.         0.88745537 0.         0.         0.         0.         0.01054547],[1. 0. 0. 0. 1. 1. 0. 1. 1. 0. 0. 0. 1. 0. 0. 0. 0. 0. 0. 0. 0. 0. 0. 1. 0. 1. 0. 0. 0. 0. 1.],9.0,10000,30,0.6,10,1,9,,problem_solving
9900,0.02861148229294204,0.004796948387862718,0.4,3.4917271934982996,[0.01056437 0.         0.         0.         0.01231163 0.01061862 0.         0.01839963 0.01737602 0.         0.         0.         0.01785289 0.         0.         0.         0.         0.         0.         0.         0.         0.         0.         0.01487599 0.         0.88745537 0.         0.         0.         0.         0.01054547],[1. 0. 0. 0. 1. 1. 0. 1. 1. 0. 0. 0. 1. 0. 0. 0. 0. 0. 0. 0. 0. 0. 0. 1. 0. 1. 0. 0. 0. 0. 1.],9.0,10000,30,0.6,10,1,9,,problem_solving
9999,0.02861148229294204,0.004796948387862718,0.4,-4.908479833181526,[0.01056437 0.         0.         0.         0.01231163 0.01061862 0.         0.01839963 0.01737602 0.         0.         0.         0.01785289 0.         0.         0.         0.         0.         0.         0.         0.         0.         0.         0.01487599 0.         0.88745537 0.         0.         0.         0.         0.01054547],[1. 0. 0. 0. 1. 1. 0. 1. 1. 0. 0. 0. 1. 0. 0. 0. 0. 0. 0. 0. 0. 0. 0. 1. 0. 1. 0. 0. 0. 0. 1.],9.0,10000,30,0.6,10,1,9,,problem_solving
