iter,cost,return,par,move,X,Z,Q,max_iter,mem_size,mem_consider,sigma,port_n,k,seed,tag
1,0.13241169678639858,0.0029232135018277057,0.4,-7.987050902699374,[0.         0.         0.         0.         0.         0.         0.         0.         0.         0.         0.         0.01579431 0.         0.         0.         0.         0.         0.         0.         0.         0.         0.         0.         0.02382945 0.         0.93528047 0.01431957 0.         0.         0.01077621 0.        ],[0. 0. 0. 0. 0. 0. 0. 0. 0. 0. 0. 1. 0. 0. 0. 0. 0. 0. 0. 0. 0. 0. 0. 1. 0. 1. 1. 0. 0. 1. 0.],5.0,10000,30,0.6,10,1,5,,problem_solving
100,0.02909434692770792,0.004598307331696081,0.4,-6.302902041261127,[0.         0.01283154 0.         0.         0.         0.         0.         0.         0.         0.         0.         0.         0.         0.01942383 0.         0.01886974 0.         0.         0.         0.         0.         0.         0.         0.01716828 0.         0.         0.         0.9317066  0.         0.         0.        ],[0. 1. 0. 0. 0. 0. 0. 0. 0. 0. 0. 0. 0. 1. 0. 1. 0. 0. 0. 0. 0. 0. 0. 1. 0. 0. 0. 1. 0. 0. 0.],5.0,10000,30,0.6,10,1,5,,problem_solving
200,0.021141524494923018,0.004616816767662378,0.4,15.046767415209985,[0.02349212 0.01633734 0.         0.         0.         0.01693161 0.         0.         0.         0.         0.         0.         0.         0.         0.         0.         0.         0.         0.         0.         0.         0.01129114 0.         0.         0.         0.93194779 0.         0.         0.         0.         0.        ],[1. 1. 0. 0. 0. 1. 0. 0. 0. 0. 0. 0. 0. 0. 0. 0. 0. 0. 0. 0. 0. 1. 0. 0. 0. 1. 0. 0. 0. 0. 0.],5.0,10000,30,0.6,10,1,5,,problem_solving
300,0.021141524494923018,0.004616816767662378,0.4,9.747068694993589,[0.02349212 0.01633734 0.         0.         0.         0.01693161 0.         0.         0.         0.         0.         0.         0.         0.         0.         0.         0.         0.         0.         0.         0.         0.01129114 0.         0.         0.         0.93194779 0.         0.         0.         0.         0.        ],[1. 1. 0. 0. 0. 1. 0. 0. 0. 0. 0. 0. 0. 0. 0. 0. 0. 0. 0. 0. 0. 1. 0. 0. 0. 1. 0. 0. 0. 0. 0.],5.0,10000,30,0.6,10,1,5,,problem_solving
400,0.021141524494923018,0.004616816767662378,0.4,4.874395154725651,[0.02349212 0.01633734 0.         0.         0.         0.01693161 0.         0.         0.         0.         0.         0.         0.         0.         0.         0.         0.         0.         0.         0.         0.         0.01129114 0.         0.         0.         0.93194779 0.         0.         0.         0.         0.        ],[1. 1. 0. 0. 0. 1. 0. 0. 0. 0. 0. 0. 0. 0. 0. 0. 0. 0. 0. 0. 0. 1. 0. 0. 0. 1. 0. 0. 0. 0. 0.],5.0,10000,30,0.6,10,1,5,,problem_solving
500,0.021141524494923018,0.004616816767662378,0.4,-5.6667220232319915,[0.02349212 0.01633734 0.         0.         0.         0.01693161 0.         0.         0.         0.         0.         0.         0.         0.         0.         0.         0.         0.         0.         0.         0.         0.01129114 0.         0.         0.         0.93194779 0.         0.         0.         0.         0.        ],[1. 1. 0. 0. 0. 1. 0. 0. 0. 0. 0. 0. 0. 0. 0. 0. 0. 0. 0. 0. 0. 1. 0. 0. 0. 1. 0. 0. 0. 0. 0.],5.0,10000,30,0.6,10,1,5,,problem_solving
600,0.021141524494923018,0.004616816767662378,0.4,-1.9049657049312387,[0.02349212 0.01633734 0.         0.         0.         0.01693161 0.         0.         0.         0.         0.         0.         0.         0.         0.         0.         0.         0.         0.         0.         0.         0.01129114 0.         0.         0.         0.93194779 0.         0.         0.         0.         0.        ],[1. 1. 0. 0. 0. 1. 0. 0. 0. 0. 0. 0. 0. 0. 0. 0. 0. 0. 0. 0. 0. 1. 0. 0. 0. 1. 0. 0. 0. 0. 0.],5.0,10000,30,0.6,10,1,5,,problem_solving
700,0.021141524494923018,0.004616816767662378,0.4,-3.677996943883363,[0.02349212 0.01633734 0.         0.         0.         0.01693161 0.         0.         0.         0.         0.         0.         0.         0.         0.         0.         0.         0.         0.         0.         0.         0.01129114 0.         0.         0.         0.93194779 0.         0.         0.         0.         0.        ],[1. 1. 0. 0. 0. 1. 0. 0. 0. 0. 0. 0. 0. 0. 0. 0. 0. 0. 0. 0. 0. 1. 0. 0. 0. 1. 0. 0. 0. 0. 0.],5.0,10000,30,0.6,10,1,5,,problem_solving
800,0.021141524494923018,0.004616816767662378,0.4,1.2789903741144457,[0.02349212 0.01633734 0.         0.         0.         0.01693161 0.         0.         0.         0.         0.         0.         0.         0.         0.         0.         0.         0.         0.         0.         0.         0.01129114 0.         0.         0.         0.93194779 0.         0.         0.         0.         0.        ],[1. 1. 0. 0. 0. 1. 0. 0. 0. 0. 0. 0. 0. 0. 0. 0. 0. 0. 0. 0. 0. 1. 0. 0. 0. 1. 0. 0. 0. 0. 0.],5.0,10000,30,0.6,10,1,5,,problem_solving
900,0.021141524494923018,0.004616816767662378,0.4,17.818767571305557,[0.02349212 0.01633734 0.         0.         0.         0.01693161 0.         0.         0.         0.         0.         0.         0.         0.         0.         0.         0.         0.         0.         0.         0.         0.01129114 0.         0.         0.         0.93194779 0.         0.         0.         0.         0.        ],[1. 1. 0. 0. 0. 1. 0. 0. 0. 0. 0. 0. 0. 0. 0. 0. 0. 0. 0. 0. 0. 1. 0. 0. 0. 1. 0. 0. 0. 0. 0.],5.0,10000,30,0.6,10,1,5,,problem_solving
1000,0.020098689008132296,0.0024239580966999496,0.4,-6.721308691077237,[0.01121602 0.01204529 0.         0.         0.         0.         0.         0.         0.         0.         0.         0.         0.03466655 0.         0.         0.         0.         0.         0.         0.         0.         0.         0.         0.         0.         0.         0.         0.92349267 0.         0.         0.01857947],[1. 1. 0. 0. 0. 0. 0. 0. 0. 0. 0. 0. 1. 0. 0. 0. 0. 0. 0. 0. 0. 0. 0. 0. 0. 0. 0. 1. 0. 0. 1.],5.0,10000,30,0.6,10,1,5,,problem_solving
1100,0.020098689008132296,0.0024239580966999496,0.4,-0.36693544017034496,[0.01121602 0.01204529 0.         0.         0.         0.         0.         0.         0.         0.         0.         0.         0.03466655 0.         0.         0.         0.         0.         0.         0.         0.         0.         0.         0.         0.         0.         0.         0.92349267 0.         0.         0.01857947],[1. 1. 0. 0. 0. 0. 0. 0. 0. 0. 0. 0. 1. 0. 0. 0. 0. 0. 0. 0. 0. 0. 0. 0. 0. 0. 0. 1. 0. 0. 1.],5.0,10000,30,0.6,10,1,5,,problem_solving
1200,0.020098689008132296,0.0024239580966999496,0.4,-4.618540934397207,[0.01121602 0.01204529 0.         0.         0.         0.         0.         0.         0.         0.         0.         0.         0.03466655 0.         0.         0.         0.         0.         0.         0.         0.         0.         0.         0.         0.         0.         0.         0.92349267 0.         0.         0.01857947],[1. 1. 0. 0. 0. 0. 0. 0. 0. 0. 0. 0. 1. 0. 0. 0. 0. 0. 0. 0. 0. 0. 0. 0. 0. 0. 0. 1. 0. 0. 1.],5.0,10000,30,0.6,10,1,5,,problem_solving
1300,0.020098689008132296,0.0024239580966999496,0.4,-5.353039542814734,[0.01121602 0.01204529 0.         0.         0.         0.         0.         0.         0.         0.         0.         0.         0.03466655 0.         0.         0.         0.         0.         0.         0.         0.         0.         0.         0.         0.         0.         0.         0.92349267 0.         0.         0.01857947],[1. 1. 0. 0. 0. 0. 0. 0. 0. 0. 0. 0. 1. 0. 0. 0. 0. 0. 0. 0. 0. 0. 0. 0. 0. 0. 0. 1. 0. 0. 1.],5.0,10000,30,0.6,10,1,5,,problem_solving
1400,0.020098689008132296,0.0024239580966999496,0.4,3.4554518409625237,[0.01121602 0.01204529 0.         0.         0.         0.         0.         0.         0.         0.         0.         0.         0.03466655 0.         0.         0.         0.         0.         0.         0.         0.         0.         0.         0.         0.         0.         0.         0.92349267 0.         0.         0.01857947],[1. 1. 0. 0. 0. 0. 0. 0. 0. 0. 0. 0. 1. 0. 0. 0. 0. 0. 0. 0. 0. 0. 0. 0. 0. 0. 0. 1. 0. 0. 1.],5.0,10000,30,0.6,10,1,5,,problem_solving
1500,0.020098689008132296,0.0024239580966999496,0.4,-5.710095168440867,[0.01121602 0.01204529 0.         0.         0.         0.         0.         0.         0.         0.         0.         0.         0.03466655 0.         0.         0.         0.         0.         0.         0.         0.         0.         0.         0.         0.         0.         0.         0.92349267 0.         0.         0.01857947],[1. 1. 0. 0. 0. 0. 0. 0. 0. 0. 0. 0. 1. 0. 0. 0. 0. 0. 0. 0. 0. 0. 0. 0. 0. 0. 0. 1. 0. 0. 1.],5.0,10000,30,0.6,10,1,5,,problem_solving
1600,0.020098689008132296,0.0024239580966999496,0.4,14.17733741176039,[0.01121602 0.01204529 0.         0.         0.         0.         0.         0.         0.         0.         0.         0.         0.03466655 0.         0.         0.         0.         0.         0.         0.         0.         0.         0.         0.         0.         0.         0.         0.92349267 0.         0.         0.01857947],[1. 1. 0. 0. 0. 0. 0. 0. 0. 0. 0. 0. 1. 0. 0. 0. 0. 0. 0. 0. 0. 0. 0. 0. 0. 0. 0. 1. 0. 0. 1.],5.0,10000,30,0.6,10,1,5,,problem_solving
1700,0.018793127386192043,0.002474022566226982,0.4,8.815924378449552,[0.         0.         0.01574312 0.         0.02336549 0.         0.         0.         0.         0.         0.         0.         0.         0.         0.         0.         0.         0.02052779 0.         0.         0.         0.02150436 0.         0.         0.         0.         0.         0.91885924 0.         0.         0.        ],[0. 0. 1. 0. 1. 0. 0. 0. 0. 0. 0. 0. 0. 0. 0. 0. 0. 1. 0. 0. 0. 1. 0. 0. 0. 0. 0. 1. 0. 0. 0.],5.0,10000,30,0.6,10,1,5,,problem_solving
1800,0.018793127386192043,0.002474022566226982,0.4,8.323310075060522,[0.         0.         0.01574312 0.         0.02336549 0.         0.         0.         0.         0.         0.         0.         0.         0.         0.         0.         0.         0.02052779 0.         0.         0.         0.02150436 0.         0.         0.         0.         0.         0.91885924 0.         0.         0.        ],[0. 0. 1. 0. 1. 0. 0. 0. 0. 0. 0. 0. 0. 0. 0. 0. 0. 1. 0. 0. 0. 1. 0. 0. 0. 0. 0. 1. 0. 0. 0.],5.0,10000,30,0.6,10,1,5,,problem_solving
1900,0.018793127386192043,0.002474022566226982,0.4,2.828082854290378,[0.         0.         0.01574312 0.         0.02336549 0.         0.         0.         0.         0.         0.         0.         0.         0.         0.         0.         0.         0.02052779 0.         0.         0.         0.02150436 0.         0.         0.         0.         0.         0.91885924 0.         0.         0.        ],[0. 0. 1. 0. 1. 0. 0. 0. 0. 0. 0. 0. 0. 0. 0. 0. 0. 1. 0. 0. 0. 1. 0. 0. 0. 0. 0. 1. 0. 0. 0.],5.0,10000,30,0.6,10,1,5,,problem_solving
2000,0.018793127386192043,0.002474022566226982,0.4,-2.985088159371587,[0.         0.         0.01574312 0.         0.02336549 0.         0.         0.         0.         0.         0.         0.         0.         0.         0.         0.         0.         0.02052779 0.         0.         0.         0.02150436 0.         0.         0.         0.         0.         0.91885924 0.         0.         0.        ],[0. 0. 1. 0. 1. 0. 0. 0. 0. 0. 0. 0. 0. 0. 0. 0. 0. 1. 0. 0. 0. 1. 0. 0. 0. 0. 0. 1. 0. 0. 0.],5.0,10000,30,0.6,10,1,5,,problem_solving
2100,0.013402481422437565,0.0025398295222780138,0.4,-3.4540581300150413,[0.         0.         0.         0.         0.01103159 0.01123562 0.         0.         0.         0.         0.         0.         0.         0.01107195 0.         0.         0.         0.         0.         0.         0.         0.         0.         0.         0.         0.04066424 0.         0.9259966  0.         0.         0.        ],[0. 0. 0. 0. 1. 1. 0. 0. 0. 0. 0. 0. 0. 1. 0. 0. 0. 0. 0. 0. 0. 0. 0. 0. 0. 1. 0. 1. 0. 0. 0.],5.0,10000,30,0.6,10,1,5,,problem_solving
2200,0.013402481422437565,0.0025398295222780138,0.4,-11.624334387203044,[0.         0.         0.         0.         0.01103159 0.01123562 0.         0.         0.         0.         0.         0.         0.         0.01107195 0.         0.         0.         0.         0.         0.         0.         0.         0.         0.         0.         0.04066424 0.         0.9259966  0.         0.         0.        ],[0. 0. 0. 0. 1. 1. 0. 0. 0. 0. 0. 0. 0. 1. 0. 0. 0. 0. 0. 0. 0. 0. 0. 0. 0. 1. 0. 1. 0. 0. 0.],5.0,10000,30,0.6,10,1,5,,problem_solving
2300,0.013402481422437565,0.0025398295222780138,0.4,16.366911276361744,[0.         0.         0.         0.         0.01103159 0.01123562 0.         0.         0.         0.         0.         0.         0.         0.01107195 0.         0.         0.         0.         0.         0.         0.         0.         0.         0.         0.         0.04066424 0.         0.9259966  0.         0.         0.        ],[0. 0. 0. 0. 1. 1. 0. 0. 0. 0. 0. 0. 0. 1. 0. 0. 0. 0. 0. 0. 0. 0. 0. 0. 0. 1. 0. 1. 0. 0. 0.],5.0,10000,30,0.6,10,1,5,,problem_solving
2400,0.013402481422437565,0.0025398295222780138,0.4,-3.3022811984369045,[0.         0.         0.         0.         0.01103159 0.01123562 0.         0.         0.         0.         0.         0.         0.         0.01107195 0.         0.         0.         0.         0.         0.         0.         0.         0.         0.         0.         0.04066424 0.         0.9259966  0.         0.         0.        ],[0. 0. 0. 0. 1. 1. 0. 0. 0. 0. 0. 0. 0. 1. 0. 0. 0. 0. 0. 0. 0. 0. 0. 0. 0. 1. 0. 1. 0. 0. 0.],5.0,10000,30,0.6,10,1,5,,problem_solving
2500,0.013402481422437565,0.0025398295222780138,0.4,-5.149321398784604,[0.         0.         0.         0.         0.01103159 0.01123562 0.         0.         0.         0.         0.         0.         0.         0.01107195 0.         0.         0.         0.         0.         0.         0.         0.         0.         0.         0.         0.04066424 0.         0.9259966  0.         0.         0.        ],[0. 0. 0. 0. 1. 1. 0. 0. 0. 0. 0. 0. 0. 1. 0. 0. 0. 0. 0. 0. 0. 0. 0. 0. 0. 1. 0. 1. 0. 0. 0.],5.0,10000,30,0.6,10,1,5,,problem_solving
2600,0.013402481422437565,0.0025398295222780138,0.4,-6.609054686824551,[0.         0.         0.         0.         0.01103159 0.01123562 0.         0.         0.         0.         0.         0.         0.         0.01107195 0.         0.         0.         0.         0.         0.         0.         0.         0.         0.         0.         0.04066424 0.         0.9259966  0.         0.         0.        ],[0. 0. 0. 0. 1. 1. 0. 0. 0. 0. 0. 0. 0. 1. 0. 0. 0. 0. 0. 0. 0. 0. 0. 0. 0. 1. 0. 1. 0. 0. 0.],5.0,10000,30,0.6,10,1,5,,problem_solving
2700,0.013402481422437565,0.0025398295222780138,0.4,10.675708941989793,[0.         0.         0.         0.         0.01103159 0.01123562 0.         0.         0.         0.         0.         0.         0.         0.01107195 0.         0.         0.         0.         0.         0.         0.         0.         0.         0.         0.         0.04066424 0.         0.9259966  0.         0.         0.        ],[0. 0. 0. 0. 1. 1. 0. 0. 0. 0. 0. 0. 0. 1. 0. 0. 0. 0. 0. 0. 0. 0. 0. 0. 0. 1. 0. 1. 0. 0. 0.],5.0,10000,30,0.6,10,1,5,,problem_solving
2800,0.013402481422437565,0.0025398295222780138,0.4,-8.244530415195932,[0.         0.         0.         0.         0.01103159 0.01123562 0.         0.         0.         0.         0.         0.         0.         0.01107195 0.         0.         0.         0.         0.         0.         0.         0.         0.         0.         0.         0.04066424 0.         0.9259966  0.         0.         0.        ],[0. 0. 0. 0. 1. 1. 0. 0. 0. 0. 0. 0. 0. 1. 0. 0. 0. 0. 0. 0. 0. 0. 0. 0. 0. 1. 0. 1. 0. 0. 0.],5.0,10000,30,0.6,10,1,5,,problem_solving
2900,0.013402481422437565,0.0025398295222780138,0.4,9.532427292068196,[0.         0.         0.         0.         0.01103159 0.01123562 0.         0.         0.         0.         0.         0.         0.         0.01107195 0.         0.         0.         0.         0.         0.         0.         0.         0.         0.         0.         0.04066424 0.         0.9259966  0.         0.         0.        ],[0. 0. 0. 0. 1. 1. 0. 0. 0. 0. 0. 0. 0. 1. 0. 0. 0. 0. 0. 0. 0. 0. 0. 0. 0. 1. 0. 1. 0. 0. 0.],5.0,10000,30,0.6,10,1,5,,problem_solving
3000,0.013402481422437565,0.0025398295222780138,0.4,-9.646575946936085,[0.         0.         0.         0.         0.01103159 0.01123562 0.         0.         0.         0.         0.         0.         0.         0.01107195 0.         0.         0.         0.         0.         0.         0.         0.         0.         0.         0.         0.04066424 0.         0.9259966  0.         0.         0.        ],[0. 0. 0. 0. 1. 1. 0. 0. 0. 0. 0. 0. 0. 1. 0. 0. 0. 0. 0. 0. 0. 0. 0. 0. 0. 1. 0. 1. 0. 0. 0.],5.0,10000,30,0.6,10,1,5,,problem_solving
3100,0.013402481422437565,0.0025398295222780138,0.4,6.902654633264219,[0.         0.         0.         0.         0.01103159 0.01123562 0.         0.         0.         0.         0.         0.         0.         0.01107195 0.         0.         0.         0.         0.         0.         0.         0.         0.         0.         0.         0.04066424 0.         0.9259966  0.         0.         0.        ],[0. 0. 0. 0. 1. 1. 0. 0. 0. 0. 0. 0. 0. 1. 0. 0. 0. 0. 0. 0. 0. 0. 0. 0. 0. 1. 0. 1. 0. 0. 0.],5.0,10000,30,0.6,10,1,5,,problem_solving
3200,0.013402481422437565,0.0025398295222780138,0.4,-11.051773744359043,[0.         0.         0.         0.         0.01103159 0.01123562 0.         0.         0.         0.         0.         0.         0.         0.01107195 0.         0.         0.         0.         0.         0.         0.         0.         0.         0.         0.         0.04066424 0.         0.9259966  0.         0.         0.        ],[0. 0. 0. 0. 1. 1. 0. 0. 0. 0. 0. 0. 0. 1. 0. 0. 0. 0. 0. 0. 0. 0. 0. 0. 0. 1. 0. 1. 0. 0. 0.],5.0,10000,30,0.6,10,1,5,,problem_solving
3300,0.013402481422437565,0.0025398295222780138,0.4,13.184235662257,[0.         0.         0.         0.         0.01103159 0.01123562 0.         0.         0.         0.         0.         0.         0.         0.01107195 0.         0.         0.         0.         0.         0.         0.         0.         0.         0.         0.         0.04066424 0.         0.9259966  0.         0.         0.        ],[0. 0. 0. 0. 1. 1. 0. 0. 0. 0. 0. 0. 0. 1. 0. 0. 0. 0. 0. 0. 0. 0. 0. 0. 0. 1. 0. 1. 0. 0. 0.],5.0,10000,30,0.6,10,1,5,,problem_solving
3400,0.013402481422437565,0.0025398295222780138,0.4,-3.258182922903101,[0.         0.         0.         0.         0.01103159 0.01123562 0.         0.         0.         0.         0.         0.         0.         0.01107195 0.         0.         0.         0.         0.         0.         0.         0.         0.         0.         0.         0.04066424 0.         0.9259966  0.         0.         0.        ],[0. 0. 0. 0. 1. 1. 0. 0. 0. 0. 0. 0. 0. 1. 0. 0. 0. 0. 0. 0. 0. 0. 0. 0. 0. 1. 0. 1. 0. 0. 0.],5.0,10000,30,0.6,10,1,5,,problem_solving
3500,0.013402481422437565,0.0025398295222780138,0.4,-6.36028682646144,[0.         0.         0.         0.         0.01103159 0.01123562 0.         0.         0.         0.         0.         0.         0.         0.01107195 0.         0.         0.         0.         0.         0.         0.         0.         0.         0.         0.         0.04066424 0.         0.9259966  0.         0.         0.        ],[0. 0. 0. 0. 1. 1. 0. 0. 0. 0. 0. 0. 0. 1. 0. 0. 0. 0. 0. 0. 0. 0. 0. 0. 0. 1. 0. 1. 0. 0. 0.],5.0,10000,30,0.6,10,1,5,,problem_solving
3600,0.013402481422437565,0.0025398295222780138,0.4,-8.855797819900012,[0.         0.         0.         0.         0.01103159 0.01123562 0.         0.         0.         0.         0.         0.         0.         0.01107195 0.         0.         0.         0.         0.         0.         0.         0.         0.         0.         0.         0.04066424 0.         0.9259966  0.         0.         0.        ],[0. 0. 0. 0. 1. 1. 0. 0. 0. 0. 0. 0. 0. 1. 0. 0. 0. 0. 0. 0. 0. 0. 0. 0. 0. 1. 0. 1. 0. 0. 0.],5.0,10000,30,0.6,10,1,5,,problem_solving
3700,0.013402481422437565,0.0025398295222780138,0.4,-0.6179167035185047,[0.         0.         0.         0.         0.01103159 0.01123562 0.         0.         0.         0.         0.         0.         0.         0.01107195 0.         0.         0.         0.         0.         0.         0.         0.         0.         0.         0.         0.04066424 0.         0.9259966  0.         0.         0.        ],[0. 0. 0. 0. 1. 1. 0. 0. 0. 0. 0. 0. 0. 1. 0. 0. 0. 0. 0. 0. 0. 0. 0. 0. 0. 1. 0. 1. 0. 0. 0.],5.0,10000,30,0.6,10,1,5,,problem_solving
3800,0.013402481422437565,0.0025398295222780138,0.4,1.697373738024683,[0.         0.         0.         0.         0.01103159 0.01123562 0.         0.         0.         0.         0.         0.         0.         0.01107195 0.         0.         0.         0.         0.         0.         0.         0.         0.         0.         0.         0.04066424 0.         0.9259966  0.         0.         0.        ],[0. 0. 0. 0. 1. 1. 0. 0. 0. 0. 0. 0. 0. 1. 0. 0. 0. 0. 0. 0. 0. 0. 0. 0. 0. 1. 0. 1. 0. 0. 0.],5.0,10000,30,0.6,10,1,5,,problem_solving
3900,0.013402481422437565,0.0025398295222780138,0.4,17.575631551756228,[0.         0.         0.         0.         0.01103159 0.01123562 0.         0.         0.         0.         0.         0.         0.         0.01107195 0.         0.         0.         0.         0.         0.         0.         0.         0.         0.         0.         0.04066424 0.         0.9259966  0.         0.         0.        ],[0. 0. 0. 0. 1. 1. 0. 0. 0. 0. 0. 0. 0. 1. 0. 0. 0. 0. 0. 0. 0. 0. 0. 0. 0. 1. 0. 1. 0. 0. 0.],5.0,10000,30,0.6,10,1,5,,problem_solving
4000,0.013402481422437565,0.0025398295222780138,0.4,-4.549164114270761,[0.         0.         0.         0.         0.01103159 0.01123562 0.         0.         0.         0.         0.         0.         0.         0.01107195 0.         0.         0.         0.         0.         0.         0.         0.         0.         0.         0.         0.04066424 0.         0.9259966  0.         0.         0.        ],[0. 0. 0. 0. 1. 1. 0. 0. 0. 0. 0. 0. 0. 1. 0. 0. 0. 0. 0. 0. 0. 0. 0. 0. 0. 1. 0. 1. 0. 0. 0.],5.0,10000,30,0.6,10,1,5,,problem_solving
4100,0.013402481422437565,0.0025398295222780138,0.4,-7.0655002256390045,[0.         0.         0.         0.         0.01103159 0.01123562 0.         0.         0.         0.         0.         0.         0.         0.01107195 0.         0.         0.         0.         0.         0.         0.         0.         0.         0.         0.         0.04066424 0.         0.9259966  0.         0.         0.        ],[0. 0. 0. 0. 1. 1. 0. 0. 0. 0. 0. 0. 0. 1. 0. 0. 0. 0. 0. 0. 0. 0. 0. 0. 0. 1. 0. 1. 0. 0. 0.],5.0,10000,30,0.6,10,1,5,,problem_solving
4200,0.013402481422437565,0.0025398295222780138,0.4,-2.3464494852240145,[0.         0.         0.         0.         0.01103159 0.01123562 0.         0.         0.         0.         0.         0.         0.         0.01107195 0.         0.         0.         0.         0.         0.         0.         0.         0.         0.         0.         0.04066424 0.         0.9259966  0.         0.         0.        ],[0. 0. 0. 0. 1. 1. 0. 0. 0. 0. 0. 0. 0. 1. 0. 0. 0. 0. 0. 0. 0. 0. 0. 0. 0. 1. 0. 1. 0. 0. 0.],5.0,10000,30,0.6,10,1,5,,problem_solving
4300,0.013402481422437565,0.0025398295222780138,0.4,-0.6991401189339768,[0.         0.         0.         0.         0.01103159 0.01123562 0.         0.         0.         0.         0.         0.         0.         0.01107195 0.         0.         0.         0.         0.         0.         0.         0.         0.         0.         0.         0.04066424 0.         0.9259966  0.         0.         0.        ],[0. 0. 0. 0. 1. 1. 0. 0. 0. 0. 0. 0. 0. 1. 0. 0. 0. 0. 0. 0. 0. 0. 0. 0. 0. 1. 0. 1. 0. 0. 0.],5.0,10000,30,0.6,10,1,5,,problem_solving
4400,0.013402481422437565,0.0025398295222780138,0.4,-6.313774403811871,[0.         0.         0.         0.         0.01103159 0.01123562 0.         0.         0.         0.         0.         0.         0.         0.01107195 0.         0.         0.         0.         0.         0.         0.         0.         0.         0.         0.         0.04066424 0.         0.9259966  0.         0.         0.        ],[0. 0. 0. 0. 1. 1. 0. 0. 0. 0. 0. 0. 0. 1. 0. 0. 0. 0. 0. 0. 0. 0. 0. 0. 0. 1. 0. 1. 0. 0. 0.],5.0,10000,30,0.6,10,1,5,,problem_solving
4500,0.013402481422437565,0.0025398295222780138,0.4,-3.5943668858556403,[0.         0.         0.         0.         0.01103159 0.01123562 0.         0.         0.         0.         0.         0.         0.         0.01107195 0.         0.         0.         0.         0.         0.         0.         0.         0.         0.         0.         0.04066424 0.         0.9259966  0.         0.         0.        ],[0. 0. 0. 0. 1. 1. 0. 0. 0. 0. 0. 0. 0. 1. 0. 0. 0. 0. 0. 0. 0. 0. 0. 0. 0. 1. 0. 1. 0. 0. 0.],5.0,10000,30,0.6,10,1,5,,problem_solving
4600,0.013402481422437565,0.0025398295222780138,0.4,-14.344190971298234,[0.         0.         0.         0.         0.01103159 0.01123562 0.         0.         0.         0.         0.         0.         0.         0.01107195 0.         0.         0.         0.         0.         0.         0.         0.         0.         0.         0.         0.04066424 0.         0.9259966  0.         0.         0.        ],[0. 0. 0. 0. 1. 1. 0. 0. 0. 0. 0. 0. 0. 1. 0. 0. 0. 0. 0. 0. 0. 0. 0. 0. 0. 1. 0. 1. 0. 0. 0.],5.0,10000,30,0.6,10,1,5,,problem_solving
4700,0.013402481422437565,0.0025398295222780138,0.4,0.8933166755811262,[0.         0.         0.         0.         0.01103159 0.01123562 0.         0.         0.         0.         0.         0.         0.         0.01107195 0.         0.         0.         0.         0.         0.         0.         0.         0.         0.         0.         0.04066424 0.         0.9259966  0.         0.         0.        ],[0. 0. 0. 0. 1. 1. 0. 0. 0. 0. 0. 0. 0. 1. 0. 0. 0. 0. 0. 0. 0. 0. 0. 0. 0. 1. 0. 1. 0. 0. 0.],5.0,10000,30,0.6,10,1,5,,problem_solving
4800,0.013402481422437565,0.0025398295222780138,0.4,18.749194597695123,[0.         0.         0.         0.         0.01103159 0.01123562 0.         0.         0.         0.         0.         0.         0.         0.01107195 0.         0.         0.         0.         0.         0.         0.         0.         0.         0.         0.         0.04066424 0.         0.9259966  0.         0.         0.        ],[0. 0. 0. 0. 1. 1. 0. 0. 0. 0. 0. 0. 0. 1. 0. 0. 0. 0. 0. 0. 0. 0. 0. 0. 0. 1. 0. 1. 0. 0. 0.],5.0,10000,30,0.6,10,1,5,,problem_solving
4900,0.013402481422437565,0.0025398295222780138,0.4,7.417893033171705,[0.         0.         0.         0.         0.01103159 0.01123562 0.         0.         0.         0.         0.         0.         0.         0.01107195 0.         0.         0.         0.         0.         0.         0.         0.         0.         0.         0.         0.04066424 0.         0.9259966  0.         0.         0.        ],[0. 0. 0. 0. 1. 1. 0. 0. 0. 0. 0. 0. 0. 1. 0. 0. 0. 0. 0. 0. 0. 0. 0. 0. 0. 1. 0. 1. 0. 0. 0.],5.0,10000,30,0.6,10,1,5,,problem_solving
5000,0.013402481422437565,0.0025398295222780138,0.4,14.007606926230885,[0.         0.         0.         0.         0.01103159 0.01123562 0.         0.         0.         0.         0.         0.         0.         0.01107195 0.         0.         0.         0.         0.         0.         0.         0.         0.         0.         0.         0.04066424 0.         0.9259966  0.         0.         0.        ],[0. 0. 0. 0. 1. 1. 0. 0. 0. 0. 0. 0. 0. 1. 0. 0. 0. 0. 0. 0. 0. 0. 0. 0. 0. 1. 0. 1. 0. 0. 0.],5.0,10000,30,0.6,10,1,5,,problem_solving
5100,0.013402481422437565,0.0025398295222780138,0.4,19.487181929176124,[0.         0.         0.         0.         0.01103159 0.01123562 0.         0.         0.         0.         0.         0.         0.         0.01107195 0.         0.         0.         0.         0.         0.         0.         0.         0.         0.         0.         0.04066424 0.         0.9259966  0.         0.         0.        ],[0. 0. 0. 0. 1. 1. 0. 0. 0. 0. 0. 0. 0. 1. 0. 0. 0. 0. 0. 0. 0. 0. 0. 0. 0. 1. 0. 1. 0. 0. 0.],5.0,10000,30,0.6,10,1,5,,problem_solving
5200,0.013402481422437565,0.0025398295222780138,0.4,13.20802205691763,[0.         0.         0.         0.         0.01103159 0.01123562 0.         0.         0.         0.         0.         0.         0.         0.01107195 0.         0.         0.         0.         0.         0.         0.         0.         0.         0.         0.         0.04066424 0.         0.9259966  0.         0.         0.        ],[0. 0. 0. 0. 1. 1. 0. 0. 0. 0. 0. 0. 0. 1. 0. 0. 0. 0. 0. 0. 0. 0. 0. 0. 0. 1. 0. 1. 0. 0. 0.],5.0,10000,30,0.6,10,1,5,,problem_solving
5300,0.013402481422437565,0.0025398295222780138,0.4,13.729668919051036,[0.         0.         0.         0.         0.01103159 0.01123562 0.         0.         0.         0.         0.         0.         0.         0.01107195 0.         0.         0.         0.         0.         0.         0.         0.         0.         0.         0.         0.04066424 0.         0.9259966  0.         0.         0.        ],[0. 0. 0. 0. 1. 1. 0. 0. 0. 0. 0. 0. 0. 1. 0. 0. 0. 0. 0. 0. 0. 0. 0. 0. 0. 1. 0. 1. 0. 0. 0.],5.0,10000,30,0.6,10,1,5,,problem_solving
5400,0.013402481422437565,0.0025398295222780138,0.4,18.27642899546395,[0.         0.         0.         0.         0.01103159 0.01123562 0.         0.         0.         0.         0.         0.         0.         0.01107195 0.         0.         0.         0.         0.         0.         0.         0.         0.         0.         0.         0.04066424 0.         0.9259966  0.         0.         0.        ],[0. 0. 0. 0. 1. 1. 0. 0. 0. 0. 0. 0. 0. 1. 0. 0. 0. 0. 0. 0. 0. 0. 0. 0. 0. 1. 0. 1. 0. 0. 0.],5.0,10000,30,0.6,10,1,5,,problem_solving
5500,0.013402481422437565,0.0025398295222780138,0.4,0.40511654469354447,[0.         0.         0.         0.         0.01103159 0.01123562 0.         0.         0.         0.         0.         0.         0.         0.01107195 0.         0.         0.         0.         0.         0.         0.         0.         0.         0.         0.         0.04066424 0.         0.9259966  0.         0.         0.        ],[0. 0. 0. 0. 1. 1. 0. 0. 0. 0. 0. 0. 0. 1. 0. 0. 0. 0. 0. 0. 0. 0. 0. 0. 0. 1. 0. 1. 0. 0. 0.],5.0,10000,30,0.6,10,1,5,,problem_solving
5600,0.013402481422437565,0.0025398295222780138,0.4,12.361034990740173,[0.         0.         0.         0.         0.01103159 0.01123562 0.         0.         0.         0.         0.         0.         0.         0.01107195 0.         0.         0.         0.         0.         0.         0.         0.         0.         0.         0.         0.04066424 0.         0.9259966  0.         0.         0.        ],[0. 0. 0. 0. 1. 1. 0. 0. 0. 0. 0. 0. 0. 1. 0. 0. 0. 0. 0. 0. 0. 0. 0. 0. 0. 1. 0. 1. 0. 0. 0.],5.0,10000,30,0.6,10,1,5,,problem_solving
5700,0.013402481422437565,0.0025398295222780138,0.4,14.376900159608043,[0.         0.         0.         0.         0.01103159 0.01123562 0.         0.         0.         0.         0.         0.         0.         0.01107195 0.         0.         0.         0.         0.         0.         0.         0.         0.         0.         0.         0.04066424 0.         0.9259966  0.         0.         0.        ],[0. 0. 0. 0. 1. 1. 0. 0. 0. 0. 0. 0. 0. 1. 0. 0. 0. 0. 0. 0. 0. 0. 0. 0. 0. 1. 0. 1. 0. 0. 0.],5.0,10000,30,0.6,10,1,5,,problem_solving
5800,0.013402481422437565,0.0025398295222780138,0.4,10.91480352004982,[0.         0.         0.         0.         0.01103159 0.01123562 0.         0.         0.         0.         0.         0.         0.         0.01107195 0.         0.         0.         0.         0.         0.         0.         0.         0.         0.         0.         0.04066424 0.         0.9259966  0.         0.         0.        ],[0. 0. 0. 0. 1. 1. 0. 0. 0. 0. 0. 0. 0. 1. 0. 0. 0. 0. 0. 0. 0. 0. 0. 0. 0. 1. 0. 1. 0. 0. 0.],5.0,10000,30,0.6,10,1,5,,problem_solving
5900,0.013402481422437565,0.0025398295222780138,0.4,-1.4557731881799294,[0.         0.         0.         0.         0.01103159 0.01123562 0.         0.         0.         0.         0.         0.         0.         0.01107195 0.         0.         0.         0.         0.         0.         0.         0.         0.         0.         0.         0.04066424 0.         0.9259966  0.         0.         0.        ],[0. 0. 0. 0. 1. 1. 0. 0. 0. 0. 0. 0. 0. 1. 0. 0. 0. 0. 0. 0. 0. 0. 0. 0. 0. 1. 0. 1. 0. 0. 0.],5.0,10000,30,0.6,10,1,5,,problem_solving
6000,0.013402481422437565,0.0025398295222780138,0.4,-2.455403034372707,[0.         0.         0.         0.         0.01103159 0.01123562 0.         0.         0.         0.         0.         0.         0.         0.01107195 0.         0.         0.         0.         0.         0.         0.         0.         0.         0.         0.         0.04066424 0.         0.9259966  0.         0.         0.        ],[0. 0. 0. 0. 1. 1. 0. 0. 0. 0. 0. 0. 0. 1. 0. 0. 0. 0. 0. 0. 0. 0. 0. 0. 0. 1. 0. 1. 0. 0. 0.],5.0,10000,30,0.6,10,1,5,,problem_solving
6100,0.013402481422437565,0.0025398295222780138,0.4,-4.024450142124855,[0.         0.         0.         0.         0.01103159 0.01123562 0.         0.         0.         0.         0.         0.         0.         0.01107195 0.         0.         0.         0.         0.         0.         0.         0.         0.         0.         0.         0.04066424 0.         0.9259966  0.         0.         0.        ],[0. 0. 0. 0. 1. 1. 0. 0. 0. 0. 0. 0. 0. 1. 0. 0. 0. 0. 0. 0. 0. 0. 0. 0. 0. 1. 0. 1. 0. 0. 0.],5.0,10000,30,0.6,10,1,5,,problem_solving
6200,0.013402481422437565,0.0025398295222780138,0.4,-14.219910420188587,[0.         0.         0.         0.         0.01103159 0.01123562 0.         0.         0.         0.         0.         0.         0.         0.01107195 0.         0.         0.         0.         0.         0.         0.         0.         0.         0.         0.         0.04066424 0.         0.9259966  0.         0.         0.        ],[0. 0. 0. 0. 1. 1. 0. 0. 0. 0. 0. 0. 0. 1. 0. 0. 0. 0. 0. 0. 0. 0. 0. 0. 0. 1. 0. 1. 0. 0. 0.],5.0,10000,30,0.6,10,1,5,,problem_solving
6300,0.013402481422437565,0.0025398295222780138,0.4,-7.552733578792022,[0.         0.         0.         0.         0.01103159 0.01123562 0.         0.         0.         0.         0.         0.         0.         0.01107195 0.         0.         0.         0.         0.         0.         0.         0.         0.         0.         0.         0.04066424 0.         0.9259966  0.         0.         0.        ],[0. 0. 0. 0. 1. 1. 0. 0. 0. 0. 0. 0. 0. 1. 0. 0. 0. 0. 0. 0. 0. 0. 0. 0. 0. 1. 0. 1. 0. 0. 0.],5.0,10000,30,0.6,10,1,5,,problem_solving
6400,0.013402481422437565,0.0025398295222780138,0.4,10.816694939625584,[0.         0.         0.         0.         0.01103159 0.01123562 0.         0.         0.         0.         0.         0.         0.         0.01107195 0.         0.         0.         0.         0.         0.         0.         0.         0.         0.         0.         0.04066424 0.         0.9259966  0.         0.         0.        ],[0. 0. 0. 0. 1. 1. 0. 0. 0. 0. 0. 0. 0. 1. 0. 0. 0. 0. 0. 0. 0. 0. 0. 0. 0. 1. 0. 1. 0. 0. 0.],5.0,10000,30,0.6,10,1,5,,problem_solving
6500,0.013402481422437565,0.0025398295222780138,0.4,6.377458564538965,[0.         0.         0.         0.         0.01103159 0.01123562 0.         0.         0.         0.         0.         0.         0.         0.01107195 0.         0.         0.         0.         0.         0.         0.         0.         0.         0.         0.         0.04066424 0.         0.9259966  0.         0.         0.        ],[0. 0. 0. 0. 1. 1. 0. 0. 0. 0. 0. 0. 0. 1. 0. 0. 0. 0. 0. 0. 0. 0. 0. 0. 0. 1. 0. 1. 0. 0. 0.],5.0,10000,30,0.6,10,1,5,,problem_solving
6600,0.013402481422437565,0.0025398295222780138,0.4,11.734188061224513,[0.         0.         0.         0.         0.01103159 0.01123562 0.         0.         0.         0.         0.         0.         0.         0.01107195 0.         0.         0.         0.         0.         0.         0.         0.         0.         0.         0.         0.04066424 0.         0.9259966  0.         0.         0.        ],[0. 0. 0. 0. 1. 1. 0. 0. 0. 0. 0. 0. 0. 1. 0. 0. 0. 0. 0. 0. 0. 0. 0. 0. 0. 1. 0. 1. 0. 0. 0.],5.0,10000,30,0.6,10,1,5,,problem_solving
6700,0.013402481422437565,0.0025398295222780138,0.4,-4.349178727467395,[0.         0.         0.         0.         0.01103159 0.01123562 0.         0.         0.         0.         0.         0.         0.         0.01107195 0.         0.         0.         0.         0.         0.         0.         0.         0.         0.         0.         0.04066424 0.         0.9259966  0.         0.         0.        ],[0. 0. 0. 0. 1. 1. 0. 0. 0. 0. 0. 0. 0. 1. 0. 0. 0. 0. 0. 0. 0. 0. 0. 0. 0. 1. 0. 1. 0. 0. 0.],5.0,10000,30,0.6,10,1,5,,problem_solving
6800,0.013402481422437565,0.0025398295222780138,0.4,-0.7489390439640753,[0.         0.         0.         0.         0.01103159 0.01123562 0.         0.         0.         0.         0.         0.         0.         0.01107195 0.         0.         0.         0.         0.         0.         0.         0.         0.         0.         0.         0.04066424 0.         0.9259966  0.         0.         0.        ],[0. 0. 0. 0. 1. 1. 0. 0. 0. 0. 0. 0. 0. 1. 0. 0. 0. 0. 0. 0. 0. 0. 0. 0. 0. 1. 0. 1. 0. 0. 0.],5.0,10000,30,0.6,10,1,5,,problem_solving
6900,0.013402481422437565,0.0025398295222780138,0.4,21.792135921835406,[0.         0.         0.         0.         0.01103159 0.01123562 0.         0.         0.         0.         0.         0.         0.         0.01107195 0.         0.         0.         0.         0.         0.         0.         0.         0.         0.         0.         0.04066424 0.         0.9259966  0.         0.         0.        ],[0. 0. 0. 0. 1. 1. 0. 0. 0. 0. 0. 0. 0. 1. 0. 0. 0. 0. 0. 0. 0. 0. 0. 0. 0. 1. 0. 1. 0. 0. 0.],5.0,10000,30,0.6,10,1,5,,problem_solving
7000,0.013402481422437565,0.0025398295222780138,0.4,4.3000238951068805,[0.         0.         0.         0.         0.01103159 0.01123562 0.         0.         0.         0.         0.         0.         0.         0.01107195 0.         0.         0.         0.         0.         0.         0.         0.         0.         0.         0.         0.04066424 0.         0.9259966  0.         0.         0.        ],[0. 0. 0. 0. 1. 1. 0. 0. 0. 0. 0. 0. 0. 1. 0. 0. 0. 0. 0. 0. 0. 0. 0. 0. 0. 1. 0. 1. 0. 0. 0.],5.0,10000,30,0.6,10,1,5,,problem_solving
7100,0.013402481422437565,0.0025398295222780138,0.4,2.410893938583922,[0.         0.         0.         0.         0.01103159 0.01123562 0.         0.         0.         0.         0.         0.         0.         0.01107195 0.         0.         0.         0.         0.         0.         0.         0.         0.         0.         0.         0.04066424 0.         0.9259966  0.         0.         0.        ],[0. 0. 0. 0. 1. 1. 0. 0. 0. 0. 0. 0. 0. 1. 0. 0. 0. 0. 0. 0. 0. 0. 0. 0. 0. 1. 0. 1. 0. 0. 0.],5.0,10000,30,0.6,10,1,5,,problem_solving
7200,0.013402481422437565,0.0025398295222780138,0.4,4.532460913183416,[0.         0.         0.         0.         0.01103159 0.01123562 0.         0.         0.         0.         0.         0.         0.         0.01107195 0.         0.         0.         0.         0.         0.         0.         0.         0.         0.         0.         0.04066424 0.         0.9259966  0.         0.         0.        ],[0. 0. 0. 0. 1. 1. 0. 0. 0. 0. 0. 0. 0. 1. 0. 0. 0. 0. 0. 0. 0. 0. 0. 0. 0. 1. 0. 1. 0. 0. 0.],5.0,10000,30,0.6,10,1,5,,problem_solving
7300,0.013402481422437565,0.0025398295222780138,0.4,3.850852934809642,[0.         0.         0.         0.         0.01103159 0.01123562 0.         0.         0.         0.         0.         0.         0.         0.01107195 0.         0.         0.         0.         0.         0.         0.         0.         0.         0.         0.         0.04066424 0.         0.9259966  0.         0.         0.        ],[0. 0. 0. 0. 1. 1. 0. 0. 0. 0. 0. 0. 0. 1. 0. 0. 0. 0. 0. 0. 0. 0. 0. 0. 0. 1. 0. 1. 0. 0. 0.],5.0,10000,30,0.6,10,1,5,,problem_solving
7400,0.012905493650469894,0.0023854288032038855,0.4,-4.756116990823948,[0.         0.         0.         0.         0.         0.         0.         0.         0.         0.         0.         0.         0.         0.01297382 0.         0.01095632 0.         0.01100384 0.         0.         0.         0.         0.         0.         0.         0.03095537 0.         0.93411064 0.         0.         0.        ],[0. 0. 0. 0. 0. 0. 0. 0. 0. 0. 0. 0. 0. 1. 0. 1. 0. 1. 0. 0. 0. 0. 0. 0. 0. 1. 0. 1. 0. 0. 0.],5.0,10000,30,0.6,10,1,5,,problem_solving
7500,0.012905493650469894,0.0023854288032038855,0.4,0.1748625347241211,[0.         0.         0.         0.         0.         0.         0.         0.         0.         0.         0.         0.         0.         0.01297382 0.         0.01095632 0.         0.01100384 0.         0.         0.         0.         0.         0.         0.         0.03095537 0.         0.93411064 0.         0.         0.        ],[0. 0. 0. 0. 0. 0. 0. 0. 0. 0. 0. 0. 0. 1. 0. 1. 0. 1. 0. 0. 0. 0. 0. 0. 0. 1. 0. 1. 0. 0. 0.],5.0,10000,30,0.6,10,1,5,,problem_solving
7600,0.012905493650469894,0.0023854288032038855,0.4,-3.3269455795851055,[0.         0.         0.         0.         0.         0.         0.         0.         0.         0.         0.         0.         0.         0.01297382 0.         0.01095632 0.         0.01100384 0.         0.         0.         0.         0.         0.         0.         0.03095537 0.         0.93411064 0.         0.         0.        ],[0. 0. 0. 0. 0. 0. 0. 0. 0. 0. 0. 0. 0. 1. 0. 1. 0. 1. 0. 0. 0. 0. 0. 0. 0. 1. 0. 1. 0. 0. 0.],5.0,10000,30,0.6,10,1,5,,problem_solving
7700,0.012905493650469894,0.0023854288032038855,0.4,0.6018622336190597,[0.         0.         0.         0.         0.         0.         0.         0.         0.         0.         0.         0.         0.         0.01297382 0.         0.01095632 0.         0.01100384 0.         0.         0.         0.         0.         0.         0.         0.03095537 0.         0.93411064 0.         0.         0.        ],[0. 0. 0. 0. 0. 0. 0. 0. 0. 0. 0. 0. 0. 1. 0. 1. 0. 1. 0. 0. 0. 0. 0. 0. 0. 1. 0. 1. 0. 0. 0.],5.0,10000,30,0.6,10,1,5,,problem_solving
7800,0.012905493650469894,0.0023854288032038855,0.4,10.333761423532188,[0.         0.         0.         0.         0.         0.         0.         0.         0.         0.         0.         0.         0.         0.01297382 0.         0.01095632 0.         0.01100384 0.         0.         0.         0.         0.         0.         0.         0.03095537 0.         0.93411064 0.         0.         0.        ],[0. 0. 0. 0. 0. 0. 0. 0. 0. 0. 0. 0. 0. 1. 0. 1. 0. 1. 0. 0. 0. 0. 0. 0. 0. 1. 0. 1. 0. 0. 0.],5.0,10000,30,0.6,10,1,5,,problem_solving
7900,0.012905493650469894,0.0023854288032038855,0.4,17.206895029673063,[0.         0.         0.         0.         0.         0.         0.         0.         0.         0.         0.         0.         0.         0.01297382 0.         0.01095632 0.         0.01100384 0.         0.         0.         0.         0.         0.         0.         0.03095537 0.         0.93411064 0.         0.         0.        ],[0. 0. 0. 0. 0. 0. 0. 0. 0. 0. 0. 0. 0. 1. 0. 1. 0. 1. 0. 0. 0. 0. 0. 0. 0. 1. 0. 1. 0. 0. 0.],5.0,10000,30,0.6,10,1,5,,problem_solving
8000,0.012905493650469894,0.0023854288032038855,0.4,-9.034682674192505,[0.         0.         0.         0.         0.         0.         0.         0.         0.         0.         0.         0.         0.         0.01297382 0.         0.01095632 0.         0.01100384 0.         0.         0.         0.         0.         0.         0.         0.03095537 0.         0.93411064 0.         0.         0.        ],[0. 0. 0. 0. 0. 0. 0. 0. 0. 0. 0. 0. 0. 1. 0. 1. 0. 1. 0. 0. 0. 0. 0. 0. 0. 1. 0. 1. 0. 0. 0.],5.0,10000,30,0.6,10,1,5,,problem_solving
8100,0.012905493650469894,0.0023854288032038855,0.4,20.67444818604663,[0.         0.         0.         0.         0.         0.         0.         0.         0.         0.         0.         0.         0.         0.01297382 0.         0.01095632 0.         0.01100384 0.         0.         0.         0.         0.         0.         0.         0.03095537 0.         0.93411064 0.         0.         0.        ],[0. 0. 0. 0. 0. 0. 0. 0. 0. 0. 0. 0. 0. 1. 0. 1. 0. 1. 0. 0. 0. 0. 0. 0. 0. 1. 0. 1. 0. 0. 0.],5.0,10000,30,0.6,10,1,5,,problem_solving
8200,0.012905493650469894,0.0023854288032038855,0.4,-3.2947114224849727,[0.         0.         0.         0.         0.         0.         0.         0.         0.         0.         0.         0.         0.         0.01297382 0.         0.01095632 0.         0.01100384 0.         0.         0.         0.         0.         0.         0.         0.03095537 0.         0.93411064 0.         0.         0.        ],[0. 0. 0. 0. 0. 0. 0. 0. 0. 0. 0. 0. 0. 1. 0. 1. 0. 1. 0. 0. 0. 0. 0. 0. 0. 1. 0. 1. 0. 0. 0.],5.0,10000,30,0.6,10,1,5,,problem_solving
8300,0.012905493650469894,0.0023854288032038855,0.4,8.498083905427706,[0.         0.         0.         0.         0.         0.         0.         0.         0.         0.         0.         0.         0.         0.01297382 0.         0.01095632 0.         0.01100384 0.         0.         0.         0.         0.         0.         0.         0.03095537 0.         0.93411064 0.         0.         0.        ],[0. 0. 0. 0. 0. 0. 0. 0. 0. 0. 0. 0. 0. 1. 0. 1. 0. 1. 0. 0. 0. 0. 0. 0. 0. 1. 0. 1. 0. 0. 0.],5.0,10000,30,0.6,10,1,5,,problem_solving
8400,0.012905493650469894,0.0023854288032038855,0.4,2.9676522966143897,[0.         0.         0.         0.         0.         0.         0.         0.         0.         0.         0.         0.         0.         0.01297382 0.         0.01095632 0.         0.01100384 0.         0.         0.         0.         0.         0.         0.         0.03095537 0.         0.93411064 0.         0.         0.        ],[0. 0. 0. 0. 0. 0. 0. 0. 0. 0. 0. 0. 0. 1. 0. 1. 0. 1. 0. 0. 0. 0. 0. 0. 0. 1. 0. 1. 0. 0. 0.],5.0,10000,30,0.6,10,1,5,,problem_solving
8500,0.012905493650469894,0.0023854288032038855,0.4,-6.043012325458542,[0.         0.         0.         0.         0.         0.         0.         0.         0.         0.         0.         0.         0.         0.01297382 0.         0.01095632 0.         0.01100384 0.         0.         0.         0.         0.         0.         0.         0.03095537 0.         0.93411064 0.         0.         0.        ],[0. 0. 0. 0. 0. 0. 0. 0. 0. 0. 0. 0. 0. 1. 0. 1. 0. 1. 0. 0. 0. 0. 0. 0. 0. 1. 0. 1. 0. 0. 0.],5.0,10000,30,0.6,10,1,5,,problem_solving
8600,0.012905493650469894,0.0023854288032038855,0.4,0.0359425770983664,[0.         0.         0.         0.         0.         0.         0.         0.         0.         0.         0.         0.         0.         0.01297382 0.         0.01095632 0.         0.01100384 0.         0.         0.         0.         0.         0.         0.         0.03095537 0.         0.93411064 0.         0.         0.        ],[0. 0. 0. 0. 0. 0. 0. 0. 0. 0. 0. 0. 0. 1. 0. 1. 0. 1. 0. 0. 0. 0. 0. 0. 0. 1. 0. 1. 0. 0. 0.],5.0,10000,30,0.6,10,1,5,,problem_solving
8700,0.012905493650469894,0.0023854288032038855,0.4,-25.87902475196354,[0.         0.         0.         0.         0.         0.         0.         0.         0.         0.         0.         0.         0.         0.01297382 0.         0.01095632 0.         0.01100384 0.         0.         0.         0.         0.         0.         0.         0.03095537 0.         0.93411064 0.         0.         0.        ],[0. 0. 0. 0. 0. 0. 0. 0. 0. 0. 0. 0. 0. 1. 0. 1. 0. 1. 0. 0. 0. 0. 0. 0. 0. 1. 0. 1. 0. 0. 0.],5.0,10000,30,0.6,10,1,5,,problem_solving
8800,0.012905493650469894,0.0023854288032038855,0.4,6.3394732318717075,[0.         0.         0.         0.         0.         0.         0.         0.         0.         0.         0.         0.         0.         0.01297382 0.         0.01095632 0.         0.01100384 0.         0.         0.         0.         0.         0.         0.         0.03095537 0.         0.93411064 0.         0.         0.        ],[0. 0. 0. 0. 0. 0. 0. 0. 0. 0. 0. 0. 0. 1. 0. 1. 0. 1. 0. 0. 0. 0. 0. 0. 0. 1. 0. 1. 0. 0. 0.],5.0,10000,30,0.6,10,1,5,,problem_solving
8900,0.012905493650469894,0.0023854288032038855,0.4,-6.95379381293172,[0.         0.         0.         0.         0.         0.         0.         0.         0.         0.         0.         0.         0.         0.01297382 0.         0.01095632 0.         0.01100384 0.         0.         0.         0.         0.         0.         0.         0.03095537 0.         0.93411064 0.         0.         0.        ],[0. 0. 0. 0. 0. 0. 0. 0. 0. 0. 0. 0. 0. 1. 0. 1. 0. 1. 0. 0. 0. 0. 0. 0. 0. 1. 0. 1. 0. 0. 0.],5.0,10000,30,0.6,10,1,5,,problem_solving
9000,0.012905493650469894,0.0023854288032038855,0.4,-7.3257546382616034,[0.         0.         0.         0.         0.         0.         0.         0.         0.         0.         0.         0.         0.         0.01297382 0.         0.01095632 0.         0.01100384 0.         0.         0.         0.         0.         0.         0.         0.03095537 0.         0.93411064 0.         0.         0.        ],[0. 0. 0. 0. 0. 0. 0. 0. 0. 0. 0. 0. 0. 1. 0. 1. 0. 1. 0. 0. 0. 0. 0. 0. 0. 1. 0. 1. 0. 0. 0.],5.0,10000,30,0.6,10,1,5,,problem_solving
9100,0.012905493650469894,0.0023854288032038855,0.4,-2.6518004863151736,[0.         0.         0.         0.         0.         0.         0.         0.         0.         0.         0.         0.         0.         0.01297382 0.         0.01095632 0.         0.01100384 0.         0.         0.         0.         0.         0.         0.         0.03095537 0.         0.93411064 0.         0.         0.        ],[0. 0. 0. 0. 0. 0. 0. 0. 0. 0. 0. 0. 0. 1. 0. 1. 0. 1. 0. 0. 0. 0. 0. 0. 0. 1. 0. 1. 0. 0. 0.],5.0,10000,30,0.6,10,1,5,,problem_solving
9200,0.012905493650469894,0.0023854288032038855,0.4,1.878636281300591,[0.         0.         0.         0.         0.         0.         0.         0.         0.         0.         0.         0.         0.         0.01297382 0.         0.01095632 0.         0.01100384 0.         0.         0.         0.         0.         0.         0.         0.03095537 0.         0.93411064 0.         0.         0.        ],[0. 0. 0. 0. 0. 0. 0. 0. 0. 0. 0. 0. 0. 1. 0. 1. 0. 1. 0. 0. 0. 0. 0. 0. 0. 1. 0. 1. 0. 0. 0.],5.0,10000,30,0.6,10,1,5,,problem_solving
9300,0.012905493650469894,0.0023854288032038855,0.4,-3.3211720421715234,[0.         0.         0.         0.         0.         0.         0.         0.         0.         0.         0.         0.         0.         0.01297382 0.         0.01095632 0.         0.01100384 0.         0.         0.         0.         0.         0.         0.         0.03095537 0.         0.93411064 0.         0.         0.        ],[0. 0. 0. 0. 0. 0. 0. 0. 0. 0. 0. 0. 0. 1. 0. 1. 0. 1. 0. 0. 0. 0. 0. 0. 0. 1. 0. 1. 0. 0. 0.],5.0,10000,30,0.6,10,1,5,,problem_solving
9400,0.012905493650469894,0.0023854288032038855,0.4,-8.234059168278666,[0.         0.         0.         0.         0.         0.         0.         0.         0.         0.         0.         0.         0.         0.01297382 0.         0.01095632 0.         0.01100384 0.         0.         0.         0.         0.         0.         0.         0.03095537 0.         0.93411064 0.         0.         0.        ],[0. 0. 0. 0. 0. 0. 0. 0. 0. 0. 0. 0. 0. 1. 0. 1. 0. 1. 0. 0. 0. 0. 0. 0. 0. 1. 0. 1. 0. 0. 0.],5.0,10000,30,0.6,10,1,5,,problem_solving
9500,0.012905493650469894,0.0023854288032038855,0.4,10.782811258174547,[0.         0.         0.         0.         0.         0.         0.         0.         0.         0.         0.         0.         0.         0.01297382 0.         0.01095632 0.         0.01100384 0.         0.         0.         0.         0.         0.         0.         0.03095537 0.         0.93411064 0.         0.         0.        ],[0. 0. 0. 0. 0. 0. 0. 0. 0. 0. 0. 0. 0. 1. 0. 1. 0. 1. 0. 0. 0. 0. 0. 0. 0. 1. 0. 1. 0. 0. 0.],5.0,10000,30,0.6,10,1,5,,problem_solving
9600,0.012905493650469894,0.0023854288032038855,0.4,-13.889913079718157,[0.         0.         0.         0.         0.         0.         0.         0.         0.         0.         0.         0.         0.         0.01297382 0.         0.01095632 0.         0.01100384 0.         0.         0.         0.         0.         0.         0.         0.03095537 0.         0.93411064 0.         0.         0.        ],[0. 0. 0. 0. 0. 0. 0. 0. 0. 0. 0. 0. 0. 1. 0. 1. 0. 1. 0. 0. 0. 0. 0. 0. 0. 1. 0. 1. 0. 0. 0.],5.0,10000,30,0.6,10,1,5,,problem_solving
9700,0.012905493650469894,0.0023854288032038855,0.4,-3.5135160724174535,[0.         0.         0.         0.         0.         0.         0.         0.         0.         0.         0.         0.         0.         0.01297382 0.         0.01095632 0.         0.01100384 0.         0.         0.         0.         0.         0.         0.         0.03095537 0.         0.93411064 0.         0.         0.        ],[0. 0. 0. 0. 0. 0. 0. 0. 0. 0. 0. 0. 0. 1. 0. 1. 0. 1. 0. 0. 0. 0. 0. 0. 0. 1. 0. 1. 0. 0. 0.],5.0,10000,30,0.6,10,1,5,,problem_solving
9800,0.012905493650469894,0.0023854288032038855,0.4,-4.063758616558356,[0.         0.         0.         0.         0.         0.         0.         0.         0.         0.         0.         0.         0.         0.01297382 0.         0.01095632 0.         0.01100384 0.         0.         0.         0.         0.         0.         0.         0.03095537 0.         0.93411064 0.         0.         0.        ],[0. 0. 0. 0. 0. 0. 0. 0. 0. 0. 0. 0. 0. 1. 0. 1. 0. 1. 0. 0. 0. 0. 0. 0. 0. 1. 0. 1. 0. 0. 0.],5.0,10000,30,0.6,10,1,5,,problem_solving
9900,0.012905493650469894,0.0023854288032038855,0.4,-0.9977475296976164,[0.         0.         0.         0.         0.         0.         0.         0.         0.         0.         0.         0.         0.         0.01297382 0.         0.01095632 0.         0.01100384 0.         0.         0.         0.         0.         0.         0.         0.03095537 0.         0.93411064 0.         0.         0.        ],[0. 0. 0. 0. 0. 0. 0. 0. 0. 0. 0. 0. 0. 1. 0. 1. 0. 1. 0. 0. 0. 0. 0. 0. 0. 1. 0. 1. 0. 0. 0.],5.0,10000,30,0.6,10,1,5,,problem_solving
9999,0.012905493650469894,0.0023854288032038855,0.4,4.890296141315791,[0.         0.         0.         0.         0.         0.         0.         0.         0.         0.         0.         0.         0.         0.01297382 0.         0.01095632 0.         0.01100384 0.         0.         0.         0.         0.         0.         0.         0.03095537 0.         0.93411064 0.         0.         0.        ],[0. 0. 0. 0. 0. 0. 0. 0. 0. 0. 0. 0. 0. 1. 0. 1. 0. 1. 0. 0. 0. 0. 0. 0. 0. 1. 0. 1. 0. 0. 0.],5.0,10000,30,0.6,10,1,5,,problem_solving
