iter,cost,return,par,move,X,Z,Q,max_iter,mem_size,mem_consider,sigma,port_n,k,seed,tag
1,0.07861223713628827,0.009220614283619302,0.4,-2.256532136952078,[0.         0.         0.         0.         0.         0.         0.         0.         0.         0.         0.01945455 0.         0.01862887 0.         0.         0.         0.02467187 0.         0.         0.         0.         0.         0.         0.         0.         0.93724472 0.         0.         0.         0.         0.        ],[0. 0. 0. 0. 0. 0. 0. 0. 0. 0. 1. 0. 1. 0. 0. 0. 1. 0. 0. 0. 0. 0. 0. 0. 0. 1. 0. 0. 0. 0. 0.],4.0,10000,30,0.6,10,1,4,,problem_solving
100,0.025547146432809326,0.006806444924972932,0.4,3.217063187358617,[0.         0.01264889 0.         0.         0.95721767 0.         0.         0.         0.         0.         0.01373909 0.         0.         0.         0.         0.         0.         0.         0.         0.         0.         0.         0.         0.         0.         0.         0.01639435 0.         0.         0.         0.        ],[0. 1. 0. 0. 1. 0. 0. 0. 0. 0. 1. 0. 0. 0. 0. 0. 0. 0. 0. 0. 0. 0. 0. 0. 0. 0. 1. 0. 0. 0. 0.],4.0,10000,30,0.6,10,1,4,,problem_solving
200,0.025547146432809326,0.006806444924972932,0.4,-1.3191443549277824,[0.         0.01264889 0.         0.         0.95721767 0.         0.         0.         0.         0.         0.01373909 0.         0.         0.         0.         0.         0.         0.         0.         0.         0.         0.         0.         0.         0.         0.         0.01639435 0.         0.         0.         0.        ],[0. 1. 0. 0. 1. 0. 0. 0. 0. 0. 1. 0. 0. 0. 0. 0. 0. 0. 0. 0. 0. 0. 0. 0. 0. 0. 1. 0. 0. 0. 0.],4.0,10000,30,0.6,10,1,4,,problem_solving
300,0.025547146432809326,0.006806444924972932,0.4,1.8464834423740735,[0.         0.01264889 0.         0.         0.95721767 0.         0.         0.         0.         0.         0.01373909 0.         0.         0.         0.         0.         0.         0.         0.         0.         0.         0.         0.         0.         0.         0.         0.01639435 0.         0.         0.         0.        ],[0. 1. 0. 0. 1. 0. 0. 0. 0. 0. 1. 0. 0. 0. 0. 0. 0. 0. 0. 0. 0. 0. 0. 0. 0. 0. 1. 0. 0. 0. 0.],4.0,10000,30,0.6,10,1,4,,problem_solving
400,0.025547146432809326,0.006806444924972932,0.4,1.750362173995217,[0.         0.01264889 0.         0.         0.95721767 0.         0.         0.         0.         0.         0.01373909 0.         0.         0.         0.         0.         0.         0.         0.         0.         0.         0.         0.         0.         0.         0.         0.01639435 0.         0.         0.         0.        ],[0. 1. 0. 0. 1. 0. 0. 0. 0. 0. 1. 0. 0. 0. 0. 0. 0. 0. 0. 0. 0. 0. 0. 0. 0. 0. 1. 0. 0. 0. 0.],4.0,10000,30,0.6,10,1,4,,problem_solving
500,0.025547146432809326,0.006806444924972932,0.4,12.238629656885758,[0.         0.01264889 0.         0.         0.95721767 0.         0.         0.         0.         0.         0.01373909 0.         0.         0.         0.         0.         0.         0.         0.         0.         0.         0.         0.         0.         0.         0.         0.01639435 0.         0.         0.         0.        ],[0. 1. 0. 0. 1. 0. 0. 0. 0. 0. 1. 0. 0. 0. 0. 0. 0. 0. 0. 0. 0. 0. 0. 0. 0. 0. 1. 0. 0. 0. 0.],4.0,10000,30,0.6,10,1,4,,problem_solving
600,0.025547146432809326,0.006806444924972932,0.4,4.873911429761043,[0.         0.01264889 0.         0.         0.95721767 0.         0.         0.         0.         0.         0.01373909 0.         0.         0.         0.         0.         0.         0.         0.         0.         0.         0.         0.         0.         0.         0.         0.01639435 0.         0.         0.         0.        ],[0. 1. 0. 0. 1. 0. 0. 0. 0. 0. 1. 0. 0. 0. 0. 0. 0. 0. 0. 0. 0. 0. 0. 0. 0. 0. 1. 0. 0. 0. 0.],4.0,10000,30,0.6,10,1,4,,problem_solving
700,0.02388207921952191,0.010298999571615721,0.4,-3.5617052022454954,[0.         0.         0.         0.         0.         0.         0.         0.         0.03557248 0.         0.         0.         0.         0.         0.         0.         0.         0.         0.         0.         0.         0.         0.         0.01164135 0.         0.93440328 0.01838289 0.         0.         0.         0.        ],[0. 0. 0. 0. 0. 0. 0. 0. 1. 0. 0. 0. 0. 0. 0. 0. 0. 0. 0. 0. 0. 0. 0. 1. 0. 1. 1. 0. 0. 0. 0.],4.0,10000,30,0.6,10,1,4,,problem_solving
800,0.02388207921952191,0.010298999571615721,0.4,-2.4449349280208605,[0.         0.         0.         0.         0.         0.         0.         0.         0.03557248 0.         0.         0.         0.         0.         0.         0.         0.         0.         0.         0.         0.         0.         0.         0.01164135 0.         0.93440328 0.01838289 0.         0.         0.         0.        ],[0. 0. 0. 0. 0. 0. 0. 0. 1. 0. 0. 0. 0. 0. 0. 0. 0. 0. 0. 0. 0. 0. 0. 1. 0. 1. 1. 0. 0. 0. 0.],4.0,10000,30,0.6,10,1,4,,problem_solving
900,0.02388207921952191,0.010298999571615721,0.4,-6.345449389641863,[0.         0.         0.         0.         0.         0.         0.         0.         0.03557248 0.         0.         0.         0.         0.         0.         0.         0.         0.         0.         0.         0.         0.         0.         0.01164135 0.         0.93440328 0.01838289 0.         0.         0.         0.        ],[0. 0. 0. 0. 0. 0. 0. 0. 1. 0. 0. 0. 0. 0. 0. 0. 0. 0. 0. 0. 0. 0. 0. 1. 0. 1. 1. 0. 0. 0. 0.],4.0,10000,30,0.6,10,1,4,,problem_solving
1000,0.02388207921952191,0.010298999571615721,0.4,-3.562431206957778,[0.         0.         0.         0.         0.         0.         0.         0.         0.03557248 0.         0.         0.         0.         0.         0.         0.         0.         0.         0.         0.         0.         0.         0.         0.01164135 0.         0.93440328 0.01838289 0.         0.         0.         0.        ],[0. 0. 0. 0. 0. 0. 0. 0. 1. 0. 0. 0. 0. 0. 0. 0. 0. 0. 0. 0. 0. 0. 0. 1. 0. 1. 1. 0. 0. 0. 0.],4.0,10000,30,0.6,10,1,4,,problem_solving
1100,0.02388207921952191,0.010298999571615721,0.4,2.0261042786201697,[0.         0.         0.         0.         0.         0.         0.         0.         0.03557248 0.         0.         0.         0.         0.         0.         0.         0.         0.         0.         0.         0.         0.         0.         0.01164135 0.         0.93440328 0.01838289 0.         0.         0.         0.        ],[0. 0. 0. 0. 0. 0. 0. 0. 1. 0. 0. 0. 0. 0. 0. 0. 0. 0. 0. 0. 0. 0. 0. 1. 0. 1. 1. 0. 0. 0. 0.],4.0,10000,30,0.6,10,1,4,,problem_solving
1200,0.02388207921952191,0.010298999571615721,0.4,-10.291470141959184,[0.         0.         0.         0.         0.         0.         0.         0.         0.03557248 0.         0.         0.         0.         0.         0.         0.         0.         0.         0.         0.         0.         0.         0.         0.01164135 0.         0.93440328 0.01838289 0.         0.         0.         0.        ],[0. 0. 0. 0. 0. 0. 0. 0. 1. 0. 0. 0. 0. 0. 0. 0. 0. 0. 0. 0. 0. 0. 0. 1. 0. 1. 1. 0. 0. 0. 0.],4.0,10000,30,0.6,10,1,4,,problem_solving
1300,0.02388207921952191,0.010298999571615721,0.4,6.570462626028287,[0.         0.         0.         0.         0.         0.         0.         0.         0.03557248 0.         0.         0.         0.         0.         0.         0.         0.         0.         0.         0.         0.         0.         0.         0.01164135 0.         0.93440328 0.01838289 0.         0.         0.         0.        ],[0. 0. 0. 0. 0. 0. 0. 0. 1. 0. 0. 0. 0. 0. 0. 0. 0. 0. 0. 0. 0. 0. 0. 1. 0. 1. 1. 0. 0. 0. 0.],4.0,10000,30,0.6,10,1,4,,problem_solving
1400,0.02388207921952191,0.010298999571615721,0.4,4.171423162093072,[0.         0.         0.         0.         0.         0.         0.         0.         0.03557248 0.         0.         0.         0.         0.         0.         0.         0.         0.         0.         0.         0.         0.         0.         0.01164135 0.         0.93440328 0.01838289 0.         0.         0.         0.        ],[0. 0. 0. 0. 0. 0. 0. 0. 1. 0. 0. 0. 0. 0. 0. 0. 0. 0. 0. 0. 0. 0. 0. 1. 0. 1. 1. 0. 0. 0. 0.],4.0,10000,30,0.6,10,1,4,,problem_solving
1500,0.022670950487464942,0.010337457305692547,0.4,6.906345955692553,[0.         0.         0.         0.         0.95269714 0.01606127 0.         0.         0.         0.01178094 0.         0.         0.         0.         0.         0.         0.         0.         0.         0.         0.         0.         0.         0.         0.01946064 0.         0.         0.         0.         0.         0.        ],[0. 0. 0. 0. 1. 1. 0. 0. 0. 1. 0. 0. 0. 0. 0. 0. 0. 0. 0. 0. 0. 0. 0. 0. 1. 0. 0. 0. 0. 0. 0.],4.0,10000,30,0.6,10,1,4,,problem_solving
1600,0.022670950487464942,0.010337457305692547,0.4,-2.671291604705858,[0.         0.         0.         0.         0.95269714 0.01606127 0.         0.         0.         0.01178094 0.         0.         0.         0.         0.         0.         0.         0.         0.         0.         0.         0.         0.         0.         0.01946064 0.         0.         0.         0.         0.         0.        ],[0. 0. 0. 0. 1. 1. 0. 0. 0. 1. 0. 0. 0. 0. 0. 0. 0. 0. 0. 0. 0. 0. 0. 0. 1. 0. 0. 0. 0. 0. 0.],4.0,10000,30,0.6,10,1,4,,problem_solving
1700,0.020244693694014045,0.004375731011197872,0.4,-25.142586592052766,[0.         0.         0.         0.         0.         0.         0.         0.02554459 0.         0.01142663 0.         0.         0.         0.         0.         0.         0.         0.         0.         0.         0.         0.         0.         0.         0.         0.95153276 0.         0.         0.         0.01149602 0.        ],[0. 0. 0. 0. 0. 0. 0. 1. 0. 1. 0. 0. 0. 0. 0. 0. 0. 0. 0. 0. 0. 0. 0. 0. 0. 1. 0. 0. 0. 1. 0.],4.0,10000,30,0.6,10,1,4,,problem_solving
1800,0.017621302774783174,0.01037744914948434,0.4,-23.360618150732893,[0.         0.         0.02086499 0.         0.94123225 0.         0.         0.         0.         0.         0.         0.         0.         0.         0.         0.         0.         0.         0.         0.01667188 0.         0.02123089 0.         0.         0.         0.         0.         0.         0.         0.         0.        ],[0. 0. 1. 0. 1. 0. 0. 0. 0. 0. 0. 0. 0. 0. 0. 0. 0. 0. 0. 1. 0. 1. 0. 0. 0. 0. 0. 0. 0. 0. 0.],4.0,10000,30,0.6,10,1,4,,problem_solving
1900,0.015627735858327194,0.0105373999153761,0.4,2.3443773747516334,[0.         0.         0.         0.         0.94927556 0.         0.         0.         0.01547269 0.         0.         0.         0.         0.         0.         0.         0.         0.         0.         0.         0.         0.01120961 0.         0.02404213 0.         0.         0.         0.         0.         0.         0.        ],[0. 0. 0. 0. 1. 0. 0. 0. 1. 0. 0. 0. 0. 0. 0. 0. 0. 0. 0. 0. 0. 1. 0. 1. 0. 0. 0. 0. 0. 0. 0.],4.0,10000,30,0.6,10,1,4,,problem_solving
2000,0.015627735858327194,0.0105373999153761,0.4,-6.301955933774036,[0.         0.         0.         0.         0.94927556 0.         0.         0.         0.01547269 0.         0.         0.         0.         0.         0.         0.         0.         0.         0.         0.         0.         0.01120961 0.         0.02404213 0.         0.         0.         0.         0.         0.         0.        ],[0. 0. 0. 0. 1. 0. 0. 0. 1. 0. 0. 0. 0. 0. 0. 0. 0. 0. 0. 0. 0. 1. 0. 1. 0. 0. 0. 0. 0. 0. 0.],4.0,10000,30,0.6,10,1,4,,problem_solving
2100,0.015627735858327194,0.0105373999153761,0.4,-1.5847531293176356,[0.         0.         0.         0.         0.94927556 0.         0.         0.         0.01547269 0.         0.         0.         0.         0.         0.         0.         0.         0.         0.         0.         0.         0.01120961 0.         0.02404213 0.         0.         0.         0.         0.         0.         0.        ],[0. 0. 0. 0. 1. 0. 0. 0. 1. 0. 0. 0. 0. 0. 0. 0. 0. 0. 0. 0. 0. 1. 0. 1. 0. 0. 0. 0. 0. 0. 0.],4.0,10000,30,0.6,10,1,4,,problem_solving
2200,0.015627735858327194,0.0105373999153761,0.4,1.3699753806395059,[0.         0.         0.         0.         0.94927556 0.         0.         0.         0.01547269 0.         0.         0.         0.         0.         0.         0.         0.         0.         0.         0.         0.         0.01120961 0.         0.02404213 0.         0.         0.         0.         0.         0.         0.        ],[0. 0. 0. 0. 1. 0. 0. 0. 1. 0. 0. 0. 0. 0. 0. 0. 0. 0. 0. 0. 0. 1. 0. 1. 0. 0. 0. 0. 0. 0. 0.],4.0,10000,30,0.6,10,1,4,,problem_solving
2300,0.015627735858327194,0.0105373999153761,0.4,6.340976347492909,[0.         0.         0.         0.         0.94927556 0.         0.         0.         0.01547269 0.         0.         0.         0.         0.         0.         0.         0.         0.         0.         0.         0.         0.01120961 0.         0.02404213 0.         0.         0.         0.         0.         0.         0.        ],[0. 0. 0. 0. 1. 0. 0. 0. 1. 0. 0. 0. 0. 0. 0. 0. 0. 0. 0. 0. 0. 1. 0. 1. 0. 0. 0. 0. 0. 0. 0.],4.0,10000,30,0.6,10,1,4,,problem_solving
2400,0.015627735858327194,0.0105373999153761,0.4,-7.1928721030069305,[0.         0.         0.         0.         0.94927556 0.         0.         0.         0.01547269 0.         0.         0.         0.         0.         0.         0.         0.         0.         0.         0.         0.         0.01120961 0.         0.02404213 0.         0.         0.         0.         0.         0.         0.        ],[0. 0. 0. 0. 1. 0. 0. 0. 1. 0. 0. 0. 0. 0. 0. 0. 0. 0. 0. 0. 0. 1. 0. 1. 0. 0. 0. 0. 0. 0. 0.],4.0,10000,30,0.6,10,1,4,,problem_solving
2500,0.015627735858327194,0.0105373999153761,0.4,3.5587616932966784,[0.         0.         0.         0.         0.94927556 0.         0.         0.         0.01547269 0.         0.         0.         0.         0.         0.         0.         0.         0.         0.         0.         0.         0.01120961 0.         0.02404213 0.         0.         0.         0.         0.         0.         0.        ],[0. 0. 0. 0. 1. 0. 0. 0. 1. 0. 0. 0. 0. 0. 0. 0. 0. 0. 0. 0. 0. 1. 0. 1. 0. 0. 0. 0. 0. 0. 0.],4.0,10000,30,0.6,10,1,4,,problem_solving
2600,0.015627735858327194,0.0105373999153761,0.4,-1.6842635298278787,[0.         0.         0.         0.         0.94927556 0.         0.         0.         0.01547269 0.         0.         0.         0.         0.         0.         0.         0.         0.         0.         0.         0.         0.01120961 0.         0.02404213 0.         0.         0.         0.         0.         0.         0.        ],[0. 0. 0. 0. 1. 0. 0. 0. 1. 0. 0. 0. 0. 0. 0. 0. 0. 0. 0. 0. 0. 1. 0. 1. 0. 0. 0. 0. 0. 0. 0.],4.0,10000,30,0.6,10,1,4,,problem_solving
2700,0.015627735858327194,0.0105373999153761,0.4,0.5488817800448859,[0.         0.         0.         0.         0.94927556 0.         0.         0.         0.01547269 0.         0.         0.         0.         0.         0.         0.         0.         0.         0.         0.         0.         0.01120961 0.         0.02404213 0.         0.         0.         0.         0.         0.         0.        ],[0. 0. 0. 0. 1. 0. 0. 0. 1. 0. 0. 0. 0. 0. 0. 0. 0. 0. 0. 0. 0. 1. 0. 1. 0. 0. 0. 0. 0. 0. 0.],4.0,10000,30,0.6,10,1,4,,problem_solving
2800,0.015627735858327194,0.0105373999153761,0.4,-9.610374340536138,[0.         0.         0.         0.         0.94927556 0.         0.         0.         0.01547269 0.         0.         0.         0.         0.         0.         0.         0.         0.         0.         0.         0.         0.01120961 0.         0.02404213 0.         0.         0.         0.         0.         0.         0.        ],[0. 0. 0. 0. 1. 0. 0. 0. 1. 0. 0. 0. 0. 0. 0. 0. 0. 0. 0. 0. 0. 1. 0. 1. 0. 0. 0. 0. 0. 0. 0.],4.0,10000,30,0.6,10,1,4,,problem_solving
2900,0.015627735858327194,0.0105373999153761,0.4,5.49443062923519,[0.         0.         0.         0.         0.94927556 0.         0.         0.         0.01547269 0.         0.         0.         0.         0.         0.         0.         0.         0.         0.         0.         0.         0.01120961 0.         0.02404213 0.         0.         0.         0.         0.         0.         0.        ],[0. 0. 0. 0. 1. 0. 0. 0. 1. 0. 0. 0. 0. 0. 0. 0. 0. 0. 0. 0. 0. 1. 0. 1. 0. 0. 0. 0. 0. 0. 0.],4.0,10000,30,0.6,10,1,4,,problem_solving
3000,0.015627735858327194,0.0105373999153761,0.4,2.110118067825008,[0.         0.         0.         0.         0.94927556 0.         0.         0.         0.01547269 0.         0.         0.         0.         0.         0.         0.         0.         0.         0.         0.         0.         0.01120961 0.         0.02404213 0.         0.         0.         0.         0.         0.         0.        ],[0. 0. 0. 0. 1. 0. 0. 0. 1. 0. 0. 0. 0. 0. 0. 0. 0. 0. 0. 0. 0. 1. 0. 1. 0. 0. 0. 0. 0. 0. 0.],4.0,10000,30,0.6,10,1,4,,problem_solving
3100,0.015627735858327194,0.0105373999153761,0.4,-10.21412884765425,[0.         0.         0.         0.         0.94927556 0.         0.         0.         0.01547269 0.         0.         0.         0.         0.         0.         0.         0.         0.         0.         0.         0.         0.01120961 0.         0.02404213 0.         0.         0.         0.         0.         0.         0.        ],[0. 0. 0. 0. 1. 0. 0. 0. 1. 0. 0. 0. 0. 0. 0. 0. 0. 0. 0. 0. 0. 1. 0. 1. 0. 0. 0. 0. 0. 0. 0.],4.0,10000,30,0.6,10,1,4,,problem_solving
3200,0.015627735858327194,0.0105373999153761,0.4,-2.3596896905967197,[0.         0.         0.         0.         0.94927556 0.         0.         0.         0.01547269 0.         0.         0.         0.         0.         0.         0.         0.         0.         0.         0.         0.         0.01120961 0.         0.02404213 0.         0.         0.         0.         0.         0.         0.        ],[0. 0. 0. 0. 1. 0. 0. 0. 1. 0. 0. 0. 0. 0. 0. 0. 0. 0. 0. 0. 0. 1. 0. 1. 0. 0. 0. 0. 0. 0. 0.],4.0,10000,30,0.6,10,1,4,,problem_solving
3300,0.015627735858327194,0.0105373999153761,0.4,-5.447520622695418,[0.         0.         0.         0.         0.94927556 0.         0.         0.         0.01547269 0.         0.         0.         0.         0.         0.         0.         0.         0.         0.         0.         0.         0.01120961 0.         0.02404213 0.         0.         0.         0.         0.         0.         0.        ],[0. 0. 0. 0. 1. 0. 0. 0. 1. 0. 0. 0. 0. 0. 0. 0. 0. 0. 0. 0. 0. 1. 0. 1. 0. 0. 0. 0. 0. 0. 0.],4.0,10000,30,0.6,10,1,4,,problem_solving
3400,0.015627735858327194,0.0105373999153761,0.4,-3.956932054818566,[0.         0.         0.         0.         0.94927556 0.         0.         0.         0.01547269 0.         0.         0.         0.         0.         0.         0.         0.         0.         0.         0.         0.         0.01120961 0.         0.02404213 0.         0.         0.         0.         0.         0.         0.        ],[0. 0. 0. 0. 1. 0. 0. 0. 1. 0. 0. 0. 0. 0. 0. 0. 0. 0. 0. 0. 0. 1. 0. 1. 0. 0. 0. 0. 0. 0. 0.],4.0,10000,30,0.6,10,1,4,,problem_solving
3500,0.015627735858327194,0.0105373999153761,0.4,12.58176426360386,[0.         0.         0.         0.         0.94927556 0.         0.         0.         0.01547269 0.         0.         0.         0.         0.         0.         0.         0.         0.         0.         0.         0.         0.01120961 0.         0.02404213 0.         0.         0.         0.         0.         0.         0.        ],[0. 0. 0. 0. 1. 0. 0. 0. 1. 0. 0. 0. 0. 0. 0. 0. 0. 0. 0. 0. 0. 1. 0. 1. 0. 0. 0. 0. 0. 0. 0.],4.0,10000,30,0.6,10,1,4,,problem_solving
3600,0.015627735858327194,0.0105373999153761,0.4,-13.344072403034135,[0.         0.         0.         0.         0.94927556 0.         0.         0.         0.01547269 0.         0.         0.         0.         0.         0.         0.         0.         0.         0.         0.         0.         0.01120961 0.         0.02404213 0.         0.         0.         0.         0.         0.         0.        ],[0. 0. 0. 0. 1. 0. 0. 0. 1. 0. 0. 0. 0. 0. 0. 0. 0. 0. 0. 0. 0. 1. 0. 1. 0. 0. 0. 0. 0. 0. 0.],4.0,10000,30,0.6,10,1,4,,problem_solving
3700,0.015627735858327194,0.0105373999153761,0.4,-1.6155230928871787,[0.         0.         0.         0.         0.94927556 0.         0.         0.         0.01547269 0.         0.         0.         0.         0.         0.         0.         0.         0.         0.         0.         0.         0.01120961 0.         0.02404213 0.         0.         0.         0.         0.         0.         0.        ],[0. 0. 0. 0. 1. 0. 0. 0. 1. 0. 0. 0. 0. 0. 0. 0. 0. 0. 0. 0. 0. 1. 0. 1. 0. 0. 0. 0. 0. 0. 0.],4.0,10000,30,0.6,10,1,4,,problem_solving
3800,0.015627735858327194,0.0105373999153761,0.4,20.347492395918934,[0.         0.         0.         0.         0.94927556 0.         0.         0.         0.01547269 0.         0.         0.         0.         0.         0.         0.         0.         0.         0.         0.         0.         0.01120961 0.         0.02404213 0.         0.         0.         0.         0.         0.         0.        ],[0. 0. 0. 0. 1. 0. 0. 0. 1. 0. 0. 0. 0. 0. 0. 0. 0. 0. 0. 0. 0. 1. 0. 1. 0. 0. 0. 0. 0. 0. 0.],4.0,10000,30,0.6,10,1,4,,problem_solving
3900,0.015627735858327194,0.0105373999153761,0.4,0.28256814634531524,[0.         0.         0.         0.         0.94927556 0.         0.         0.         0.01547269 0.         0.         0.         0.         0.         0.         0.         0.         0.         0.         0.         0.         0.01120961 0.         0.02404213 0.         0.         0.         0.         0.         0.         0.        ],[0. 0. 0. 0. 1. 0. 0. 0. 1. 0. 0. 0. 0. 0. 0. 0. 0. 0. 0. 0. 0. 1. 0. 1. 0. 0. 0. 0. 0. 0. 0.],4.0,10000,30,0.6,10,1,4,,problem_solving
4000,0.015627735858327194,0.0105373999153761,0.4,0.7323022550567144,[0.         0.         0.         0.         0.94927556 0.         0.         0.         0.01547269 0.         0.         0.         0.         0.         0.         0.         0.         0.         0.         0.         0.         0.01120961 0.         0.02404213 0.         0.         0.         0.         0.         0.         0.        ],[0. 0. 0. 0. 1. 0. 0. 0. 1. 0. 0. 0. 0. 0. 0. 0. 0. 0. 0. 0. 0. 1. 0. 1. 0. 0. 0. 0. 0. 0. 0.],4.0,10000,30,0.6,10,1,4,,problem_solving
4100,0.015627735858327194,0.0105373999153761,0.4,7.404059723498598,[0.         0.         0.         0.         0.94927556 0.         0.         0.         0.01547269 0.         0.         0.         0.         0.         0.         0.         0.         0.         0.         0.         0.         0.01120961 0.         0.02404213 0.         0.         0.         0.         0.         0.         0.        ],[0. 0. 0. 0. 1. 0. 0. 0. 1. 0. 0. 0. 0. 0. 0. 0. 0. 0. 0. 0. 0. 1. 0. 1. 0. 0. 0. 0. 0. 0. 0.],4.0,10000,30,0.6,10,1,4,,problem_solving
4200,0.015627735858327194,0.0105373999153761,0.4,0.3240643474056318,[0.         0.         0.         0.         0.94927556 0.         0.         0.         0.01547269 0.         0.         0.         0.         0.         0.         0.         0.         0.         0.         0.         0.         0.01120961 0.         0.02404213 0.         0.         0.         0.         0.         0.         0.        ],[0. 0. 0. 0. 1. 0. 0. 0. 1. 0. 0. 0. 0. 0. 0. 0. 0. 0. 0. 0. 0. 1. 0. 1. 0. 0. 0. 0. 0. 0. 0.],4.0,10000,30,0.6,10,1,4,,problem_solving
4300,0.015627735858327194,0.0105373999153761,0.4,11.010394340650556,[0.         0.         0.         0.         0.94927556 0.         0.         0.         0.01547269 0.         0.         0.         0.         0.         0.         0.         0.         0.         0.         0.         0.         0.01120961 0.         0.02404213 0.         0.         0.         0.         0.         0.         0.        ],[0. 0. 0. 0. 1. 0. 0. 0. 1. 0. 0. 0. 0. 0. 0. 0. 0. 0. 0. 0. 0. 1. 0. 1. 0. 0. 0. 0. 0. 0. 0.],4.0,10000,30,0.6,10,1,4,,problem_solving
4400,0.013610746386692622,0.004912798046734117,0.4,7.033188552317899,[0.01309507 0.         0.         0.         0.03173793 0.         0.         0.         0.         0.         0.         0.         0.         0.         0.         0.         0.         0.         0.         0.         0.         0.         0.         0.         0.0129774  0.9421896  0.         0.         0.         0.         0.        ],[1. 0. 0. 0. 1. 0. 0. 0. 0. 0. 0. 0. 0. 0. 0. 0. 0. 0. 0. 0. 0. 0. 0. 0. 1. 1. 0. 0. 0. 0. 0.],4.0,10000,30,0.6,10,1,4,,problem_solving
4500,0.013610746386692622,0.004912798046734117,0.4,-5.4172052059309905,[0.01309507 0.         0.         0.         0.03173793 0.         0.         0.         0.         0.         0.         0.         0.         0.         0.         0.         0.         0.         0.         0.         0.         0.         0.         0.         0.0129774  0.9421896  0.         0.         0.         0.         0.        ],[1. 0. 0. 0. 1. 0. 0. 0. 0. 0. 0. 0. 0. 0. 0. 0. 0. 0. 0. 0. 0. 0. 0. 0. 1. 1. 0. 0. 0. 0. 0.],4.0,10000,30,0.6,10,1,4,,problem_solving
4600,0.013610746386692622,0.004912798046734117,0.4,13.359085952096052,[0.01309507 0.         0.         0.         0.03173793 0.         0.         0.         0.         0.         0.         0.         0.         0.         0.         0.         0.         0.         0.         0.         0.         0.         0.         0.         0.0129774  0.9421896  0.         0.         0.         0.         0.        ],[1. 0. 0. 0. 1. 0. 0. 0. 0. 0. 0. 0. 0. 0. 0. 0. 0. 0. 0. 0. 0. 0. 0. 0. 1. 1. 0. 0. 0. 0. 0.],4.0,10000,30,0.6,10,1,4,,problem_solving
4700,0.013610746386692622,0.004912798046734117,0.4,-6.523013311545947,[0.01309507 0.         0.         0.         0.03173793 0.         0.         0.         0.         0.         0.         0.         0.         0.         0.         0.         0.         0.         0.         0.         0.         0.         0.         0.         0.0129774  0.9421896  0.         0.         0.         0.         0.        ],[1. 0. 0. 0. 1. 0. 0. 0. 0. 0. 0. 0. 0. 0. 0. 0. 0. 0. 0. 0. 0. 0. 0. 0. 1. 1. 0. 0. 0. 0. 0.],4.0,10000,30,0.6,10,1,4,,problem_solving
4800,0.013610746386692622,0.004912798046734117,0.4,-4.314087536998116,[0.01309507 0.         0.         0.         0.03173793 0.         0.         0.         0.         0.         0.         0.         0.         0.         0.         0.         0.         0.         0.         0.         0.         0.         0.         0.         0.0129774  0.9421896  0.         0.         0.         0.         0.        ],[1. 0. 0. 0. 1. 0. 0. 0. 0. 0. 0. 0. 0. 0. 0. 0. 0. 0. 0. 0. 0. 0. 0. 0. 1. 1. 0. 0. 0. 0. 0.],4.0,10000,30,0.6,10,1,4,,problem_solving
4900,0.013610746386692622,0.004912798046734117,0.4,-2.4776124853618744,[0.01309507 0.         0.         0.         0.03173793 0.         0.         0.         0.         0.         0.         0.         0.         0.         0.         0.         0.         0.         0.         0.         0.         0.         0.         0.         0.0129774  0.9421896  0.         0.         0.         0.         0.        ],[1. 0. 0. 0. 1. 0. 0. 0. 0. 0. 0. 0. 0. 0. 0. 0. 0. 0. 0. 0. 0. 0. 0. 0. 1. 1. 0. 0. 0. 0. 0.],4.0,10000,30,0.6,10,1,4,,problem_solving
5000,0.013610746386692622,0.004912798046734117,0.4,-5.750031420386053,[0.01309507 0.         0.         0.         0.03173793 0.         0.         0.         0.         0.         0.         0.         0.         0.         0.         0.         0.         0.         0.         0.         0.         0.         0.         0.         0.0129774  0.9421896  0.         0.         0.         0.         0.        ],[1. 0. 0. 0. 1. 0. 0. 0. 0. 0. 0. 0. 0. 0. 0. 0. 0. 0. 0. 0. 0. 0. 0. 0. 1. 1. 0. 0. 0. 0. 0.],4.0,10000,30,0.6,10,1,4,,problem_solving
5100,0.013610746386692622,0.004912798046734117,0.4,-0.17926204606084992,[0.01309507 0.         0.         0.         0.03173793 0.         0.         0.         0.         0.         0.         0.         0.         0.         0.         0.         0.         0.         0.         0.         0.         0.         0.         0.         0.0129774  0.9421896  0.         0.         0.         0.         0.        ],[1. 0. 0. 0. 1. 0. 0. 0. 0. 0. 0. 0. 0. 0. 0. 0. 0. 0. 0. 0. 0. 0. 0. 0. 1. 1. 0. 0. 0. 0. 0.],4.0,10000,30,0.6,10,1,4,,problem_solving
5200,0.013610746386692622,0.004912798046734117,0.4,-0.1116502812496749,[0.01309507 0.         0.         0.         0.03173793 0.         0.         0.         0.         0.         0.         0.         0.         0.         0.         0.         0.         0.         0.         0.         0.         0.         0.         0.         0.0129774  0.9421896  0.         0.         0.         0.         0.        ],[1. 0. 0. 0. 1. 0. 0. 0. 0. 0. 0. 0. 0. 0. 0. 0. 0. 0. 0. 0. 0. 0. 0. 0. 1. 1. 0. 0. 0. 0. 0.],4.0,10000,30,0.6,10,1,4,,problem_solving
5300,0.013610746386692622,0.004912798046734117,0.4,9.189198664560044,[0.01309507 0.         0.         0.         0.03173793 0.         0.         0.         0.         0.         0.         0.         0.         0.         0.         0.         0.         0.         0.         0.         0.         0.         0.         0.         0.0129774  0.9421896  0.         0.         0.         0.         0.        ],[1. 0. 0. 0. 1. 0. 0. 0. 0. 0. 0. 0. 0. 0. 0. 0. 0. 0. 0. 0. 0. 0. 0. 0. 1. 1. 0. 0. 0. 0. 0.],4.0,10000,30,0.6,10,1,4,,problem_solving
5400,0.013610746386692622,0.004912798046734117,0.4,1.4040620933445322,[0.01309507 0.         0.         0.         0.03173793 0.         0.         0.         0.         0.         0.         0.         0.         0.         0.         0.         0.         0.         0.         0.         0.         0.         0.         0.         0.0129774  0.9421896  0.         0.         0.         0.         0.        ],[1. 0. 0. 0. 1. 0. 0. 0. 0. 0. 0. 0. 0. 0. 0. 0. 0. 0. 0. 0. 0. 0. 0. 0. 1. 1. 0. 0. 0. 0. 0.],4.0,10000,30,0.6,10,1,4,,problem_solving
5500,0.013610746386692622,0.004912798046734117,0.4,4.767706116434502,[0.01309507 0.         0.         0.         0.03173793 0.         0.         0.         0.         0.         0.         0.         0.         0.         0.         0.         0.         0.         0.         0.         0.         0.         0.         0.         0.0129774  0.9421896  0.         0.         0.         0.         0.        ],[1. 0. 0. 0. 1. 0. 0. 0. 0. 0. 0. 0. 0. 0. 0. 0. 0. 0. 0. 0. 0. 0. 0. 0. 1. 1. 0. 0. 0. 0. 0.],4.0,10000,30,0.6,10,1,4,,problem_solving
5600,0.013610746386692622,0.004912798046734117,0.4,1.0463405405021091,[0.01309507 0.         0.         0.         0.03173793 0.         0.         0.         0.         0.         0.         0.         0.         0.         0.         0.         0.         0.         0.         0.         0.         0.         0.         0.         0.0129774  0.9421896  0.         0.         0.         0.         0.        ],[1. 0. 0. 0. 1. 0. 0. 0. 0. 0. 0. 0. 0. 0. 0. 0. 0. 0. 0. 0. 0. 0. 0. 0. 1. 1. 0. 0. 0. 0. 0.],4.0,10000,30,0.6,10,1,4,,problem_solving
5700,0.013610746386692622,0.004912798046734117,0.4,4.085041103584136,[0.01309507 0.         0.         0.         0.03173793 0.         0.         0.         0.         0.         0.         0.         0.         0.         0.         0.         0.         0.         0.         0.         0.         0.         0.         0.         0.0129774  0.9421896  0.         0.         0.         0.         0.        ],[1. 0. 0. 0. 1. 0. 0. 0. 0. 0. 0. 0. 0. 0. 0. 0. 0. 0. 0. 0. 0. 0. 0. 0. 1. 1. 0. 0. 0. 0. 0.],4.0,10000,30,0.6,10,1,4,,problem_solving
5800,0.013610746386692622,0.004912798046734117,0.4,-10.174572525602638,[0.01309507 0.         0.         0.         0.03173793 0.         0.         0.         0.         0.         0.         0.         0.         0.         0.         0.         0.         0.         0.         0.         0.         0.         0.         0.         0.0129774  0.9421896  0.         0.         0.         0.         0.        ],[1. 0. 0. 0. 1. 0. 0. 0. 0. 0. 0. 0. 0. 0. 0. 0. 0. 0. 0. 0. 0. 0. 0. 0. 1. 1. 0. 0. 0. 0. 0.],4.0,10000,30,0.6,10,1,4,,problem_solving
5900,0.013610746386692622,0.004912798046734117,0.4,-5.0927974179200834,[0.01309507 0.         0.         0.         0.03173793 0.         0.         0.         0.         0.         0.         0.         0.         0.         0.         0.         0.         0.         0.         0.         0.         0.         0.         0.         0.0129774  0.9421896  0.         0.         0.         0.         0.        ],[1. 0. 0. 0. 1. 0. 0. 0. 0. 0. 0. 0. 0. 0. 0. 0. 0. 0. 0. 0. 0. 0. 0. 0. 1. 1. 0. 0. 0. 0. 0.],4.0,10000,30,0.6,10,1,4,,problem_solving
6000,0.013610746386692622,0.004912798046734117,0.4,-9.392436690819574,[0.01309507 0.         0.         0.         0.03173793 0.         0.         0.         0.         0.         0.         0.         0.         0.         0.         0.         0.         0.         0.         0.         0.         0.         0.         0.         0.0129774  0.9421896  0.         0.         0.         0.         0.        ],[1. 0. 0. 0. 1. 0. 0. 0. 0. 0. 0. 0. 0. 0. 0. 0. 0. 0. 0. 0. 0. 0. 0. 0. 1. 1. 0. 0. 0. 0. 0.],4.0,10000,30,0.6,10,1,4,,problem_solving
6100,0.013610746386692622,0.004912798046734117,0.4,1.3179309857340595,[0.01309507 0.         0.         0.         0.03173793 0.         0.         0.         0.         0.         0.         0.         0.         0.         0.         0.         0.         0.         0.         0.         0.         0.         0.         0.         0.0129774  0.9421896  0.         0.         0.         0.         0.        ],[1. 0. 0. 0. 1. 0. 0. 0. 0. 0. 0. 0. 0. 0. 0. 0. 0. 0. 0. 0. 0. 0. 0. 0. 1. 1. 0. 0. 0. 0. 0.],4.0,10000,30,0.6,10,1,4,,problem_solving
6200,0.013610746386692622,0.004912798046734117,0.4,2.615507951554326,[0.01309507 0.         0.         0.         0.03173793 0.         0.         0.         0.         0.         0.         0.         0.         0.         0.         0.         0.         0.         0.         0.         0.         0.         0.         0.         0.0129774  0.9421896  0.         0.         0.         0.         0.        ],[1. 0. 0. 0. 1. 0. 0. 0. 0. 0. 0. 0. 0. 0. 0. 0. 0. 0. 0. 0. 0. 0. 0. 0. 1. 1. 0. 0. 0. 0. 0.],4.0,10000,30,0.6,10,1,4,,problem_solving
6300,0.013610746386692622,0.004912798046734117,0.4,0.08819965992600433,[0.01309507 0.         0.         0.         0.03173793 0.         0.         0.         0.         0.         0.         0.         0.         0.         0.         0.         0.         0.         0.         0.         0.         0.         0.         0.         0.0129774  0.9421896  0.         0.         0.         0.         0.        ],[1. 0. 0. 0. 1. 0. 0. 0. 0. 0. 0. 0. 0. 0. 0. 0. 0. 0. 0. 0. 0. 0. 0. 0. 1. 1. 0. 0. 0. 0. 0.],4.0,10000,30,0.6,10,1,4,,problem_solving
6400,0.013610746386692622,0.004912798046734117,0.4,17.090861784133374,[0.01309507 0.         0.         0.         0.03173793 0.         0.         0.         0.         0.         0.         0.         0.         0.         0.         0.         0.         0.         0.         0.         0.         0.         0.         0.         0.0129774  0.9421896  0.         0.         0.         0.         0.        ],[1. 0. 0. 0. 1. 0. 0. 0. 0. 0. 0. 0. 0. 0. 0. 0. 0. 0. 0. 0. 0. 0. 0. 0. 1. 1. 0. 0. 0. 0. 0.],4.0,10000,30,0.6,10,1,4,,problem_solving
6500,0.013610746386692622,0.004912798046734117,0.4,1.022053164240055,[0.01309507 0.         0.         0.         0.03173793 0.         0.         0.         0.         0.         0.         0.         0.         0.         0.         0.         0.         0.         0.         0.         0.         0.         0.         0.         0.0129774  0.9421896  0.         0.         0.         0.         0.        ],[1. 0. 0. 0. 1. 0. 0. 0. 0. 0. 0. 0. 0. 0. 0. 0. 0. 0. 0. 0. 0. 0. 0. 0. 1. 1. 0. 0. 0. 0. 0.],4.0,10000,30,0.6,10,1,4,,problem_solving
6600,0.013610746386692622,0.004912798046734117,0.4,2.1819797355068538,[0.01309507 0.         0.         0.         0.03173793 0.         0.         0.         0.         0.         0.         0.         0.         0.         0.         0.         0.         0.         0.         0.         0.         0.         0.         0.         0.0129774  0.9421896  0.         0.         0.         0.         0.        ],[1. 0. 0. 0. 1. 0. 0. 0. 0. 0. 0. 0. 0. 0. 0. 0. 0. 0. 0. 0. 0. 0. 0. 0. 1. 1. 0. 0. 0. 0. 0.],4.0,10000,30,0.6,10,1,4,,problem_solving
6700,0.013610746386692622,0.004912798046734117,0.4,-5.963423068288814,[0.01309507 0.         0.         0.         0.03173793 0.         0.         0.         0.         0.         0.         0.         0.         0.         0.         0.         0.         0.         0.         0.         0.         0.         0.         0.         0.0129774  0.9421896  0.         0.         0.         0.         0.        ],[1. 0. 0. 0. 1. 0. 0. 0. 0. 0. 0. 0. 0. 0. 0. 0. 0. 0. 0. 0. 0. 0. 0. 0. 1. 1. 0. 0. 0. 0. 0.],4.0,10000,30,0.6,10,1,4,,problem_solving
6800,0.013610746386692622,0.004912798046734117,0.4,-0.9278359772457456,[0.01309507 0.         0.         0.         0.03173793 0.         0.         0.         0.         0.         0.         0.         0.         0.         0.         0.         0.         0.         0.         0.         0.         0.         0.         0.         0.0129774  0.9421896  0.         0.         0.         0.         0.        ],[1. 0. 0. 0. 1. 0. 0. 0. 0. 0. 0. 0. 0. 0. 0. 0. 0. 0. 0. 0. 0. 0. 0. 0. 1. 1. 0. 0. 0. 0. 0.],4.0,10000,30,0.6,10,1,4,,problem_solving
6900,0.013610746386692622,0.004912798046734117,0.4,-5.051226981889502,[0.01309507 0.         0.         0.         0.03173793 0.         0.         0.         0.         0.         0.         0.         0.         0.         0.         0.         0.         0.         0.         0.         0.         0.         0.         0.         0.0129774  0.9421896  0.         0.         0.         0.         0.        ],[1. 0. 0. 0. 1. 0. 0. 0. 0. 0. 0. 0. 0. 0. 0. 0. 0. 0. 0. 0. 0. 0. 0. 0. 1. 1. 0. 0. 0. 0. 0.],4.0,10000,30,0.6,10,1,4,,problem_solving
7000,0.013610746386692622,0.004912798046734117,0.4,-5.595146668943015,[0.01309507 0.         0.         0.         0.03173793 0.         0.         0.         0.         0.         0.         0.         0.         0.         0.         0.         0.         0.         0.         0.         0.         0.         0.         0.         0.0129774  0.9421896  0.         0.         0.         0.         0.        ],[1. 0. 0. 0. 1. 0. 0. 0. 0. 0. 0. 0. 0. 0. 0. 0. 0. 0. 0. 0. 0. 0. 0. 0. 1. 1. 0. 0. 0. 0. 0.],4.0,10000,30,0.6,10,1,4,,problem_solving
7100,0.013610746386692622,0.004912798046734117,0.4,15.012957032676779,[0.01309507 0.         0.         0.         0.03173793 0.         0.         0.         0.         0.         0.         0.         0.         0.         0.         0.         0.         0.         0.         0.         0.         0.         0.         0.         0.0129774  0.9421896  0.         0.         0.         0.         0.        ],[1. 0. 0. 0. 1. 0. 0. 0. 0. 0. 0. 0. 0. 0. 0. 0. 0. 0. 0. 0. 0. 0. 0. 0. 1. 1. 0. 0. 0. 0. 0.],4.0,10000,30,0.6,10,1,4,,problem_solving
7200,0.013610746386692622,0.004912798046734117,0.4,1.4158231357320346,[0.01309507 0.         0.         0.         0.03173793 0.         0.         0.         0.         0.         0.         0.         0.         0.         0.         0.         0.         0.         0.         0.         0.         0.         0.         0.         0.0129774  0.9421896  0.         0.         0.         0.         0.        ],[1. 0. 0. 0. 1. 0. 0. 0. 0. 0. 0. 0. 0. 0. 0. 0. 0. 0. 0. 0. 0. 0. 0. 0. 1. 1. 0. 0. 0. 0. 0.],4.0,10000,30,0.6,10,1,4,,problem_solving
7300,0.013610746386692622,0.004912798046734117,0.4,-7.438333153535746,[0.01309507 0.         0.         0.         0.03173793 0.         0.         0.         0.         0.         0.         0.         0.         0.         0.         0.         0.         0.         0.         0.         0.         0.         0.         0.         0.0129774  0.9421896  0.         0.         0.         0.         0.        ],[1. 0. 0. 0. 1. 0. 0. 0. 0. 0. 0. 0. 0. 0. 0. 0. 0. 0. 0. 0. 0. 0. 0. 0. 1. 1. 0. 0. 0. 0. 0.],4.0,10000,30,0.6,10,1,4,,problem_solving
7400,0.013610746386692622,0.004912798046734117,0.4,-9.204282970240833,[0.01309507 0.         0.         0.         0.03173793 0.         0.         0.         0.         0.         0.         0.         0.         0.         0.         0.         0.         0.         0.         0.         0.         0.         0.         0.         0.0129774  0.9421896  0.         0.         0.         0.         0.        ],[1. 0. 0. 0. 1. 0. 0. 0. 0. 0. 0. 0. 0. 0. 0. 0. 0. 0. 0. 0. 0. 0. 0. 0. 1. 1. 0. 0. 0. 0. 0.],4.0,10000,30,0.6,10,1,4,,problem_solving
7500,0.013610746386692622,0.004912798046734117,0.4,9.05108427107533,[0.01309507 0.         0.         0.         0.03173793 0.         0.         0.         0.         0.         0.         0.         0.         0.         0.         0.         0.         0.         0.         0.         0.         0.         0.         0.         0.0129774  0.9421896  0.         0.         0.         0.         0.        ],[1. 0. 0. 0. 1. 0. 0. 0. 0. 0. 0. 0. 0. 0. 0. 0. 0. 0. 0. 0. 0. 0. 0. 0. 1. 1. 0. 0. 0. 0. 0.],4.0,10000,30,0.6,10,1,4,,problem_solving
7600,0.013610746386692622,0.004912798046734117,0.4,2.273814703776225,[0.01309507 0.         0.         0.         0.03173793 0.         0.         0.         0.         0.         0.         0.         0.         0.         0.         0.         0.         0.         0.         0.         0.         0.         0.         0.         0.0129774  0.9421896  0.         0.         0.         0.         0.        ],[1. 0. 0. 0. 1. 0. 0. 0. 0. 0. 0. 0. 0. 0. 0. 0. 0. 0. 0. 0. 0. 0. 0. 0. 1. 1. 0. 0. 0. 0. 0.],4.0,10000,30,0.6,10,1,4,,problem_solving
7700,0.013409858882982365,0.0048374089912746835,0.4,8.48031316828932,[0.         0.         0.         0.         0.         0.         0.         0.         0.03771618 0.         0.         0.         0.         0.         0.         0.         0.         0.         0.         0.         0.         0.01109242 0.         0.01140344 0.         0.93978795 0.         0.         0.         0.         0.        ],[0. 0. 0. 0. 0. 0. 0. 0. 1. 0. 0. 0. 0. 0. 0. 0. 0. 0. 0. 0. 0. 1. 0. 1. 0. 1. 0. 0. 0. 0. 0.],4.0,10000,30,0.6,10,1,4,,problem_solving
7800,0.013409858882982365,0.0048374089912746835,0.4,7.241944702593176,[0.         0.         0.         0.         0.         0.         0.         0.         0.03771618 0.         0.         0.         0.         0.         0.         0.         0.         0.         0.         0.         0.         0.01109242 0.         0.01140344 0.         0.93978795 0.         0.         0.         0.         0.        ],[0. 0. 0. 0. 0. 0. 0. 0. 1. 0. 0. 0. 0. 0. 0. 0. 0. 0. 0. 0. 0. 1. 0. 1. 0. 1. 0. 0. 0. 0. 0.],4.0,10000,30,0.6,10,1,4,,problem_solving
7900,0.013409858882982365,0.0048374089912746835,0.4,8.355401917901613,[0.         0.         0.         0.         0.         0.         0.         0.         0.03771618 0.         0.         0.         0.         0.         0.         0.         0.         0.         0.         0.         0.         0.01109242 0.         0.01140344 0.         0.93978795 0.         0.         0.         0.         0.        ],[0. 0. 0. 0. 0. 0. 0. 0. 1. 0. 0. 0. 0. 0. 0. 0. 0. 0. 0. 0. 0. 1. 0. 1. 0. 1. 0. 0. 0. 0. 0.],4.0,10000,30,0.6,10,1,4,,problem_solving
8000,0.013409858882982365,0.0048374089912746835,0.4,3.8125737283287253,[0.         0.         0.         0.         0.         0.         0.         0.         0.03771618 0.         0.         0.         0.         0.         0.         0.         0.         0.         0.         0.         0.         0.01109242 0.         0.01140344 0.         0.93978795 0.         0.         0.         0.         0.        ],[0. 0. 0. 0. 0. 0. 0. 0. 1. 0. 0. 0. 0. 0. 0. 0. 0. 0. 0. 0. 0. 1. 0. 1. 0. 1. 0. 0. 0. 0. 0.],4.0,10000,30,0.6,10,1,4,,problem_solving
8100,0.013409858882982365,0.0048374089912746835,0.4,23.971549864911452,[0.         0.         0.         0.         0.         0.         0.         0.         0.03771618 0.         0.         0.         0.         0.         0.         0.         0.         0.         0.         0.         0.         0.01109242 0.         0.01140344 0.         0.93978795 0.         0.         0.         0.         0.        ],[0. 0. 0. 0. 0. 0. 0. 0. 1. 0. 0. 0. 0. 0. 0. 0. 0. 0. 0. 0. 0. 1. 0. 1. 0. 1. 0. 0. 0. 0. 0.],4.0,10000,30,0.6,10,1,4,,problem_solving
8200,0.013409858882982365,0.0048374089912746835,0.4,8.470125400808376,[0.         0.         0.         0.         0.         0.         0.         0.         0.03771618 0.         0.         0.         0.         0.         0.         0.         0.         0.         0.         0.         0.         0.01109242 0.         0.01140344 0.         0.93978795 0.         0.         0.         0.         0.        ],[0. 0. 0. 0. 0. 0. 0. 0. 1. 0. 0. 0. 0. 0. 0. 0. 0. 0. 0. 0. 0. 1. 0. 1. 0. 1. 0. 0. 0. 0. 0.],4.0,10000,30,0.6,10,1,4,,problem_solving
8300,0.013409858882982365,0.0048374089912746835,0.4,-1.3035806091635278,[0.         0.         0.         0.         0.         0.         0.         0.         0.03771618 0.         0.         0.         0.         0.         0.         0.         0.         0.         0.         0.         0.         0.01109242 0.         0.01140344 0.         0.93978795 0.         0.         0.         0.         0.        ],[0. 0. 0. 0. 0. 0. 0. 0. 1. 0. 0. 0. 0. 0. 0. 0. 0. 0. 0. 0. 0. 1. 0. 1. 0. 1. 0. 0. 0. 0. 0.],4.0,10000,30,0.6,10,1,4,,problem_solving
8400,0.013409858882982365,0.0048374089912746835,0.4,-8.725358967028898,[0.         0.         0.         0.         0.         0.         0.         0.         0.03771618 0.         0.         0.         0.         0.         0.         0.         0.         0.         0.         0.         0.         0.01109242 0.         0.01140344 0.         0.93978795 0.         0.         0.         0.         0.        ],[0. 0. 0. 0. 0. 0. 0. 0. 1. 0. 0. 0. 0. 0. 0. 0. 0. 0. 0. 0. 0. 1. 0. 1. 0. 1. 0. 0. 0. 0. 0.],4.0,10000,30,0.6,10,1,4,,problem_solving
8500,0.013409858882982365,0.0048374089912746835,0.4,4.133338135083491,[0.         0.         0.         0.         0.         0.         0.         0.         0.03771618 0.         0.         0.         0.         0.         0.         0.         0.         0.         0.         0.         0.         0.01109242 0.         0.01140344 0.         0.93978795 0.         0.         0.         0.         0.        ],[0. 0. 0. 0. 0. 0. 0. 0. 1. 0. 0. 0. 0. 0. 0. 0. 0. 0. 0. 0. 0. 1. 0. 1. 0. 1. 0. 0. 0. 0. 0.],4.0,10000,30,0.6,10,1,4,,problem_solving
8600,0.013409858882982365,0.0048374089912746835,0.4,-5.337739151389735,[0.         0.         0.         0.         0.         0.         0.         0.         0.03771618 0.         0.         0.         0.         0.         0.         0.         0.         0.         0.         0.         0.         0.01109242 0.         0.01140344 0.         0.93978795 0.         0.         0.         0.         0.        ],[0. 0. 0. 0. 0. 0. 0. 0. 1. 0. 0. 0. 0. 0. 0. 0. 0. 0. 0. 0. 0. 1. 0. 1. 0. 1. 0. 0. 0. 0. 0.],4.0,10000,30,0.6,10,1,4,,problem_solving
8700,0.013409858882982365,0.0048374089912746835,0.4,13.28425551162782,[0.         0.         0.         0.         0.         0.         0.         0.         0.03771618 0.         0.         0.         0.         0.         0.         0.         0.         0.         0.         0.         0.         0.01109242 0.         0.01140344 0.         0.93978795 0.         0.         0.         0.         0.        ],[0. 0. 0. 0. 0. 0. 0. 0. 1. 0. 0. 0. 0. 0. 0. 0. 0. 0. 0. 0. 0. 1. 0. 1. 0. 1. 0. 0. 0. 0. 0.],4.0,10000,30,0.6,10,1,4,,problem_solving
8800,0.013409858882982365,0.0048374089912746835,0.4,-4.678504168193661,[0.         0.         0.         0.         0.         0.         0.         0.         0.03771618 0.         0.         0.         0.         0.         0.         0.         0.         0.         0.         0.         0.         0.01109242 0.         0.01140344 0.         0.93978795 0.         0.         0.         0.         0.        ],[0. 0. 0. 0. 0. 0. 0. 0. 1. 0. 0. 0. 0. 0. 0. 0. 0. 0. 0. 0. 0. 1. 0. 1. 0. 1. 0. 0. 0. 0. 0.],4.0,10000,30,0.6,10,1,4,,problem_solving
8900,0.013409858882982365,0.0048374089912746835,0.4,10.285267227964853,[0.         0.         0.         0.         0.         0.         0.         0.         0.03771618 0.         0.         0.         0.         0.         0.         0.         0.         0.         0.         0.         0.         0.01109242 0.         0.01140344 0.         0.93978795 0.         0.         0.         0.         0.        ],[0. 0. 0. 0. 0. 0. 0. 0. 1. 0. 0. 0. 0. 0. 0. 0. 0. 0. 0. 0. 0. 1. 0. 1. 0. 1. 0. 0. 0. 0. 0.],4.0,10000,30,0.6,10,1,4,,problem_solving
9000,0.013409858882982365,0.0048374089912746835,0.4,-12.629765034992904,[0.         0.         0.         0.         0.         0.         0.         0.         0.03771618 0.         0.         0.         0.         0.         0.         0.         0.         0.         0.         0.         0.         0.01109242 0.         0.01140344 0.         0.93978795 0.         0.         0.         0.         0.        ],[0. 0. 0. 0. 0. 0. 0. 0. 1. 0. 0. 0. 0. 0. 0. 0. 0. 0. 0. 0. 0. 1. 0. 1. 0. 1. 0. 0. 0. 0. 0.],4.0,10000,30,0.6,10,1,4,,problem_solving
9100,0.013409858882982365,0.0048374089912746835,0.4,-4.4216720127851215,[0.         0.         0.         0.         0.         0.         0.         0.         0.03771618 0.         0.         0.         0.         0.         0.         0.         0.         0.         0.         0.         0.         0.01109242 0.         0.01140344 0.         0.93978795 0.         0.         0.         0.         0.        ],[0. 0. 0. 0. 0. 0. 0. 0. 1. 0. 0. 0. 0. 0. 0. 0. 0. 0. 0. 0. 0. 1. 0. 1. 0. 1. 0. 0. 0. 0. 0.],4.0,10000,30,0.6,10,1,4,,problem_solving
9200,0.013409858882982365,0.0048374089912746835,0.4,-0.059252436207744674,[0.         0.         0.         0.         0.         0.         0.         0.         0.03771618 0.         0.         0.         0.         0.         0.         0.         0.         0.         0.         0.         0.         0.01109242 0.         0.01140344 0.         0.93978795 0.         0.         0.         0.         0.        ],[0. 0. 0. 0. 0. 0. 0. 0. 1. 0. 0. 0. 0. 0. 0. 0. 0. 0. 0. 0. 0. 1. 0. 1. 0. 1. 0. 0. 0. 0. 0.],4.0,10000,30,0.6,10,1,4,,problem_solving
9300,0.013409858882982365,0.0048374089912746835,0.4,9.468130886777661,[0.         0.         0.         0.         0.         0.         0.         0.         0.03771618 0.         0.         0.         0.         0.         0.         0.         0.         0.         0.         0.         0.         0.01109242 0.         0.01140344 0.         0.93978795 0.         0.         0.         0.         0.        ],[0. 0. 0. 0. 0. 0. 0. 0. 1. 0. 0. 0. 0. 0. 0. 0. 0. 0. 0. 0. 0. 1. 0. 1. 0. 1. 0. 0. 0. 0. 0.],4.0,10000,30,0.6,10,1,4,,problem_solving
9400,0.013409858882982365,0.0048374089912746835,0.4,-3.638756275050166,[0.         0.         0.         0.         0.         0.         0.         0.         0.03771618 0.         0.         0.         0.         0.         0.         0.         0.         0.         0.         0.         0.         0.01109242 0.         0.01140344 0.         0.93978795 0.         0.         0.         0.         0.        ],[0. 0. 0. 0. 0. 0. 0. 0. 1. 0. 0. 0. 0. 0. 0. 0. 0. 0. 0. 0. 0. 1. 0. 1. 0. 1. 0. 0. 0. 0. 0.],4.0,10000,30,0.6,10,1,4,,problem_solving
9500,0.012401418245120005,0.004656328919838306,0.4,-6.727235933244259,[0.         0.         0.         0.         0.         0.         0.         0.         0.         0.         0.         0.         0.         0.         0.         0.         0.01470936 0.         0.         0.         0.         0.         0.         0.         0.         0.93738749 0.         0.03431159 0.01359157 0.         0.        ],[0. 0. 0. 0. 0. 0. 0. 0. 0. 0. 0. 0. 0. 0. 0. 0. 1. 0. 0. 0. 0. 0. 0. 0. 0. 1. 0. 1. 1. 0. 0.],4.0,10000,30,0.6,10,1,4,,problem_solving
9600,0.012401418245120005,0.004656328919838306,0.4,6.2340821064211855,[0.         0.         0.         0.         0.         0.         0.         0.         0.         0.         0.         0.         0.         0.         0.         0.         0.01470936 0.         0.         0.         0.         0.         0.         0.         0.         0.93738749 0.         0.03431159 0.01359157 0.         0.        ],[0. 0. 0. 0. 0. 0. 0. 0. 0. 0. 0. 0. 0. 0. 0. 0. 1. 0. 0. 0. 0. 0. 0. 0. 0. 1. 0. 1. 1. 0. 0.],4.0,10000,30,0.6,10,1,4,,problem_solving
9700,0.008731872257970912,0.004753509769094629,0.4,-36.1099319577023,[0.         0.         0.         0.         0.         0.         0.         0.         0.01184332 0.         0.         0.         0.         0.         0.         0.01192411 0.         0.         0.         0.         0.         0.         0.         0.01211297 0.         0.9641196  0.         0.         0.         0.         0.        ],[0. 0. 0. 0. 0. 0. 0. 0. 1. 0. 0. 0. 0. 0. 0. 1. 0. 0. 0. 0. 0. 0. 0. 1. 0. 1. 0. 0. 0. 0. 0.],4.0,10000,30,0.6,10,1,4,,problem_solving
9800,0.008731872257970912,0.004753509769094629,0.4,-19.245976550612344,[0.         0.         0.         0.         0.         0.         0.         0.         0.01184332 0.         0.         0.         0.         0.         0.         0.01192411 0.         0.         0.         0.         0.         0.         0.         0.01211297 0.         0.9641196  0.         0.         0.         0.         0.        ],[0. 0. 0. 0. 0. 0. 0. 0. 1. 0. 0. 0. 0. 0. 0. 1. 0. 0. 0. 0. 0. 0. 0. 1. 0. 1. 0. 0. 0. 0. 0.],4.0,10000,30,0.6,10,1,4,,problem_solving
9900,0.008731872257970912,0.004753509769094629,0.4,-5.672796306249982,[0.         0.         0.         0.         0.         0.         0.         0.         0.01184332 0.         0.         0.         0.         0.         0.         0.01192411 0.         0.         0.         0.         0.         0.         0.         0.01211297 0.         0.9641196  0.         0.         0.         0.         0.        ],[0. 0. 0. 0. 0. 0. 0. 0. 1. 0. 0. 0. 0. 0. 0. 1. 0. 0. 0. 0. 0. 0. 0. 1. 0. 1. 0. 0. 0. 0. 0.],4.0,10000,30,0.6,10,1,4,,problem_solving
9999,0.008731872257970912,0.004753509769094629,0.4,17.783346900237248,[0.         0.         0.         0.         0.         0.         0.         0.         0.01184332 0.         0.         0.         0.         0.         0.         0.01192411 0.         0.         0.         0.         0.         0.         0.         0.01211297 0.         0.9641196  0.         0.         0.         0.         0.        ],[0. 0. 0. 0. 0. 0. 0. 0. 1. 0. 0. 0. 0. 0. 0. 1. 0. 0. 0. 0. 0. 0. 0. 1. 0. 1. 0. 0. 0. 0. 0.],4.0,10000,30,0.6,10,1,4,,problem_solving
