iter,cost,risk,return,par,bw,move,X,Z,Q,pop_init,max_iter,pop_size,mem_size,mem_consider,par_min,par_max,bw_min,bw_max,sigma,lambda,port_n,k,seed,tag,local_search
1,0.02986610673432486,0.036242,0.0036073329104696268,0.50004,0.8999471007548476,0.9799410348142066,[0.         0.         0.         0.         0.96177279 0.         0.         0.         0.         0.         0.         0.         0.         0.0127424  0.         0.         0.0127424  0.         0.         0.         0.         0.         0.         0.         0.         0.         0.         0.0127424  0.         0.         0.        ],[0. 0. 0. 0. 1. 0. 0. 0. 0. 0. 0. 0. 0. 1. 0. 0. 1. 0. 0. 0. 0. 0. 0. 0. 0. 0. 0. 1. 0. 0. 0.],4.0,best,10000,100000,100,0.9,0.5,0.9,0.5,0.9,3,0.84,1,4,,problem_solving,10
100,0.007319068619549531,0.058798,0.003324455554118289,0.504,0.894725436791504,0.45105682772077105,[0.         0.         0.         0.         0.02202321 0.         0.         0.         0.01500351 0.         0.         0.         0.         0.         0.         0.         0.         0.         0.         0.         0.         0.         0.         0.         0.         0.94796977 0.         0.01500351 0.         0.         0.        ],[0. 0. 0. 0. 1. 0. 0. 0. 1. 0. 0. 0. 0. 0. 0. 0. 0. 0. 0. 0. 0. 0. 0. 0. 0. 1. 0. 1. 0. 0. 0.],4.0,best,10000,100000,100,0.9,0.5,0.9,0.5,0.9,3,0.84,1,4,,problem_solving,10
200,0.007263332770907405,0.049078,0.0026372626443399816,0.508,0.8894817858241639,1.090228989781628,[0.         0.         0.         0.         0.         0.         0.         0.         0.01612449 0.         0.         0.         0.         0.01257633 0.         0.         0.         0.         0.         0.         0.         0.         0.         0.         0.         0.95872284 0.         0.01257633 0.         0.         0.        ],[0. 0. 0. 0. 0. 0. 0. 0. 1. 0. 0. 0. 0. 1. 0. 0. 0. 0. 0. 0. 0. 0. 0. 0. 0. 1. 0. 1. 0. 0. 0.],4.0,best,10000,100000,100,0.9,0.5,0.9,0.5,0.9,3,0.84,1,4,,problem_solving,10
300,0.004280987442578854,0.050758,0.00258505023561516,0.512,0.8842688659329022,-2.0396155921740453,[0.         0.         0.         0.         0.01272581 0.         0.         0.         0.01226537 0.         0.         0.         0.         0.         0.         0.         0.         0.         0.         0.         0.         0.         0.         0.         0.         0.96322763 0.         0.01178119 0.         0.         0.        ],[0. 0. 0. 0. 1. 0. 0. 0. 1. 0. 0. 0. 0. 0. 0. 0. 0. 0. 0. 0. 0. 0. 0. 0. 0. 1. 0. 1. 0. 0. 0.],4.0,best,10000,100000,100,0.9,0.5,0.9,0.5,0.9,3,0.84,1,4,,problem_solving,10
400,0.004280987442578854,0.050758,0.00258505023561516,0.516,0.879086497014382,-3.9728794081398098,[0.         0.         0.         0.         0.01272581 0.         0.         0.         0.01226537 0.         0.         0.         0.         0.         0.         0.         0.         0.         0.         0.         0.         0.         0.         0.         0.         0.96322763 0.         0.01178119 0.         0.         0.        ],[0. 0. 0. 0. 1. 0. 0. 0. 1. 0. 0. 0. 0. 0. 0. 0. 0. 0. 0. 0. 0. 0. 0. 0. 0. 1. 0. 1. 0. 0. 0.],4.0,best,10000,100000,100,0.9,0.5,0.9,0.5,0.9,3,0.84,1,4,,problem_solving,10
500,0.004280987442578854,0.050758,0.00258505023561516,0.52,0.8739345000207845,-3.651422922295773,[0.         0.         0.         0.         0.01272581 0.         0.         0.         0.01226537 0.         0.         0.         0.         0.         0.         0.         0.         0.         0.         0.         0.         0.         0.         0.         0.         0.96322763 0.         0.01178119 0.         0.         0.        ],[0. 0. 0. 0. 1. 0. 0. 0. 1. 0. 0. 0. 0. 0. 0. 0. 0. 0. 0. 0. 0. 0. 0. 0. 0. 1. 0. 1. 0. 0. 0.],4.0,best,10000,100000,100,0.9,0.5,0.9,0.5,0.9,3,0.84,1,4,,problem_solving,10
600,0.004280987442578854,0.050758,0.00258505023561516,0.524,0.8688126969536234,0.41548060188640096,[0.         0.         0.         0.         0.01272581 0.         0.         0.         0.01226537 0.         0.         0.         0.         0.         0.         0.         0.         0.         0.         0.         0.         0.         0.         0.         0.         0.96322763 0.         0.01178119 0.         0.         0.        ],[0. 0. 0. 0. 1. 0. 0. 0. 1. 0. 0. 0. 0. 0. 0. 0. 0. 0. 0. 0. 0. 0. 0. 0. 0. 1. 0. 1. 0. 0. 0.],4.0,best,10000,100000,100,0.9,0.5,0.9,0.5,0.9,3,0.84,1,4,,problem_solving,10
700,0.004280987442578854,0.050758,0.00258505023561516,0.528,0.8637209108575947,1.6292358225294474,[0.         0.         0.         0.         0.01272581 0.         0.         0.         0.01226537 0.         0.         0.         0.         0.         0.         0.         0.         0.         0.         0.         0.         0.         0.         0.         0.         0.96322763 0.         0.01178119 0.         0.         0.        ],[0. 0. 0. 0. 1. 0. 0. 0. 1. 0. 0. 0. 0. 0. 0. 0. 0. 0. 0. 0. 0. 0. 0. 0. 0. 1. 0. 1. 0. 0. 0.],4.0,best,10000,100000,100,0.9,0.5,0.9,0.5,0.9,3,0.84,1,4,,problem_solving,10
800,0.004280987442578854,0.050758,0.00258505023561516,0.532,0.8586589658144633,-1.1576012025475655,[0.         0.         0.         0.         0.01272581 0.         0.         0.         0.01226537 0.         0.         0.         0.         0.         0.         0.         0.         0.         0.         0.         0.         0.         0.         0.         0.         0.96322763 0.         0.01178119 0.         0.         0.        ],[0. 0. 0. 0. 1. 0. 0. 0. 1. 0. 0. 0. 0. 0. 0. 0. 0. 0. 0. 0. 0. 0. 0. 0. 0. 1. 0. 1. 0. 0. 0.],4.0,best,10000,100000,100,0.9,0.5,0.9,0.5,0.9,3,0.84,1,4,,problem_solving,10
900,0.004280987442578854,0.050758,0.00258505023561516,0.536,0.8536266869369854,-3.6540832161369363,[0.         0.         0.         0.         0.01272581 0.         0.         0.         0.01226537 0.         0.         0.         0.         0.         0.         0.         0.         0.         0.         0.         0.         0.         0.         0.         0.         0.96322763 0.         0.01178119 0.         0.         0.        ],[0. 0. 0. 0. 1. 0. 0. 0. 1. 0. 0. 0. 0. 0. 0. 0. 0. 0. 0. 0. 0. 0. 0. 0. 0. 1. 0. 1. 0. 0. 0.],4.0,best,10000,100000,100,0.9,0.5,0.9,0.5,0.9,3,0.84,1,4,,problem_solving,10
1000,0.004280987442578854,0.050758,0.00258505023561516,0.54,0.8486239003628652,-0.5004014882593314,[0.         0.         0.         0.         0.01272581 0.         0.         0.         0.01226537 0.         0.         0.         0.         0.         0.         0.         0.         0.         0.         0.         0.         0.         0.         0.         0.         0.96322763 0.         0.01178119 0.         0.         0.        ],[0. 0. 0. 0. 1. 0. 0. 0. 1. 0. 0. 0. 0. 0. 0. 0. 0. 0. 0. 0. 0. 0. 0. 0. 0. 1. 0. 1. 0. 0. 0.],4.0,best,10000,100000,100,0.9,0.5,0.9,0.5,0.9,3,0.84,1,4,,problem_solving,10
1100,0.004280987442578854,0.050758,0.00258505023561516,0.544,0.8436504332487491,-0.19326604198573794,[0.         0.         0.         0.         0.01272581 0.         0.         0.         0.01226537 0.         0.         0.         0.         0.         0.         0.         0.         0.         0.         0.         0.         0.         0.         0.         0.         0.96322763 0.         0.01178119 0.         0.         0.        ],[0. 0. 0. 0. 1. 0. 0. 0. 1. 0. 0. 0. 0. 0. 0. 0. 0. 0. 0. 0. 0. 0. 0. 0. 0. 1. 0. 1. 0. 0. 0.],4.0,best,10000,100000,100,0.9,0.5,0.9,0.5,0.9,3,0.84,1,4,,problem_solving,10
1200,0.004280987442578854,0.050758,0.00258505023561516,0.548,0.838706113764254,0.7041938099354542,[0.         0.         0.         0.         0.01272581 0.         0.         0.         0.01226537 0.         0.         0.         0.         0.         0.         0.         0.         0.         0.         0.         0.         0.         0.         0.         0.         0.96322763 0.         0.01178119 0.         0.         0.        ],[0. 0. 0. 0. 1. 0. 0. 0. 1. 0. 0. 0. 0. 0. 0. 0. 0. 0. 0. 0. 0. 0. 0. 0. 0. 1. 0. 1. 0. 0. 0.],4.0,best,10000,100000,100,0.9,0.5,0.9,0.5,0.9,3,0.84,1,4,,problem_solving,10
1300,0.004280987442578854,0.050758,0.00258505023561516,0.552,0.83379077108603,-2.047110402827045,[0.         0.         0.         0.         0.01272581 0.         0.         0.         0.01226537 0.         0.         0.         0.         0.         0.         0.         0.         0.         0.         0.         0.         0.         0.         0.         0.         0.96322763 0.         0.01178119 0.         0.         0.        ],[0. 0. 0. 0. 1. 0. 0. 0. 1. 0. 0. 0. 0. 0. 0. 0. 0. 0. 0. 0. 0. 0. 0. 0. 0. 1. 0. 1. 0. 0. 0.],4.0,best,10000,100000,100,0.9,0.5,0.9,0.5,0.9,3,0.84,1,4,,problem_solving,10
1400,0.004280987442578854,0.050758,0.00258505023561516,0.556,0.828904235391859,2.2799466447690806,[0.         0.         0.         0.         0.01272581 0.         0.         0.         0.01226537 0.         0.         0.         0.         0.         0.         0.         0.         0.         0.         0.         0.         0.         0.         0.         0.         0.96322763 0.         0.01178119 0.         0.         0.        ],[0. 0. 0. 0. 1. 0. 0. 0. 1. 0. 0. 0. 0. 0. 0. 0. 0. 0. 0. 0. 0. 0. 0. 0. 0. 1. 0. 1. 0. 0. 0.],4.0,best,10000,100000,100,0.9,0.5,0.9,0.5,0.9,3,0.84,1,4,,problem_solving,10
1500,0.004280987442578854,0.050758,0.00258505023561516,0.56,0.8240463378547873,-0.5297208411013158,[0.         0.         0.         0.         0.01272581 0.         0.         0.         0.01226537 0.         0.         0.         0.         0.         0.         0.         0.         0.         0.         0.         0.         0.         0.         0.         0.         0.96322763 0.         0.01178119 0.         0.         0.        ],[0. 0. 0. 0. 1. 0. 0. 0. 1. 0. 0. 0. 0. 0. 0. 0. 0. 0. 0. 0. 0. 0. 0. 0. 0. 1. 0. 1. 0. 0. 0.],4.0,best,10000,100000,100,0.9,0.5,0.9,0.5,0.9,3,0.84,1,4,,problem_solving,10
1600,0.004280987442578854,0.050758,0.00258505023561516,0.5640000000000001,0.8192169106372932,-0.307269388650339,[0.         0.         0.         0.         0.01272581 0.         0.         0.         0.01226537 0.         0.         0.         0.         0.         0.         0.         0.         0.         0.         0.         0.         0.         0.         0.         0.         0.96322763 0.         0.01178119 0.         0.         0.        ],[0. 0. 0. 0. 1. 0. 0. 0. 1. 0. 0. 0. 0. 0. 0. 0. 0. 0. 0. 0. 0. 0. 0. 0. 0. 1. 0. 1. 0. 0. 0.],4.0,best,10000,100000,100,0.9,0.5,0.9,0.5,0.9,3,0.84,1,4,,problem_solving,10
1700,0.004280987442578854,0.050758,0.00258505023561516,0.5680000000000001,0.8144157868854872,-0.3683926319485769,[0.         0.         0.         0.         0.01272581 0.         0.         0.         0.01226537 0.         0.         0.         0.         0.         0.         0.         0.         0.         0.         0.         0.         0.         0.         0.         0.         0.96322763 0.         0.01178119 0.         0.         0.        ],[0. 0. 0. 0. 1. 0. 0. 0. 1. 0. 0. 0. 0. 0. 0. 0. 0. 0. 0. 0. 0. 0. 0. 0. 0. 1. 0. 1. 0. 0. 0.],4.0,best,10000,100000,100,0.9,0.5,0.9,0.5,0.9,3,0.84,1,4,,problem_solving,10
1800,0.004280987442578854,0.050758,0.00258505023561516,0.5720000000000001,0.8096428007233489,1.7239366665518727,[0.         0.         0.         0.         0.01272581 0.         0.         0.         0.01226537 0.         0.         0.         0.         0.         0.         0.         0.         0.         0.         0.         0.         0.         0.         0.         0.         0.96322763 0.         0.01178119 0.         0.         0.        ],[0. 0. 0. 0. 1. 0. 0. 0. 1. 0. 0. 0. 0. 0. 0. 0. 0. 0. 0. 0. 0. 0. 0. 0. 0. 1. 0. 1. 0. 0. 0.],4.0,best,10000,100000,100,0.9,0.5,0.9,0.5,0.9,3,0.84,1,4,,problem_solving,10
1900,0.004280987442578854,0.050758,0.00258505023561516,0.5760000000000001,0.8048977872469943,-0.00041288290664607305,[0.         0.         0.         0.         0.01272581 0.         0.         0.         0.01226537 0.         0.         0.         0.         0.         0.         0.         0.         0.         0.         0.         0.         0.         0.         0.         0.         0.96322763 0.         0.01178119 0.         0.         0.        ],[0. 0. 0. 0. 1. 0. 0. 0. 1. 0. 0. 0. 0. 0. 0. 0. 0. 0. 0. 0. 0. 0. 0. 0. 0. 1. 0. 1. 0. 0. 0.],4.0,best,10000,100000,100,0.9,0.5,0.9,0.5,0.9,3,0.84,1,4,,problem_solving,10
2000,0.004280987442578854,0.050758,0.00258505023561516,0.58,0.80018058251898,-1.0170884502887068,[0.         0.         0.         0.         0.01272581 0.         0.         0.         0.01226537 0.         0.         0.         0.         0.         0.         0.         0.         0.         0.         0.         0.         0.         0.         0.         0.         0.96322763 0.         0.01178119 0.         0.         0.        ],[0. 0. 0. 0. 1. 0. 0. 0. 1. 0. 0. 0. 0. 0. 0. 0. 0. 0. 0. 0. 0. 0. 0. 0. 0. 1. 0. 1. 0. 0. 0.],4.0,best,10000,100000,100,0.9,0.5,0.9,0.5,0.9,3,0.84,1,4,,problem_solving,10
2100,0.004280987442578854,0.050758,0.00258505023561516,0.584,0.7954910235626383,0.6034904839570139,[0.         0.         0.         0.         0.01272581 0.         0.         0.         0.01226537 0.         0.         0.         0.         0.         0.         0.         0.         0.         0.         0.         0.         0.         0.         0.         0.         0.96322763 0.         0.01178119 0.         0.         0.        ],[0. 0. 0. 0. 1. 0. 0. 0. 1. 0. 0. 0. 0. 0. 0. 0. 0. 0. 0. 0. 0. 0. 0. 0. 0. 1. 0. 1. 0. 0. 0.],4.0,best,10000,100000,100,0.9,0.5,0.9,0.5,0.9,3,0.84,1,4,,problem_solving,10
2200,0.004280987442578854,0.050758,0.00258505023561516,0.588,0.7908289483564468,-0.5025332550372497,[0.         0.         0.         0.         0.01272581 0.         0.         0.         0.01226537 0.         0.         0.         0.         0.         0.         0.         0.         0.         0.         0.         0.         0.         0.         0.         0.         0.96322763 0.         0.01178119 0.         0.         0.        ],[0. 0. 0. 0. 1. 0. 0. 0. 1. 0. 0. 0. 0. 0. 0. 0. 0. 0. 0. 0. 0. 0. 0. 0. 0. 1. 0. 1. 0. 0. 0.],4.0,best,10000,100000,100,0.9,0.5,0.9,0.5,0.9,3,0.84,1,4,,problem_solving,10
2300,0.004280987442578854,0.050758,0.00258505023561516,0.592,0.7861941958284306,-1.129049494000355,[0.         0.         0.         0.         0.01272581 0.         0.         0.         0.01226537 0.         0.         0.         0.         0.         0.         0.         0.         0.         0.         0.         0.         0.         0.         0.         0.         0.96322763 0.         0.01178119 0.         0.         0.        ],[0. 0. 0. 0. 1. 0. 0. 0. 1. 0. 0. 0. 0. 0. 0. 0. 0. 0. 0. 0. 0. 0. 0. 0. 0. 1. 0. 1. 0. 0. 0.],4.0,best,10000,100000,100,0.9,0.5,0.9,0.5,0.9,3,0.84,1,4,,problem_solving,10
2400,0.004280987442578854,0.050758,0.00258505023561516,0.596,0.7815866058505976,0.4824051789163442,[0.         0.         0.         0.         0.01272581 0.         0.         0.         0.01226537 0.         0.         0.         0.         0.         0.         0.         0.         0.         0.         0.         0.         0.         0.         0.         0.         0.96322763 0.         0.01178119 0.         0.         0.        ],[0. 0. 0. 0. 1. 0. 0. 0. 1. 0. 0. 0. 0. 0. 0. 0. 0. 0. 0. 0. 0. 0. 0. 0. 0. 1. 0. 1. 0. 0. 0.],4.0,best,10000,100000,100,0.9,0.5,0.9,0.5,0.9,3,0.84,1,4,,problem_solving,10
2500,0.004280987442578854,0.050758,0.00258505023561516,0.6,0.7770060192334055,-1.2546248917442782,[0.         0.         0.         0.         0.01272581 0.         0.         0.         0.01226537 0.         0.         0.         0.         0.         0.         0.         0.         0.         0.         0.         0.         0.         0.         0.         0.         0.96322763 0.         0.01178119 0.         0.         0.        ],[0. 0. 0. 0. 1. 0. 0. 0. 1. 0. 0. 0. 0. 0. 0. 0. 0. 0. 0. 0. 0. 0. 0. 0. 0. 1. 0. 1. 0. 0. 0.],4.0,best,10000,100000,100,0.9,0.5,0.9,0.5,0.9,3,0.84,1,4,,problem_solving,10
2600,0.004280987442578854,0.050758,0.00258505023561516,0.604,0.7724522777202627,2.7647946604119635,[0.         0.         0.         0.         0.01272581 0.         0.         0.         0.01226537 0.         0.         0.         0.         0.         0.         0.         0.         0.         0.         0.         0.         0.         0.         0.         0.         0.96322763 0.         0.01178119 0.         0.         0.        ],[0. 0. 0. 0. 1. 0. 0. 0. 1. 0. 0. 0. 0. 0. 0. 0. 0. 0. 0. 0. 0. 0. 0. 0. 0. 1. 0. 1. 0. 0. 0.],4.0,best,10000,100000,100,0.9,0.5,0.9,0.5,0.9,3,0.84,1,4,,problem_solving,10
2700,0.004280987442578854,0.050758,0.00258505023561516,0.608,0.7679252239820602,-1.3266954889930258,[0.         0.         0.         0.         0.01272581 0.         0.         0.         0.01226537 0.         0.         0.         0.         0.         0.         0.         0.         0.         0.         0.         0.         0.         0.         0.         0.         0.96322763 0.         0.01178119 0.         0.         0.        ],[0. 0. 0. 0. 1. 0. 0. 0. 1. 0. 0. 0. 0. 0. 0. 0. 0. 0. 0. 0. 0. 0. 0. 0. 0. 1. 0. 1. 0. 0. 0.],4.0,best,10000,100000,100,0.9,0.5,0.9,0.5,0.9,3,0.84,1,4,,problem_solving,10
2800,0.004280987442578854,0.050758,0.00258505023561516,0.612,0.7634247016117359,-1.6022865478606978,[0.         0.         0.         0.         0.01272581 0.         0.         0.         0.01226537 0.         0.         0.         0.         0.         0.         0.         0.         0.         0.         0.         0.         0.         0.         0.         0.         0.96322763 0.         0.01178119 0.         0.         0.        ],[0. 0. 0. 0. 1. 0. 0. 0. 1. 0. 0. 0. 0. 0. 0. 0. 0. 0. 0. 0. 0. 0. 0. 0. 0. 1. 0. 1. 0. 0. 0.],4.0,best,10000,100000,100,0.9,0.5,0.9,0.5,0.9,3,0.84,1,4,,problem_solving,10
2900,0.004280987442578854,0.050758,0.00258505023561516,0.616,0.758950555118871,1.2623633865455441,[0.         0.         0.         0.         0.01272581 0.         0.         0.         0.01226537 0.         0.         0.         0.         0.         0.         0.         0.         0.         0.         0.         0.         0.         0.         0.         0.         0.96322763 0.         0.01178119 0.         0.         0.        ],[0. 0. 0. 0. 1. 0. 0. 0. 1. 0. 0. 0. 0. 0. 0. 0. 0. 0. 0. 0. 0. 0. 0. 0. 0. 1. 0. 1. 0. 0. 0.],4.0,best,10000,100000,100,0.9,0.5,0.9,0.5,0.9,3,0.84,1,4,,problem_solving,10
3000,0.004280987442578854,0.050758,0.00258505023561516,0.62,0.754502629924318,-0.7300229414126798,[0.         0.         0.         0.         0.01272581 0.         0.         0.         0.01226537 0.         0.         0.         0.         0.         0.         0.         0.         0.         0.         0.         0.         0.         0.         0.         0.         0.96322763 0.         0.01178119 0.         0.         0.        ],[0. 0. 0. 0. 1. 0. 0. 0. 1. 0. 0. 0. 0. 0. 0. 0. 0. 0. 0. 0. 0. 0. 0. 0. 0. 1. 0. 1. 0. 0. 0.],4.0,best,10000,100000,100,0.9,0.5,0.9,0.5,0.9,3,0.84,1,4,,problem_solving,10
3100,0.004280987442578854,0.050758,0.00258505023561516,0.624,0.7500807723548599,2.943336878022441,[0.         0.         0.         0.         0.01272581 0.         0.         0.         0.01226537 0.         0.         0.         0.         0.         0.         0.         0.         0.         0.         0.         0.         0.         0.         0.         0.         0.96322763 0.         0.01178119 0.         0.         0.        ],[0. 0. 0. 0. 1. 0. 0. 0. 1. 0. 0. 0. 0. 0. 0. 0. 0. 0. 0. 0. 0. 0. 0. 0. 0. 1. 0. 1. 0. 0. 0.],4.0,best,10000,100000,100,0.9,0.5,0.9,0.5,0.9,3,0.84,1,4,,problem_solving,10
3200,0.004280987442578854,0.050758,0.00258505023561516,0.628,0.7456848296379007,0.9318723133773184,[0.         0.         0.         0.         0.01272581 0.         0.         0.         0.01226537 0.         0.         0.         0.         0.         0.         0.         0.         0.         0.         0.         0.         0.         0.         0.         0.         0.96322763 0.         0.01178119 0.         0.         0.        ],[0. 0. 0. 0. 1. 0. 0. 0. 1. 0. 0. 0. 0. 0. 0. 0. 0. 0. 0. 0. 0. 0. 0. 0. 0. 1. 0. 1. 0. 0. 0.],4.0,best,10000,100000,100,0.9,0.5,0.9,0.5,0.9,3,0.84,1,4,,problem_solving,10
3300,0.004280987442578854,0.050758,0.00258505023561516,0.632,0.7413146498961878,-1.1309941471290994,[0.         0.         0.         0.         0.01272581 0.         0.         0.         0.01226537 0.         0.         0.         0.         0.         0.         0.         0.         0.         0.         0.         0.         0.         0.         0.         0.         0.96322763 0.         0.01178119 0.         0.         0.        ],[0. 0. 0. 0. 1. 0. 0. 0. 1. 0. 0. 0. 0. 0. 0. 0. 0. 0. 0. 0. 0. 0. 0. 0. 0. 1. 0. 1. 0. 0. 0.],4.0,best,10000,100000,100,0.9,0.5,0.9,0.5,0.9,3,0.84,1,4,,problem_solving,10
3400,0.004280987442578854,0.050758,0.00258505023561516,0.636,0.7369700821425638,-1.939929708398775,[0.         0.         0.         0.         0.01272581 0.         0.         0.         0.01226537 0.         0.         0.         0.         0.         0.         0.         0.         0.         0.         0.         0.         0.         0.         0.         0.         0.96322763 0.         0.01178119 0.         0.         0.        ],[0. 0. 0. 0. 1. 0. 0. 0. 1. 0. 0. 0. 0. 0. 0. 0. 0. 0. 0. 0. 0. 0. 0. 0. 0. 1. 0. 1. 0. 0. 0.],4.0,best,10000,100000,100,0.9,0.5,0.9,0.5,0.9,3,0.84,1,4,,problem_solving,10
3500,0.004280987442578854,0.050758,0.00258505023561516,0.64,0.7326509762747511,0.5072850573602665,[0.         0.         0.         0.         0.01272581 0.         0.         0.         0.01226537 0.         0.         0.         0.         0.         0.         0.         0.         0.         0.         0.         0.         0.         0.         0.         0.         0.96322763 0.         0.01178119 0.         0.         0.        ],[0. 0. 0. 0. 1. 0. 0. 0. 1. 0. 0. 0. 0. 0. 0. 0. 0. 0. 0. 0. 0. 0. 0. 0. 0. 1. 0. 1. 0. 0. 0.],4.0,best,10000,100000,100,0.9,0.5,0.9,0.5,0.9,3,0.84,1,4,,problem_solving,10
3600,0.004280987442578854,0.050758,0.00258505023561516,0.644,0.7283571830701648,1.4449976259731065,[0.         0.         0.         0.         0.01272581 0.         0.         0.         0.01226537 0.         0.         0.         0.         0.         0.         0.         0.         0.         0.         0.         0.         0.         0.         0.         0.         0.96322763 0.         0.01178119 0.         0.         0.        ],[0. 0. 0. 0. 1. 0. 0. 0. 1. 0. 0. 0. 0. 0. 0. 0. 0. 0. 0. 0. 0. 0. 0. 0. 0. 1. 0. 1. 0. 0. 0.],4.0,best,10000,100000,100,0.9,0.5,0.9,0.5,0.9,3,0.84,1,4,,problem_solving,10
3700,0.004280987442578854,0.050758,0.00258505023561516,0.648,0.7240885541807586,-3.671737116680012,[0.         0.         0.         0.         0.01272581 0.         0.         0.         0.01226537 0.         0.         0.         0.         0.         0.         0.         0.         0.         0.         0.         0.         0.         0.         0.         0.         0.96322763 0.         0.01178119 0.         0.         0.        ],[0. 0. 0. 0. 1. 0. 0. 0. 1. 0. 0. 0. 0. 0. 0. 0. 0. 0. 0. 0. 0. 0. 0. 0. 0. 1. 0. 1. 0. 0. 0.],4.0,best,10000,100000,100,0.9,0.5,0.9,0.5,0.9,3,0.84,1,4,,problem_solving,10
3800,0.004280987442578854,0.050758,0.00258505023561516,0.652,0.7198449421278975,-3.7358699615629307,[0.         0.         0.         0.         0.01272581 0.         0.         0.         0.01226537 0.         0.         0.         0.         0.         0.         0.         0.         0.         0.         0.         0.         0.         0.         0.         0.         0.96322763 0.         0.01178119 0.         0.         0.        ],[0. 0. 0. 0. 1. 0. 0. 0. 1. 0. 0. 0. 0. 0. 0. 0. 0. 0. 0. 0. 0. 0. 0. 0. 0. 1. 0. 1. 0. 0. 0.],4.0,best,10000,100000,100,0.9,0.5,0.9,0.5,0.9,3,0.84,1,4,,problem_solving,10
3900,0.004280987442578854,0.050758,0.00258505023561516,0.656,0.7156262002972644,1.2076719883850702,[0.         0.         0.         0.         0.01272581 0.         0.         0.         0.01226537 0.         0.         0.         0.         0.         0.         0.         0.         0.         0.         0.         0.         0.         0.         0.         0.         0.96322763 0.         0.01178119 0.         0.         0.        ],[0. 0. 0. 0. 1. 0. 0. 0. 1. 0. 0. 0. 0. 0. 0. 0. 0. 0. 0. 0. 0. 0. 0. 0. 0. 1. 0. 1. 0. 0. 0.],4.0,best,10000,100000,100,0.9,0.5,0.9,0.5,0.9,3,0.84,1,4,,problem_solving,10
4000,0.004280987442578854,0.050758,0.00258505023561516,0.66,0.7114321829337936,-0.8724927893176833,[0.         0.         0.         0.         0.01272581 0.         0.         0.         0.01226537 0.         0.         0.         0.         0.         0.         0.         0.         0.         0.         0.         0.         0.         0.         0.         0.         0.96322763 0.         0.01178119 0.         0.         0.        ],[0. 0. 0. 0. 1. 0. 0. 0. 1. 0. 0. 0. 0. 0. 0. 0. 0. 0. 0. 0. 0. 0. 0. 0. 0. 1. 0. 1. 0. 0. 0.],4.0,best,10000,100000,100,0.9,0.5,0.9,0.5,0.9,3,0.84,1,4,,problem_solving,10
4100,0.004280987442578854,0.050758,0.00258505023561516,0.664,0.707262745136635,-0.4842930047562146,[0.         0.         0.         0.         0.01272581 0.         0.         0.         0.01226537 0.         0.         0.         0.         0.         0.         0.         0.         0.         0.         0.         0.         0.         0.         0.         0.         0.96322763 0.         0.01178119 0.         0.         0.        ],[0. 0. 0. 0. 1. 0. 0. 0. 1. 0. 0. 0. 0. 0. 0. 0. 0. 0. 0. 0. 0. 0. 0. 0. 0. 1. 0. 1. 0. 0. 0.],4.0,best,10000,100000,100,0.9,0.5,0.9,0.5,0.9,3,0.84,1,4,,problem_solving,10
4200,0.004280987442578854,0.050758,0.00258505023561516,0.668,0.7031177428541489,0.7419709958528333,[0.         0.         0.         0.         0.01272581 0.         0.         0.         0.01226537 0.         0.         0.         0.         0.         0.         0.         0.         0.         0.         0.         0.         0.         0.         0.         0.         0.96322763 0.         0.01178119 0.         0.         0.        ],[0. 0. 0. 0. 1. 0. 0. 0. 1. 0. 0. 0. 0. 0. 0. 0. 0. 0. 0. 0. 0. 0. 0. 0. 0. 1. 0. 1. 0. 0. 0.],4.0,best,10000,100000,100,0.9,0.5,0.9,0.5,0.9,3,0.84,1,4,,problem_solving,10
4300,0.004280987442578854,0.050758,0.00258505023561516,0.672,0.6989970328789274,1.2706548974900713,[0.         0.         0.         0.         0.01272581 0.         0.         0.         0.01226537 0.         0.         0.         0.         0.         0.         0.         0.         0.         0.         0.         0.         0.         0.         0.         0.         0.96322763 0.         0.01178119 0.         0.         0.        ],[0. 0. 0. 0. 1. 0. 0. 0. 1. 0. 0. 0. 0. 0. 0. 0. 0. 0. 0. 0. 0. 0. 0. 0. 0. 1. 0. 1. 0. 0. 0.],4.0,best,10000,100000,100,0.9,0.5,0.9,0.5,0.9,3,0.84,1,4,,problem_solving,10
4400,0.004280987442578854,0.050758,0.00258505023561516,0.676,0.6949004728428485,-1.8685685438248654,[0.         0.         0.         0.         0.01272581 0.         0.         0.         0.01226537 0.         0.         0.         0.         0.         0.         0.         0.         0.         0.         0.         0.         0.         0.         0.         0.         0.96322763 0.         0.01178119 0.         0.         0.        ],[0. 0. 0. 0. 1. 0. 0. 0. 1. 0. 0. 0. 0. 0. 0. 0. 0. 0. 0. 0. 0. 0. 0. 0. 0. 1. 0. 1. 0. 0. 0.],4.0,best,10000,100000,100,0.9,0.5,0.9,0.5,0.9,3,0.84,1,4,,problem_solving,10
4500,0.004280987442578854,0.050758,0.00258505023561516,0.68,0.6908279212121557,-0.8814389911154938,[0.         0.         0.         0.         0.01272581 0.         0.         0.         0.01226537 0.         0.         0.         0.         0.         0.         0.         0.         0.         0.         0.         0.         0.         0.         0.         0.         0.96322763 0.         0.01178119 0.         0.         0.        ],[0. 0. 0. 0. 1. 0. 0. 0. 1. 0. 0. 0. 0. 0. 0. 0. 0. 0. 0. 0. 0. 0. 0. 0. 0. 1. 0. 1. 0. 0. 0.],4.0,best,10000,100000,100,0.9,0.5,0.9,0.5,0.9,3,0.84,1,4,,problem_solving,10
4600,0.004280987442578854,0.050758,0.00258505023561516,0.684,0.6867792372825697,1.164813585270032,[0.         0.         0.         0.         0.01272581 0.         0.         0.         0.01226537 0.         0.         0.         0.         0.         0.         0.         0.         0.         0.         0.         0.         0.         0.         0.         0.         0.96322763 0.         0.01178119 0.         0.         0.        ],[0. 0. 0. 0. 1. 0. 0. 0. 1. 0. 0. 0. 0. 0. 0. 0. 0. 0. 0. 0. 0. 0. 0. 0. 0. 1. 0. 1. 0. 0. 0.],4.0,best,10000,100000,100,0.9,0.5,0.9,0.5,0.9,3,0.84,1,4,,problem_solving,10
4700,0.004280987442578854,0.050758,0.00258505023561516,0.6880000000000001,0.6827542811744257,3.1925752571993478,[0.         0.         0.         0.         0.01272581 0.         0.         0.         0.01226537 0.         0.         0.         0.         0.         0.         0.         0.         0.         0.         0.         0.         0.         0.         0.         0.         0.96322763 0.         0.01178119 0.         0.         0.        ],[0. 0. 0. 0. 1. 0. 0. 0. 1. 0. 0. 0. 0. 0. 0. 0. 0. 0. 0. 0. 0. 0. 0. 0. 0. 1. 0. 1. 0. 0. 0.],4.0,best,10000,100000,100,0.9,0.5,0.9,0.5,0.9,3,0.84,1,4,,problem_solving,10
4800,0.004280987442578854,0.050758,0.00258505023561516,0.692,0.6787529138278414,-3.2874341750038782,[0.         0.         0.         0.         0.01272581 0.         0.         0.         0.01226537 0.         0.         0.         0.         0.         0.         0.         0.         0.         0.         0.         0.         0.         0.         0.         0.         0.96322763 0.         0.01178119 0.         0.         0.        ],[0. 0. 0. 0. 1. 0. 0. 0. 1. 0. 0. 0. 0. 0. 0. 0. 0. 0. 0. 0. 0. 0. 0. 0. 0. 1. 0. 1. 0. 0. 0.],4.0,best,10000,100000,100,0.9,0.5,0.9,0.5,0.9,3,0.84,1,4,,problem_solving,10
4900,0.004280987442578854,0.050758,0.00258505023561516,0.696,0.6747749969979128,-3.1337793419712336,[0.         0.         0.         0.         0.01272581 0.         0.         0.         0.01226537 0.         0.         0.         0.         0.         0.         0.         0.         0.         0.         0.         0.         0.         0.         0.         0.         0.96322763 0.         0.01178119 0.         0.         0.        ],[0. 0. 0. 0. 1. 0. 0. 0. 1. 0. 0. 0. 0. 0. 0. 0. 0. 0. 0. 0. 0. 0. 0. 0. 0. 1. 0. 1. 0. 0. 0.],4.0,best,10000,100000,100,0.9,0.5,0.9,0.5,0.9,3,0.84,1,4,,problem_solving,10
5000,0.004280987442578854,0.050758,0.00258505023561516,0.7,0.6708203932499369,1.5456888873213546,[0.         0.         0.         0.         0.01272581 0.         0.         0.         0.01226537 0.         0.         0.         0.         0.         0.         0.         0.         0.         0.         0.         0.         0.         0.         0.         0.         0.96322763 0.         0.01178119 0.         0.         0.        ],[0. 0. 0. 0. 1. 0. 0. 0. 1. 0. 0. 0. 0. 0. 0. 0. 0. 0. 0. 0. 0. 0. 0. 0. 0. 1. 0. 1. 0. 0. 0.],4.0,best,10000,100000,100,0.9,0.5,0.9,0.5,0.9,3,0.84,1,4,,problem_solving,10
5100,0.004280987442578854,0.050758,0.00258505023561516,0.704,0.6668889659546647,-0.5528640046704877,[0.         0.         0.         0.         0.01272581 0.         0.         0.         0.01226537 0.         0.         0.         0.         0.         0.         0.         0.         0.         0.         0.         0.         0.         0.         0.         0.         0.96322763 0.         0.01178119 0.         0.         0.        ],[0. 0. 0. 0. 1. 0. 0. 0. 1. 0. 0. 0. 0. 0. 0. 0. 0. 0. 0. 0. 0. 0. 0. 0. 0. 1. 0. 1. 0. 0. 0.],4.0,best,10000,100000,100,0.9,0.5,0.9,0.5,0.9,3,0.84,1,4,,problem_solving,10
5200,0.004280987442578854,0.050758,0.00258505023561516,0.708,0.6629805792835798,1.9706070345387567,[0.         0.         0.         0.         0.01272581 0.         0.         0.         0.01226537 0.         0.         0.         0.         0.         0.         0.         0.         0.         0.         0.         0.         0.         0.         0.         0.         0.96322763 0.         0.01178119 0.         0.         0.        ],[0. 0. 0. 0. 1. 0. 0. 0. 1. 0. 0. 0. 0. 0. 0. 0. 0. 0. 0. 0. 0. 0. 0. 0. 0. 1. 0. 1. 0. 0. 0.],4.0,best,10000,100000,100,0.9,0.5,0.9,0.5,0.9,3,0.84,1,4,,problem_solving,10
5300,0.004280987442578854,0.050758,0.00258505023561516,0.712,0.6590950982042058,1.7809736904953009,[0.         0.         0.         0.         0.01272581 0.         0.         0.         0.01226537 0.         0.         0.         0.         0.         0.         0.         0.         0.         0.         0.         0.         0.         0.         0.         0.         0.96322763 0.         0.01178119 0.         0.         0.        ],[0. 0. 0. 0. 1. 0. 0. 0. 1. 0. 0. 0. 0. 0. 0. 0. 0. 0. 0. 0. 0. 0. 0. 0. 0. 1. 0. 1. 0. 0. 0.],4.0,best,10000,100000,100,0.9,0.5,0.9,0.5,0.9,3,0.84,1,4,,problem_solving,10
5400,0.004280987442578854,0.050758,0.00258505023561516,0.716,0.6552323884754414,1.6436841671498148,[0.         0.         0.         0.         0.01272581 0.         0.         0.         0.01226537 0.         0.         0.         0.         0.         0.         0.         0.         0.         0.         0.         0.         0.         0.         0.         0.         0.96322763 0.         0.01178119 0.         0.         0.        ],[0. 0. 0. 0. 1. 0. 0. 0. 1. 0. 0. 0. 0. 0. 0. 0. 0. 0. 0. 0. 0. 0. 0. 0. 0. 1. 0. 1. 0. 0. 0.],4.0,best,10000,100000,100,0.9,0.5,0.9,0.5,0.9,3,0.84,1,4,,problem_solving,10
5500,0.004280987442578854,0.050758,0.00258505023561516,0.72,0.651392316642922,0.12872899619971867,[0.         0.         0.         0.         0.01272581 0.         0.         0.         0.01226537 0.         0.         0.         0.         0.         0.         0.         0.         0.         0.         0.         0.         0.         0.         0.         0.         0.96322763 0.         0.01178119 0.         0.         0.        ],[0. 0. 0. 0. 1. 0. 0. 0. 1. 0. 0. 0. 0. 0. 0. 0. 0. 0. 0. 0. 0. 0. 0. 0. 0. 1. 0. 1. 0. 0. 0.],4.0,best,10000,100000,100,0.9,0.5,0.9,0.5,0.9,3,0.84,1,4,,problem_solving,10
5600,0.004280987442578854,0.050758,0.00258505023561516,0.724,0.6475747500344088,-1.8942135298684852,[0.         0.         0.         0.         0.01272581 0.         0.         0.         0.01226537 0.         0.         0.         0.         0.         0.         0.         0.         0.         0.         0.         0.         0.         0.         0.         0.         0.96322763 0.         0.01178119 0.         0.         0.        ],[0. 0. 0. 0. 1. 0. 0. 0. 1. 0. 0. 0. 0. 0. 0. 0. 0. 0. 0. 0. 0. 0. 0. 0. 0. 1. 0. 1. 0. 0. 0.],4.0,best,10000,100000,100,0.9,0.5,0.9,0.5,0.9,3,0.84,1,4,,problem_solving,10
5700,0.004280987442578854,0.050758,0.00258505023561516,0.728,0.643779556755206,-2.7222559261725765,[0.         0.         0.         0.         0.01272581 0.         0.         0.         0.01226537 0.         0.         0.         0.         0.         0.         0.         0.         0.         0.         0.         0.         0.         0.         0.         0.         0.96322763 0.         0.01178119 0.         0.         0.        ],[0. 0. 0. 0. 1. 0. 0. 0. 1. 0. 0. 0. 0. 0. 0. 0. 0. 0. 0. 0. 0. 0. 0. 0. 0. 1. 0. 1. 0. 0. 0.],4.0,best,10000,100000,100,0.9,0.5,0.9,0.5,0.9,3,0.84,1,4,,problem_solving,10
5800,0.004280987442578854,0.050758,0.00258505023561516,0.732,0.6400066056836028,3.0595386072165027,[0.         0.         0.         0.         0.01272581 0.         0.         0.         0.01226537 0.         0.         0.         0.         0.         0.         0.         0.         0.         0.         0.         0.         0.         0.         0.         0.         0.96322763 0.         0.01178119 0.         0.         0.        ],[0. 0. 0. 0. 1. 0. 0. 0. 1. 0. 0. 0. 0. 0. 0. 0. 0. 0. 0. 0. 0. 0. 0. 0. 0. 1. 0. 1. 0. 0. 0.],4.0,best,10000,100000,100,0.9,0.5,0.9,0.5,0.9,3,0.84,1,4,,problem_solving,10
5900,0.004280987442578854,0.050758,0.00258505023561516,0.736,0.6362557664663436,1.8803277143630694,[0.         0.         0.         0.         0.01272581 0.         0.         0.         0.01226537 0.         0.         0.         0.         0.         0.         0.         0.         0.         0.         0.         0.         0.         0.         0.         0.         0.96322763 0.         0.01178119 0.         0.         0.        ],[0. 0. 0. 0. 1. 0. 0. 0. 1. 0. 0. 0. 0. 0. 0. 0. 0. 0. 0. 0. 0. 0. 0. 0. 0. 1. 0. 1. 0. 0. 0.],4.0,best,10000,100000,100,0.9,0.5,0.9,0.5,0.9,3,0.84,1,4,,problem_solving,10
6000,0.004280987442578854,0.050758,0.00258505023561516,0.74,0.6325269095141249,1.5313374816850953,[0.         0.         0.         0.         0.01272581 0.         0.         0.         0.01226537 0.         0.         0.         0.         0.         0.         0.         0.         0.         0.         0.         0.         0.         0.         0.         0.         0.96322763 0.         0.01178119 0.         0.         0.        ],[0. 0. 0. 0. 1. 0. 0. 0. 1. 0. 0. 0. 0. 0. 0. 0. 0. 0. 0. 0. 0. 0. 0. 0. 0. 1. 0. 1. 0. 0. 0.],4.0,best,10000,100000,100,0.9,0.5,0.9,0.5,0.9,3,0.84,1,4,,problem_solving,10
6100,0.004280987442578854,0.050758,0.00258505023561516,0.744,0.6288199059971172,-4.399136261114009,[0.         0.         0.         0.         0.01272581 0.         0.         0.         0.01226537 0.         0.         0.         0.         0.         0.         0.         0.         0.         0.         0.         0.         0.         0.         0.         0.         0.96322763 0.         0.01178119 0.         0.         0.        ],[0. 0. 0. 0. 1. 0. 0. 0. 1. 0. 0. 0. 0. 0. 0. 0. 0. 0. 0. 0. 0. 0. 0. 0. 0. 1. 0. 1. 0. 0. 0.],4.0,best,10000,100000,100,0.9,0.5,0.9,0.5,0.9,3,0.84,1,4,,problem_solving,10
6200,0.004280987442578854,0.050758,0.00258505023561516,0.748,0.6251346278405147,2.134705135113421,[0.         0.         0.         0.         0.01272581 0.         0.         0.         0.01226537 0.         0.         0.         0.         0.         0.         0.         0.         0.         0.         0.         0.         0.         0.         0.         0.         0.96322763 0.         0.01178119 0.         0.         0.        ],[0. 0. 0. 0. 1. 0. 0. 0. 1. 0. 0. 0. 0. 0. 0. 0. 0. 0. 0. 0. 0. 0. 0. 0. 0. 1. 0. 1. 0. 0. 0.],4.0,best,10000,100000,100,0.9,0.5,0.9,0.5,0.9,3,0.84,1,4,,problem_solving,10
6300,0.004280987442578854,0.050758,0.00258505023561516,0.752,0.6214709477201097,0.29849539223508825,[0.         0.         0.         0.         0.01272581 0.         0.         0.         0.01226537 0.         0.         0.         0.         0.         0.         0.         0.         0.         0.         0.         0.         0.         0.         0.         0.         0.96322763 0.         0.01178119 0.         0.         0.        ],[0. 0. 0. 0. 1. 0. 0. 0. 1. 0. 0. 0. 0. 0. 0. 0. 0. 0. 0. 0. 0. 0. 0. 0. 0. 1. 0. 1. 0. 0. 0.],4.0,best,10000,100000,100,0.9,0.5,0.9,0.5,0.9,3,0.84,1,4,,problem_solving,10
6400,0.004280987442578854,0.050758,0.00258505023561516,0.756,0.6178287390578946,-1.484370742919457,[0.         0.         0.         0.         0.01272581 0.         0.         0.         0.01226537 0.         0.         0.         0.         0.         0.         0.         0.         0.         0.         0.         0.         0.         0.         0.         0.         0.96322763 0.         0.01178119 0.         0.         0.        ],[0. 0. 0. 0. 1. 0. 0. 0. 1. 0. 0. 0. 0. 0. 0. 0. 0. 0. 0. 0. 0. 0. 0. 0. 0. 1. 0. 1. 0. 0. 0.],4.0,best,10000,100000,100,0.9,0.5,0.9,0.5,0.9,3,0.84,1,4,,problem_solving,10
6500,0.004280987442578854,0.050758,0.00258505023561516,0.76,0.6142078760176876,4.459857167633661,[0.         0.         0.         0.         0.01272581 0.         0.         0.         0.01226537 0.         0.         0.         0.         0.         0.         0.         0.         0.         0.         0.         0.         0.         0.         0.         0.         0.96322763 0.         0.01178119 0.         0.         0.        ],[0. 0. 0. 0. 1. 0. 0. 0. 1. 0. 0. 0. 0. 0. 0. 0. 0. 0. 0. 0. 0. 0. 0. 0. 0. 1. 0. 1. 0. 0. 0.],4.0,best,10000,100000,100,0.9,0.5,0.9,0.5,0.9,3,0.84,1,4,,problem_solving,10
6600,0.004280987442578854,0.050758,0.00258505023561516,0.764,0.6106082335007861,-3.6071590518816685,[0.         0.         0.         0.         0.01272581 0.         0.         0.         0.01226537 0.         0.         0.         0.         0.         0.         0.         0.         0.         0.         0.         0.         0.         0.         0.         0.         0.96322763 0.         0.01178119 0.         0.         0.        ],[0. 0. 0. 0. 1. 0. 0. 0. 1. 0. 0. 0. 0. 0. 0. 0. 0. 0. 0. 0. 0. 0. 0. 0. 0. 1. 0. 1. 0. 0. 0.],4.0,best,10000,100000,100,0.9,0.5,0.9,0.5,0.9,3,0.84,1,4,,problem_solving,10
6700,0.004280987442578854,0.050758,0.00258505023561516,0.768,0.6070296871416437,2.799452659522537,[0.         0.         0.         0.         0.01272581 0.         0.         0.         0.01226537 0.         0.         0.         0.         0.         0.         0.         0.         0.         0.         0.         0.         0.         0.         0.         0.         0.96322763 0.         0.01178119 0.         0.         0.        ],[0. 0. 0. 0. 1. 0. 0. 0. 1. 0. 0. 0. 0. 0. 0. 0. 0. 0. 0. 0. 0. 0. 0. 0. 0. 1. 0. 1. 0. 0. 0.],4.0,best,10000,100000,100,0.9,0.5,0.9,0.5,0.9,3,0.84,1,4,,problem_solving,10
6800,0.004280987442578854,0.050758,0.00258505023561516,0.772,0.6034721133035746,0.8003765467609835,[0.         0.         0.         0.         0.01272581 0.         0.         0.         0.01226537 0.         0.         0.         0.         0.         0.         0.         0.         0.         0.         0.         0.         0.         0.         0.         0.         0.96322763 0.         0.01178119 0.         0.         0.        ],[0. 0. 0. 0. 1. 0. 0. 0. 1. 0. 0. 0. 0. 0. 0. 0. 0. 0. 0. 0. 0. 0. 0. 0. 0. 1. 0. 1. 0. 0. 0.],4.0,best,10000,100000,100,0.9,0.5,0.9,0.5,0.9,3,0.84,1,4,,problem_solving,10
6900,0.004280987442578854,0.050758,0.00258505023561516,0.776,0.5999353890744809,-1.3841606813500142,[0.         0.         0.         0.         0.01272581 0.         0.         0.         0.01226537 0.         0.         0.         0.         0.         0.         0.         0.         0.         0.         0.         0.         0.         0.         0.         0.         0.96322763 0.         0.01178119 0.         0.         0.        ],[0. 0. 0. 0. 1. 0. 0. 0. 1. 0. 0. 0. 0. 0. 0. 0. 0. 0. 0. 0. 0. 0. 0. 0. 0. 1. 0. 1. 0. 0. 0.],4.0,best,10000,100000,100,0.9,0.5,0.9,0.5,0.9,3,0.84,1,4,,problem_solving,10
7000,0.004280987442578854,0.050758,0.00258505023561516,0.78,0.5964193922626064,0.4869824690541396,[0.         0.         0.         0.         0.01272581 0.         0.         0.         0.01226537 0.         0.         0.         0.         0.         0.         0.         0.         0.         0.         0.         0.         0.         0.         0.         0.         0.96322763 0.         0.01178119 0.         0.         0.        ],[0. 0. 0. 0. 1. 0. 0. 0. 1. 0. 0. 0. 0. 0. 0. 0. 0. 0. 0. 0. 0. 0. 0. 0. 0. 1. 0. 1. 0. 0. 0.],4.0,best,10000,100000,100,0.9,0.5,0.9,0.5,0.9,3,0.84,1,4,,problem_solving,10
7100,0.004280987442578854,0.050758,0.00258505023561516,0.784,0.5929240013923155,-0.8200725855132702,[0.         0.         0.         0.         0.01272581 0.         0.         0.         0.01226537 0.         0.         0.         0.         0.         0.         0.         0.         0.         0.         0.         0.         0.         0.         0.         0.         0.96322763 0.         0.01178119 0.         0.         0.        ],[0. 0. 0. 0. 1. 0. 0. 0. 1. 0. 0. 0. 0. 0. 0. 0. 0. 0. 0. 0. 0. 0. 0. 0. 0. 1. 0. 1. 0. 0. 0.],4.0,best,10000,100000,100,0.9,0.5,0.9,0.5,0.9,3,0.84,1,4,,problem_solving,10
7200,0.004280987442578854,0.050758,0.00258505023561516,0.788,0.5894490956998952,1.1688414362796842,[0.         0.         0.         0.         0.01272581 0.         0.         0.         0.01226537 0.         0.         0.         0.         0.         0.         0.         0.         0.         0.         0.         0.         0.         0.         0.         0.         0.96322763 0.         0.01178119 0.         0.         0.        ],[0. 0. 0. 0. 1. 0. 0. 0. 1. 0. 0. 0. 0. 0. 0. 0. 0. 0. 0. 0. 0. 0. 0. 0. 0. 1. 0. 1. 0. 0. 0.],4.0,best,10000,100000,100,0.9,0.5,0.9,0.5,0.9,3,0.84,1,4,,problem_solving,10
7300,0.004280987442578854,0.050758,0.00258505023561516,0.792,0.5859945551293843,-0.8283017005143442,[0.         0.         0.         0.         0.01272581 0.         0.         0.         0.01226537 0.         0.         0.         0.         0.         0.         0.         0.         0.         0.         0.         0.         0.         0.         0.         0.         0.96322763 0.         0.01178119 0.         0.         0.        ],[0. 0. 0. 0. 1. 0. 0. 0. 1. 0. 0. 0. 0. 0. 0. 0. 0. 0. 0. 0. 0. 0. 0. 0. 0. 1. 0. 1. 0. 0. 0.],4.0,best,10000,100000,100,0.9,0.5,0.9,0.5,0.9,3,0.84,1,4,,problem_solving,10
7400,0.004280987442578854,0.050758,0.00258505023561516,0.796,0.5825602603284237,3.2346700611949952,[0.         0.         0.         0.         0.01272581 0.         0.         0.         0.01226537 0.         0.         0.         0.         0.         0.         0.         0.         0.         0.         0.         0.         0.         0.         0.         0.         0.96322763 0.         0.01178119 0.         0.         0.        ],[0. 0. 0. 0. 1. 0. 0. 0. 1. 0. 0. 0. 0. 0. 0. 0. 0. 0. 0. 0. 0. 0. 0. 0. 0. 1. 0. 1. 0. 0. 0.],4.0,best,10000,100000,100,0.9,0.5,0.9,0.5,0.9,3,0.84,1,4,,problem_solving,10
7500,0.004280987442578854,0.050758,0.00258505023561516,0.8,0.5791460926441345,-1.4207119766634535,[0.         0.         0.         0.         0.01272581 0.         0.         0.         0.01226537 0.         0.         0.         0.         0.         0.         0.         0.         0.         0.         0.         0.         0.         0.         0.         0.         0.96322763 0.         0.01178119 0.         0.         0.        ],[0. 0. 0. 0. 1. 0. 0. 0. 1. 0. 0. 0. 0. 0. 0. 0. 0. 0. 0. 0. 0. 0. 0. 0. 0. 1. 0. 1. 0. 0. 0.],4.0,best,10000,100000,100,0.9,0.5,0.9,0.5,0.9,3,0.84,1,4,,problem_solving,10
7600,0.004280987442578854,0.050758,0.00258505023561516,0.804,0.5757519341190179,1.7421671928852869,[0.         0.         0.         0.         0.01272581 0.         0.         0.         0.01226537 0.         0.         0.         0.         0.         0.         0.         0.         0.         0.         0.         0.         0.         0.         0.         0.         0.96322763 0.         0.01178119 0.         0.         0.        ],[0. 0. 0. 0. 1. 0. 0. 0. 1. 0. 0. 0. 0. 0. 0. 0. 0. 0. 0. 0. 0. 0. 0. 0. 0. 1. 0. 1. 0. 0. 0.],4.0,best,10000,100000,100,0.9,0.5,0.9,0.5,0.9,3,0.84,1,4,,problem_solving,10
7700,0.004280987442578854,0.050758,0.00258505023561516,0.808,0.5723776674868795,2.107089352118595,[0.         0.         0.         0.         0.01272581 0.         0.         0.         0.01226537 0.         0.         0.         0.         0.         0.         0.         0.         0.         0.         0.         0.         0.         0.         0.         0.         0.96322763 0.         0.01178119 0.         0.         0.        ],[0. 0. 0. 0. 1. 0. 0. 0. 1. 0. 0. 0. 0. 0. 0. 0. 0. 0. 0. 0. 0. 0. 0. 0. 0. 1. 0. 1. 0. 0. 0.],4.0,best,10000,100000,100,0.9,0.5,0.9,0.5,0.9,3,0.84,1,4,,problem_solving,10
7800,0.004280987442578854,0.050758,0.00258505023561516,0.812,0.5690231761687783,0.6408536745732982,[0.         0.         0.         0.         0.01272581 0.         0.         0.         0.01226537 0.         0.         0.         0.         0.         0.         0.         0.         0.         0.         0.         0.         0.         0.         0.         0.         0.96322763 0.         0.01178119 0.         0.         0.        ],[0. 0. 0. 0. 1. 0. 0. 0. 1. 0. 0. 0. 0. 0. 0. 0. 0. 0. 0. 0. 0. 0. 0. 0. 0. 1. 0. 1. 0. 0. 0.],4.0,best,10000,100000,100,0.9,0.5,0.9,0.5,0.9,3,0.84,1,4,,problem_solving,10
7900,0.004280987442578854,0.050758,0.00258505023561516,0.8160000000000001,0.5656883442689989,0.453190496173499,[0.         0.         0.         0.         0.01272581 0.         0.         0.         0.01226537 0.         0.         0.         0.         0.         0.         0.         0.         0.         0.         0.         0.         0.         0.         0.         0.         0.96322763 0.         0.01178119 0.         0.         0.        ],[0. 0. 0. 0. 1. 0. 0. 0. 1. 0. 0. 0. 0. 0. 0. 0. 0. 0. 0. 0. 0. 0. 0. 0. 0. 1. 0. 1. 0. 0. 0.],4.0,best,10000,100000,100,0.9,0.5,0.9,0.5,0.9,3,0.84,1,4,,problem_solving,10
8000,0.004280987442578854,0.050758,0.00258505023561516,0.8200000000000001,0.5623730565710474,1.856057605723677,[0.         0.         0.         0.         0.01272581 0.         0.         0.         0.01226537 0.         0.         0.         0.         0.         0.         0.         0.         0.         0.         0.         0.         0.         0.         0.         0.         0.96322763 0.         0.01178119 0.         0.         0.        ],[0. 0. 0. 0. 1. 0. 0. 0. 1. 0. 0. 0. 0. 0. 0. 0. 0. 0. 0. 0. 0. 0. 0. 0. 0. 1. 0. 1. 0. 0. 0.],4.0,best,10000,100000,100,0.9,0.5,0.9,0.5,0.9,3,0.84,1,4,,problem_solving,10
8100,0.004280987442578854,0.050758,0.00258505023561516,0.8240000000000001,0.5590771985336705,0.6569357657376449,[0.         0.         0.         0.         0.01272581 0.         0.         0.         0.01226537 0.         0.         0.         0.         0.         0.         0.         0.         0.         0.         0.         0.         0.         0.         0.         0.         0.96322763 0.         0.01178119 0.         0.         0.        ],[0. 0. 0. 0. 1. 0. 0. 0. 1. 0. 0. 0. 0. 0. 0. 0. 0. 0. 0. 0. 0. 0. 0. 0. 0. 1. 0. 1. 0. 0. 0.],4.0,best,10000,100000,100,0.9,0.5,0.9,0.5,0.9,3,0.84,1,4,,problem_solving,10
8200,0.004280987442578854,0.050758,0.00258505023561516,0.8280000000000001,0.5558006562868987,2.0919384969947408,[0.         0.         0.         0.         0.01272581 0.         0.         0.         0.01226537 0.         0.         0.         0.         0.         0.         0.         0.         0.         0.         0.         0.         0.         0.         0.         0.         0.96322763 0.         0.01178119 0.         0.         0.        ],[0. 0. 0. 0. 1. 0. 0. 0. 1. 0. 0. 0. 0. 0. 0. 0. 0. 0. 0. 0. 0. 0. 0. 0. 0. 1. 0. 1. 0. 0. 0.],4.0,best,10000,100000,100,0.9,0.5,0.9,0.5,0.9,3,0.84,1,4,,problem_solving,10
8300,0.004280987442578854,0.050758,0.00258505023561516,0.8320000000000001,0.5525433166281111,2.2075875764133897,[0.         0.         0.         0.         0.01272581 0.         0.         0.         0.01226537 0.         0.         0.         0.         0.         0.         0.         0.         0.         0.         0.         0.         0.         0.         0.         0.         0.96322763 0.         0.01178119 0.         0.         0.        ],[0. 0. 0. 0. 1. 0. 0. 0. 1. 0. 0. 0. 0. 0. 0. 0. 0. 0. 0. 0. 0. 0. 0. 0. 0. 1. 0. 1. 0. 0. 0.],4.0,best,10000,100000,100,0.9,0.5,0.9,0.5,0.9,3,0.84,1,4,,problem_solving,10
8400,0.004280987442578854,0.050758,0.00258505023561516,0.8360000000000001,0.5493050670181255,0.24148683697837794,[0.         0.         0.         0.         0.01272581 0.         0.         0.         0.01226537 0.         0.         0.         0.         0.         0.         0.         0.         0.         0.         0.         0.         0.         0.         0.         0.         0.96322763 0.         0.01178119 0.         0.         0.        ],[0. 0. 0. 0. 1. 0. 0. 0. 1. 0. 0. 0. 0. 0. 0. 0. 0. 0. 0. 0. 0. 0. 0. 0. 0. 1. 0. 1. 0. 0. 0.],4.0,best,10000,100000,100,0.9,0.5,0.9,0.5,0.9,3,0.84,1,4,,problem_solving,10
8500,0.004280987442578854,0.050758,0.00258505023561516,0.8400000000000001,0.5460857955773097,-1.5685738757097238,[0.         0.         0.         0.         0.01272581 0.         0.         0.         0.01226537 0.         0.         0.         0.         0.         0.         0.         0.         0.         0.         0.         0.         0.         0.         0.         0.         0.96322763 0.         0.01178119 0.         0.         0.        ],[0. 0. 0. 0. 1. 0. 0. 0. 1. 0. 0. 0. 0. 0. 0. 0. 0. 0. 0. 0. 0. 0. 0. 0. 0. 1. 0. 1. 0. 0. 0.],4.0,best,10000,100000,100,0.9,0.5,0.9,0.5,0.9,3,0.84,1,4,,problem_solving,10
8600,0.004280987442578854,0.050758,0.00258505023561516,0.8440000000000001,0.542885391081716,-2.065268852680261,[0.         0.         0.         0.         0.01272581 0.         0.         0.         0.01226537 0.         0.         0.         0.         0.         0.         0.         0.         0.         0.         0.         0.         0.         0.         0.         0.         0.96322763 0.         0.01178119 0.         0.         0.        ],[0. 0. 0. 0. 1. 0. 0. 0. 1. 0. 0. 0. 0. 0. 0. 0. 0. 0. 0. 0. 0. 0. 0. 0. 0. 1. 0. 1. 0. 0. 0.],4.0,best,10000,100000,100,0.9,0.5,0.9,0.5,0.9,3,0.84,1,4,,problem_solving,10
8700,0.004280987442578854,0.050758,0.00258505023561516,0.8480000000000001,0.5397037429592386,-4.052314511080613,[0.         0.         0.         0.         0.01272581 0.         0.         0.         0.01226537 0.         0.         0.         0.         0.         0.         0.         0.         0.         0.         0.         0.         0.         0.         0.         0.         0.96322763 0.         0.01178119 0.         0.         0.        ],[0. 0. 0. 0. 1. 0. 0. 0. 1. 0. 0. 0. 0. 0. 0. 0. 0. 0. 0. 0. 0. 0. 0. 0. 0. 1. 0. 1. 0. 0. 0.],4.0,best,10000,100000,100,0.9,0.5,0.9,0.5,0.9,3,0.84,1,4,,problem_solving,10
8800,0.004280987442578854,0.050758,0.00258505023561516,0.8520000000000001,0.5365407412857937,1.057806347766562,[0.         0.         0.         0.         0.01272581 0.         0.         0.         0.01226537 0.         0.         0.         0.         0.         0.         0.         0.         0.         0.         0.         0.         0.         0.         0.         0.         0.96322763 0.         0.01178119 0.         0.         0.        ],[0. 0. 0. 0. 1. 0. 0. 0. 1. 0. 0. 0. 0. 0. 0. 0. 0. 0. 0. 0. 0. 0. 0. 0. 0. 1. 0. 1. 0. 0. 0.],4.0,best,10000,100000,100,0.9,0.5,0.9,0.5,0.9,3,0.84,1,4,,problem_solving,10
8900,0.004280987442578854,0.050758,0.00258505023561516,0.8560000000000001,0.5333962767815211,1.9102495077737696,[0.         0.         0.         0.         0.01272581 0.         0.         0.         0.01226537 0.         0.         0.         0.         0.         0.         0.         0.         0.         0.         0.         0.         0.         0.         0.         0.         0.96322763 0.         0.01178119 0.         0.         0.        ],[0. 0. 0. 0. 1. 0. 0. 0. 1. 0. 0. 0. 0. 0. 0. 0. 0. 0. 0. 0. 0. 0. 0. 0. 0. 1. 0. 1. 0. 0. 0.],4.0,best,10000,100000,100,0.9,0.5,0.9,0.5,0.9,3,0.84,1,4,,problem_solving,10
9000,0.004280987442578854,0.050758,0.00258505023561516,0.8600000000000001,0.5302702408070095,0.3520821491773914,[0.         0.         0.         0.         0.01272581 0.         0.         0.         0.01226537 0.         0.         0.         0.         0.         0.         0.         0.         0.         0.         0.         0.         0.         0.         0.         0.         0.96322763 0.         0.01178119 0.         0.         0.        ],[0. 0. 0. 0. 1. 0. 0. 0. 1. 0. 0. 0. 0. 0. 0. 0. 0. 0. 0. 0. 0. 0. 0. 0. 0. 1. 0. 1. 0. 0. 0.],4.0,best,10000,100000,100,0.9,0.5,0.9,0.5,0.9,3,0.84,1,4,,problem_solving,10
9100,0.004280987442578854,0.050758,0.00258505023561516,0.8640000000000001,0.5271625253595416,-2.25086849192411,[0.         0.         0.         0.         0.01272581 0.         0.         0.         0.01226537 0.         0.         0.         0.         0.         0.         0.         0.         0.         0.         0.         0.         0.         0.         0.         0.         0.96322763 0.         0.01178119 0.         0.         0.        ],[0. 0. 0. 0. 1. 0. 0. 0. 1. 0. 0. 0. 0. 0. 0. 0. 0. 0. 0. 0. 0. 0. 0. 0. 0. 1. 0. 1. 0. 0. 0.],4.0,best,10000,100000,100,0.9,0.5,0.9,0.5,0.9,3,0.84,1,4,,problem_solving,10
9200,0.004280987442578854,0.050758,0.00258505023561516,0.8680000000000001,0.5240730230693647,0.2312533063408792,[0.         0.         0.         0.         0.01272581 0.         0.         0.         0.01226537 0.         0.         0.         0.         0.         0.         0.         0.         0.         0.         0.         0.         0.         0.         0.         0.         0.96322763 0.         0.01178119 0.         0.         0.        ],[0. 0. 0. 0. 1. 0. 0. 0. 1. 0. 0. 0. 0. 0. 0. 0. 0. 0. 0. 0. 0. 0. 0. 0. 0. 1. 0. 1. 0. 0. 0.],4.0,best,10000,100000,100,0.9,0.5,0.9,0.5,0.9,3,0.84,1,4,,problem_solving,10
9300,0.004280987442578854,0.050758,0.00258505023561516,0.8720000000000001,0.5210016271959791,0.6819613418166477,[0.         0.         0.         0.         0.01272581 0.         0.         0.         0.01226537 0.         0.         0.         0.         0.         0.         0.         0.         0.         0.         0.         0.         0.         0.         0.         0.         0.96322763 0.         0.01178119 0.         0.         0.        ],[0. 0. 0. 0. 1. 0. 0. 0. 1. 0. 0. 0. 0. 0. 0. 0. 0. 0. 0. 0. 0. 0. 0. 0. 0. 1. 0. 1. 0. 0. 0.],4.0,best,10000,100000,100,0.9,0.5,0.9,0.5,0.9,3,0.84,1,4,,problem_solving,10
9400,0.004280987442578854,0.050758,0.00258505023561516,0.8760000000000001,0.5179482316244518,-0.47253768116604905,[0.         0.         0.         0.         0.01272581 0.         0.         0.         0.01226537 0.         0.         0.         0.         0.         0.         0.         0.         0.         0.         0.         0.         0.         0.         0.         0.         0.96322763 0.         0.01178119 0.         0.         0.        ],[0. 0. 0. 0. 1. 0. 0. 0. 1. 0. 0. 0. 0. 0. 0. 0. 0. 0. 0. 0. 0. 0. 0. 0. 0. 1. 0. 1. 0. 0. 0.],4.0,best,10000,100000,100,0.9,0.5,0.9,0.5,0.9,3,0.84,1,4,,problem_solving,10
9500,0.004280987442578854,0.050758,0.00258505023561516,0.88,0.5149127308617497,-1.0455220642131646,[0.         0.         0.         0.         0.01272581 0.         0.         0.         0.01226537 0.         0.         0.         0.         0.         0.         0.         0.         0.         0.         0.         0.         0.         0.         0.         0.         0.96322763 0.         0.01178119 0.         0.         0.        ],[0. 0. 0. 0. 1. 0. 0. 0. 1. 0. 0. 0. 0. 0. 0. 0. 0. 0. 0. 0. 0. 0. 0. 0. 0. 1. 0. 1. 0. 0. 0.],4.0,best,10000,100000,100,0.9,0.5,0.9,0.5,0.9,3,0.84,1,4,,problem_solving,10
9600,0.004280987442578854,0.050758,0.00258505023561516,0.884,0.5118950200330946,0.575268003458394,[0.         0.         0.         0.         0.01272581 0.         0.         0.         0.01226537 0.         0.         0.         0.         0.         0.         0.         0.         0.         0.         0.         0.         0.         0.         0.         0.         0.96322763 0.         0.01178119 0.         0.         0.        ],[0. 0. 0. 0. 1. 0. 0. 0. 1. 0. 0. 0. 0. 0. 0. 0. 0. 0. 0. 0. 0. 0. 0. 0. 0. 1. 0. 1. 0. 0. 0.],4.0,best,10000,100000,100,0.9,0.5,0.9,0.5,0.9,3,0.84,1,4,,problem_solving,10
9700,0.004280987442578854,0.050758,0.00258505023561516,0.888,0.5088949948783402,1.2224064198417146,[0.         0.         0.         0.         0.01272581 0.         0.         0.         0.01226537 0.         0.         0.         0.         0.         0.         0.         0.         0.         0.         0.         0.         0.         0.         0.         0.         0.96322763 0.         0.01178119 0.         0.         0.        ],[0. 0. 0. 0. 1. 0. 0. 0. 1. 0. 0. 0. 0. 0. 0. 0. 0. 0. 0. 0. 0. 0. 0. 0. 0. 1. 0. 1. 0. 0. 0.],4.0,best,10000,100000,100,0.9,0.5,0.9,0.5,0.9,3,0.84,1,4,,problem_solving,10
9800,0.004280987442578854,0.050758,0.00258505023561516,0.892,0.5059125517483702,-0.3215681204056626,[0.         0.         0.         0.         0.01272581 0.         0.         0.         0.01226537 0.         0.         0.         0.         0.         0.         0.         0.         0.         0.         0.         0.         0.         0.         0.         0.         0.96322763 0.         0.01178119 0.         0.         0.        ],[0. 0. 0. 0. 1. 0. 0. 0. 1. 0. 0. 0. 0. 0. 0. 0. 0. 0. 0. 0. 0. 0. 0. 0. 0. 1. 0. 1. 0. 0. 0.],4.0,best,10000,100000,100,0.9,0.5,0.9,0.5,0.9,3,0.84,1,4,,problem_solving,10
9900,0.004280987442578854,0.050758,0.00258505023561516,0.896,0.5029475876015165,-2.6492151285190904,[0.         0.         0.         0.         0.01272581 0.         0.         0.         0.01226537 0.         0.         0.         0.         0.         0.         0.         0.         0.         0.         0.         0.         0.         0.         0.         0.         0.96322763 0.         0.01178119 0.         0.         0.        ],[0. 0. 0. 0. 1. 0. 0. 0. 1. 0. 0. 0. 0. 0. 0. 0. 0. 0. 0. 0. 0. 0. 0. 0. 0. 1. 0. 1. 0. 0. 0.],4.0,best,10000,100000,100,0.9,0.5,0.9,0.5,0.9,3,0.84,1,4,,problem_solving,10
9999,0.004280987442578854,0.050758,0.00258505023561516,0.8999600000000001,0.500029390196995,-1.1650358378871377,[0.         0.         0.         0.         0.01272581 0.         0.         0.         0.01226537 0.         0.         0.         0.         0.         0.         0.         0.         0.         0.         0.         0.         0.         0.         0.         0.         0.96322763 0.         0.01178119 0.         0.         0.        ],[0. 0. 0. 0. 1. 0. 0. 0. 1. 0. 0. 0. 0. 0. 0. 0. 0. 0. 0. 0. 0. 0. 0. 0. 0. 1. 0. 1. 0. 0. 0.],4.0,best,10000,100000,100,0.9,0.5,0.9,0.5,0.9,3,0.84,1,4,,problem_solving,10
