iter,cost,return,par,move,X,Z,Q,max_iter,mem_size,mem_consider,sigma,port_n,k,seed,tag
1,0.0838077602660189,0.004511083495453725,0.4,6.2403800612738785,[0.         0.         0.         0.         0.         0.         0.         0.         0.01520062 0.         0.         0.         0.         0.         0.         0.         0.         0.         0.         0.         0.         0.         0.         0.         0.         0.94833049 0.         0.03646889 0.         0.         0.        ],[0. 0. 0. 0. 0. 0. 0. 0. 1. 0. 0. 0. 0. 0. 0. 0. 0. 0. 0. 0. 0. 0. 0. 0. 0. 1. 0. 1. 0. 0. 0.],3.0,10000,30,0.6,10,1,3,,problem_solving
100,0.0218041268325272,0.004719661587125356,0.4,0.5603513318682108,[0.         0.         0.         0.         0.01366563 0.         0.         0.         0.         0.         0.         0.         0.         0.         0.         0.         0.         0.         0.         0.         0.         0.01985934 0.         0.         0.         0.96647503 0.         0.         0.         0.         0.        ],[0. 0. 0. 0. 1. 0. 0. 0. 0. 0. 0. 0. 0. 0. 0. 0. 0. 0. 0. 0. 0. 1. 0. 0. 0. 1. 0. 0. 0. 0. 0.],3.0,10000,30,0.6,10,1,3,,problem_solving
200,0.0218041268325272,0.004719661587125356,0.4,-1.9341561852821894,[0.         0.         0.         0.         0.01366563 0.         0.         0.         0.         0.         0.         0.         0.         0.         0.         0.         0.         0.         0.         0.         0.         0.01985934 0.         0.         0.         0.96647503 0.         0.         0.         0.         0.        ],[0. 0. 0. 0. 1. 0. 0. 0. 0. 0. 0. 0. 0. 0. 0. 0. 0. 0. 0. 0. 0. 1. 0. 0. 0. 1. 0. 0. 0. 0. 0.],3.0,10000,30,0.6,10,1,3,,problem_solving
300,0.014018212964951201,0.0047096151723333085,0.4,3.45596545502553,[0.         0.         0.0146329  0.         0.         0.         0.         0.         0.         0.         0.         0.         0.         0.         0.         0.         0.         0.         0.         0.         0.         0.         0.         0.         0.         0.96242176 0.         0.         0.         0.02294534 0.        ],[0. 0. 1. 0. 0. 0. 0. 0. 0. 0. 0. 0. 0. 0. 0. 0. 0. 0. 0. 0. 0. 0. 0. 0. 0. 1. 0. 0. 0. 1. 0.],3.0,10000,30,0.6,10,1,3,,problem_solving
400,0.014018212964951201,0.0047096151723333085,0.4,-4.954657141102803,[0.         0.         0.0146329  0.         0.         0.         0.         0.         0.         0.         0.         0.         0.         0.         0.         0.         0.         0.         0.         0.         0.         0.         0.         0.         0.         0.96242176 0.         0.         0.         0.02294534 0.        ],[0. 0. 1. 0. 0. 0. 0. 0. 0. 0. 0. 0. 0. 0. 0. 0. 0. 0. 0. 0. 0. 0. 0. 0. 0. 1. 0. 0. 0. 1. 0.],3.0,10000,30,0.6,10,1,3,,problem_solving
500,0.014018212964951201,0.0047096151723333085,0.4,-5.694607479535859,[0.         0.         0.0146329  0.         0.         0.         0.         0.         0.         0.         0.         0.         0.         0.         0.         0.         0.         0.         0.         0.         0.         0.         0.         0.         0.         0.96242176 0.         0.         0.         0.02294534 0.        ],[0. 0. 1. 0. 0. 0. 0. 0. 0. 0. 0. 0. 0. 0. 0. 0. 0. 0. 0. 0. 0. 0. 0. 0. 0. 1. 0. 0. 0. 1. 0.],3.0,10000,30,0.6,10,1,3,,problem_solving
600,0.01039493572257954,0.01065717495191297,0.4,-5.969557662957619,[0.         0.         0.         0.         0.9712713  0.         0.         0.         0.         0.         0.         0.         0.         0.         0.         0.         0.         0.         0.01233286 0.         0.         0.         0.         0.         0.         0.         0.         0.         0.         0.         0.01639584],[0. 0. 0. 0. 1. 0. 0. 0. 0. 0. 0. 0. 0. 0. 0. 0. 0. 0. 1. 0. 0. 0. 0. 0. 0. 0. 0. 0. 0. 0. 1.],3.0,10000,30,0.6,10,1,3,,problem_solving
700,0.01039493572257954,0.01065717495191297,0.4,4.16508718100189,[0.         0.         0.         0.         0.9712713  0.         0.         0.         0.         0.         0.         0.         0.         0.         0.         0.         0.         0.         0.01233286 0.         0.         0.         0.         0.         0.         0.         0.         0.         0.         0.         0.01639584],[0. 0. 0. 0. 1. 0. 0. 0. 0. 0. 0. 0. 0. 0. 0. 0. 0. 0. 1. 0. 0. 0. 0. 0. 0. 0. 0. 0. 0. 0. 1.],3.0,10000,30,0.6,10,1,3,,problem_solving
800,0.00955209779251321,0.007005271480223387,0.4,-0.04186004722958849,[0.         0.         0.         0.         0.         0.         0.01082497 0.         0.96299552 0.         0.         0.         0.         0.         0.         0.         0.         0.         0.         0.         0.         0.         0.         0.         0.         0.02617951 0.         0.         0.         0.         0.        ],[0. 0. 0. 0. 0. 0. 1. 0. 1. 0. 0. 0. 0. 0. 0. 0. 0. 0. 0. 0. 0. 0. 0. 0. 0. 1. 0. 0. 0. 0. 0.],3.0,10000,30,0.6,10,1,3,,problem_solving
900,0.00955209779251321,0.007005271480223387,0.4,4.687354913181539,[0.         0.         0.         0.         0.         0.         0.01082497 0.         0.96299552 0.         0.         0.         0.         0.         0.         0.         0.         0.         0.         0.         0.         0.         0.         0.         0.         0.02617951 0.         0.         0.         0.         0.        ],[0. 0. 0. 0. 0. 0. 1. 0. 1. 0. 0. 0. 0. 0. 0. 0. 0. 0. 0. 0. 0. 0. 0. 0. 0. 1. 0. 0. 0. 0. 0.],3.0,10000,30,0.6,10,1,3,,problem_solving
1000,0.00955209779251321,0.007005271480223387,0.4,-20.023022881140502,[0.         0.         0.         0.         0.         0.         0.01082497 0.         0.96299552 0.         0.         0.         0.         0.         0.         0.         0.         0.         0.         0.         0.         0.         0.         0.         0.         0.02617951 0.         0.         0.         0.         0.        ],[0. 0. 0. 0. 0. 0. 1. 0. 1. 0. 0. 0. 0. 0. 0. 0. 0. 0. 0. 0. 0. 0. 0. 0. 0. 1. 0. 0. 0. 0. 0.],3.0,10000,30,0.6,10,1,3,,problem_solving
1100,0.00955209779251321,0.007005271480223387,0.4,10.072930020869123,[0.         0.         0.         0.         0.         0.         0.01082497 0.         0.96299552 0.         0.         0.         0.         0.         0.         0.         0.         0.         0.         0.         0.         0.         0.         0.         0.         0.02617951 0.         0.         0.         0.         0.        ],[0. 0. 0. 0. 0. 0. 1. 0. 1. 0. 0. 0. 0. 0. 0. 0. 0. 0. 0. 0. 0. 0. 0. 0. 0. 1. 0. 0. 0. 0. 0.],3.0,10000,30,0.6,10,1,3,,problem_solving
1200,0.00955209779251321,0.007005271480223387,0.4,5.353364816908338,[0.         0.         0.         0.         0.         0.         0.01082497 0.         0.96299552 0.         0.         0.         0.         0.         0.         0.         0.         0.         0.         0.         0.         0.         0.         0.         0.         0.02617951 0.         0.         0.         0.         0.        ],[0. 0. 0. 0. 0. 0. 1. 0. 1. 0. 0. 0. 0. 0. 0. 0. 0. 0. 0. 0. 0. 0. 0. 0. 0. 1. 0. 0. 0. 0. 0.],3.0,10000,30,0.6,10,1,3,,problem_solving
1300,0.00955209779251321,0.007005271480223387,0.4,-4.536145052805189,[0.         0.         0.         0.         0.         0.         0.01082497 0.         0.96299552 0.         0.         0.         0.         0.         0.         0.         0.         0.         0.         0.         0.         0.         0.         0.         0.         0.02617951 0.         0.         0.         0.         0.        ],[0. 0. 0. 0. 0. 0. 1. 0. 1. 0. 0. 0. 0. 0. 0. 0. 0. 0. 0. 0. 0. 0. 0. 0. 0. 1. 0. 0. 0. 0. 0.],3.0,10000,30,0.6,10,1,3,,problem_solving
1400,0.00955209779251321,0.007005271480223387,0.4,3.76448411103973,[0.         0.         0.         0.         0.         0.         0.01082497 0.         0.96299552 0.         0.         0.         0.         0.         0.         0.         0.         0.         0.         0.         0.         0.         0.         0.         0.         0.02617951 0.         0.         0.         0.         0.        ],[0. 0. 0. 0. 0. 0. 1. 0. 1. 0. 0. 0. 0. 0. 0. 0. 0. 0. 0. 0. 0. 0. 0. 0. 0. 1. 0. 0. 0. 0. 0.],3.0,10000,30,0.6,10,1,3,,problem_solving
1500,0.00955209779251321,0.007005271480223387,0.4,8.02475382570892,[0.         0.         0.         0.         0.         0.         0.01082497 0.         0.96299552 0.         0.         0.         0.         0.         0.         0.         0.         0.         0.         0.         0.         0.         0.         0.         0.         0.02617951 0.         0.         0.         0.         0.        ],[0. 0. 0. 0. 0. 0. 1. 0. 1. 0. 0. 0. 0. 0. 0. 0. 0. 0. 0. 0. 0. 0. 0. 0. 0. 1. 0. 0. 0. 0. 0.],3.0,10000,30,0.6,10,1,3,,problem_solving
1600,0.00955209779251321,0.007005271480223387,0.4,12.234900360107648,[0.         0.         0.         0.         0.         0.         0.01082497 0.         0.96299552 0.         0.         0.         0.         0.         0.         0.         0.         0.         0.         0.         0.         0.         0.         0.         0.         0.02617951 0.         0.         0.         0.         0.        ],[0. 0. 0. 0. 0. 0. 1. 0. 1. 0. 0. 0. 0. 0. 0. 0. 0. 0. 0. 0. 0. 0. 0. 0. 0. 1. 0. 0. 0. 0. 0.],3.0,10000,30,0.6,10,1,3,,problem_solving
1700,0.00955209779251321,0.007005271480223387,0.4,-5.802410964599515,[0.         0.         0.         0.         0.         0.         0.01082497 0.         0.96299552 0.         0.         0.         0.         0.         0.         0.         0.         0.         0.         0.         0.         0.         0.         0.         0.         0.02617951 0.         0.         0.         0.         0.        ],[0. 0. 0. 0. 0. 0. 1. 0. 1. 0. 0. 0. 0. 0. 0. 0. 0. 0. 0. 0. 0. 0. 0. 0. 0. 1. 0. 0. 0. 0. 0.],3.0,10000,30,0.6,10,1,3,,problem_solving
1800,0.00955209779251321,0.007005271480223387,0.4,7.534574388510279,[0.         0.         0.         0.         0.         0.         0.01082497 0.         0.96299552 0.         0.         0.         0.         0.         0.         0.         0.         0.         0.         0.         0.         0.         0.         0.         0.         0.02617951 0.         0.         0.         0.         0.        ],[0. 0. 0. 0. 0. 0. 1. 0. 1. 0. 0. 0. 0. 0. 0. 0. 0. 0. 0. 0. 0. 0. 0. 0. 0. 1. 0. 0. 0. 0. 0.],3.0,10000,30,0.6,10,1,3,,problem_solving
1900,0.00955209779251321,0.007005271480223387,0.4,9.782880604959896,[0.         0.         0.         0.         0.         0.         0.01082497 0.         0.96299552 0.         0.         0.         0.         0.         0.         0.         0.         0.         0.         0.         0.         0.         0.         0.         0.         0.02617951 0.         0.         0.         0.         0.        ],[0. 0. 0. 0. 0. 0. 1. 0. 1. 0. 0. 0. 0. 0. 0. 0. 0. 0. 0. 0. 0. 0. 0. 0. 0. 1. 0. 0. 0. 0. 0.],3.0,10000,30,0.6,10,1,3,,problem_solving
2000,0.00955209779251321,0.007005271480223387,0.4,5.6467497079071824,[0.         0.         0.         0.         0.         0.         0.01082497 0.         0.96299552 0.         0.         0.         0.         0.         0.         0.         0.         0.         0.         0.         0.         0.         0.         0.         0.         0.02617951 0.         0.         0.         0.         0.        ],[0. 0. 0. 0. 0. 0. 1. 0. 1. 0. 0. 0. 0. 0. 0. 0. 0. 0. 0. 0. 0. 0. 0. 0. 0. 1. 0. 0. 0. 0. 0.],3.0,10000,30,0.6,10,1,3,,problem_solving
2100,0.00955209779251321,0.007005271480223387,0.4,-10.000953767574215,[0.         0.         0.         0.         0.         0.         0.01082497 0.         0.96299552 0.         0.         0.         0.         0.         0.         0.         0.         0.         0.         0.         0.         0.         0.         0.         0.         0.02617951 0.         0.         0.         0.         0.        ],[0. 0. 0. 0. 0. 0. 1. 0. 1. 0. 0. 0. 0. 0. 0. 0. 0. 0. 0. 0. 0. 0. 0. 0. 0. 1. 0. 0. 0. 0. 0.],3.0,10000,30,0.6,10,1,3,,problem_solving
2200,0.00955209779251321,0.007005271480223387,0.4,-10.767005043298553,[0.         0.         0.         0.         0.         0.         0.01082497 0.         0.96299552 0.         0.         0.         0.         0.         0.         0.         0.         0.         0.         0.         0.         0.         0.         0.         0.         0.02617951 0.         0.         0.         0.         0.        ],[0. 0. 0. 0. 0. 0. 1. 0. 1. 0. 0. 0. 0. 0. 0. 0. 0. 0. 0. 0. 0. 0. 0. 0. 0. 1. 0. 0. 0. 0. 0.],3.0,10000,30,0.6,10,1,3,,problem_solving
2300,0.00955209779251321,0.007005271480223387,0.4,8.99284145703328,[0.         0.         0.         0.         0.         0.         0.01082497 0.         0.96299552 0.         0.         0.         0.         0.         0.         0.         0.         0.         0.         0.         0.         0.         0.         0.         0.         0.02617951 0.         0.         0.         0.         0.        ],[0. 0. 0. 0. 0. 0. 1. 0. 1. 0. 0. 0. 0. 0. 0. 0. 0. 0. 0. 0. 0. 0. 0. 0. 0. 1. 0. 0. 0. 0. 0.],3.0,10000,30,0.6,10,1,3,,problem_solving
2400,0.00955209779251321,0.007005271480223387,0.4,5.801574055577437,[0.         0.         0.         0.         0.         0.         0.01082497 0.         0.96299552 0.         0.         0.         0.         0.         0.         0.         0.         0.         0.         0.         0.         0.         0.         0.         0.         0.02617951 0.         0.         0.         0.         0.        ],[0. 0. 0. 0. 0. 0. 1. 0. 1. 0. 0. 0. 0. 0. 0. 0. 0. 0. 0. 0. 0. 0. 0. 0. 0. 1. 0. 0. 0. 0. 0.],3.0,10000,30,0.6,10,1,3,,problem_solving
2500,0.00955209779251321,0.007005271480223387,0.4,1.3623055155538568,[0.         0.         0.         0.         0.         0.         0.01082497 0.         0.96299552 0.         0.         0.         0.         0.         0.         0.         0.         0.         0.         0.         0.         0.         0.         0.         0.         0.02617951 0.         0.         0.         0.         0.        ],[0. 0. 0. 0. 0. 0. 1. 0. 1. 0. 0. 0. 0. 0. 0. 0. 0. 0. 0. 0. 0. 0. 0. 0. 0. 1. 0. 0. 0. 0. 0.],3.0,10000,30,0.6,10,1,3,,problem_solving
2600,0.005062133132919324,0.004747651661212597,0.4,-11.53391913113869,[0.         0.         0.         0.         0.         0.         0.         0.         0.         0.         0.         0.         0.         0.         0.01267686 0.         0.         0.         0.         0.         0.         0.         0.         0.         0.         0.97315267 0.         0.01417047 0.         0.         0.        ],[0. 0. 0. 0. 0. 0. 0. 0. 0. 0. 0. 0. 0. 0. 1. 0. 0. 0. 0. 0. 0. 0. 0. 0. 0. 1. 0. 1. 0. 0. 0.],3.0,10000,30,0.6,10,1,3,,problem_solving
2700,0.005062133132919324,0.004747651661212597,0.4,8.601791238344594,[0.         0.         0.         0.         0.         0.         0.         0.         0.         0.         0.         0.         0.         0.         0.01267686 0.         0.         0.         0.         0.         0.         0.         0.         0.         0.         0.97315267 0.         0.01417047 0.         0.         0.        ],[0. 0. 0. 0. 0. 0. 0. 0. 0. 0. 0. 0. 0. 0. 1. 0. 0. 0. 0. 0. 0. 0. 0. 0. 0. 1. 0. 1. 0. 0. 0.],3.0,10000,30,0.6,10,1,3,,problem_solving
2800,0.005062133132919324,0.004747651661212597,0.4,-1.3423301414717441,[0.         0.         0.         0.         0.         0.         0.         0.         0.         0.         0.         0.         0.         0.         0.01267686 0.         0.         0.         0.         0.         0.         0.         0.         0.         0.         0.97315267 0.         0.01417047 0.         0.         0.        ],[0. 0. 0. 0. 0. 0. 0. 0. 0. 0. 0. 0. 0. 0. 1. 0. 0. 0. 0. 0. 0. 0. 0. 0. 0. 1. 0. 1. 0. 0. 0.],3.0,10000,30,0.6,10,1,3,,problem_solving
2900,0.005062133132919324,0.004747651661212597,0.4,-19.521388770475237,[0.         0.         0.         0.         0.         0.         0.         0.         0.         0.         0.         0.         0.         0.         0.01267686 0.         0.         0.         0.         0.         0.         0.         0.         0.         0.         0.97315267 0.         0.01417047 0.         0.         0.        ],[0. 0. 0. 0. 0. 0. 0. 0. 0. 0. 0. 0. 0. 0. 1. 0. 0. 0. 0. 0. 0. 0. 0. 0. 0. 1. 0. 1. 0. 0. 0.],3.0,10000,30,0.6,10,1,3,,problem_solving
3000,0.005062133132919324,0.004747651661212597,0.4,3.1810456123096396,[0.         0.         0.         0.         0.         0.         0.         0.         0.         0.         0.         0.         0.         0.         0.01267686 0.         0.         0.         0.         0.         0.         0.         0.         0.         0.         0.97315267 0.         0.01417047 0.         0.         0.        ],[0. 0. 0. 0. 0. 0. 0. 0. 0. 0. 0. 0. 0. 0. 1. 0. 0. 0. 0. 0. 0. 0. 0. 0. 0. 1. 0. 1. 0. 0. 0.],3.0,10000,30,0.6,10,1,3,,problem_solving
3100,0.005062133132919324,0.004747651661212597,0.4,18.339232561529638,[0.         0.         0.         0.         0.         0.         0.         0.         0.         0.         0.         0.         0.         0.         0.01267686 0.         0.         0.         0.         0.         0.         0.         0.         0.         0.         0.97315267 0.         0.01417047 0.         0.         0.        ],[0. 0. 0. 0. 0. 0. 0. 0. 0. 0. 0. 0. 0. 0. 1. 0. 0. 0. 0. 0. 0. 0. 0. 0. 0. 1. 0. 1. 0. 0. 0.],3.0,10000,30,0.6,10,1,3,,problem_solving
3200,0.005062133132919324,0.004747651661212597,0.4,-15.220494043657473,[0.         0.         0.         0.         0.         0.         0.         0.         0.         0.         0.         0.         0.         0.         0.01267686 0.         0.         0.         0.         0.         0.         0.         0.         0.         0.         0.97315267 0.         0.01417047 0.         0.         0.        ],[0. 0. 0. 0. 0. 0. 0. 0. 0. 0. 0. 0. 0. 0. 1. 0. 0. 0. 0. 0. 0. 0. 0. 0. 0. 1. 0. 1. 0. 0. 0.],3.0,10000,30,0.6,10,1,3,,problem_solving
3300,0.005062133132919324,0.004747651661212597,0.4,9.037939553248183,[0.         0.         0.         0.         0.         0.         0.         0.         0.         0.         0.         0.         0.         0.         0.01267686 0.         0.         0.         0.         0.         0.         0.         0.         0.         0.         0.97315267 0.         0.01417047 0.         0.         0.        ],[0. 0. 0. 0. 0. 0. 0. 0. 0. 0. 0. 0. 0. 0. 1. 0. 0. 0. 0. 0. 0. 0. 0. 0. 0. 1. 0. 1. 0. 0. 0.],3.0,10000,30,0.6,10,1,3,,problem_solving
3400,0.005062133132919324,0.004747651661212597,0.4,-11.262091576622808,[0.         0.         0.         0.         0.         0.         0.         0.         0.         0.         0.         0.         0.         0.         0.01267686 0.         0.         0.         0.         0.         0.         0.         0.         0.         0.         0.97315267 0.         0.01417047 0.         0.         0.        ],[0. 0. 0. 0. 0. 0. 0. 0. 0. 0. 0. 0. 0. 0. 1. 0. 0. 0. 0. 0. 0. 0. 0. 0. 0. 1. 0. 1. 0. 0. 0.],3.0,10000,30,0.6,10,1,3,,problem_solving
3500,0.005062133132919324,0.004747651661212597,0.4,8.796010853057245,[0.         0.         0.         0.         0.         0.         0.         0.         0.         0.         0.         0.         0.         0.         0.01267686 0.         0.         0.         0.         0.         0.         0.         0.         0.         0.         0.97315267 0.         0.01417047 0.         0.         0.        ],[0. 0. 0. 0. 0. 0. 0. 0. 0. 0. 0. 0. 0. 0. 1. 0. 0. 0. 0. 0. 0. 0. 0. 0. 0. 1. 0. 1. 0. 0. 0.],3.0,10000,30,0.6,10,1,3,,problem_solving
3600,0.005062133132919324,0.004747651661212597,0.4,-13.555425756904198,[0.         0.         0.         0.         0.         0.         0.         0.         0.         0.         0.         0.         0.         0.         0.01267686 0.         0.         0.         0.         0.         0.         0.         0.         0.         0.         0.97315267 0.         0.01417047 0.         0.         0.        ],[0. 0. 0. 0. 0. 0. 0. 0. 0. 0. 0. 0. 0. 0. 1. 0. 0. 0. 0. 0. 0. 0. 0. 0. 0. 1. 0. 1. 0. 0. 0.],3.0,10000,30,0.6,10,1,3,,problem_solving
3700,0.005062133132919324,0.004747651661212597,0.4,-6.982444947096771,[0.         0.         0.         0.         0.         0.         0.         0.         0.         0.         0.         0.         0.         0.         0.01267686 0.         0.         0.         0.         0.         0.         0.         0.         0.         0.         0.97315267 0.         0.01417047 0.         0.         0.        ],[0. 0. 0. 0. 0. 0. 0. 0. 0. 0. 0. 0. 0. 0. 1. 0. 0. 0. 0. 0. 0. 0. 0. 0. 0. 1. 0. 1. 0. 0. 0.],3.0,10000,30,0.6,10,1,3,,problem_solving
3800,0.005062133132919324,0.004747651661212597,0.4,-11.111825254929421,[0.         0.         0.         0.         0.         0.         0.         0.         0.         0.         0.         0.         0.         0.         0.01267686 0.         0.         0.         0.         0.         0.         0.         0.         0.         0.         0.97315267 0.         0.01417047 0.         0.         0.        ],[0. 0. 0. 0. 0. 0. 0. 0. 0. 0. 0. 0. 0. 0. 1. 0. 0. 0. 0. 0. 0. 0. 0. 0. 0. 1. 0. 1. 0. 0. 0.],3.0,10000,30,0.6,10,1,3,,problem_solving
3900,0.005062133132919324,0.004747651661212597,0.4,-7.625246632551109,[0.         0.         0.         0.         0.         0.         0.         0.         0.         0.         0.         0.         0.         0.         0.01267686 0.         0.         0.         0.         0.         0.         0.         0.         0.         0.         0.97315267 0.         0.01417047 0.         0.         0.        ],[0. 0. 0. 0. 0. 0. 0. 0. 0. 0. 0. 0. 0. 0. 1. 0. 0. 0. 0. 0. 0. 0. 0. 0. 0. 1. 0. 1. 0. 0. 0.],3.0,10000,30,0.6,10,1,3,,problem_solving
4000,0.005062133132919324,0.004747651661212597,0.4,-3.706473541859887,[0.         0.         0.         0.         0.         0.         0.         0.         0.         0.         0.         0.         0.         0.         0.01267686 0.         0.         0.         0.         0.         0.         0.         0.         0.         0.         0.97315267 0.         0.01417047 0.         0.         0.        ],[0. 0. 0. 0. 0. 0. 0. 0. 0. 0. 0. 0. 0. 0. 1. 0. 0. 0. 0. 0. 0. 0. 0. 0. 0. 1. 0. 1. 0. 0. 0.],3.0,10000,30,0.6,10,1,3,,problem_solving
4100,0.005062133132919324,0.004747651661212597,0.4,-3.710244287046039,[0.         0.         0.         0.         0.         0.         0.         0.         0.         0.         0.         0.         0.         0.         0.01267686 0.         0.         0.         0.         0.         0.         0.         0.         0.         0.         0.97315267 0.         0.01417047 0.         0.         0.        ],[0. 0. 0. 0. 0. 0. 0. 0. 0. 0. 0. 0. 0. 0. 1. 0. 0. 0. 0. 0. 0. 0. 0. 0. 0. 1. 0. 1. 0. 0. 0.],3.0,10000,30,0.6,10,1,3,,problem_solving
4200,0.005062133132919324,0.004747651661212597,0.4,8.96966860861968,[0.         0.         0.         0.         0.         0.         0.         0.         0.         0.         0.         0.         0.         0.         0.01267686 0.         0.         0.         0.         0.         0.         0.         0.         0.         0.         0.97315267 0.         0.01417047 0.         0.         0.        ],[0. 0. 0. 0. 0. 0. 0. 0. 0. 0. 0. 0. 0. 0. 1. 0. 0. 0. 0. 0. 0. 0. 0. 0. 0. 1. 0. 1. 0. 0. 0.],3.0,10000,30,0.6,10,1,3,,problem_solving
4300,0.005062133132919324,0.004747651661212597,0.4,8.10904666092898,[0.         0.         0.         0.         0.         0.         0.         0.         0.         0.         0.         0.         0.         0.         0.01267686 0.         0.         0.         0.         0.         0.         0.         0.         0.         0.         0.97315267 0.         0.01417047 0.         0.         0.        ],[0. 0. 0. 0. 0. 0. 0. 0. 0. 0. 0. 0. 0. 0. 1. 0. 0. 0. 0. 0. 0. 0. 0. 0. 0. 1. 0. 1. 0. 0. 0.],3.0,10000,30,0.6,10,1,3,,problem_solving
4400,0.005062133132919324,0.004747651661212597,0.4,-1.3190709067891446,[0.         0.         0.         0.         0.         0.         0.         0.         0.         0.         0.         0.         0.         0.         0.01267686 0.         0.         0.         0.         0.         0.         0.         0.         0.         0.         0.97315267 0.         0.01417047 0.         0.         0.        ],[0. 0. 0. 0. 0. 0. 0. 0. 0. 0. 0. 0. 0. 0. 1. 0. 0. 0. 0. 0. 0. 0. 0. 0. 0. 1. 0. 1. 0. 0. 0.],3.0,10000,30,0.6,10,1,3,,problem_solving
4500,0.005062133132919324,0.004747651661212597,0.4,6.524815458477518,[0.         0.         0.         0.         0.         0.         0.         0.         0.         0.         0.         0.         0.         0.         0.01267686 0.         0.         0.         0.         0.         0.         0.         0.         0.         0.         0.97315267 0.         0.01417047 0.         0.         0.        ],[0. 0. 0. 0. 0. 0. 0. 0. 0. 0. 0. 0. 0. 0. 1. 0. 0. 0. 0. 0. 0. 0. 0. 0. 0. 1. 0. 1. 0. 0. 0.],3.0,10000,30,0.6,10,1,3,,problem_solving
4600,0.005062133132919324,0.004747651661212597,0.4,-15.762190011930828,[0.         0.         0.         0.         0.         0.         0.         0.         0.         0.         0.         0.         0.         0.         0.01267686 0.         0.         0.         0.         0.         0.         0.         0.         0.         0.         0.97315267 0.         0.01417047 0.         0.         0.        ],[0. 0. 0. 0. 0. 0. 0. 0. 0. 0. 0. 0. 0. 0. 1. 0. 0. 0. 0. 0. 0. 0. 0. 0. 0. 1. 0. 1. 0. 0. 0.],3.0,10000,30,0.6,10,1,3,,problem_solving
4700,0.005062133132919324,0.004747651661212597,0.4,-4.5129032865146,[0.         0.         0.         0.         0.         0.         0.         0.         0.         0.         0.         0.         0.         0.         0.01267686 0.         0.         0.         0.         0.         0.         0.         0.         0.         0.         0.97315267 0.         0.01417047 0.         0.         0.        ],[0. 0. 0. 0. 0. 0. 0. 0. 0. 0. 0. 0. 0. 0. 1. 0. 0. 0. 0. 0. 0. 0. 0. 0. 0. 1. 0. 1. 0. 0. 0.],3.0,10000,30,0.6,10,1,3,,problem_solving
4800,0.005062133132919324,0.004747651661212597,0.4,13.924243784791045,[0.         0.         0.         0.         0.         0.         0.         0.         0.         0.         0.         0.         0.         0.         0.01267686 0.         0.         0.         0.         0.         0.         0.         0.         0.         0.         0.97315267 0.         0.01417047 0.         0.         0.        ],[0. 0. 0. 0. 0. 0. 0. 0. 0. 0. 0. 0. 0. 0. 1. 0. 0. 0. 0. 0. 0. 0. 0. 0. 0. 1. 0. 1. 0. 0. 0.],3.0,10000,30,0.6,10,1,3,,problem_solving
4900,0.005062133132919324,0.004747651661212597,0.4,-9.9177208482776,[0.         0.         0.         0.         0.         0.         0.         0.         0.         0.         0.         0.         0.         0.         0.01267686 0.         0.         0.         0.         0.         0.         0.         0.         0.         0.         0.97315267 0.         0.01417047 0.         0.         0.        ],[0. 0. 0. 0. 0. 0. 0. 0. 0. 0. 0. 0. 0. 0. 1. 0. 0. 0. 0. 0. 0. 0. 0. 0. 0. 1. 0. 1. 0. 0. 0.],3.0,10000,30,0.6,10,1,3,,problem_solving
5000,0.005062133132919324,0.004747651661212597,0.4,10.399087456216336,[0.         0.         0.         0.         0.         0.         0.         0.         0.         0.         0.         0.         0.         0.         0.01267686 0.         0.         0.         0.         0.         0.         0.         0.         0.         0.         0.97315267 0.         0.01417047 0.         0.         0.        ],[0. 0. 0. 0. 0. 0. 0. 0. 0. 0. 0. 0. 0. 0. 1. 0. 0. 0. 0. 0. 0. 0. 0. 0. 0. 1. 0. 1. 0. 0. 0.],3.0,10000,30,0.6,10,1,3,,problem_solving
5100,0.005062133132919324,0.004747651661212597,0.4,7.338760527615992,[0.         0.         0.         0.         0.         0.         0.         0.         0.         0.         0.         0.         0.         0.         0.01267686 0.         0.         0.         0.         0.         0.         0.         0.         0.         0.         0.97315267 0.         0.01417047 0.         0.         0.        ],[0. 0. 0. 0. 0. 0. 0. 0. 0. 0. 0. 0. 0. 0. 1. 0. 0. 0. 0. 0. 0. 0. 0. 0. 0. 1. 0. 1. 0. 0. 0.],3.0,10000,30,0.6,10,1,3,,problem_solving
5200,0.005062133132919324,0.004747651661212597,0.4,-0.546098897329397,[0.         0.         0.         0.         0.         0.         0.         0.         0.         0.         0.         0.         0.         0.         0.01267686 0.         0.         0.         0.         0.         0.         0.         0.         0.         0.         0.97315267 0.         0.01417047 0.         0.         0.        ],[0. 0. 0. 0. 0. 0. 0. 0. 0. 0. 0. 0. 0. 0. 1. 0. 0. 0. 0. 0. 0. 0. 0. 0. 0. 1. 0. 1. 0. 0. 0.],3.0,10000,30,0.6,10,1,3,,problem_solving
5300,0.005062133132919324,0.004747651661212597,0.4,-13.66176626206424,[0.         0.         0.         0.         0.         0.         0.         0.         0.         0.         0.         0.         0.         0.         0.01267686 0.         0.         0.         0.         0.         0.         0.         0.         0.         0.         0.97315267 0.         0.01417047 0.         0.         0.        ],[0. 0. 0. 0. 0. 0. 0. 0. 0. 0. 0. 0. 0. 0. 1. 0. 0. 0. 0. 0. 0. 0. 0. 0. 0. 1. 0. 1. 0. 0. 0.],3.0,10000,30,0.6,10,1,3,,problem_solving
5400,0.005062133132919324,0.004747651661212597,0.4,3.4550031520956894,[0.         0.         0.         0.         0.         0.         0.         0.         0.         0.         0.         0.         0.         0.         0.01267686 0.         0.         0.         0.         0.         0.         0.         0.         0.         0.         0.97315267 0.         0.01417047 0.         0.         0.        ],[0. 0. 0. 0. 0. 0. 0. 0. 0. 0. 0. 0. 0. 0. 1. 0. 0. 0. 0. 0. 0. 0. 0. 0. 0. 1. 0. 1. 0. 0. 0.],3.0,10000,30,0.6,10,1,3,,problem_solving
5500,0.005062133132919324,0.004747651661212597,0.4,12.980369162416263,[0.         0.         0.         0.         0.         0.         0.         0.         0.         0.         0.         0.         0.         0.         0.01267686 0.         0.         0.         0.         0.         0.         0.         0.         0.         0.         0.97315267 0.         0.01417047 0.         0.         0.        ],[0. 0. 0. 0. 0. 0. 0. 0. 0. 0. 0. 0. 0. 0. 1. 0. 0. 0. 0. 0. 0. 0. 0. 0. 0. 1. 0. 1. 0. 0. 0.],3.0,10000,30,0.6,10,1,3,,problem_solving
5600,0.005062133132919324,0.004747651661212597,0.4,0.5126554502184415,[0.         0.         0.         0.         0.         0.         0.         0.         0.         0.         0.         0.         0.         0.         0.01267686 0.         0.         0.         0.         0.         0.         0.         0.         0.         0.         0.97315267 0.         0.01417047 0.         0.         0.        ],[0. 0. 0. 0. 0. 0. 0. 0. 0. 0. 0. 0. 0. 0. 1. 0. 0. 0. 0. 0. 0. 0. 0. 0. 0. 1. 0. 1. 0. 0. 0.],3.0,10000,30,0.6,10,1,3,,problem_solving
5700,0.005062133132919324,0.004747651661212597,0.4,8.282698695730785,[0.         0.         0.         0.         0.         0.         0.         0.         0.         0.         0.         0.         0.         0.         0.01267686 0.         0.         0.         0.         0.         0.         0.         0.         0.         0.         0.97315267 0.         0.01417047 0.         0.         0.        ],[0. 0. 0. 0. 0. 0. 0. 0. 0. 0. 0. 0. 0. 0. 1. 0. 0. 0. 0. 0. 0. 0. 0. 0. 0. 1. 0. 1. 0. 0. 0.],3.0,10000,30,0.6,10,1,3,,problem_solving
5800,0.005062133132919324,0.004747651661212597,0.4,7.283240960207151,[0.         0.         0.         0.         0.         0.         0.         0.         0.         0.         0.         0.         0.         0.         0.01267686 0.         0.         0.         0.         0.         0.         0.         0.         0.         0.         0.97315267 0.         0.01417047 0.         0.         0.        ],[0. 0. 0. 0. 0. 0. 0. 0. 0. 0. 0. 0. 0. 0. 1. 0. 0. 0. 0. 0. 0. 0. 0. 0. 0. 1. 0. 1. 0. 0. 0.],3.0,10000,30,0.6,10,1,3,,problem_solving
5900,0.005062133132919324,0.004747651661212597,0.4,2.0209752733534785,[0.         0.         0.         0.         0.         0.         0.         0.         0.         0.         0.         0.         0.         0.         0.01267686 0.         0.         0.         0.         0.         0.         0.         0.         0.         0.         0.97315267 0.         0.01417047 0.         0.         0.        ],[0. 0. 0. 0. 0. 0. 0. 0. 0. 0. 0. 0. 0. 0. 1. 0. 0. 0. 0. 0. 0. 0. 0. 0. 0. 1. 0. 1. 0. 0. 0.],3.0,10000,30,0.6,10,1,3,,problem_solving
6000,0.005062133132919324,0.004747651661212597,0.4,-8.071015460647363,[0.         0.         0.         0.         0.         0.         0.         0.         0.         0.         0.         0.         0.         0.         0.01267686 0.         0.         0.         0.         0.         0.         0.         0.         0.         0.         0.97315267 0.         0.01417047 0.         0.         0.        ],[0. 0. 0. 0. 0. 0. 0. 0. 0. 0. 0. 0. 0. 0. 1. 0. 0. 0. 0. 0. 0. 0. 0. 0. 0. 1. 0. 1. 0. 0. 0.],3.0,10000,30,0.6,10,1,3,,problem_solving
6100,0.005062133132919324,0.004747651661212597,0.4,-4.092639996678664,[0.         0.         0.         0.         0.         0.         0.         0.         0.         0.         0.         0.         0.         0.         0.01267686 0.         0.         0.         0.         0.         0.         0.         0.         0.         0.         0.97315267 0.         0.01417047 0.         0.         0.        ],[0. 0. 0. 0. 0. 0. 0. 0. 0. 0. 0. 0. 0. 0. 1. 0. 0. 0. 0. 0. 0. 0. 0. 0. 0. 1. 0. 1. 0. 0. 0.],3.0,10000,30,0.6,10,1,3,,problem_solving
6200,0.005062133132919324,0.004747651661212597,0.4,-2.889261060788221,[0.         0.         0.         0.         0.         0.         0.         0.         0.         0.         0.         0.         0.         0.         0.01267686 0.         0.         0.         0.         0.         0.         0.         0.         0.         0.         0.97315267 0.         0.01417047 0.         0.         0.        ],[0. 0. 0. 0. 0. 0. 0. 0. 0. 0. 0. 0. 0. 0. 1. 0. 0. 0. 0. 0. 0. 0. 0. 0. 0. 1. 0. 1. 0. 0. 0.],3.0,10000,30,0.6,10,1,3,,problem_solving
6300,0.005062133132919324,0.004747651661212597,0.4,-11.324903370621337,[0.         0.         0.         0.         0.         0.         0.         0.         0.         0.         0.         0.         0.         0.         0.01267686 0.         0.         0.         0.         0.         0.         0.         0.         0.         0.         0.97315267 0.         0.01417047 0.         0.         0.        ],[0. 0. 0. 0. 0. 0. 0. 0. 0. 0. 0. 0. 0. 0. 1. 0. 0. 0. 0. 0. 0. 0. 0. 0. 0. 1. 0. 1. 0. 0. 0.],3.0,10000,30,0.6,10,1,3,,problem_solving
6400,0.005062133132919324,0.004747651661212597,0.4,2.3891256895527246,[0.         0.         0.         0.         0.         0.         0.         0.         0.         0.         0.         0.         0.         0.         0.01267686 0.         0.         0.         0.         0.         0.         0.         0.         0.         0.         0.97315267 0.         0.01417047 0.         0.         0.        ],[0. 0. 0. 0. 0. 0. 0. 0. 0. 0. 0. 0. 0. 0. 1. 0. 0. 0. 0. 0. 0. 0. 0. 0. 0. 1. 0. 1. 0. 0. 0.],3.0,10000,30,0.6,10,1,3,,problem_solving
6500,0.005062133132919324,0.004747651661212597,0.4,3.878043365810477,[0.         0.         0.         0.         0.         0.         0.         0.         0.         0.         0.         0.         0.         0.         0.01267686 0.         0.         0.         0.         0.         0.         0.         0.         0.         0.         0.97315267 0.         0.01417047 0.         0.         0.        ],[0. 0. 0. 0. 0. 0. 0. 0. 0. 0. 0. 0. 0. 0. 1. 0. 0. 0. 0. 0. 0. 0. 0. 0. 0. 1. 0. 1. 0. 0. 0.],3.0,10000,30,0.6,10,1,3,,problem_solving
6600,0.005062133132919324,0.004747651661212597,0.4,10.84657226208244,[0.         0.         0.         0.         0.         0.         0.         0.         0.         0.         0.         0.         0.         0.         0.01267686 0.         0.         0.         0.         0.         0.         0.         0.         0.         0.         0.97315267 0.         0.01417047 0.         0.         0.        ],[0. 0. 0. 0. 0. 0. 0. 0. 0. 0. 0. 0. 0. 0. 1. 0. 0. 0. 0. 0. 0. 0. 0. 0. 0. 1. 0. 1. 0. 0. 0.],3.0,10000,30,0.6,10,1,3,,problem_solving
6700,0.005062133132919324,0.004747651661212597,0.4,-4.575161408911227,[0.         0.         0.         0.         0.         0.         0.         0.         0.         0.         0.         0.         0.         0.         0.01267686 0.         0.         0.         0.         0.         0.         0.         0.         0.         0.         0.97315267 0.         0.01417047 0.         0.         0.        ],[0. 0. 0. 0. 0. 0. 0. 0. 0. 0. 0. 0. 0. 0. 1. 0. 0. 0. 0. 0. 0. 0. 0. 0. 0. 1. 0. 1. 0. 0. 0.],3.0,10000,30,0.6,10,1,3,,problem_solving
6800,0.005062133132919324,0.004747651661212597,0.4,-10.693557321733264,[0.         0.         0.         0.         0.         0.         0.         0.         0.         0.         0.         0.         0.         0.         0.01267686 0.         0.         0.         0.         0.         0.         0.         0.         0.         0.         0.97315267 0.         0.01417047 0.         0.         0.        ],[0. 0. 0. 0. 0. 0. 0. 0. 0. 0. 0. 0. 0. 0. 1. 0. 0. 0. 0. 0. 0. 0. 0. 0. 0. 1. 0. 1. 0. 0. 0.],3.0,10000,30,0.6,10,1,3,,problem_solving
6900,0.005062133132919324,0.004747651661212597,0.4,14.236466711280165,[0.         0.         0.         0.         0.         0.         0.         0.         0.         0.         0.         0.         0.         0.         0.01267686 0.         0.         0.         0.         0.         0.         0.         0.         0.         0.         0.97315267 0.         0.01417047 0.         0.         0.        ],[0. 0. 0. 0. 0. 0. 0. 0. 0. 0. 0. 0. 0. 0. 1. 0. 0. 0. 0. 0. 0. 0. 0. 0. 0. 1. 0. 1. 0. 0. 0.],3.0,10000,30,0.6,10,1,3,,problem_solving
7000,0.005062133132919324,0.004747651661212597,0.4,-5.351312866766344,[0.         0.         0.         0.         0.         0.         0.         0.         0.         0.         0.         0.         0.         0.         0.01267686 0.         0.         0.         0.         0.         0.         0.         0.         0.         0.         0.97315267 0.         0.01417047 0.         0.         0.        ],[0. 0. 0. 0. 0. 0. 0. 0. 0. 0. 0. 0. 0. 0. 1. 0. 0. 0. 0. 0. 0. 0. 0. 0. 0. 1. 0. 1. 0. 0. 0.],3.0,10000,30,0.6,10,1,3,,problem_solving
7100,0.005062133132919324,0.004747651661212597,0.4,-0.8947761345427974,[0.         0.         0.         0.         0.         0.         0.         0.         0.         0.         0.         0.         0.         0.         0.01267686 0.         0.         0.         0.         0.         0.         0.         0.         0.         0.         0.97315267 0.         0.01417047 0.         0.         0.        ],[0. 0. 0. 0. 0. 0. 0. 0. 0. 0. 0. 0. 0. 0. 1. 0. 0. 0. 0. 0. 0. 0. 0. 0. 0. 1. 0. 1. 0. 0. 0.],3.0,10000,30,0.6,10,1,3,,problem_solving
7200,0.005062133132919324,0.004747651661212597,0.4,-5.658842329515918,[0.         0.         0.         0.         0.         0.         0.         0.         0.         0.         0.         0.         0.         0.         0.01267686 0.         0.         0.         0.         0.         0.         0.         0.         0.         0.         0.97315267 0.         0.01417047 0.         0.         0.        ],[0. 0. 0. 0. 0. 0. 0. 0. 0. 0. 0. 0. 0. 0. 1. 0. 0. 0. 0. 0. 0. 0. 0. 0. 0. 1. 0. 1. 0. 0. 0.],3.0,10000,30,0.6,10,1,3,,problem_solving
7300,0.005062133132919324,0.004747651661212597,0.4,13.576397796640903,[0.         0.         0.         0.         0.         0.         0.         0.         0.         0.         0.         0.         0.         0.         0.01267686 0.         0.         0.         0.         0.         0.         0.         0.         0.         0.         0.97315267 0.         0.01417047 0.         0.         0.        ],[0. 0. 0. 0. 0. 0. 0. 0. 0. 0. 0. 0. 0. 0. 1. 0. 0. 0. 0. 0. 0. 0. 0. 0. 0. 1. 0. 1. 0. 0. 0.],3.0,10000,30,0.6,10,1,3,,problem_solving
7400,0.005062133132919324,0.004747651661212597,0.4,1.1092461881232314,[0.         0.         0.         0.         0.         0.         0.         0.         0.         0.         0.         0.         0.         0.         0.01267686 0.         0.         0.         0.         0.         0.         0.         0.         0.         0.         0.97315267 0.         0.01417047 0.         0.         0.        ],[0. 0. 0. 0. 0. 0. 0. 0. 0. 0. 0. 0. 0. 0. 1. 0. 0. 0. 0. 0. 0. 0. 0. 0. 0. 1. 0. 1. 0. 0. 0.],3.0,10000,30,0.6,10,1,3,,problem_solving
7500,0.005062133132919324,0.004747651661212597,0.4,-11.495755686635325,[0.         0.         0.         0.         0.         0.         0.         0.         0.         0.         0.         0.         0.         0.         0.01267686 0.         0.         0.         0.         0.         0.         0.         0.         0.         0.         0.97315267 0.         0.01417047 0.         0.         0.        ],[0. 0. 0. 0. 0. 0. 0. 0. 0. 0. 0. 0. 0. 0. 1. 0. 0. 0. 0. 0. 0. 0. 0. 0. 0. 1. 0. 1. 0. 0. 0.],3.0,10000,30,0.6,10,1,3,,problem_solving
7600,0.005062133132919324,0.004747651661212597,0.4,-13.401974606977813,[0.         0.         0.         0.         0.         0.         0.         0.         0.         0.         0.         0.         0.         0.         0.01267686 0.         0.         0.         0.         0.         0.         0.         0.         0.         0.         0.97315267 0.         0.01417047 0.         0.         0.        ],[0. 0. 0. 0. 0. 0. 0. 0. 0. 0. 0. 0. 0. 0. 1. 0. 0. 0. 0. 0. 0. 0. 0. 0. 0. 1. 0. 1. 0. 0. 0.],3.0,10000,30,0.6,10,1,3,,problem_solving
7700,0.005062133132919324,0.004747651661212597,0.4,-16.42944755970796,[0.         0.         0.         0.         0.         0.         0.         0.         0.         0.         0.         0.         0.         0.         0.01267686 0.         0.         0.         0.         0.         0.         0.         0.         0.         0.         0.97315267 0.         0.01417047 0.         0.         0.        ],[0. 0. 0. 0. 0. 0. 0. 0. 0. 0. 0. 0. 0. 0. 1. 0. 0. 0. 0. 0. 0. 0. 0. 0. 0. 1. 0. 1. 0. 0. 0.],3.0,10000,30,0.6,10,1,3,,problem_solving
7800,0.005062133132919324,0.004747651661212597,0.4,-0.46196173247453387,[0.         0.         0.         0.         0.         0.         0.         0.         0.         0.         0.         0.         0.         0.         0.01267686 0.         0.         0.         0.         0.         0.         0.         0.         0.         0.         0.97315267 0.         0.01417047 0.         0.         0.        ],[0. 0. 0. 0. 0. 0. 0. 0. 0. 0. 0. 0. 0. 0. 1. 0. 0. 0. 0. 0. 0. 0. 0. 0. 0. 1. 0. 1. 0. 0. 0.],3.0,10000,30,0.6,10,1,3,,problem_solving
7900,0.005062133132919324,0.004747651661212597,0.4,-12.647927094349834,[0.         0.         0.         0.         0.         0.         0.         0.         0.         0.         0.         0.         0.         0.         0.01267686 0.         0.         0.         0.         0.         0.         0.         0.         0.         0.         0.97315267 0.         0.01417047 0.         0.         0.        ],[0. 0. 0. 0. 0. 0. 0. 0. 0. 0. 0. 0. 0. 0. 1. 0. 0. 0. 0. 0. 0. 0. 0. 0. 0. 1. 0. 1. 0. 0. 0.],3.0,10000,30,0.6,10,1,3,,problem_solving
8000,0.005062133132919324,0.004747651661212597,0.4,4.826525949219967,[0.         0.         0.         0.         0.         0.         0.         0.         0.         0.         0.         0.         0.         0.         0.01267686 0.         0.         0.         0.         0.         0.         0.         0.         0.         0.         0.97315267 0.         0.01417047 0.         0.         0.        ],[0. 0. 0. 0. 0. 0. 0. 0. 0. 0. 0. 0. 0. 0. 1. 0. 0. 0. 0. 0. 0. 0. 0. 0. 0. 1. 0. 1. 0. 0. 0.],3.0,10000,30,0.6,10,1,3,,problem_solving
8100,0.005062133132919324,0.004747651661212597,0.4,14.080193378802212,[0.         0.         0.         0.         0.         0.         0.         0.         0.         0.         0.         0.         0.         0.         0.01267686 0.         0.         0.         0.         0.         0.         0.         0.         0.         0.         0.97315267 0.         0.01417047 0.         0.         0.        ],[0. 0. 0. 0. 0. 0. 0. 0. 0. 0. 0. 0. 0. 0. 1. 0. 0. 0. 0. 0. 0. 0. 0. 0. 0. 1. 0. 1. 0. 0. 0.],3.0,10000,30,0.6,10,1,3,,problem_solving
8200,0.005062133132919324,0.004747651661212597,0.4,-8.494448596490047,[0.         0.         0.         0.         0.         0.         0.         0.         0.         0.         0.         0.         0.         0.         0.01267686 0.         0.         0.         0.         0.         0.         0.         0.         0.         0.         0.97315267 0.         0.01417047 0.         0.         0.        ],[0. 0. 0. 0. 0. 0. 0. 0. 0. 0. 0. 0. 0. 0. 1. 0. 0. 0. 0. 0. 0. 0. 0. 0. 0. 1. 0. 1. 0. 0. 0.],3.0,10000,30,0.6,10,1,3,,problem_solving
8300,0.005062133132919324,0.004747651661212597,0.4,6.252407973223226,[0.         0.         0.         0.         0.         0.         0.         0.         0.         0.         0.         0.         0.         0.         0.01267686 0.         0.         0.         0.         0.         0.         0.         0.         0.         0.         0.97315267 0.         0.01417047 0.         0.         0.        ],[0. 0. 0. 0. 0. 0. 0. 0. 0. 0. 0. 0. 0. 0. 1. 0. 0. 0. 0. 0. 0. 0. 0. 0. 0. 1. 0. 1. 0. 0. 0.],3.0,10000,30,0.6,10,1,3,,problem_solving
8400,0.005062133132919324,0.004747651661212597,0.4,7.783752842900972,[0.         0.         0.         0.         0.         0.         0.         0.         0.         0.         0.         0.         0.         0.         0.01267686 0.         0.         0.         0.         0.         0.         0.         0.         0.         0.         0.97315267 0.         0.01417047 0.         0.         0.        ],[0. 0. 0. 0. 0. 0. 0. 0. 0. 0. 0. 0. 0. 0. 1. 0. 0. 0. 0. 0. 0. 0. 0. 0. 0. 1. 0. 1. 0. 0. 0.],3.0,10000,30,0.6,10,1,3,,problem_solving
8500,0.005062133132919324,0.004747651661212597,0.4,13.885836337013668,[0.         0.         0.         0.         0.         0.         0.         0.         0.         0.         0.         0.         0.         0.         0.01267686 0.         0.         0.         0.         0.         0.         0.         0.         0.         0.         0.97315267 0.         0.01417047 0.         0.         0.        ],[0. 0. 0. 0. 0. 0. 0. 0. 0. 0. 0. 0. 0. 0. 1. 0. 0. 0. 0. 0. 0. 0. 0. 0. 0. 1. 0. 1. 0. 0. 0.],3.0,10000,30,0.6,10,1,3,,problem_solving
8600,0.005062133132919324,0.004747651661212597,0.4,8.729540057458662,[0.         0.         0.         0.         0.         0.         0.         0.         0.         0.         0.         0.         0.         0.         0.01267686 0.         0.         0.         0.         0.         0.         0.         0.         0.         0.         0.97315267 0.         0.01417047 0.         0.         0.        ],[0. 0. 0. 0. 0. 0. 0. 0. 0. 0. 0. 0. 0. 0. 1. 0. 0. 0. 0. 0. 0. 0. 0. 0. 0. 1. 0. 1. 0. 0. 0.],3.0,10000,30,0.6,10,1,3,,problem_solving
8700,0.005062133132919324,0.004747651661212597,0.4,2.979245485759448,[0.         0.         0.         0.         0.         0.         0.         0.         0.         0.         0.         0.         0.         0.         0.01267686 0.         0.         0.         0.         0.         0.         0.         0.         0.         0.         0.97315267 0.         0.01417047 0.         0.         0.        ],[0. 0. 0. 0. 0. 0. 0. 0. 0. 0. 0. 0. 0. 0. 1. 0. 0. 0. 0. 0. 0. 0. 0. 0. 0. 1. 0. 1. 0. 0. 0.],3.0,10000,30,0.6,10,1,3,,problem_solving
8800,0.005062133132919324,0.004747651661212597,0.4,13.662726209964527,[0.         0.         0.         0.         0.         0.         0.         0.         0.         0.         0.         0.         0.         0.         0.01267686 0.         0.         0.         0.         0.         0.         0.         0.         0.         0.         0.97315267 0.         0.01417047 0.         0.         0.        ],[0. 0. 0. 0. 0. 0. 0. 0. 0. 0. 0. 0. 0. 0. 1. 0. 0. 0. 0. 0. 0. 0. 0. 0. 0. 1. 0. 1. 0. 0. 0.],3.0,10000,30,0.6,10,1,3,,problem_solving
8900,0.005062133132919324,0.004747651661212597,0.4,15.231818693525629,[0.         0.         0.         0.         0.         0.         0.         0.         0.         0.         0.         0.         0.         0.         0.01267686 0.         0.         0.         0.         0.         0.         0.         0.         0.         0.         0.97315267 0.         0.01417047 0.         0.         0.        ],[0. 0. 0. 0. 0. 0. 0. 0. 0. 0. 0. 0. 0. 0. 1. 0. 0. 0. 0. 0. 0. 0. 0. 0. 0. 1. 0. 1. 0. 0. 0.],3.0,10000,30,0.6,10,1,3,,problem_solving
9000,0.005062133132919324,0.004747651661212597,0.4,-17.306560313465877,[0.         0.         0.         0.         0.         0.         0.         0.         0.         0.         0.         0.         0.         0.         0.01267686 0.         0.         0.         0.         0.         0.         0.         0.         0.         0.         0.97315267 0.         0.01417047 0.         0.         0.        ],[0. 0. 0. 0. 0. 0. 0. 0. 0. 0. 0. 0. 0. 0. 1. 0. 0. 0. 0. 0. 0. 0. 0. 0. 0. 1. 0. 1. 0. 0. 0.],3.0,10000,30,0.6,10,1,3,,problem_solving
9100,0.005062133132919324,0.004747651661212597,0.4,-3.8070875483258986,[0.         0.         0.         0.         0.         0.         0.         0.         0.         0.         0.         0.         0.         0.         0.01267686 0.         0.         0.         0.         0.         0.         0.         0.         0.         0.         0.97315267 0.         0.01417047 0.         0.         0.        ],[0. 0. 0. 0. 0. 0. 0. 0. 0. 0. 0. 0. 0. 0. 1. 0. 0. 0. 0. 0. 0. 0. 0. 0. 0. 1. 0. 1. 0. 0. 0.],3.0,10000,30,0.6,10,1,3,,problem_solving
9200,0.005062133132919324,0.004747651661212597,0.4,0.23710612478408272,[0.         0.         0.         0.         0.         0.         0.         0.         0.         0.         0.         0.         0.         0.         0.01267686 0.         0.         0.         0.         0.         0.         0.         0.         0.         0.         0.97315267 0.         0.01417047 0.         0.         0.        ],[0. 0. 0. 0. 0. 0. 0. 0. 0. 0. 0. 0. 0. 0. 1. 0. 0. 0. 0. 0. 0. 0. 0. 0. 0. 1. 0. 1. 0. 0. 0.],3.0,10000,30,0.6,10,1,3,,problem_solving
9300,0.005062133132919324,0.004747651661212597,0.4,-2.0170427082353286,[0.         0.         0.         0.         0.         0.         0.         0.         0.         0.         0.         0.         0.         0.         0.01267686 0.         0.         0.         0.         0.         0.         0.         0.         0.         0.         0.97315267 0.         0.01417047 0.         0.         0.        ],[0. 0. 0. 0. 0. 0. 0. 0. 0. 0. 0. 0. 0. 0. 1. 0. 0. 0. 0. 0. 0. 0. 0. 0. 0. 1. 0. 1. 0. 0. 0.],3.0,10000,30,0.6,10,1,3,,problem_solving
9400,0.005062133132919324,0.004747651661212597,0.4,-0.7423889942984842,[0.         0.         0.         0.         0.         0.         0.         0.         0.         0.         0.         0.         0.         0.         0.01267686 0.         0.         0.         0.         0.         0.         0.         0.         0.         0.         0.97315267 0.         0.01417047 0.         0.         0.        ],[0. 0. 0. 0. 0. 0. 0. 0. 0. 0. 0. 0. 0. 0. 1. 0. 0. 0. 0. 0. 0. 0. 0. 0. 0. 1. 0. 1. 0. 0. 0.],3.0,10000,30,0.6,10,1,3,,problem_solving
9500,0.005062133132919324,0.004747651661212597,0.4,8.4938599382721,[0.         0.         0.         0.         0.         0.         0.         0.         0.         0.         0.         0.         0.         0.         0.01267686 0.         0.         0.         0.         0.         0.         0.         0.         0.         0.         0.97315267 0.         0.01417047 0.         0.         0.        ],[0. 0. 0. 0. 0. 0. 0. 0. 0. 0. 0. 0. 0. 0. 1. 0. 0. 0. 0. 0. 0. 0. 0. 0. 0. 1. 0. 1. 0. 0. 0.],3.0,10000,30,0.6,10,1,3,,problem_solving
9600,0.005062133132919324,0.004747651661212597,0.4,-0.3220054049100659,[0.         0.         0.         0.         0.         0.         0.         0.         0.         0.         0.         0.         0.         0.         0.01267686 0.         0.         0.         0.         0.         0.         0.         0.         0.         0.         0.97315267 0.         0.01417047 0.         0.         0.        ],[0. 0. 0. 0. 0. 0. 0. 0. 0. 0. 0. 0. 0. 0. 1. 0. 0. 0. 0. 0. 0. 0. 0. 0. 0. 1. 0. 1. 0. 0. 0.],3.0,10000,30,0.6,10,1,3,,problem_solving
9700,0.005062133132919324,0.004747651661212597,0.4,4.30788462817873,[0.         0.         0.         0.         0.         0.         0.         0.         0.         0.         0.         0.         0.         0.         0.01267686 0.         0.         0.         0.         0.         0.         0.         0.         0.         0.         0.97315267 0.         0.01417047 0.         0.         0.        ],[0. 0. 0. 0. 0. 0. 0. 0. 0. 0. 0. 0. 0. 0. 1. 0. 0. 0. 0. 0. 0. 0. 0. 0. 0. 1. 0. 1. 0. 0. 0.],3.0,10000,30,0.6,10,1,3,,problem_solving
9800,0.005062133132919324,0.004747651661212597,0.4,1.5171456786781432,[0.         0.         0.         0.         0.         0.         0.         0.         0.         0.         0.         0.         0.         0.         0.01267686 0.         0.         0.         0.         0.         0.         0.         0.         0.         0.         0.97315267 0.         0.01417047 0.         0.         0.        ],[0. 0. 0. 0. 0. 0. 0. 0. 0. 0. 0. 0. 0. 0. 1. 0. 0. 0. 0. 0. 0. 0. 0. 0. 0. 1. 0. 1. 0. 0. 0.],3.0,10000,30,0.6,10,1,3,,problem_solving
9900,0.005062133132919324,0.004747651661212597,0.4,-2.1661151412499335,[0.         0.         0.         0.         0.         0.         0.         0.         0.         0.         0.         0.         0.         0.         0.01267686 0.         0.         0.         0.         0.         0.         0.         0.         0.         0.         0.97315267 0.         0.01417047 0.         0.         0.        ],[0. 0. 0. 0. 0. 0. 0. 0. 0. 0. 0. 0. 0. 0. 1. 0. 0. 0. 0. 0. 0. 0. 0. 0. 0. 1. 0. 1. 0. 0. 0.],3.0,10000,30,0.6,10,1,3,,problem_solving
9999,0.005062133132919324,0.004747651661212597,0.4,-4.194648554451556,[0.         0.         0.         0.         0.         0.         0.         0.         0.         0.         0.         0.         0.         0.         0.01267686 0.         0.         0.         0.         0.         0.         0.         0.         0.         0.         0.97315267 0.         0.01417047 0.         0.         0.        ],[0. 0. 0. 0. 0. 0. 0. 0. 0. 0. 0. 0. 0. 0. 1. 0. 0. 0. 0. 0. 0. 0. 0. 0. 0. 1. 0. 1. 0. 0. 0.],3.0,10000,30,0.6,10,1,3,,problem_solving
