iter,cost,risk,return,par,bw,move,X,Z,Q,pop_init,max_iter,pop_size,mem_size,mem_consider,par_min,par_max,bw_min,bw_max,sigma,lambda,port_n,k,seed,tag,local_search
1,0.0901277607086752,0.185085,0.0048294785826495925,0.001,0.5,-2.3917018371669068,[0.         0.         0.         0.01349176 0.         0.         0.         0.         0.         0.04966571 0.         0.         0.04268086 0.04532865 0.0181026  0.         0.0363919  0.         0.05358111 0.01880726 0.         0.         0.         0.04923507 0.         0.67271509 0.         0.         0.         0.         0.        ],[0. 0. 0. 1. 0. 0. 0. 0. 0. 1. 0. 0. 1. 1. 1. 0. 1. 0. 1. 1. 0. 0. 0. 1. 0. 1. 0. 0. 0. 0. 0.],10.0,random,1000,10000,10,0.6,0,1,0.5,0.5,5,0.5,1,10,,tuning_par,
10,0.08680906516176208,0.178655,0.0050368696764758435,0.01,0.5,2.7282296278103715,[0.         0.         0.01428889 0.03248996 0.         0.         0.02581838 0.01444005 0.04120004 0.         0.         0.02495874 0.         0.         0.03513657 0.         0.         0.         0.03856636 0.         0.         0.         0.         0.         0.         0.74694913 0.         0.         0.         0.02615186 0.        ],[0. 0. 1. 1. 0. 0. 1. 1. 1. 0. 0. 1. 0. 0. 1. 0. 0. 0. 1. 0. 0. 0. 0. 0. 0. 1. 0. 0. 0. 1. 0.],10.0,random,1000,10000,10,0.6,0,1,0.5,0.5,5,0.5,1,10,,tuning_par,
20,0.07735772950718434,0.156923,0.00220754098563134,0.02,0.5,1.1653003179918355,[0.         0.02345874 0.         0.         0.         0.0167658  0.         0.         0.         0.         0.06141205 0.01753321 0.01585667 0.         0.04805666 0.         0.         0.         0.03833661 0.         0.         0.         0.         0.05234916 0.         0.36921781 0.         0.35701328 0.         0.         0.        ],[0. 1. 0. 0. 0. 1. 0. 0. 0. 0. 1. 1. 1. 0. 1. 0. 0. 0. 1. 0. 0. 0. 0. 1. 0. 1. 0. 1. 0. 0. 0.],10.0,random,1000,10000,10,0.6,0,1,0.5,0.5,5,0.5,1,10,,tuning_par,
30,0.07735772950718434,0.156923,0.00220754098563134,0.03,0.5,1.1449147708954752,[0.         0.02345874 0.         0.         0.         0.0167658  0.         0.         0.         0.         0.06141205 0.01753321 0.01585667 0.         0.04805666 0.         0.         0.         0.03833661 0.         0.         0.         0.         0.05234916 0.         0.36921781 0.         0.35701328 0.         0.         0.        ],[0. 1. 0. 0. 0. 1. 0. 0. 0. 0. 1. 1. 1. 0. 1. 0. 0. 0. 1. 0. 0. 0. 0. 1. 0. 1. 0. 1. 0. 0. 0.],10.0,random,1000,10000,10,0.6,0,1,0.5,0.5,5,0.5,1,10,,tuning_par,
40,0.07735772950718434,0.156923,0.00220754098563134,0.04,0.5,-1.5745852509559417,[0.         0.02345874 0.         0.         0.         0.0167658  0.         0.         0.         0.         0.06141205 0.01753321 0.01585667 0.         0.04805666 0.         0.         0.         0.03833661 0.         0.         0.         0.         0.05234916 0.         0.36921781 0.         0.35701328 0.         0.         0.        ],[0. 1. 0. 0. 0. 1. 0. 0. 0. 0. 1. 1. 1. 0. 1. 0. 0. 0. 1. 0. 0. 0. 0. 1. 0. 1. 0. 1. 0. 0. 0.],10.0,random,1000,10000,10,0.6,0,1,0.5,0.5,5,0.5,1,10,,tuning_par,
50,0.07735772950718434,0.156923,0.00220754098563134,0.05,0.5,-0.9214556139471274,[0.         0.02345874 0.         0.         0.         0.0167658  0.         0.         0.         0.         0.06141205 0.01753321 0.01585667 0.         0.04805666 0.         0.         0.         0.03833661 0.         0.         0.         0.         0.05234916 0.         0.36921781 0.         0.35701328 0.         0.         0.        ],[0. 1. 0. 0. 0. 1. 0. 0. 0. 0. 1. 1. 1. 0. 1. 0. 0. 0. 1. 0. 0. 0. 0. 1. 0. 1. 0. 1. 0. 0. 0.],10.0,random,1000,10000,10,0.6,0,1,0.5,0.5,5,0.5,1,10,,tuning_par,
60,0.07735772950718434,0.156923,0.00220754098563134,0.06,0.5,-4.3448042605266695,[0.         0.02345874 0.         0.         0.         0.0167658  0.         0.         0.         0.         0.06141205 0.01753321 0.01585667 0.         0.04805666 0.         0.         0.         0.03833661 0.         0.         0.         0.         0.05234916 0.         0.36921781 0.         0.35701328 0.         0.         0.        ],[0. 1. 0. 0. 0. 1. 0. 0. 0. 0. 1. 1. 1. 0. 1. 0. 0. 0. 1. 0. 0. 0. 0. 1. 0. 1. 0. 1. 0. 0. 0.],10.0,random,1000,10000,10,0.6,0,1,0.5,0.5,5,0.5,1,10,,tuning_par,
70,0.056280188327321595,0.116573,0.004012623345356811,0.07,0.5,1.8024753950970291,[0.         0.         0.01237733 0.         0.72032808 0.         0.         0.         0.04453297 0.         0.         0.02618689 0.         0.         0.03994515 0.02780002 0.         0.01250405 0.         0.         0.         0.04141544 0.03826384 0.         0.         0.         0.         0.03664625 0.         0.         0.        ],[0. 0. 1. 0. 1. 0. 0. 0. 1. 0. 0. 1. 0. 0. 1. 1. 0. 1. 0. 0. 0. 1. 1. 0. 0. 0. 0. 1. 0. 0. 0.],10.0,random,1000,10000,10,0.6,0,1,0.5,0.5,5,0.5,1,10,,tuning_par,
80,0.056096594261148734,0.11602,0.003826811477702533,0.08,0.5,-4.066492241590579,[0.         0.         0.         0.01349176 0.         0.         0.         0.         0.         0.04966571 0.         0.         0.04268086 0.04532865 0.0181026  0.         0.0363919  0.         0.05358111 0.01880726 0.         0.         0.         0.04923507 0.         0.67271509 0.         0.         0.         0.         0.        ],[0. 0. 0. 1. 0. 0. 0. 0. 0. 1. 0. 0. 1. 1. 1. 0. 1. 0. 1. 1. 0. 0. 0. 1. 0. 1. 0. 0. 0. 0. 0.],10.0,random,1000,10000,10,0.6,0,1,0.5,0.5,5,0.5,1,10,,tuning_par,
90,0.056096594261148734,0.11602,0.003826811477702533,0.09,0.5,3.371704571668384,[0.         0.         0.         0.01349176 0.         0.         0.         0.         0.         0.04966571 0.         0.         0.04268086 0.04532865 0.0181026  0.         0.0363919  0.         0.05358111 0.01880726 0.         0.         0.         0.04923507 0.         0.67271509 0.         0.         0.         0.         0.        ],[0. 0. 0. 1. 0. 0. 0. 0. 0. 1. 0. 0. 1. 1. 1. 0. 1. 0. 1. 1. 0. 0. 0. 1. 0. 1. 0. 0. 0. 0. 0.],10.0,random,1000,10000,10,0.6,0,1,0.5,0.5,5,0.5,1,10,,tuning_par,
100,0.056096594261148734,0.11602,0.003826811477702533,0.1,0.5,-0.959489680289026,[0.         0.         0.         0.01349176 0.         0.         0.         0.         0.         0.04966571 0.         0.         0.04268086 0.04532865 0.0181026  0.         0.0363919  0.         0.05358111 0.01880726 0.         0.         0.         0.04923507 0.         0.67271509 0.         0.         0.         0.         0.        ],[0. 0. 0. 1. 0. 0. 0. 0. 0. 1. 0. 0. 1. 1. 1. 0. 1. 0. 1. 1. 0. 0. 0. 1. 0. 1. 0. 0. 0. 0. 0.],10.0,random,1000,10000,10,0.6,0,1,0.5,0.5,5,0.5,1,10,,tuning_par,
110,0.04482301107264229,0.093875,0.004228977854715416,0.11,0.5,-1.1116179085692495,[0.         0.         0.04269688 0.01408695 0.         0.01690768 0.         0.         0.         0.01592579 0.         0.         0.         0.         0.         0.         0.         0.04264486 0.04938418 0.         0.         0.039999   0.04878358 0.05875968 0.         0.67081139 0.         0.         0.         0.         0.        ],[0. 0. 1. 1. 0. 1. 0. 0. 0. 1. 0. 0. 0. 0. 0. 0. 0. 1. 1. 0. 0. 1. 1. 1. 0. 1. 0. 0. 0. 0. 0.],10.0,random,1000,10000,10,0.6,0,1,0.5,0.5,5,0.5,1,10,,tuning_par,
120,0.04482301107264229,0.093875,0.004228977854715416,0.12,0.5,3.2946185738307934,[0.         0.         0.04269688 0.01408695 0.         0.01690768 0.         0.         0.         0.01592579 0.         0.         0.         0.         0.         0.         0.         0.04264486 0.04938418 0.         0.         0.039999   0.04878358 0.05875968 0.         0.67081139 0.         0.         0.         0.         0.        ],[0. 0. 1. 1. 0. 1. 0. 0. 0. 1. 0. 0. 0. 0. 0. 0. 0. 1. 1. 0. 0. 1. 1. 1. 0. 1. 0. 0. 0. 0. 0.],10.0,random,1000,10000,10,0.6,0,1,0.5,0.5,5,0.5,1,10,,tuning_par,
130,0.04482301107264229,0.093875,0.004228977854715416,0.13,0.5,1.235678591630282,[0.         0.         0.04269688 0.01408695 0.         0.01690768 0.         0.         0.         0.01592579 0.         0.         0.         0.         0.         0.         0.         0.04264486 0.04938418 0.         0.         0.039999   0.04878358 0.05875968 0.         0.67081139 0.         0.         0.         0.         0.        ],[0. 0. 1. 1. 0. 1. 0. 0. 0. 1. 0. 0. 0. 0. 0. 0. 0. 1. 1. 0. 0. 1. 1. 1. 0. 1. 0. 0. 0. 0. 0.],10.0,random,1000,10000,10,0.6,0,1,0.5,0.5,5,0.5,1,10,,tuning_par,
140,0.04482301107264229,0.093875,0.004228977854715416,0.14,0.5,2.125605675678211,[0.         0.         0.04269688 0.01408695 0.         0.01690768 0.         0.         0.         0.01592579 0.         0.         0.         0.         0.         0.         0.         0.04264486 0.04938418 0.         0.         0.039999   0.04878358 0.05875968 0.         0.67081139 0.         0.         0.         0.         0.        ],[0. 0. 1. 1. 0. 1. 0. 0. 0. 1. 0. 0. 0. 0. 0. 0. 0. 1. 1. 0. 0. 1. 1. 1. 0. 1. 0. 0. 0. 0. 0.],10.0,random,1000,10000,10,0.6,0,1,0.5,0.5,5,0.5,1,10,,tuning_par,
150,0.04482301107264229,0.093875,0.004228977854715416,0.15,0.5,2.696897197317854,[0.         0.         0.04269688 0.01408695 0.         0.01690768 0.         0.         0.         0.01592579 0.         0.         0.         0.         0.         0.         0.         0.04264486 0.04938418 0.         0.         0.039999   0.04878358 0.05875968 0.         0.67081139 0.         0.         0.         0.         0.        ],[0. 0. 1. 1. 0. 1. 0. 0. 0. 1. 0. 0. 0. 0. 0. 0. 0. 1. 1. 0. 0. 1. 1. 1. 0. 1. 0. 0. 0. 0. 0.],10.0,random,1000,10000,10,0.6,0,1,0.5,0.5,5,0.5,1,10,,tuning_par,
160,0.04482301107264229,0.093875,0.004228977854715416,0.16,0.5,-7.4709259150503735,[0.         0.         0.04269688 0.01408695 0.         0.01690768 0.         0.         0.         0.01592579 0.         0.         0.         0.         0.         0.         0.         0.04264486 0.04938418 0.         0.         0.039999   0.04878358 0.05875968 0.         0.67081139 0.         0.         0.         0.         0.        ],[0. 0. 1. 1. 0. 1. 0. 0. 0. 1. 0. 0. 0. 0. 0. 0. 0. 1. 1. 0. 0. 1. 1. 1. 0. 1. 0. 0. 0. 0. 0.],10.0,random,1000,10000,10,0.6,0,1,0.5,0.5,5,0.5,1,10,,tuning_par,
170,0.04482301107264229,0.093875,0.004228977854715416,0.17,0.5,2.0688391050916457,[0.         0.         0.04269688 0.01408695 0.         0.01690768 0.         0.         0.         0.01592579 0.         0.         0.         0.         0.         0.         0.         0.04264486 0.04938418 0.         0.         0.039999   0.04878358 0.05875968 0.         0.67081139 0.         0.         0.         0.         0.        ],[0. 0. 1. 1. 0. 1. 0. 0. 0. 1. 0. 0. 0. 0. 0. 0. 0. 1. 1. 0. 0. 1. 1. 1. 0. 1. 0. 0. 0. 0. 0.],10.0,random,1000,10000,10,0.6,0,1,0.5,0.5,5,0.5,1,10,,tuning_par,
180,0.04482301107264229,0.093875,0.004228977854715416,0.18,0.5,1.4048818441591733,[0.         0.         0.04269688 0.01408695 0.         0.01690768 0.         0.         0.         0.01592579 0.         0.         0.         0.         0.         0.         0.         0.04264486 0.04938418 0.         0.         0.039999   0.04878358 0.05875968 0.         0.67081139 0.         0.         0.         0.         0.        ],[0. 0. 1. 1. 0. 1. 0. 0. 0. 1. 0. 0. 0. 0. 0. 0. 0. 1. 1. 0. 0. 1. 1. 1. 0. 1. 0. 0. 0. 0. 0.],10.0,random,1000,10000,10,0.6,0,1,0.5,0.5,5,0.5,1,10,,tuning_par,
190,0.04482301107264229,0.093875,0.004228977854715416,0.19,0.5,-0.07333052786463941,[0.         0.         0.04269688 0.01408695 0.         0.01690768 0.         0.         0.         0.01592579 0.         0.         0.         0.         0.         0.         0.         0.04264486 0.04938418 0.         0.         0.039999   0.04878358 0.05875968 0.         0.67081139 0.         0.         0.         0.         0.        ],[0. 0. 1. 1. 0. 1. 0. 0. 0. 1. 0. 0. 0. 0. 0. 0. 0. 1. 1. 0. 0. 1. 1. 1. 0. 1. 0. 0. 0. 0. 0.],10.0,random,1000,10000,10,0.6,0,1,0.5,0.5,5,0.5,1,10,,tuning_par,
200,0.04482301107264229,0.093875,0.004228977854715416,0.2,0.5,0.048425324388760516,[0.         0.         0.04269688 0.01408695 0.         0.01690768 0.         0.         0.         0.01592579 0.         0.         0.         0.         0.         0.         0.         0.04264486 0.04938418 0.         0.         0.039999   0.04878358 0.05875968 0.         0.67081139 0.         0.         0.         0.         0.        ],[0. 0. 1. 1. 0. 1. 0. 0. 0. 1. 0. 0. 0. 0. 0. 0. 0. 1. 1. 0. 0. 1. 1. 1. 0. 1. 0. 0. 0. 0. 0.],10.0,random,1000,10000,10,0.6,0,1,0.5,0.5,5,0.5,1,10,,tuning_par,
210,0.04482301107264229,0.093875,0.004228977854715416,0.21,0.5,-0.6501773865027631,[0.         0.         0.04269688 0.01408695 0.         0.01690768 0.         0.         0.         0.01592579 0.         0.         0.         0.         0.         0.         0.         0.04264486 0.04938418 0.         0.         0.039999   0.04878358 0.05875968 0.         0.67081139 0.         0.         0.         0.         0.        ],[0. 0. 1. 1. 0. 1. 0. 0. 0. 1. 0. 0. 0. 0. 0. 0. 0. 1. 1. 0. 0. 1. 1. 1. 0. 1. 0. 0. 0. 0. 0.],10.0,random,1000,10000,10,0.6,0,1,0.5,0.5,5,0.5,1,10,,tuning_par,
220,0.04482301107264229,0.093875,0.004228977854715416,0.22,0.5,-0.868404917203107,[0.         0.         0.04269688 0.01408695 0.         0.01690768 0.         0.         0.         0.01592579 0.         0.         0.         0.         0.         0.         0.         0.04264486 0.04938418 0.         0.         0.039999   0.04878358 0.05875968 0.         0.67081139 0.         0.         0.         0.         0.        ],[0. 0. 1. 1. 0. 1. 0. 0. 0. 1. 0. 0. 0. 0. 0. 0. 0. 1. 1. 0. 0. 1. 1. 1. 0. 1. 0. 0. 0. 0. 0.],10.0,random,1000,10000,10,0.6,0,1,0.5,0.5,5,0.5,1,10,,tuning_par,
230,0.04482301107264229,0.093875,0.004228977854715416,0.23,0.5,6.10298124701326,[0.         0.         0.04269688 0.01408695 0.         0.01690768 0.         0.         0.         0.01592579 0.         0.         0.         0.         0.         0.         0.         0.04264486 0.04938418 0.         0.         0.039999   0.04878358 0.05875968 0.         0.67081139 0.         0.         0.         0.         0.        ],[0. 0. 1. 1. 0. 1. 0. 0. 0. 1. 0. 0. 0. 0. 0. 0. 0. 1. 1. 0. 0. 1. 1. 1. 0. 1. 0. 0. 0. 0. 0.],10.0,random,1000,10000,10,0.6,0,1,0.5,0.5,5,0.5,1,10,,tuning_par,
240,0.04482301107264229,0.093875,0.004228977854715416,0.24,0.5,-0.8873352772218503,[0.         0.         0.04269688 0.01408695 0.         0.01690768 0.         0.         0.         0.01592579 0.         0.         0.         0.         0.         0.         0.         0.04264486 0.04938418 0.         0.         0.039999   0.04878358 0.05875968 0.         0.67081139 0.         0.         0.         0.         0.        ],[0. 0. 1. 1. 0. 1. 0. 0. 0. 1. 0. 0. 0. 0. 0. 0. 0. 1. 1. 0. 0. 1. 1. 1. 0. 1. 0. 0. 0. 0. 0.],10.0,random,1000,10000,10,0.6,0,1,0.5,0.5,5,0.5,1,10,,tuning_par,
250,0.04482301107264229,0.093875,0.004228977854715416,0.25,0.5,2.1091666697745532,[0.         0.         0.04269688 0.01408695 0.         0.01690768 0.         0.         0.         0.01592579 0.         0.         0.         0.         0.         0.         0.         0.04264486 0.04938418 0.         0.         0.039999   0.04878358 0.05875968 0.         0.67081139 0.         0.         0.         0.         0.        ],[0. 0. 1. 1. 0. 1. 0. 0. 0. 1. 0. 0. 0. 0. 0. 0. 0. 1. 1. 0. 0. 1. 1. 1. 0. 1. 0. 0. 0. 0. 0.],10.0,random,1000,10000,10,0.6,0,1,0.5,0.5,5,0.5,1,10,,tuning_par,
260,0.04482301107264229,0.093875,0.004228977854715416,0.26,0.5,5.082838350529956,[0.         0.         0.04269688 0.01408695 0.         0.01690768 0.         0.         0.         0.01592579 0.         0.         0.         0.         0.         0.         0.         0.04264486 0.04938418 0.         0.         0.039999   0.04878358 0.05875968 0.         0.67081139 0.         0.         0.         0.         0.        ],[0. 0. 1. 1. 0. 1. 0. 0. 0. 1. 0. 0. 0. 0. 0. 0. 0. 1. 1. 0. 0. 1. 1. 1. 0. 1. 0. 0. 0. 0. 0.],10.0,random,1000,10000,10,0.6,0,1,0.5,0.5,5,0.5,1,10,,tuning_par,
270,0.04482301107264229,0.093875,0.004228977854715416,0.27,0.5,2.844673174780565,[0.         0.         0.04269688 0.01408695 0.         0.01690768 0.         0.         0.         0.01592579 0.         0.         0.         0.         0.         0.         0.         0.04264486 0.04938418 0.         0.         0.039999   0.04878358 0.05875968 0.         0.67081139 0.         0.         0.         0.         0.        ],[0. 0. 1. 1. 0. 1. 0. 0. 0. 1. 0. 0. 0. 0. 0. 0. 0. 1. 1. 0. 0. 1. 1. 1. 0. 1. 0. 0. 0. 0. 0.],10.0,random,1000,10000,10,0.6,0,1,0.5,0.5,5,0.5,1,10,,tuning_par,
280,0.04482301107264229,0.093875,0.004228977854715416,0.28,0.5,-5.495748447825837,[0.         0.         0.04269688 0.01408695 0.         0.01690768 0.         0.         0.         0.01592579 0.         0.         0.         0.         0.         0.         0.         0.04264486 0.04938418 0.         0.         0.039999   0.04878358 0.05875968 0.         0.67081139 0.         0.         0.         0.         0.        ],[0. 0. 1. 1. 0. 1. 0. 0. 0. 1. 0. 0. 0. 0. 0. 0. 0. 1. 1. 0. 0. 1. 1. 1. 0. 1. 0. 0. 0. 0. 0.],10.0,random,1000,10000,10,0.6,0,1,0.5,0.5,5,0.5,1,10,,tuning_par,
290,0.04482301107264229,0.093875,0.004228977854715416,0.29,0.5,0.8723608579053199,[0.         0.         0.04269688 0.01408695 0.         0.01690768 0.         0.         0.         0.01592579 0.         0.         0.         0.         0.         0.         0.         0.04264486 0.04938418 0.         0.         0.039999   0.04878358 0.05875968 0.         0.67081139 0.         0.         0.         0.         0.        ],[0. 0. 1. 1. 0. 1. 0. 0. 0. 1. 0. 0. 0. 0. 0. 0. 0. 1. 1. 0. 0. 1. 1. 1. 0. 1. 0. 0. 0. 0. 0.],10.0,random,1000,10000,10,0.6,0,1,0.5,0.5,5,0.5,1,10,,tuning_par,
300,0.04482301107264229,0.093875,0.004228977854715416,0.3,0.5,-0.9813158331333572,[0.         0.         0.04269688 0.01408695 0.         0.01690768 0.         0.         0.         0.01592579 0.         0.         0.         0.         0.         0.         0.         0.04264486 0.04938418 0.         0.         0.039999   0.04878358 0.05875968 0.         0.67081139 0.         0.         0.         0.         0.        ],[0. 0. 1. 1. 0. 1. 0. 0. 0. 1. 0. 0. 0. 0. 0. 0. 0. 1. 1. 0. 0. 1. 1. 1. 0. 1. 0. 0. 0. 0. 0.],10.0,random,1000,10000,10,0.6,0,1,0.5,0.5,5,0.5,1,10,,tuning_par,
310,0.04482301107264229,0.093875,0.004228977854715416,0.31,0.5,1.8664729065491914,[0.         0.         0.04269688 0.01408695 0.         0.01690768 0.         0.         0.         0.01592579 0.         0.         0.         0.         0.         0.         0.         0.04264486 0.04938418 0.         0.         0.039999   0.04878358 0.05875968 0.         0.67081139 0.         0.         0.         0.         0.        ],[0. 0. 1. 1. 0. 1. 0. 0. 0. 1. 0. 0. 0. 0. 0. 0. 0. 1. 1. 0. 0. 1. 1. 1. 0. 1. 0. 0. 0. 0. 0.],10.0,random,1000,10000,10,0.6,0,1,0.5,0.5,5,0.5,1,10,,tuning_par,
320,0.04482301107264229,0.093875,0.004228977854715416,0.32,0.5,-0.013475959827014135,[0.         0.         0.04269688 0.01408695 0.         0.01690768 0.         0.         0.         0.01592579 0.         0.         0.         0.         0.         0.         0.         0.04264486 0.04938418 0.         0.         0.039999   0.04878358 0.05875968 0.         0.67081139 0.         0.         0.         0.         0.        ],[0. 0. 1. 1. 0. 1. 0. 0. 0. 1. 0. 0. 0. 0. 0. 0. 0. 1. 1. 0. 0. 1. 1. 1. 0. 1. 0. 0. 0. 0. 0.],10.0,random,1000,10000,10,0.6,0,1,0.5,0.5,5,0.5,1,10,,tuning_par,
330,0.04482301107264229,0.093875,0.004228977854715416,0.33,0.5,-0.7429963956336417,[0.         0.         0.04269688 0.01408695 0.         0.01690768 0.         0.         0.         0.01592579 0.         0.         0.         0.         0.         0.         0.         0.04264486 0.04938418 0.         0.         0.039999   0.04878358 0.05875968 0.         0.67081139 0.         0.         0.         0.         0.        ],[0. 0. 1. 1. 0. 1. 0. 0. 0. 1. 0. 0. 0. 0. 0. 0. 0. 1. 1. 0. 0. 1. 1. 1. 0. 1. 0. 0. 0. 0. 0.],10.0,random,1000,10000,10,0.6,0,1,0.5,0.5,5,0.5,1,10,,tuning_par,
340,0.04482301107264229,0.093875,0.004228977854715416,0.34,0.5,1.563001660580743,[0.         0.         0.04269688 0.01408695 0.         0.01690768 0.         0.         0.         0.01592579 0.         0.         0.         0.         0.         0.         0.         0.04264486 0.04938418 0.         0.         0.039999   0.04878358 0.05875968 0.         0.67081139 0.         0.         0.         0.         0.        ],[0. 0. 1. 1. 0. 1. 0. 0. 0. 1. 0. 0. 0. 0. 0. 0. 0. 1. 1. 0. 0. 1. 1. 1. 0. 1. 0. 0. 0. 0. 0.],10.0,random,1000,10000,10,0.6,0,1,0.5,0.5,5,0.5,1,10,,tuning_par,
350,0.03645179628214923,0.080966,0.008062407435701545,0.35000000000000003,0.5,-0.1836375117591316,[0.04760782 0.         0.01366904 0.         0.65630623 0.         0.         0.         0.01585774 0.         0.01886189 0.         0.         0.         0.04434467 0.         0.0799315  0.         0.         0.01599765 0.         0.         0.         0.         0.         0.06882381 0.         0.         0.         0.         0.03859964],[1. 0. 1. 0. 1. 0. 0. 0. 1. 0. 1. 0. 0. 0. 1. 0. 1. 0. 0. 1. 0. 0. 0. 0. 0. 1. 0. 0. 0. 0. 1.],10.0,random,1000,10000,10,0.6,0,1,0.5,0.5,5,0.5,1,10,,tuning_par,
360,0.03645179628214923,0.080966,0.008062407435701545,0.36,0.5,-2.551112395647588,[0.04760782 0.         0.01366904 0.         0.65630623 0.         0.         0.         0.01585774 0.         0.01886189 0.         0.         0.         0.04434467 0.         0.0799315  0.         0.         0.01599765 0.         0.         0.         0.         0.         0.06882381 0.         0.         0.         0.         0.03859964],[1. 0. 1. 0. 1. 0. 0. 0. 1. 0. 1. 0. 0. 0. 1. 0. 1. 0. 0. 1. 0. 0. 0. 0. 0. 1. 0. 0. 0. 0. 1.],10.0,random,1000,10000,10,0.6,0,1,0.5,0.5,5,0.5,1,10,,tuning_par,
370,0.03645179628214923,0.080966,0.008062407435701545,0.37,0.5,-3.8757383326466543,[0.04760782 0.         0.01366904 0.         0.65630623 0.         0.         0.         0.01585774 0.         0.01886189 0.         0.         0.         0.04434467 0.         0.0799315  0.         0.         0.01599765 0.         0.         0.         0.         0.         0.06882381 0.         0.         0.         0.         0.03859964],[1. 0. 1. 0. 1. 0. 0. 0. 1. 0. 1. 0. 0. 0. 1. 0. 1. 0. 0. 1. 0. 0. 0. 0. 0. 1. 0. 0. 0. 0. 1.],10.0,random,1000,10000,10,0.6,0,1,0.5,0.5,5,0.5,1,10,,tuning_par,
380,0.03645179628214923,0.080966,0.008062407435701545,0.38,0.5,1.8178919300433254,[0.04760782 0.         0.01366904 0.         0.65630623 0.         0.         0.         0.01585774 0.         0.01886189 0.         0.         0.         0.04434467 0.         0.0799315  0.         0.         0.01599765 0.         0.         0.         0.         0.         0.06882381 0.         0.         0.         0.         0.03859964],[1. 0. 1. 0. 1. 0. 0. 0. 1. 0. 1. 0. 0. 0. 1. 0. 1. 0. 0. 1. 0. 0. 0. 0. 0. 1. 0. 0. 0. 0. 1.],10.0,random,1000,10000,10,0.6,0,1,0.5,0.5,5,0.5,1,10,,tuning_par,
390,0.03645179628214923,0.080966,0.008062407435701545,0.39,0.5,1.8295751621740277,[0.04760782 0.         0.01366904 0.         0.65630623 0.         0.         0.         0.01585774 0.         0.01886189 0.         0.         0.         0.04434467 0.         0.0799315  0.         0.         0.01599765 0.         0.         0.         0.         0.         0.06882381 0.         0.         0.         0.         0.03859964],[1. 0. 1. 0. 1. 0. 0. 0. 1. 0. 1. 0. 0. 0. 1. 0. 1. 0. 0. 1. 0. 0. 0. 0. 0. 1. 0. 0. 0. 0. 1.],10.0,random,1000,10000,10,0.6,0,1,0.5,0.5,5,0.5,1,10,,tuning_par,
400,0.03645179628214923,0.080966,0.008062407435701545,0.4,0.5,0.1534704034100848,[0.04760782 0.         0.01366904 0.         0.65630623 0.         0.         0.         0.01585774 0.         0.01886189 0.         0.         0.         0.04434467 0.         0.0799315  0.         0.         0.01599765 0.         0.         0.         0.         0.         0.06882381 0.         0.         0.         0.         0.03859964],[1. 0. 1. 0. 1. 0. 0. 0. 1. 0. 1. 0. 0. 0. 1. 0. 1. 0. 0. 1. 0. 0. 0. 0. 0. 1. 0. 0. 0. 0. 1.],10.0,random,1000,10000,10,0.6,0,1,0.5,0.5,5,0.5,1,10,,tuning_par,
410,0.03258474214801535,0.074434,0.009264515703969297,0.41000000000000003,0.5,-0.9997870942254633,[0.0152359  0.         0.01210916 0.         0.76541392 0.03893934 0.         0.         0.01338724 0.         0.         0.         0.         0.         0.         0.         0.         0.         0.         0.01999097 0.01292758 0.         0.05010927 0.01809754 0.         0.         0.         0.         0.05378909 0.         0.        ],[1. 0. 1. 0. 1. 1. 0. 0. 1. 0. 0. 0. 0. 0. 0. 0. 0. 0. 0. 1. 1. 0. 1. 1. 0. 0. 0. 0. 1. 0. 0.],10.0,random,1000,10000,10,0.6,0,1,0.5,0.5,5,0.5,1,10,,tuning_par,
420,0.03258474214801535,0.074434,0.009264515703969297,0.42,0.5,-2.215425456549503,[0.0152359  0.         0.01210916 0.         0.76541392 0.03893934 0.         0.         0.01338724 0.         0.         0.         0.         0.         0.         0.         0.         0.         0.         0.01999097 0.01292758 0.         0.05010927 0.01809754 0.         0.         0.         0.         0.05378909 0.         0.        ],[1. 0. 1. 0. 1. 1. 0. 0. 1. 0. 0. 0. 0. 0. 0. 0. 0. 0. 0. 1. 1. 0. 1. 1. 0. 0. 0. 0. 1. 0. 0.],10.0,random,1000,10000,10,0.6,0,1,0.5,0.5,5,0.5,1,10,,tuning_par,
430,0.03258474214801535,0.074434,0.009264515703969297,0.43,0.5,-1.001431638655084,[0.0152359  0.         0.01210916 0.         0.76541392 0.03893934 0.         0.         0.01338724 0.         0.         0.         0.         0.         0.         0.         0.         0.         0.         0.01999097 0.01292758 0.         0.05010927 0.01809754 0.         0.         0.         0.         0.05378909 0.         0.        ],[1. 0. 1. 0. 1. 1. 0. 0. 1. 0. 0. 0. 0. 0. 0. 0. 0. 0. 0. 1. 1. 0. 1. 1. 0. 0. 0. 0. 1. 0. 0.],10.0,random,1000,10000,10,0.6,0,1,0.5,0.5,5,0.5,1,10,,tuning_par,
440,0.03258474214801535,0.074434,0.009264515703969297,0.44,0.5,-5.774162345454633,[0.0152359  0.         0.01210916 0.         0.76541392 0.03893934 0.         0.         0.01338724 0.         0.         0.         0.         0.         0.         0.         0.         0.         0.         0.01999097 0.01292758 0.         0.05010927 0.01809754 0.         0.         0.         0.         0.05378909 0.         0.        ],[1. 0. 1. 0. 1. 1. 0. 0. 1. 0. 0. 0. 0. 0. 0. 0. 0. 0. 0. 1. 1. 0. 1. 1. 0. 0. 0. 0. 1. 0. 0.],10.0,random,1000,10000,10,0.6,0,1,0.5,0.5,5,0.5,1,10,,tuning_par,
450,0.03258474214801535,0.074434,0.009264515703969297,0.45,0.5,-4.113366444475972,[0.0152359  0.         0.01210916 0.         0.76541392 0.03893934 0.         0.         0.01338724 0.         0.         0.         0.         0.         0.         0.         0.         0.         0.         0.01999097 0.01292758 0.         0.05010927 0.01809754 0.         0.         0.         0.         0.05378909 0.         0.        ],[1. 0. 1. 0. 1. 1. 0. 0. 1. 0. 0. 0. 0. 0. 0. 0. 0. 0. 0. 1. 1. 0. 1. 1. 0. 0. 0. 0. 1. 0. 0.],10.0,random,1000,10000,10,0.6,0,1,0.5,0.5,5,0.5,1,10,,tuning_par,
460,0.03258474214801535,0.074434,0.009264515703969297,0.46,0.5,-1.3498195086481037,[0.0152359  0.         0.01210916 0.         0.76541392 0.03893934 0.         0.         0.01338724 0.         0.         0.         0.         0.         0.         0.         0.         0.         0.         0.01999097 0.01292758 0.         0.05010927 0.01809754 0.         0.         0.         0.         0.05378909 0.         0.        ],[1. 0. 1. 0. 1. 1. 0. 0. 1. 0. 0. 0. 0. 0. 0. 0. 0. 0. 0. 1. 1. 0. 1. 1. 0. 0. 0. 0. 1. 0. 0.],10.0,random,1000,10000,10,0.6,0,1,0.5,0.5,5,0.5,1,10,,tuning_par,
470,0.03258474214801535,0.074434,0.009264515703969297,0.47000000000000003,0.5,0.9864590782378082,[0.0152359  0.         0.01210916 0.         0.76541392 0.03893934 0.         0.         0.01338724 0.         0.         0.         0.         0.         0.         0.         0.         0.         0.         0.01999097 0.01292758 0.         0.05010927 0.01809754 0.         0.         0.         0.         0.05378909 0.         0.        ],[1. 0. 1. 0. 1. 1. 0. 0. 1. 0. 0. 0. 0. 0. 0. 0. 0. 0. 0. 1. 1. 0. 1. 1. 0. 0. 0. 0. 1. 0. 0.],10.0,random,1000,10000,10,0.6,0,1,0.5,0.5,5,0.5,1,10,,tuning_par,
480,0.03258474214801535,0.074434,0.009264515703969297,0.48,0.5,3.9013133416906616,[0.0152359  0.         0.01210916 0.         0.76541392 0.03893934 0.         0.         0.01338724 0.         0.         0.         0.         0.         0.         0.         0.         0.         0.         0.01999097 0.01292758 0.         0.05010927 0.01809754 0.         0.         0.         0.         0.05378909 0.         0.        ],[1. 0. 1. 0. 1. 1. 0. 0. 1. 0. 0. 0. 0. 0. 0. 0. 0. 0. 0. 1. 1. 0. 1. 1. 0. 0. 0. 0. 1. 0. 0.],10.0,random,1000,10000,10,0.6,0,1,0.5,0.5,5,0.5,1,10,,tuning_par,
490,0.03258474214801535,0.074434,0.009264515703969297,0.49,0.5,2.4869809690753635,[0.0152359  0.         0.01210916 0.         0.76541392 0.03893934 0.         0.         0.01338724 0.         0.         0.         0.         0.         0.         0.         0.         0.         0.         0.01999097 0.01292758 0.         0.05010927 0.01809754 0.         0.         0.         0.         0.05378909 0.         0.        ],[1. 0. 1. 0. 1. 1. 0. 0. 1. 0. 0. 0. 0. 0. 0. 0. 0. 0. 0. 1. 1. 0. 1. 1. 0. 0. 0. 0. 1. 0. 0.],10.0,random,1000,10000,10,0.6,0,1,0.5,0.5,5,0.5,1,10,,tuning_par,
500,0.03258474214801535,0.074434,0.009264515703969297,0.5,0.5,0.7805618384447389,[0.0152359  0.         0.01210916 0.         0.76541392 0.03893934 0.         0.         0.01338724 0.         0.         0.         0.         0.         0.         0.         0.         0.         0.         0.01999097 0.01292758 0.         0.05010927 0.01809754 0.         0.         0.         0.         0.05378909 0.         0.        ],[1. 0. 1. 0. 1. 1. 0. 0. 1. 0. 0. 0. 0. 0. 0. 0. 0. 0. 0. 1. 1. 0. 1. 1. 0. 0. 0. 0. 1. 0. 0.],10.0,random,1000,10000,10,0.6,0,1,0.5,0.5,5,0.5,1,10,,tuning_par,
510,0.03258474214801535,0.074434,0.009264515703969297,0.51,0.5,3.258107523426818,[0.0152359  0.         0.01210916 0.         0.76541392 0.03893934 0.         0.         0.01338724 0.         0.         0.         0.         0.         0.         0.         0.         0.         0.         0.01999097 0.01292758 0.         0.05010927 0.01809754 0.         0.         0.         0.         0.05378909 0.         0.        ],[1. 0. 1. 0. 1. 1. 0. 0. 1. 0. 0. 0. 0. 0. 0. 0. 0. 0. 0. 1. 1. 0. 1. 1. 0. 0. 0. 0. 1. 0. 0.],10.0,random,1000,10000,10,0.6,0,1,0.5,0.5,5,0.5,1,10,,tuning_par,
520,0.03258474214801535,0.074434,0.009264515703969297,0.52,0.5,1.0299289744910876,[0.0152359  0.         0.01210916 0.         0.76541392 0.03893934 0.         0.         0.01338724 0.         0.         0.         0.         0.         0.         0.         0.         0.         0.         0.01999097 0.01292758 0.         0.05010927 0.01809754 0.         0.         0.         0.         0.05378909 0.         0.        ],[1. 0. 1. 0. 1. 1. 0. 0. 1. 0. 0. 0. 0. 0. 0. 0. 0. 0. 0. 1. 1. 0. 1. 1. 0. 0. 0. 0. 1. 0. 0.],10.0,random,1000,10000,10,0.6,0,1,0.5,0.5,5,0.5,1,10,,tuning_par,
530,0.03258474214801535,0.074434,0.009264515703969297,0.53,0.5,-0.6976964921862421,[0.0152359  0.         0.01210916 0.         0.76541392 0.03893934 0.         0.         0.01338724 0.         0.         0.         0.         0.         0.         0.         0.         0.         0.         0.01999097 0.01292758 0.         0.05010927 0.01809754 0.         0.         0.         0.         0.05378909 0.         0.        ],[1. 0. 1. 0. 1. 1. 0. 0. 1. 0. 0. 0. 0. 0. 0. 0. 0. 0. 0. 1. 1. 0. 1. 1. 0. 0. 0. 0. 1. 0. 0.],10.0,random,1000,10000,10,0.6,0,1,0.5,0.5,5,0.5,1,10,,tuning_par,
540,0.03258474214801535,0.074434,0.009264515703969297,0.54,0.5,2.89829442342826,[0.0152359  0.         0.01210916 0.         0.76541392 0.03893934 0.         0.         0.01338724 0.         0.         0.         0.         0.         0.         0.         0.         0.         0.         0.01999097 0.01292758 0.         0.05010927 0.01809754 0.         0.         0.         0.         0.05378909 0.         0.        ],[1. 0. 1. 0. 1. 1. 0. 0. 1. 0. 0. 0. 0. 0. 0. 0. 0. 0. 0. 1. 1. 0. 1. 1. 0. 0. 0. 0. 1. 0. 0.],10.0,random,1000,10000,10,0.6,0,1,0.5,0.5,5,0.5,1,10,,tuning_par,
550,0.03258474214801535,0.074434,0.009264515703969297,0.55,0.5,-0.2987012759923786,[0.0152359  0.         0.01210916 0.         0.76541392 0.03893934 0.         0.         0.01338724 0.         0.         0.         0.         0.         0.         0.         0.         0.         0.         0.01999097 0.01292758 0.         0.05010927 0.01809754 0.         0.         0.         0.         0.05378909 0.         0.        ],[1. 0. 1. 0. 1. 1. 0. 0. 1. 0. 0. 0. 0. 0. 0. 0. 0. 0. 0. 1. 1. 0. 1. 1. 0. 0. 0. 0. 1. 0. 0.],10.0,random,1000,10000,10,0.6,0,1,0.5,0.5,5,0.5,1,10,,tuning_par,
560,0.03258474214801535,0.074434,0.009264515703969297,0.56,0.5,-5.324755011990357,[0.0152359  0.         0.01210916 0.         0.76541392 0.03893934 0.         0.         0.01338724 0.         0.         0.         0.         0.         0.         0.         0.         0.         0.         0.01999097 0.01292758 0.         0.05010927 0.01809754 0.         0.         0.         0.         0.05378909 0.         0.        ],[1. 0. 1. 0. 1. 1. 0. 0. 1. 0. 0. 0. 0. 0. 0. 0. 0. 0. 0. 1. 1. 0. 1. 1. 0. 0. 0. 0. 1. 0. 0.],10.0,random,1000,10000,10,0.6,0,1,0.5,0.5,5,0.5,1,10,,tuning_par,
570,0.03258474214801535,0.074434,0.009264515703969297,0.5700000000000001,0.5,-4.159909290981169,[0.0152359  0.         0.01210916 0.         0.76541392 0.03893934 0.         0.         0.01338724 0.         0.         0.         0.         0.         0.         0.         0.         0.         0.         0.01999097 0.01292758 0.         0.05010927 0.01809754 0.         0.         0.         0.         0.05378909 0.         0.        ],[1. 0. 1. 0. 1. 1. 0. 0. 1. 0. 0. 0. 0. 0. 0. 0. 0. 0. 0. 1. 1. 0. 1. 1. 0. 0. 0. 0. 1. 0. 0.],10.0,random,1000,10000,10,0.6,0,1,0.5,0.5,5,0.5,1,10,,tuning_par,
580,0.03258474214801535,0.074434,0.009264515703969297,0.58,0.5,0.5981716551152279,[0.0152359  0.         0.01210916 0.         0.76541392 0.03893934 0.         0.         0.01338724 0.         0.         0.         0.         0.         0.         0.         0.         0.         0.         0.01999097 0.01292758 0.         0.05010927 0.01809754 0.         0.         0.         0.         0.05378909 0.         0.        ],[1. 0. 1. 0. 1. 1. 0. 0. 1. 0. 0. 0. 0. 0. 0. 0. 0. 0. 0. 1. 1. 0. 1. 1. 0. 0. 0. 0. 1. 0. 0.],10.0,random,1000,10000,10,0.6,0,1,0.5,0.5,5,0.5,1,10,,tuning_par,
590,0.03258474214801535,0.074434,0.009264515703969297,0.59,0.5,-0.5074488591351096,[0.0152359  0.         0.01210916 0.         0.76541392 0.03893934 0.         0.         0.01338724 0.         0.         0.         0.         0.         0.         0.         0.         0.         0.         0.01999097 0.01292758 0.         0.05010927 0.01809754 0.         0.         0.         0.         0.05378909 0.         0.        ],[1. 0. 1. 0. 1. 1. 0. 0. 1. 0. 0. 0. 0. 0. 0. 0. 0. 0. 0. 1. 1. 0. 1. 1. 0. 0. 0. 0. 1. 0. 0.],10.0,random,1000,10000,10,0.6,0,1,0.5,0.5,5,0.5,1,10,,tuning_par,
600,0.03258474214801535,0.074434,0.009264515703969297,0.6,0.5,3.863702085086866,[0.0152359  0.         0.01210916 0.         0.76541392 0.03893934 0.         0.         0.01338724 0.         0.         0.         0.         0.         0.         0.         0.         0.         0.         0.01999097 0.01292758 0.         0.05010927 0.01809754 0.         0.         0.         0.         0.05378909 0.         0.        ],[1. 0. 1. 0. 1. 1. 0. 0. 1. 0. 0. 0. 0. 0. 0. 0. 0. 0. 0. 1. 1. 0. 1. 1. 0. 0. 0. 0. 1. 0. 0.],10.0,random,1000,10000,10,0.6,0,1,0.5,0.5,5,0.5,1,10,,tuning_par,
610,0.03258474214801535,0.074434,0.009264515703969297,0.61,0.5,-1.0967118411792707,[0.0152359  0.         0.01210916 0.         0.76541392 0.03893934 0.         0.         0.01338724 0.         0.         0.         0.         0.         0.         0.         0.         0.         0.         0.01999097 0.01292758 0.         0.05010927 0.01809754 0.         0.         0.         0.         0.05378909 0.         0.        ],[1. 0. 1. 0. 1. 1. 0. 0. 1. 0. 0. 0. 0. 0. 0. 0. 0. 0. 0. 1. 1. 0. 1. 1. 0. 0. 0. 0. 1. 0. 0.],10.0,random,1000,10000,10,0.6,0,1,0.5,0.5,5,0.5,1,10,,tuning_par,
620,0.03258474214801535,0.074434,0.009264515703969297,0.62,0.5,5.889901317767374,[0.0152359  0.         0.01210916 0.         0.76541392 0.03893934 0.         0.         0.01338724 0.         0.         0.         0.         0.         0.         0.         0.         0.         0.         0.01999097 0.01292758 0.         0.05010927 0.01809754 0.         0.         0.         0.         0.05378909 0.         0.        ],[1. 0. 1. 0. 1. 1. 0. 0. 1. 0. 0. 0. 0. 0. 0. 0. 0. 0. 0. 1. 1. 0. 1. 1. 0. 0. 0. 0. 1. 0. 0.],10.0,random,1000,10000,10,0.6,0,1,0.5,0.5,5,0.5,1,10,,tuning_par,
630,0.03258474214801535,0.074434,0.009264515703969297,0.63,0.5,1.7731600987568328,[0.0152359  0.         0.01210916 0.         0.76541392 0.03893934 0.         0.         0.01338724 0.         0.         0.         0.         0.         0.         0.         0.         0.         0.         0.01999097 0.01292758 0.         0.05010927 0.01809754 0.         0.         0.         0.         0.05378909 0.         0.        ],[1. 0. 1. 0. 1. 1. 0. 0. 1. 0. 0. 0. 0. 0. 0. 0. 0. 0. 0. 1. 1. 0. 1. 1. 0. 0. 0. 0. 1. 0. 0.],10.0,random,1000,10000,10,0.6,0,1,0.5,0.5,5,0.5,1,10,,tuning_par,
640,0.03258474214801535,0.074434,0.009264515703969297,0.64,0.5,-0.24567444241408606,[0.0152359  0.         0.01210916 0.         0.76541392 0.03893934 0.         0.         0.01338724 0.         0.         0.         0.         0.         0.         0.         0.         0.         0.         0.01999097 0.01292758 0.         0.05010927 0.01809754 0.         0.         0.         0.         0.05378909 0.         0.        ],[1. 0. 1. 0. 1. 1. 0. 0. 1. 0. 0. 0. 0. 0. 0. 0. 0. 0. 0. 1. 1. 0. 1. 1. 0. 0. 0. 0. 1. 0. 0.],10.0,random,1000,10000,10,0.6,0,1,0.5,0.5,5,0.5,1,10,,tuning_par,
650,0.03258474214801535,0.074434,0.009264515703969297,0.65,0.5,1.7891106101037568,[0.0152359  0.         0.01210916 0.         0.76541392 0.03893934 0.         0.         0.01338724 0.         0.         0.         0.         0.         0.         0.         0.         0.         0.         0.01999097 0.01292758 0.         0.05010927 0.01809754 0.         0.         0.         0.         0.05378909 0.         0.        ],[1. 0. 1. 0. 1. 1. 0. 0. 1. 0. 0. 0. 0. 0. 0. 0. 0. 0. 0. 1. 1. 0. 1. 1. 0. 0. 0. 0. 1. 0. 0.],10.0,random,1000,10000,10,0.6,0,1,0.5,0.5,5,0.5,1,10,,tuning_par,
660,0.03258474214801535,0.074434,0.009264515703969297,0.66,0.5,0.06927191983684124,[0.0152359  0.         0.01210916 0.         0.76541392 0.03893934 0.         0.         0.01338724 0.         0.         0.         0.         0.         0.         0.         0.         0.         0.         0.01999097 0.01292758 0.         0.05010927 0.01809754 0.         0.         0.         0.         0.05378909 0.         0.        ],[1. 0. 1. 0. 1. 1. 0. 0. 1. 0. 0. 0. 0. 0. 0. 0. 0. 0. 0. 1. 1. 0. 1. 1. 0. 0. 0. 0. 1. 0. 0.],10.0,random,1000,10000,10,0.6,0,1,0.5,0.5,5,0.5,1,10,,tuning_par,
670,0.03258474214801535,0.074434,0.009264515703969297,0.67,0.5,-3.2240700512006866,[0.0152359  0.         0.01210916 0.         0.76541392 0.03893934 0.         0.         0.01338724 0.         0.         0.         0.         0.         0.         0.         0.         0.         0.         0.01999097 0.01292758 0.         0.05010927 0.01809754 0.         0.         0.         0.         0.05378909 0.         0.        ],[1. 0. 1. 0. 1. 1. 0. 0. 1. 0. 0. 0. 0. 0. 0. 0. 0. 0. 0. 1. 1. 0. 1. 1. 0. 0. 0. 0. 1. 0. 0.],10.0,random,1000,10000,10,0.6,0,1,0.5,0.5,5,0.5,1,10,,tuning_par,
680,0.03258474214801535,0.074434,0.009264515703969297,0.68,0.5,1.1050543879432542,[0.0152359  0.         0.01210916 0.         0.76541392 0.03893934 0.         0.         0.01338724 0.         0.         0.         0.         0.         0.         0.         0.         0.         0.         0.01999097 0.01292758 0.         0.05010927 0.01809754 0.         0.         0.         0.         0.05378909 0.         0.        ],[1. 0. 1. 0. 1. 1. 0. 0. 1. 0. 0. 0. 0. 0. 0. 0. 0. 0. 0. 1. 1. 0. 1. 1. 0. 0. 0. 0. 1. 0. 0.],10.0,random,1000,10000,10,0.6,0,1,0.5,0.5,5,0.5,1,10,,tuning_par,
690,0.03258474214801535,0.074434,0.009264515703969297,0.6900000000000001,0.5,-0.2753364552039791,[0.0152359  0.         0.01210916 0.         0.76541392 0.03893934 0.         0.         0.01338724 0.         0.         0.         0.         0.         0.         0.         0.         0.         0.         0.01999097 0.01292758 0.         0.05010927 0.01809754 0.         0.         0.         0.         0.05378909 0.         0.        ],[1. 0. 1. 0. 1. 1. 0. 0. 1. 0. 0. 0. 0. 0. 0. 0. 0. 0. 0. 1. 1. 0. 1. 1. 0. 0. 0. 0. 1. 0. 0.],10.0,random,1000,10000,10,0.6,0,1,0.5,0.5,5,0.5,1,10,,tuning_par,
700,0.03208553821007421,0.068876,0.004704923579851581,0.7000000000000001,0.5,1.7421536991028719,[0.         0.         0.01428889 0.03248996 0.         0.         0.02581838 0.01444005 0.04120004 0.         0.         0.02495874 0.         0.         0.03513657 0.         0.         0.         0.03856636 0.         0.         0.         0.         0.         0.         0.74694913 0.         0.         0.         0.02615186 0.        ],[0. 0. 1. 1. 0. 0. 1. 1. 1. 0. 0. 1. 0. 0. 1. 0. 0. 0. 1. 0. 0. 0. 0. 0. 0. 1. 0. 0. 0. 1. 0.],10.0,random,1000,10000,10,0.6,0,1,0.5,0.5,5,0.5,1,10,,tuning_par,
710,0.03208553821007421,0.068876,0.004704923579851581,0.71,0.5,0.7640362682164319,[0.         0.         0.01428889 0.03248996 0.         0.         0.02581838 0.01444005 0.04120004 0.         0.         0.02495874 0.         0.         0.03513657 0.         0.         0.         0.03856636 0.         0.         0.         0.         0.         0.         0.74694913 0.         0.         0.         0.02615186 0.        ],[0. 0. 1. 1. 0. 0. 1. 1. 1. 0. 0. 1. 0. 0. 1. 0. 0. 0. 1. 0. 0. 0. 0. 0. 0. 1. 0. 0. 0. 1. 0.],10.0,random,1000,10000,10,0.6,0,1,0.5,0.5,5,0.5,1,10,,tuning_par,
720,0.03208553821007421,0.068876,0.004704923579851581,0.72,0.5,6.57828825924418,[0.         0.         0.01428889 0.03248996 0.         0.         0.02581838 0.01444005 0.04120004 0.         0.         0.02495874 0.         0.         0.03513657 0.         0.         0.         0.03856636 0.         0.         0.         0.         0.         0.         0.74694913 0.         0.         0.         0.02615186 0.        ],[0. 0. 1. 1. 0. 0. 1. 1. 1. 0. 0. 1. 0. 0. 1. 0. 0. 0. 1. 0. 0. 0. 0. 0. 0. 1. 0. 0. 0. 1. 0.],10.0,random,1000,10000,10,0.6,0,1,0.5,0.5,5,0.5,1,10,,tuning_par,
730,0.03208553821007421,0.068876,0.004704923579851581,0.73,0.5,-1.4856910353673771,[0.         0.         0.01428889 0.03248996 0.         0.         0.02581838 0.01444005 0.04120004 0.         0.         0.02495874 0.         0.         0.03513657 0.         0.         0.         0.03856636 0.         0.         0.         0.         0.         0.         0.74694913 0.         0.         0.         0.02615186 0.        ],[0. 0. 1. 1. 0. 0. 1. 1. 1. 0. 0. 1. 0. 0. 1. 0. 0. 0. 1. 0. 0. 0. 0. 0. 0. 1. 0. 0. 0. 1. 0.],10.0,random,1000,10000,10,0.6,0,1,0.5,0.5,5,0.5,1,10,,tuning_par,
740,0.03208553821007421,0.068876,0.004704923579851581,0.74,0.5,4.202079766195158,[0.         0.         0.01428889 0.03248996 0.         0.         0.02581838 0.01444005 0.04120004 0.         0.         0.02495874 0.         0.         0.03513657 0.         0.         0.         0.03856636 0.         0.         0.         0.         0.         0.         0.74694913 0.         0.         0.         0.02615186 0.        ],[0. 0. 1. 1. 0. 0. 1. 1. 1. 0. 0. 1. 0. 0. 1. 0. 0. 0. 1. 0. 0. 0. 0. 0. 0. 1. 0. 0. 0. 1. 0.],10.0,random,1000,10000,10,0.6,0,1,0.5,0.5,5,0.5,1,10,,tuning_par,
750,0.03208553821007421,0.068876,0.004704923579851581,0.75,0.5,3.5505657304622367,[0.         0.         0.01428889 0.03248996 0.         0.         0.02581838 0.01444005 0.04120004 0.         0.         0.02495874 0.         0.         0.03513657 0.         0.         0.         0.03856636 0.         0.         0.         0.         0.         0.         0.74694913 0.         0.         0.         0.02615186 0.        ],[0. 0. 1. 1. 0. 0. 1. 1. 1. 0. 0. 1. 0. 0. 1. 0. 0. 0. 1. 0. 0. 0. 0. 0. 0. 1. 0. 0. 0. 1. 0.],10.0,random,1000,10000,10,0.6,0,1,0.5,0.5,5,0.5,1,10,,tuning_par,
760,0.03208553821007421,0.068876,0.004704923579851581,0.76,0.5,1.7779284472214043,[0.         0.         0.01428889 0.03248996 0.         0.         0.02581838 0.01444005 0.04120004 0.         0.         0.02495874 0.         0.         0.03513657 0.         0.         0.         0.03856636 0.         0.         0.         0.         0.         0.         0.74694913 0.         0.         0.         0.02615186 0.        ],[0. 0. 1. 1. 0. 0. 1. 1. 1. 0. 0. 1. 0. 0. 1. 0. 0. 0. 1. 0. 0. 0. 0. 0. 0. 1. 0. 0. 0. 1. 0.],10.0,random,1000,10000,10,0.6,0,1,0.5,0.5,5,0.5,1,10,,tuning_par,
770,0.03208553821007421,0.068876,0.004704923579851581,0.77,0.5,0.11504826838009902,[0.         0.         0.01428889 0.03248996 0.         0.         0.02581838 0.01444005 0.04120004 0.         0.         0.02495874 0.         0.         0.03513657 0.         0.         0.         0.03856636 0.         0.         0.         0.         0.         0.         0.74694913 0.         0.         0.         0.02615186 0.        ],[0. 0. 1. 1. 0. 0. 1. 1. 1. 0. 0. 1. 0. 0. 1. 0. 0. 0. 1. 0. 0. 0. 0. 0. 0. 1. 0. 0. 0. 1. 0.],10.0,random,1000,10000,10,0.6,0,1,0.5,0.5,5,0.5,1,10,,tuning_par,
780,0.03208553821007421,0.068876,0.004704923579851581,0.78,0.5,2.495491281521025,[0.         0.         0.01428889 0.03248996 0.         0.         0.02581838 0.01444005 0.04120004 0.         0.         0.02495874 0.         0.         0.03513657 0.         0.         0.         0.03856636 0.         0.         0.         0.         0.         0.         0.74694913 0.         0.         0.         0.02615186 0.        ],[0. 0. 1. 1. 0. 0. 1. 1. 1. 0. 0. 1. 0. 0. 1. 0. 0. 0. 1. 0. 0. 0. 0. 0. 0. 1. 0. 0. 0. 1. 0.],10.0,random,1000,10000,10,0.6,0,1,0.5,0.5,5,0.5,1,10,,tuning_par,
790,0.03208553821007421,0.068876,0.004704923579851581,0.79,0.5,4.715830059154519,[0.         0.         0.01428889 0.03248996 0.         0.         0.02581838 0.01444005 0.04120004 0.         0.         0.02495874 0.         0.         0.03513657 0.         0.         0.         0.03856636 0.         0.         0.         0.         0.         0.         0.74694913 0.         0.         0.         0.02615186 0.        ],[0. 0. 1. 1. 0. 0. 1. 1. 1. 0. 0. 1. 0. 0. 1. 0. 0. 0. 1. 0. 0. 0. 0. 0. 0. 1. 0. 0. 0. 1. 0.],10.0,random,1000,10000,10,0.6,0,1,0.5,0.5,5,0.5,1,10,,tuning_par,
800,0.03208553821007421,0.068876,0.004704923579851581,0.8,0.5,0.2899823346157039,[0.         0.         0.01428889 0.03248996 0.         0.         0.02581838 0.01444005 0.04120004 0.         0.         0.02495874 0.         0.         0.03513657 0.         0.         0.         0.03856636 0.         0.         0.         0.         0.         0.         0.74694913 0.         0.         0.         0.02615186 0.        ],[0. 0. 1. 1. 0. 0. 1. 1. 1. 0. 0. 1. 0. 0. 1. 0. 0. 0. 1. 0. 0. 0. 0. 0. 0. 1. 0. 0. 0. 1. 0.],10.0,random,1000,10000,10,0.6,0,1,0.5,0.5,5,0.5,1,10,,tuning_par,
810,0.03208553821007421,0.068876,0.004704923579851581,0.81,0.5,0.3570519562868712,[0.         0.         0.01428889 0.03248996 0.         0.         0.02581838 0.01444005 0.04120004 0.         0.         0.02495874 0.         0.         0.03513657 0.         0.         0.         0.03856636 0.         0.         0.         0.         0.         0.         0.74694913 0.         0.         0.         0.02615186 0.        ],[0. 0. 1. 1. 0. 0. 1. 1. 1. 0. 0. 1. 0. 0. 1. 0. 0. 0. 1. 0. 0. 0. 0. 0. 0. 1. 0. 0. 0. 1. 0.],10.0,random,1000,10000,10,0.6,0,1,0.5,0.5,5,0.5,1,10,,tuning_par,
820,0.03208553821007421,0.068876,0.004704923579851581,0.8200000000000001,0.5,-2.5557799481520487,[0.         0.         0.01428889 0.03248996 0.         0.         0.02581838 0.01444005 0.04120004 0.         0.         0.02495874 0.         0.         0.03513657 0.         0.         0.         0.03856636 0.         0.         0.         0.         0.         0.         0.74694913 0.         0.         0.         0.02615186 0.        ],[0. 0. 1. 1. 0. 0. 1. 1. 1. 0. 0. 1. 0. 0. 1. 0. 0. 0. 1. 0. 0. 0. 0. 0. 0. 1. 0. 0. 0. 1. 0.],10.0,random,1000,10000,10,0.6,0,1,0.5,0.5,5,0.5,1,10,,tuning_par,
830,0.03208553821007421,0.068876,0.004704923579851581,0.8300000000000001,0.5,1.1861666019766823,[0.         0.         0.01428889 0.03248996 0.         0.         0.02581838 0.01444005 0.04120004 0.         0.         0.02495874 0.         0.         0.03513657 0.         0.         0.         0.03856636 0.         0.         0.         0.         0.         0.         0.74694913 0.         0.         0.         0.02615186 0.        ],[0. 0. 1. 1. 0. 0. 1. 1. 1. 0. 0. 1. 0. 0. 1. 0. 0. 0. 1. 0. 0. 0. 0. 0. 0. 1. 0. 0. 0. 1. 0.],10.0,random,1000,10000,10,0.6,0,1,0.5,0.5,5,0.5,1,10,,tuning_par,
840,0.03208553821007421,0.068876,0.004704923579851581,0.84,0.5,2.3424945099822048,[0.         0.         0.01428889 0.03248996 0.         0.         0.02581838 0.01444005 0.04120004 0.         0.         0.02495874 0.         0.         0.03513657 0.         0.         0.         0.03856636 0.         0.         0.         0.         0.         0.         0.74694913 0.         0.         0.         0.02615186 0.        ],[0. 0. 1. 1. 0. 0. 1. 1. 1. 0. 0. 1. 0. 0. 1. 0. 0. 0. 1. 0. 0. 0. 0. 0. 0. 1. 0. 0. 0. 1. 0.],10.0,random,1000,10000,10,0.6,0,1,0.5,0.5,5,0.5,1,10,,tuning_par,
850,0.03208553821007421,0.068876,0.004704923579851581,0.85,0.5,-1.4289321233077126,[0.         0.         0.01428889 0.03248996 0.         0.         0.02581838 0.01444005 0.04120004 0.         0.         0.02495874 0.         0.         0.03513657 0.         0.         0.         0.03856636 0.         0.         0.         0.         0.         0.         0.74694913 0.         0.         0.         0.02615186 0.        ],[0. 0. 1. 1. 0. 0. 1. 1. 1. 0. 0. 1. 0. 0. 1. 0. 0. 0. 1. 0. 0. 0. 0. 0. 0. 1. 0. 0. 0. 1. 0.],10.0,random,1000,10000,10,0.6,0,1,0.5,0.5,5,0.5,1,10,,tuning_par,
860,0.03208553821007421,0.068876,0.004704923579851581,0.86,0.5,-4.2249488606455,[0.         0.         0.01428889 0.03248996 0.         0.         0.02581838 0.01444005 0.04120004 0.         0.         0.02495874 0.         0.         0.03513657 0.         0.         0.         0.03856636 0.         0.         0.         0.         0.         0.         0.74694913 0.         0.         0.         0.02615186 0.        ],[0. 0. 1. 1. 0. 0. 1. 1. 1. 0. 0. 1. 0. 0. 1. 0. 0. 0. 1. 0. 0. 0. 0. 0. 0. 1. 0. 0. 0. 1. 0.],10.0,random,1000,10000,10,0.6,0,1,0.5,0.5,5,0.5,1,10,,tuning_par,
870,0.03208553821007421,0.068876,0.004704923579851581,0.87,0.5,1.5815824314499025,[0.         0.         0.01428889 0.03248996 0.         0.         0.02581838 0.01444005 0.04120004 0.         0.         0.02495874 0.         0.         0.03513657 0.         0.         0.         0.03856636 0.         0.         0.         0.         0.         0.         0.74694913 0.         0.         0.         0.02615186 0.        ],[0. 0. 1. 1. 0. 0. 1. 1. 1. 0. 0. 1. 0. 0. 1. 0. 0. 0. 1. 0. 0. 0. 0. 0. 0. 1. 0. 0. 0. 1. 0.],10.0,random,1000,10000,10,0.6,0,1,0.5,0.5,5,0.5,1,10,,tuning_par,
880,0.03208553821007421,0.068876,0.004704923579851581,0.88,0.5,0.5148181144605143,[0.         0.         0.01428889 0.03248996 0.         0.         0.02581838 0.01444005 0.04120004 0.         0.         0.02495874 0.         0.         0.03513657 0.         0.         0.         0.03856636 0.         0.         0.         0.         0.         0.         0.74694913 0.         0.         0.         0.02615186 0.        ],[0. 0. 1. 1. 0. 0. 1. 1. 1. 0. 0. 1. 0. 0. 1. 0. 0. 0. 1. 0. 0. 0. 0. 0. 0. 1. 0. 0. 0. 1. 0.],10.0,random,1000,10000,10,0.6,0,1,0.5,0.5,5,0.5,1,10,,tuning_par,
890,0.03208553821007421,0.068876,0.004704923579851581,0.89,0.5,-2.952724137950167,[0.         0.         0.01428889 0.03248996 0.         0.         0.02581838 0.01444005 0.04120004 0.         0.         0.02495874 0.         0.         0.03513657 0.         0.         0.         0.03856636 0.         0.         0.         0.         0.         0.         0.74694913 0.         0.         0.         0.02615186 0.        ],[0. 0. 1. 1. 0. 0. 1. 1. 1. 0. 0. 1. 0. 0. 1. 0. 0. 0. 1. 0. 0. 0. 0. 0. 0. 1. 0. 0. 0. 1. 0.],10.0,random,1000,10000,10,0.6,0,1,0.5,0.5,5,0.5,1,10,,tuning_par,
900,0.03208553821007421,0.068876,0.004704923579851581,0.9,0.5,-1.1265077210251913,[0.         0.         0.01428889 0.03248996 0.         0.         0.02581838 0.01444005 0.04120004 0.         0.         0.02495874 0.         0.         0.03513657 0.         0.         0.         0.03856636 0.         0.         0.         0.         0.         0.         0.74694913 0.         0.         0.         0.02615186 0.        ],[0. 0. 1. 1. 0. 0. 1. 1. 1. 0. 0. 1. 0. 0. 1. 0. 0. 0. 1. 0. 0. 0. 0. 0. 0. 1. 0. 0. 0. 1. 0.],10.0,random,1000,10000,10,0.6,0,1,0.5,0.5,5,0.5,1,10,,tuning_par,
910,0.03208553821007421,0.068876,0.004704923579851581,0.91,0.5,-2.0089214636267947,[0.         0.         0.01428889 0.03248996 0.         0.         0.02581838 0.01444005 0.04120004 0.         0.         0.02495874 0.         0.         0.03513657 0.         0.         0.         0.03856636 0.         0.         0.         0.         0.         0.         0.74694913 0.         0.         0.         0.02615186 0.        ],[0. 0. 1. 1. 0. 0. 1. 1. 1. 0. 0. 1. 0. 0. 1. 0. 0. 0. 1. 0. 0. 0. 0. 0. 0. 1. 0. 0. 0. 1. 0.],10.0,random,1000,10000,10,0.6,0,1,0.5,0.5,5,0.5,1,10,,tuning_par,
920,0.03208553821007421,0.068876,0.004704923579851581,0.92,0.5,-3.055874070173272,[0.         0.         0.01428889 0.03248996 0.         0.         0.02581838 0.01444005 0.04120004 0.         0.         0.02495874 0.         0.         0.03513657 0.         0.         0.         0.03856636 0.         0.         0.         0.         0.         0.         0.74694913 0.         0.         0.         0.02615186 0.        ],[0. 0. 1. 1. 0. 0. 1. 1. 1. 0. 0. 1. 0. 0. 1. 0. 0. 0. 1. 0. 0. 0. 0. 0. 0. 1. 0. 0. 0. 1. 0.],10.0,random,1000,10000,10,0.6,0,1,0.5,0.5,5,0.5,1,10,,tuning_par,
930,0.03208553821007421,0.068876,0.004704923579851581,0.93,0.5,1.4674220297757739,[0.         0.         0.01428889 0.03248996 0.         0.         0.02581838 0.01444005 0.04120004 0.         0.         0.02495874 0.         0.         0.03513657 0.         0.         0.         0.03856636 0.         0.         0.         0.         0.         0.         0.74694913 0.         0.         0.         0.02615186 0.        ],[0. 0. 1. 1. 0. 0. 1. 1. 1. 0. 0. 1. 0. 0. 1. 0. 0. 0. 1. 0. 0. 0. 0. 0. 0. 1. 0. 0. 0. 1. 0.],10.0,random,1000,10000,10,0.6,0,1,0.5,0.5,5,0.5,1,10,,tuning_par,
940,0.03208553821007421,0.068876,0.004704923579851581,0.9400000000000001,0.5,-1.6814450769654048,[0.         0.         0.01428889 0.03248996 0.         0.         0.02581838 0.01444005 0.04120004 0.         0.         0.02495874 0.         0.         0.03513657 0.         0.         0.         0.03856636 0.         0.         0.         0.         0.         0.         0.74694913 0.         0.         0.         0.02615186 0.        ],[0. 0. 1. 1. 0. 0. 1. 1. 1. 0. 0. 1. 0. 0. 1. 0. 0. 0. 1. 0. 0. 0. 0. 0. 0. 1. 0. 0. 0. 1. 0.],10.0,random,1000,10000,10,0.6,0,1,0.5,0.5,5,0.5,1,10,,tuning_par,
950,0.03208553821007421,0.068876,0.004704923579851581,0.9500000000000001,0.5,3.0633160647788005,[0.         0.         0.01428889 0.03248996 0.         0.         0.02581838 0.01444005 0.04120004 0.         0.         0.02495874 0.         0.         0.03513657 0.         0.         0.         0.03856636 0.         0.         0.         0.         0.         0.         0.74694913 0.         0.         0.         0.02615186 0.        ],[0. 0. 1. 1. 0. 0. 1. 1. 1. 0. 0. 1. 0. 0. 1. 0. 0. 0. 1. 0. 0. 0. 0. 0. 0. 1. 0. 0. 0. 1. 0.],10.0,random,1000,10000,10,0.6,0,1,0.5,0.5,5,0.5,1,10,,tuning_par,
960,0.03208553821007421,0.068876,0.004704923579851581,0.96,0.5,-3.9387234401003006,[0.         0.         0.01428889 0.03248996 0.         0.         0.02581838 0.01444005 0.04120004 0.         0.         0.02495874 0.         0.         0.03513657 0.         0.         0.         0.03856636 0.         0.         0.         0.         0.         0.         0.74694913 0.         0.         0.         0.02615186 0.        ],[0. 0. 1. 1. 0. 0. 1. 1. 1. 0. 0. 1. 0. 0. 1. 0. 0. 0. 1. 0. 0. 0. 0. 0. 0. 1. 0. 0. 0. 1. 0.],10.0,random,1000,10000,10,0.6,0,1,0.5,0.5,5,0.5,1,10,,tuning_par,
970,0.03208553821007421,0.068876,0.004704923579851581,0.97,0.5,-0.1040421347299906,[0.         0.         0.01428889 0.03248996 0.         0.         0.02581838 0.01444005 0.04120004 0.         0.         0.02495874 0.         0.         0.03513657 0.         0.         0.         0.03856636 0.         0.         0.         0.         0.         0.         0.74694913 0.         0.         0.         0.02615186 0.        ],[0. 0. 1. 1. 0. 0. 1. 1. 1. 0. 0. 1. 0. 0. 1. 0. 0. 0. 1. 0. 0. 0. 0. 0. 0. 1. 0. 0. 0. 1. 0.],10.0,random,1000,10000,10,0.6,0,1,0.5,0.5,5,0.5,1,10,,tuning_par,
980,0.03208553821007421,0.068876,0.004704923579851581,0.98,0.5,-0.40762823779446167,[0.         0.         0.01428889 0.03248996 0.         0.         0.02581838 0.01444005 0.04120004 0.         0.         0.02495874 0.         0.         0.03513657 0.         0.         0.         0.03856636 0.         0.         0.         0.         0.         0.         0.74694913 0.         0.         0.         0.02615186 0.        ],[0. 0. 1. 1. 0. 0. 1. 1. 1. 0. 0. 1. 0. 0. 1. 0. 0. 0. 1. 0. 0. 0. 0. 0. 0. 1. 0. 0. 0. 1. 0.],10.0,random,1000,10000,10,0.6,0,1,0.5,0.5,5,0.5,1,10,,tuning_par,
990,0.03208553821007421,0.068876,0.004704923579851581,0.99,0.5,-1.6834541798318272,[0.         0.         0.01428889 0.03248996 0.         0.         0.02581838 0.01444005 0.04120004 0.         0.         0.02495874 0.         0.         0.03513657 0.         0.         0.         0.03856636 0.         0.         0.         0.         0.         0.         0.74694913 0.         0.         0.         0.02615186 0.        ],[0. 0. 1. 1. 0. 0. 1. 1. 1. 0. 0. 1. 0. 0. 1. 0. 0. 0. 1. 0. 0. 0. 0. 0. 0. 1. 0. 0. 0. 1. 0.],10.0,random,1000,10000,10,0.6,0,1,0.5,0.5,5,0.5,1,10,,tuning_par,
999,0.03208553821007421,0.068876,0.004704923579851581,0.999,0.5,2.047044704119852,[0.         0.         0.01428889 0.03248996 0.         0.         0.02581838 0.01444005 0.04120004 0.         0.         0.02495874 0.         0.         0.03513657 0.         0.         0.         0.03856636 0.         0.         0.         0.         0.         0.         0.74694913 0.         0.         0.         0.02615186 0.        ],[0. 0. 1. 1. 0. 0. 1. 1. 1. 0. 0. 1. 0. 0. 1. 0. 0. 0. 1. 0. 0. 0. 0. 0. 0. 1. 0. 0. 0. 1. 0.],10.0,random,1000,10000,10,0.6,0,1,0.5,0.5,5,0.5,1,10,,tuning_par,
