iter,cost,return,par,move,X,Z,Q,max_iter,mem_size,mem_consider,sigma,port_n,k,seed,tag
1,0.09582055560185604,0.005341386702367088,0.4,23.11528040238308,[0.         0.01074502 0.         0.         0.87018555 0.         0.         0.         0.         0.         0.01314593 0.02128838 0.         0.01068923 0.         0.         0.         0.01069746 0.         0.         0.         0.02263274 0.01525428 0.         0.         0.         0.         0.01085609 0.         0.01450532 0.        ],[0. 1. 0. 0. 1. 0. 0. 0. 0. 0. 1. 1. 0. 1. 0. 0. 0. 1. 0. 0. 0. 1. 1. 0. 0. 0. 0. 1. 0. 1. 0.],10.0,10000,30,0.6,10,1,10,,problem_solving
100,0.05230797540711716,0.009788477903783472,0.4,-12.941922955634402,[0.         0.01872191 0.         0.         0.86339961 0.         0.02058168 0.         0.         0.         0.         0.         0.         0.         0.         0.         0.01604684 0.01282157 0.         0.         0.01073202 0.         0.01506632 0.         0.         0.         0.         0.01470351 0.01311719 0.         0.01480935],[0. 1. 0. 0. 1. 0. 1. 0. 0. 0. 0. 0. 0. 0. 0. 0. 1. 1. 0. 0. 1. 0. 1. 0. 0. 0. 0. 1. 1. 0. 1.],10.0,10000,30,0.6,10,1,10,,problem_solving
200,0.04497879155995661,0.009938930744842376,0.4,-9.203248203173164,[0.01564158 0.         0.         0.         0.87074775 0.01414891 0.         0.         0.         0.0144994  0.01711253 0.01130352 0.         0.         0.         0.01283527 0.01477768 0.         0.         0.01413202 0.         0.         0.         0.         0.01480134 0.         0.         0.         0.         0.         0.        ],[1. 0. 0. 0. 1. 1. 0. 0. 0. 1. 1. 1. 0. 0. 0. 1. 1. 0. 0. 1. 0. 0. 0. 0. 1. 0. 0. 0. 0. 0. 0.],10.0,10000,30,0.6,10,1,10,,problem_solving
300,0.04497879155995661,0.009938930744842376,0.4,1.1087667547650604,[0.01564158 0.         0.         0.         0.87074775 0.01414891 0.         0.         0.         0.0144994  0.01711253 0.01130352 0.         0.         0.         0.01283527 0.01477768 0.         0.         0.01413202 0.         0.         0.         0.         0.01480134 0.         0.         0.         0.         0.         0.        ],[1. 0. 0. 0. 1. 1. 0. 0. 0. 1. 1. 1. 0. 0. 0. 1. 1. 0. 0. 1. 0. 0. 0. 0. 1. 0. 0. 0. 0. 0. 0.],10.0,10000,30,0.6,10,1,10,,problem_solving
400,0.04497879155995661,0.009938930744842376,0.4,-10.235125137947072,[0.01564158 0.         0.         0.         0.87074775 0.01414891 0.         0.         0.         0.0144994  0.01711253 0.01130352 0.         0.         0.         0.01283527 0.01477768 0.         0.         0.01413202 0.         0.         0.         0.         0.01480134 0.         0.         0.         0.         0.         0.        ],[1. 0. 0. 0. 1. 1. 0. 0. 0. 1. 1. 1. 0. 0. 0. 1. 1. 0. 0. 1. 0. 0. 0. 0. 1. 0. 0. 0. 0. 0. 0.],10.0,10000,30,0.6,10,1,10,,problem_solving
500,0.04497879155995661,0.009938930744842376,0.4,3.1101390344475144,[0.01564158 0.         0.         0.         0.87074775 0.01414891 0.         0.         0.         0.0144994  0.01711253 0.01130352 0.         0.         0.         0.01283527 0.01477768 0.         0.         0.01413202 0.         0.         0.         0.         0.01480134 0.         0.         0.         0.         0.         0.        ],[1. 0. 0. 0. 1. 1. 0. 0. 0. 1. 1. 1. 0. 0. 0. 1. 1. 0. 0. 1. 0. 0. 0. 0. 1. 0. 0. 0. 0. 0. 0.],10.0,10000,30,0.6,10,1,10,,problem_solving
600,0.04497879155995661,0.009938930744842376,0.4,-12.67807286164157,[0.01564158 0.         0.         0.         0.87074775 0.01414891 0.         0.         0.         0.0144994  0.01711253 0.01130352 0.         0.         0.         0.01283527 0.01477768 0.         0.         0.01413202 0.         0.         0.         0.         0.01480134 0.         0.         0.         0.         0.         0.        ],[1. 0. 0. 0. 1. 1. 0. 0. 0. 1. 1. 1. 0. 0. 0. 1. 1. 0. 0. 1. 0. 0. 0. 0. 1. 0. 0. 0. 0. 0. 0.],10.0,10000,30,0.6,10,1,10,,problem_solving
700,0.04497879155995661,0.009938930744842376,0.4,13.40563386392951,[0.01564158 0.         0.         0.         0.87074775 0.01414891 0.         0.         0.         0.0144994  0.01711253 0.01130352 0.         0.         0.         0.01283527 0.01477768 0.         0.         0.01413202 0.         0.         0.         0.         0.01480134 0.         0.         0.         0.         0.         0.        ],[1. 0. 0. 0. 1. 1. 0. 0. 0. 1. 1. 1. 0. 0. 0. 1. 1. 0. 0. 1. 0. 0. 0. 0. 1. 0. 0. 0. 0. 0. 0.],10.0,10000,30,0.6,10,1,10,,problem_solving
800,0.04497879155995661,0.009938930744842376,0.4,-7.707504445715676,[0.01564158 0.         0.         0.         0.87074775 0.01414891 0.         0.         0.         0.0144994  0.01711253 0.01130352 0.         0.         0.         0.01283527 0.01477768 0.         0.         0.01413202 0.         0.         0.         0.         0.01480134 0.         0.         0.         0.         0.         0.        ],[1. 0. 0. 0. 1. 1. 0. 0. 0. 1. 1. 1. 0. 0. 0. 1. 1. 0. 0. 1. 0. 0. 0. 0. 1. 0. 0. 0. 0. 0. 0.],10.0,10000,30,0.6,10,1,10,,problem_solving
900,0.043165111194324556,0.00984866957984847,0.4,13.222712190256903,[0.         0.01074502 0.         0.         0.87018555 0.         0.         0.         0.         0.         0.01314593 0.02128838 0.         0.01068923 0.         0.         0.         0.01069746 0.         0.         0.         0.02263274 0.01525428 0.         0.         0.         0.         0.01085609 0.         0.01450532 0.        ],[0. 1. 0. 0. 1. 0. 0. 0. 0. 0. 1. 1. 0. 1. 0. 0. 0. 1. 0. 0. 0. 1. 1. 0. 0. 0. 0. 1. 0. 1. 0.],10.0,10000,30,0.6,10,1,10,,problem_solving
1000,0.043165111194324556,0.00984866957984847,0.4,21.44670819856904,[0.         0.01074502 0.         0.         0.87018555 0.         0.         0.         0.         0.         0.01314593 0.02128838 0.         0.01068923 0.         0.         0.         0.01069746 0.         0.         0.         0.02263274 0.01525428 0.         0.         0.         0.         0.01085609 0.         0.01450532 0.        ],[0. 1. 0. 0. 1. 0. 0. 0. 0. 0. 1. 1. 0. 1. 0. 0. 0. 1. 0. 0. 0. 1. 1. 0. 0. 0. 0. 1. 0. 1. 0.],10.0,10000,30,0.6,10,1,10,,problem_solving
1100,0.043165111194324556,0.00984866957984847,0.4,-0.8512846804181056,[0.         0.01074502 0.         0.         0.87018555 0.         0.         0.         0.         0.         0.01314593 0.02128838 0.         0.01068923 0.         0.         0.         0.01069746 0.         0.         0.         0.02263274 0.01525428 0.         0.         0.         0.         0.01085609 0.         0.01450532 0.        ],[0. 1. 0. 0. 1. 0. 0. 0. 0. 0. 1. 1. 0. 1. 0. 0. 0. 1. 0. 0. 0. 1. 1. 0. 0. 0. 0. 1. 0. 1. 0.],10.0,10000,30,0.6,10,1,10,,problem_solving
1200,0.043165111194324556,0.00984866957984847,0.4,-5.813171766470263,[0.         0.01074502 0.         0.         0.87018555 0.         0.         0.         0.         0.         0.01314593 0.02128838 0.         0.01068923 0.         0.         0.         0.01069746 0.         0.         0.         0.02263274 0.01525428 0.         0.         0.         0.         0.01085609 0.         0.01450532 0.        ],[0. 1. 0. 0. 1. 0. 0. 0. 0. 0. 1. 1. 0. 1. 0. 0. 0. 1. 0. 0. 0. 1. 1. 0. 0. 0. 0. 1. 0. 1. 0.],10.0,10000,30,0.6,10,1,10,,problem_solving
1300,0.043165111194324556,0.00984866957984847,0.4,-4.427929521660895,[0.         0.01074502 0.         0.         0.87018555 0.         0.         0.         0.         0.         0.01314593 0.02128838 0.         0.01068923 0.         0.         0.         0.01069746 0.         0.         0.         0.02263274 0.01525428 0.         0.         0.         0.         0.01085609 0.         0.01450532 0.        ],[0. 1. 0. 0. 1. 0. 0. 0. 0. 0. 1. 1. 0. 1. 0. 0. 0. 1. 0. 0. 0. 1. 1. 0. 0. 0. 0. 1. 0. 1. 0.],10.0,10000,30,0.6,10,1,10,,problem_solving
1400,0.043165111194324556,0.00984866957984847,0.4,17.394497920378676,[0.         0.01074502 0.         0.         0.87018555 0.         0.         0.         0.         0.         0.01314593 0.02128838 0.         0.01068923 0.         0.         0.         0.01069746 0.         0.         0.         0.02263274 0.01525428 0.         0.         0.         0.         0.01085609 0.         0.01450532 0.        ],[0. 1. 0. 0. 1. 0. 0. 0. 0. 0. 1. 1. 0. 1. 0. 0. 0. 1. 0. 0. 0. 1. 1. 0. 0. 0. 0. 1. 0. 1. 0.],10.0,10000,30,0.6,10,1,10,,problem_solving
1500,0.043165111194324556,0.00984866957984847,0.4,7.648347772229279,[0.         0.01074502 0.         0.         0.87018555 0.         0.         0.         0.         0.         0.01314593 0.02128838 0.         0.01068923 0.         0.         0.         0.01069746 0.         0.         0.         0.02263274 0.01525428 0.         0.         0.         0.         0.01085609 0.         0.01450532 0.        ],[0. 1. 0. 0. 1. 0. 0. 0. 0. 0. 1. 1. 0. 1. 0. 0. 0. 1. 0. 0. 0. 1. 1. 0. 0. 0. 0. 1. 0. 1. 0.],10.0,10000,30,0.6,10,1,10,,problem_solving
1600,0.03661696451710609,0.00988675977689158,0.4,-8.25643319975238,[0.01143344 0.         0.01639985 0.         0.87437016 0.01357748 0.         0.         0.0111953  0.01249878 0.         0.0141393  0.         0.         0.         0.         0.         0.01082632 0.         0.         0.         0.         0.         0.         0.         0.01754876 0.         0.01801061 0.         0.         0.        ],[1. 0. 1. 0. 1. 1. 0. 0. 1. 1. 0. 1. 0. 0. 0. 0. 0. 1. 0. 0. 0. 0. 0. 0. 0. 1. 0. 1. 0. 0. 0.],10.0,10000,30,0.6,10,1,10,,problem_solving
1700,0.03661696451710609,0.00988675977689158,0.4,10.748963495080346,[0.01143344 0.         0.01639985 0.         0.87437016 0.01357748 0.         0.         0.0111953  0.01249878 0.         0.0141393  0.         0.         0.         0.         0.         0.01082632 0.         0.         0.         0.         0.         0.         0.         0.01754876 0.         0.01801061 0.         0.         0.        ],[1. 0. 1. 0. 1. 1. 0. 0. 1. 1. 0. 1. 0. 0. 0. 0. 0. 1. 0. 0. 0. 0. 0. 0. 0. 1. 0. 1. 0. 0. 0.],10.0,10000,30,0.6,10,1,10,,problem_solving
1800,0.03661696451710609,0.00988675977689158,0.4,-4.6179194503161245,[0.01143344 0.         0.01639985 0.         0.87437016 0.01357748 0.         0.         0.0111953  0.01249878 0.         0.0141393  0.         0.         0.         0.         0.         0.01082632 0.         0.         0.         0.         0.         0.         0.         0.01754876 0.         0.01801061 0.         0.         0.        ],[1. 0. 1. 0. 1. 1. 0. 0. 1. 1. 0. 1. 0. 0. 0. 0. 0. 1. 0. 0. 0. 0. 0. 0. 0. 1. 0. 1. 0. 0. 0.],10.0,10000,30,0.6,10,1,10,,problem_solving
1900,0.03661696451710609,0.00988675977689158,0.4,9.649068343137913,[0.01143344 0.         0.01639985 0.         0.87437016 0.01357748 0.         0.         0.0111953  0.01249878 0.         0.0141393  0.         0.         0.         0.         0.         0.01082632 0.         0.         0.         0.         0.         0.         0.         0.01754876 0.         0.01801061 0.         0.         0.        ],[1. 0. 1. 0. 1. 1. 0. 0. 1. 1. 0. 1. 0. 0. 0. 0. 0. 1. 0. 0. 0. 0. 0. 0. 0. 1. 0. 1. 0. 0. 0.],10.0,10000,30,0.6,10,1,10,,problem_solving
2000,0.03661696451710609,0.00988675977689158,0.4,7.459451156516862,[0.01143344 0.         0.01639985 0.         0.87437016 0.01357748 0.         0.         0.0111953  0.01249878 0.         0.0141393  0.         0.         0.         0.         0.         0.01082632 0.         0.         0.         0.         0.         0.         0.         0.01754876 0.         0.01801061 0.         0.         0.        ],[1. 0. 1. 0. 1. 1. 0. 0. 1. 1. 0. 1. 0. 0. 0. 0. 0. 1. 0. 0. 0. 0. 0. 0. 0. 1. 0. 1. 0. 0. 0.],10.0,10000,30,0.6,10,1,10,,problem_solving
2100,0.03661696451710609,0.00988675977689158,0.4,-15.569596523849413,[0.01143344 0.         0.01639985 0.         0.87437016 0.01357748 0.         0.         0.0111953  0.01249878 0.         0.0141393  0.         0.         0.         0.         0.         0.01082632 0.         0.         0.         0.         0.         0.         0.         0.01754876 0.         0.01801061 0.         0.         0.        ],[1. 0. 1. 0. 1. 1. 0. 0. 1. 1. 0. 1. 0. 0. 0. 0. 0. 1. 0. 0. 0. 0. 0. 0. 0. 1. 0. 1. 0. 0. 0.],10.0,10000,30,0.6,10,1,10,,problem_solving
2200,0.03661696451710609,0.00988675977689158,0.4,-15.27129852814295,[0.01143344 0.         0.01639985 0.         0.87437016 0.01357748 0.         0.         0.0111953  0.01249878 0.         0.0141393  0.         0.         0.         0.         0.         0.01082632 0.         0.         0.         0.         0.         0.         0.         0.01754876 0.         0.01801061 0.         0.         0.        ],[1. 0. 1. 0. 1. 1. 0. 0. 1. 1. 0. 1. 0. 0. 0. 0. 0. 1. 0. 0. 0. 0. 0. 0. 0. 1. 0. 1. 0. 0. 0.],10.0,10000,30,0.6,10,1,10,,problem_solving
2300,0.03661696451710609,0.00988675977689158,0.4,-5.953753405217148,[0.01143344 0.         0.01639985 0.         0.87437016 0.01357748 0.         0.         0.0111953  0.01249878 0.         0.0141393  0.         0.         0.         0.         0.         0.01082632 0.         0.         0.         0.         0.         0.         0.         0.01754876 0.         0.01801061 0.         0.         0.        ],[1. 0. 1. 0. 1. 1. 0. 0. 1. 1. 0. 1. 0. 0. 0. 0. 0. 1. 0. 0. 0. 0. 0. 0. 0. 1. 0. 1. 0. 0. 0.],10.0,10000,30,0.6,10,1,10,,problem_solving
2400,0.03661696451710609,0.00988675977689158,0.4,3.5773120320030847,[0.01143344 0.         0.01639985 0.         0.87437016 0.01357748 0.         0.         0.0111953  0.01249878 0.         0.0141393  0.         0.         0.         0.         0.         0.01082632 0.         0.         0.         0.         0.         0.         0.         0.01754876 0.         0.01801061 0.         0.         0.        ],[1. 0. 1. 0. 1. 1. 0. 0. 1. 1. 0. 1. 0. 0. 0. 0. 0. 1. 0. 0. 0. 0. 0. 0. 0. 1. 0. 1. 0. 0. 0.],10.0,10000,30,0.6,10,1,10,,problem_solving
2500,0.03661696451710609,0.00988675977689158,0.4,-9.76893262989989,[0.01143344 0.         0.01639985 0.         0.87437016 0.01357748 0.         0.         0.0111953  0.01249878 0.         0.0141393  0.         0.         0.         0.         0.         0.01082632 0.         0.         0.         0.         0.         0.         0.         0.01754876 0.         0.01801061 0.         0.         0.        ],[1. 0. 1. 0. 1. 1. 0. 0. 1. 1. 0. 1. 0. 0. 0. 0. 0. 1. 0. 0. 0. 0. 0. 0. 0. 1. 0. 1. 0. 0. 0.],10.0,10000,30,0.6,10,1,10,,problem_solving
2600,0.03661696451710609,0.00988675977689158,0.4,10.714884396413733,[0.01143344 0.         0.01639985 0.         0.87437016 0.01357748 0.         0.         0.0111953  0.01249878 0.         0.0141393  0.         0.         0.         0.         0.         0.01082632 0.         0.         0.         0.         0.         0.         0.         0.01754876 0.         0.01801061 0.         0.         0.        ],[1. 0. 1. 0. 1. 1. 0. 0. 1. 1. 0. 1. 0. 0. 0. 0. 0. 1. 0. 0. 0. 0. 0. 0. 0. 1. 0. 1. 0. 0. 0.],10.0,10000,30,0.6,10,1,10,,problem_solving
2700,0.03661696451710609,0.00988675977689158,0.4,4.464302936334264,[0.01143344 0.         0.01639985 0.         0.87437016 0.01357748 0.         0.         0.0111953  0.01249878 0.         0.0141393  0.         0.         0.         0.         0.         0.01082632 0.         0.         0.         0.         0.         0.         0.         0.01754876 0.         0.01801061 0.         0.         0.        ],[1. 0. 1. 0. 1. 1. 0. 0. 1. 1. 0. 1. 0. 0. 0. 0. 0. 1. 0. 0. 0. 0. 0. 0. 0. 1. 0. 1. 0. 0. 0.],10.0,10000,30,0.6,10,1,10,,problem_solving
2800,0.03661696451710609,0.00988675977689158,0.4,-21.709137905256522,[0.01143344 0.         0.01639985 0.         0.87437016 0.01357748 0.         0.         0.0111953  0.01249878 0.         0.0141393  0.         0.         0.         0.         0.         0.01082632 0.         0.         0.         0.         0.         0.         0.         0.01754876 0.         0.01801061 0.         0.         0.        ],[1. 0. 1. 0. 1. 1. 0. 0. 1. 1. 0. 1. 0. 0. 0. 0. 0. 1. 0. 0. 0. 0. 0. 0. 0. 1. 0. 1. 0. 0. 0.],10.0,10000,30,0.6,10,1,10,,problem_solving
2900,0.03661696451710609,0.00988675977689158,0.4,-13.82734483422957,[0.01143344 0.         0.01639985 0.         0.87437016 0.01357748 0.         0.         0.0111953  0.01249878 0.         0.0141393  0.         0.         0.         0.         0.         0.01082632 0.         0.         0.         0.         0.         0.         0.         0.01754876 0.         0.01801061 0.         0.         0.        ],[1. 0. 1. 0. 1. 1. 0. 0. 1. 1. 0. 1. 0. 0. 0. 0. 0. 1. 0. 0. 0. 0. 0. 0. 0. 1. 0. 1. 0. 0. 0.],10.0,10000,30,0.6,10,1,10,,problem_solving
3000,0.03661696451710609,0.00988675977689158,0.4,5.4252220797946755,[0.01143344 0.         0.01639985 0.         0.87437016 0.01357748 0.         0.         0.0111953  0.01249878 0.         0.0141393  0.         0.         0.         0.         0.         0.01082632 0.         0.         0.         0.         0.         0.         0.         0.01754876 0.         0.01801061 0.         0.         0.        ],[1. 0. 1. 0. 1. 1. 0. 0. 1. 1. 0. 1. 0. 0. 0. 0. 0. 1. 0. 0. 0. 0. 0. 0. 0. 1. 0. 1. 0. 0. 0.],10.0,10000,30,0.6,10,1,10,,problem_solving
3100,0.03661696451710609,0.00988675977689158,0.4,-6.295610058528163,[0.01143344 0.         0.01639985 0.         0.87437016 0.01357748 0.         0.         0.0111953  0.01249878 0.         0.0141393  0.         0.         0.         0.         0.         0.01082632 0.         0.         0.         0.         0.         0.         0.         0.01754876 0.         0.01801061 0.         0.         0.        ],[1. 0. 1. 0. 1. 1. 0. 0. 1. 1. 0. 1. 0. 0. 0. 0. 0. 1. 0. 0. 0. 0. 0. 0. 0. 1. 0. 1. 0. 0. 0.],10.0,10000,30,0.6,10,1,10,,problem_solving
3200,0.03661696451710609,0.00988675977689158,0.4,2.787311675007774,[0.01143344 0.         0.01639985 0.         0.87437016 0.01357748 0.         0.         0.0111953  0.01249878 0.         0.0141393  0.         0.         0.         0.         0.         0.01082632 0.         0.         0.         0.         0.         0.         0.         0.01754876 0.         0.01801061 0.         0.         0.        ],[1. 0. 1. 0. 1. 1. 0. 0. 1. 1. 0. 1. 0. 0. 0. 0. 0. 1. 0. 0. 0. 0. 0. 0. 0. 1. 0. 1. 0. 0. 0.],10.0,10000,30,0.6,10,1,10,,problem_solving
3300,0.03661696451710609,0.00988675977689158,0.4,-12.472656036524253,[0.01143344 0.         0.01639985 0.         0.87437016 0.01357748 0.         0.         0.0111953  0.01249878 0.         0.0141393  0.         0.         0.         0.         0.         0.01082632 0.         0.         0.         0.         0.         0.         0.         0.01754876 0.         0.01801061 0.         0.         0.        ],[1. 0. 1. 0. 1. 1. 0. 0. 1. 1. 0. 1. 0. 0. 0. 0. 0. 1. 0. 0. 0. 0. 0. 0. 0. 1. 0. 1. 0. 0. 0.],10.0,10000,30,0.6,10,1,10,,problem_solving
3400,0.03661696451710609,0.00988675977689158,0.4,19.205502265858673,[0.01143344 0.         0.01639985 0.         0.87437016 0.01357748 0.         0.         0.0111953  0.01249878 0.         0.0141393  0.         0.         0.         0.         0.         0.01082632 0.         0.         0.         0.         0.         0.         0.         0.01754876 0.         0.01801061 0.         0.         0.        ],[1. 0. 1. 0. 1. 1. 0. 0. 1. 1. 0. 1. 0. 0. 0. 0. 0. 1. 0. 0. 0. 0. 0. 0. 0. 1. 0. 1. 0. 0. 0.],10.0,10000,30,0.6,10,1,10,,problem_solving
3500,0.03661696451710609,0.00988675977689158,0.4,13.298401039882261,[0.01143344 0.         0.01639985 0.         0.87437016 0.01357748 0.         0.         0.0111953  0.01249878 0.         0.0141393  0.         0.         0.         0.         0.         0.01082632 0.         0.         0.         0.         0.         0.         0.         0.01754876 0.         0.01801061 0.         0.         0.        ],[1. 0. 1. 0. 1. 1. 0. 0. 1. 1. 0. 1. 0. 0. 0. 0. 0. 1. 0. 0. 0. 0. 0. 0. 0. 1. 0. 1. 0. 0. 0.],10.0,10000,30,0.6,10,1,10,,problem_solving
3600,0.03661696451710609,0.00988675977689158,0.4,6.289626475555866,[0.01143344 0.         0.01639985 0.         0.87437016 0.01357748 0.         0.         0.0111953  0.01249878 0.         0.0141393  0.         0.         0.         0.         0.         0.01082632 0.         0.         0.         0.         0.         0.         0.         0.01754876 0.         0.01801061 0.         0.         0.        ],[1. 0. 1. 0. 1. 1. 0. 0. 1. 1. 0. 1. 0. 0. 0. 0. 0. 1. 0. 0. 0. 0. 0. 0. 0. 1. 0. 1. 0. 0. 0.],10.0,10000,30,0.6,10,1,10,,problem_solving
3700,0.03661696451710609,0.00988675977689158,0.4,18.92962809048075,[0.01143344 0.         0.01639985 0.         0.87437016 0.01357748 0.         0.         0.0111953  0.01249878 0.         0.0141393  0.         0.         0.         0.         0.         0.01082632 0.         0.         0.         0.         0.         0.         0.         0.01754876 0.         0.01801061 0.         0.         0.        ],[1. 0. 1. 0. 1. 1. 0. 0. 1. 1. 0. 1. 0. 0. 0. 0. 0. 1. 0. 0. 0. 0. 0. 0. 0. 1. 0. 1. 0. 0. 0.],10.0,10000,30,0.6,10,1,10,,problem_solving
3800,0.03661696451710609,0.00988675977689158,0.4,-3.3475190671762176,[0.01143344 0.         0.01639985 0.         0.87437016 0.01357748 0.         0.         0.0111953  0.01249878 0.         0.0141393  0.         0.         0.         0.         0.         0.01082632 0.         0.         0.         0.         0.         0.         0.         0.01754876 0.         0.01801061 0.         0.         0.        ],[1. 0. 1. 0. 1. 1. 0. 0. 1. 1. 0. 1. 0. 0. 0. 0. 0. 1. 0. 0. 0. 0. 0. 0. 0. 1. 0. 1. 0. 0. 0.],10.0,10000,30,0.6,10,1,10,,problem_solving
3900,0.03661696451710609,0.00988675977689158,0.4,-3.6290691776255457,[0.01143344 0.         0.01639985 0.         0.87437016 0.01357748 0.         0.         0.0111953  0.01249878 0.         0.0141393  0.         0.         0.         0.         0.         0.01082632 0.         0.         0.         0.         0.         0.         0.         0.01754876 0.         0.01801061 0.         0.         0.        ],[1. 0. 1. 0. 1. 1. 0. 0. 1. 1. 0. 1. 0. 0. 0. 0. 0. 1. 0. 0. 0. 0. 0. 0. 0. 1. 0. 1. 0. 0. 0.],10.0,10000,30,0.6,10,1,10,,problem_solving
4000,0.03661696451710609,0.00988675977689158,0.4,-15.198742595692394,[0.01143344 0.         0.01639985 0.         0.87437016 0.01357748 0.         0.         0.0111953  0.01249878 0.         0.0141393  0.         0.         0.         0.         0.         0.01082632 0.         0.         0.         0.         0.         0.         0.         0.01754876 0.         0.01801061 0.         0.         0.        ],[1. 0. 1. 0. 1. 1. 0. 0. 1. 1. 0. 1. 0. 0. 0. 0. 0. 1. 0. 0. 0. 0. 0. 0. 0. 1. 0. 1. 0. 0. 0.],10.0,10000,30,0.6,10,1,10,,problem_solving
4100,0.03661696451710609,0.00988675977689158,0.4,-11.91191807102786,[0.01143344 0.         0.01639985 0.         0.87437016 0.01357748 0.         0.         0.0111953  0.01249878 0.         0.0141393  0.         0.         0.         0.         0.         0.01082632 0.         0.         0.         0.         0.         0.         0.         0.01754876 0.         0.01801061 0.         0.         0.        ],[1. 0. 1. 0. 1. 1. 0. 0. 1. 1. 0. 1. 0. 0. 0. 0. 0. 1. 0. 0. 0. 0. 0. 0. 0. 1. 0. 1. 0. 0. 0.],10.0,10000,30,0.6,10,1,10,,problem_solving
4200,0.03661696451710609,0.00988675977689158,0.4,-3.7709720006503695,[0.01143344 0.         0.01639985 0.         0.87437016 0.01357748 0.         0.         0.0111953  0.01249878 0.         0.0141393  0.         0.         0.         0.         0.         0.01082632 0.         0.         0.         0.         0.         0.         0.         0.01754876 0.         0.01801061 0.         0.         0.        ],[1. 0. 1. 0. 1. 1. 0. 0. 1. 1. 0. 1. 0. 0. 0. 0. 0. 1. 0. 0. 0. 0. 0. 0. 0. 1. 0. 1. 0. 0. 0.],10.0,10000,30,0.6,10,1,10,,problem_solving
4300,0.03661696451710609,0.00988675977689158,0.4,-6.340982886282748,[0.01143344 0.         0.01639985 0.         0.87437016 0.01357748 0.         0.         0.0111953  0.01249878 0.         0.0141393  0.         0.         0.         0.         0.         0.01082632 0.         0.         0.         0.         0.         0.         0.         0.01754876 0.         0.01801061 0.         0.         0.        ],[1. 0. 1. 0. 1. 1. 0. 0. 1. 1. 0. 1. 0. 0. 0. 0. 0. 1. 0. 0. 0. 0. 0. 0. 0. 1. 0. 1. 0. 0. 0.],10.0,10000,30,0.6,10,1,10,,problem_solving
4400,0.03563107028280268,0.009841552877193698,0.4,-0.6713098135723263,[0.0106656  0.         0.         0.         0.88096287 0.         0.         0.         0.         0.01059656 0.         0.         0.         0.01058811 0.         0.02201843 0.01061256 0.         0.         0.01067901 0.         0.         0.         0.01069949 0.02148899 0.         0.         0.01168837 0.         0.         0.        ],[1. 0. 0. 0. 1. 0. 0. 0. 0. 1. 0. 0. 0. 1. 0. 1. 1. 0. 0. 1. 0. 0. 0. 1. 1. 0. 0. 1. 0. 0. 0.],10.0,10000,30,0.6,10,1,10,,problem_solving
4500,0.03563107028280268,0.009841552877193698,0.4,-5.902957141074441,[0.0106656  0.         0.         0.         0.88096287 0.         0.         0.         0.         0.01059656 0.         0.         0.         0.01058811 0.         0.02201843 0.01061256 0.         0.         0.01067901 0.         0.         0.         0.01069949 0.02148899 0.         0.         0.01168837 0.         0.         0.        ],[1. 0. 0. 0. 1. 0. 0. 0. 0. 1. 0. 0. 0. 1. 0. 1. 1. 0. 0. 1. 0. 0. 0. 1. 1. 0. 0. 1. 0. 0. 0.],10.0,10000,30,0.6,10,1,10,,problem_solving
4600,0.03563107028280268,0.009841552877193698,0.4,-4.447869416345806,[0.0106656  0.         0.         0.         0.88096287 0.         0.         0.         0.         0.01059656 0.         0.         0.         0.01058811 0.         0.02201843 0.01061256 0.         0.         0.01067901 0.         0.         0.         0.01069949 0.02148899 0.         0.         0.01168837 0.         0.         0.        ],[1. 0. 0. 0. 1. 0. 0. 0. 0. 1. 0. 0. 0. 1. 0. 1. 1. 0. 0. 1. 0. 0. 0. 1. 1. 0. 0. 1. 0. 0. 0.],10.0,10000,30,0.6,10,1,10,,problem_solving
4700,0.03563107028280268,0.009841552877193698,0.4,8.8999667381596,[0.0106656  0.         0.         0.         0.88096287 0.         0.         0.         0.         0.01059656 0.         0.         0.         0.01058811 0.         0.02201843 0.01061256 0.         0.         0.01067901 0.         0.         0.         0.01069949 0.02148899 0.         0.         0.01168837 0.         0.         0.        ],[1. 0. 0. 0. 1. 0. 0. 0. 0. 1. 0. 0. 0. 1. 0. 1. 1. 0. 0. 1. 0. 0. 0. 1. 1. 0. 0. 1. 0. 0. 0.],10.0,10000,30,0.6,10,1,10,,problem_solving
4800,0.03563107028280268,0.009841552877193698,0.4,5.7607839665888605,[0.0106656  0.         0.         0.         0.88096287 0.         0.         0.         0.         0.01059656 0.         0.         0.         0.01058811 0.         0.02201843 0.01061256 0.         0.         0.01067901 0.         0.         0.         0.01069949 0.02148899 0.         0.         0.01168837 0.         0.         0.        ],[1. 0. 0. 0. 1. 0. 0. 0. 0. 1. 0. 0. 0. 1. 0. 1. 1. 0. 0. 1. 0. 0. 0. 1. 1. 0. 0. 1. 0. 0. 0.],10.0,10000,30,0.6,10,1,10,,problem_solving
4900,0.03563107028280268,0.009841552877193698,0.4,5.084403153306999,[0.0106656  0.         0.         0.         0.88096287 0.         0.         0.         0.         0.01059656 0.         0.         0.         0.01058811 0.         0.02201843 0.01061256 0.         0.         0.01067901 0.         0.         0.         0.01069949 0.02148899 0.         0.         0.01168837 0.         0.         0.        ],[1. 0. 0. 0. 1. 0. 0. 0. 0. 1. 0. 0. 0. 1. 0. 1. 1. 0. 0. 1. 0. 0. 0. 1. 1. 0. 0. 1. 0. 0. 0.],10.0,10000,30,0.6,10,1,10,,problem_solving
5000,0.03563107028280268,0.009841552877193698,0.4,-17.617648337743905,[0.0106656  0.         0.         0.         0.88096287 0.         0.         0.         0.         0.01059656 0.         0.         0.         0.01058811 0.         0.02201843 0.01061256 0.         0.         0.01067901 0.         0.         0.         0.01069949 0.02148899 0.         0.         0.01168837 0.         0.         0.        ],[1. 0. 0. 0. 1. 0. 0. 0. 0. 1. 0. 0. 0. 1. 0. 1. 1. 0. 0. 1. 0. 0. 0. 1. 1. 0. 0. 1. 0. 0. 0.],10.0,10000,30,0.6,10,1,10,,problem_solving
5100,0.03563107028280268,0.009841552877193698,0.4,6.817680067158866,[0.0106656  0.         0.         0.         0.88096287 0.         0.         0.         0.         0.01059656 0.         0.         0.         0.01058811 0.         0.02201843 0.01061256 0.         0.         0.01067901 0.         0.         0.         0.01069949 0.02148899 0.         0.         0.01168837 0.         0.         0.        ],[1. 0. 0. 0. 1. 0. 0. 0. 0. 1. 0. 0. 0. 1. 0. 1. 1. 0. 0. 1. 0. 0. 0. 1. 1. 0. 0. 1. 0. 0. 0.],10.0,10000,30,0.6,10,1,10,,problem_solving
5200,0.03563107028280268,0.009841552877193698,0.4,-0.10322338751261376,[0.0106656  0.         0.         0.         0.88096287 0.         0.         0.         0.         0.01059656 0.         0.         0.         0.01058811 0.         0.02201843 0.01061256 0.         0.         0.01067901 0.         0.         0.         0.01069949 0.02148899 0.         0.         0.01168837 0.         0.         0.        ],[1. 0. 0. 0. 1. 0. 0. 0. 0. 1. 0. 0. 0. 1. 0. 1. 1. 0. 0. 1. 0. 0. 0. 1. 1. 0. 0. 1. 0. 0. 0.],10.0,10000,30,0.6,10,1,10,,problem_solving
5300,0.03563107028280268,0.009841552877193698,0.4,2.9674840890253993,[0.0106656  0.         0.         0.         0.88096287 0.         0.         0.         0.         0.01059656 0.         0.         0.         0.01058811 0.         0.02201843 0.01061256 0.         0.         0.01067901 0.         0.         0.         0.01069949 0.02148899 0.         0.         0.01168837 0.         0.         0.        ],[1. 0. 0. 0. 1. 0. 0. 0. 0. 1. 0. 0. 0. 1. 0. 1. 1. 0. 0. 1. 0. 0. 0. 1. 1. 0. 0. 1. 0. 0. 0.],10.0,10000,30,0.6,10,1,10,,problem_solving
5400,0.03563107028280268,0.009841552877193698,0.4,-15.396302830040497,[0.0106656  0.         0.         0.         0.88096287 0.         0.         0.         0.         0.01059656 0.         0.         0.         0.01058811 0.         0.02201843 0.01061256 0.         0.         0.01067901 0.         0.         0.         0.01069949 0.02148899 0.         0.         0.01168837 0.         0.         0.        ],[1. 0. 0. 0. 1. 0. 0. 0. 0. 1. 0. 0. 0. 1. 0. 1. 1. 0. 0. 1. 0. 0. 0. 1. 1. 0. 0. 1. 0. 0. 0.],10.0,10000,30,0.6,10,1,10,,problem_solving
5500,0.03563107028280268,0.009841552877193698,0.4,10.070510605343607,[0.0106656  0.         0.         0.         0.88096287 0.         0.         0.         0.         0.01059656 0.         0.         0.         0.01058811 0.         0.02201843 0.01061256 0.         0.         0.01067901 0.         0.         0.         0.01069949 0.02148899 0.         0.         0.01168837 0.         0.         0.        ],[1. 0. 0. 0. 1. 0. 0. 0. 0. 1. 0. 0. 0. 1. 0. 1. 1. 0. 0. 1. 0. 0. 0. 1. 1. 0. 0. 1. 0. 0. 0.],10.0,10000,30,0.6,10,1,10,,problem_solving
5600,0.03563107028280268,0.009841552877193698,0.4,-1.5108805042439912,[0.0106656  0.         0.         0.         0.88096287 0.         0.         0.         0.         0.01059656 0.         0.         0.         0.01058811 0.         0.02201843 0.01061256 0.         0.         0.01067901 0.         0.         0.         0.01069949 0.02148899 0.         0.         0.01168837 0.         0.         0.        ],[1. 0. 0. 0. 1. 0. 0. 0. 0. 1. 0. 0. 0. 1. 0. 1. 1. 0. 0. 1. 0. 0. 0. 1. 1. 0. 0. 1. 0. 0. 0.],10.0,10000,30,0.6,10,1,10,,problem_solving
5700,0.03563107028280268,0.009841552877193698,0.4,7.967582968917149,[0.0106656  0.         0.         0.         0.88096287 0.         0.         0.         0.         0.01059656 0.         0.         0.         0.01058811 0.         0.02201843 0.01061256 0.         0.         0.01067901 0.         0.         0.         0.01069949 0.02148899 0.         0.         0.01168837 0.         0.         0.        ],[1. 0. 0. 0. 1. 0. 0. 0. 0. 1. 0. 0. 0. 1. 0. 1. 1. 0. 0. 1. 0. 0. 0. 1. 1. 0. 0. 1. 0. 0. 0.],10.0,10000,30,0.6,10,1,10,,problem_solving
5800,0.03563107028280268,0.009841552877193698,0.4,16.638893070917327,[0.0106656  0.         0.         0.         0.88096287 0.         0.         0.         0.         0.01059656 0.         0.         0.         0.01058811 0.         0.02201843 0.01061256 0.         0.         0.01067901 0.         0.         0.         0.01069949 0.02148899 0.         0.         0.01168837 0.         0.         0.        ],[1. 0. 0. 0. 1. 0. 0. 0. 0. 1. 0. 0. 0. 1. 0. 1. 1. 0. 0. 1. 0. 0. 0. 1. 1. 0. 0. 1. 0. 0. 0.],10.0,10000,30,0.6,10,1,10,,problem_solving
5900,0.03563107028280268,0.009841552877193698,0.4,2.1608533967978487,[0.0106656  0.         0.         0.         0.88096287 0.         0.         0.         0.         0.01059656 0.         0.         0.         0.01058811 0.         0.02201843 0.01061256 0.         0.         0.01067901 0.         0.         0.         0.01069949 0.02148899 0.         0.         0.01168837 0.         0.         0.        ],[1. 0. 0. 0. 1. 0. 0. 0. 0. 1. 0. 0. 0. 1. 0. 1. 1. 0. 0. 1. 0. 0. 0. 1. 1. 0. 0. 1. 0. 0. 0.],10.0,10000,30,0.6,10,1,10,,problem_solving
6000,0.035305153105217535,0.010046046896960573,0.4,-12.205080520679164,[0.         0.01325426 0.         0.         0.88560578 0.01233966 0.         0.01036034 0.         0.01408229 0.         0.         0.         0.0139254  0.         0.         0.01167019 0.         0.         0.01352624 0.         0.         0.         0.         0.         0.01466985 0.         0.         0.01056598 0.         0.        ],[0. 1. 0. 0. 1. 1. 0. 1. 0. 1. 0. 0. 0. 1. 0. 0. 1. 0. 0. 1. 0. 0. 0. 0. 0. 1. 0. 0. 1. 0. 0.],10.0,10000,30,0.6,10,1,10,,problem_solving
6100,0.035305153105217535,0.010046046896960573,0.4,5.121480127722259,[0.         0.01325426 0.         0.         0.88560578 0.01233966 0.         0.01036034 0.         0.01408229 0.         0.         0.         0.0139254  0.         0.         0.01167019 0.         0.         0.01352624 0.         0.         0.         0.         0.         0.01466985 0.         0.         0.01056598 0.         0.        ],[0. 1. 0. 0. 1. 1. 0. 1. 0. 1. 0. 0. 0. 1. 0. 0. 1. 0. 0. 1. 0. 0. 0. 0. 0. 1. 0. 0. 1. 0. 0.],10.0,10000,30,0.6,10,1,10,,problem_solving
6200,0.035305153105217535,0.010046046896960573,0.4,-5.4463985755785895,[0.         0.01325426 0.         0.         0.88560578 0.01233966 0.         0.01036034 0.         0.01408229 0.         0.         0.         0.0139254  0.         0.         0.01167019 0.         0.         0.01352624 0.         0.         0.         0.         0.         0.01466985 0.         0.         0.01056598 0.         0.        ],[0. 1. 0. 0. 1. 1. 0. 1. 0. 1. 0. 0. 0. 1. 0. 0. 1. 0. 0. 1. 0. 0. 0. 0. 0. 1. 0. 0. 1. 0. 0.],10.0,10000,30,0.6,10,1,10,,problem_solving
6300,0.035305153105217535,0.010046046896960573,0.4,1.5784946492453047,[0.         0.01325426 0.         0.         0.88560578 0.01233966 0.         0.01036034 0.         0.01408229 0.         0.         0.         0.0139254  0.         0.         0.01167019 0.         0.         0.01352624 0.         0.         0.         0.         0.         0.01466985 0.         0.         0.01056598 0.         0.        ],[0. 1. 0. 0. 1. 1. 0. 1. 0. 1. 0. 0. 0. 1. 0. 0. 1. 0. 0. 1. 0. 0. 0. 0. 0. 1. 0. 0. 1. 0. 0.],10.0,10000,30,0.6,10,1,10,,problem_solving
6400,0.035305153105217535,0.010046046896960573,0.4,-0.9681868802725759,[0.         0.01325426 0.         0.         0.88560578 0.01233966 0.         0.01036034 0.         0.01408229 0.         0.         0.         0.0139254  0.         0.         0.01167019 0.         0.         0.01352624 0.         0.         0.         0.         0.         0.01466985 0.         0.         0.01056598 0.         0.        ],[0. 1. 0. 0. 1. 1. 0. 1. 0. 1. 0. 0. 0. 1. 0. 0. 1. 0. 0. 1. 0. 0. 0. 0. 0. 1. 0. 0. 1. 0. 0.],10.0,10000,30,0.6,10,1,10,,problem_solving
6500,0.034705407707876286,0.009985072840879542,0.4,6.285989929005784,[0.         0.         0.         0.         0.87778503 0.         0.01129901 0.         0.         0.         0.01066377 0.         0.         0.         0.         0.         0.         0.         0.         0.         0.         0.01081071 0.0165689  0.01072651 0.         0.01456186 0.01649717 0.01356648 0.01752056 0.         0.        ],[0. 0. 0. 0. 1. 0. 1. 0. 0. 0. 1. 0. 0. 0. 0. 0. 0. 0. 0. 0. 0. 1. 1. 1. 0. 1. 1. 1. 1. 0. 0.],10.0,10000,30,0.6,10,1,10,,problem_solving
6600,0.034705407707876286,0.009985072840879542,0.4,-10.377078378681228,[0.         0.         0.         0.         0.87778503 0.         0.01129901 0.         0.         0.         0.01066377 0.         0.         0.         0.         0.         0.         0.         0.         0.         0.         0.01081071 0.0165689  0.01072651 0.         0.01456186 0.01649717 0.01356648 0.01752056 0.         0.        ],[0. 0. 0. 0. 1. 0. 1. 0. 0. 0. 1. 0. 0. 0. 0. 0. 0. 0. 0. 0. 0. 1. 1. 1. 0. 1. 1. 1. 1. 0. 0.],10.0,10000,30,0.6,10,1,10,,problem_solving
6700,0.034705407707876286,0.009985072840879542,0.4,-4.7347025154589515,[0.         0.         0.         0.         0.87778503 0.         0.01129901 0.         0.         0.         0.01066377 0.         0.         0.         0.         0.         0.         0.         0.         0.         0.         0.01081071 0.0165689  0.01072651 0.         0.01456186 0.01649717 0.01356648 0.01752056 0.         0.        ],[0. 0. 0. 0. 1. 0. 1. 0. 0. 0. 1. 0. 0. 0. 0. 0. 0. 0. 0. 0. 0. 1. 1. 1. 0. 1. 1. 1. 1. 0. 0.],10.0,10000,30,0.6,10,1,10,,problem_solving
6800,0.034705407707876286,0.009985072840879542,0.4,-0.2977271532942004,[0.         0.         0.         0.         0.87778503 0.         0.01129901 0.         0.         0.         0.01066377 0.         0.         0.         0.         0.         0.         0.         0.         0.         0.         0.01081071 0.0165689  0.01072651 0.         0.01456186 0.01649717 0.01356648 0.01752056 0.         0.        ],[0. 0. 0. 0. 1. 0. 1. 0. 0. 0. 1. 0. 0. 0. 0. 0. 0. 0. 0. 0. 0. 1. 1. 1. 0. 1. 1. 1. 1. 0. 0.],10.0,10000,30,0.6,10,1,10,,problem_solving
6900,0.034705407707876286,0.009985072840879542,0.4,9.099514386290934,[0.         0.         0.         0.         0.87778503 0.         0.01129901 0.         0.         0.         0.01066377 0.         0.         0.         0.         0.         0.         0.         0.         0.         0.         0.01081071 0.0165689  0.01072651 0.         0.01456186 0.01649717 0.01356648 0.01752056 0.         0.        ],[0. 0. 0. 0. 1. 0. 1. 0. 0. 0. 1. 0. 0. 0. 0. 0. 0. 0. 0. 0. 0. 1. 1. 1. 0. 1. 1. 1. 1. 0. 0.],10.0,10000,30,0.6,10,1,10,,problem_solving
7000,0.034705407707876286,0.009985072840879542,0.4,-4.321125864600815,[0.         0.         0.         0.         0.87778503 0.         0.01129901 0.         0.         0.         0.01066377 0.         0.         0.         0.         0.         0.         0.         0.         0.         0.         0.01081071 0.0165689  0.01072651 0.         0.01456186 0.01649717 0.01356648 0.01752056 0.         0.        ],[0. 0. 0. 0. 1. 0. 1. 0. 0. 0. 1. 0. 0. 0. 0. 0. 0. 0. 0. 0. 0. 1. 1. 1. 0. 1. 1. 1. 1. 0. 0.],10.0,10000,30,0.6,10,1,10,,problem_solving
7100,0.034705407707876286,0.009985072840879542,0.4,5.855492669114612,[0.         0.         0.         0.         0.87778503 0.         0.01129901 0.         0.         0.         0.01066377 0.         0.         0.         0.         0.         0.         0.         0.         0.         0.         0.01081071 0.0165689  0.01072651 0.         0.01456186 0.01649717 0.01356648 0.01752056 0.         0.        ],[0. 0. 0. 0. 1. 0. 1. 0. 0. 0. 1. 0. 0. 0. 0. 0. 0. 0. 0. 0. 0. 1. 1. 1. 0. 1. 1. 1. 1. 0. 0.],10.0,10000,30,0.6,10,1,10,,problem_solving
7200,0.034705407707876286,0.009985072840879542,0.4,4.869382998187853,[0.         0.         0.         0.         0.87778503 0.         0.01129901 0.         0.         0.         0.01066377 0.         0.         0.         0.         0.         0.         0.         0.         0.         0.         0.01081071 0.0165689  0.01072651 0.         0.01456186 0.01649717 0.01356648 0.01752056 0.         0.        ],[0. 0. 0. 0. 1. 0. 1. 0. 0. 0. 1. 0. 0. 0. 0. 0. 0. 0. 0. 0. 0. 1. 1. 1. 0. 1. 1. 1. 1. 0. 0.],10.0,10000,30,0.6,10,1,10,,problem_solving
7300,0.034705407707876286,0.009985072840879542,0.4,-6.023703626401735,[0.         0.         0.         0.         0.87778503 0.         0.01129901 0.         0.         0.         0.01066377 0.         0.         0.         0.         0.         0.         0.         0.         0.         0.         0.01081071 0.0165689  0.01072651 0.         0.01456186 0.01649717 0.01356648 0.01752056 0.         0.        ],[0. 0. 0. 0. 1. 0. 1. 0. 0. 0. 1. 0. 0. 0. 0. 0. 0. 0. 0. 0. 0. 1. 1. 1. 0. 1. 1. 1. 1. 0. 0.],10.0,10000,30,0.6,10,1,10,,problem_solving
7400,0.034705407707876286,0.009985072840879542,0.4,-23.42343529588699,[0.         0.         0.         0.         0.87778503 0.         0.01129901 0.         0.         0.         0.01066377 0.         0.         0.         0.         0.         0.         0.         0.         0.         0.         0.01081071 0.0165689  0.01072651 0.         0.01456186 0.01649717 0.01356648 0.01752056 0.         0.        ],[0. 0. 0. 0. 1. 0. 1. 0. 0. 0. 1. 0. 0. 0. 0. 0. 0. 0. 0. 0. 0. 1. 1. 1. 0. 1. 1. 1. 1. 0. 0.],10.0,10000,30,0.6,10,1,10,,problem_solving
7500,0.034705407707876286,0.009985072840879542,0.4,4.68728804267742,[0.         0.         0.         0.         0.87778503 0.         0.01129901 0.         0.         0.         0.01066377 0.         0.         0.         0.         0.         0.         0.         0.         0.         0.         0.01081071 0.0165689  0.01072651 0.         0.01456186 0.01649717 0.01356648 0.01752056 0.         0.        ],[0. 0. 0. 0. 1. 0. 1. 0. 0. 0. 1. 0. 0. 0. 0. 0. 0. 0. 0. 0. 0. 1. 1. 1. 0. 1. 1. 1. 1. 0. 0.],10.0,10000,30,0.6,10,1,10,,problem_solving
7600,0.034705407707876286,0.009985072840879542,0.4,-4.85716266873852,[0.         0.         0.         0.         0.87778503 0.         0.01129901 0.         0.         0.         0.01066377 0.         0.         0.         0.         0.         0.         0.         0.         0.         0.         0.01081071 0.0165689  0.01072651 0.         0.01456186 0.01649717 0.01356648 0.01752056 0.         0.        ],[0. 0. 0. 0. 1. 0. 1. 0. 0. 0. 1. 0. 0. 0. 0. 0. 0. 0. 0. 0. 0. 1. 1. 1. 0. 1. 1. 1. 1. 0. 0.],10.0,10000,30,0.6,10,1,10,,problem_solving
7700,0.034705407707876286,0.009985072840879542,0.4,10.24254544758711,[0.         0.         0.         0.         0.87778503 0.         0.01129901 0.         0.         0.         0.01066377 0.         0.         0.         0.         0.         0.         0.         0.         0.         0.         0.01081071 0.0165689  0.01072651 0.         0.01456186 0.01649717 0.01356648 0.01752056 0.         0.        ],[0. 0. 0. 0. 1. 0. 1. 0. 0. 0. 1. 0. 0. 0. 0. 0. 0. 0. 0. 0. 0. 1. 1. 1. 0. 1. 1. 1. 1. 0. 0.],10.0,10000,30,0.6,10,1,10,,problem_solving
7800,0.034705407707876286,0.009985072840879542,0.4,25.331771365177758,[0.         0.         0.         0.         0.87778503 0.         0.01129901 0.         0.         0.         0.01066377 0.         0.         0.         0.         0.         0.         0.         0.         0.         0.         0.01081071 0.0165689  0.01072651 0.         0.01456186 0.01649717 0.01356648 0.01752056 0.         0.        ],[0. 0. 0. 0. 1. 0. 1. 0. 0. 0. 1. 0. 0. 0. 0. 0. 0. 0. 0. 0. 0. 1. 1. 1. 0. 1. 1. 1. 1. 0. 0.],10.0,10000,30,0.6,10,1,10,,problem_solving
7900,0.034705407707876286,0.009985072840879542,0.4,6.234583133177977,[0.         0.         0.         0.         0.87778503 0.         0.01129901 0.         0.         0.         0.01066377 0.         0.         0.         0.         0.         0.         0.         0.         0.         0.         0.01081071 0.0165689  0.01072651 0.         0.01456186 0.01649717 0.01356648 0.01752056 0.         0.        ],[0. 0. 0. 0. 1. 0. 1. 0. 0. 0. 1. 0. 0. 0. 0. 0. 0. 0. 0. 0. 0. 1. 1. 1. 0. 1. 1. 1. 1. 0. 0.],10.0,10000,30,0.6,10,1,10,,problem_solving
8000,0.034705407707876286,0.009985072840879542,0.4,-12.227587515399819,[0.         0.         0.         0.         0.87778503 0.         0.01129901 0.         0.         0.         0.01066377 0.         0.         0.         0.         0.         0.         0.         0.         0.         0.         0.01081071 0.0165689  0.01072651 0.         0.01456186 0.01649717 0.01356648 0.01752056 0.         0.        ],[0. 0. 0. 0. 1. 0. 1. 0. 0. 0. 1. 0. 0. 0. 0. 0. 0. 0. 0. 0. 0. 1. 1. 1. 0. 1. 1. 1. 1. 0. 0.],10.0,10000,30,0.6,10,1,10,,problem_solving
8100,0.034705407707876286,0.009985072840879542,0.4,-4.274999311826565,[0.         0.         0.         0.         0.87778503 0.         0.01129901 0.         0.         0.         0.01066377 0.         0.         0.         0.         0.         0.         0.         0.         0.         0.         0.01081071 0.0165689  0.01072651 0.         0.01456186 0.01649717 0.01356648 0.01752056 0.         0.        ],[0. 0. 0. 0. 1. 0. 1. 0. 0. 0. 1. 0. 0. 0. 0. 0. 0. 0. 0. 0. 0. 1. 1. 1. 0. 1. 1. 1. 1. 0. 0.],10.0,10000,30,0.6,10,1,10,,problem_solving
8200,0.034705407707876286,0.009985072840879542,0.4,-8.735840938686948,[0.         0.         0.         0.         0.87778503 0.         0.01129901 0.         0.         0.         0.01066377 0.         0.         0.         0.         0.         0.         0.         0.         0.         0.         0.01081071 0.0165689  0.01072651 0.         0.01456186 0.01649717 0.01356648 0.01752056 0.         0.        ],[0. 0. 0. 0. 1. 0. 1. 0. 0. 0. 1. 0. 0. 0. 0. 0. 0. 0. 0. 0. 0. 1. 1. 1. 0. 1. 1. 1. 1. 0. 0.],10.0,10000,30,0.6,10,1,10,,problem_solving
8300,0.034705407707876286,0.009985072840879542,0.4,9.391802697831196,[0.         0.         0.         0.         0.87778503 0.         0.01129901 0.         0.         0.         0.01066377 0.         0.         0.         0.         0.         0.         0.         0.         0.         0.         0.01081071 0.0165689  0.01072651 0.         0.01456186 0.01649717 0.01356648 0.01752056 0.         0.        ],[0. 0. 0. 0. 1. 0. 1. 0. 0. 0. 1. 0. 0. 0. 0. 0. 0. 0. 0. 0. 0. 1. 1. 1. 0. 1. 1. 1. 1. 0. 0.],10.0,10000,30,0.6,10,1,10,,problem_solving
8400,0.034705407707876286,0.009985072840879542,0.4,-4.583880568498146,[0.         0.         0.         0.         0.87778503 0.         0.01129901 0.         0.         0.         0.01066377 0.         0.         0.         0.         0.         0.         0.         0.         0.         0.         0.01081071 0.0165689  0.01072651 0.         0.01456186 0.01649717 0.01356648 0.01752056 0.         0.        ],[0. 0. 0. 0. 1. 0. 1. 0. 0. 0. 1. 0. 0. 0. 0. 0. 0. 0. 0. 0. 0. 1. 1. 1. 0. 1. 1. 1. 1. 0. 0.],10.0,10000,30,0.6,10,1,10,,problem_solving
8500,0.034705407707876286,0.009985072840879542,0.4,-6.603564415137165,[0.         0.         0.         0.         0.87778503 0.         0.01129901 0.         0.         0.         0.01066377 0.         0.         0.         0.         0.         0.         0.         0.         0.         0.         0.01081071 0.0165689  0.01072651 0.         0.01456186 0.01649717 0.01356648 0.01752056 0.         0.        ],[0. 0. 0. 0. 1. 0. 1. 0. 0. 0. 1. 0. 0. 0. 0. 0. 0. 0. 0. 0. 0. 1. 1. 1. 0. 1. 1. 1. 1. 0. 0.],10.0,10000,30,0.6,10,1,10,,problem_solving
8600,0.034705407707876286,0.009985072840879542,0.4,-4.792512710812856,[0.         0.         0.         0.         0.87778503 0.         0.01129901 0.         0.         0.         0.01066377 0.         0.         0.         0.         0.         0.         0.         0.         0.         0.         0.01081071 0.0165689  0.01072651 0.         0.01456186 0.01649717 0.01356648 0.01752056 0.         0.        ],[0. 0. 0. 0. 1. 0. 1. 0. 0. 0. 1. 0. 0. 0. 0. 0. 0. 0. 0. 0. 0. 1. 1. 1. 0. 1. 1. 1. 1. 0. 0.],10.0,10000,30,0.6,10,1,10,,problem_solving
8700,0.034705407707876286,0.009985072840879542,0.4,5.882840642548382,[0.         0.         0.         0.         0.87778503 0.         0.01129901 0.         0.         0.         0.01066377 0.         0.         0.         0.         0.         0.         0.         0.         0.         0.         0.01081071 0.0165689  0.01072651 0.         0.01456186 0.01649717 0.01356648 0.01752056 0.         0.        ],[0. 0. 0. 0. 1. 0. 1. 0. 0. 0. 1. 0. 0. 0. 0. 0. 0. 0. 0. 0. 0. 1. 1. 1. 0. 1. 1. 1. 1. 0. 0.],10.0,10000,30,0.6,10,1,10,,problem_solving
8800,0.034705407707876286,0.009985072840879542,0.4,-9.232926961020526,[0.         0.         0.         0.         0.87778503 0.         0.01129901 0.         0.         0.         0.01066377 0.         0.         0.         0.         0.         0.         0.         0.         0.         0.         0.01081071 0.0165689  0.01072651 0.         0.01456186 0.01649717 0.01356648 0.01752056 0.         0.        ],[0. 0. 0. 0. 1. 0. 1. 0. 0. 0. 1. 0. 0. 0. 0. 0. 0. 0. 0. 0. 0. 1. 1. 1. 0. 1. 1. 1. 1. 0. 0.],10.0,10000,30,0.6,10,1,10,,problem_solving
8900,0.034705407707876286,0.009985072840879542,0.4,-4.705654938267413,[0.         0.         0.         0.         0.87778503 0.         0.01129901 0.         0.         0.         0.01066377 0.         0.         0.         0.         0.         0.         0.         0.         0.         0.         0.01081071 0.0165689  0.01072651 0.         0.01456186 0.01649717 0.01356648 0.01752056 0.         0.        ],[0. 0. 0. 0. 1. 0. 1. 0. 0. 0. 1. 0. 0. 0. 0. 0. 0. 0. 0. 0. 0. 1. 1. 1. 0. 1. 1. 1. 1. 0. 0.],10.0,10000,30,0.6,10,1,10,,problem_solving
9000,0.034705407707876286,0.009985072840879542,0.4,-18.813636253690824,[0.         0.         0.         0.         0.87778503 0.         0.01129901 0.         0.         0.         0.01066377 0.         0.         0.         0.         0.         0.         0.         0.         0.         0.         0.01081071 0.0165689  0.01072651 0.         0.01456186 0.01649717 0.01356648 0.01752056 0.         0.        ],[0. 0. 0. 0. 1. 0. 1. 0. 0. 0. 1. 0. 0. 0. 0. 0. 0. 0. 0. 0. 0. 1. 1. 1. 0. 1. 1. 1. 1. 0. 0.],10.0,10000,30,0.6,10,1,10,,problem_solving
9100,0.034705407707876286,0.009985072840879542,0.4,14.787742219493778,[0.         0.         0.         0.         0.87778503 0.         0.01129901 0.         0.         0.         0.01066377 0.         0.         0.         0.         0.         0.         0.         0.         0.         0.         0.01081071 0.0165689  0.01072651 0.         0.01456186 0.01649717 0.01356648 0.01752056 0.         0.        ],[0. 0. 0. 0. 1. 0. 1. 0. 0. 0. 1. 0. 0. 0. 0. 0. 0. 0. 0. 0. 0. 1. 1. 1. 0. 1. 1. 1. 1. 0. 0.],10.0,10000,30,0.6,10,1,10,,problem_solving
9200,0.034705407707876286,0.009985072840879542,0.4,-9.382351906485768,[0.         0.         0.         0.         0.87778503 0.         0.01129901 0.         0.         0.         0.01066377 0.         0.         0.         0.         0.         0.         0.         0.         0.         0.         0.01081071 0.0165689  0.01072651 0.         0.01456186 0.01649717 0.01356648 0.01752056 0.         0.        ],[0. 0. 0. 0. 1. 0. 1. 0. 0. 0. 1. 0. 0. 0. 0. 0. 0. 0. 0. 0. 0. 1. 1. 1. 0. 1. 1. 1. 1. 0. 0.],10.0,10000,30,0.6,10,1,10,,problem_solving
9300,0.034705407707876286,0.009985072840879542,0.4,-7.3724082112901055,[0.         0.         0.         0.         0.87778503 0.         0.01129901 0.         0.         0.         0.01066377 0.         0.         0.         0.         0.         0.         0.         0.         0.         0.         0.01081071 0.0165689  0.01072651 0.         0.01456186 0.01649717 0.01356648 0.01752056 0.         0.        ],[0. 0. 0. 0. 1. 0. 1. 0. 0. 0. 1. 0. 0. 0. 0. 0. 0. 0. 0. 0. 0. 1. 1. 1. 0. 1. 1. 1. 1. 0. 0.],10.0,10000,30,0.6,10,1,10,,problem_solving
9400,0.034705407707876286,0.009985072840879542,0.4,-6.085006145660769,[0.         0.         0.         0.         0.87778503 0.         0.01129901 0.         0.         0.         0.01066377 0.         0.         0.         0.         0.         0.         0.         0.         0.         0.         0.01081071 0.0165689  0.01072651 0.         0.01456186 0.01649717 0.01356648 0.01752056 0.         0.        ],[0. 0. 0. 0. 1. 0. 1. 0. 0. 0. 1. 0. 0. 0. 0. 0. 0. 0. 0. 0. 0. 1. 1. 1. 0. 1. 1. 1. 1. 0. 0.],10.0,10000,30,0.6,10,1,10,,problem_solving
9500,0.034705407707876286,0.009985072840879542,0.4,-17.099338841726972,[0.         0.         0.         0.         0.87778503 0.         0.01129901 0.         0.         0.         0.01066377 0.         0.         0.         0.         0.         0.         0.         0.         0.         0.         0.01081071 0.0165689  0.01072651 0.         0.01456186 0.01649717 0.01356648 0.01752056 0.         0.        ],[0. 0. 0. 0. 1. 0. 1. 0. 0. 0. 1. 0. 0. 0. 0. 0. 0. 0. 0. 0. 0. 1. 1. 1. 0. 1. 1. 1. 1. 0. 0.],10.0,10000,30,0.6,10,1,10,,problem_solving
9600,0.034705407707876286,0.009985072840879542,0.4,0.4199711483057466,[0.         0.         0.         0.         0.87778503 0.         0.01129901 0.         0.         0.         0.01066377 0.         0.         0.         0.         0.         0.         0.         0.         0.         0.         0.01081071 0.0165689  0.01072651 0.         0.01456186 0.01649717 0.01356648 0.01752056 0.         0.        ],[0. 0. 0. 0. 1. 0. 1. 0. 0. 0. 1. 0. 0. 0. 0. 0. 0. 0. 0. 0. 0. 1. 1. 1. 0. 1. 1. 1. 1. 0. 0.],10.0,10000,30,0.6,10,1,10,,problem_solving
9700,0.034705407707876286,0.009985072840879542,0.4,3.706542336745835,[0.         0.         0.         0.         0.87778503 0.         0.01129901 0.         0.         0.         0.01066377 0.         0.         0.         0.         0.         0.         0.         0.         0.         0.         0.01081071 0.0165689  0.01072651 0.         0.01456186 0.01649717 0.01356648 0.01752056 0.         0.        ],[0. 0. 0. 0. 1. 0. 1. 0. 0. 0. 1. 0. 0. 0. 0. 0. 0. 0. 0. 0. 0. 1. 1. 1. 0. 1. 1. 1. 1. 0. 0.],10.0,10000,30,0.6,10,1,10,,problem_solving
9800,0.034705407707876286,0.009985072840879542,0.4,-11.170816463230235,[0.         0.         0.         0.         0.87778503 0.         0.01129901 0.         0.         0.         0.01066377 0.         0.         0.         0.         0.         0.         0.         0.         0.         0.         0.01081071 0.0165689  0.01072651 0.         0.01456186 0.01649717 0.01356648 0.01752056 0.         0.        ],[0. 0. 0. 0. 1. 0. 1. 0. 0. 0. 1. 0. 0. 0. 0. 0. 0. 0. 0. 0. 0. 1. 1. 1. 0. 1. 1. 1. 1. 0. 0.],10.0,10000,30,0.6,10,1,10,,problem_solving
9900,0.034705407707876286,0.009985072840879542,0.4,-0.10228120031785728,[0.         0.         0.         0.         0.87778503 0.         0.01129901 0.         0.         0.         0.01066377 0.         0.         0.         0.         0.         0.         0.         0.         0.         0.         0.01081071 0.0165689  0.01072651 0.         0.01456186 0.01649717 0.01356648 0.01752056 0.         0.        ],[0. 0. 0. 0. 1. 0. 1. 0. 0. 0. 1. 0. 0. 0. 0. 0. 0. 0. 0. 0. 0. 1. 1. 1. 0. 1. 1. 1. 1. 0. 0.],10.0,10000,30,0.6,10,1,10,,problem_solving
9999,0.034705407707876286,0.009985072840879542,0.4,7.694823039217857,[0.         0.         0.         0.         0.87778503 0.         0.01129901 0.         0.         0.         0.01066377 0.         0.         0.         0.         0.         0.         0.         0.         0.         0.         0.01081071 0.0165689  0.01072651 0.         0.01456186 0.01649717 0.01356648 0.01752056 0.         0.        ],[0. 0. 0. 0. 1. 0. 1. 0. 0. 0. 1. 0. 0. 0. 0. 0. 0. 0. 0. 0. 0. 1. 1. 1. 0. 1. 1. 1. 1. 0. 0.],10.0,10000,30,0.6,10,1,10,,problem_solving
