iter,cost,return,par,move,X,Z,Q,max_iter,mem_size,mem_consider,sigma,port_n,k,seed,tag
1,0.12938520722488522,0.0038642571129172496,0.4,-15.05094474754725,[0.01305394 0.01511218 0.         0.         0.         0.01346853 0.         0.         0.01675232 0.         0.         0.         0.01050685 0.         0.01149253 0.         0.         0.         0.         0.         0.         0.         0.0175641  0.         0.         0.90204955 0.         0.         0.         0.         0.        ],[1. 1. 0. 0. 0. 1. 0. 0. 1. 0. 0. 0. 1. 0. 1. 0. 0. 0. 0. 0. 0. 0. 1. 0. 0. 1. 0. 0. 0. 0. 0.],8.0,10000,30,0.6,10,1,8,,problem_solving
100,0.03450885292766914,0.004548806048497874,0.4,-3.1232786197680946,[0.01053211 0.         0.         0.         0.01123846 0.         0.         0.         0.0126269  0.         0.         0.         0.01903509 0.         0.         0.         0.         0.01907516 0.         0.         0.         0.         0.01132692 0.         0.01904453 0.89712083 0.         0.         0.         0.         0.        ],[1. 0. 0. 0. 1. 0. 0. 0. 1. 0. 0. 0. 1. 0. 0. 0. 0. 1. 0. 0. 0. 0. 1. 0. 1. 1. 0. 0. 0. 0. 0.],8.0,10000,30,0.6,10,1,8,,problem_solving
200,0.030526134252938018,0.009959839824458604,0.4,-2.914864418582661,[0.01086904 0.         0.         0.         0.89650261 0.         0.         0.         0.         0.         0.01059942 0.         0.         0.01622374 0.         0.         0.         0.01752502 0.         0.         0.         0.0153539  0.         0.         0.         0.         0.01076781 0.         0.         0.         0.02215846],[1. 0. 0. 0. 1. 0. 0. 0. 0. 0. 1. 0. 0. 1. 0. 0. 0. 1. 0. 0. 0. 1. 0. 0. 0. 0. 1. 0. 0. 0. 1.],8.0,10000,30,0.6,10,1,8,,problem_solving
300,0.030526134252938018,0.009959839824458604,0.4,9.397863113810459,[0.01086904 0.         0.         0.         0.89650261 0.         0.         0.         0.         0.         0.01059942 0.         0.         0.01622374 0.         0.         0.         0.01752502 0.         0.         0.         0.0153539  0.         0.         0.         0.         0.01076781 0.         0.         0.         0.02215846],[1. 0. 0. 0. 1. 0. 0. 0. 0. 0. 1. 0. 0. 1. 0. 0. 0. 1. 0. 0. 0. 1. 0. 0. 0. 0. 1. 0. 0. 0. 1.],8.0,10000,30,0.6,10,1,8,,problem_solving
400,0.030526134252938018,0.009959839824458604,0.4,2.4402480901826964,[0.01086904 0.         0.         0.         0.89650261 0.         0.         0.         0.         0.         0.01059942 0.         0.         0.01622374 0.         0.         0.         0.01752502 0.         0.         0.         0.0153539  0.         0.         0.         0.         0.01076781 0.         0.         0.         0.02215846],[1. 0. 0. 0. 1. 0. 0. 0. 0. 0. 1. 0. 0. 1. 0. 0. 0. 1. 0. 0. 0. 1. 0. 0. 0. 0. 1. 0. 0. 0. 1.],8.0,10000,30,0.6,10,1,8,,problem_solving
500,0.030526134252938018,0.009959839824458604,0.4,-9.936020944643738,[0.01086904 0.         0.         0.         0.89650261 0.         0.         0.         0.         0.         0.01059942 0.         0.         0.01622374 0.         0.         0.         0.01752502 0.         0.         0.         0.0153539  0.         0.         0.         0.         0.01076781 0.         0.         0.         0.02215846],[1. 0. 0. 0. 1. 0. 0. 0. 0. 0. 1. 0. 0. 1. 0. 0. 0. 1. 0. 0. 0. 1. 0. 0. 0. 0. 1. 0. 0. 0. 1.],8.0,10000,30,0.6,10,1,8,,problem_solving
600,0.030526134252938018,0.009959839824458604,0.4,-17.205832936497472,[0.01086904 0.         0.         0.         0.89650261 0.         0.         0.         0.         0.         0.01059942 0.         0.         0.01622374 0.         0.         0.         0.01752502 0.         0.         0.         0.0153539  0.         0.         0.         0.         0.01076781 0.         0.         0.         0.02215846],[1. 0. 0. 0. 1. 0. 0. 0. 0. 0. 1. 0. 0. 1. 0. 0. 0. 1. 0. 0. 0. 1. 0. 0. 0. 0. 1. 0. 0. 0. 1.],8.0,10000,30,0.6,10,1,8,,problem_solving
700,0.030526134252938018,0.009959839824458604,0.4,-7.1643081477151105,[0.01086904 0.         0.         0.         0.89650261 0.         0.         0.         0.         0.         0.01059942 0.         0.         0.01622374 0.         0.         0.         0.01752502 0.         0.         0.         0.0153539  0.         0.         0.         0.         0.01076781 0.         0.         0.         0.02215846],[1. 0. 0. 0. 1. 0. 0. 0. 0. 0. 1. 0. 0. 1. 0. 0. 0. 1. 0. 0. 0. 1. 0. 0. 0. 0. 1. 0. 0. 0. 1.],8.0,10000,30,0.6,10,1,8,,problem_solving
800,0.030526134252938018,0.009959839824458604,0.4,3.7805572530275153,[0.01086904 0.         0.         0.         0.89650261 0.         0.         0.         0.         0.         0.01059942 0.         0.         0.01622374 0.         0.         0.         0.01752502 0.         0.         0.         0.0153539  0.         0.         0.         0.         0.01076781 0.         0.         0.         0.02215846],[1. 0. 0. 0. 1. 0. 0. 0. 0. 0. 1. 0. 0. 1. 0. 0. 0. 1. 0. 0. 0. 1. 0. 0. 0. 0. 1. 0. 0. 0. 1.],8.0,10000,30,0.6,10,1,8,,problem_solving
900,0.030526134252938018,0.009959839824458604,0.4,-16.564773751619956,[0.01086904 0.         0.         0.         0.89650261 0.         0.         0.         0.         0.         0.01059942 0.         0.         0.01622374 0.         0.         0.         0.01752502 0.         0.         0.         0.0153539  0.         0.         0.         0.         0.01076781 0.         0.         0.         0.02215846],[1. 0. 0. 0. 1. 0. 0. 0. 0. 0. 1. 0. 0. 1. 0. 0. 0. 1. 0. 0. 0. 1. 0. 0. 0. 0. 1. 0. 0. 0. 1.],8.0,10000,30,0.6,10,1,8,,problem_solving
1000,0.030526134252938018,0.009959839824458604,0.4,11.937935840229736,[0.01086904 0.         0.         0.         0.89650261 0.         0.         0.         0.         0.         0.01059942 0.         0.         0.01622374 0.         0.         0.         0.01752502 0.         0.         0.         0.0153539  0.         0.         0.         0.         0.01076781 0.         0.         0.         0.02215846],[1. 0. 0. 0. 1. 0. 0. 0. 0. 0. 1. 0. 0. 1. 0. 0. 0. 1. 0. 0. 0. 1. 0. 0. 0. 0. 1. 0. 0. 0. 1.],8.0,10000,30,0.6,10,1,8,,problem_solving
1100,0.03035177834870847,0.0024408804366946877,0.4,10.887550306597664,[0.         0.         0.         0.         0.         0.         0.         0.         0.01436512 0.         0.         0.         0.01647756 0.         0.         0.0153491  0.         0.01723555 0.         0.01475937 0.01311104 0.         0.         0.01661702 0.         0.         0.         0.89208523 0.         0.         0.        ],[0. 0. 0. 0. 0. 0. 0. 0. 1. 0. 0. 0. 1. 0. 0. 1. 0. 1. 0. 1. 1. 0. 0. 1. 0. 0. 0. 1. 0. 0. 0.],8.0,10000,30,0.6,10,1,8,,problem_solving
1200,0.03035177834870847,0.0024408804366946877,0.4,-12.241918725704435,[0.         0.         0.         0.         0.         0.         0.         0.         0.01436512 0.         0.         0.         0.01647756 0.         0.         0.0153491  0.         0.01723555 0.         0.01475937 0.01311104 0.         0.         0.01661702 0.         0.         0.         0.89208523 0.         0.         0.        ],[0. 0. 0. 0. 0. 0. 0. 0. 1. 0. 0. 0. 1. 0. 0. 1. 0. 1. 0. 1. 1. 0. 0. 1. 0. 0. 0. 1. 0. 0. 0.],8.0,10000,30,0.6,10,1,8,,problem_solving
1300,0.029905977578013235,0.010071694858462247,0.4,2.2497251468223385,[0.         0.         0.         0.01212332 0.90138713 0.         0.         0.01650234 0.01058233 0.         0.         0.         0.         0.         0.         0.0193221  0.01682922 0.         0.         0.         0.         0.         0.         0.         0.01159123 0.         0.         0.         0.         0.         0.01166234],[0. 0. 0. 1. 1. 0. 0. 1. 1. 0. 0. 0. 0. 0. 0. 1. 1. 0. 0. 0. 0. 0. 0. 0. 1. 0. 0. 0. 0. 0. 1.],8.0,10000,30,0.6,10,1,8,,problem_solving
1400,0.029905977578013235,0.010071694858462247,0.4,-14.530302027162719,[0.         0.         0.         0.01212332 0.90138713 0.         0.         0.01650234 0.01058233 0.         0.         0.         0.         0.         0.         0.0193221  0.01682922 0.         0.         0.         0.         0.         0.         0.         0.01159123 0.         0.         0.         0.         0.         0.01166234],[0. 0. 0. 1. 1. 0. 0. 1. 1. 0. 0. 0. 0. 0. 0. 1. 1. 0. 0. 0. 0. 0. 0. 0. 1. 0. 0. 0. 0. 0. 1.],8.0,10000,30,0.6,10,1,8,,problem_solving
1500,0.029905977578013235,0.010071694858462247,0.4,16.85583713113698,[0.         0.         0.         0.01212332 0.90138713 0.         0.         0.01650234 0.01058233 0.         0.         0.         0.         0.         0.         0.0193221  0.01682922 0.         0.         0.         0.         0.         0.         0.         0.01159123 0.         0.         0.         0.         0.         0.01166234],[0. 0. 0. 1. 1. 0. 0. 1. 1. 0. 0. 0. 0. 0. 0. 1. 1. 0. 0. 0. 0. 0. 0. 0. 1. 0. 0. 0. 0. 0. 1.],8.0,10000,30,0.6,10,1,8,,problem_solving
1600,0.029905977578013235,0.010071694858462247,0.4,-10.404078205324456,[0.         0.         0.         0.01212332 0.90138713 0.         0.         0.01650234 0.01058233 0.         0.         0.         0.         0.         0.         0.0193221  0.01682922 0.         0.         0.         0.         0.         0.         0.         0.01159123 0.         0.         0.         0.         0.         0.01166234],[0. 0. 0. 1. 1. 0. 0. 1. 1. 0. 0. 0. 0. 0. 0. 1. 1. 0. 0. 0. 0. 0. 0. 0. 1. 0. 0. 0. 0. 0. 1.],8.0,10000,30,0.6,10,1,8,,problem_solving
1700,0.029905977578013235,0.010071694858462247,0.4,4.2660604516557115,[0.         0.         0.         0.01212332 0.90138713 0.         0.         0.01650234 0.01058233 0.         0.         0.         0.         0.         0.         0.0193221  0.01682922 0.         0.         0.         0.         0.         0.         0.         0.01159123 0.         0.         0.         0.         0.         0.01166234],[0. 0. 0. 1. 1. 0. 0. 1. 1. 0. 0. 0. 0. 0. 0. 1. 1. 0. 0. 0. 0. 0. 0. 0. 1. 0. 0. 0. 0. 0. 1.],8.0,10000,30,0.6,10,1,8,,problem_solving
1800,0.029905977578013235,0.010071694858462247,0.4,-14.254284934021557,[0.         0.         0.         0.01212332 0.90138713 0.         0.         0.01650234 0.01058233 0.         0.         0.         0.         0.         0.         0.0193221  0.01682922 0.         0.         0.         0.         0.         0.         0.         0.01159123 0.         0.         0.         0.         0.         0.01166234],[0. 0. 0. 1. 1. 0. 0. 1. 1. 0. 0. 0. 0. 0. 0. 1. 1. 0. 0. 0. 0. 0. 0. 0. 1. 0. 0. 0. 0. 0. 1.],8.0,10000,30,0.6,10,1,8,,problem_solving
1900,0.029905977578013235,0.010071694858462247,0.4,-7.440021164398644,[0.         0.         0.         0.01212332 0.90138713 0.         0.         0.01650234 0.01058233 0.         0.         0.         0.         0.         0.         0.0193221  0.01682922 0.         0.         0.         0.         0.         0.         0.         0.01159123 0.         0.         0.         0.         0.         0.01166234],[0. 0. 0. 1. 1. 0. 0. 1. 1. 0. 0. 0. 0. 0. 0. 1. 1. 0. 0. 0. 0. 0. 0. 0. 1. 0. 0. 0. 0. 0. 1.],8.0,10000,30,0.6,10,1,8,,problem_solving
2000,0.029905977578013235,0.010071694858462247,0.4,-3.8932748730239783,[0.         0.         0.         0.01212332 0.90138713 0.         0.         0.01650234 0.01058233 0.         0.         0.         0.         0.         0.         0.0193221  0.01682922 0.         0.         0.         0.         0.         0.         0.         0.01159123 0.         0.         0.         0.         0.         0.01166234],[0. 0. 0. 1. 1. 0. 0. 1. 1. 0. 0. 0. 0. 0. 0. 1. 1. 0. 0. 0. 0. 0. 0. 0. 1. 0. 0. 0. 0. 0. 1.],8.0,10000,30,0.6,10,1,8,,problem_solving
2100,0.029905977578013235,0.010071694858462247,0.4,-7.031845249616605,[0.         0.         0.         0.01212332 0.90138713 0.         0.         0.01650234 0.01058233 0.         0.         0.         0.         0.         0.         0.0193221  0.01682922 0.         0.         0.         0.         0.         0.         0.         0.01159123 0.         0.         0.         0.         0.         0.01166234],[0. 0. 0. 1. 1. 0. 0. 1. 1. 0. 0. 0. 0. 0. 0. 1. 1. 0. 0. 0. 0. 0. 0. 0. 1. 0. 0. 0. 0. 0. 1.],8.0,10000,30,0.6,10,1,8,,problem_solving
2200,0.029905977578013235,0.010071694858462247,0.4,-22.75673547973826,[0.         0.         0.         0.01212332 0.90138713 0.         0.         0.01650234 0.01058233 0.         0.         0.         0.         0.         0.         0.0193221  0.01682922 0.         0.         0.         0.         0.         0.         0.         0.01159123 0.         0.         0.         0.         0.         0.01166234],[0. 0. 0. 1. 1. 0. 0. 1. 1. 0. 0. 0. 0. 0. 0. 1. 1. 0. 0. 0. 0. 0. 0. 0. 1. 0. 0. 0. 0. 0. 1.],8.0,10000,30,0.6,10,1,8,,problem_solving
2300,0.029905977578013235,0.010071694858462247,0.4,-1.0061238519473594,[0.         0.         0.         0.01212332 0.90138713 0.         0.         0.01650234 0.01058233 0.         0.         0.         0.         0.         0.         0.0193221  0.01682922 0.         0.         0.         0.         0.         0.         0.         0.01159123 0.         0.         0.         0.         0.         0.01166234],[0. 0. 0. 1. 1. 0. 0. 1. 1. 0. 0. 0. 0. 0. 0. 1. 1. 0. 0. 0. 0. 0. 0. 0. 1. 0. 0. 0. 0. 0. 1.],8.0,10000,30,0.6,10,1,8,,problem_solving
2400,0.029905977578013235,0.010071694858462247,0.4,0.4919166881761745,[0.         0.         0.         0.01212332 0.90138713 0.         0.         0.01650234 0.01058233 0.         0.         0.         0.         0.         0.         0.0193221  0.01682922 0.         0.         0.         0.         0.         0.         0.         0.01159123 0.         0.         0.         0.         0.         0.01166234],[0. 0. 0. 1. 1. 0. 0. 1. 1. 0. 0. 0. 0. 0. 0. 1. 1. 0. 0. 0. 0. 0. 0. 0. 1. 0. 0. 0. 0. 0. 1.],8.0,10000,30,0.6,10,1,8,,problem_solving
2500,0.029905977578013235,0.010071694858462247,0.4,12.061543350294556,[0.         0.         0.         0.01212332 0.90138713 0.         0.         0.01650234 0.01058233 0.         0.         0.         0.         0.         0.         0.0193221  0.01682922 0.         0.         0.         0.         0.         0.         0.         0.01159123 0.         0.         0.         0.         0.         0.01166234],[0. 0. 0. 1. 1. 0. 0. 1. 1. 0. 0. 0. 0. 0. 0. 1. 1. 0. 0. 0. 0. 0. 0. 0. 1. 0. 0. 0. 0. 0. 1.],8.0,10000,30,0.6,10,1,8,,problem_solving
2600,0.029905977578013235,0.010071694858462247,0.4,7.222562708494985,[0.         0.         0.         0.01212332 0.90138713 0.         0.         0.01650234 0.01058233 0.         0.         0.         0.         0.         0.         0.0193221  0.01682922 0.         0.         0.         0.         0.         0.         0.         0.01159123 0.         0.         0.         0.         0.         0.01166234],[0. 0. 0. 1. 1. 0. 0. 1. 1. 0. 0. 0. 0. 0. 0. 1. 1. 0. 0. 0. 0. 0. 0. 0. 1. 0. 0. 0. 0. 0. 1.],8.0,10000,30,0.6,10,1,8,,problem_solving
2700,0.029905977578013235,0.010071694858462247,0.4,-17.1891220539845,[0.         0.         0.         0.01212332 0.90138713 0.         0.         0.01650234 0.01058233 0.         0.         0.         0.         0.         0.         0.0193221  0.01682922 0.         0.         0.         0.         0.         0.         0.         0.01159123 0.         0.         0.         0.         0.         0.01166234],[0. 0. 0. 1. 1. 0. 0. 1. 1. 0. 0. 0. 0. 0. 0. 1. 1. 0. 0. 0. 0. 0. 0. 0. 1. 0. 0. 0. 0. 0. 1.],8.0,10000,30,0.6,10,1,8,,problem_solving
2800,0.029905977578013235,0.010071694858462247,0.4,-15.50984208302232,[0.         0.         0.         0.01212332 0.90138713 0.         0.         0.01650234 0.01058233 0.         0.         0.         0.         0.         0.         0.0193221  0.01682922 0.         0.         0.         0.         0.         0.         0.         0.01159123 0.         0.         0.         0.         0.         0.01166234],[0. 0. 0. 1. 1. 0. 0. 1. 1. 0. 0. 0. 0. 0. 0. 1. 1. 0. 0. 0. 0. 0. 0. 0. 1. 0. 0. 0. 0. 0. 1.],8.0,10000,30,0.6,10,1,8,,problem_solving
2900,0.029905977578013235,0.010071694858462247,0.4,-13.346400633740227,[0.         0.         0.         0.01212332 0.90138713 0.         0.         0.01650234 0.01058233 0.         0.         0.         0.         0.         0.         0.0193221  0.01682922 0.         0.         0.         0.         0.         0.         0.         0.01159123 0.         0.         0.         0.         0.         0.01166234],[0. 0. 0. 1. 1. 0. 0. 1. 1. 0. 0. 0. 0. 0. 0. 1. 1. 0. 0. 0. 0. 0. 0. 0. 1. 0. 0. 0. 0. 0. 1.],8.0,10000,30,0.6,10,1,8,,problem_solving
3000,0.029905977578013235,0.010071694858462247,0.4,-13.892645647041093,[0.         0.         0.         0.01212332 0.90138713 0.         0.         0.01650234 0.01058233 0.         0.         0.         0.         0.         0.         0.0193221  0.01682922 0.         0.         0.         0.         0.         0.         0.         0.01159123 0.         0.         0.         0.         0.         0.01166234],[0. 0. 0. 1. 1. 0. 0. 1. 1. 0. 0. 0. 0. 0. 0. 1. 1. 0. 0. 0. 0. 0. 0. 0. 1. 0. 0. 0. 0. 0. 1.],8.0,10000,30,0.6,10,1,8,,problem_solving
3100,0.029905977578013235,0.010071694858462247,0.4,-26.27208210343059,[0.         0.         0.         0.01212332 0.90138713 0.         0.         0.01650234 0.01058233 0.         0.         0.         0.         0.         0.         0.0193221  0.01682922 0.         0.         0.         0.         0.         0.         0.         0.01159123 0.         0.         0.         0.         0.         0.01166234],[0. 0. 0. 1. 1. 0. 0. 1. 1. 0. 0. 0. 0. 0. 0. 1. 1. 0. 0. 0. 0. 0. 0. 0. 1. 0. 0. 0. 0. 0. 1.],8.0,10000,30,0.6,10,1,8,,problem_solving
3200,0.029905977578013235,0.010071694858462247,0.4,7.851869350502852,[0.         0.         0.         0.01212332 0.90138713 0.         0.         0.01650234 0.01058233 0.         0.         0.         0.         0.         0.         0.0193221  0.01682922 0.         0.         0.         0.         0.         0.         0.         0.01159123 0.         0.         0.         0.         0.         0.01166234],[0. 0. 0. 1. 1. 0. 0. 1. 1. 0. 0. 0. 0. 0. 0. 1. 1. 0. 0. 0. 0. 0. 0. 0. 1. 0. 0. 0. 0. 0. 1.],8.0,10000,30,0.6,10,1,8,,problem_solving
3300,0.029905977578013235,0.010071694858462247,0.4,9.642757385695246,[0.         0.         0.         0.01212332 0.90138713 0.         0.         0.01650234 0.01058233 0.         0.         0.         0.         0.         0.         0.0193221  0.01682922 0.         0.         0.         0.         0.         0.         0.         0.01159123 0.         0.         0.         0.         0.         0.01166234],[0. 0. 0. 1. 1. 0. 0. 1. 1. 0. 0. 0. 0. 0. 0. 1. 1. 0. 0. 0. 0. 0. 0. 0. 1. 0. 0. 0. 0. 0. 1.],8.0,10000,30,0.6,10,1,8,,problem_solving
3400,0.029905977578013235,0.010071694858462247,0.4,9.718334074259863,[0.         0.         0.         0.01212332 0.90138713 0.         0.         0.01650234 0.01058233 0.         0.         0.         0.         0.         0.         0.0193221  0.01682922 0.         0.         0.         0.         0.         0.         0.         0.01159123 0.         0.         0.         0.         0.         0.01166234],[0. 0. 0. 1. 1. 0. 0. 1. 1. 0. 0. 0. 0. 0. 0. 1. 1. 0. 0. 0. 0. 0. 0. 0. 1. 0. 0. 0. 0. 0. 1.],8.0,10000,30,0.6,10,1,8,,problem_solving
3500,0.029905977578013235,0.010071694858462247,0.4,0.7033922144189143,[0.         0.         0.         0.01212332 0.90138713 0.         0.         0.01650234 0.01058233 0.         0.         0.         0.         0.         0.         0.0193221  0.01682922 0.         0.         0.         0.         0.         0.         0.         0.01159123 0.         0.         0.         0.         0.         0.01166234],[0. 0. 0. 1. 1. 0. 0. 1. 1. 0. 0. 0. 0. 0. 0. 1. 1. 0. 0. 0. 0. 0. 0. 0. 1. 0. 0. 0. 0. 0. 1.],8.0,10000,30,0.6,10,1,8,,problem_solving
3600,0.029905977578013235,0.010071694858462247,0.4,-13.153767508088253,[0.         0.         0.         0.01212332 0.90138713 0.         0.         0.01650234 0.01058233 0.         0.         0.         0.         0.         0.         0.0193221  0.01682922 0.         0.         0.         0.         0.         0.         0.         0.01159123 0.         0.         0.         0.         0.         0.01166234],[0. 0. 0. 1. 1. 0. 0. 1. 1. 0. 0. 0. 0. 0. 0. 1. 1. 0. 0. 0. 0. 0. 0. 0. 1. 0. 0. 0. 0. 0. 1.],8.0,10000,30,0.6,10,1,8,,problem_solving
3700,0.029905977578013235,0.010071694858462247,0.4,2.9966500843894845,[0.         0.         0.         0.01212332 0.90138713 0.         0.         0.01650234 0.01058233 0.         0.         0.         0.         0.         0.         0.0193221  0.01682922 0.         0.         0.         0.         0.         0.         0.         0.01159123 0.         0.         0.         0.         0.         0.01166234],[0. 0. 0. 1. 1. 0. 0. 1. 1. 0. 0. 0. 0. 0. 0. 1. 1. 0. 0. 0. 0. 0. 0. 0. 1. 0. 0. 0. 0. 0. 1.],8.0,10000,30,0.6,10,1,8,,problem_solving
3800,0.029905977578013235,0.010071694858462247,0.4,10.435271848108474,[0.         0.         0.         0.01212332 0.90138713 0.         0.         0.01650234 0.01058233 0.         0.         0.         0.         0.         0.         0.0193221  0.01682922 0.         0.         0.         0.         0.         0.         0.         0.01159123 0.         0.         0.         0.         0.         0.01166234],[0. 0. 0. 1. 1. 0. 0. 1. 1. 0. 0. 0. 0. 0. 0. 1. 1. 0. 0. 0. 0. 0. 0. 0. 1. 0. 0. 0. 0. 0. 1.],8.0,10000,30,0.6,10,1,8,,problem_solving
3900,0.029905977578013235,0.010071694858462247,0.4,4.527231470019913,[0.         0.         0.         0.01212332 0.90138713 0.         0.         0.01650234 0.01058233 0.         0.         0.         0.         0.         0.         0.0193221  0.01682922 0.         0.         0.         0.         0.         0.         0.         0.01159123 0.         0.         0.         0.         0.         0.01166234],[0. 0. 0. 1. 1. 0. 0. 1. 1. 0. 0. 0. 0. 0. 0. 1. 1. 0. 0. 0. 0. 0. 0. 0. 1. 0. 0. 0. 0. 0. 1.],8.0,10000,30,0.6,10,1,8,,problem_solving
4000,0.027319286044311573,0.0023934178505509475,0.4,12.426585846802778,[0.         0.01054774 0.         0.         0.         0.         0.         0.         0.         0.01334757 0.01351442 0.01274569 0.         0.         0.         0.02018355 0.         0.         0.01434485 0.         0.         0.         0.         0.         0.         0.         0.         0.89632801 0.         0.01898816 0.        ],[0. 1. 0. 0. 0. 0. 0. 0. 0. 1. 1. 1. 0. 0. 0. 1. 0. 0. 1. 0. 0. 0. 0. 0. 0. 0. 0. 1. 0. 1. 0.],8.0,10000,30,0.6,10,1,8,,problem_solving
4100,0.027319286044311573,0.0023934178505509475,0.4,-19.296924577944804,[0.         0.01054774 0.         0.         0.         0.         0.         0.         0.         0.01334757 0.01351442 0.01274569 0.         0.         0.         0.02018355 0.         0.         0.01434485 0.         0.         0.         0.         0.         0.         0.         0.         0.89632801 0.         0.01898816 0.        ],[0. 1. 0. 0. 0. 0. 0. 0. 0. 1. 1. 1. 0. 0. 0. 1. 0. 0. 1. 0. 0. 0. 0. 0. 0. 0. 0. 1. 0. 1. 0.],8.0,10000,30,0.6,10,1,8,,problem_solving
4200,0.027319286044311573,0.0023934178505509475,0.4,9.415767839529265,[0.         0.01054774 0.         0.         0.         0.         0.         0.         0.         0.01334757 0.01351442 0.01274569 0.         0.         0.         0.02018355 0.         0.         0.01434485 0.         0.         0.         0.         0.         0.         0.         0.         0.89632801 0.         0.01898816 0.        ],[0. 1. 0. 0. 0. 0. 0. 0. 0. 1. 1. 1. 0. 0. 0. 1. 0. 0. 1. 0. 0. 0. 0. 0. 0. 0. 0. 1. 0. 1. 0.],8.0,10000,30,0.6,10,1,8,,problem_solving
4300,0.027319286044311573,0.0023934178505509475,0.4,-6.6733055275331585,[0.         0.01054774 0.         0.         0.         0.         0.         0.         0.         0.01334757 0.01351442 0.01274569 0.         0.         0.         0.02018355 0.         0.         0.01434485 0.         0.         0.         0.         0.         0.         0.         0.         0.89632801 0.         0.01898816 0.        ],[0. 1. 0. 0. 0. 0. 0. 0. 0. 1. 1. 1. 0. 0. 0. 1. 0. 0. 1. 0. 0. 0. 0. 0. 0. 0. 0. 1. 0. 1. 0.],8.0,10000,30,0.6,10,1,8,,problem_solving
4400,0.027319286044311573,0.0023934178505509475,0.4,4.501503420071673,[0.         0.01054774 0.         0.         0.         0.         0.         0.         0.         0.01334757 0.01351442 0.01274569 0.         0.         0.         0.02018355 0.         0.         0.01434485 0.         0.         0.         0.         0.         0.         0.         0.         0.89632801 0.         0.01898816 0.        ],[0. 1. 0. 0. 0. 0. 0. 0. 0. 1. 1. 1. 0. 0. 0. 1. 0. 0. 1. 0. 0. 0. 0. 0. 0. 0. 0. 1. 0. 1. 0.],8.0,10000,30,0.6,10,1,8,,problem_solving
4500,0.027319286044311573,0.0023934178505509475,0.4,-0.3158948065441922,[0.         0.01054774 0.         0.         0.         0.         0.         0.         0.         0.01334757 0.01351442 0.01274569 0.         0.         0.         0.02018355 0.         0.         0.01434485 0.         0.         0.         0.         0.         0.         0.         0.         0.89632801 0.         0.01898816 0.        ],[0. 1. 0. 0. 0. 0. 0. 0. 0. 1. 1. 1. 0. 0. 0. 1. 0. 0. 1. 0. 0. 0. 0. 0. 0. 0. 0. 1. 0. 1. 0.],8.0,10000,30,0.6,10,1,8,,problem_solving
4600,0.027319286044311573,0.0023934178505509475,0.4,3.8442343458386774,[0.         0.01054774 0.         0.         0.         0.         0.         0.         0.         0.01334757 0.01351442 0.01274569 0.         0.         0.         0.02018355 0.         0.         0.01434485 0.         0.         0.         0.         0.         0.         0.         0.         0.89632801 0.         0.01898816 0.        ],[0. 1. 0. 0. 0. 0. 0. 0. 0. 1. 1. 1. 0. 0. 0. 1. 0. 0. 1. 0. 0. 0. 0. 0. 0. 0. 0. 1. 0. 1. 0.],8.0,10000,30,0.6,10,1,8,,problem_solving
4700,0.027319286044311573,0.0023934178505509475,0.4,6.908902913197714,[0.         0.01054774 0.         0.         0.         0.         0.         0.         0.         0.01334757 0.01351442 0.01274569 0.         0.         0.         0.02018355 0.         0.         0.01434485 0.         0.         0.         0.         0.         0.         0.         0.         0.89632801 0.         0.01898816 0.        ],[0. 1. 0. 0. 0. 0. 0. 0. 0. 1. 1. 1. 0. 0. 0. 1. 0. 0. 1. 0. 0. 0. 0. 0. 0. 0. 0. 1. 0. 1. 0.],8.0,10000,30,0.6,10,1,8,,problem_solving
4800,0.027319286044311573,0.0023934178505509475,0.4,-9.677987898612416,[0.         0.01054774 0.         0.         0.         0.         0.         0.         0.         0.01334757 0.01351442 0.01274569 0.         0.         0.         0.02018355 0.         0.         0.01434485 0.         0.         0.         0.         0.         0.         0.         0.         0.89632801 0.         0.01898816 0.        ],[0. 1. 0. 0. 0. 0. 0. 0. 0. 1. 1. 1. 0. 0. 0. 1. 0. 0. 1. 0. 0. 0. 0. 0. 0. 0. 0. 1. 0. 1. 0.],8.0,10000,30,0.6,10,1,8,,problem_solving
4900,0.027319286044311573,0.0023934178505509475,0.4,-12.962122588033392,[0.         0.01054774 0.         0.         0.         0.         0.         0.         0.         0.01334757 0.01351442 0.01274569 0.         0.         0.         0.02018355 0.         0.         0.01434485 0.         0.         0.         0.         0.         0.         0.         0.         0.89632801 0.         0.01898816 0.        ],[0. 1. 0. 0. 0. 0. 0. 0. 0. 1. 1. 1. 0. 0. 0. 1. 0. 0. 1. 0. 0. 0. 0. 0. 0. 0. 0. 1. 0. 1. 0.],8.0,10000,30,0.6,10,1,8,,problem_solving
5000,0.027319286044311573,0.0023934178505509475,0.4,-5.330800726163654,[0.         0.01054774 0.         0.         0.         0.         0.         0.         0.         0.01334757 0.01351442 0.01274569 0.         0.         0.         0.02018355 0.         0.         0.01434485 0.         0.         0.         0.         0.         0.         0.         0.         0.89632801 0.         0.01898816 0.        ],[0. 1. 0. 0. 0. 0. 0. 0. 0. 1. 1. 1. 0. 0. 0. 1. 0. 0. 1. 0. 0. 0. 0. 0. 0. 0. 0. 1. 0. 1. 0.],8.0,10000,30,0.6,10,1,8,,problem_solving
5100,0.027319286044311573,0.0023934178505509475,0.4,-16.406821035187242,[0.         0.01054774 0.         0.         0.         0.         0.         0.         0.         0.01334757 0.01351442 0.01274569 0.         0.         0.         0.02018355 0.         0.         0.01434485 0.         0.         0.         0.         0.         0.         0.         0.         0.89632801 0.         0.01898816 0.        ],[0. 1. 0. 0. 0. 0. 0. 0. 0. 1. 1. 1. 0. 0. 0. 1. 0. 0. 1. 0. 0. 0. 0. 0. 0. 0. 0. 1. 0. 1. 0.],8.0,10000,30,0.6,10,1,8,,problem_solving
5200,0.027319286044311573,0.0023934178505509475,0.4,8.977190999801367,[0.         0.01054774 0.         0.         0.         0.         0.         0.         0.         0.01334757 0.01351442 0.01274569 0.         0.         0.         0.02018355 0.         0.         0.01434485 0.         0.         0.         0.         0.         0.         0.         0.         0.89632801 0.         0.01898816 0.        ],[0. 1. 0. 0. 0. 0. 0. 0. 0. 1. 1. 1. 0. 0. 0. 1. 0. 0. 1. 0. 0. 0. 0. 0. 0. 0. 0. 1. 0. 1. 0.],8.0,10000,30,0.6,10,1,8,,problem_solving
5300,0.027319286044311573,0.0023934178505509475,0.4,-0.8488597584799984,[0.         0.01054774 0.         0.         0.         0.         0.         0.         0.         0.01334757 0.01351442 0.01274569 0.         0.         0.         0.02018355 0.         0.         0.01434485 0.         0.         0.         0.         0.         0.         0.         0.         0.89632801 0.         0.01898816 0.        ],[0. 1. 0. 0. 0. 0. 0. 0. 0. 1. 1. 1. 0. 0. 0. 1. 0. 0. 1. 0. 0. 0. 0. 0. 0. 0. 0. 1. 0. 1. 0.],8.0,10000,30,0.6,10,1,8,,problem_solving
5400,0.027319286044311573,0.0023934178505509475,0.4,8.197637690286701,[0.         0.01054774 0.         0.         0.         0.         0.         0.         0.         0.01334757 0.01351442 0.01274569 0.         0.         0.         0.02018355 0.         0.         0.01434485 0.         0.         0.         0.         0.         0.         0.         0.         0.89632801 0.         0.01898816 0.        ],[0. 1. 0. 0. 0. 0. 0. 0. 0. 1. 1. 1. 0. 0. 0. 1. 0. 0. 1. 0. 0. 0. 0. 0. 0. 0. 0. 1. 0. 1. 0.],8.0,10000,30,0.6,10,1,8,,problem_solving
5500,0.027319286044311573,0.0023934178505509475,0.4,-4.465711580468526,[0.         0.01054774 0.         0.         0.         0.         0.         0.         0.         0.01334757 0.01351442 0.01274569 0.         0.         0.         0.02018355 0.         0.         0.01434485 0.         0.         0.         0.         0.         0.         0.         0.         0.89632801 0.         0.01898816 0.        ],[0. 1. 0. 0. 0. 0. 0. 0. 0. 1. 1. 1. 0. 0. 0. 1. 0. 0. 1. 0. 0. 0. 0. 0. 0. 0. 0. 1. 0. 1. 0.],8.0,10000,30,0.6,10,1,8,,problem_solving
5600,0.027319286044311573,0.0023934178505509475,0.4,-9.114166932160973,[0.         0.01054774 0.         0.         0.         0.         0.         0.         0.         0.01334757 0.01351442 0.01274569 0.         0.         0.         0.02018355 0.         0.         0.01434485 0.         0.         0.         0.         0.         0.         0.         0.         0.89632801 0.         0.01898816 0.        ],[0. 1. 0. 0. 0. 0. 0. 0. 0. 1. 1. 1. 0. 0. 0. 1. 0. 0. 1. 0. 0. 0. 0. 0. 0. 0. 0. 1. 0. 1. 0.],8.0,10000,30,0.6,10,1,8,,problem_solving
5700,0.027319286044311573,0.0023934178505509475,0.4,-7.0082049129357396,[0.         0.01054774 0.         0.         0.         0.         0.         0.         0.         0.01334757 0.01351442 0.01274569 0.         0.         0.         0.02018355 0.         0.         0.01434485 0.         0.         0.         0.         0.         0.         0.         0.         0.89632801 0.         0.01898816 0.        ],[0. 1. 0. 0. 0. 0. 0. 0. 0. 1. 1. 1. 0. 0. 0. 1. 0. 0. 1. 0. 0. 0. 0. 0. 0. 0. 0. 1. 0. 1. 0.],8.0,10000,30,0.6,10,1,8,,problem_solving
5800,0.026764470643729797,0.004721072672003242,0.4,4.532531908869453,[0.01305394 0.01511218 0.         0.         0.         0.01346853 0.         0.         0.01675232 0.         0.         0.         0.01050685 0.         0.01149253 0.         0.         0.         0.         0.         0.         0.         0.0175641  0.         0.         0.90204955 0.         0.         0.         0.         0.        ],[1. 1. 0. 0. 0. 1. 0. 0. 1. 0. 0. 0. 1. 0. 1. 0. 0. 0. 0. 0. 0. 0. 1. 0. 0. 1. 0. 0. 0. 0. 0.],8.0,10000,30,0.6,10,1,8,,problem_solving
5900,0.02576943940634421,0.004746490226038701,0.4,2.5489427674983793,[0.         0.         0.         0.0154663  0.01307288 0.         0.         0.0140476  0.         0.01766908 0.         0.         0.         0.         0.         0.01076578 0.         0.         0.01670574 0.         0.         0.         0.         0.         0.         0.89040416 0.         0.02186846 0.         0.         0.        ],[0. 0. 0. 1. 1. 0. 0. 1. 0. 1. 0. 0. 0. 0. 0. 1. 0. 0. 1. 0. 0. 0. 0. 0. 0. 1. 0. 1. 0. 0. 0.],8.0,10000,30,0.6,10,1,8,,problem_solving
6000,0.02576943940634421,0.004746490226038701,0.4,7.765138831862631,[0.         0.         0.         0.0154663  0.01307288 0.         0.         0.0140476  0.         0.01766908 0.         0.         0.         0.         0.         0.01076578 0.         0.         0.01670574 0.         0.         0.         0.         0.         0.         0.89040416 0.         0.02186846 0.         0.         0.        ],[0. 0. 0. 1. 1. 0. 0. 1. 0. 1. 0. 0. 0. 0. 0. 1. 0. 0. 1. 0. 0. 0. 0. 0. 0. 1. 0. 1. 0. 0. 0.],8.0,10000,30,0.6,10,1,8,,problem_solving
6100,0.02576943940634421,0.004746490226038701,0.4,-0.3161009621632992,[0.         0.         0.         0.0154663  0.01307288 0.         0.         0.0140476  0.         0.01766908 0.         0.         0.         0.         0.         0.01076578 0.         0.         0.01670574 0.         0.         0.         0.         0.         0.         0.89040416 0.         0.02186846 0.         0.         0.        ],[0. 0. 0. 1. 1. 0. 0. 1. 0. 1. 0. 0. 0. 0. 0. 1. 0. 0. 1. 0. 0. 0. 0. 0. 0. 1. 0. 1. 0. 0. 0.],8.0,10000,30,0.6,10,1,8,,problem_solving
6200,0.02576943940634421,0.004746490226038701,0.4,-2.8693991969794537,[0.         0.         0.         0.0154663  0.01307288 0.         0.         0.0140476  0.         0.01766908 0.         0.         0.         0.         0.         0.01076578 0.         0.         0.01670574 0.         0.         0.         0.         0.         0.         0.89040416 0.         0.02186846 0.         0.         0.        ],[0. 0. 0. 1. 1. 0. 0. 1. 0. 1. 0. 0. 0. 0. 0. 1. 0. 0. 1. 0. 0. 0. 0. 0. 0. 1. 0. 1. 0. 0. 0.],8.0,10000,30,0.6,10,1,8,,problem_solving
6300,0.02576943940634421,0.004746490226038701,0.4,-4.824096027007851,[0.         0.         0.         0.0154663  0.01307288 0.         0.         0.0140476  0.         0.01766908 0.         0.         0.         0.         0.         0.01076578 0.         0.         0.01670574 0.         0.         0.         0.         0.         0.         0.89040416 0.         0.02186846 0.         0.         0.        ],[0. 0. 0. 1. 1. 0. 0. 1. 0. 1. 0. 0. 0. 0. 0. 1. 0. 0. 1. 0. 0. 0. 0. 0. 0. 1. 0. 1. 0. 0. 0.],8.0,10000,30,0.6,10,1,8,,problem_solving
6400,0.02576943940634421,0.004746490226038701,0.4,7.998165986987393,[0.         0.         0.         0.0154663  0.01307288 0.         0.         0.0140476  0.         0.01766908 0.         0.         0.         0.         0.         0.01076578 0.         0.         0.01670574 0.         0.         0.         0.         0.         0.         0.89040416 0.         0.02186846 0.         0.         0.        ],[0. 0. 0. 1. 1. 0. 0. 1. 0. 1. 0. 0. 0. 0. 0. 1. 0. 0. 1. 0. 0. 0. 0. 0. 0. 1. 0. 1. 0. 0. 0.],8.0,10000,30,0.6,10,1,8,,problem_solving
6500,0.02576943940634421,0.004746490226038701,0.4,1.2538693470276296,[0.         0.         0.         0.0154663  0.01307288 0.         0.         0.0140476  0.         0.01766908 0.         0.         0.         0.         0.         0.01076578 0.         0.         0.01670574 0.         0.         0.         0.         0.         0.         0.89040416 0.         0.02186846 0.         0.         0.        ],[0. 0. 0. 1. 1. 0. 0. 1. 0. 1. 0. 0. 0. 0. 0. 1. 0. 0. 1. 0. 0. 0. 0. 0. 0. 1. 0. 1. 0. 0. 0.],8.0,10000,30,0.6,10,1,8,,problem_solving
6600,0.02576943940634421,0.004746490226038701,0.4,3.287467503061417,[0.         0.         0.         0.0154663  0.01307288 0.         0.         0.0140476  0.         0.01766908 0.         0.         0.         0.         0.         0.01076578 0.         0.         0.01670574 0.         0.         0.         0.         0.         0.         0.89040416 0.         0.02186846 0.         0.         0.        ],[0. 0. 0. 1. 1. 0. 0. 1. 0. 1. 0. 0. 0. 0. 0. 1. 0. 0. 1. 0. 0. 0. 0. 0. 0. 1. 0. 1. 0. 0. 0.],8.0,10000,30,0.6,10,1,8,,problem_solving
6700,0.02576943940634421,0.004746490226038701,0.4,-0.5514219088961934,[0.         0.         0.         0.0154663  0.01307288 0.         0.         0.0140476  0.         0.01766908 0.         0.         0.         0.         0.         0.01076578 0.         0.         0.01670574 0.         0.         0.         0.         0.         0.         0.89040416 0.         0.02186846 0.         0.         0.        ],[0. 0. 0. 1. 1. 0. 0. 1. 0. 1. 0. 0. 0. 0. 0. 1. 0. 0. 1. 0. 0. 0. 0. 0. 0. 1. 0. 1. 0. 0. 0.],8.0,10000,30,0.6,10,1,8,,problem_solving
6800,0.02576943940634421,0.004746490226038701,0.4,1.4634373665643428,[0.         0.         0.         0.0154663  0.01307288 0.         0.         0.0140476  0.         0.01766908 0.         0.         0.         0.         0.         0.01076578 0.         0.         0.01670574 0.         0.         0.         0.         0.         0.         0.89040416 0.         0.02186846 0.         0.         0.        ],[0. 0. 0. 1. 1. 0. 0. 1. 0. 1. 0. 0. 0. 0. 0. 1. 0. 0. 1. 0. 0. 0. 0. 0. 0. 1. 0. 1. 0. 0. 0.],8.0,10000,30,0.6,10,1,8,,problem_solving
6900,0.02576943940634421,0.004746490226038701,0.4,-8.630822886687744,[0.         0.         0.         0.0154663  0.01307288 0.         0.         0.0140476  0.         0.01766908 0.         0.         0.         0.         0.         0.01076578 0.         0.         0.01670574 0.         0.         0.         0.         0.         0.         0.89040416 0.         0.02186846 0.         0.         0.        ],[0. 0. 0. 1. 1. 0. 0. 1. 0. 1. 0. 0. 0. 0. 0. 1. 0. 0. 1. 0. 0. 0. 0. 0. 0. 1. 0. 1. 0. 0. 0.],8.0,10000,30,0.6,10,1,8,,problem_solving
7000,0.02576943940634421,0.004746490226038701,0.4,-4.095154406395816,[0.         0.         0.         0.0154663  0.01307288 0.         0.         0.0140476  0.         0.01766908 0.         0.         0.         0.         0.         0.01076578 0.         0.         0.01670574 0.         0.         0.         0.         0.         0.         0.89040416 0.         0.02186846 0.         0.         0.        ],[0. 0. 0. 1. 1. 0. 0. 1. 0. 1. 0. 0. 0. 0. 0. 1. 0. 0. 1. 0. 0. 0. 0. 0. 0. 1. 0. 1. 0. 0. 0.],8.0,10000,30,0.6,10,1,8,,problem_solving
7100,0.02576943940634421,0.004746490226038701,0.4,-7.8671779261917285,[0.         0.         0.         0.0154663  0.01307288 0.         0.         0.0140476  0.         0.01766908 0.         0.         0.         0.         0.         0.01076578 0.         0.         0.01670574 0.         0.         0.         0.         0.         0.         0.89040416 0.         0.02186846 0.         0.         0.        ],[0. 0. 0. 1. 1. 0. 0. 1. 0. 1. 0. 0. 0. 0. 0. 1. 0. 0. 1. 0. 0. 0. 0. 0. 0. 1. 0. 1. 0. 0. 0.],8.0,10000,30,0.6,10,1,8,,problem_solving
7200,0.02576943940634421,0.004746490226038701,0.4,-0.06760228604064158,[0.         0.         0.         0.0154663  0.01307288 0.         0.         0.0140476  0.         0.01766908 0.         0.         0.         0.         0.         0.01076578 0.         0.         0.01670574 0.         0.         0.         0.         0.         0.         0.89040416 0.         0.02186846 0.         0.         0.        ],[0. 0. 0. 1. 1. 0. 0. 1. 0. 1. 0. 0. 0. 0. 0. 1. 0. 0. 1. 0. 0. 0. 0. 0. 0. 1. 0. 1. 0. 0. 0.],8.0,10000,30,0.6,10,1,8,,problem_solving
7300,0.02576943940634421,0.004746490226038701,0.4,8.916056254066522,[0.         0.         0.         0.0154663  0.01307288 0.         0.         0.0140476  0.         0.01766908 0.         0.         0.         0.         0.         0.01076578 0.         0.         0.01670574 0.         0.         0.         0.         0.         0.         0.89040416 0.         0.02186846 0.         0.         0.        ],[0. 0. 0. 1. 1. 0. 0. 1. 0. 1. 0. 0. 0. 0. 0. 1. 0. 0. 1. 0. 0. 0. 0. 0. 0. 1. 0. 1. 0. 0. 0.],8.0,10000,30,0.6,10,1,8,,problem_solving
7400,0.02576943940634421,0.004746490226038701,0.4,4.8458976052918405,[0.         0.         0.         0.0154663  0.01307288 0.         0.         0.0140476  0.         0.01766908 0.         0.         0.         0.         0.         0.01076578 0.         0.         0.01670574 0.         0.         0.         0.         0.         0.         0.89040416 0.         0.02186846 0.         0.         0.        ],[0. 0. 0. 1. 1. 0. 0. 1. 0. 1. 0. 0. 0. 0. 0. 1. 0. 0. 1. 0. 0. 0. 0. 0. 0. 1. 0. 1. 0. 0. 0.],8.0,10000,30,0.6,10,1,8,,problem_solving
7500,0.02576943940634421,0.004746490226038701,0.4,-1.742119379500555,[0.         0.         0.         0.0154663  0.01307288 0.         0.         0.0140476  0.         0.01766908 0.         0.         0.         0.         0.         0.01076578 0.         0.         0.01670574 0.         0.         0.         0.         0.         0.         0.89040416 0.         0.02186846 0.         0.         0.        ],[0. 0. 0. 1. 1. 0. 0. 1. 0. 1. 0. 0. 0. 0. 0. 1. 0. 0. 1. 0. 0. 0. 0. 0. 0. 1. 0. 1. 0. 0. 0.],8.0,10000,30,0.6,10,1,8,,problem_solving
7600,0.02576943940634421,0.004746490226038701,0.4,8.980693887021994,[0.         0.         0.         0.0154663  0.01307288 0.         0.         0.0140476  0.         0.01766908 0.         0.         0.         0.         0.         0.01076578 0.         0.         0.01670574 0.         0.         0.         0.         0.         0.         0.89040416 0.         0.02186846 0.         0.         0.        ],[0. 0. 0. 1. 1. 0. 0. 1. 0. 1. 0. 0. 0. 0. 0. 1. 0. 0. 1. 0. 0. 0. 0. 0. 0. 1. 0. 1. 0. 0. 0.],8.0,10000,30,0.6,10,1,8,,problem_solving
7700,0.02576943940634421,0.004746490226038701,0.4,8.515127978672105,[0.         0.         0.         0.0154663  0.01307288 0.         0.         0.0140476  0.         0.01766908 0.         0.         0.         0.         0.         0.01076578 0.         0.         0.01670574 0.         0.         0.         0.         0.         0.         0.89040416 0.         0.02186846 0.         0.         0.        ],[0. 0. 0. 1. 1. 0. 0. 1. 0. 1. 0. 0. 0. 0. 0. 1. 0. 0. 1. 0. 0. 0. 0. 0. 0. 1. 0. 1. 0. 0. 0.],8.0,10000,30,0.6,10,1,8,,problem_solving
7800,0.02576943940634421,0.004746490226038701,0.4,-4.740878540870951,[0.         0.         0.         0.0154663  0.01307288 0.         0.         0.0140476  0.         0.01766908 0.         0.         0.         0.         0.         0.01076578 0.         0.         0.01670574 0.         0.         0.         0.         0.         0.         0.89040416 0.         0.02186846 0.         0.         0.        ],[0. 0. 0. 1. 1. 0. 0. 1. 0. 1. 0. 0. 0. 0. 0. 1. 0. 0. 1. 0. 0. 0. 0. 0. 0. 1. 0. 1. 0. 0. 0.],8.0,10000,30,0.6,10,1,8,,problem_solving
7900,0.025555611124922,0.004602650416661348,0.4,-19.551061795333755,[0.         0.         0.         0.         0.         0.         0.0146953  0.         0.         0.         0.         0.         0.01173311 0.01113522 0.         0.01108013 0.         0.         0.         0.         0.         0.         0.         0.01672126 0.         0.90413575 0.         0.01451903 0.         0.         0.01598021],[0. 0. 0. 0. 0. 0. 1. 0. 0. 0. 0. 0. 1. 1. 0. 1. 0. 0. 0. 0. 0. 0. 0. 1. 0. 1. 0. 1. 0. 0. 1.],8.0,10000,30,0.6,10,1,8,,problem_solving
8000,0.025555611124922,0.004602650416661348,0.4,-17.6221877084247,[0.         0.         0.         0.         0.         0.         0.0146953  0.         0.         0.         0.         0.         0.01173311 0.01113522 0.         0.01108013 0.         0.         0.         0.         0.         0.         0.         0.01672126 0.         0.90413575 0.         0.01451903 0.         0.         0.01598021],[0. 0. 0. 0. 0. 0. 1. 0. 0. 0. 0. 0. 1. 1. 0. 1. 0. 0. 0. 0. 0. 0. 0. 1. 0. 1. 0. 1. 0. 0. 1.],8.0,10000,30,0.6,10,1,8,,problem_solving
8100,0.025555611124922,0.004602650416661348,0.4,3.3674935394808196,[0.         0.         0.         0.         0.         0.         0.0146953  0.         0.         0.         0.         0.         0.01173311 0.01113522 0.         0.01108013 0.         0.         0.         0.         0.         0.         0.         0.01672126 0.         0.90413575 0.         0.01451903 0.         0.         0.01598021],[0. 0. 0. 0. 0. 0. 1. 0. 0. 0. 0. 0. 1. 1. 0. 1. 0. 0. 0. 0. 0. 0. 0. 1. 0. 1. 0. 1. 0. 0. 1.],8.0,10000,30,0.6,10,1,8,,problem_solving
8200,0.025555611124922,0.004602650416661348,0.4,-3.1408081154125265,[0.         0.         0.         0.         0.         0.         0.0146953  0.         0.         0.         0.         0.         0.01173311 0.01113522 0.         0.01108013 0.         0.         0.         0.         0.         0.         0.         0.01672126 0.         0.90413575 0.         0.01451903 0.         0.         0.01598021],[0. 0. 0. 0. 0. 0. 1. 0. 0. 0. 0. 0. 1. 1. 0. 1. 0. 0. 0. 0. 0. 0. 0. 1. 0. 1. 0. 1. 0. 0. 1.],8.0,10000,30,0.6,10,1,8,,problem_solving
8300,0.025555611124922,0.004602650416661348,0.4,2.3289663135269385,[0.         0.         0.         0.         0.         0.         0.0146953  0.         0.         0.         0.         0.         0.01173311 0.01113522 0.         0.01108013 0.         0.         0.         0.         0.         0.         0.         0.01672126 0.         0.90413575 0.         0.01451903 0.         0.         0.01598021],[0. 0. 0. 0. 0. 0. 1. 0. 0. 0. 0. 0. 1. 1. 0. 1. 0. 0. 0. 0. 0. 0. 0. 1. 0. 1. 0. 1. 0. 0. 1.],8.0,10000,30,0.6,10,1,8,,problem_solving
8400,0.025555611124922,0.004602650416661348,0.4,11.48546597632819,[0.         0.         0.         0.         0.         0.         0.0146953  0.         0.         0.         0.         0.         0.01173311 0.01113522 0.         0.01108013 0.         0.         0.         0.         0.         0.         0.         0.01672126 0.         0.90413575 0.         0.01451903 0.         0.         0.01598021],[0. 0. 0. 0. 0. 0. 1. 0. 0. 0. 0. 0. 1. 1. 0. 1. 0. 0. 0. 0. 0. 0. 0. 1. 0. 1. 0. 1. 0. 0. 1.],8.0,10000,30,0.6,10,1,8,,problem_solving
8500,0.025555611124922,0.004602650416661348,0.4,2.0709066529269795,[0.         0.         0.         0.         0.         0.         0.0146953  0.         0.         0.         0.         0.         0.01173311 0.01113522 0.         0.01108013 0.         0.         0.         0.         0.         0.         0.         0.01672126 0.         0.90413575 0.         0.01451903 0.         0.         0.01598021],[0. 0. 0. 0. 0. 0. 1. 0. 0. 0. 0. 0. 1. 1. 0. 1. 0. 0. 0. 0. 0. 0. 0. 1. 0. 1. 0. 1. 0. 0. 1.],8.0,10000,30,0.6,10,1,8,,problem_solving
8600,0.025555611124922,0.004602650416661348,0.4,8.205606036589154,[0.         0.         0.         0.         0.         0.         0.0146953  0.         0.         0.         0.         0.         0.01173311 0.01113522 0.         0.01108013 0.         0.         0.         0.         0.         0.         0.         0.01672126 0.         0.90413575 0.         0.01451903 0.         0.         0.01598021],[0. 0. 0. 0. 0. 0. 1. 0. 0. 0. 0. 0. 1. 1. 0. 1. 0. 0. 0. 0. 0. 0. 0. 1. 0. 1. 0. 1. 0. 0. 1.],8.0,10000,30,0.6,10,1,8,,problem_solving
8700,0.025555611124922,0.004602650416661348,0.4,-5.8750603125401355,[0.         0.         0.         0.         0.         0.         0.0146953  0.         0.         0.         0.         0.         0.01173311 0.01113522 0.         0.01108013 0.         0.         0.         0.         0.         0.         0.         0.01672126 0.         0.90413575 0.         0.01451903 0.         0.         0.01598021],[0. 0. 0. 0. 0. 0. 1. 0. 0. 0. 0. 0. 1. 1. 0. 1. 0. 0. 0. 0. 0. 0. 0. 1. 0. 1. 0. 1. 0. 0. 1.],8.0,10000,30,0.6,10,1,8,,problem_solving
8800,0.025555611124922,0.004602650416661348,0.4,1.396898407809894,[0.         0.         0.         0.         0.         0.         0.0146953  0.         0.         0.         0.         0.         0.01173311 0.01113522 0.         0.01108013 0.         0.         0.         0.         0.         0.         0.         0.01672126 0.         0.90413575 0.         0.01451903 0.         0.         0.01598021],[0. 0. 0. 0. 0. 0. 1. 0. 0. 0. 0. 0. 1. 1. 0. 1. 0. 0. 0. 0. 0. 0. 0. 1. 0. 1. 0. 1. 0. 0. 1.],8.0,10000,30,0.6,10,1,8,,problem_solving
8900,0.025555611124922,0.004602650416661348,0.4,1.7598762388942493,[0.         0.         0.         0.         0.         0.         0.0146953  0.         0.         0.         0.         0.         0.01173311 0.01113522 0.         0.01108013 0.         0.         0.         0.         0.         0.         0.         0.01672126 0.         0.90413575 0.         0.01451903 0.         0.         0.01598021],[0. 0. 0. 0. 0. 0. 1. 0. 0. 0. 0. 0. 1. 1. 0. 1. 0. 0. 0. 0. 0. 0. 0. 1. 0. 1. 0. 1. 0. 0. 1.],8.0,10000,30,0.6,10,1,8,,problem_solving
9000,0.025555611124922,0.004602650416661348,0.4,9.168881048892928,[0.         0.         0.         0.         0.         0.         0.0146953  0.         0.         0.         0.         0.         0.01173311 0.01113522 0.         0.01108013 0.         0.         0.         0.         0.         0.         0.         0.01672126 0.         0.90413575 0.         0.01451903 0.         0.         0.01598021],[0. 0. 0. 0. 0. 0. 1. 0. 0. 0. 0. 0. 1. 1. 0. 1. 0. 0. 0. 0. 0. 0. 0. 1. 0. 1. 0. 1. 0. 0. 1.],8.0,10000,30,0.6,10,1,8,,problem_solving
9100,0.025555611124922,0.004602650416661348,0.4,14.115658548296185,[0.         0.         0.         0.         0.         0.         0.0146953  0.         0.         0.         0.         0.         0.01173311 0.01113522 0.         0.01108013 0.         0.         0.         0.         0.         0.         0.         0.01672126 0.         0.90413575 0.         0.01451903 0.         0.         0.01598021],[0. 0. 0. 0. 0. 0. 1. 0. 0. 0. 0. 0. 1. 1. 0. 1. 0. 0. 0. 0. 0. 0. 0. 1. 0. 1. 0. 1. 0. 0. 1.],8.0,10000,30,0.6,10,1,8,,problem_solving
9200,0.025555611124922,0.004602650416661348,0.4,-4.816741743999338,[0.         0.         0.         0.         0.         0.         0.0146953  0.         0.         0.         0.         0.         0.01173311 0.01113522 0.         0.01108013 0.         0.         0.         0.         0.         0.         0.         0.01672126 0.         0.90413575 0.         0.01451903 0.         0.         0.01598021],[0. 0. 0. 0. 0. 0. 1. 0. 0. 0. 0. 0. 1. 1. 0. 1. 0. 0. 0. 0. 0. 0. 0. 1. 0. 1. 0. 1. 0. 0. 1.],8.0,10000,30,0.6,10,1,8,,problem_solving
9300,0.025555611124922,0.004602650416661348,0.4,12.082152013175005,[0.         0.         0.         0.         0.         0.         0.0146953  0.         0.         0.         0.         0.         0.01173311 0.01113522 0.         0.01108013 0.         0.         0.         0.         0.         0.         0.         0.01672126 0.         0.90413575 0.         0.01451903 0.         0.         0.01598021],[0. 0. 0. 0. 0. 0. 1. 0. 0. 0. 0. 0. 1. 1. 0. 1. 0. 0. 0. 0. 0. 0. 0. 1. 0. 1. 0. 1. 0. 0. 1.],8.0,10000,30,0.6,10,1,8,,problem_solving
9400,0.025555611124922,0.004602650416661348,0.4,-1.5400913509454461,[0.         0.         0.         0.         0.         0.         0.0146953  0.         0.         0.         0.         0.         0.01173311 0.01113522 0.         0.01108013 0.         0.         0.         0.         0.         0.         0.         0.01672126 0.         0.90413575 0.         0.01451903 0.         0.         0.01598021],[0. 0. 0. 0. 0. 0. 1. 0. 0. 0. 0. 0. 1. 1. 0. 1. 0. 0. 0. 0. 0. 0. 0. 1. 0. 1. 0. 1. 0. 0. 1.],8.0,10000,30,0.6,10,1,8,,problem_solving
9500,0.025555611124922,0.004602650416661348,0.4,-17.32900528709369,[0.         0.         0.         0.         0.         0.         0.0146953  0.         0.         0.         0.         0.         0.01173311 0.01113522 0.         0.01108013 0.         0.         0.         0.         0.         0.         0.         0.01672126 0.         0.90413575 0.         0.01451903 0.         0.         0.01598021],[0. 0. 0. 0. 0. 0. 1. 0. 0. 0. 0. 0. 1. 1. 0. 1. 0. 0. 0. 0. 0. 0. 0. 1. 0. 1. 0. 1. 0. 0. 1.],8.0,10000,30,0.6,10,1,8,,problem_solving
9600,0.025555611124922,0.004602650416661348,0.4,-10.931545884605967,[0.         0.         0.         0.         0.         0.         0.0146953  0.         0.         0.         0.         0.         0.01173311 0.01113522 0.         0.01108013 0.         0.         0.         0.         0.         0.         0.         0.01672126 0.         0.90413575 0.         0.01451903 0.         0.         0.01598021],[0. 0. 0. 0. 0. 0. 1. 0. 0. 0. 0. 0. 1. 1. 0. 1. 0. 0. 0. 0. 0. 0. 0. 1. 0. 1. 0. 1. 0. 0. 1.],8.0,10000,30,0.6,10,1,8,,problem_solving
9700,0.025555611124922,0.004602650416661348,0.4,-12.51539642407538,[0.         0.         0.         0.         0.         0.         0.0146953  0.         0.         0.         0.         0.         0.01173311 0.01113522 0.         0.01108013 0.         0.         0.         0.         0.         0.         0.         0.01672126 0.         0.90413575 0.         0.01451903 0.         0.         0.01598021],[0. 0. 0. 0. 0. 0. 1. 0. 0. 0. 0. 0. 1. 1. 0. 1. 0. 0. 0. 0. 0. 0. 0. 1. 0. 1. 0. 1. 0. 0. 1.],8.0,10000,30,0.6,10,1,8,,problem_solving
9800,0.025555611124922,0.004602650416661348,0.4,22.442446655866824,[0.         0.         0.         0.         0.         0.         0.0146953  0.         0.         0.         0.         0.         0.01173311 0.01113522 0.         0.01108013 0.         0.         0.         0.         0.         0.         0.         0.01672126 0.         0.90413575 0.         0.01451903 0.         0.         0.01598021],[0. 0. 0. 0. 0. 0. 1. 0. 0. 0. 0. 0. 1. 1. 0. 1. 0. 0. 0. 0. 0. 0. 0. 1. 0. 1. 0. 1. 0. 0. 1.],8.0,10000,30,0.6,10,1,8,,problem_solving
9900,0.025555611124922,0.004602650416661348,0.4,10.336222978373161,[0.         0.         0.         0.         0.         0.         0.0146953  0.         0.         0.         0.         0.         0.01173311 0.01113522 0.         0.01108013 0.         0.         0.         0.         0.         0.         0.         0.01672126 0.         0.90413575 0.         0.01451903 0.         0.         0.01598021],[0. 0. 0. 0. 0. 0. 1. 0. 0. 0. 0. 0. 1. 1. 0. 1. 0. 0. 0. 0. 0. 0. 0. 1. 0. 1. 0. 1. 0. 0. 1.],8.0,10000,30,0.6,10,1,8,,problem_solving
9999,0.025555611124922,0.004602650416661348,0.4,2.530467399901299,[0.         0.         0.         0.         0.         0.         0.0146953  0.         0.         0.         0.         0.         0.01173311 0.01113522 0.         0.01108013 0.         0.         0.         0.         0.         0.         0.         0.01672126 0.         0.90413575 0.         0.01451903 0.         0.         0.01598021],[0. 0. 0. 0. 0. 0. 1. 0. 0. 0. 0. 0. 1. 1. 0. 1. 0. 0. 0. 0. 0. 0. 0. 1. 0. 1. 0. 1. 0. 0. 1.],8.0,10000,30,0.6,10,1,8,,problem_solving
