iter,cost,return,par,move,X,Z,Q,max_iter,mem_size,mem_consider,sigma,port_n,k,seed,tag
1,0.1882524291954453,0.005441567100353818,0.4,-6.082358915056952,[0.         0.         0.         0.01745263 0.         0.         0.         0.         0.01061993 0.01421742 0.         0.         0.0168147  0.01050315 0.         0.01571714 0.         0.         0.         0.01758764 0.01249194 0.         0.         0.         0.         0.86802854 0.         0.         0.         0.01656692 0.        ],[0. 0. 0. 1. 0. 0. 0. 0. 1. 1. 0. 0. 1. 1. 0. 1. 0. 0. 0. 1. 1. 0. 0. 0. 0. 1. 0. 0. 0. 1. 0.],10.0,10000,30,0.6,10,1,10,,problem_solving
100,0.04369640763160662,0.00970179830570145,0.4,-8.273023726187924,[0.         0.         0.         0.01187728 0.         0.         0.01226356 0.         0.         0.         0.0134576  0.         0.01246591 0.         0.         0.         0.         0.         0.         0.01070897 0.         0.         0.         0.0238456  0.01070523 0.87879443 0.0150006  0.         0.         0.         0.01088083],[0. 0. 0. 1. 0. 0. 1. 0. 0. 0. 1. 0. 1. 0. 0. 0. 0. 0. 0. 1. 0. 0. 0. 1. 1. 1. 1. 0. 0. 0. 1.],10.0,10000,30,0.6,10,1,10,,problem_solving
200,0.04059556959369795,0.009702319141621658,0.4,-2.779478754347093,[0.         0.02064012 0.01051804 0.         0.88449767 0.0131977  0.         0.         0.         0.01159287 0.         0.         0.         0.         0.         0.         0.01069203 0.         0.         0.         0.01058189 0.01724922 0.         0.         0.01048498 0.         0.         0.         0.01054548 0.         0.        ],[0. 1. 1. 0. 1. 1. 0. 0. 0. 1. 0. 0. 0. 0. 0. 0. 1. 0. 0. 0. 1. 1. 0. 0. 1. 0. 0. 0. 1. 0. 0.],10.0,10000,30,0.6,10,1,10,,problem_solving
300,0.04059556959369795,0.009702319141621658,0.4,-0.38909886279400063,[0.         0.02064012 0.01051804 0.         0.88449767 0.0131977  0.         0.         0.         0.01159287 0.         0.         0.         0.         0.         0.         0.01069203 0.         0.         0.         0.01058189 0.01724922 0.         0.         0.01048498 0.         0.         0.         0.01054548 0.         0.        ],[0. 1. 1. 0. 1. 1. 0. 0. 0. 1. 0. 0. 0. 0. 0. 0. 1. 0. 0. 0. 1. 1. 0. 0. 1. 0. 0. 0. 1. 0. 0.],10.0,10000,30,0.6,10,1,10,,problem_solving
400,0.04059556959369795,0.009702319141621658,0.4,-2.815017070749431,[0.         0.02064012 0.01051804 0.         0.88449767 0.0131977  0.         0.         0.         0.01159287 0.         0.         0.         0.         0.         0.         0.01069203 0.         0.         0.         0.01058189 0.01724922 0.         0.         0.01048498 0.         0.         0.         0.01054548 0.         0.        ],[0. 1. 1. 0. 1. 1. 0. 0. 0. 1. 0. 0. 0. 0. 0. 0. 1. 0. 0. 0. 1. 1. 0. 0. 1. 0. 0. 0. 1. 0. 0.],10.0,10000,30,0.6,10,1,10,,problem_solving
500,0.04059556959369795,0.009702319141621658,0.4,-10.94964132438044,[0.         0.02064012 0.01051804 0.         0.88449767 0.0131977  0.         0.         0.         0.01159287 0.         0.         0.         0.         0.         0.         0.01069203 0.         0.         0.         0.01058189 0.01724922 0.         0.         0.01048498 0.         0.         0.         0.01054548 0.         0.        ],[0. 1. 1. 0. 1. 1. 0. 0. 0. 1. 0. 0. 0. 0. 0. 0. 1. 0. 0. 0. 1. 1. 0. 0. 1. 0. 0. 0. 1. 0. 0.],10.0,10000,30,0.6,10,1,10,,problem_solving
600,0.04059556959369795,0.009702319141621658,0.4,-5.745575561012607,[0.         0.02064012 0.01051804 0.         0.88449767 0.0131977  0.         0.         0.         0.01159287 0.         0.         0.         0.         0.         0.         0.01069203 0.         0.         0.         0.01058189 0.01724922 0.         0.         0.01048498 0.         0.         0.         0.01054548 0.         0.        ],[0. 1. 1. 0. 1. 1. 0. 0. 0. 1. 0. 0. 0. 0. 0. 0. 1. 0. 0. 0. 1. 1. 0. 0. 1. 0. 0. 0. 1. 0. 0.],10.0,10000,30,0.6,10,1,10,,problem_solving
700,0.04059556959369795,0.009702319141621658,0.4,-7.979727848952912,[0.         0.02064012 0.01051804 0.         0.88449767 0.0131977  0.         0.         0.         0.01159287 0.         0.         0.         0.         0.         0.         0.01069203 0.         0.         0.         0.01058189 0.01724922 0.         0.         0.01048498 0.         0.         0.         0.01054548 0.         0.        ],[0. 1. 1. 0. 1. 1. 0. 0. 0. 1. 0. 0. 0. 0. 0. 0. 1. 0. 0. 0. 1. 1. 0. 0. 1. 0. 0. 0. 1. 0. 0.],10.0,10000,30,0.6,10,1,10,,problem_solving
800,0.04059556959369795,0.009702319141621658,0.4,12.007173730809651,[0.         0.02064012 0.01051804 0.         0.88449767 0.0131977  0.         0.         0.         0.01159287 0.         0.         0.         0.         0.         0.         0.01069203 0.         0.         0.         0.01058189 0.01724922 0.         0.         0.01048498 0.         0.         0.         0.01054548 0.         0.        ],[0. 1. 1. 0. 1. 1. 0. 0. 0. 1. 0. 0. 0. 0. 0. 0. 1. 0. 0. 0. 1. 1. 0. 0. 1. 0. 0. 0. 1. 0. 0.],10.0,10000,30,0.6,10,1,10,,problem_solving
900,0.032877133507464434,0.00468238760457412,0.4,-1.2934530566750146,[0.         0.         0.0105905  0.         0.         0.         0.         0.         0.02489003 0.         0.         0.         0.         0.01072697 0.02564188 0.         0.01245783 0.01072334 0.01078026 0.01057822 0.         0.         0.01301675 0.         0.         0.87059423 0.         0.         0.         0.         0.        ],[0. 0. 1. 0. 0. 0. 0. 0. 1. 0. 0. 0. 0. 1. 1. 0. 1. 1. 1. 1. 0. 0. 1. 0. 0. 1. 0. 0. 0. 0. 0.],10.0,10000,30,0.6,10,1,10,,problem_solving
1000,0.032877133507464434,0.00468238760457412,0.4,-15.725165438773555,[0.         0.         0.0105905  0.         0.         0.         0.         0.         0.02489003 0.         0.         0.         0.         0.01072697 0.02564188 0.         0.01245783 0.01072334 0.01078026 0.01057822 0.         0.         0.01301675 0.         0.         0.87059423 0.         0.         0.         0.         0.        ],[0. 0. 1. 0. 0. 0. 0. 0. 1. 0. 0. 0. 0. 1. 1. 0. 1. 1. 1. 1. 0. 0. 1. 0. 0. 1. 0. 0. 0. 0. 0.],10.0,10000,30,0.6,10,1,10,,problem_solving
1100,0.032877133507464434,0.00468238760457412,0.4,-3.601219751506275,[0.         0.         0.0105905  0.         0.         0.         0.         0.         0.02489003 0.         0.         0.         0.         0.01072697 0.02564188 0.         0.01245783 0.01072334 0.01078026 0.01057822 0.         0.         0.01301675 0.         0.         0.87059423 0.         0.         0.         0.         0.        ],[0. 0. 1. 0. 0. 0. 0. 0. 1. 0. 0. 0. 0. 1. 1. 0. 1. 1. 1. 1. 0. 0. 1. 0. 0. 1. 0. 0. 0. 0. 0.],10.0,10000,30,0.6,10,1,10,,problem_solving
1200,0.032877133507464434,0.00468238760457412,0.4,2.9859190968947322,[0.         0.         0.0105905  0.         0.         0.         0.         0.         0.02489003 0.         0.         0.         0.         0.01072697 0.02564188 0.         0.01245783 0.01072334 0.01078026 0.01057822 0.         0.         0.01301675 0.         0.         0.87059423 0.         0.         0.         0.         0.        ],[0. 0. 1. 0. 0. 0. 0. 0. 1. 0. 0. 0. 0. 1. 1. 0. 1. 1. 1. 1. 0. 0. 1. 0. 0. 1. 0. 0. 0. 0. 0.],10.0,10000,30,0.6,10,1,10,,problem_solving
1300,0.032877133507464434,0.00468238760457412,0.4,-13.063194360960797,[0.         0.         0.0105905  0.         0.         0.         0.         0.         0.02489003 0.         0.         0.         0.         0.01072697 0.02564188 0.         0.01245783 0.01072334 0.01078026 0.01057822 0.         0.         0.01301675 0.         0.         0.87059423 0.         0.         0.         0.         0.        ],[0. 0. 1. 0. 0. 0. 0. 0. 1. 0. 0. 0. 0. 1. 1. 0. 1. 1. 1. 1. 0. 0. 1. 0. 0. 1. 0. 0. 0. 0. 0.],10.0,10000,30,0.6,10,1,10,,problem_solving
1400,0.032877133507464434,0.00468238760457412,0.4,15.059596309889276,[0.         0.         0.0105905  0.         0.         0.         0.         0.         0.02489003 0.         0.         0.         0.         0.01072697 0.02564188 0.         0.01245783 0.01072334 0.01078026 0.01057822 0.         0.         0.01301675 0.         0.         0.87059423 0.         0.         0.         0.         0.        ],[0. 0. 1. 0. 0. 0. 0. 0. 1. 0. 0. 0. 0. 1. 1. 0. 1. 1. 1. 1. 0. 0. 1. 0. 0. 1. 0. 0. 0. 0. 0.],10.0,10000,30,0.6,10,1,10,,problem_solving
1500,0.032877133507464434,0.00468238760457412,0.4,8.427797586018361,[0.         0.         0.0105905  0.         0.         0.         0.         0.         0.02489003 0.         0.         0.         0.         0.01072697 0.02564188 0.         0.01245783 0.01072334 0.01078026 0.01057822 0.         0.         0.01301675 0.         0.         0.87059423 0.         0.         0.         0.         0.        ],[0. 0. 1. 0. 0. 0. 0. 0. 1. 0. 0. 0. 0. 1. 1. 0. 1. 1. 1. 1. 0. 0. 1. 0. 0. 1. 0. 0. 0. 0. 0.],10.0,10000,30,0.6,10,1,10,,problem_solving
1600,0.032877133507464434,0.00468238760457412,0.4,-15.390824780591698,[0.         0.         0.0105905  0.         0.         0.         0.         0.         0.02489003 0.         0.         0.         0.         0.01072697 0.02564188 0.         0.01245783 0.01072334 0.01078026 0.01057822 0.         0.         0.01301675 0.         0.         0.87059423 0.         0.         0.         0.         0.        ],[0. 0. 1. 0. 0. 0. 0. 0. 1. 0. 0. 0. 0. 1. 1. 0. 1. 1. 1. 1. 0. 0. 1. 0. 0. 1. 0. 0. 0. 0. 0.],10.0,10000,30,0.6,10,1,10,,problem_solving
1700,0.032877133507464434,0.00468238760457412,0.4,11.227673995569127,[0.         0.         0.0105905  0.         0.         0.         0.         0.         0.02489003 0.         0.         0.         0.         0.01072697 0.02564188 0.         0.01245783 0.01072334 0.01078026 0.01057822 0.         0.         0.01301675 0.         0.         0.87059423 0.         0.         0.         0.         0.        ],[0. 0. 1. 0. 0. 0. 0. 0. 1. 0. 0. 0. 0. 1. 1. 0. 1. 1. 1. 1. 0. 0. 1. 0. 0. 1. 0. 0. 0. 0. 0.],10.0,10000,30,0.6,10,1,10,,problem_solving
1800,0.032877133507464434,0.00468238760457412,0.4,22.92432817562546,[0.         0.         0.0105905  0.         0.         0.         0.         0.         0.02489003 0.         0.         0.         0.         0.01072697 0.02564188 0.         0.01245783 0.01072334 0.01078026 0.01057822 0.         0.         0.01301675 0.         0.         0.87059423 0.         0.         0.         0.         0.        ],[0. 0. 1. 0. 0. 0. 0. 0. 1. 0. 0. 0. 0. 1. 1. 0. 1. 1. 1. 1. 0. 0. 1. 0. 0. 1. 0. 0. 0. 0. 0.],10.0,10000,30,0.6,10,1,10,,problem_solving
1900,0.032877133507464434,0.00468238760457412,0.4,-24.19789639757612,[0.         0.         0.0105905  0.         0.         0.         0.         0.         0.02489003 0.         0.         0.         0.         0.01072697 0.02564188 0.         0.01245783 0.01072334 0.01078026 0.01057822 0.         0.         0.01301675 0.         0.         0.87059423 0.         0.         0.         0.         0.        ],[0. 0. 1. 0. 0. 0. 0. 0. 1. 0. 0. 0. 0. 1. 1. 0. 1. 1. 1. 1. 0. 0. 1. 0. 0. 1. 0. 0. 0. 0. 0.],10.0,10000,30,0.6,10,1,10,,problem_solving
2000,0.032877133507464434,0.00468238760457412,0.4,3.6921580776056873,[0.         0.         0.0105905  0.         0.         0.         0.         0.         0.02489003 0.         0.         0.         0.         0.01072697 0.02564188 0.         0.01245783 0.01072334 0.01078026 0.01057822 0.         0.         0.01301675 0.         0.         0.87059423 0.         0.         0.         0.         0.        ],[0. 0. 1. 0. 0. 0. 0. 0. 1. 0. 0. 0. 0. 1. 1. 0. 1. 1. 1. 1. 0. 0. 1. 0. 0. 1. 0. 0. 0. 0. 0.],10.0,10000,30,0.6,10,1,10,,problem_solving
2100,0.032877133507464434,0.00468238760457412,0.4,-9.6817585874748,[0.         0.         0.0105905  0.         0.         0.         0.         0.         0.02489003 0.         0.         0.         0.         0.01072697 0.02564188 0.         0.01245783 0.01072334 0.01078026 0.01057822 0.         0.         0.01301675 0.         0.         0.87059423 0.         0.         0.         0.         0.        ],[0. 0. 1. 0. 0. 0. 0. 0. 1. 0. 0. 0. 0. 1. 1. 0. 1. 1. 1. 1. 0. 0. 1. 0. 0. 1. 0. 0. 0. 0. 0.],10.0,10000,30,0.6,10,1,10,,problem_solving
2200,0.032877133507464434,0.00468238760457412,0.4,-12.325058369365792,[0.         0.         0.0105905  0.         0.         0.         0.         0.         0.02489003 0.         0.         0.         0.         0.01072697 0.02564188 0.         0.01245783 0.01072334 0.01078026 0.01057822 0.         0.         0.01301675 0.         0.         0.87059423 0.         0.         0.         0.         0.        ],[0. 0. 1. 0. 0. 0. 0. 0. 1. 0. 0. 0. 0. 1. 1. 0. 1. 1. 1. 1. 0. 0. 1. 0. 0. 1. 0. 0. 0. 0. 0.],10.0,10000,30,0.6,10,1,10,,problem_solving
2300,0.032877133507464434,0.00468238760457412,0.4,12.722663723657625,[0.         0.         0.0105905  0.         0.         0.         0.         0.         0.02489003 0.         0.         0.         0.         0.01072697 0.02564188 0.         0.01245783 0.01072334 0.01078026 0.01057822 0.         0.         0.01301675 0.         0.         0.87059423 0.         0.         0.         0.         0.        ],[0. 0. 1. 0. 0. 0. 0. 0. 1. 0. 0. 0. 0. 1. 1. 0. 1. 1. 1. 1. 0. 0. 1. 0. 0. 1. 0. 0. 0. 0. 0.],10.0,10000,30,0.6,10,1,10,,problem_solving
2400,0.032877133507464434,0.00468238760457412,0.4,-8.716114061549566,[0.         0.         0.0105905  0.         0.         0.         0.         0.         0.02489003 0.         0.         0.         0.         0.01072697 0.02564188 0.         0.01245783 0.01072334 0.01078026 0.01057822 0.         0.         0.01301675 0.         0.         0.87059423 0.         0.         0.         0.         0.        ],[0. 0. 1. 0. 0. 0. 0. 0. 1. 0. 0. 0. 0. 1. 1. 0. 1. 1. 1. 1. 0. 0. 1. 0. 0. 1. 0. 0. 0. 0. 0.],10.0,10000,30,0.6,10,1,10,,problem_solving
2500,0.032877133507464434,0.00468238760457412,0.4,7.6678628678032,[0.         0.         0.0105905  0.         0.         0.         0.         0.         0.02489003 0.         0.         0.         0.         0.01072697 0.02564188 0.         0.01245783 0.01072334 0.01078026 0.01057822 0.         0.         0.01301675 0.         0.         0.87059423 0.         0.         0.         0.         0.        ],[0. 0. 1. 0. 0. 0. 0. 0. 1. 0. 0. 0. 0. 1. 1. 0. 1. 1. 1. 1. 0. 0. 1. 0. 0. 1. 0. 0. 0. 0. 0.],10.0,10000,30,0.6,10,1,10,,problem_solving
2600,0.032877133507464434,0.00468238760457412,0.4,-1.4902193731491689,[0.         0.         0.0105905  0.         0.         0.         0.         0.         0.02489003 0.         0.         0.         0.         0.01072697 0.02564188 0.         0.01245783 0.01072334 0.01078026 0.01057822 0.         0.         0.01301675 0.         0.         0.87059423 0.         0.         0.         0.         0.        ],[0. 0. 1. 0. 0. 0. 0. 0. 1. 0. 0. 0. 0. 1. 1. 0. 1. 1. 1. 1. 0. 0. 1. 0. 0. 1. 0. 0. 0. 0. 0.],10.0,10000,30,0.6,10,1,10,,problem_solving
2700,0.032877133507464434,0.00468238760457412,0.4,-6.931155942538709,[0.         0.         0.0105905  0.         0.         0.         0.         0.         0.02489003 0.         0.         0.         0.         0.01072697 0.02564188 0.         0.01245783 0.01072334 0.01078026 0.01057822 0.         0.         0.01301675 0.         0.         0.87059423 0.         0.         0.         0.         0.        ],[0. 0. 1. 0. 0. 0. 0. 0. 1. 0. 0. 0. 0. 1. 1. 0. 1. 1. 1. 1. 0. 0. 1. 0. 0. 1. 0. 0. 0. 0. 0.],10.0,10000,30,0.6,10,1,10,,problem_solving
2800,0.032877133507464434,0.00468238760457412,0.4,-8.66959805347604,[0.         0.         0.0105905  0.         0.         0.         0.         0.         0.02489003 0.         0.         0.         0.         0.01072697 0.02564188 0.         0.01245783 0.01072334 0.01078026 0.01057822 0.         0.         0.01301675 0.         0.         0.87059423 0.         0.         0.         0.         0.        ],[0. 0. 1. 0. 0. 0. 0. 0. 1. 0. 0. 0. 0. 1. 1. 0. 1. 1. 1. 1. 0. 0. 1. 0. 0. 1. 0. 0. 0. 0. 0.],10.0,10000,30,0.6,10,1,10,,problem_solving
2900,0.032877133507464434,0.00468238760457412,0.4,11.193699401664386,[0.         0.         0.0105905  0.         0.         0.         0.         0.         0.02489003 0.         0.         0.         0.         0.01072697 0.02564188 0.         0.01245783 0.01072334 0.01078026 0.01057822 0.         0.         0.01301675 0.         0.         0.87059423 0.         0.         0.         0.         0.        ],[0. 0. 1. 0. 0. 0. 0. 0. 1. 0. 0. 0. 0. 1. 1. 0. 1. 1. 1. 1. 0. 0. 1. 0. 0. 1. 0. 0. 0. 0. 0.],10.0,10000,30,0.6,10,1,10,,problem_solving
3000,0.032877133507464434,0.00468238760457412,0.4,0.38881409357454866,[0.         0.         0.0105905  0.         0.         0.         0.         0.         0.02489003 0.         0.         0.         0.         0.01072697 0.02564188 0.         0.01245783 0.01072334 0.01078026 0.01057822 0.         0.         0.01301675 0.         0.         0.87059423 0.         0.         0.         0.         0.        ],[0. 0. 1. 0. 0. 0. 0. 0. 1. 0. 0. 0. 0. 1. 1. 0. 1. 1. 1. 1. 0. 0. 1. 0. 0. 1. 0. 0. 0. 0. 0.],10.0,10000,30,0.6,10,1,10,,problem_solving
3100,0.032877133507464434,0.00468238760457412,0.4,-6.021265578866971,[0.         0.         0.0105905  0.         0.         0.         0.         0.         0.02489003 0.         0.         0.         0.         0.01072697 0.02564188 0.         0.01245783 0.01072334 0.01078026 0.01057822 0.         0.         0.01301675 0.         0.         0.87059423 0.         0.         0.         0.         0.        ],[0. 0. 1. 0. 0. 0. 0. 0. 1. 0. 0. 0. 0. 1. 1. 0. 1. 1. 1. 1. 0. 0. 1. 0. 0. 1. 0. 0. 0. 0. 0.],10.0,10000,30,0.6,10,1,10,,problem_solving
3200,0.032877133507464434,0.00468238760457412,0.4,10.45120379202145,[0.         0.         0.0105905  0.         0.         0.         0.         0.         0.02489003 0.         0.         0.         0.         0.01072697 0.02564188 0.         0.01245783 0.01072334 0.01078026 0.01057822 0.         0.         0.01301675 0.         0.         0.87059423 0.         0.         0.         0.         0.        ],[0. 0. 1. 0. 0. 0. 0. 0. 1. 0. 0. 0. 0. 1. 1. 0. 1. 1. 1. 1. 0. 0. 1. 0. 0. 1. 0. 0. 0. 0. 0.],10.0,10000,30,0.6,10,1,10,,problem_solving
3300,0.032877133507464434,0.00468238760457412,0.4,-5.839789819724922,[0.         0.         0.0105905  0.         0.         0.         0.         0.         0.02489003 0.         0.         0.         0.         0.01072697 0.02564188 0.         0.01245783 0.01072334 0.01078026 0.01057822 0.         0.         0.01301675 0.         0.         0.87059423 0.         0.         0.         0.         0.        ],[0. 0. 1. 0. 0. 0. 0. 0. 1. 0. 0. 0. 0. 1. 1. 0. 1. 1. 1. 1. 0. 0. 1. 0. 0. 1. 0. 0. 0. 0. 0.],10.0,10000,30,0.6,10,1,10,,problem_solving
3400,0.032877133507464434,0.00468238760457412,0.4,-4.906980061956082,[0.         0.         0.0105905  0.         0.         0.         0.         0.         0.02489003 0.         0.         0.         0.         0.01072697 0.02564188 0.         0.01245783 0.01072334 0.01078026 0.01057822 0.         0.         0.01301675 0.         0.         0.87059423 0.         0.         0.         0.         0.        ],[0. 0. 1. 0. 0. 0. 0. 0. 1. 0. 0. 0. 0. 1. 1. 0. 1. 1. 1. 1. 0. 0. 1. 0. 0. 1. 0. 0. 0. 0. 0.],10.0,10000,30,0.6,10,1,10,,problem_solving
3500,0.032877133507464434,0.00468238760457412,0.4,-8.058335897494594,[0.         0.         0.0105905  0.         0.         0.         0.         0.         0.02489003 0.         0.         0.         0.         0.01072697 0.02564188 0.         0.01245783 0.01072334 0.01078026 0.01057822 0.         0.         0.01301675 0.         0.         0.87059423 0.         0.         0.         0.         0.        ],[0. 0. 1. 0. 0. 0. 0. 0. 1. 0. 0. 0. 0. 1. 1. 0. 1. 1. 1. 1. 0. 0. 1. 0. 0. 1. 0. 0. 0. 0. 0.],10.0,10000,30,0.6,10,1,10,,problem_solving
3600,0.032877133507464434,0.00468238760457412,0.4,11.076152083748706,[0.         0.         0.0105905  0.         0.         0.         0.         0.         0.02489003 0.         0.         0.         0.         0.01072697 0.02564188 0.         0.01245783 0.01072334 0.01078026 0.01057822 0.         0.         0.01301675 0.         0.         0.87059423 0.         0.         0.         0.         0.        ],[0. 0. 1. 0. 0. 0. 0. 0. 1. 0. 0. 0. 0. 1. 1. 0. 1. 1. 1. 1. 0. 0. 1. 0. 0. 1. 0. 0. 0. 0. 0.],10.0,10000,30,0.6,10,1,10,,problem_solving
3700,0.032877133507464434,0.00468238760457412,0.4,4.526130851875112,[0.         0.         0.0105905  0.         0.         0.         0.         0.         0.02489003 0.         0.         0.         0.         0.01072697 0.02564188 0.         0.01245783 0.01072334 0.01078026 0.01057822 0.         0.         0.01301675 0.         0.         0.87059423 0.         0.         0.         0.         0.        ],[0. 0. 1. 0. 0. 0. 0. 0. 1. 0. 0. 0. 0. 1. 1. 0. 1. 1. 1. 1. 0. 0. 1. 0. 0. 1. 0. 0. 0. 0. 0.],10.0,10000,30,0.6,10,1,10,,problem_solving
3800,0.032877133507464434,0.00468238760457412,0.4,2.8887451393005277,[0.         0.         0.0105905  0.         0.         0.         0.         0.         0.02489003 0.         0.         0.         0.         0.01072697 0.02564188 0.         0.01245783 0.01072334 0.01078026 0.01057822 0.         0.         0.01301675 0.         0.         0.87059423 0.         0.         0.         0.         0.        ],[0. 0. 1. 0. 0. 0. 0. 0. 1. 0. 0. 0. 0. 1. 1. 0. 1. 1. 1. 1. 0. 0. 1. 0. 0. 1. 0. 0. 0. 0. 0.],10.0,10000,30,0.6,10,1,10,,problem_solving
3900,0.032877133507464434,0.00468238760457412,0.4,-4.726846924662145,[0.         0.         0.0105905  0.         0.         0.         0.         0.         0.02489003 0.         0.         0.         0.         0.01072697 0.02564188 0.         0.01245783 0.01072334 0.01078026 0.01057822 0.         0.         0.01301675 0.         0.         0.87059423 0.         0.         0.         0.         0.        ],[0. 0. 1. 0. 0. 0. 0. 0. 1. 0. 0. 0. 0. 1. 1. 0. 1. 1. 1. 1. 0. 0. 1. 0. 0. 1. 0. 0. 0. 0. 0.],10.0,10000,30,0.6,10,1,10,,problem_solving
4000,0.032877133507464434,0.00468238760457412,0.4,-6.492984428655875,[0.         0.         0.0105905  0.         0.         0.         0.         0.         0.02489003 0.         0.         0.         0.         0.01072697 0.02564188 0.         0.01245783 0.01072334 0.01078026 0.01057822 0.         0.         0.01301675 0.         0.         0.87059423 0.         0.         0.         0.         0.        ],[0. 0. 1. 0. 0. 0. 0. 0. 1. 0. 0. 0. 0. 1. 1. 0. 1. 1. 1. 1. 0. 0. 1. 0. 0. 1. 0. 0. 0. 0. 0.],10.0,10000,30,0.6,10,1,10,,problem_solving
4100,0.032877133507464434,0.00468238760457412,0.4,3.219969502688854,[0.         0.         0.0105905  0.         0.         0.         0.         0.         0.02489003 0.         0.         0.         0.         0.01072697 0.02564188 0.         0.01245783 0.01072334 0.01078026 0.01057822 0.         0.         0.01301675 0.         0.         0.87059423 0.         0.         0.         0.         0.        ],[0. 0. 1. 0. 0. 0. 0. 0. 1. 0. 0. 0. 0. 1. 1. 0. 1. 1. 1. 1. 0. 0. 1. 0. 0. 1. 0. 0. 0. 0. 0.],10.0,10000,30,0.6,10,1,10,,problem_solving
4200,0.032877133507464434,0.00468238760457412,0.4,16.652307956165682,[0.         0.         0.0105905  0.         0.         0.         0.         0.         0.02489003 0.         0.         0.         0.         0.01072697 0.02564188 0.         0.01245783 0.01072334 0.01078026 0.01057822 0.         0.         0.01301675 0.         0.         0.87059423 0.         0.         0.         0.         0.        ],[0. 0. 1. 0. 0. 0. 0. 0. 1. 0. 0. 0. 0. 1. 1. 0. 1. 1. 1. 1. 0. 0. 1. 0. 0. 1. 0. 0. 0. 0. 0.],10.0,10000,30,0.6,10,1,10,,problem_solving
4300,0.032877133507464434,0.00468238760457412,0.4,5.420169764826149,[0.         0.         0.0105905  0.         0.         0.         0.         0.         0.02489003 0.         0.         0.         0.         0.01072697 0.02564188 0.         0.01245783 0.01072334 0.01078026 0.01057822 0.         0.         0.01301675 0.         0.         0.87059423 0.         0.         0.         0.         0.        ],[0. 0. 1. 0. 0. 0. 0. 0. 1. 0. 0. 0. 0. 1. 1. 0. 1. 1. 1. 1. 0. 0. 1. 0. 0. 1. 0. 0. 0. 0. 0.],10.0,10000,30,0.6,10,1,10,,problem_solving
4400,0.032877133507464434,0.00468238760457412,0.4,10.040477972576024,[0.         0.         0.0105905  0.         0.         0.         0.         0.         0.02489003 0.         0.         0.         0.         0.01072697 0.02564188 0.         0.01245783 0.01072334 0.01078026 0.01057822 0.         0.         0.01301675 0.         0.         0.87059423 0.         0.         0.         0.         0.        ],[0. 0. 1. 0. 0. 0. 0. 0. 1. 0. 0. 0. 0. 1. 1. 0. 1. 1. 1. 1. 0. 0. 1. 0. 0. 1. 0. 0. 0. 0. 0.],10.0,10000,30,0.6,10,1,10,,problem_solving
4500,0.032877133507464434,0.00468238760457412,0.4,-15.839997009147805,[0.         0.         0.0105905  0.         0.         0.         0.         0.         0.02489003 0.         0.         0.         0.         0.01072697 0.02564188 0.         0.01245783 0.01072334 0.01078026 0.01057822 0.         0.         0.01301675 0.         0.         0.87059423 0.         0.         0.         0.         0.        ],[0. 0. 1. 0. 0. 0. 0. 0. 1. 0. 0. 0. 0. 1. 1. 0. 1. 1. 1. 1. 0. 0. 1. 0. 0. 1. 0. 0. 0. 0. 0.],10.0,10000,30,0.6,10,1,10,,problem_solving
4600,0.032877133507464434,0.00468238760457412,0.4,0.02594385506422909,[0.         0.         0.0105905  0.         0.         0.         0.         0.         0.02489003 0.         0.         0.         0.         0.01072697 0.02564188 0.         0.01245783 0.01072334 0.01078026 0.01057822 0.         0.         0.01301675 0.         0.         0.87059423 0.         0.         0.         0.         0.        ],[0. 0. 1. 0. 0. 0. 0. 0. 1. 0. 0. 0. 0. 1. 1. 0. 1. 1. 1. 1. 0. 0. 1. 0. 0. 1. 0. 0. 0. 0. 0.],10.0,10000,30,0.6,10,1,10,,problem_solving
4700,0.032877133507464434,0.00468238760457412,0.4,-26.710340155424333,[0.         0.         0.0105905  0.         0.         0.         0.         0.         0.02489003 0.         0.         0.         0.         0.01072697 0.02564188 0.         0.01245783 0.01072334 0.01078026 0.01057822 0.         0.         0.01301675 0.         0.         0.87059423 0.         0.         0.         0.         0.        ],[0. 0. 1. 0. 0. 0. 0. 0. 1. 0. 0. 0. 0. 1. 1. 0. 1. 1. 1. 1. 0. 0. 1. 0. 0. 1. 0. 0. 0. 0. 0.],10.0,10000,30,0.6,10,1,10,,problem_solving
4800,0.032877133507464434,0.00468238760457412,0.4,0.7575666440167622,[0.         0.         0.0105905  0.         0.         0.         0.         0.         0.02489003 0.         0.         0.         0.         0.01072697 0.02564188 0.         0.01245783 0.01072334 0.01078026 0.01057822 0.         0.         0.01301675 0.         0.         0.87059423 0.         0.         0.         0.         0.        ],[0. 0. 1. 0. 0. 0. 0. 0. 1. 0. 0. 0. 0. 1. 1. 0. 1. 1. 1. 1. 0. 0. 1. 0. 0. 1. 0. 0. 0. 0. 0.],10.0,10000,30,0.6,10,1,10,,problem_solving
4900,0.032877133507464434,0.00468238760457412,0.4,9.713106497342569,[0.         0.         0.0105905  0.         0.         0.         0.         0.         0.02489003 0.         0.         0.         0.         0.01072697 0.02564188 0.         0.01245783 0.01072334 0.01078026 0.01057822 0.         0.         0.01301675 0.         0.         0.87059423 0.         0.         0.         0.         0.        ],[0. 0. 1. 0. 0. 0. 0. 0. 1. 0. 0. 0. 0. 1. 1. 0. 1. 1. 1. 1. 0. 0. 1. 0. 0. 1. 0. 0. 0. 0. 0.],10.0,10000,30,0.6,10,1,10,,problem_solving
5000,0.032877133507464434,0.00468238760457412,0.4,9.926279780635761,[0.         0.         0.0105905  0.         0.         0.         0.         0.         0.02489003 0.         0.         0.         0.         0.01072697 0.02564188 0.         0.01245783 0.01072334 0.01078026 0.01057822 0.         0.         0.01301675 0.         0.         0.87059423 0.         0.         0.         0.         0.        ],[0. 0. 1. 0. 0. 0. 0. 0. 1. 0. 0. 0. 0. 1. 1. 0. 1. 1. 1. 1. 0. 0. 1. 0. 0. 1. 0. 0. 0. 0. 0.],10.0,10000,30,0.6,10,1,10,,problem_solving
5100,0.032877133507464434,0.00468238760457412,0.4,2.6720778148659736,[0.         0.         0.0105905  0.         0.         0.         0.         0.         0.02489003 0.         0.         0.         0.         0.01072697 0.02564188 0.         0.01245783 0.01072334 0.01078026 0.01057822 0.         0.         0.01301675 0.         0.         0.87059423 0.         0.         0.         0.         0.        ],[0. 0. 1. 0. 0. 0. 0. 0. 1. 0. 0. 0. 0. 1. 1. 0. 1. 1. 1. 1. 0. 0. 1. 0. 0. 1. 0. 0. 0. 0. 0.],10.0,10000,30,0.6,10,1,10,,problem_solving
5200,0.032877133507464434,0.00468238760457412,0.4,2.9301180991508464,[0.         0.         0.0105905  0.         0.         0.         0.         0.         0.02489003 0.         0.         0.         0.         0.01072697 0.02564188 0.         0.01245783 0.01072334 0.01078026 0.01057822 0.         0.         0.01301675 0.         0.         0.87059423 0.         0.         0.         0.         0.        ],[0. 0. 1. 0. 0. 0. 0. 0. 1. 0. 0. 0. 0. 1. 1. 0. 1. 1. 1. 1. 0. 0. 1. 0. 0. 1. 0. 0. 0. 0. 0.],10.0,10000,30,0.6,10,1,10,,problem_solving
5300,0.032877133507464434,0.00468238760457412,0.4,1.0785867424329774,[0.         0.         0.0105905  0.         0.         0.         0.         0.         0.02489003 0.         0.         0.         0.         0.01072697 0.02564188 0.         0.01245783 0.01072334 0.01078026 0.01057822 0.         0.         0.01301675 0.         0.         0.87059423 0.         0.         0.         0.         0.        ],[0. 0. 1. 0. 0. 0. 0. 0. 1. 0. 0. 0. 0. 1. 1. 0. 1. 1. 1. 1. 0. 0. 1. 0. 0. 1. 0. 0. 0. 0. 0.],10.0,10000,30,0.6,10,1,10,,problem_solving
5400,0.032877133507464434,0.00468238760457412,0.4,10.125824647959242,[0.         0.         0.0105905  0.         0.         0.         0.         0.         0.02489003 0.         0.         0.         0.         0.01072697 0.02564188 0.         0.01245783 0.01072334 0.01078026 0.01057822 0.         0.         0.01301675 0.         0.         0.87059423 0.         0.         0.         0.         0.        ],[0. 0. 1. 0. 0. 0. 0. 0. 1. 0. 0. 0. 0. 1. 1. 0. 1. 1. 1. 1. 0. 0. 1. 0. 0. 1. 0. 0. 0. 0. 0.],10.0,10000,30,0.6,10,1,10,,problem_solving
5500,0.032877133507464434,0.00468238760457412,0.4,0.015249112539496812,[0.         0.         0.0105905  0.         0.         0.         0.         0.         0.02489003 0.         0.         0.         0.         0.01072697 0.02564188 0.         0.01245783 0.01072334 0.01078026 0.01057822 0.         0.         0.01301675 0.         0.         0.87059423 0.         0.         0.         0.         0.        ],[0. 0. 1. 0. 0. 0. 0. 0. 1. 0. 0. 0. 0. 1. 1. 0. 1. 1. 1. 1. 0. 0. 1. 0. 0. 1. 0. 0. 0. 0. 0.],10.0,10000,30,0.6,10,1,10,,problem_solving
5600,0.032877133507464434,0.00468238760457412,0.4,4.697959734277272,[0.         0.         0.0105905  0.         0.         0.         0.         0.         0.02489003 0.         0.         0.         0.         0.01072697 0.02564188 0.         0.01245783 0.01072334 0.01078026 0.01057822 0.         0.         0.01301675 0.         0.         0.87059423 0.         0.         0.         0.         0.        ],[0. 0. 1. 0. 0. 0. 0. 0. 1. 0. 0. 0. 0. 1. 1. 0. 1. 1. 1. 1. 0. 0. 1. 0. 0. 1. 0. 0. 0. 0. 0.],10.0,10000,30,0.6,10,1,10,,problem_solving
5700,0.032877133507464434,0.00468238760457412,0.4,9.33736839772105,[0.         0.         0.0105905  0.         0.         0.         0.         0.         0.02489003 0.         0.         0.         0.         0.01072697 0.02564188 0.         0.01245783 0.01072334 0.01078026 0.01057822 0.         0.         0.01301675 0.         0.         0.87059423 0.         0.         0.         0.         0.        ],[0. 0. 1. 0. 0. 0. 0. 0. 1. 0. 0. 0. 0. 1. 1. 0. 1. 1. 1. 1. 0. 0. 1. 0. 0. 1. 0. 0. 0. 0. 0.],10.0,10000,30,0.6,10,1,10,,problem_solving
5800,0.032877133507464434,0.00468238760457412,0.4,9.473421202530277,[0.         0.         0.0105905  0.         0.         0.         0.         0.         0.02489003 0.         0.         0.         0.         0.01072697 0.02564188 0.         0.01245783 0.01072334 0.01078026 0.01057822 0.         0.         0.01301675 0.         0.         0.87059423 0.         0.         0.         0.         0.        ],[0. 0. 1. 0. 0. 0. 0. 0. 1. 0. 0. 0. 0. 1. 1. 0. 1. 1. 1. 1. 0. 0. 1. 0. 0. 1. 0. 0. 0. 0. 0.],10.0,10000,30,0.6,10,1,10,,problem_solving
5900,0.032877133507464434,0.00468238760457412,0.4,13.30409184043827,[0.         0.         0.0105905  0.         0.         0.         0.         0.         0.02489003 0.         0.         0.         0.         0.01072697 0.02564188 0.         0.01245783 0.01072334 0.01078026 0.01057822 0.         0.         0.01301675 0.         0.         0.87059423 0.         0.         0.         0.         0.        ],[0. 0. 1. 0. 0. 0. 0. 0. 1. 0. 0. 0. 0. 1. 1. 0. 1. 1. 1. 1. 0. 0. 1. 0. 0. 1. 0. 0. 0. 0. 0.],10.0,10000,30,0.6,10,1,10,,problem_solving
6000,0.032877133507464434,0.00468238760457412,0.4,1.640248436415956,[0.         0.         0.0105905  0.         0.         0.         0.         0.         0.02489003 0.         0.         0.         0.         0.01072697 0.02564188 0.         0.01245783 0.01072334 0.01078026 0.01057822 0.         0.         0.01301675 0.         0.         0.87059423 0.         0.         0.         0.         0.        ],[0. 0. 1. 0. 0. 0. 0. 0. 1. 0. 0. 0. 0. 1. 1. 0. 1. 1. 1. 1. 0. 0. 1. 0. 0. 1. 0. 0. 0. 0. 0.],10.0,10000,30,0.6,10,1,10,,problem_solving
6100,0.032877133507464434,0.00468238760457412,0.4,-1.4570255788519961,[0.         0.         0.0105905  0.         0.         0.         0.         0.         0.02489003 0.         0.         0.         0.         0.01072697 0.02564188 0.         0.01245783 0.01072334 0.01078026 0.01057822 0.         0.         0.01301675 0.         0.         0.87059423 0.         0.         0.         0.         0.        ],[0. 0. 1. 0. 0. 0. 0. 0. 1. 0. 0. 0. 0. 1. 1. 0. 1. 1. 1. 1. 0. 0. 1. 0. 0. 1. 0. 0. 0. 0. 0.],10.0,10000,30,0.6,10,1,10,,problem_solving
6200,0.032877133507464434,0.00468238760457412,0.4,-2.650937365191023,[0.         0.         0.0105905  0.         0.         0.         0.         0.         0.02489003 0.         0.         0.         0.         0.01072697 0.02564188 0.         0.01245783 0.01072334 0.01078026 0.01057822 0.         0.         0.01301675 0.         0.         0.87059423 0.         0.         0.         0.         0.        ],[0. 0. 1. 0. 0. 0. 0. 0. 1. 0. 0. 0. 0. 1. 1. 0. 1. 1. 1. 1. 0. 0. 1. 0. 0. 1. 0. 0. 0. 0. 0.],10.0,10000,30,0.6,10,1,10,,problem_solving
6300,0.032877133507464434,0.00468238760457412,0.4,22.219316634572625,[0.         0.         0.0105905  0.         0.         0.         0.         0.         0.02489003 0.         0.         0.         0.         0.01072697 0.02564188 0.         0.01245783 0.01072334 0.01078026 0.01057822 0.         0.         0.01301675 0.         0.         0.87059423 0.         0.         0.         0.         0.        ],[0. 0. 1. 0. 0. 0. 0. 0. 1. 0. 0. 0. 0. 1. 1. 0. 1. 1. 1. 1. 0. 0. 1. 0. 0. 1. 0. 0. 0. 0. 0.],10.0,10000,30,0.6,10,1,10,,problem_solving
6400,0.032877133507464434,0.00468238760457412,0.4,-11.893079425438861,[0.         0.         0.0105905  0.         0.         0.         0.         0.         0.02489003 0.         0.         0.         0.         0.01072697 0.02564188 0.         0.01245783 0.01072334 0.01078026 0.01057822 0.         0.         0.01301675 0.         0.         0.87059423 0.         0.         0.         0.         0.        ],[0. 0. 1. 0. 0. 0. 0. 0. 1. 0. 0. 0. 0. 1. 1. 0. 1. 1. 1. 1. 0. 0. 1. 0. 0. 1. 0. 0. 0. 0. 0.],10.0,10000,30,0.6,10,1,10,,problem_solving
6500,0.032877133507464434,0.00468238760457412,0.4,8.50122209268857,[0.         0.         0.0105905  0.         0.         0.         0.         0.         0.02489003 0.         0.         0.         0.         0.01072697 0.02564188 0.         0.01245783 0.01072334 0.01078026 0.01057822 0.         0.         0.01301675 0.         0.         0.87059423 0.         0.         0.         0.         0.        ],[0. 0. 1. 0. 0. 0. 0. 0. 1. 0. 0. 0. 0. 1. 1. 0. 1. 1. 1. 1. 0. 0. 1. 0. 0. 1. 0. 0. 0. 0. 0.],10.0,10000,30,0.6,10,1,10,,problem_solving
6600,0.032877133507464434,0.00468238760457412,0.4,6.046485464574412,[0.         0.         0.0105905  0.         0.         0.         0.         0.         0.02489003 0.         0.         0.         0.         0.01072697 0.02564188 0.         0.01245783 0.01072334 0.01078026 0.01057822 0.         0.         0.01301675 0.         0.         0.87059423 0.         0.         0.         0.         0.        ],[0. 0. 1. 0. 0. 0. 0. 0. 1. 0. 0. 0. 0. 1. 1. 0. 1. 1. 1. 1. 0. 0. 1. 0. 0. 1. 0. 0. 0. 0. 0.],10.0,10000,30,0.6,10,1,10,,problem_solving
6700,0.032877133507464434,0.00468238760457412,0.4,-17.54656867328707,[0.         0.         0.0105905  0.         0.         0.         0.         0.         0.02489003 0.         0.         0.         0.         0.01072697 0.02564188 0.         0.01245783 0.01072334 0.01078026 0.01057822 0.         0.         0.01301675 0.         0.         0.87059423 0.         0.         0.         0.         0.        ],[0. 0. 1. 0. 0. 0. 0. 0. 1. 0. 0. 0. 0. 1. 1. 0. 1. 1. 1. 1. 0. 0. 1. 0. 0. 1. 0. 0. 0. 0. 0.],10.0,10000,30,0.6,10,1,10,,problem_solving
6800,0.032877133507464434,0.00468238760457412,0.4,-3.1263635960285683,[0.         0.         0.0105905  0.         0.         0.         0.         0.         0.02489003 0.         0.         0.         0.         0.01072697 0.02564188 0.         0.01245783 0.01072334 0.01078026 0.01057822 0.         0.         0.01301675 0.         0.         0.87059423 0.         0.         0.         0.         0.        ],[0. 0. 1. 0. 0. 0. 0. 0. 1. 0. 0. 0. 0. 1. 1. 0. 1. 1. 1. 1. 0. 0. 1. 0. 0. 1. 0. 0. 0. 0. 0.],10.0,10000,30,0.6,10,1,10,,problem_solving
6900,0.032877133507464434,0.00468238760457412,0.4,-5.3217516029795755,[0.         0.         0.0105905  0.         0.         0.         0.         0.         0.02489003 0.         0.         0.         0.         0.01072697 0.02564188 0.         0.01245783 0.01072334 0.01078026 0.01057822 0.         0.         0.01301675 0.         0.         0.87059423 0.         0.         0.         0.         0.        ],[0. 0. 1. 0. 0. 0. 0. 0. 1. 0. 0. 0. 0. 1. 1. 0. 1. 1. 1. 1. 0. 0. 1. 0. 0. 1. 0. 0. 0. 0. 0.],10.0,10000,30,0.6,10,1,10,,problem_solving
7000,0.032877133507464434,0.00468238760457412,0.4,-8.151693433316249,[0.         0.         0.0105905  0.         0.         0.         0.         0.         0.02489003 0.         0.         0.         0.         0.01072697 0.02564188 0.         0.01245783 0.01072334 0.01078026 0.01057822 0.         0.         0.01301675 0.         0.         0.87059423 0.         0.         0.         0.         0.        ],[0. 0. 1. 0. 0. 0. 0. 0. 1. 0. 0. 0. 0. 1. 1. 0. 1. 1. 1. 1. 0. 0. 1. 0. 0. 1. 0. 0. 0. 0. 0.],10.0,10000,30,0.6,10,1,10,,problem_solving
7100,0.032877133507464434,0.00468238760457412,0.4,-8.4105612192296,[0.         0.         0.0105905  0.         0.         0.         0.         0.         0.02489003 0.         0.         0.         0.         0.01072697 0.02564188 0.         0.01245783 0.01072334 0.01078026 0.01057822 0.         0.         0.01301675 0.         0.         0.87059423 0.         0.         0.         0.         0.        ],[0. 0. 1. 0. 0. 0. 0. 0. 1. 0. 0. 0. 0. 1. 1. 0. 1. 1. 1. 1. 0. 0. 1. 0. 0. 1. 0. 0. 0. 0. 0.],10.0,10000,30,0.6,10,1,10,,problem_solving
7200,0.032877133507464434,0.00468238760457412,0.4,9.02711933012486,[0.         0.         0.0105905  0.         0.         0.         0.         0.         0.02489003 0.         0.         0.         0.         0.01072697 0.02564188 0.         0.01245783 0.01072334 0.01078026 0.01057822 0.         0.         0.01301675 0.         0.         0.87059423 0.         0.         0.         0.         0.        ],[0. 0. 1. 0. 0. 0. 0. 0. 1. 0. 0. 0. 0. 1. 1. 0. 1. 1. 1. 1. 0. 0. 1. 0. 0. 1. 0. 0. 0. 0. 0.],10.0,10000,30,0.6,10,1,10,,problem_solving
7300,0.032877133507464434,0.00468238760457412,0.4,-4.480363171339834,[0.         0.         0.0105905  0.         0.         0.         0.         0.         0.02489003 0.         0.         0.         0.         0.01072697 0.02564188 0.         0.01245783 0.01072334 0.01078026 0.01057822 0.         0.         0.01301675 0.         0.         0.87059423 0.         0.         0.         0.         0.        ],[0. 0. 1. 0. 0. 0. 0. 0. 1. 0. 0. 0. 0. 1. 1. 0. 1. 1. 1. 1. 0. 0. 1. 0. 0. 1. 0. 0. 0. 0. 0.],10.0,10000,30,0.6,10,1,10,,problem_solving
7400,0.03176579093245433,0.004573738439775282,0.4,-21.04968014136404,[0.         0.         0.         0.         0.         0.         0.         0.         0.         0.01053656 0.         0.         0.01492189 0.         0.         0.01192374 0.         0.         0.         0.0143126  0.         0.01356046 0.         0.01053378 0.         0.88140517 0.01216429 0.01514152 0.         0.         0.01549999],[0. 0. 0. 0. 0. 0. 0. 0. 0. 1. 0. 0. 1. 0. 0. 1. 0. 0. 0. 1. 0. 1. 0. 1. 0. 1. 1. 1. 0. 0. 1.],10.0,10000,30,0.6,10,1,10,,problem_solving
7500,0.03176579093245433,0.004573738439775282,0.4,4.772543457064943,[0.         0.         0.         0.         0.         0.         0.         0.         0.         0.01053656 0.         0.         0.01492189 0.         0.         0.01192374 0.         0.         0.         0.0143126  0.         0.01356046 0.         0.01053378 0.         0.88140517 0.01216429 0.01514152 0.         0.         0.01549999],[0. 0. 0. 0. 0. 0. 0. 0. 0. 1. 0. 0. 1. 0. 0. 1. 0. 0. 0. 1. 0. 1. 0. 1. 0. 1. 1. 1. 0. 0. 1.],10.0,10000,30,0.6,10,1,10,,problem_solving
7600,0.03176579093245433,0.004573738439775282,0.4,-4.859593795617027,[0.         0.         0.         0.         0.         0.         0.         0.         0.         0.01053656 0.         0.         0.01492189 0.         0.         0.01192374 0.         0.         0.         0.0143126  0.         0.01356046 0.         0.01053378 0.         0.88140517 0.01216429 0.01514152 0.         0.         0.01549999],[0. 0. 0. 0. 0. 0. 0. 0. 0. 1. 0. 0. 1. 0. 0. 1. 0. 0. 0. 1. 0. 1. 0. 1. 0. 1. 1. 1. 0. 0. 1.],10.0,10000,30,0.6,10,1,10,,problem_solving
7700,0.03176579093245433,0.004573738439775282,0.4,10.348555913083379,[0.         0.         0.         0.         0.         0.         0.         0.         0.         0.01053656 0.         0.         0.01492189 0.         0.         0.01192374 0.         0.         0.         0.0143126  0.         0.01356046 0.         0.01053378 0.         0.88140517 0.01216429 0.01514152 0.         0.         0.01549999],[0. 0. 0. 0. 0. 0. 0. 0. 0. 1. 0. 0. 1. 0. 0. 1. 0. 0. 0. 1. 0. 1. 0. 1. 0. 1. 1. 1. 0. 0. 1.],10.0,10000,30,0.6,10,1,10,,problem_solving
7800,0.03176579093245433,0.004573738439775282,0.4,8.803393686624023,[0.         0.         0.         0.         0.         0.         0.         0.         0.         0.01053656 0.         0.         0.01492189 0.         0.         0.01192374 0.         0.         0.         0.0143126  0.         0.01356046 0.         0.01053378 0.         0.88140517 0.01216429 0.01514152 0.         0.         0.01549999],[0. 0. 0. 0. 0. 0. 0. 0. 0. 1. 0. 0. 1. 0. 0. 1. 0. 0. 0. 1. 0. 1. 0. 1. 0. 1. 1. 1. 0. 0. 1.],10.0,10000,30,0.6,10,1,10,,problem_solving
7900,0.03176579093245433,0.004573738439775282,0.4,-3.618274522931195,[0.         0.         0.         0.         0.         0.         0.         0.         0.         0.01053656 0.         0.         0.01492189 0.         0.         0.01192374 0.         0.         0.         0.0143126  0.         0.01356046 0.         0.01053378 0.         0.88140517 0.01216429 0.01514152 0.         0.         0.01549999],[0. 0. 0. 0. 0. 0. 0. 0. 0. 1. 0. 0. 1. 0. 0. 1. 0. 0. 0. 1. 0. 1. 0. 1. 0. 1. 1. 1. 0. 0. 1.],10.0,10000,30,0.6,10,1,10,,problem_solving
8000,0.03176579093245433,0.004573738439775282,0.4,1.6620658424779076,[0.         0.         0.         0.         0.         0.         0.         0.         0.         0.01053656 0.         0.         0.01492189 0.         0.         0.01192374 0.         0.         0.         0.0143126  0.         0.01356046 0.         0.01053378 0.         0.88140517 0.01216429 0.01514152 0.         0.         0.01549999],[0. 0. 0. 0. 0. 0. 0. 0. 0. 1. 0. 0. 1. 0. 0. 1. 0. 0. 0. 1. 0. 1. 0. 1. 0. 1. 1. 1. 0. 0. 1.],10.0,10000,30,0.6,10,1,10,,problem_solving
8100,0.03176579093245433,0.004573738439775282,0.4,13.090974137502457,[0.         0.         0.         0.         0.         0.         0.         0.         0.         0.01053656 0.         0.         0.01492189 0.         0.         0.01192374 0.         0.         0.         0.0143126  0.         0.01356046 0.         0.01053378 0.         0.88140517 0.01216429 0.01514152 0.         0.         0.01549999],[0. 0. 0. 0. 0. 0. 0. 0. 0. 1. 0. 0. 1. 0. 0. 1. 0. 0. 0. 1. 0. 1. 0. 1. 0. 1. 1. 1. 0. 0. 1.],10.0,10000,30,0.6,10,1,10,,problem_solving
8200,0.03176579093245433,0.004573738439775282,0.4,26.326271935991386,[0.         0.         0.         0.         0.         0.         0.         0.         0.         0.01053656 0.         0.         0.01492189 0.         0.         0.01192374 0.         0.         0.         0.0143126  0.         0.01356046 0.         0.01053378 0.         0.88140517 0.01216429 0.01514152 0.         0.         0.01549999],[0. 0. 0. 0. 0. 0. 0. 0. 0. 1. 0. 0. 1. 0. 0. 1. 0. 0. 0. 1. 0. 1. 0. 1. 0. 1. 1. 1. 0. 0. 1.],10.0,10000,30,0.6,10,1,10,,problem_solving
8300,0.03176579093245433,0.004573738439775282,0.4,-15.678904308795072,[0.         0.         0.         0.         0.         0.         0.         0.         0.         0.01053656 0.         0.         0.01492189 0.         0.         0.01192374 0.         0.         0.         0.0143126  0.         0.01356046 0.         0.01053378 0.         0.88140517 0.01216429 0.01514152 0.         0.         0.01549999],[0. 0. 0. 0. 0. 0. 0. 0. 0. 1. 0. 0. 1. 0. 0. 1. 0. 0. 0. 1. 0. 1. 0. 1. 0. 1. 1. 1. 0. 0. 1.],10.0,10000,30,0.6,10,1,10,,problem_solving
8400,0.03176579093245433,0.004573738439775282,0.4,-0.985615866264191,[0.         0.         0.         0.         0.         0.         0.         0.         0.         0.01053656 0.         0.         0.01492189 0.         0.         0.01192374 0.         0.         0.         0.0143126  0.         0.01356046 0.         0.01053378 0.         0.88140517 0.01216429 0.01514152 0.         0.         0.01549999],[0. 0. 0. 0. 0. 0. 0. 0. 0. 1. 0. 0. 1. 0. 0. 1. 0. 0. 0. 1. 0. 1. 0. 1. 0. 1. 1. 1. 0. 0. 1.],10.0,10000,30,0.6,10,1,10,,problem_solving
8500,0.03176579093245433,0.004573738439775282,0.4,-0.6069943436124595,[0.         0.         0.         0.         0.         0.         0.         0.         0.         0.01053656 0.         0.         0.01492189 0.         0.         0.01192374 0.         0.         0.         0.0143126  0.         0.01356046 0.         0.01053378 0.         0.88140517 0.01216429 0.01514152 0.         0.         0.01549999],[0. 0. 0. 0. 0. 0. 0. 0. 0. 1. 0. 0. 1. 0. 0. 1. 0. 0. 0. 1. 0. 1. 0. 1. 0. 1. 1. 1. 0. 0. 1.],10.0,10000,30,0.6,10,1,10,,problem_solving
8600,0.03176579093245433,0.004573738439775282,0.4,-5.172568293728521,[0.         0.         0.         0.         0.         0.         0.         0.         0.         0.01053656 0.         0.         0.01492189 0.         0.         0.01192374 0.         0.         0.         0.0143126  0.         0.01356046 0.         0.01053378 0.         0.88140517 0.01216429 0.01514152 0.         0.         0.01549999],[0. 0. 0. 0. 0. 0. 0. 0. 0. 1. 0. 0. 1. 0. 0. 1. 0. 0. 0. 1. 0. 1. 0. 1. 0. 1. 1. 1. 0. 0. 1.],10.0,10000,30,0.6,10,1,10,,problem_solving
8700,0.03176579093245433,0.004573738439775282,0.4,-19.258870457254634,[0.         0.         0.         0.         0.         0.         0.         0.         0.         0.01053656 0.         0.         0.01492189 0.         0.         0.01192374 0.         0.         0.         0.0143126  0.         0.01356046 0.         0.01053378 0.         0.88140517 0.01216429 0.01514152 0.         0.         0.01549999],[0. 0. 0. 0. 0. 0. 0. 0. 0. 1. 0. 0. 1. 0. 0. 1. 0. 0. 0. 1. 0. 1. 0. 1. 0. 1. 1. 1. 0. 0. 1.],10.0,10000,30,0.6,10,1,10,,problem_solving
8800,0.03176579093245433,0.004573738439775282,0.4,9.830155988112372,[0.         0.         0.         0.         0.         0.         0.         0.         0.         0.01053656 0.         0.         0.01492189 0.         0.         0.01192374 0.         0.         0.         0.0143126  0.         0.01356046 0.         0.01053378 0.         0.88140517 0.01216429 0.01514152 0.         0.         0.01549999],[0. 0. 0. 0. 0. 0. 0. 0. 0. 1. 0. 0. 1. 0. 0. 1. 0. 0. 0. 1. 0. 1. 0. 1. 0. 1. 1. 1. 0. 0. 1.],10.0,10000,30,0.6,10,1,10,,problem_solving
8900,0.03176579093245433,0.004573738439775282,0.4,-10.733716167959708,[0.         0.         0.         0.         0.         0.         0.         0.         0.         0.01053656 0.         0.         0.01492189 0.         0.         0.01192374 0.         0.         0.         0.0143126  0.         0.01356046 0.         0.01053378 0.         0.88140517 0.01216429 0.01514152 0.         0.         0.01549999],[0. 0. 0. 0. 0. 0. 0. 0. 0. 1. 0. 0. 1. 0. 0. 1. 0. 0. 0. 1. 0. 1. 0. 1. 0. 1. 1. 1. 0. 0. 1.],10.0,10000,30,0.6,10,1,10,,problem_solving
9000,0.03176579093245433,0.004573738439775282,0.4,15.658128906874891,[0.         0.         0.         0.         0.         0.         0.         0.         0.         0.01053656 0.         0.         0.01492189 0.         0.         0.01192374 0.         0.         0.         0.0143126  0.         0.01356046 0.         0.01053378 0.         0.88140517 0.01216429 0.01514152 0.         0.         0.01549999],[0. 0. 0. 0. 0. 0. 0. 0. 0. 1. 0. 0. 1. 0. 0. 1. 0. 0. 0. 1. 0. 1. 0. 1. 0. 1. 1. 1. 0. 0. 1.],10.0,10000,30,0.6,10,1,10,,problem_solving
9100,0.03176579093245433,0.004573738439775282,0.4,-5.229898328884657,[0.         0.         0.         0.         0.         0.         0.         0.         0.         0.01053656 0.         0.         0.01492189 0.         0.         0.01192374 0.         0.         0.         0.0143126  0.         0.01356046 0.         0.01053378 0.         0.88140517 0.01216429 0.01514152 0.         0.         0.01549999],[0. 0. 0. 0. 0. 0. 0. 0. 0. 1. 0. 0. 1. 0. 0. 1. 0. 0. 0. 1. 0. 1. 0. 1. 0. 1. 1. 1. 0. 0. 1.],10.0,10000,30,0.6,10,1,10,,problem_solving
9200,0.03176579093245433,0.004573738439775282,0.4,3.189405686816435,[0.         0.         0.         0.         0.         0.         0.         0.         0.         0.01053656 0.         0.         0.01492189 0.         0.         0.01192374 0.         0.         0.         0.0143126  0.         0.01356046 0.         0.01053378 0.         0.88140517 0.01216429 0.01514152 0.         0.         0.01549999],[0. 0. 0. 0. 0. 0. 0. 0. 0. 1. 0. 0. 1. 0. 0. 1. 0. 0. 0. 1. 0. 1. 0. 1. 0. 1. 1. 1. 0. 0. 1.],10.0,10000,30,0.6,10,1,10,,problem_solving
9300,0.03176579093245433,0.004573738439775282,0.4,-6.369008368851522,[0.         0.         0.         0.         0.         0.         0.         0.         0.         0.01053656 0.         0.         0.01492189 0.         0.         0.01192374 0.         0.         0.         0.0143126  0.         0.01356046 0.         0.01053378 0.         0.88140517 0.01216429 0.01514152 0.         0.         0.01549999],[0. 0. 0. 0. 0. 0. 0. 0. 0. 1. 0. 0. 1. 0. 0. 1. 0. 0. 0. 1. 0. 1. 0. 1. 0. 1. 1. 1. 0. 0. 1.],10.0,10000,30,0.6,10,1,10,,problem_solving
9400,0.03176579093245433,0.004573738439775282,0.4,-3.7390524838062316,[0.         0.         0.         0.         0.         0.         0.         0.         0.         0.01053656 0.         0.         0.01492189 0.         0.         0.01192374 0.         0.         0.         0.0143126  0.         0.01356046 0.         0.01053378 0.         0.88140517 0.01216429 0.01514152 0.         0.         0.01549999],[0. 0. 0. 0. 0. 0. 0. 0. 0. 1. 0. 0. 1. 0. 0. 1. 0. 0. 0. 1. 0. 1. 0. 1. 0. 1. 1. 1. 0. 0. 1.],10.0,10000,30,0.6,10,1,10,,problem_solving
9500,0.03176579093245433,0.004573738439775282,0.4,-1.6581556620411155,[0.         0.         0.         0.         0.         0.         0.         0.         0.         0.01053656 0.         0.         0.01492189 0.         0.         0.01192374 0.         0.         0.         0.0143126  0.         0.01356046 0.         0.01053378 0.         0.88140517 0.01216429 0.01514152 0.         0.         0.01549999],[0. 0. 0. 0. 0. 0. 0. 0. 0. 1. 0. 0. 1. 0. 0. 1. 0. 0. 0. 1. 0. 1. 0. 1. 0. 1. 1. 1. 0. 0. 1.],10.0,10000,30,0.6,10,1,10,,problem_solving
9600,0.03176579093245433,0.004573738439775282,0.4,3.2963032396624827,[0.         0.         0.         0.         0.         0.         0.         0.         0.         0.01053656 0.         0.         0.01492189 0.         0.         0.01192374 0.         0.         0.         0.0143126  0.         0.01356046 0.         0.01053378 0.         0.88140517 0.01216429 0.01514152 0.         0.         0.01549999],[0. 0. 0. 0. 0. 0. 0. 0. 0. 1. 0. 0. 1. 0. 0. 1. 0. 0. 0. 1. 0. 1. 0. 1. 0. 1. 1. 1. 0. 0. 1.],10.0,10000,30,0.6,10,1,10,,problem_solving
9700,0.03176579093245433,0.004573738439775282,0.4,-5.103506974025582,[0.         0.         0.         0.         0.         0.         0.         0.         0.         0.01053656 0.         0.         0.01492189 0.         0.         0.01192374 0.         0.         0.         0.0143126  0.         0.01356046 0.         0.01053378 0.         0.88140517 0.01216429 0.01514152 0.         0.         0.01549999],[0. 0. 0. 0. 0. 0. 0. 0. 0. 1. 0. 0. 1. 0. 0. 1. 0. 0. 0. 1. 0. 1. 0. 1. 0. 1. 1. 1. 0. 0. 1.],10.0,10000,30,0.6,10,1,10,,problem_solving
9800,0.03176579093245433,0.004573738439775282,0.4,-2.7150781612875297,[0.         0.         0.         0.         0.         0.         0.         0.         0.         0.01053656 0.         0.         0.01492189 0.         0.         0.01192374 0.         0.         0.         0.0143126  0.         0.01356046 0.         0.01053378 0.         0.88140517 0.01216429 0.01514152 0.         0.         0.01549999],[0. 0. 0. 0. 0. 0. 0. 0. 0. 1. 0. 0. 1. 0. 0. 1. 0. 0. 0. 1. 0. 1. 0. 1. 0. 1. 1. 1. 0. 0. 1.],10.0,10000,30,0.6,10,1,10,,problem_solving
9900,0.03176579093245433,0.004573738439775282,0.4,10.273742896268885,[0.         0.         0.         0.         0.         0.         0.         0.         0.         0.01053656 0.         0.         0.01492189 0.         0.         0.01192374 0.         0.         0.         0.0143126  0.         0.01356046 0.         0.01053378 0.         0.88140517 0.01216429 0.01514152 0.         0.         0.01549999],[0. 0. 0. 0. 0. 0. 0. 0. 0. 1. 0. 0. 1. 0. 0. 1. 0. 0. 0. 1. 0. 1. 0. 1. 0. 1. 1. 1. 0. 0. 1.],10.0,10000,30,0.6,10,1,10,,problem_solving
9999,0.03176579093245433,0.004573738439775282,0.4,5.1933217263201845,[0.         0.         0.         0.         0.         0.         0.         0.         0.         0.01053656 0.         0.         0.01492189 0.         0.         0.01192374 0.         0.         0.         0.0143126  0.         0.01356046 0.         0.01053378 0.         0.88140517 0.01216429 0.01514152 0.         0.         0.01549999],[0. 0. 0. 0. 0. 0. 0. 0. 0. 1. 0. 0. 1. 0. 0. 1. 0. 0. 0. 1. 0. 1. 0. 1. 0. 1. 1. 1. 0. 0. 1.],10.0,10000,30,0.6,10,1,10,,problem_solving
