iter,cost,return,par,move,X,Z,Q,max_iter,mem_size,mem_consider,sigma,port_n,k,seed,tag
1,0.12947922475905768,0.006096999826501518,0.4,-2.4457646523380254,[0.         0.         0.01094608 0.         0.92597084 0.         0.         0.         0.         0.         0.         0.         0.         0.         0.         0.01273244 0.         0.         0.         0.01060507 0.02236322 0.         0.         0.         0.         0.         0.         0.         0.         0.01738236 0.        ],[0. 0. 1. 0. 1. 0. 0. 0. 0. 0. 0. 0. 0. 0. 0. 1. 0. 0. 0. 1. 1. 0. 0. 0. 0. 0. 0. 0. 0. 1. 0.],6.0,10000,30,0.6,10,1,6,,problem_solving
100,0.041339887766252616,0.009732557359598937,0.4,5.6506531173631505,[0.         0.         0.         0.         0.92042751 0.0161512  0.         0.         0.         0.         0.         0.01372193 0.         0.         0.         0.         0.         0.02172209 0.         0.         0.01722076 0.         0.         0.01075651 0.         0.         0.         0.         0.         0.         0.        ],[0. 0. 0. 0. 1. 1. 0. 0. 0. 0. 0. 1. 0. 0. 0. 0. 0. 1. 0. 0. 1. 0. 0. 1. 0. 0. 0. 0. 0. 0. 0.],6.0,10000,30,0.6,10,1,6,,problem_solving
200,0.028012116017480805,0.010223881646261635,0.4,4.78973605272422,[0.         0.         0.         0.         0.89576592 0.         0.         0.         0.02823472 0.         0.         0.         0.         0.         0.         0.         0.         0.         0.01143614 0.         0.         0.01238123 0.         0.         0.         0.         0.         0.02783989 0.02434211 0.         0.        ],[0. 0. 0. 0. 1. 0. 0. 0. 1. 0. 0. 0. 0. 0. 0. 0. 0. 0. 1. 0. 0. 1. 0. 0. 0. 0. 0. 1. 1. 0. 0.],6.0,10000,30,0.6,10,1,6,,problem_solving
300,0.028012116017480805,0.010223881646261635,0.4,3.279281221547921,[0.         0.         0.         0.         0.89576592 0.         0.         0.         0.02823472 0.         0.         0.         0.         0.         0.         0.         0.         0.         0.01143614 0.         0.         0.01238123 0.         0.         0.         0.         0.         0.02783989 0.02434211 0.         0.        ],[0. 0. 0. 0. 1. 0. 0. 0. 1. 0. 0. 0. 0. 0. 0. 0. 0. 0. 1. 0. 0. 1. 0. 0. 0. 0. 0. 1. 1. 0. 0.],6.0,10000,30,0.6,10,1,6,,problem_solving
400,0.028012116017480805,0.010223881646261635,0.4,1.985425679922713,[0.         0.         0.         0.         0.89576592 0.         0.         0.         0.02823472 0.         0.         0.         0.         0.         0.         0.         0.         0.         0.01143614 0.         0.         0.01238123 0.         0.         0.         0.         0.         0.02783989 0.02434211 0.         0.        ],[0. 0. 0. 0. 1. 0. 0. 0. 1. 0. 0. 0. 0. 0. 0. 0. 0. 0. 1. 0. 0. 1. 0. 0. 0. 0. 0. 1. 1. 0. 0.],6.0,10000,30,0.6,10,1,6,,problem_solving
500,0.027838476544939848,0.006843971865685019,0.4,0.6949394031942808,[0.         0.         0.         0.         0.         0.         0.         0.         0.92458017 0.         0.         0.         0.         0.01983181 0.         0.         0.01108651 0.         0.01874599 0.01249389 0.         0.         0.         0.         0.         0.         0.         0.01326163 0.         0.         0.        ],[0. 0. 0. 0. 0. 0. 0. 0. 1. 0. 0. 0. 0. 1. 0. 0. 1. 0. 1. 1. 0. 0. 0. 0. 0. 0. 0. 1. 0. 0. 0.],6.0,10000,30,0.6,10,1,6,,problem_solving
600,0.027838476544939848,0.006843971865685019,0.4,13.625971804987504,[0.         0.         0.         0.         0.         0.         0.         0.         0.92458017 0.         0.         0.         0.         0.01983181 0.         0.         0.01108651 0.         0.01874599 0.01249389 0.         0.         0.         0.         0.         0.         0.         0.01326163 0.         0.         0.        ],[0. 0. 0. 0. 0. 0. 0. 0. 1. 0. 0. 0. 0. 1. 0. 0. 1. 0. 1. 1. 0. 0. 0. 0. 0. 0. 0. 1. 0. 0. 0.],6.0,10000,30,0.6,10,1,6,,problem_solving
700,0.023466814675969686,0.010110397692429659,0.4,0.44194595238705975,[0.         0.         0.         0.         0.91407471 0.         0.         0.         0.         0.         0.         0.         0.         0.         0.         0.03551661 0.         0.         0.         0.0128079  0.         0.01166542 0.01290819 0.         0.         0.         0.         0.01302717 0.         0.         0.        ],[0. 0. 0. 0. 1. 0. 0. 0. 0. 0. 0. 0. 0. 0. 0. 1. 0. 0. 0. 1. 0. 1. 1. 0. 0. 0. 0. 1. 0. 0. 0.],6.0,10000,30,0.6,10,1,6,,problem_solving
800,0.023466814675969686,0.010110397692429659,0.4,-19.479950163634527,[0.         0.         0.         0.         0.91407471 0.         0.         0.         0.         0.         0.         0.         0.         0.         0.         0.03551661 0.         0.         0.         0.0128079  0.         0.01166542 0.01290819 0.         0.         0.         0.         0.01302717 0.         0.         0.        ],[0. 0. 0. 0. 1. 0. 0. 0. 0. 0. 0. 0. 0. 0. 0. 1. 0. 0. 0. 1. 0. 1. 1. 0. 0. 0. 0. 1. 0. 0. 0.],6.0,10000,30,0.6,10,1,6,,problem_solving
900,0.023466814675969686,0.010110397692429659,0.4,5.582993016866182,[0.         0.         0.         0.         0.91407471 0.         0.         0.         0.         0.         0.         0.         0.         0.         0.         0.03551661 0.         0.         0.         0.0128079  0.         0.01166542 0.01290819 0.         0.         0.         0.         0.01302717 0.         0.         0.        ],[0. 0. 0. 0. 1. 0. 0. 0. 0. 0. 0. 0. 0. 0. 0. 1. 0. 0. 0. 1. 0. 1. 1. 0. 0. 0. 0. 1. 0. 0. 0.],6.0,10000,30,0.6,10,1,6,,problem_solving
1000,0.023466814675969686,0.010110397692429659,0.4,-8.346464083510506,[0.         0.         0.         0.         0.91407471 0.         0.         0.         0.         0.         0.         0.         0.         0.         0.         0.03551661 0.         0.         0.         0.0128079  0.         0.01166542 0.01290819 0.         0.         0.         0.         0.01302717 0.         0.         0.        ],[0. 0. 0. 0. 1. 0. 0. 0. 0. 0. 0. 0. 0. 0. 0. 1. 0. 0. 0. 1. 0. 1. 1. 0. 0. 0. 0. 1. 0. 0. 0.],6.0,10000,30,0.6,10,1,6,,problem_solving
1100,0.023466814675969686,0.010110397692429659,0.4,2.483343504144798,[0.         0.         0.         0.         0.91407471 0.         0.         0.         0.         0.         0.         0.         0.         0.         0.         0.03551661 0.         0.         0.         0.0128079  0.         0.01166542 0.01290819 0.         0.         0.         0.         0.01302717 0.         0.         0.        ],[0. 0. 0. 0. 1. 0. 0. 0. 0. 0. 0. 0. 0. 0. 0. 1. 0. 0. 0. 1. 0. 1. 1. 0. 0. 0. 0. 1. 0. 0. 0.],6.0,10000,30,0.6,10,1,6,,problem_solving
1200,0.02312372142241745,0.01022466157287213,0.4,9.166204001053975,[0.         0.         0.01094608 0.         0.92597084 0.         0.         0.         0.         0.         0.         0.         0.         0.         0.         0.01273244 0.         0.         0.         0.01060507 0.02236322 0.         0.         0.         0.         0.         0.         0.         0.         0.01738236 0.        ],[0. 0. 1. 0. 1. 0. 0. 0. 0. 0. 0. 0. 0. 0. 0. 1. 0. 0. 0. 1. 1. 0. 0. 0. 0. 0. 0. 0. 0. 1. 0.],6.0,10000,30,0.6,10,1,6,,problem_solving
1300,0.02312372142241745,0.01022466157287213,0.4,-16.500552079323118,[0.         0.         0.01094608 0.         0.92597084 0.         0.         0.         0.         0.         0.         0.         0.         0.         0.         0.01273244 0.         0.         0.         0.01060507 0.02236322 0.         0.         0.         0.         0.         0.         0.         0.         0.01738236 0.        ],[0. 0. 1. 0. 1. 0. 0. 0. 0. 0. 0. 0. 0. 0. 0. 1. 0. 0. 0. 1. 1. 0. 0. 0. 0. 0. 0. 0. 0. 1. 0.],6.0,10000,30,0.6,10,1,6,,problem_solving
1400,0.02312372142241745,0.01022466157287213,0.4,-4.948455458055834,[0.         0.         0.01094608 0.         0.92597084 0.         0.         0.         0.         0.         0.         0.         0.         0.         0.         0.01273244 0.         0.         0.         0.01060507 0.02236322 0.         0.         0.         0.         0.         0.         0.         0.         0.01738236 0.        ],[0. 0. 1. 0. 1. 0. 0. 0. 0. 0. 0. 0. 0. 0. 0. 1. 0. 0. 0. 1. 1. 0. 0. 0. 0. 0. 0. 0. 0. 1. 0.],6.0,10000,30,0.6,10,1,6,,problem_solving
1500,0.02312372142241745,0.01022466157287213,0.4,6.290696245453433,[0.         0.         0.01094608 0.         0.92597084 0.         0.         0.         0.         0.         0.         0.         0.         0.         0.         0.01273244 0.         0.         0.         0.01060507 0.02236322 0.         0.         0.         0.         0.         0.         0.         0.         0.01738236 0.        ],[0. 0. 1. 0. 1. 0. 0. 0. 0. 0. 0. 0. 0. 0. 0. 1. 0. 0. 0. 1. 1. 0. 0. 0. 0. 0. 0. 0. 0. 1. 0.],6.0,10000,30,0.6,10,1,6,,problem_solving
1600,0.02312372142241745,0.01022466157287213,0.4,6.410358509860058,[0.         0.         0.01094608 0.         0.92597084 0.         0.         0.         0.         0.         0.         0.         0.         0.         0.         0.01273244 0.         0.         0.         0.01060507 0.02236322 0.         0.         0.         0.         0.         0.         0.         0.         0.01738236 0.        ],[0. 0. 1. 0. 1. 0. 0. 0. 0. 0. 0. 0. 0. 0. 0. 1. 0. 0. 0. 1. 1. 0. 0. 0. 0. 0. 0. 0. 0. 1. 0.],6.0,10000,30,0.6,10,1,6,,problem_solving
1700,0.02312372142241745,0.01022466157287213,0.4,-14.957138533803022,[0.         0.         0.01094608 0.         0.92597084 0.         0.         0.         0.         0.         0.         0.         0.         0.         0.         0.01273244 0.         0.         0.         0.01060507 0.02236322 0.         0.         0.         0.         0.         0.         0.         0.         0.01738236 0.        ],[0. 0. 1. 0. 1. 0. 0. 0. 0. 0. 0. 0. 0. 0. 0. 1. 0. 0. 0. 1. 1. 0. 0. 0. 0. 0. 0. 0. 0. 1. 0.],6.0,10000,30,0.6,10,1,6,,problem_solving
1800,0.02312372142241745,0.01022466157287213,0.4,9.210588570757144,[0.         0.         0.01094608 0.         0.92597084 0.         0.         0.         0.         0.         0.         0.         0.         0.         0.         0.01273244 0.         0.         0.         0.01060507 0.02236322 0.         0.         0.         0.         0.         0.         0.         0.         0.01738236 0.        ],[0. 0. 1. 0. 1. 0. 0. 0. 0. 0. 0. 0. 0. 0. 0. 1. 0. 0. 0. 1. 1. 0. 0. 0. 0. 0. 0. 0. 0. 1. 0.],6.0,10000,30,0.6,10,1,6,,problem_solving
1900,0.02312372142241745,0.01022466157287213,0.4,10.342491982931424,[0.         0.         0.01094608 0.         0.92597084 0.         0.         0.         0.         0.         0.         0.         0.         0.         0.         0.01273244 0.         0.         0.         0.01060507 0.02236322 0.         0.         0.         0.         0.         0.         0.         0.         0.01738236 0.        ],[0. 0. 1. 0. 1. 0. 0. 0. 0. 0. 0. 0. 0. 0. 0. 1. 0. 0. 0. 1. 1. 0. 0. 0. 0. 0. 0. 0. 0. 1. 0.],6.0,10000,30,0.6,10,1,6,,problem_solving
2000,0.02312372142241745,0.01022466157287213,0.4,13.730281561115705,[0.         0.         0.01094608 0.         0.92597084 0.         0.         0.         0.         0.         0.         0.         0.         0.         0.         0.01273244 0.         0.         0.         0.01060507 0.02236322 0.         0.         0.         0.         0.         0.         0.         0.         0.01738236 0.        ],[0. 0. 1. 0. 1. 0. 0. 0. 0. 0. 0. 0. 0. 0. 0. 1. 0. 0. 0. 1. 1. 0. 0. 0. 0. 0. 0. 0. 0. 1. 0.],6.0,10000,30,0.6,10,1,6,,problem_solving
2100,0.02312372142241745,0.01022466157287213,0.4,3.80755403626462,[0.         0.         0.01094608 0.         0.92597084 0.         0.         0.         0.         0.         0.         0.         0.         0.         0.         0.01273244 0.         0.         0.         0.01060507 0.02236322 0.         0.         0.         0.         0.         0.         0.         0.         0.01738236 0.        ],[0. 0. 1. 0. 1. 0. 0. 0. 0. 0. 0. 0. 0. 0. 0. 1. 0. 0. 0. 1. 1. 0. 0. 0. 0. 0. 0. 0. 0. 1. 0.],6.0,10000,30,0.6,10,1,6,,problem_solving
2200,0.02312372142241745,0.01022466157287213,0.4,11.241445610487826,[0.         0.         0.01094608 0.         0.92597084 0.         0.         0.         0.         0.         0.         0.         0.         0.         0.         0.01273244 0.         0.         0.         0.01060507 0.02236322 0.         0.         0.         0.         0.         0.         0.         0.         0.01738236 0.        ],[0. 0. 1. 0. 1. 0. 0. 0. 0. 0. 0. 0. 0. 0. 0. 1. 0. 0. 0. 1. 1. 0. 0. 0. 0. 0. 0. 0. 0. 1. 0.],6.0,10000,30,0.6,10,1,6,,problem_solving
2300,0.02312372142241745,0.01022466157287213,0.4,6.290482544061353,[0.         0.         0.01094608 0.         0.92597084 0.         0.         0.         0.         0.         0.         0.         0.         0.         0.         0.01273244 0.         0.         0.         0.01060507 0.02236322 0.         0.         0.         0.         0.         0.         0.         0.         0.01738236 0.        ],[0. 0. 1. 0. 1. 0. 0. 0. 0. 0. 0. 0. 0. 0. 0. 1. 0. 0. 0. 1. 1. 0. 0. 0. 0. 0. 0. 0. 0. 1. 0.],6.0,10000,30,0.6,10,1,6,,problem_solving
2400,0.02312372142241745,0.01022466157287213,0.4,4.392650031692259,[0.         0.         0.01094608 0.         0.92597084 0.         0.         0.         0.         0.         0.         0.         0.         0.         0.         0.01273244 0.         0.         0.         0.01060507 0.02236322 0.         0.         0.         0.         0.         0.         0.         0.         0.01738236 0.        ],[0. 0. 1. 0. 1. 0. 0. 0. 0. 0. 0. 0. 0. 0. 0. 1. 0. 0. 0. 1. 1. 0. 0. 0. 0. 0. 0. 0. 0. 1. 0.],6.0,10000,30,0.6,10,1,6,,problem_solving
2500,0.02312372142241745,0.01022466157287213,0.4,-1.755406073328276,[0.         0.         0.01094608 0.         0.92597084 0.         0.         0.         0.         0.         0.         0.         0.         0.         0.         0.01273244 0.         0.         0.         0.01060507 0.02236322 0.         0.         0.         0.         0.         0.         0.         0.         0.01738236 0.        ],[0. 0. 1. 0. 1. 0. 0. 0. 0. 0. 0. 0. 0. 0. 0. 1. 0. 0. 0. 1. 1. 0. 0. 0. 0. 0. 0. 0. 0. 1. 0.],6.0,10000,30,0.6,10,1,6,,problem_solving
2600,0.02312372142241745,0.01022466157287213,0.4,11.466360068936662,[0.         0.         0.01094608 0.         0.92597084 0.         0.         0.         0.         0.         0.         0.         0.         0.         0.         0.01273244 0.         0.         0.         0.01060507 0.02236322 0.         0.         0.         0.         0.         0.         0.         0.         0.01738236 0.        ],[0. 0. 1. 0. 1. 0. 0. 0. 0. 0. 0. 0. 0. 0. 0. 1. 0. 0. 0. 1. 1. 0. 0. 0. 0. 0. 0. 0. 0. 1. 0.],6.0,10000,30,0.6,10,1,6,,problem_solving
2700,0.02312372142241745,0.01022466157287213,0.4,-4.484113256342513,[0.         0.         0.01094608 0.         0.92597084 0.         0.         0.         0.         0.         0.         0.         0.         0.         0.         0.01273244 0.         0.         0.         0.01060507 0.02236322 0.         0.         0.         0.         0.         0.         0.         0.         0.01738236 0.        ],[0. 0. 1. 0. 1. 0. 0. 0. 0. 0. 0. 0. 0. 0. 0. 1. 0. 0. 0. 1. 1. 0. 0. 0. 0. 0. 0. 0. 0. 1. 0.],6.0,10000,30,0.6,10,1,6,,problem_solving
2800,0.02312372142241745,0.01022466157287213,0.4,-3.832259147997869,[0.         0.         0.01094608 0.         0.92597084 0.         0.         0.         0.         0.         0.         0.         0.         0.         0.         0.01273244 0.         0.         0.         0.01060507 0.02236322 0.         0.         0.         0.         0.         0.         0.         0.         0.01738236 0.        ],[0. 0. 1. 0. 1. 0. 0. 0. 0. 0. 0. 0. 0. 0. 0. 1. 0. 0. 0. 1. 1. 0. 0. 0. 0. 0. 0. 0. 0. 1. 0.],6.0,10000,30,0.6,10,1,6,,problem_solving
2900,0.02312372142241745,0.01022466157287213,0.4,-4.468343765559451,[0.         0.         0.01094608 0.         0.92597084 0.         0.         0.         0.         0.         0.         0.         0.         0.         0.         0.01273244 0.         0.         0.         0.01060507 0.02236322 0.         0.         0.         0.         0.         0.         0.         0.         0.01738236 0.        ],[0. 0. 1. 0. 1. 0. 0. 0. 0. 0. 0. 0. 0. 0. 0. 1. 0. 0. 0. 1. 1. 0. 0. 0. 0. 0. 0. 0. 0. 1. 0.],6.0,10000,30,0.6,10,1,6,,problem_solving
3000,0.02312372142241745,0.01022466157287213,0.4,5.9108758572926146,[0.         0.         0.01094608 0.         0.92597084 0.         0.         0.         0.         0.         0.         0.         0.         0.         0.         0.01273244 0.         0.         0.         0.01060507 0.02236322 0.         0.         0.         0.         0.         0.         0.         0.         0.01738236 0.        ],[0. 0. 1. 0. 1. 0. 0. 0. 0. 0. 0. 0. 0. 0. 0. 1. 0. 0. 0. 1. 1. 0. 0. 0. 0. 0. 0. 0. 0. 1. 0.],6.0,10000,30,0.6,10,1,6,,problem_solving
3100,0.02312372142241745,0.01022466157287213,0.4,-9.799484951358956,[0.         0.         0.01094608 0.         0.92597084 0.         0.         0.         0.         0.         0.         0.         0.         0.         0.         0.01273244 0.         0.         0.         0.01060507 0.02236322 0.         0.         0.         0.         0.         0.         0.         0.         0.01738236 0.        ],[0. 0. 1. 0. 1. 0. 0. 0. 0. 0. 0. 0. 0. 0. 0. 1. 0. 0. 0. 1. 1. 0. 0. 0. 0. 0. 0. 0. 0. 1. 0.],6.0,10000,30,0.6,10,1,6,,problem_solving
3200,0.02312372142241745,0.01022466157287213,0.4,-5.025862071035863,[0.         0.         0.01094608 0.         0.92597084 0.         0.         0.         0.         0.         0.         0.         0.         0.         0.         0.01273244 0.         0.         0.         0.01060507 0.02236322 0.         0.         0.         0.         0.         0.         0.         0.         0.01738236 0.        ],[0. 0. 1. 0. 1. 0. 0. 0. 0. 0. 0. 0. 0. 0. 0. 1. 0. 0. 0. 1. 1. 0. 0. 0. 0. 0. 0. 0. 0. 1. 0.],6.0,10000,30,0.6,10,1,6,,problem_solving
3300,0.02312372142241745,0.01022466157287213,0.4,2.0135235871411132,[0.         0.         0.01094608 0.         0.92597084 0.         0.         0.         0.         0.         0.         0.         0.         0.         0.         0.01273244 0.         0.         0.         0.01060507 0.02236322 0.         0.         0.         0.         0.         0.         0.         0.         0.01738236 0.        ],[0. 0. 1. 0. 1. 0. 0. 0. 0. 0. 0. 0. 0. 0. 0. 1. 0. 0. 0. 1. 1. 0. 0. 0. 0. 0. 0. 0. 0. 1. 0.],6.0,10000,30,0.6,10,1,6,,problem_solving
3400,0.02312372142241745,0.01022466157287213,0.4,11.135699740372084,[0.         0.         0.01094608 0.         0.92597084 0.         0.         0.         0.         0.         0.         0.         0.         0.         0.         0.01273244 0.         0.         0.         0.01060507 0.02236322 0.         0.         0.         0.         0.         0.         0.         0.         0.01738236 0.        ],[0. 0. 1. 0. 1. 0. 0. 0. 0. 0. 0. 0. 0. 0. 0. 1. 0. 0. 0. 1. 1. 0. 0. 0. 0. 0. 0. 0. 0. 1. 0.],6.0,10000,30,0.6,10,1,6,,problem_solving
3500,0.02312372142241745,0.01022466157287213,0.4,9.056410855420085,[0.         0.         0.01094608 0.         0.92597084 0.         0.         0.         0.         0.         0.         0.         0.         0.         0.         0.01273244 0.         0.         0.         0.01060507 0.02236322 0.         0.         0.         0.         0.         0.         0.         0.         0.01738236 0.        ],[0. 0. 1. 0. 1. 0. 0. 0. 0. 0. 0. 0. 0. 0. 0. 1. 0. 0. 0. 1. 1. 0. 0. 0. 0. 0. 0. 0. 0. 1. 0.],6.0,10000,30,0.6,10,1,6,,problem_solving
3600,0.02312372142241745,0.01022466157287213,0.4,-9.568817883250668,[0.         0.         0.01094608 0.         0.92597084 0.         0.         0.         0.         0.         0.         0.         0.         0.         0.         0.01273244 0.         0.         0.         0.01060507 0.02236322 0.         0.         0.         0.         0.         0.         0.         0.         0.01738236 0.        ],[0. 0. 1. 0. 1. 0. 0. 0. 0. 0. 0. 0. 0. 0. 0. 1. 0. 0. 0. 1. 1. 0. 0. 0. 0. 0. 0. 0. 0. 1. 0.],6.0,10000,30,0.6,10,1,6,,problem_solving
3700,0.02312372142241745,0.01022466157287213,0.4,15.110978765822995,[0.         0.         0.01094608 0.         0.92597084 0.         0.         0.         0.         0.         0.         0.         0.         0.         0.         0.01273244 0.         0.         0.         0.01060507 0.02236322 0.         0.         0.         0.         0.         0.         0.         0.         0.01738236 0.        ],[0. 0. 1. 0. 1. 0. 0. 0. 0. 0. 0. 0. 0. 0. 0. 1. 0. 0. 0. 1. 1. 0. 0. 0. 0. 0. 0. 0. 0. 1. 0.],6.0,10000,30,0.6,10,1,6,,problem_solving
3800,0.02312372142241745,0.01022466157287213,0.4,15.862127452545492,[0.         0.         0.01094608 0.         0.92597084 0.         0.         0.         0.         0.         0.         0.         0.         0.         0.         0.01273244 0.         0.         0.         0.01060507 0.02236322 0.         0.         0.         0.         0.         0.         0.         0.         0.01738236 0.        ],[0. 0. 1. 0. 1. 0. 0. 0. 0. 0. 0. 0. 0. 0. 0. 1. 0. 0. 0. 1. 1. 0. 0. 0. 0. 0. 0. 0. 0. 1. 0.],6.0,10000,30,0.6,10,1,6,,problem_solving
3900,0.02312372142241745,0.01022466157287213,0.4,17.044961282756887,[0.         0.         0.01094608 0.         0.92597084 0.         0.         0.         0.         0.         0.         0.         0.         0.         0.         0.01273244 0.         0.         0.         0.01060507 0.02236322 0.         0.         0.         0.         0.         0.         0.         0.         0.01738236 0.        ],[0. 0. 1. 0. 1. 0. 0. 0. 0. 0. 0. 0. 0. 0. 0. 1. 0. 0. 0. 1. 1. 0. 0. 0. 0. 0. 0. 0. 0. 1. 0.],6.0,10000,30,0.6,10,1,6,,problem_solving
4000,0.02312372142241745,0.01022466157287213,0.4,-3.588210973686481,[0.         0.         0.01094608 0.         0.92597084 0.         0.         0.         0.         0.         0.         0.         0.         0.         0.         0.01273244 0.         0.         0.         0.01060507 0.02236322 0.         0.         0.         0.         0.         0.         0.         0.         0.01738236 0.        ],[0. 0. 1. 0. 1. 0. 0. 0. 0. 0. 0. 0. 0. 0. 0. 1. 0. 0. 0. 1. 1. 0. 0. 0. 0. 0. 0. 0. 0. 1. 0.],6.0,10000,30,0.6,10,1,6,,problem_solving
4100,0.02312372142241745,0.01022466157287213,0.4,4.105934997761524,[0.         0.         0.01094608 0.         0.92597084 0.         0.         0.         0.         0.         0.         0.         0.         0.         0.         0.01273244 0.         0.         0.         0.01060507 0.02236322 0.         0.         0.         0.         0.         0.         0.         0.         0.01738236 0.        ],[0. 0. 1. 0. 1. 0. 0. 0. 0. 0. 0. 0. 0. 0. 0. 1. 0. 0. 0. 1. 1. 0. 0. 0. 0. 0. 0. 0. 0. 1. 0.],6.0,10000,30,0.6,10,1,6,,problem_solving
4200,0.02312372142241745,0.01022466157287213,0.4,-3.1738694035290167,[0.         0.         0.01094608 0.         0.92597084 0.         0.         0.         0.         0.         0.         0.         0.         0.         0.         0.01273244 0.         0.         0.         0.01060507 0.02236322 0.         0.         0.         0.         0.         0.         0.         0.         0.01738236 0.        ],[0. 0. 1. 0. 1. 0. 0. 0. 0. 0. 0. 0. 0. 0. 0. 1. 0. 0. 0. 1. 1. 0. 0. 0. 0. 0. 0. 0. 0. 1. 0.],6.0,10000,30,0.6,10,1,6,,problem_solving
4300,0.02312372142241745,0.01022466157287213,0.4,-20.2815106619437,[0.         0.         0.01094608 0.         0.92597084 0.         0.         0.         0.         0.         0.         0.         0.         0.         0.         0.01273244 0.         0.         0.         0.01060507 0.02236322 0.         0.         0.         0.         0.         0.         0.         0.         0.01738236 0.        ],[0. 0. 1. 0. 1. 0. 0. 0. 0. 0. 0. 0. 0. 0. 0. 1. 0. 0. 0. 1. 1. 0. 0. 0. 0. 0. 0. 0. 0. 1. 0.],6.0,10000,30,0.6,10,1,6,,problem_solving
4400,0.02312372142241745,0.01022466157287213,0.4,8.744702433059134,[0.         0.         0.01094608 0.         0.92597084 0.         0.         0.         0.         0.         0.         0.         0.         0.         0.         0.01273244 0.         0.         0.         0.01060507 0.02236322 0.         0.         0.         0.         0.         0.         0.         0.         0.01738236 0.        ],[0. 0. 1. 0. 1. 0. 0. 0. 0. 0. 0. 0. 0. 0. 0. 1. 0. 0. 0. 1. 1. 0. 0. 0. 0. 0. 0. 0. 0. 1. 0.],6.0,10000,30,0.6,10,1,6,,problem_solving
4500,0.02312372142241745,0.01022466157287213,0.4,-7.599794529395275,[0.         0.         0.01094608 0.         0.92597084 0.         0.         0.         0.         0.         0.         0.         0.         0.         0.         0.01273244 0.         0.         0.         0.01060507 0.02236322 0.         0.         0.         0.         0.         0.         0.         0.         0.01738236 0.        ],[0. 0. 1. 0. 1. 0. 0. 0. 0. 0. 0. 0. 0. 0. 0. 1. 0. 0. 0. 1. 1. 0. 0. 0. 0. 0. 0. 0. 0. 1. 0.],6.0,10000,30,0.6,10,1,6,,problem_solving
4600,0.022394243725650798,0.010239235162565757,0.4,-5.733017199347287,[0.         0.         0.         0.         0.9179738  0.         0.         0.         0.         0.         0.         0.         0.01521699 0.         0.01789399 0.         0.01825815 0.         0.         0.         0.         0.         0.         0.         0.         0.01996186 0.         0.         0.         0.         0.01069521],[0. 0. 0. 0. 1. 0. 0. 0. 0. 0. 0. 0. 1. 0. 1. 0. 1. 0. 0. 0. 0. 0. 0. 0. 0. 1. 0. 0. 0. 0. 1.],6.0,10000,30,0.6,10,1,6,,problem_solving
4700,0.022394243725650798,0.010239235162565757,0.4,1.7546770343248774,[0.         0.         0.         0.         0.9179738  0.         0.         0.         0.         0.         0.         0.         0.01521699 0.         0.01789399 0.         0.01825815 0.         0.         0.         0.         0.         0.         0.         0.         0.01996186 0.         0.         0.         0.         0.01069521],[0. 0. 0. 0. 1. 0. 0. 0. 0. 0. 0. 0. 1. 0. 1. 0. 1. 0. 0. 0. 0. 0. 0. 0. 0. 1. 0. 0. 0. 0. 1.],6.0,10000,30,0.6,10,1,6,,problem_solving
4800,0.022394243725650798,0.010239235162565757,0.4,-1.844471231490866,[0.         0.         0.         0.         0.9179738  0.         0.         0.         0.         0.         0.         0.         0.01521699 0.         0.01789399 0.         0.01825815 0.         0.         0.         0.         0.         0.         0.         0.         0.01996186 0.         0.         0.         0.         0.01069521],[0. 0. 0. 0. 1. 0. 0. 0. 0. 0. 0. 0. 1. 0. 1. 0. 1. 0. 0. 0. 0. 0. 0. 0. 0. 1. 0. 0. 0. 0. 1.],6.0,10000,30,0.6,10,1,6,,problem_solving
4900,0.022394243725650798,0.010239235162565757,0.4,-9.476284312018256,[0.         0.         0.         0.         0.9179738  0.         0.         0.         0.         0.         0.         0.         0.01521699 0.         0.01789399 0.         0.01825815 0.         0.         0.         0.         0.         0.         0.         0.         0.01996186 0.         0.         0.         0.         0.01069521],[0. 0. 0. 0. 1. 0. 0. 0. 0. 0. 0. 0. 1. 0. 1. 0. 1. 0. 0. 0. 0. 0. 0. 0. 0. 1. 0. 0. 0. 0. 1.],6.0,10000,30,0.6,10,1,6,,problem_solving
5000,0.022394243725650798,0.010239235162565757,0.4,-1.2990918164837306,[0.         0.         0.         0.         0.9179738  0.         0.         0.         0.         0.         0.         0.         0.01521699 0.         0.01789399 0.         0.01825815 0.         0.         0.         0.         0.         0.         0.         0.         0.01996186 0.         0.         0.         0.         0.01069521],[0. 0. 0. 0. 1. 0. 0. 0. 0. 0. 0. 0. 1. 0. 1. 0. 1. 0. 0. 0. 0. 0. 0. 0. 0. 1. 0. 0. 0. 0. 1.],6.0,10000,30,0.6,10,1,6,,problem_solving
5100,0.022394243725650798,0.010239235162565757,0.4,-2.1017275439941376,[0.         0.         0.         0.         0.9179738  0.         0.         0.         0.         0.         0.         0.         0.01521699 0.         0.01789399 0.         0.01825815 0.         0.         0.         0.         0.         0.         0.         0.         0.01996186 0.         0.         0.         0.         0.01069521],[0. 0. 0. 0. 1. 0. 0. 0. 0. 0. 0. 0. 1. 0. 1. 0. 1. 0. 0. 0. 0. 0. 0. 0. 0. 1. 0. 0. 0. 0. 1.],6.0,10000,30,0.6,10,1,6,,problem_solving
5200,0.022394243725650798,0.010239235162565757,0.4,21.041979576658175,[0.         0.         0.         0.         0.9179738  0.         0.         0.         0.         0.         0.         0.         0.01521699 0.         0.01789399 0.         0.01825815 0.         0.         0.         0.         0.         0.         0.         0.         0.01996186 0.         0.         0.         0.         0.01069521],[0. 0. 0. 0. 1. 0. 0. 0. 0. 0. 0. 0. 1. 0. 1. 0. 1. 0. 0. 0. 0. 0. 0. 0. 0. 1. 0. 0. 0. 0. 1.],6.0,10000,30,0.6,10,1,6,,problem_solving
5300,0.022394243725650798,0.010239235162565757,0.4,13.277110065597517,[0.         0.         0.         0.         0.9179738  0.         0.         0.         0.         0.         0.         0.         0.01521699 0.         0.01789399 0.         0.01825815 0.         0.         0.         0.         0.         0.         0.         0.         0.01996186 0.         0.         0.         0.         0.01069521],[0. 0. 0. 0. 1. 0. 0. 0. 0. 0. 0. 0. 1. 0. 1. 0. 1. 0. 0. 0. 0. 0. 0. 0. 0. 1. 0. 0. 0. 0. 1.],6.0,10000,30,0.6,10,1,6,,problem_solving
5400,0.022394243725650798,0.010239235162565757,0.4,5.144061790346751,[0.         0.         0.         0.         0.9179738  0.         0.         0.         0.         0.         0.         0.         0.01521699 0.         0.01789399 0.         0.01825815 0.         0.         0.         0.         0.         0.         0.         0.         0.01996186 0.         0.         0.         0.         0.01069521],[0. 0. 0. 0. 1. 0. 0. 0. 0. 0. 0. 0. 1. 0. 1. 0. 1. 0. 0. 0. 0. 0. 0. 0. 0. 1. 0. 0. 0. 0. 1.],6.0,10000,30,0.6,10,1,6,,problem_solving
5500,0.022394243725650798,0.010239235162565757,0.4,-12.256288903854953,[0.         0.         0.         0.         0.9179738  0.         0.         0.         0.         0.         0.         0.         0.01521699 0.         0.01789399 0.         0.01825815 0.         0.         0.         0.         0.         0.         0.         0.         0.01996186 0.         0.         0.         0.         0.01069521],[0. 0. 0. 0. 1. 0. 0. 0. 0. 0. 0. 0. 1. 0. 1. 0. 1. 0. 0. 0. 0. 0. 0. 0. 0. 1. 0. 0. 0. 0. 1.],6.0,10000,30,0.6,10,1,6,,problem_solving
5600,0.022394243725650798,0.010239235162565757,0.4,-11.274887053588774,[0.         0.         0.         0.         0.9179738  0.         0.         0.         0.         0.         0.         0.         0.01521699 0.         0.01789399 0.         0.01825815 0.         0.         0.         0.         0.         0.         0.         0.         0.01996186 0.         0.         0.         0.         0.01069521],[0. 0. 0. 0. 1. 0. 0. 0. 0. 0. 0. 0. 1. 0. 1. 0. 1. 0. 0. 0. 0. 0. 0. 0. 0. 1. 0. 0. 0. 0. 1.],6.0,10000,30,0.6,10,1,6,,problem_solving
5700,0.022394243725650798,0.010239235162565757,0.4,-16.68692060828083,[0.         0.         0.         0.         0.9179738  0.         0.         0.         0.         0.         0.         0.         0.01521699 0.         0.01789399 0.         0.01825815 0.         0.         0.         0.         0.         0.         0.         0.         0.01996186 0.         0.         0.         0.         0.01069521],[0. 0. 0. 0. 1. 0. 0. 0. 0. 0. 0. 0. 1. 0. 1. 0. 1. 0. 0. 0. 0. 0. 0. 0. 0. 1. 0. 0. 0. 0. 1.],6.0,10000,30,0.6,10,1,6,,problem_solving
5800,0.022394243725650798,0.010239235162565757,0.4,5.9357149799020235,[0.         0.         0.         0.         0.9179738  0.         0.         0.         0.         0.         0.         0.         0.01521699 0.         0.01789399 0.         0.01825815 0.         0.         0.         0.         0.         0.         0.         0.         0.01996186 0.         0.         0.         0.         0.01069521],[0. 0. 0. 0. 1. 0. 0. 0. 0. 0. 0. 0. 1. 0. 1. 0. 1. 0. 0. 0. 0. 0. 0. 0. 0. 1. 0. 0. 0. 0. 1.],6.0,10000,30,0.6,10,1,6,,problem_solving
5900,0.022394243725650798,0.010239235162565757,0.4,23.44114006893763,[0.         0.         0.         0.         0.9179738  0.         0.         0.         0.         0.         0.         0.         0.01521699 0.         0.01789399 0.         0.01825815 0.         0.         0.         0.         0.         0.         0.         0.         0.01996186 0.         0.         0.         0.         0.01069521],[0. 0. 0. 0. 1. 0. 0. 0. 0. 0. 0. 0. 1. 0. 1. 0. 1. 0. 0. 0. 0. 0. 0. 0. 0. 1. 0. 0. 0. 0. 1.],6.0,10000,30,0.6,10,1,6,,problem_solving
6000,0.022394243725650798,0.010239235162565757,0.4,-4.1597488212565645,[0.         0.         0.         0.         0.9179738  0.         0.         0.         0.         0.         0.         0.         0.01521699 0.         0.01789399 0.         0.01825815 0.         0.         0.         0.         0.         0.         0.         0.         0.01996186 0.         0.         0.         0.         0.01069521],[0. 0. 0. 0. 1. 0. 0. 0. 0. 0. 0. 0. 1. 0. 1. 0. 1. 0. 0. 0. 0. 0. 0. 0. 0. 1. 0. 0. 0. 0. 1.],6.0,10000,30,0.6,10,1,6,,problem_solving
6100,0.022394243725650798,0.010239235162565757,0.4,17.514309710342108,[0.         0.         0.         0.         0.9179738  0.         0.         0.         0.         0.         0.         0.         0.01521699 0.         0.01789399 0.         0.01825815 0.         0.         0.         0.         0.         0.         0.         0.         0.01996186 0.         0.         0.         0.         0.01069521],[0. 0. 0. 0. 1. 0. 0. 0. 0. 0. 0. 0. 1. 0. 1. 0. 1. 0. 0. 0. 0. 0. 0. 0. 0. 1. 0. 0. 0. 0. 1.],6.0,10000,30,0.6,10,1,6,,problem_solving
6200,0.022394243725650798,0.010239235162565757,0.4,7.13699847706898,[0.         0.         0.         0.         0.9179738  0.         0.         0.         0.         0.         0.         0.         0.01521699 0.         0.01789399 0.         0.01825815 0.         0.         0.         0.         0.         0.         0.         0.         0.01996186 0.         0.         0.         0.         0.01069521],[0. 0. 0. 0. 1. 0. 0. 0. 0. 0. 0. 0. 1. 0. 1. 0. 1. 0. 0. 0. 0. 0. 0. 0. 0. 1. 0. 0. 0. 0. 1.],6.0,10000,30,0.6,10,1,6,,problem_solving
6300,0.022394243725650798,0.010239235162565757,0.4,-6.390050681469691,[0.         0.         0.         0.         0.9179738  0.         0.         0.         0.         0.         0.         0.         0.01521699 0.         0.01789399 0.         0.01825815 0.         0.         0.         0.         0.         0.         0.         0.         0.01996186 0.         0.         0.         0.         0.01069521],[0. 0. 0. 0. 1. 0. 0. 0. 0. 0. 0. 0. 1. 0. 1. 0. 1. 0. 0. 0. 0. 0. 0. 0. 0. 1. 0. 0. 0. 0. 1.],6.0,10000,30,0.6,10,1,6,,problem_solving
6400,0.022394243725650798,0.010239235162565757,0.4,-3.408872234357774,[0.         0.         0.         0.         0.9179738  0.         0.         0.         0.         0.         0.         0.         0.01521699 0.         0.01789399 0.         0.01825815 0.         0.         0.         0.         0.         0.         0.         0.         0.01996186 0.         0.         0.         0.         0.01069521],[0. 0. 0. 0. 1. 0. 0. 0. 0. 0. 0. 0. 1. 0. 1. 0. 1. 0. 0. 0. 0. 0. 0. 0. 0. 1. 0. 0. 0. 0. 1.],6.0,10000,30,0.6,10,1,6,,problem_solving
6500,0.022394243725650798,0.010239235162565757,0.4,-10.920245026783064,[0.         0.         0.         0.         0.9179738  0.         0.         0.         0.         0.         0.         0.         0.01521699 0.         0.01789399 0.         0.01825815 0.         0.         0.         0.         0.         0.         0.         0.         0.01996186 0.         0.         0.         0.         0.01069521],[0. 0. 0. 0. 1. 0. 0. 0. 0. 0. 0. 0. 1. 0. 1. 0. 1. 0. 0. 0. 0. 0. 0. 0. 0. 1. 0. 0. 0. 0. 1.],6.0,10000,30,0.6,10,1,6,,problem_solving
6600,0.022394243725650798,0.010239235162565757,0.4,4.288399643119276,[0.         0.         0.         0.         0.9179738  0.         0.         0.         0.         0.         0.         0.         0.01521699 0.         0.01789399 0.         0.01825815 0.         0.         0.         0.         0.         0.         0.         0.         0.01996186 0.         0.         0.         0.         0.01069521],[0. 0. 0. 0. 1. 0. 0. 0. 0. 0. 0. 0. 1. 0. 1. 0. 1. 0. 0. 0. 0. 0. 0. 0. 0. 1. 0. 0. 0. 0. 1.],6.0,10000,30,0.6,10,1,6,,problem_solving
6700,0.022394243725650798,0.010239235162565757,0.4,-16.953807151166316,[0.         0.         0.         0.         0.9179738  0.         0.         0.         0.         0.         0.         0.         0.01521699 0.         0.01789399 0.         0.01825815 0.         0.         0.         0.         0.         0.         0.         0.         0.01996186 0.         0.         0.         0.         0.01069521],[0. 0. 0. 0. 1. 0. 0. 0. 0. 0. 0. 0. 1. 0. 1. 0. 1. 0. 0. 0. 0. 0. 0. 0. 0. 1. 0. 0. 0. 0. 1.],6.0,10000,30,0.6,10,1,6,,problem_solving
6800,0.022394243725650798,0.010239235162565757,0.4,5.355551657609307,[0.         0.         0.         0.         0.9179738  0.         0.         0.         0.         0.         0.         0.         0.01521699 0.         0.01789399 0.         0.01825815 0.         0.         0.         0.         0.         0.         0.         0.         0.01996186 0.         0.         0.         0.         0.01069521],[0. 0. 0. 0. 1. 0. 0. 0. 0. 0. 0. 0. 1. 0. 1. 0. 1. 0. 0. 0. 0. 0. 0. 0. 0. 1. 0. 0. 0. 0. 1.],6.0,10000,30,0.6,10,1,6,,problem_solving
6900,0.022394243725650798,0.010239235162565757,0.4,-2.6771629535834545,[0.         0.         0.         0.         0.9179738  0.         0.         0.         0.         0.         0.         0.         0.01521699 0.         0.01789399 0.         0.01825815 0.         0.         0.         0.         0.         0.         0.         0.         0.01996186 0.         0.         0.         0.         0.01069521],[0. 0. 0. 0. 1. 0. 0. 0. 0. 0. 0. 0. 1. 0. 1. 0. 1. 0. 0. 0. 0. 0. 0. 0. 0. 1. 0. 0. 0. 0. 1.],6.0,10000,30,0.6,10,1,6,,problem_solving
7000,0.022394243725650798,0.010239235162565757,0.4,18.337099721136468,[0.         0.         0.         0.         0.9179738  0.         0.         0.         0.         0.         0.         0.         0.01521699 0.         0.01789399 0.         0.01825815 0.         0.         0.         0.         0.         0.         0.         0.         0.01996186 0.         0.         0.         0.         0.01069521],[0. 0. 0. 0. 1. 0. 0. 0. 0. 0. 0. 0. 1. 0. 1. 0. 1. 0. 0. 0. 0. 0. 0. 0. 0. 1. 0. 0. 0. 0. 1.],6.0,10000,30,0.6,10,1,6,,problem_solving
7100,0.022394243725650798,0.010239235162565757,0.4,9.214839248240942,[0.         0.         0.         0.         0.9179738  0.         0.         0.         0.         0.         0.         0.         0.01521699 0.         0.01789399 0.         0.01825815 0.         0.         0.         0.         0.         0.         0.         0.         0.01996186 0.         0.         0.         0.         0.01069521],[0. 0. 0. 0. 1. 0. 0. 0. 0. 0. 0. 0. 1. 0. 1. 0. 1. 0. 0. 0. 0. 0. 0. 0. 0. 1. 0. 0. 0. 0. 1.],6.0,10000,30,0.6,10,1,6,,problem_solving
7200,0.022394243725650798,0.010239235162565757,0.4,-5.131312420696126,[0.         0.         0.         0.         0.9179738  0.         0.         0.         0.         0.         0.         0.         0.01521699 0.         0.01789399 0.         0.01825815 0.         0.         0.         0.         0.         0.         0.         0.         0.01996186 0.         0.         0.         0.         0.01069521],[0. 0. 0. 0. 1. 0. 0. 0. 0. 0. 0. 0. 1. 0. 1. 0. 1. 0. 0. 0. 0. 0. 0. 0. 0. 1. 0. 0. 0. 0. 1.],6.0,10000,30,0.6,10,1,6,,problem_solving
7300,0.022394243725650798,0.010239235162565757,0.4,-11.451549764075704,[0.         0.         0.         0.         0.9179738  0.         0.         0.         0.         0.         0.         0.         0.01521699 0.         0.01789399 0.         0.01825815 0.         0.         0.         0.         0.         0.         0.         0.         0.01996186 0.         0.         0.         0.         0.01069521],[0. 0. 0. 0. 1. 0. 0. 0. 0. 0. 0. 0. 1. 0. 1. 0. 1. 0. 0. 0. 0. 0. 0. 0. 0. 1. 0. 0. 0. 0. 1.],6.0,10000,30,0.6,10,1,6,,problem_solving
7400,0.022394243725650798,0.010239235162565757,0.4,7.252849616210232,[0.         0.         0.         0.         0.9179738  0.         0.         0.         0.         0.         0.         0.         0.01521699 0.         0.01789399 0.         0.01825815 0.         0.         0.         0.         0.         0.         0.         0.         0.01996186 0.         0.         0.         0.         0.01069521],[0. 0. 0. 0. 1. 0. 0. 0. 0. 0. 0. 0. 1. 0. 1. 0. 1. 0. 0. 0. 0. 0. 0. 0. 0. 1. 0. 0. 0. 0. 1.],6.0,10000,30,0.6,10,1,6,,problem_solving
7500,0.022394243725650798,0.010239235162565757,0.4,1.628630902936024,[0.         0.         0.         0.         0.9179738  0.         0.         0.         0.         0.         0.         0.         0.01521699 0.         0.01789399 0.         0.01825815 0.         0.         0.         0.         0.         0.         0.         0.         0.01996186 0.         0.         0.         0.         0.01069521],[0. 0. 0. 0. 1. 0. 0. 0. 0. 0. 0. 0. 1. 0. 1. 0. 1. 0. 0. 0. 0. 0. 0. 0. 0. 1. 0. 0. 0. 0. 1.],6.0,10000,30,0.6,10,1,6,,problem_solving
7600,0.022394243725650798,0.010239235162565757,0.4,-8.14591170946592,[0.         0.         0.         0.         0.9179738  0.         0.         0.         0.         0.         0.         0.         0.01521699 0.         0.01789399 0.         0.01825815 0.         0.         0.         0.         0.         0.         0.         0.         0.01996186 0.         0.         0.         0.         0.01069521],[0. 0. 0. 0. 1. 0. 0. 0. 0. 0. 0. 0. 1. 0. 1. 0. 1. 0. 0. 0. 0. 0. 0. 0. 0. 1. 0. 0. 0. 0. 1.],6.0,10000,30,0.6,10,1,6,,problem_solving
7700,0.022394243725650798,0.010239235162565757,0.4,4.671445670397597,[0.         0.         0.         0.         0.9179738  0.         0.         0.         0.         0.         0.         0.         0.01521699 0.         0.01789399 0.         0.01825815 0.         0.         0.         0.         0.         0.         0.         0.         0.01996186 0.         0.         0.         0.         0.01069521],[0. 0. 0. 0. 1. 0. 0. 0. 0. 0. 0. 0. 1. 0. 1. 0. 1. 0. 0. 0. 0. 0. 0. 0. 0. 1. 0. 0. 0. 0. 1.],6.0,10000,30,0.6,10,1,6,,problem_solving
7800,0.022394243725650798,0.010239235162565757,0.4,14.8421542726156,[0.         0.         0.         0.         0.9179738  0.         0.         0.         0.         0.         0.         0.         0.01521699 0.         0.01789399 0.         0.01825815 0.         0.         0.         0.         0.         0.         0.         0.         0.01996186 0.         0.         0.         0.         0.01069521],[0. 0. 0. 0. 1. 0. 0. 0. 0. 0. 0. 0. 1. 0. 1. 0. 1. 0. 0. 0. 0. 0. 0. 0. 0. 1. 0. 0. 0. 0. 1.],6.0,10000,30,0.6,10,1,6,,problem_solving
7900,0.022394243725650798,0.010239235162565757,0.4,16.20291844293434,[0.         0.         0.         0.         0.9179738  0.         0.         0.         0.         0.         0.         0.         0.01521699 0.         0.01789399 0.         0.01825815 0.         0.         0.         0.         0.         0.         0.         0.         0.01996186 0.         0.         0.         0.         0.01069521],[0. 0. 0. 0. 1. 0. 0. 0. 0. 0. 0. 0. 1. 0. 1. 0. 1. 0. 0. 0. 0. 0. 0. 0. 0. 1. 0. 0. 0. 0. 1.],6.0,10000,30,0.6,10,1,6,,problem_solving
8000,0.022394243725650798,0.010239235162565757,0.4,2.931717555454898,[0.         0.         0.         0.         0.9179738  0.         0.         0.         0.         0.         0.         0.         0.01521699 0.         0.01789399 0.         0.01825815 0.         0.         0.         0.         0.         0.         0.         0.         0.01996186 0.         0.         0.         0.         0.01069521],[0. 0. 0. 0. 1. 0. 0. 0. 0. 0. 0. 0. 1. 0. 1. 0. 1. 0. 0. 0. 0. 0. 0. 0. 0. 1. 0. 0. 0. 0. 1.],6.0,10000,30,0.6,10,1,6,,problem_solving
8100,0.022394243725650798,0.010239235162565757,0.4,3.7975673083418418,[0.         0.         0.         0.         0.9179738  0.         0.         0.         0.         0.         0.         0.         0.01521699 0.         0.01789399 0.         0.01825815 0.         0.         0.         0.         0.         0.         0.         0.         0.01996186 0.         0.         0.         0.         0.01069521],[0. 0. 0. 0. 1. 0. 0. 0. 0. 0. 0. 0. 1. 0. 1. 0. 1. 0. 0. 0. 0. 0. 0. 0. 0. 1. 0. 0. 0. 0. 1.],6.0,10000,30,0.6,10,1,6,,problem_solving
8200,0.022394243725650798,0.010239235162565757,0.4,3.403011593389689,[0.         0.         0.         0.         0.9179738  0.         0.         0.         0.         0.         0.         0.         0.01521699 0.         0.01789399 0.         0.01825815 0.         0.         0.         0.         0.         0.         0.         0.         0.01996186 0.         0.         0.         0.         0.01069521],[0. 0. 0. 0. 1. 0. 0. 0. 0. 0. 0. 0. 1. 0. 1. 0. 1. 0. 0. 0. 0. 0. 0. 0. 0. 1. 0. 0. 0. 0. 1.],6.0,10000,30,0.6,10,1,6,,problem_solving
8300,0.022394243725650798,0.010239235162565757,0.4,-2.6519363177481043,[0.         0.         0.         0.         0.9179738  0.         0.         0.         0.         0.         0.         0.         0.01521699 0.         0.01789399 0.         0.01825815 0.         0.         0.         0.         0.         0.         0.         0.         0.01996186 0.         0.         0.         0.         0.01069521],[0. 0. 0. 0. 1. 0. 0. 0. 0. 0. 0. 0. 1. 0. 1. 0. 1. 0. 0. 0. 0. 0. 0. 0. 0. 1. 0. 0. 0. 0. 1.],6.0,10000,30,0.6,10,1,6,,problem_solving
8400,0.021689536502758098,0.010438539391873594,0.4,-16.14346713220902,[0.         0.         0.         0.         0.9291068  0.         0.         0.         0.         0.01128696 0.         0.01262991 0.01059589 0.         0.         0.         0.         0.         0.         0.         0.         0.         0.         0.         0.         0.01665726 0.         0.         0.01972318 0.         0.        ],[0. 0. 0. 0. 1. 0. 0. 0. 0. 1. 0. 1. 1. 0. 0. 0. 0. 0. 0. 0. 0. 0. 0. 0. 0. 1. 0. 0. 1. 0. 0.],6.0,10000,30,0.6,10,1,6,,problem_solving
8500,0.021689536502758098,0.010438539391873594,0.4,0.07519169528651717,[0.         0.         0.         0.         0.9291068  0.         0.         0.         0.         0.01128696 0.         0.01262991 0.01059589 0.         0.         0.         0.         0.         0.         0.         0.         0.         0.         0.         0.         0.01665726 0.         0.         0.01972318 0.         0.        ],[0. 0. 0. 0. 1. 0. 0. 0. 0. 1. 0. 1. 1. 0. 0. 0. 0. 0. 0. 0. 0. 0. 0. 0. 0. 1. 0. 0. 1. 0. 0.],6.0,10000,30,0.6,10,1,6,,problem_solving
8600,0.021689536502758098,0.010438539391873594,0.4,1.7844566188111213,[0.         0.         0.         0.         0.9291068  0.         0.         0.         0.         0.01128696 0.         0.01262991 0.01059589 0.         0.         0.         0.         0.         0.         0.         0.         0.         0.         0.         0.         0.01665726 0.         0.         0.01972318 0.         0.        ],[0. 0. 0. 0. 1. 0. 0. 0. 0. 1. 0. 1. 1. 0. 0. 0. 0. 0. 0. 0. 0. 0. 0. 0. 0. 1. 0. 0. 1. 0. 0.],6.0,10000,30,0.6,10,1,6,,problem_solving
8700,0.021689536502758098,0.010438539391873594,0.4,-11.720508915555277,[0.         0.         0.         0.         0.9291068  0.         0.         0.         0.         0.01128696 0.         0.01262991 0.01059589 0.         0.         0.         0.         0.         0.         0.         0.         0.         0.         0.         0.         0.01665726 0.         0.         0.01972318 0.         0.        ],[0. 0. 0. 0. 1. 0. 0. 0. 0. 1. 0. 1. 1. 0. 0. 0. 0. 0. 0. 0. 0. 0. 0. 0. 0. 1. 0. 0. 1. 0. 0.],6.0,10000,30,0.6,10,1,6,,problem_solving
8800,0.021689536502758098,0.010438539391873594,0.4,12.526031674773602,[0.         0.         0.         0.         0.9291068  0.         0.         0.         0.         0.01128696 0.         0.01262991 0.01059589 0.         0.         0.         0.         0.         0.         0.         0.         0.         0.         0.         0.         0.01665726 0.         0.         0.01972318 0.         0.        ],[0. 0. 0. 0. 1. 0. 0. 0. 0. 1. 0. 1. 1. 0. 0. 0. 0. 0. 0. 0. 0. 0. 0. 0. 0. 1. 0. 0. 1. 0. 0.],6.0,10000,30,0.6,10,1,6,,problem_solving
8900,0.021689536502758098,0.010438539391873594,0.4,-8.153849164110357,[0.         0.         0.         0.         0.9291068  0.         0.         0.         0.         0.01128696 0.         0.01262991 0.01059589 0.         0.         0.         0.         0.         0.         0.         0.         0.         0.         0.         0.         0.01665726 0.         0.         0.01972318 0.         0.        ],[0. 0. 0. 0. 1. 0. 0. 0. 0. 1. 0. 1. 1. 0. 0. 0. 0. 0. 0. 0. 0. 0. 0. 0. 0. 1. 0. 0. 1. 0. 0.],6.0,10000,30,0.6,10,1,6,,problem_solving
9000,0.021689536502758098,0.010438539391873594,0.4,6.015946378104001,[0.         0.         0.         0.         0.9291068  0.         0.         0.         0.         0.01128696 0.         0.01262991 0.01059589 0.         0.         0.         0.         0.         0.         0.         0.         0.         0.         0.         0.         0.01665726 0.         0.         0.01972318 0.         0.        ],[0. 0. 0. 0. 1. 0. 0. 0. 0. 1. 0. 1. 1. 0. 0. 0. 0. 0. 0. 0. 0. 0. 0. 0. 0. 1. 0. 0. 1. 0. 0.],6.0,10000,30,0.6,10,1,6,,problem_solving
9100,0.020269462924208132,0.010258862322028153,0.4,-22.637992844582612,[0.         0.         0.         0.         0.92726151 0.01353616 0.         0.         0.         0.         0.         0.         0.         0.         0.         0.01551449 0.         0.01094451 0.         0.         0.         0.         0.         0.         0.         0.         0.         0.         0.02209747 0.         0.01064586],[0. 0. 0. 0. 1. 1. 0. 0. 0. 0. 0. 0. 0. 0. 0. 1. 0. 1. 0. 0. 0. 0. 0. 0. 0. 0. 0. 0. 1. 0. 1.],6.0,10000,30,0.6,10,1,6,,problem_solving
9200,0.020269462924208132,0.010258862322028153,0.4,-15.623511221526963,[0.         0.         0.         0.         0.92726151 0.01353616 0.         0.         0.         0.         0.         0.         0.         0.         0.         0.01551449 0.         0.01094451 0.         0.         0.         0.         0.         0.         0.         0.         0.         0.         0.02209747 0.         0.01064586],[0. 0. 0. 0. 1. 1. 0. 0. 0. 0. 0. 0. 0. 0. 0. 1. 0. 1. 0. 0. 0. 0. 0. 0. 0. 0. 0. 0. 1. 0. 1.],6.0,10000,30,0.6,10,1,6,,problem_solving
9300,0.020269462924208132,0.010258862322028153,0.4,2.1676922200044126,[0.         0.         0.         0.         0.92726151 0.01353616 0.         0.         0.         0.         0.         0.         0.         0.         0.         0.01551449 0.         0.01094451 0.         0.         0.         0.         0.         0.         0.         0.         0.         0.         0.02209747 0.         0.01064586],[0. 0. 0. 0. 1. 1. 0. 0. 0. 0. 0. 0. 0. 0. 0. 1. 0. 1. 0. 0. 0. 0. 0. 0. 0. 0. 0. 0. 1. 0. 1.],6.0,10000,30,0.6,10,1,6,,problem_solving
9400,0.020269462924208132,0.010258862322028153,0.4,-11.963472052997105,[0.         0.         0.         0.         0.92726151 0.01353616 0.         0.         0.         0.         0.         0.         0.         0.         0.         0.01551449 0.         0.01094451 0.         0.         0.         0.         0.         0.         0.         0.         0.         0.         0.02209747 0.         0.01064586],[0. 0. 0. 0. 1. 1. 0. 0. 0. 0. 0. 0. 0. 0. 0. 1. 0. 1. 0. 0. 0. 0. 0. 0. 0. 0. 0. 0. 1. 0. 1.],6.0,10000,30,0.6,10,1,6,,problem_solving
9500,0.020269462924208132,0.010258862322028153,0.4,18.010217410576182,[0.         0.         0.         0.         0.92726151 0.01353616 0.         0.         0.         0.         0.         0.         0.         0.         0.         0.01551449 0.         0.01094451 0.         0.         0.         0.         0.         0.         0.         0.         0.         0.         0.02209747 0.         0.01064586],[0. 0. 0. 0. 1. 1. 0. 0. 0. 0. 0. 0. 0. 0. 0. 1. 0. 1. 0. 0. 0. 0. 0. 0. 0. 0. 0. 0. 1. 0. 1.],6.0,10000,30,0.6,10,1,6,,problem_solving
9600,0.020269462924208132,0.010258862322028153,0.4,5.796678305394288,[0.         0.         0.         0.         0.92726151 0.01353616 0.         0.         0.         0.         0.         0.         0.         0.         0.         0.01551449 0.         0.01094451 0.         0.         0.         0.         0.         0.         0.         0.         0.         0.         0.02209747 0.         0.01064586],[0. 0. 0. 0. 1. 1. 0. 0. 0. 0. 0. 0. 0. 0. 0. 1. 0. 1. 0. 0. 0. 0. 0. 0. 0. 0. 0. 0. 1. 0. 1.],6.0,10000,30,0.6,10,1,6,,problem_solving
9700,0.020269462924208132,0.010258862322028153,0.4,-1.2831194840960731,[0.         0.         0.         0.         0.92726151 0.01353616 0.         0.         0.         0.         0.         0.         0.         0.         0.         0.01551449 0.         0.01094451 0.         0.         0.         0.         0.         0.         0.         0.         0.         0.         0.02209747 0.         0.01064586],[0. 0. 0. 0. 1. 1. 0. 0. 0. 0. 0. 0. 0. 0. 0. 1. 0. 1. 0. 0. 0. 0. 0. 0. 0. 0. 0. 0. 1. 0. 1.],6.0,10000,30,0.6,10,1,6,,problem_solving
9800,0.020269462924208132,0.010258862322028153,0.4,7.212628700205748,[0.         0.         0.         0.         0.92726151 0.01353616 0.         0.         0.         0.         0.         0.         0.         0.         0.         0.01551449 0.         0.01094451 0.         0.         0.         0.         0.         0.         0.         0.         0.         0.         0.02209747 0.         0.01064586],[0. 0. 0. 0. 1. 1. 0. 0. 0. 0. 0. 0. 0. 0. 0. 1. 0. 1. 0. 0. 0. 0. 0. 0. 0. 0. 0. 0. 1. 0. 1.],6.0,10000,30,0.6,10,1,6,,problem_solving
9900,0.020269462924208132,0.010258862322028153,0.4,-8.129215151848562,[0.         0.         0.         0.         0.92726151 0.01353616 0.         0.         0.         0.         0.         0.         0.         0.         0.         0.01551449 0.         0.01094451 0.         0.         0.         0.         0.         0.         0.         0.         0.         0.         0.02209747 0.         0.01064586],[0. 0. 0. 0. 1. 1. 0. 0. 0. 0. 0. 0. 0. 0. 0. 1. 0. 1. 0. 0. 0. 0. 0. 0. 0. 0. 0. 0. 1. 0. 1.],6.0,10000,30,0.6,10,1,6,,problem_solving
9999,0.020269462924208132,0.010258862322028153,0.4,7.522887315379316,[0.         0.         0.         0.         0.92726151 0.01353616 0.         0.         0.         0.         0.         0.         0.         0.         0.         0.01551449 0.         0.01094451 0.         0.         0.         0.         0.         0.         0.         0.         0.         0.         0.02209747 0.         0.01064586],[0. 0. 0. 0. 1. 1. 0. 0. 0. 0. 0. 0. 0. 0. 0. 1. 0. 1. 0. 0. 0. 0. 0. 0. 0. 0. 0. 0. 1. 0. 1.],6.0,10000,30,0.6,10,1,6,,problem_solving
