iter,cost,return,par,move,X,Z,Q,max_iter,mem_size,mem_consider,sigma,port_n,k,seed,tag
1,0.13786932843077898,0.005528603041135353,0.4,-6.160422392142262,[0.         0.         0.         0.         0.02207689 0.         0.         0.         0.         0.01421303 0.         0.         0.         0.         0.         0.         0.         0.         0.         0.         0.         0.         0.         0.         0.02102864 0.92858012 0.         0.         0.         0.01410132 0.        ],[0. 0. 0. 0. 1. 0. 0. 0. 0. 1. 0. 0. 0. 0. 0. 0. 0. 0. 0. 0. 0. 0. 0. 0. 1. 1. 0. 0. 0. 1. 0.],5.0,1000,30,0.6,10,1,5,,problem_solving
10,0.04239054884576514,0.009784142082891389,0.4,16.48052261018034,[0.0140263  0.         0.         0.         0.87750476 0.         0.02800077 0.         0.         0.         0.         0.         0.         0.         0.         0.         0.         0.02497865 0.         0.         0.         0.         0.         0.         0.05548953 0.         0.         0.         0.         0.         0.        ],[1. 0. 0. 0. 1. 0. 1. 0. 0. 0. 0. 0. 0. 0. 0. 0. 0. 1. 0. 0. 0. 0. 0. 0. 1. 0. 0. 0. 0. 0. 0.],5.0,1000,30,0.6,10,1,5,,problem_solving
20,0.04239054884576514,0.009784142082891389,0.4,2.262421190596784,[0.0140263  0.         0.         0.         0.87750476 0.         0.02800077 0.         0.         0.         0.         0.         0.         0.         0.         0.         0.         0.02497865 0.         0.         0.         0.         0.         0.         0.05548953 0.         0.         0.         0.         0.         0.        ],[1. 0. 0. 0. 1. 0. 1. 0. 0. 0. 0. 0. 0. 0. 0. 0. 0. 1. 0. 0. 0. 0. 0. 0. 1. 0. 0. 0. 0. 0. 0.],5.0,1000,30,0.6,10,1,5,,problem_solving
30,0.04239054884576514,0.009784142082891389,0.4,5.965532373833446,[0.0140263  0.         0.         0.         0.87750476 0.         0.02800077 0.         0.         0.         0.         0.         0.         0.         0.         0.         0.         0.02497865 0.         0.         0.         0.         0.         0.         0.05548953 0.         0.         0.         0.         0.         0.        ],[1. 0. 0. 0. 1. 0. 1. 0. 0. 0. 0. 0. 0. 0. 0. 0. 0. 1. 0. 0. 0. 0. 0. 0. 1. 0. 0. 0. 0. 0. 0.],5.0,1000,30,0.6,10,1,5,,problem_solving
40,0.04239054884576514,0.009784142082891389,0.4,3.9879660595995925,[0.0140263  0.         0.         0.         0.87750476 0.         0.02800077 0.         0.         0.         0.         0.         0.         0.         0.         0.         0.         0.02497865 0.         0.         0.         0.         0.         0.         0.05548953 0.         0.         0.         0.         0.         0.        ],[1. 0. 0. 0. 1. 0. 1. 0. 0. 0. 0. 0. 0. 0. 0. 0. 0. 1. 0. 0. 0. 0. 0. 0. 1. 0. 0. 0. 0. 0. 0.],5.0,1000,30,0.6,10,1,5,,problem_solving
50,0.04239054884576514,0.009784142082891389,0.4,-3.2284546646678542,[0.0140263  0.         0.         0.         0.87750476 0.         0.02800077 0.         0.         0.         0.         0.         0.         0.         0.         0.         0.         0.02497865 0.         0.         0.         0.         0.         0.         0.05548953 0.         0.         0.         0.         0.         0.        ],[1. 0. 0. 0. 1. 0. 1. 0. 0. 0. 0. 0. 0. 0. 0. 0. 0. 1. 0. 0. 0. 0. 0. 0. 1. 0. 0. 0. 0. 0. 0.],5.0,1000,30,0.6,10,1,5,,problem_solving
60,0.04239054884576514,0.009784142082891389,0.4,-9.523628516159311,[0.0140263  0.         0.         0.         0.87750476 0.         0.02800077 0.         0.         0.         0.         0.         0.         0.         0.         0.         0.         0.02497865 0.         0.         0.         0.         0.         0.         0.05548953 0.         0.         0.         0.         0.         0.        ],[1. 0. 0. 0. 1. 0. 1. 0. 0. 0. 0. 0. 0. 0. 0. 0. 0. 1. 0. 0. 0. 0. 0. 0. 1. 0. 0. 0. 0. 0. 0.],5.0,1000,30,0.6,10,1,5,,problem_solving
70,0.04239054884576514,0.009784142082891389,0.4,-16.517628239938674,[0.0140263  0.         0.         0.         0.87750476 0.         0.02800077 0.         0.         0.         0.         0.         0.         0.         0.         0.         0.         0.02497865 0.         0.         0.         0.         0.         0.         0.05548953 0.         0.         0.         0.         0.         0.        ],[1. 0. 0. 0. 1. 0. 1. 0. 0. 0. 0. 0. 0. 0. 0. 0. 0. 1. 0. 0. 0. 0. 0. 0. 1. 0. 0. 0. 0. 0. 0.],5.0,1000,30,0.6,10,1,5,,problem_solving
80,0.04239054884576514,0.009784142082891389,0.4,-7.769328099333343,[0.0140263  0.         0.         0.         0.87750476 0.         0.02800077 0.         0.         0.         0.         0.         0.         0.         0.         0.         0.         0.02497865 0.         0.         0.         0.         0.         0.         0.05548953 0.         0.         0.         0.         0.         0.        ],[1. 0. 0. 0. 1. 0. 1. 0. 0. 0. 0. 0. 0. 0. 0. 0. 0. 1. 0. 0. 0. 0. 0. 0. 1. 0. 0. 0. 0. 0. 0.],5.0,1000,30,0.6,10,1,5,,problem_solving
90,0.04239054884576514,0.009784142082891389,0.4,-2.4666611120038895,[0.0140263  0.         0.         0.         0.87750476 0.         0.02800077 0.         0.         0.         0.         0.         0.         0.         0.         0.         0.         0.02497865 0.         0.         0.         0.         0.         0.         0.05548953 0.         0.         0.         0.         0.         0.        ],[1. 0. 0. 0. 1. 0. 1. 0. 0. 0. 0. 0. 0. 0. 0. 0. 0. 1. 0. 0. 0. 0. 0. 0. 1. 0. 0. 0. 0. 0. 0.],5.0,1000,30,0.6,10,1,5,,problem_solving
100,0.04239054884576514,0.009784142082891389,0.4,2.2947109233009084,[0.0140263  0.         0.         0.         0.87750476 0.         0.02800077 0.         0.         0.         0.         0.         0.         0.         0.         0.         0.         0.02497865 0.         0.         0.         0.         0.         0.         0.05548953 0.         0.         0.         0.         0.         0.        ],[1. 0. 0. 0. 1. 0. 1. 0. 0. 0. 0. 0. 0. 0. 0. 0. 0. 1. 0. 0. 0. 0. 0. 0. 1. 0. 0. 0. 0. 0. 0.],5.0,1000,30,0.6,10,1,5,,problem_solving
110,0.04239054884576514,0.009784142082891389,0.4,-3.308056801502175,[0.0140263  0.         0.         0.         0.87750476 0.         0.02800077 0.         0.         0.         0.         0.         0.         0.         0.         0.         0.         0.02497865 0.         0.         0.         0.         0.         0.         0.05548953 0.         0.         0.         0.         0.         0.        ],[1. 0. 0. 0. 1. 0. 1. 0. 0. 0. 0. 0. 0. 0. 0. 0. 0. 1. 0. 0. 0. 0. 0. 0. 1. 0. 0. 0. 0. 0. 0.],5.0,1000,30,0.6,10,1,5,,problem_solving
120,0.040228381490194455,0.005152802461426349,0.4,5.569422521087287,[0.         0.         0.         0.         0.         0.         0.         0.         0.         0.         0.         0.01104394 0.         0.         0.         0.         0.         0.         0.89616224 0.         0.03665981 0.         0.         0.01779826 0.         0.03833575 0.         0.         0.         0.         0.        ],[0. 0. 0. 0. 0. 0. 0. 0. 0. 0. 0. 1. 0. 0. 0. 0. 0. 0. 1. 0. 1. 0. 0. 1. 0. 1. 0. 0. 0. 0. 0.],5.0,1000,30,0.6,10,1,5,,problem_solving
130,0.040228381490194455,0.005152802461426349,0.4,-15.466763060564022,[0.         0.         0.         0.         0.         0.         0.         0.         0.         0.         0.         0.01104394 0.         0.         0.         0.         0.         0.         0.89616224 0.         0.03665981 0.         0.         0.01779826 0.         0.03833575 0.         0.         0.         0.         0.        ],[0. 0. 0. 0. 0. 0. 0. 0. 0. 0. 0. 1. 0. 0. 0. 0. 0. 0. 1. 0. 1. 0. 0. 1. 0. 1. 0. 0. 0. 0. 0.],5.0,1000,30,0.6,10,1,5,,problem_solving
140,0.040228381490194455,0.005152802461426349,0.4,17.51060042925792,[0.         0.         0.         0.         0.         0.         0.         0.         0.         0.         0.         0.01104394 0.         0.         0.         0.         0.         0.         0.89616224 0.         0.03665981 0.         0.         0.01779826 0.         0.03833575 0.         0.         0.         0.         0.        ],[0. 0. 0. 0. 0. 0. 0. 0. 0. 0. 0. 1. 0. 0. 0. 0. 0. 0. 1. 0. 1. 0. 0. 1. 0. 1. 0. 0. 0. 0. 0.],5.0,1000,30,0.6,10,1,5,,problem_solving
150,0.040228381490194455,0.005152802461426349,0.4,3.0276908317039353,[0.         0.         0.         0.         0.         0.         0.         0.         0.         0.         0.         0.01104394 0.         0.         0.         0.         0.         0.         0.89616224 0.         0.03665981 0.         0.         0.01779826 0.         0.03833575 0.         0.         0.         0.         0.        ],[0. 0. 0. 0. 0. 0. 0. 0. 0. 0. 0. 1. 0. 0. 0. 0. 0. 0. 1. 0. 1. 0. 0. 1. 0. 1. 0. 0. 0. 0. 0.],5.0,1000,30,0.6,10,1,5,,problem_solving
160,0.040228381490194455,0.005152802461426349,0.4,-6.5884350445674755,[0.         0.         0.         0.         0.         0.         0.         0.         0.         0.         0.         0.01104394 0.         0.         0.         0.         0.         0.         0.89616224 0.         0.03665981 0.         0.         0.01779826 0.         0.03833575 0.         0.         0.         0.         0.        ],[0. 0. 0. 0. 0. 0. 0. 0. 0. 0. 0. 1. 0. 0. 0. 0. 0. 0. 1. 0. 1. 0. 0. 1. 0. 1. 0. 0. 0. 0. 0.],5.0,1000,30,0.6,10,1,5,,problem_solving
170,0.040228381490194455,0.005152802461426349,0.4,5.221406369559087,[0.         0.         0.         0.         0.         0.         0.         0.         0.         0.         0.         0.01104394 0.         0.         0.         0.         0.         0.         0.89616224 0.         0.03665981 0.         0.         0.01779826 0.         0.03833575 0.         0.         0.         0.         0.        ],[0. 0. 0. 0. 0. 0. 0. 0. 0. 0. 0. 1. 0. 0. 0. 0. 0. 0. 1. 0. 1. 0. 0. 1. 0. 1. 0. 0. 0. 0. 0.],5.0,1000,30,0.6,10,1,5,,problem_solving
180,0.040228381490194455,0.005152802461426349,0.4,4.323054554149221,[0.         0.         0.         0.         0.         0.         0.         0.         0.         0.         0.         0.01104394 0.         0.         0.         0.         0.         0.         0.89616224 0.         0.03665981 0.         0.         0.01779826 0.         0.03833575 0.         0.         0.         0.         0.        ],[0. 0. 0. 0. 0. 0. 0. 0. 0. 0. 0. 1. 0. 0. 0. 0. 0. 0. 1. 0. 1. 0. 0. 1. 0. 1. 0. 0. 0. 0. 0.],5.0,1000,30,0.6,10,1,5,,problem_solving
190,0.040228381490194455,0.005152802461426349,0.4,4.038402509035761,[0.         0.         0.         0.         0.         0.         0.         0.         0.         0.         0.         0.01104394 0.         0.         0.         0.         0.         0.         0.89616224 0.         0.03665981 0.         0.         0.01779826 0.         0.03833575 0.         0.         0.         0.         0.        ],[0. 0. 0. 0. 0. 0. 0. 0. 0. 0. 0. 1. 0. 0. 0. 0. 0. 0. 1. 0. 1. 0. 0. 1. 0. 1. 0. 0. 0. 0. 0.],5.0,1000,30,0.6,10,1,5,,problem_solving
200,0.040228381490194455,0.005152802461426349,0.4,-5.298509829537723,[0.         0.         0.         0.         0.         0.         0.         0.         0.         0.         0.         0.01104394 0.         0.         0.         0.         0.         0.         0.89616224 0.         0.03665981 0.         0.         0.01779826 0.         0.03833575 0.         0.         0.         0.         0.        ],[0. 0. 0. 0. 0. 0. 0. 0. 0. 0. 0. 1. 0. 0. 0. 0. 0. 0. 1. 0. 1. 0. 0. 1. 0. 1. 0. 0. 0. 0. 0.],5.0,1000,30,0.6,10,1,5,,problem_solving
210,0.040228381490194455,0.005152802461426349,0.4,-5.6007772297006415,[0.         0.         0.         0.         0.         0.         0.         0.         0.         0.         0.         0.01104394 0.         0.         0.         0.         0.         0.         0.89616224 0.         0.03665981 0.         0.         0.01779826 0.         0.03833575 0.         0.         0.         0.         0.        ],[0. 0. 0. 0. 0. 0. 0. 0. 0. 0. 0. 1. 0. 0. 0. 0. 0. 0. 1. 0. 1. 0. 0. 1. 0. 1. 0. 0. 0. 0. 0.],5.0,1000,30,0.6,10,1,5,,problem_solving
220,0.040228381490194455,0.005152802461426349,0.4,0.3801046469375127,[0.         0.         0.         0.         0.         0.         0.         0.         0.         0.         0.         0.01104394 0.         0.         0.         0.         0.         0.         0.89616224 0.         0.03665981 0.         0.         0.01779826 0.         0.03833575 0.         0.         0.         0.         0.        ],[0. 0. 0. 0. 0. 0. 0. 0. 0. 0. 0. 1. 0. 0. 0. 0. 0. 0. 1. 0. 1. 0. 0. 1. 0. 1. 0. 0. 0. 0. 0.],5.0,1000,30,0.6,10,1,5,,problem_solving
230,0.040228381490194455,0.005152802461426349,0.4,-20.09980593875204,[0.         0.         0.         0.         0.         0.         0.         0.         0.         0.         0.         0.01104394 0.         0.         0.         0.         0.         0.         0.89616224 0.         0.03665981 0.         0.         0.01779826 0.         0.03833575 0.         0.         0.         0.         0.        ],[0. 0. 0. 0. 0. 0. 0. 0. 0. 0. 0. 1. 0. 0. 0. 0. 0. 0. 1. 0. 1. 0. 0. 1. 0. 1. 0. 0. 0. 0. 0.],5.0,1000,30,0.6,10,1,5,,problem_solving
240,0.040228381490194455,0.005152802461426349,0.4,-9.849210487918441,[0.         0.         0.         0.         0.         0.         0.         0.         0.         0.         0.         0.01104394 0.         0.         0.         0.         0.         0.         0.89616224 0.         0.03665981 0.         0.         0.01779826 0.         0.03833575 0.         0.         0.         0.         0.        ],[0. 0. 0. 0. 0. 0. 0. 0. 0. 0. 0. 1. 0. 0. 0. 0. 0. 0. 1. 0. 1. 0. 0. 1. 0. 1. 0. 0. 0. 0. 0.],5.0,1000,30,0.6,10,1,5,,problem_solving
250,0.040228381490194455,0.005152802461426349,0.4,18.918590288841624,[0.         0.         0.         0.         0.         0.         0.         0.         0.         0.         0.         0.01104394 0.         0.         0.         0.         0.         0.         0.89616224 0.         0.03665981 0.         0.         0.01779826 0.         0.03833575 0.         0.         0.         0.         0.        ],[0. 0. 0. 0. 0. 0. 0. 0. 0. 0. 0. 1. 0. 0. 0. 0. 0. 0. 1. 0. 1. 0. 0. 1. 0. 1. 0. 0. 0. 0. 0.],5.0,1000,30,0.6,10,1,5,,problem_solving
260,0.040228381490194455,0.005152802461426349,0.4,10.84408011048515,[0.         0.         0.         0.         0.         0.         0.         0.         0.         0.         0.         0.01104394 0.         0.         0.         0.         0.         0.         0.89616224 0.         0.03665981 0.         0.         0.01779826 0.         0.03833575 0.         0.         0.         0.         0.        ],[0. 0. 0. 0. 0. 0. 0. 0. 0. 0. 0. 1. 0. 0. 0. 0. 0. 0. 1. 0. 1. 0. 0. 1. 0. 1. 0. 0. 0. 0. 0.],5.0,1000,30,0.6,10,1,5,,problem_solving
270,0.03240387005493847,0.004709624160818492,0.4,11.504566163344116,[0.         0.         0.         0.0311162  0.         0.         0.0277297  0.         0.         0.         0.         0.02121677 0.         0.         0.         0.         0.         0.         0.         0.         0.         0.         0.         0.         0.         0.90505638 0.01488095 0.         0.         0.         0.        ],[0. 0. 0. 1. 0. 0. 1. 0. 0. 0. 0. 1. 0. 0. 0. 0. 0. 0. 0. 0. 0. 0. 0. 0. 0. 1. 1. 0. 0. 0. 0.],5.0,1000,30,0.6,10,1,5,,problem_solving
280,0.03240387005493847,0.004709624160818492,0.4,6.510037275915696,[0.         0.         0.         0.0311162  0.         0.         0.0277297  0.         0.         0.         0.         0.02121677 0.         0.         0.         0.         0.         0.         0.         0.         0.         0.         0.         0.         0.         0.90505638 0.01488095 0.         0.         0.         0.        ],[0. 0. 0. 1. 0. 0. 1. 0. 0. 0. 0. 1. 0. 0. 0. 0. 0. 0. 0. 0. 0. 0. 0. 0. 0. 1. 1. 0. 0. 0. 0.],5.0,1000,30,0.6,10,1,5,,problem_solving
290,0.03240387005493847,0.004709624160818492,0.4,6.6105107052267975,[0.         0.         0.         0.0311162  0.         0.         0.0277297  0.         0.         0.         0.         0.02121677 0.         0.         0.         0.         0.         0.         0.         0.         0.         0.         0.         0.         0.         0.90505638 0.01488095 0.         0.         0.         0.        ],[0. 0. 0. 1. 0. 0. 1. 0. 0. 0. 0. 1. 0. 0. 0. 0. 0. 0. 0. 0. 0. 0. 0. 0. 0. 1. 1. 0. 0. 0. 0.],5.0,1000,30,0.6,10,1,5,,problem_solving
300,0.03240387005493847,0.004709624160818492,0.4,5.131247868098719,[0.         0.         0.         0.0311162  0.         0.         0.0277297  0.         0.         0.         0.         0.02121677 0.         0.         0.         0.         0.         0.         0.         0.         0.         0.         0.         0.         0.         0.90505638 0.01488095 0.         0.         0.         0.        ],[0. 0. 0. 1. 0. 0. 1. 0. 0. 0. 0. 1. 0. 0. 0. 0. 0. 0. 0. 0. 0. 0. 0. 0. 0. 1. 1. 0. 0. 0. 0.],5.0,1000,30,0.6,10,1,5,,problem_solving
310,0.03240387005493847,0.004709624160818492,0.4,-11.82864922531759,[0.         0.         0.         0.0311162  0.         0.         0.0277297  0.         0.         0.         0.         0.02121677 0.         0.         0.         0.         0.         0.         0.         0.         0.         0.         0.         0.         0.         0.90505638 0.01488095 0.         0.         0.         0.        ],[0. 0. 0. 1. 0. 0. 1. 0. 0. 0. 0. 1. 0. 0. 0. 0. 0. 0. 0. 0. 0. 0. 0. 0. 0. 1. 1. 0. 0. 0. 0.],5.0,1000,30,0.6,10,1,5,,problem_solving
320,0.03240387005493847,0.004709624160818492,0.4,20.28964017036795,[0.         0.         0.         0.0311162  0.         0.         0.0277297  0.         0.         0.         0.         0.02121677 0.         0.         0.         0.         0.         0.         0.         0.         0.         0.         0.         0.         0.         0.90505638 0.01488095 0.         0.         0.         0.        ],[0. 0. 0. 1. 0. 0. 1. 0. 0. 0. 0. 1. 0. 0. 0. 0. 0. 0. 0. 0. 0. 0. 0. 0. 0. 1. 1. 0. 0. 0. 0.],5.0,1000,30,0.6,10,1,5,,problem_solving
330,0.03240387005493847,0.004709624160818492,0.4,-14.156519748913592,[0.         0.         0.         0.0311162  0.         0.         0.0277297  0.         0.         0.         0.         0.02121677 0.         0.         0.         0.         0.         0.         0.         0.         0.         0.         0.         0.         0.         0.90505638 0.01488095 0.         0.         0.         0.        ],[0. 0. 0. 1. 0. 0. 1. 0. 0. 0. 0. 1. 0. 0. 0. 0. 0. 0. 0. 0. 0. 0. 0. 0. 0. 1. 1. 0. 0. 0. 0.],5.0,1000,30,0.6,10,1,5,,problem_solving
340,0.03240387005493847,0.004709624160818492,0.4,9.092832451763547,[0.         0.         0.         0.0311162  0.         0.         0.0277297  0.         0.         0.         0.         0.02121677 0.         0.         0.         0.         0.         0.         0.         0.         0.         0.         0.         0.         0.         0.90505638 0.01488095 0.         0.         0.         0.        ],[0. 0. 0. 1. 0. 0. 1. 0. 0. 0. 0. 1. 0. 0. 0. 0. 0. 0. 0. 0. 0. 0. 0. 0. 0. 1. 1. 0. 0. 0. 0.],5.0,1000,30,0.6,10,1,5,,problem_solving
350,0.03240387005493847,0.004709624160818492,0.4,-4.867762217337733,[0.         0.         0.         0.0311162  0.         0.         0.0277297  0.         0.         0.         0.         0.02121677 0.         0.         0.         0.         0.         0.         0.         0.         0.         0.         0.         0.         0.         0.90505638 0.01488095 0.         0.         0.         0.        ],[0. 0. 0. 1. 0. 0. 1. 0. 0. 0. 0. 1. 0. 0. 0. 0. 0. 0. 0. 0. 0. 0. 0. 0. 0. 1. 1. 0. 0. 0. 0.],5.0,1000,30,0.6,10,1,5,,problem_solving
360,0.03240387005493847,0.004709624160818492,0.4,3.9197707124248105,[0.         0.         0.         0.0311162  0.         0.         0.0277297  0.         0.         0.         0.         0.02121677 0.         0.         0.         0.         0.         0.         0.         0.         0.         0.         0.         0.         0.         0.90505638 0.01488095 0.         0.         0.         0.        ],[0. 0. 0. 1. 0. 0. 1. 0. 0. 0. 0. 1. 0. 0. 0. 0. 0. 0. 0. 0. 0. 0. 0. 0. 0. 1. 1. 0. 0. 0. 0.],5.0,1000,30,0.6,10,1,5,,problem_solving
370,0.03240387005493847,0.004709624160818492,0.4,-12.825411937032055,[0.         0.         0.         0.0311162  0.         0.         0.0277297  0.         0.         0.         0.         0.02121677 0.         0.         0.         0.         0.         0.         0.         0.         0.         0.         0.         0.         0.         0.90505638 0.01488095 0.         0.         0.         0.        ],[0. 0. 0. 1. 0. 0. 1. 0. 0. 0. 0. 1. 0. 0. 0. 0. 0. 0. 0. 0. 0. 0. 0. 0. 0. 1. 1. 0. 0. 0. 0.],5.0,1000,30,0.6,10,1,5,,problem_solving
380,0.03240387005493847,0.004709624160818492,0.4,11.687261245481634,[0.         0.         0.         0.0311162  0.         0.         0.0277297  0.         0.         0.         0.         0.02121677 0.         0.         0.         0.         0.         0.         0.         0.         0.         0.         0.         0.         0.         0.90505638 0.01488095 0.         0.         0.         0.        ],[0. 0. 0. 1. 0. 0. 1. 0. 0. 0. 0. 1. 0. 0. 0. 0. 0. 0. 0. 0. 0. 0. 0. 0. 0. 1. 1. 0. 0. 0. 0.],5.0,1000,30,0.6,10,1,5,,problem_solving
390,0.03240387005493847,0.004709624160818492,0.4,-22.078651351760662,[0.         0.         0.         0.0311162  0.         0.         0.0277297  0.         0.         0.         0.         0.02121677 0.         0.         0.         0.         0.         0.         0.         0.         0.         0.         0.         0.         0.         0.90505638 0.01488095 0.         0.         0.         0.        ],[0. 0. 0. 1. 0. 0. 1. 0. 0. 0. 0. 1. 0. 0. 0. 0. 0. 0. 0. 0. 0. 0. 0. 0. 0. 1. 1. 0. 0. 0. 0.],5.0,1000,30,0.6,10,1,5,,problem_solving
400,0.03240387005493847,0.004709624160818492,0.4,-6.935695481509784,[0.         0.         0.         0.0311162  0.         0.         0.0277297  0.         0.         0.         0.         0.02121677 0.         0.         0.         0.         0.         0.         0.         0.         0.         0.         0.         0.         0.         0.90505638 0.01488095 0.         0.         0.         0.        ],[0. 0. 0. 1. 0. 0. 1. 0. 0. 0. 0. 1. 0. 0. 0. 0. 0. 0. 0. 0. 0. 0. 0. 0. 0. 1. 1. 0. 0. 0. 0.],5.0,1000,30,0.6,10,1,5,,problem_solving
410,0.03240387005493847,0.004709624160818492,0.4,17.12290547257377,[0.         0.         0.         0.0311162  0.         0.         0.0277297  0.         0.         0.         0.         0.02121677 0.         0.         0.         0.         0.         0.         0.         0.         0.         0.         0.         0.         0.         0.90505638 0.01488095 0.         0.         0.         0.        ],[0. 0. 0. 1. 0. 0. 1. 0. 0. 0. 0. 1. 0. 0. 0. 0. 0. 0. 0. 0. 0. 0. 0. 0. 0. 1. 1. 0. 0. 0. 0.],5.0,1000,30,0.6,10,1,5,,problem_solving
420,0.03240387005493847,0.004709624160818492,0.4,7.111606675664802,[0.         0.         0.         0.0311162  0.         0.         0.0277297  0.         0.         0.         0.         0.02121677 0.         0.         0.         0.         0.         0.         0.         0.         0.         0.         0.         0.         0.         0.90505638 0.01488095 0.         0.         0.         0.        ],[0. 0. 0. 1. 0. 0. 1. 0. 0. 0. 0. 1. 0. 0. 0. 0. 0. 0. 0. 0. 0. 0. 0. 0. 0. 1. 1. 0. 0. 0. 0.],5.0,1000,30,0.6,10,1,5,,problem_solving
430,0.03240387005493847,0.004709624160818492,0.4,-3.3895397432217047,[0.         0.         0.         0.0311162  0.         0.         0.0277297  0.         0.         0.         0.         0.02121677 0.         0.         0.         0.         0.         0.         0.         0.         0.         0.         0.         0.         0.         0.90505638 0.01488095 0.         0.         0.         0.        ],[0. 0. 0. 1. 0. 0. 1. 0. 0. 0. 0. 1. 0. 0. 0. 0. 0. 0. 0. 0. 0. 0. 0. 0. 0. 1. 1. 0. 0. 0. 0.],5.0,1000,30,0.6,10,1,5,,problem_solving
440,0.03240387005493847,0.004709624160818492,0.4,13.719981463854708,[0.         0.         0.         0.0311162  0.         0.         0.0277297  0.         0.         0.         0.         0.02121677 0.         0.         0.         0.         0.         0.         0.         0.         0.         0.         0.         0.         0.         0.90505638 0.01488095 0.         0.         0.         0.        ],[0. 0. 0. 1. 0. 0. 1. 0. 0. 0. 0. 1. 0. 0. 0. 0. 0. 0. 0. 0. 0. 0. 0. 0. 0. 1. 1. 0. 0. 0. 0.],5.0,1000,30,0.6,10,1,5,,problem_solving
450,0.03240387005493847,0.004709624160818492,0.4,-8.64305463587749,[0.         0.         0.         0.0311162  0.         0.         0.0277297  0.         0.         0.         0.         0.02121677 0.         0.         0.         0.         0.         0.         0.         0.         0.         0.         0.         0.         0.         0.90505638 0.01488095 0.         0.         0.         0.        ],[0. 0. 0. 1. 0. 0. 1. 0. 0. 0. 0. 1. 0. 0. 0. 0. 0. 0. 0. 0. 0. 0. 0. 0. 0. 1. 1. 0. 0. 0. 0.],5.0,1000,30,0.6,10,1,5,,problem_solving
460,0.03240387005493847,0.004709624160818492,0.4,2.6183944542639583,[0.         0.         0.         0.0311162  0.         0.         0.0277297  0.         0.         0.         0.         0.02121677 0.         0.         0.         0.         0.         0.         0.         0.         0.         0.         0.         0.         0.         0.90505638 0.01488095 0.         0.         0.         0.        ],[0. 0. 0. 1. 0. 0. 1. 0. 0. 0. 0. 1. 0. 0. 0. 0. 0. 0. 0. 0. 0. 0. 0. 0. 0. 1. 1. 0. 0. 0. 0.],5.0,1000,30,0.6,10,1,5,,problem_solving
470,0.03240387005493847,0.004709624160818492,0.4,3.3248267199996158,[0.         0.         0.         0.0311162  0.         0.         0.0277297  0.         0.         0.         0.         0.02121677 0.         0.         0.         0.         0.         0.         0.         0.         0.         0.         0.         0.         0.         0.90505638 0.01488095 0.         0.         0.         0.        ],[0. 0. 0. 1. 0. 0. 1. 0. 0. 0. 0. 1. 0. 0. 0. 0. 0. 0. 0. 0. 0. 0. 0. 0. 0. 1. 1. 0. 0. 0. 0.],5.0,1000,30,0.6,10,1,5,,problem_solving
480,0.03240387005493847,0.004709624160818492,0.4,4.558567396450043,[0.         0.         0.         0.0311162  0.         0.         0.0277297  0.         0.         0.         0.         0.02121677 0.         0.         0.         0.         0.         0.         0.         0.         0.         0.         0.         0.         0.         0.90505638 0.01488095 0.         0.         0.         0.        ],[0. 0. 0. 1. 0. 0. 1. 0. 0. 0. 0. 1. 0. 0. 0. 0. 0. 0. 0. 0. 0. 0. 0. 0. 0. 1. 1. 0. 0. 0. 0.],5.0,1000,30,0.6,10,1,5,,problem_solving
490,0.03240387005493847,0.004709624160818492,0.4,-14.509648924218775,[0.         0.         0.         0.0311162  0.         0.         0.0277297  0.         0.         0.         0.         0.02121677 0.         0.         0.         0.         0.         0.         0.         0.         0.         0.         0.         0.         0.         0.90505638 0.01488095 0.         0.         0.         0.        ],[0. 0. 0. 1. 0. 0. 1. 0. 0. 0. 0. 1. 0. 0. 0. 0. 0. 0. 0. 0. 0. 0. 0. 0. 0. 1. 1. 0. 0. 0. 0.],5.0,1000,30,0.6,10,1,5,,problem_solving
500,0.03240387005493847,0.004709624160818492,0.4,-5.532754712574796,[0.         0.         0.         0.0311162  0.         0.         0.0277297  0.         0.         0.         0.         0.02121677 0.         0.         0.         0.         0.         0.         0.         0.         0.         0.         0.         0.         0.         0.90505638 0.01488095 0.         0.         0.         0.        ],[0. 0. 0. 1. 0. 0. 1. 0. 0. 0. 0. 1. 0. 0. 0. 0. 0. 0. 0. 0. 0. 0. 0. 0. 0. 1. 1. 0. 0. 0. 0.],5.0,1000,30,0.6,10,1,5,,problem_solving
510,0.03240387005493847,0.004709624160818492,0.4,-3.0593455520390727,[0.         0.         0.         0.0311162  0.         0.         0.0277297  0.         0.         0.         0.         0.02121677 0.         0.         0.         0.         0.         0.         0.         0.         0.         0.         0.         0.         0.         0.90505638 0.01488095 0.         0.         0.         0.        ],[0. 0. 0. 1. 0. 0. 1. 0. 0. 0. 0. 1. 0. 0. 0. 0. 0. 0. 0. 0. 0. 0. 0. 0. 0. 1. 1. 0. 0. 0. 0.],5.0,1000,30,0.6,10,1,5,,problem_solving
520,0.03240387005493847,0.004709624160818492,0.4,-1.306705368262267,[0.         0.         0.         0.0311162  0.         0.         0.0277297  0.         0.         0.         0.         0.02121677 0.         0.         0.         0.         0.         0.         0.         0.         0.         0.         0.         0.         0.         0.90505638 0.01488095 0.         0.         0.         0.        ],[0. 0. 0. 1. 0. 0. 1. 0. 0. 0. 0. 1. 0. 0. 0. 0. 0. 0. 0. 0. 0. 0. 0. 0. 0. 1. 1. 0. 0. 0. 0.],5.0,1000,30,0.6,10,1,5,,problem_solving
530,0.03240387005493847,0.004709624160818492,0.4,-6.007127127953659,[0.         0.         0.         0.0311162  0.         0.         0.0277297  0.         0.         0.         0.         0.02121677 0.         0.         0.         0.         0.         0.         0.         0.         0.         0.         0.         0.         0.         0.90505638 0.01488095 0.         0.         0.         0.        ],[0. 0. 0. 1. 0. 0. 1. 0. 0. 0. 0. 1. 0. 0. 0. 0. 0. 0. 0. 0. 0. 0. 0. 0. 0. 1. 1. 0. 0. 0. 0.],5.0,1000,30,0.6,10,1,5,,problem_solving
540,0.03240387005493847,0.004709624160818492,0.4,7.614742035523889,[0.         0.         0.         0.0311162  0.         0.         0.0277297  0.         0.         0.         0.         0.02121677 0.         0.         0.         0.         0.         0.         0.         0.         0.         0.         0.         0.         0.         0.90505638 0.01488095 0.         0.         0.         0.        ],[0. 0. 0. 1. 0. 0. 1. 0. 0. 0. 0. 1. 0. 0. 0. 0. 0. 0. 0. 0. 0. 0. 0. 0. 0. 1. 1. 0. 0. 0. 0.],5.0,1000,30,0.6,10,1,5,,problem_solving
550,0.03240387005493847,0.004709624160818492,0.4,-17.73615959077091,[0.         0.         0.         0.0311162  0.         0.         0.0277297  0.         0.         0.         0.         0.02121677 0.         0.         0.         0.         0.         0.         0.         0.         0.         0.         0.         0.         0.         0.90505638 0.01488095 0.         0.         0.         0.        ],[0. 0. 0. 1. 0. 0. 1. 0. 0. 0. 0. 1. 0. 0. 0. 0. 0. 0. 0. 0. 0. 0. 0. 0. 0. 1. 1. 0. 0. 0. 0.],5.0,1000,30,0.6,10,1,5,,problem_solving
560,0.03240387005493847,0.004709624160818492,0.4,-5.766207697746667,[0.         0.         0.         0.0311162  0.         0.         0.0277297  0.         0.         0.         0.         0.02121677 0.         0.         0.         0.         0.         0.         0.         0.         0.         0.         0.         0.         0.         0.90505638 0.01488095 0.         0.         0.         0.        ],[0. 0. 0. 1. 0. 0. 1. 0. 0. 0. 0. 1. 0. 0. 0. 0. 0. 0. 0. 0. 0. 0. 0. 0. 0. 1. 1. 0. 0. 0. 0.],5.0,1000,30,0.6,10,1,5,,problem_solving
570,0.03240387005493847,0.004709624160818492,0.4,13.047640606436634,[0.         0.         0.         0.0311162  0.         0.         0.0277297  0.         0.         0.         0.         0.02121677 0.         0.         0.         0.         0.         0.         0.         0.         0.         0.         0.         0.         0.         0.90505638 0.01488095 0.         0.         0.         0.        ],[0. 0. 0. 1. 0. 0. 1. 0. 0. 0. 0. 1. 0. 0. 0. 0. 0. 0. 0. 0. 0. 0. 0. 0. 0. 1. 1. 0. 0. 0. 0.],5.0,1000,30,0.6,10,1,5,,problem_solving
580,0.03240387005493847,0.004709624160818492,0.4,10.083871116009814,[0.         0.         0.         0.0311162  0.         0.         0.0277297  0.         0.         0.         0.         0.02121677 0.         0.         0.         0.         0.         0.         0.         0.         0.         0.         0.         0.         0.         0.90505638 0.01488095 0.         0.         0.         0.        ],[0. 0. 0. 1. 0. 0. 1. 0. 0. 0. 0. 1. 0. 0. 0. 0. 0. 0. 0. 0. 0. 0. 0. 0. 0. 1. 1. 0. 0. 0. 0.],5.0,1000,30,0.6,10,1,5,,problem_solving
590,0.03240387005493847,0.004709624160818492,0.4,12.285983946091694,[0.         0.         0.         0.0311162  0.         0.         0.0277297  0.         0.         0.         0.         0.02121677 0.         0.         0.         0.         0.         0.         0.         0.         0.         0.         0.         0.         0.         0.90505638 0.01488095 0.         0.         0.         0.        ],[0. 0. 0. 1. 0. 0. 1. 0. 0. 0. 0. 1. 0. 0. 0. 0. 0. 0. 0. 0. 0. 0. 0. 0. 0. 1. 1. 0. 0. 0. 0.],5.0,1000,30,0.6,10,1,5,,problem_solving
600,0.03240387005493847,0.004709624160818492,0.4,-1.3708826376866543,[0.         0.         0.         0.0311162  0.         0.         0.0277297  0.         0.         0.         0.         0.02121677 0.         0.         0.         0.         0.         0.         0.         0.         0.         0.         0.         0.         0.         0.90505638 0.01488095 0.         0.         0.         0.        ],[0. 0. 0. 1. 0. 0. 1. 0. 0. 0. 0. 1. 0. 0. 0. 0. 0. 0. 0. 0. 0. 0. 0. 0. 0. 1. 1. 0. 0. 0. 0.],5.0,1000,30,0.6,10,1,5,,problem_solving
610,0.03240387005493847,0.004709624160818492,0.4,6.282913046638148,[0.         0.         0.         0.0311162  0.         0.         0.0277297  0.         0.         0.         0.         0.02121677 0.         0.         0.         0.         0.         0.         0.         0.         0.         0.         0.         0.         0.         0.90505638 0.01488095 0.         0.         0.         0.        ],[0. 0. 0. 1. 0. 0. 1. 0. 0. 0. 0. 1. 0. 0. 0. 0. 0. 0. 0. 0. 0. 0. 0. 0. 0. 1. 1. 0. 0. 0. 0.],5.0,1000,30,0.6,10,1,5,,problem_solving
620,0.03240387005493847,0.004709624160818492,0.4,-7.404040431891006,[0.         0.         0.         0.0311162  0.         0.         0.0277297  0.         0.         0.         0.         0.02121677 0.         0.         0.         0.         0.         0.         0.         0.         0.         0.         0.         0.         0.         0.90505638 0.01488095 0.         0.         0.         0.        ],[0. 0. 0. 1. 0. 0. 1. 0. 0. 0. 0. 1. 0. 0. 0. 0. 0. 0. 0. 0. 0. 0. 0. 0. 0. 1. 1. 0. 0. 0. 0.],5.0,1000,30,0.6,10,1,5,,problem_solving
630,0.03240387005493847,0.004709624160818492,0.4,22.57991008995304,[0.         0.         0.         0.0311162  0.         0.         0.0277297  0.         0.         0.         0.         0.02121677 0.         0.         0.         0.         0.         0.         0.         0.         0.         0.         0.         0.         0.         0.90505638 0.01488095 0.         0.         0.         0.        ],[0. 0. 0. 1. 0. 0. 1. 0. 0. 0. 0. 1. 0. 0. 0. 0. 0. 0. 0. 0. 0. 0. 0. 0. 0. 1. 1. 0. 0. 0. 0.],5.0,1000,30,0.6,10,1,5,,problem_solving
640,0.03240387005493847,0.004709624160818492,0.4,-24.38147942223122,[0.         0.         0.         0.0311162  0.         0.         0.0277297  0.         0.         0.         0.         0.02121677 0.         0.         0.         0.         0.         0.         0.         0.         0.         0.         0.         0.         0.         0.90505638 0.01488095 0.         0.         0.         0.        ],[0. 0. 0. 1. 0. 0. 1. 0. 0. 0. 0. 1. 0. 0. 0. 0. 0. 0. 0. 0. 0. 0. 0. 0. 0. 1. 1. 0. 0. 0. 0.],5.0,1000,30,0.6,10,1,5,,problem_solving
650,0.03240387005493847,0.004709624160818492,0.4,-0.8313930939453357,[0.         0.         0.         0.0311162  0.         0.         0.0277297  0.         0.         0.         0.         0.02121677 0.         0.         0.         0.         0.         0.         0.         0.         0.         0.         0.         0.         0.         0.90505638 0.01488095 0.         0.         0.         0.        ],[0. 0. 0. 1. 0. 0. 1. 0. 0. 0. 0. 1. 0. 0. 0. 0. 0. 0. 0. 0. 0. 0. 0. 0. 0. 1. 1. 0. 0. 0. 0.],5.0,1000,30,0.6,10,1,5,,problem_solving
660,0.01905151484332857,0.01028078611550247,0.4,14.367691870043856,[0.         0.         0.         0.         0.92632893 0.         0.         0.         0.         0.         0.         0.         0.         0.         0.         0.         0.         0.         0.         0.         0.01417196 0.02265827 0.         0.         0.         0.02213339 0.         0.         0.         0.01470746 0.        ],[0. 0. 0. 0. 1. 0. 0. 0. 0. 0. 0. 0. 0. 0. 0. 0. 0. 0. 0. 0. 1. 1. 0. 0. 0. 1. 0. 0. 0. 1. 0.],5.0,1000,30,0.6,10,1,5,,problem_solving
670,0.01905151484332857,0.01028078611550247,0.4,-22.023528425019148,[0.         0.         0.         0.         0.92632893 0.         0.         0.         0.         0.         0.         0.         0.         0.         0.         0.         0.         0.         0.         0.         0.01417196 0.02265827 0.         0.         0.         0.02213339 0.         0.         0.         0.01470746 0.        ],[0. 0. 0. 0. 1. 0. 0. 0. 0. 0. 0. 0. 0. 0. 0. 0. 0. 0. 0. 0. 1. 1. 0. 0. 0. 1. 0. 0. 0. 1. 0.],5.0,1000,30,0.6,10,1,5,,problem_solving
680,0.01905151484332857,0.01028078611550247,0.4,6.761573222636649,[0.         0.         0.         0.         0.92632893 0.         0.         0.         0.         0.         0.         0.         0.         0.         0.         0.         0.         0.         0.         0.         0.01417196 0.02265827 0.         0.         0.         0.02213339 0.         0.         0.         0.01470746 0.        ],[0. 0. 0. 0. 1. 0. 0. 0. 0. 0. 0. 0. 0. 0. 0. 0. 0. 0. 0. 0. 1. 1. 0. 0. 0. 1. 0. 0. 0. 1. 0.],5.0,1000,30,0.6,10,1,5,,problem_solving
690,0.01905151484332857,0.01028078611550247,0.4,-7.1790951170439135,[0.         0.         0.         0.         0.92632893 0.         0.         0.         0.         0.         0.         0.         0.         0.         0.         0.         0.         0.         0.         0.         0.01417196 0.02265827 0.         0.         0.         0.02213339 0.         0.         0.         0.01470746 0.        ],[0. 0. 0. 0. 1. 0. 0. 0. 0. 0. 0. 0. 0. 0. 0. 0. 0. 0. 0. 0. 1. 1. 0. 0. 0. 1. 0. 0. 0. 1. 0.],5.0,1000,30,0.6,10,1,5,,problem_solving
700,0.01905151484332857,0.01028078611550247,0.4,-0.7608138998163229,[0.         0.         0.         0.         0.92632893 0.         0.         0.         0.         0.         0.         0.         0.         0.         0.         0.         0.         0.         0.         0.         0.01417196 0.02265827 0.         0.         0.         0.02213339 0.         0.         0.         0.01470746 0.        ],[0. 0. 0. 0. 1. 0. 0. 0. 0. 0. 0. 0. 0. 0. 0. 0. 0. 0. 0. 0. 1. 1. 0. 0. 0. 1. 0. 0. 0. 1. 0.],5.0,1000,30,0.6,10,1,5,,problem_solving
710,0.01905151484332857,0.01028078611550247,0.4,3.6074863648531585,[0.         0.         0.         0.         0.92632893 0.         0.         0.         0.         0.         0.         0.         0.         0.         0.         0.         0.         0.         0.         0.         0.01417196 0.02265827 0.         0.         0.         0.02213339 0.         0.         0.         0.01470746 0.        ],[0. 0. 0. 0. 1. 0. 0. 0. 0. 0. 0. 0. 0. 0. 0. 0. 0. 0. 0. 0. 1. 1. 0. 0. 0. 1. 0. 0. 0. 1. 0.],5.0,1000,30,0.6,10,1,5,,problem_solving
720,0.01905151484332857,0.01028078611550247,0.4,-13.097047451380837,[0.         0.         0.         0.         0.92632893 0.         0.         0.         0.         0.         0.         0.         0.         0.         0.         0.         0.         0.         0.         0.         0.01417196 0.02265827 0.         0.         0.         0.02213339 0.         0.         0.         0.01470746 0.        ],[0. 0. 0. 0. 1. 0. 0. 0. 0. 0. 0. 0. 0. 0. 0. 0. 0. 0. 0. 0. 1. 1. 0. 0. 0. 1. 0. 0. 0. 1. 0.],5.0,1000,30,0.6,10,1,5,,problem_solving
730,0.01905151484332857,0.01028078611550247,0.4,2.547821218422711,[0.         0.         0.         0.         0.92632893 0.         0.         0.         0.         0.         0.         0.         0.         0.         0.         0.         0.         0.         0.         0.         0.01417196 0.02265827 0.         0.         0.         0.02213339 0.         0.         0.         0.01470746 0.        ],[0. 0. 0. 0. 1. 0. 0. 0. 0. 0. 0. 0. 0. 0. 0. 0. 0. 0. 0. 0. 1. 1. 0. 0. 0. 1. 0. 0. 0. 1. 0.],5.0,1000,30,0.6,10,1,5,,problem_solving
740,0.01905151484332857,0.01028078611550247,0.4,-2.9193502198673476,[0.         0.         0.         0.         0.92632893 0.         0.         0.         0.         0.         0.         0.         0.         0.         0.         0.         0.         0.         0.         0.         0.01417196 0.02265827 0.         0.         0.         0.02213339 0.         0.         0.         0.01470746 0.        ],[0. 0. 0. 0. 1. 0. 0. 0. 0. 0. 0. 0. 0. 0. 0. 0. 0. 0. 0. 0. 1. 1. 0. 0. 0. 1. 0. 0. 0. 1. 0.],5.0,1000,30,0.6,10,1,5,,problem_solving
750,0.01905151484332857,0.01028078611550247,0.4,-1.8565557957568122,[0.         0.         0.         0.         0.92632893 0.         0.         0.         0.         0.         0.         0.         0.         0.         0.         0.         0.         0.         0.         0.         0.01417196 0.02265827 0.         0.         0.         0.02213339 0.         0.         0.         0.01470746 0.        ],[0. 0. 0. 0. 1. 0. 0. 0. 0. 0. 0. 0. 0. 0. 0. 0. 0. 0. 0. 0. 1. 1. 0. 0. 0. 1. 0. 0. 0. 1. 0.],5.0,1000,30,0.6,10,1,5,,problem_solving
760,0.01905151484332857,0.01028078611550247,0.4,-5.073953644906486,[0.         0.         0.         0.         0.92632893 0.         0.         0.         0.         0.         0.         0.         0.         0.         0.         0.         0.         0.         0.         0.         0.01417196 0.02265827 0.         0.         0.         0.02213339 0.         0.         0.         0.01470746 0.        ],[0. 0. 0. 0. 1. 0. 0. 0. 0. 0. 0. 0. 0. 0. 0. 0. 0. 0. 0. 0. 1. 1. 0. 0. 0. 1. 0. 0. 0. 1. 0.],5.0,1000,30,0.6,10,1,5,,problem_solving
770,0.01905151484332857,0.01028078611550247,0.4,10.139113144689741,[0.         0.         0.         0.         0.92632893 0.         0.         0.         0.         0.         0.         0.         0.         0.         0.         0.         0.         0.         0.         0.         0.01417196 0.02265827 0.         0.         0.         0.02213339 0.         0.         0.         0.01470746 0.        ],[0. 0. 0. 0. 1. 0. 0. 0. 0. 0. 0. 0. 0. 0. 0. 0. 0. 0. 0. 0. 1. 1. 0. 0. 0. 1. 0. 0. 0. 1. 0.],5.0,1000,30,0.6,10,1,5,,problem_solving
780,0.01905151484332857,0.01028078611550247,0.4,-12.360581602559318,[0.         0.         0.         0.         0.92632893 0.         0.         0.         0.         0.         0.         0.         0.         0.         0.         0.         0.         0.         0.         0.         0.01417196 0.02265827 0.         0.         0.         0.02213339 0.         0.         0.         0.01470746 0.        ],[0. 0. 0. 0. 1. 0. 0. 0. 0. 0. 0. 0. 0. 0. 0. 0. 0. 0. 0. 0. 1. 1. 0. 0. 0. 1. 0. 0. 0. 1. 0.],5.0,1000,30,0.6,10,1,5,,problem_solving
790,0.01905151484332857,0.01028078611550247,0.4,4.479344112750473,[0.         0.         0.         0.         0.92632893 0.         0.         0.         0.         0.         0.         0.         0.         0.         0.         0.         0.         0.         0.         0.         0.01417196 0.02265827 0.         0.         0.         0.02213339 0.         0.         0.         0.01470746 0.        ],[0. 0. 0. 0. 1. 0. 0. 0. 0. 0. 0. 0. 0. 0. 0. 0. 0. 0. 0. 0. 1. 1. 0. 0. 0. 1. 0. 0. 0. 1. 0.],5.0,1000,30,0.6,10,1,5,,problem_solving
800,0.01905151484332857,0.01028078611550247,0.4,-3.577655800350159,[0.         0.         0.         0.         0.92632893 0.         0.         0.         0.         0.         0.         0.         0.         0.         0.         0.         0.         0.         0.         0.         0.01417196 0.02265827 0.         0.         0.         0.02213339 0.         0.         0.         0.01470746 0.        ],[0. 0. 0. 0. 1. 0. 0. 0. 0. 0. 0. 0. 0. 0. 0. 0. 0. 0. 0. 0. 1. 1. 0. 0. 0. 1. 0. 0. 0. 1. 0.],5.0,1000,30,0.6,10,1,5,,problem_solving
810,0.01905151484332857,0.01028078611550247,0.4,-2.5223161368549896,[0.         0.         0.         0.         0.92632893 0.         0.         0.         0.         0.         0.         0.         0.         0.         0.         0.         0.         0.         0.         0.         0.01417196 0.02265827 0.         0.         0.         0.02213339 0.         0.         0.         0.01470746 0.        ],[0. 0. 0. 0. 1. 0. 0. 0. 0. 0. 0. 0. 0. 0. 0. 0. 0. 0. 0. 0. 1. 1. 0. 0. 0. 1. 0. 0. 0. 1. 0.],5.0,1000,30,0.6,10,1,5,,problem_solving
820,0.01905151484332857,0.01028078611550247,0.4,-0.9206491582411287,[0.         0.         0.         0.         0.92632893 0.         0.         0.         0.         0.         0.         0.         0.         0.         0.         0.         0.         0.         0.         0.         0.01417196 0.02265827 0.         0.         0.         0.02213339 0.         0.         0.         0.01470746 0.        ],[0. 0. 0. 0. 1. 0. 0. 0. 0. 0. 0. 0. 0. 0. 0. 0. 0. 0. 0. 0. 1. 1. 0. 0. 0. 1. 0. 0. 0. 1. 0.],5.0,1000,30,0.6,10,1,5,,problem_solving
830,0.01905151484332857,0.01028078611550247,0.4,-11.691587713204484,[0.         0.         0.         0.         0.92632893 0.         0.         0.         0.         0.         0.         0.         0.         0.         0.         0.         0.         0.         0.         0.         0.01417196 0.02265827 0.         0.         0.         0.02213339 0.         0.         0.         0.01470746 0.        ],[0. 0. 0. 0. 1. 0. 0. 0. 0. 0. 0. 0. 0. 0. 0. 0. 0. 0. 0. 0. 1. 1. 0. 0. 0. 1. 0. 0. 0. 1. 0.],5.0,1000,30,0.6,10,1,5,,problem_solving
840,0.01905151484332857,0.01028078611550247,0.4,-12.667983674082816,[0.         0.         0.         0.         0.92632893 0.         0.         0.         0.         0.         0.         0.         0.         0.         0.         0.         0.         0.         0.         0.         0.01417196 0.02265827 0.         0.         0.         0.02213339 0.         0.         0.         0.01470746 0.        ],[0. 0. 0. 0. 1. 0. 0. 0. 0. 0. 0. 0. 0. 0. 0. 0. 0. 0. 0. 0. 1. 1. 0. 0. 0. 1. 0. 0. 0. 1. 0.],5.0,1000,30,0.6,10,1,5,,problem_solving
850,0.01905151484332857,0.01028078611550247,0.4,2.555841579734826,[0.         0.         0.         0.         0.92632893 0.         0.         0.         0.         0.         0.         0.         0.         0.         0.         0.         0.         0.         0.         0.         0.01417196 0.02265827 0.         0.         0.         0.02213339 0.         0.         0.         0.01470746 0.        ],[0. 0. 0. 0. 1. 0. 0. 0. 0. 0. 0. 0. 0. 0. 0. 0. 0. 0. 0. 0. 1. 1. 0. 0. 0. 1. 0. 0. 0. 1. 0.],5.0,1000,30,0.6,10,1,5,,problem_solving
860,0.01905151484332857,0.01028078611550247,0.4,21.660902755103276,[0.         0.         0.         0.         0.92632893 0.         0.         0.         0.         0.         0.         0.         0.         0.         0.         0.         0.         0.         0.         0.         0.01417196 0.02265827 0.         0.         0.         0.02213339 0.         0.         0.         0.01470746 0.        ],[0. 0. 0. 0. 1. 0. 0. 0. 0. 0. 0. 0. 0. 0. 0. 0. 0. 0. 0. 0. 1. 1. 0. 0. 0. 1. 0. 0. 0. 1. 0.],5.0,1000,30,0.6,10,1,5,,problem_solving
870,0.01905151484332857,0.01028078611550247,0.4,-0.6815191860109175,[0.         0.         0.         0.         0.92632893 0.         0.         0.         0.         0.         0.         0.         0.         0.         0.         0.         0.         0.         0.         0.         0.01417196 0.02265827 0.         0.         0.         0.02213339 0.         0.         0.         0.01470746 0.        ],[0. 0. 0. 0. 1. 0. 0. 0. 0. 0. 0. 0. 0. 0. 0. 0. 0. 0. 0. 0. 1. 1. 0. 0. 0. 1. 0. 0. 0. 1. 0.],5.0,1000,30,0.6,10,1,5,,problem_solving
880,0.01905151484332857,0.01028078611550247,0.4,0.5228899284889647,[0.         0.         0.         0.         0.92632893 0.         0.         0.         0.         0.         0.         0.         0.         0.         0.         0.         0.         0.         0.         0.         0.01417196 0.02265827 0.         0.         0.         0.02213339 0.         0.         0.         0.01470746 0.        ],[0. 0. 0. 0. 1. 0. 0. 0. 0. 0. 0. 0. 0. 0. 0. 0. 0. 0. 0. 0. 1. 1. 0. 0. 0. 1. 0. 0. 0. 1. 0.],5.0,1000,30,0.6,10,1,5,,problem_solving
890,0.01905151484332857,0.01028078611550247,0.4,-7.2084251882306285,[0.         0.         0.         0.         0.92632893 0.         0.         0.         0.         0.         0.         0.         0.         0.         0.         0.         0.         0.         0.         0.         0.01417196 0.02265827 0.         0.         0.         0.02213339 0.         0.         0.         0.01470746 0.        ],[0. 0. 0. 0. 1. 0. 0. 0. 0. 0. 0. 0. 0. 0. 0. 0. 0. 0. 0. 0. 1. 1. 0. 0. 0. 1. 0. 0. 0. 1. 0.],5.0,1000,30,0.6,10,1,5,,problem_solving
900,0.01905151484332857,0.01028078611550247,0.4,18.597351123402742,[0.         0.         0.         0.         0.92632893 0.         0.         0.         0.         0.         0.         0.         0.         0.         0.         0.         0.         0.         0.         0.         0.01417196 0.02265827 0.         0.         0.         0.02213339 0.         0.         0.         0.01470746 0.        ],[0. 0. 0. 0. 1. 0. 0. 0. 0. 0. 0. 0. 0. 0. 0. 0. 0. 0. 0. 0. 1. 1. 0. 0. 0. 1. 0. 0. 0. 1. 0.],5.0,1000,30,0.6,10,1,5,,problem_solving
910,0.01905151484332857,0.01028078611550247,0.4,-13.032837128972329,[0.         0.         0.         0.         0.92632893 0.         0.         0.         0.         0.         0.         0.         0.         0.         0.         0.         0.         0.         0.         0.         0.01417196 0.02265827 0.         0.         0.         0.02213339 0.         0.         0.         0.01470746 0.        ],[0. 0. 0. 0. 1. 0. 0. 0. 0. 0. 0. 0. 0. 0. 0. 0. 0. 0. 0. 0. 1. 1. 0. 0. 0. 1. 0. 0. 0. 1. 0.],5.0,1000,30,0.6,10,1,5,,problem_solving
920,0.01905151484332857,0.01028078611550247,0.4,3.513622685858259,[0.         0.         0.         0.         0.92632893 0.         0.         0.         0.         0.         0.         0.         0.         0.         0.         0.         0.         0.         0.         0.         0.01417196 0.02265827 0.         0.         0.         0.02213339 0.         0.         0.         0.01470746 0.        ],[0. 0. 0. 0. 1. 0. 0. 0. 0. 0. 0. 0. 0. 0. 0. 0. 0. 0. 0. 0. 1. 1. 0. 0. 0. 1. 0. 0. 0. 1. 0.],5.0,1000,30,0.6,10,1,5,,problem_solving
930,0.01905151484332857,0.01028078611550247,0.4,-5.536012706093452,[0.         0.         0.         0.         0.92632893 0.         0.         0.         0.         0.         0.         0.         0.         0.         0.         0.         0.         0.         0.         0.         0.01417196 0.02265827 0.         0.         0.         0.02213339 0.         0.         0.         0.01470746 0.        ],[0. 0. 0. 0. 1. 0. 0. 0. 0. 0. 0. 0. 0. 0. 0. 0. 0. 0. 0. 0. 1. 1. 0. 0. 0. 1. 0. 0. 0. 1. 0.],5.0,1000,30,0.6,10,1,5,,problem_solving
940,0.01905151484332857,0.01028078611550247,0.4,-9.448195201389275,[0.         0.         0.         0.         0.92632893 0.         0.         0.         0.         0.         0.         0.         0.         0.         0.         0.         0.         0.         0.         0.         0.01417196 0.02265827 0.         0.         0.         0.02213339 0.         0.         0.         0.01470746 0.        ],[0. 0. 0. 0. 1. 0. 0. 0. 0. 0. 0. 0. 0. 0. 0. 0. 0. 0. 0. 0. 1. 1. 0. 0. 0. 1. 0. 0. 0. 1. 0.],5.0,1000,30,0.6,10,1,5,,problem_solving
950,0.01905151484332857,0.01028078611550247,0.4,3.167599635489653,[0.         0.         0.         0.         0.92632893 0.         0.         0.         0.         0.         0.         0.         0.         0.         0.         0.         0.         0.         0.         0.         0.01417196 0.02265827 0.         0.         0.         0.02213339 0.         0.         0.         0.01470746 0.        ],[0. 0. 0. 0. 1. 0. 0. 0. 0. 0. 0. 0. 0. 0. 0. 0. 0. 0. 0. 0. 1. 1. 0. 0. 0. 1. 0. 0. 0. 1. 0.],5.0,1000,30,0.6,10,1,5,,problem_solving
960,0.01905151484332857,0.01028078611550247,0.4,0.5045164793382945,[0.         0.         0.         0.         0.92632893 0.         0.         0.         0.         0.         0.         0.         0.         0.         0.         0.         0.         0.         0.         0.         0.01417196 0.02265827 0.         0.         0.         0.02213339 0.         0.         0.         0.01470746 0.        ],[0. 0. 0. 0. 1. 0. 0. 0. 0. 0. 0. 0. 0. 0. 0. 0. 0. 0. 0. 0. 1. 1. 0. 0. 0. 1. 0. 0. 0. 1. 0.],5.0,1000,30,0.6,10,1,5,,problem_solving
970,0.01905151484332857,0.01028078611550247,0.4,0.7705319182509449,[0.         0.         0.         0.         0.92632893 0.         0.         0.         0.         0.         0.         0.         0.         0.         0.         0.         0.         0.         0.         0.         0.01417196 0.02265827 0.         0.         0.         0.02213339 0.         0.         0.         0.01470746 0.        ],[0. 0. 0. 0. 1. 0. 0. 0. 0. 0. 0. 0. 0. 0. 0. 0. 0. 0. 0. 0. 1. 1. 0. 0. 0. 1. 0. 0. 0. 1. 0.],5.0,1000,30,0.6,10,1,5,,problem_solving
980,0.01905151484332857,0.01028078611550247,0.4,-2.0624312265467797,[0.         0.         0.         0.         0.92632893 0.         0.         0.         0.         0.         0.         0.         0.         0.         0.         0.         0.         0.         0.         0.         0.01417196 0.02265827 0.         0.         0.         0.02213339 0.         0.         0.         0.01470746 0.        ],[0. 0. 0. 0. 1. 0. 0. 0. 0. 0. 0. 0. 0. 0. 0. 0. 0. 0. 0. 0. 1. 1. 0. 0. 0. 1. 0. 0. 0. 1. 0.],5.0,1000,30,0.6,10,1,5,,problem_solving
990,0.01905151484332857,0.01028078611550247,0.4,-0.3115744947803562,[0.         0.         0.         0.         0.92632893 0.         0.         0.         0.         0.         0.         0.         0.         0.         0.         0.         0.         0.         0.         0.         0.01417196 0.02265827 0.         0.         0.         0.02213339 0.         0.         0.         0.01470746 0.        ],[0. 0. 0. 0. 1. 0. 0. 0. 0. 0. 0. 0. 0. 0. 0. 0. 0. 0. 0. 0. 1. 1. 0. 0. 0. 1. 0. 0. 0. 1. 0.],5.0,1000,30,0.6,10,1,5,,problem_solving
999,0.01905151484332857,0.01028078611550247,0.4,-8.812721385024044,[0.         0.         0.         0.         0.92632893 0.         0.         0.         0.         0.         0.         0.         0.         0.         0.         0.         0.         0.         0.         0.         0.01417196 0.02265827 0.         0.         0.         0.02213339 0.         0.         0.         0.01470746 0.        ],[0. 0. 0. 0. 1. 0. 0. 0. 0. 0. 0. 0. 0. 0. 0. 0. 0. 0. 0. 0. 1. 1. 0. 0. 0. 1. 0. 0. 0. 1. 0.],5.0,1000,30,0.6,10,1,5,,problem_solving
