iter,cost,return,par,move,X,Z,Q,max_iter,mem_size,mem_consider,sigma,port_n,k,seed,tag
1,0.06290743574796327,0.002514620285542654,0.4,0.410091529656367,[0.         0.01752629 0.         0.         0.         0.         0.         0.         0.         0.         0.         0.         0.         0.         0.         0.         0.         0.         0.0207498  0.         0.         0.         0.         0.         0.         0.96172391 0.         0.         0.         0.         0.        ],[0. 1. 0. 0. 0. 0. 0. 0. 0. 0. 0. 0. 0. 0. 0. 0. 0. 0. 1. 0. 0. 0. 0. 0. 0. 1. 0. 0. 0. 0. 0.],3.0,10000,30,0.6,10,1,3,,problem_solving
100,0.02495886976240488,0.0023589037338514417,0.4,0.963850984182981,[0.         0.         0.         0.         0.         0.         0.         0.         0.01163981 0.         0.         0.         0.         0.         0.         0.         0.         0.         0.         0.         0.         0.         0.         0.         0.         0.95976426 0.         0.         0.02859593 0.         0.        ],[0. 0. 0. 0. 0. 0. 0. 0. 1. 0. 0. 0. 0. 0. 0. 0. 0. 0. 0. 0. 0. 0. 0. 0. 0. 1. 0. 0. 1. 0. 0.],3.0,10000,30,0.6,10,1,3,,problem_solving
200,0.02495886976240488,0.0023589037338514417,0.4,-1.9776806632542625,[0.         0.         0.         0.         0.         0.         0.         0.         0.01163981 0.         0.         0.         0.         0.         0.         0.         0.         0.         0.         0.         0.         0.         0.         0.         0.         0.95976426 0.         0.         0.02859593 0.         0.        ],[0. 0. 0. 0. 0. 0. 0. 0. 1. 0. 0. 0. 0. 0. 0. 0. 0. 0. 0. 0. 0. 0. 0. 0. 0. 1. 0. 0. 1. 0. 0.],3.0,10000,30,0.6,10,1,3,,problem_solving
300,0.01844328898354792,0.0024427938039581223,0.4,-20.010193834045403,[0.         0.         0.         0.         0.         0.         0.         0.01101283 0.         0.02804783 0.         0.         0.         0.         0.         0.         0.         0.         0.         0.         0.         0.         0.         0.         0.         0.96093935 0.         0.         0.         0.         0.        ],[0. 0. 0. 0. 0. 0. 0. 1. 0. 1. 0. 0. 0. 0. 0. 0. 0. 0. 0. 0. 0. 0. 0. 0. 0. 1. 0. 0. 0. 0. 0.],3.0,10000,30,0.6,10,1,3,,problem_solving
400,0.01844328898354792,0.0024427938039581223,0.4,10.754843065535786,[0.         0.         0.         0.         0.         0.         0.         0.01101283 0.         0.02804783 0.         0.         0.         0.         0.         0.         0.         0.         0.         0.         0.         0.         0.         0.         0.         0.96093935 0.         0.         0.         0.         0.        ],[0. 0. 0. 0. 0. 0. 0. 1. 0. 1. 0. 0. 0. 0. 0. 0. 0. 0. 0. 0. 0. 0. 0. 0. 0. 1. 0. 0. 0. 0. 0.],3.0,10000,30,0.6,10,1,3,,problem_solving
500,0.01844328898354792,0.0024427938039581223,0.4,-1.0497303907279685,[0.         0.         0.         0.         0.         0.         0.         0.01101283 0.         0.02804783 0.         0.         0.         0.         0.         0.         0.         0.         0.         0.         0.         0.         0.         0.         0.         0.96093935 0.         0.         0.         0.         0.        ],[0. 0. 0. 0. 0. 0. 0. 1. 0. 1. 0. 0. 0. 0. 0. 0. 0. 0. 0. 0. 0. 0. 0. 0. 0. 1. 0. 0. 0. 0. 0.],3.0,10000,30,0.6,10,1,3,,problem_solving
600,0.01844328898354792,0.0024427938039581223,0.4,-8.250141807898624,[0.         0.         0.         0.         0.         0.         0.         0.01101283 0.         0.02804783 0.         0.         0.         0.         0.         0.         0.         0.         0.         0.         0.         0.         0.         0.         0.         0.96093935 0.         0.         0.         0.         0.        ],[0. 0. 0. 0. 0. 0. 0. 1. 0. 1. 0. 0. 0. 0. 0. 0. 0. 0. 0. 0. 0. 0. 0. 0. 0. 1. 0. 0. 0. 0. 0.],3.0,10000,30,0.6,10,1,3,,problem_solving
700,0.01844328898354792,0.0024427938039581223,0.4,10.074756300193972,[0.         0.         0.         0.         0.         0.         0.         0.01101283 0.         0.02804783 0.         0.         0.         0.         0.         0.         0.         0.         0.         0.         0.         0.         0.         0.         0.         0.96093935 0.         0.         0.         0.         0.        ],[0. 0. 0. 0. 0. 0. 0. 1. 0. 1. 0. 0. 0. 0. 0. 0. 0. 0. 0. 0. 0. 0. 0. 0. 0. 1. 0. 0. 0. 0. 0.],3.0,10000,30,0.6,10,1,3,,problem_solving
800,0.01663591486029622,0.0021979282346884497,0.4,16.748546092156545,[0.         0.         0.         0.         0.         0.         0.         0.         0.         0.         0.         0.         0.         0.         0.         0.         0.         0.         0.         0.         0.         0.         0.02611056 0.         0.         0.95615297 0.         0.         0.         0.         0.01773647],[0. 0. 0. 0. 0. 0. 0. 0. 0. 0. 0. 0. 0. 0. 0. 0. 0. 0. 0. 0. 0. 0. 1. 0. 0. 1. 0. 0. 0. 0. 1.],3.0,10000,30,0.6,10,1,3,,problem_solving
900,0.01663591486029622,0.0021979282346884497,0.4,-21.094629978829396,[0.         0.         0.         0.         0.         0.         0.         0.         0.         0.         0.         0.         0.         0.         0.         0.         0.         0.         0.         0.         0.         0.         0.02611056 0.         0.         0.95615297 0.         0.         0.         0.         0.01773647],[0. 0. 0. 0. 0. 0. 0. 0. 0. 0. 0. 0. 0. 0. 0. 0. 0. 0. 0. 0. 0. 0. 1. 0. 0. 1. 0. 0. 0. 0. 1.],3.0,10000,30,0.6,10,1,3,,problem_solving
1000,0.009596267172709646,0.004759586269706643,0.4,-0.677751500969588,[0.         0.         0.         0.         0.         0.         0.         0.         0.         0.         0.         0.         0.02637044 0.         0.         0.         0.         0.         0.         0.         0.         0.         0.         0.         0.         0.96310444 0.         0.         0.         0.         0.01052512],[0. 0. 0. 0. 0. 0. 0. 0. 0. 0. 0. 0. 1. 0. 0. 0. 0. 0. 0. 0. 0. 0. 0. 0. 0. 1. 0. 0. 0. 0. 1.],3.0,10000,30,0.6,10,1,3,,problem_solving
1100,0.009596267172709646,0.004759586269706643,0.4,-4.148343777970472,[0.         0.         0.         0.         0.         0.         0.         0.         0.         0.         0.         0.         0.02637044 0.         0.         0.         0.         0.         0.         0.         0.         0.         0.         0.         0.         0.96310444 0.         0.         0.         0.         0.01052512],[0. 0. 0. 0. 0. 0. 0. 0. 0. 0. 0. 0. 1. 0. 0. 0. 0. 0. 0. 0. 0. 0. 0. 0. 0. 1. 0. 0. 0. 0. 1.],3.0,10000,30,0.6,10,1,3,,problem_solving
1200,0.009596267172709646,0.004759586269706643,0.4,6.712319160041551,[0.         0.         0.         0.         0.         0.         0.         0.         0.         0.         0.         0.         0.02637044 0.         0.         0.         0.         0.         0.         0.         0.         0.         0.         0.         0.         0.96310444 0.         0.         0.         0.         0.01052512],[0. 0. 0. 0. 0. 0. 0. 0. 0. 0. 0. 0. 1. 0. 0. 0. 0. 0. 0. 0. 0. 0. 0. 0. 0. 1. 0. 0. 0. 0. 1.],3.0,10000,30,0.6,10,1,3,,problem_solving
1300,0.009596267172709646,0.004759586269706643,0.4,-7.486178125327026,[0.         0.         0.         0.         0.         0.         0.         0.         0.         0.         0.         0.         0.02637044 0.         0.         0.         0.         0.         0.         0.         0.         0.         0.         0.         0.         0.96310444 0.         0.         0.         0.         0.01052512],[0. 0. 0. 0. 0. 0. 0. 0. 0. 0. 0. 0. 1. 0. 0. 0. 0. 0. 0. 0. 0. 0. 0. 0. 0. 1. 0. 0. 0. 0. 1.],3.0,10000,30,0.6,10,1,3,,problem_solving
1400,0.006861180379619993,0.004723953376204706,0.4,9.18477437713207,[0.         0.         0.         0.         0.         0.         0.         0.         0.         0.         0.         0.         0.         0.         0.         0.         0.         0.         0.01173061 0.         0.         0.         0.         0.         0.         0.95775058 0.         0.0305188  0.         0.         0.        ],[0. 0. 0. 0. 0. 0. 0. 0. 0. 0. 0. 0. 0. 0. 0. 0. 0. 0. 1. 0. 0. 0. 0. 0. 0. 1. 0. 1. 0. 0. 0.],3.0,10000,30,0.6,10,1,3,,problem_solving
1500,0.006861180379619993,0.004723953376204706,0.4,-16.338328960775762,[0.         0.         0.         0.         0.         0.         0.         0.         0.         0.         0.         0.         0.         0.         0.         0.         0.         0.         0.01173061 0.         0.         0.         0.         0.         0.         0.95775058 0.         0.0305188  0.         0.         0.        ],[0. 0. 0. 0. 0. 0. 0. 0. 0. 0. 0. 0. 0. 0. 0. 0. 0. 0. 1. 0. 0. 0. 0. 0. 0. 1. 0. 1. 0. 0. 0.],3.0,10000,30,0.6,10,1,3,,problem_solving
1600,0.006861180379619993,0.004723953376204706,0.4,-6.505803753562689,[0.         0.         0.         0.         0.         0.         0.         0.         0.         0.         0.         0.         0.         0.         0.         0.         0.         0.         0.01173061 0.         0.         0.         0.         0.         0.         0.95775058 0.         0.0305188  0.         0.         0.        ],[0. 0. 0. 0. 0. 0. 0. 0. 0. 0. 0. 0. 0. 0. 0. 0. 0. 0. 1. 0. 0. 0. 0. 0. 0. 1. 0. 1. 0. 0. 0.],3.0,10000,30,0.6,10,1,3,,problem_solving
1700,0.006861180379619993,0.004723953376204706,0.4,-8.593025616793353,[0.         0.         0.         0.         0.         0.         0.         0.         0.         0.         0.         0.         0.         0.         0.         0.         0.         0.         0.01173061 0.         0.         0.         0.         0.         0.         0.95775058 0.         0.0305188  0.         0.         0.        ],[0. 0. 0. 0. 0. 0. 0. 0. 0. 0. 0. 0. 0. 0. 0. 0. 0. 0. 1. 0. 0. 0. 0. 0. 0. 1. 0. 1. 0. 0. 0.],3.0,10000,30,0.6,10,1,3,,problem_solving
1800,0.006861180379619993,0.004723953376204706,0.4,-19.447674222029065,[0.         0.         0.         0.         0.         0.         0.         0.         0.         0.         0.         0.         0.         0.         0.         0.         0.         0.         0.01173061 0.         0.         0.         0.         0.         0.         0.95775058 0.         0.0305188  0.         0.         0.        ],[0. 0. 0. 0. 0. 0. 0. 0. 0. 0. 0. 0. 0. 0. 0. 0. 0. 0. 1. 0. 0. 0. 0. 0. 0. 1. 0. 1. 0. 0. 0.],3.0,10000,30,0.6,10,1,3,,problem_solving
1900,0.006861180379619993,0.004723953376204706,0.4,7.3660828248667745,[0.         0.         0.         0.         0.         0.         0.         0.         0.         0.         0.         0.         0.         0.         0.         0.         0.         0.         0.01173061 0.         0.         0.         0.         0.         0.         0.95775058 0.         0.0305188  0.         0.         0.        ],[0. 0. 0. 0. 0. 0. 0. 0. 0. 0. 0. 0. 0. 0. 0. 0. 0. 0. 1. 0. 0. 0. 0. 0. 0. 1. 0. 1. 0. 0. 0.],3.0,10000,30,0.6,10,1,3,,problem_solving
2000,0.006861180379619993,0.004723953376204706,0.4,9.26931223834815,[0.         0.         0.         0.         0.         0.         0.         0.         0.         0.         0.         0.         0.         0.         0.         0.         0.         0.         0.01173061 0.         0.         0.         0.         0.         0.         0.95775058 0.         0.0305188  0.         0.         0.        ],[0. 0. 0. 0. 0. 0. 0. 0. 0. 0. 0. 0. 0. 0. 0. 0. 0. 0. 1. 0. 0. 0. 0. 0. 0. 1. 0. 1. 0. 0. 0.],3.0,10000,30,0.6,10,1,3,,problem_solving
2100,0.006861180379619993,0.004723953376204706,0.4,-8.442401269806373,[0.         0.         0.         0.         0.         0.         0.         0.         0.         0.         0.         0.         0.         0.         0.         0.         0.         0.         0.01173061 0.         0.         0.         0.         0.         0.         0.95775058 0.         0.0305188  0.         0.         0.        ],[0. 0. 0. 0. 0. 0. 0. 0. 0. 0. 0. 0. 0. 0. 0. 0. 0. 0. 1. 0. 0. 0. 0. 0. 0. 1. 0. 1. 0. 0. 0.],3.0,10000,30,0.6,10,1,3,,problem_solving
2200,0.006861180379619993,0.004723953376204706,0.4,8.741338236251629,[0.         0.         0.         0.         0.         0.         0.         0.         0.         0.         0.         0.         0.         0.         0.         0.         0.         0.         0.01173061 0.         0.         0.         0.         0.         0.         0.95775058 0.         0.0305188  0.         0.         0.        ],[0. 0. 0. 0. 0. 0. 0. 0. 0. 0. 0. 0. 0. 0. 0. 0. 0. 0. 1. 0. 0. 0. 0. 0. 0. 1. 0. 1. 0. 0. 0.],3.0,10000,30,0.6,10,1,3,,problem_solving
2300,0.006861180379619993,0.004723953376204706,0.4,-9.126484197660442,[0.         0.         0.         0.         0.         0.         0.         0.         0.         0.         0.         0.         0.         0.         0.         0.         0.         0.         0.01173061 0.         0.         0.         0.         0.         0.         0.95775058 0.         0.0305188  0.         0.         0.        ],[0. 0. 0. 0. 0. 0. 0. 0. 0. 0. 0. 0. 0. 0. 0. 0. 0. 0. 1. 0. 0. 0. 0. 0. 0. 1. 0. 1. 0. 0. 0.],3.0,10000,30,0.6,10,1,3,,problem_solving
2400,0.006861180379619993,0.004723953376204706,0.4,0.9473267324215642,[0.         0.         0.         0.         0.         0.         0.         0.         0.         0.         0.         0.         0.         0.         0.         0.         0.         0.         0.01173061 0.         0.         0.         0.         0.         0.         0.95775058 0.         0.0305188  0.         0.         0.        ],[0. 0. 0. 0. 0. 0. 0. 0. 0. 0. 0. 0. 0. 0. 0. 0. 0. 0. 1. 0. 0. 0. 0. 0. 0. 1. 0. 1. 0. 0. 0.],3.0,10000,30,0.6,10,1,3,,problem_solving
2500,0.006861180379619993,0.004723953376204706,0.4,8.157893049012952,[0.         0.         0.         0.         0.         0.         0.         0.         0.         0.         0.         0.         0.         0.         0.         0.         0.         0.         0.01173061 0.         0.         0.         0.         0.         0.         0.95775058 0.         0.0305188  0.         0.         0.        ],[0. 0. 0. 0. 0. 0. 0. 0. 0. 0. 0. 0. 0. 0. 0. 0. 0. 0. 1. 0. 0. 0. 0. 0. 0. 1. 0. 1. 0. 0. 0.],3.0,10000,30,0.6,10,1,3,,problem_solving
2600,0.006861180379619993,0.004723953376204706,0.4,16.090004076404327,[0.         0.         0.         0.         0.         0.         0.         0.         0.         0.         0.         0.         0.         0.         0.         0.         0.         0.         0.01173061 0.         0.         0.         0.         0.         0.         0.95775058 0.         0.0305188  0.         0.         0.        ],[0. 0. 0. 0. 0. 0. 0. 0. 0. 0. 0. 0. 0. 0. 0. 0. 0. 0. 1. 0. 0. 0. 0. 0. 0. 1. 0. 1. 0. 0. 0.],3.0,10000,30,0.6,10,1,3,,problem_solving
2700,0.006861180379619993,0.004723953376204706,0.4,0.2131998324215737,[0.         0.         0.         0.         0.         0.         0.         0.         0.         0.         0.         0.         0.         0.         0.         0.         0.         0.         0.01173061 0.         0.         0.         0.         0.         0.         0.95775058 0.         0.0305188  0.         0.         0.        ],[0. 0. 0. 0. 0. 0. 0. 0. 0. 0. 0. 0. 0. 0. 0. 0. 0. 0. 1. 0. 0. 0. 0. 0. 0. 1. 0. 1. 0. 0. 0.],3.0,10000,30,0.6,10,1,3,,problem_solving
2800,0.006861180379619993,0.004723953376204706,0.4,-1.2756442531489742,[0.         0.         0.         0.         0.         0.         0.         0.         0.         0.         0.         0.         0.         0.         0.         0.         0.         0.         0.01173061 0.         0.         0.         0.         0.         0.         0.95775058 0.         0.0305188  0.         0.         0.        ],[0. 0. 0. 0. 0. 0. 0. 0. 0. 0. 0. 0. 0. 0. 0. 0. 0. 0. 1. 0. 0. 0. 0. 0. 0. 1. 0. 1. 0. 0. 0.],3.0,10000,30,0.6,10,1,3,,problem_solving
2900,0.006861180379619993,0.004723953376204706,0.4,-9.297352123234628,[0.         0.         0.         0.         0.         0.         0.         0.         0.         0.         0.         0.         0.         0.         0.         0.         0.         0.         0.01173061 0.         0.         0.         0.         0.         0.         0.95775058 0.         0.0305188  0.         0.         0.        ],[0. 0. 0. 0. 0. 0. 0. 0. 0. 0. 0. 0. 0. 0. 0. 0. 0. 0. 1. 0. 0. 0. 0. 0. 0. 1. 0. 1. 0. 0. 0.],3.0,10000,30,0.6,10,1,3,,problem_solving
3000,0.006861180379619993,0.004723953376204706,0.4,11.907170679421373,[0.         0.         0.         0.         0.         0.         0.         0.         0.         0.         0.         0.         0.         0.         0.         0.         0.         0.         0.01173061 0.         0.         0.         0.         0.         0.         0.95775058 0.         0.0305188  0.         0.         0.        ],[0. 0. 0. 0. 0. 0. 0. 0. 0. 0. 0. 0. 0. 0. 0. 0. 0. 0. 1. 0. 0. 0. 0. 0. 0. 1. 0. 1. 0. 0. 0.],3.0,10000,30,0.6,10,1,3,,problem_solving
3100,0.006861180379619993,0.004723953376204706,0.4,10.984093923792013,[0.         0.         0.         0.         0.         0.         0.         0.         0.         0.         0.         0.         0.         0.         0.         0.         0.         0.         0.01173061 0.         0.         0.         0.         0.         0.         0.95775058 0.         0.0305188  0.         0.         0.        ],[0. 0. 0. 0. 0. 0. 0. 0. 0. 0. 0. 0. 0. 0. 0. 0. 0. 0. 1. 0. 0. 0. 0. 0. 0. 1. 0. 1. 0. 0. 0.],3.0,10000,30,0.6,10,1,3,,problem_solving
3200,0.006861180379619993,0.004723953376204706,0.4,4.969617976202908,[0.         0.         0.         0.         0.         0.         0.         0.         0.         0.         0.         0.         0.         0.         0.         0.         0.         0.         0.01173061 0.         0.         0.         0.         0.         0.         0.95775058 0.         0.0305188  0.         0.         0.        ],[0. 0. 0. 0. 0. 0. 0. 0. 0. 0. 0. 0. 0. 0. 0. 0. 0. 0. 1. 0. 0. 0. 0. 0. 0. 1. 0. 1. 0. 0. 0.],3.0,10000,30,0.6,10,1,3,,problem_solving
3300,0.006861180379619993,0.004723953376204706,0.4,8.697855182892681,[0.         0.         0.         0.         0.         0.         0.         0.         0.         0.         0.         0.         0.         0.         0.         0.         0.         0.         0.01173061 0.         0.         0.         0.         0.         0.         0.95775058 0.         0.0305188  0.         0.         0.        ],[0. 0. 0. 0. 0. 0. 0. 0. 0. 0. 0. 0. 0. 0. 0. 0. 0. 0. 1. 0. 0. 0. 0. 0. 0. 1. 0. 1. 0. 0. 0.],3.0,10000,30,0.6,10,1,3,,problem_solving
3400,0.006861180379619993,0.004723953376204706,0.4,6.698726740663231,[0.         0.         0.         0.         0.         0.         0.         0.         0.         0.         0.         0.         0.         0.         0.         0.         0.         0.         0.01173061 0.         0.         0.         0.         0.         0.         0.95775058 0.         0.0305188  0.         0.         0.        ],[0. 0. 0. 0. 0. 0. 0. 0. 0. 0. 0. 0. 0. 0. 0. 0. 0. 0. 1. 0. 0. 0. 0. 0. 0. 1. 0. 1. 0. 0. 0.],3.0,10000,30,0.6,10,1,3,,problem_solving
3500,0.006861180379619993,0.004723953376204706,0.4,11.77454232249686,[0.         0.         0.         0.         0.         0.         0.         0.         0.         0.         0.         0.         0.         0.         0.         0.         0.         0.         0.01173061 0.         0.         0.         0.         0.         0.         0.95775058 0.         0.0305188  0.         0.         0.        ],[0. 0. 0. 0. 0. 0. 0. 0. 0. 0. 0. 0. 0. 0. 0. 0. 0. 0. 1. 0. 0. 0. 0. 0. 0. 1. 0. 1. 0. 0. 0.],3.0,10000,30,0.6,10,1,3,,problem_solving
3600,0.006861180379619993,0.004723953376204706,0.4,4.025018516837288,[0.         0.         0.         0.         0.         0.         0.         0.         0.         0.         0.         0.         0.         0.         0.         0.         0.         0.         0.01173061 0.         0.         0.         0.         0.         0.         0.95775058 0.         0.0305188  0.         0.         0.        ],[0. 0. 0. 0. 0. 0. 0. 0. 0. 0. 0. 0. 0. 0. 0. 0. 0. 0. 1. 0. 0. 0. 0. 0. 0. 1. 0. 1. 0. 0. 0.],3.0,10000,30,0.6,10,1,3,,problem_solving
3700,0.006861180379619993,0.004723953376204706,0.4,-15.178826386753387,[0.         0.         0.         0.         0.         0.         0.         0.         0.         0.         0.         0.         0.         0.         0.         0.         0.         0.         0.01173061 0.         0.         0.         0.         0.         0.         0.95775058 0.         0.0305188  0.         0.         0.        ],[0. 0. 0. 0. 0. 0. 0. 0. 0. 0. 0. 0. 0. 0. 0. 0. 0. 0. 1. 0. 0. 0. 0. 0. 0. 1. 0. 1. 0. 0. 0.],3.0,10000,30,0.6,10,1,3,,problem_solving
3800,0.006861180379619993,0.004723953376204706,0.4,-5.632447215203982,[0.         0.         0.         0.         0.         0.         0.         0.         0.         0.         0.         0.         0.         0.         0.         0.         0.         0.         0.01173061 0.         0.         0.         0.         0.         0.         0.95775058 0.         0.0305188  0.         0.         0.        ],[0. 0. 0. 0. 0. 0. 0. 0. 0. 0. 0. 0. 0. 0. 0. 0. 0. 0. 1. 0. 0. 0. 0. 0. 0. 1. 0. 1. 0. 0. 0.],3.0,10000,30,0.6,10,1,3,,problem_solving
3900,0.006861180379619993,0.004723953376204706,0.4,18.201980322067996,[0.         0.         0.         0.         0.         0.         0.         0.         0.         0.         0.         0.         0.         0.         0.         0.         0.         0.         0.01173061 0.         0.         0.         0.         0.         0.         0.95775058 0.         0.0305188  0.         0.         0.        ],[0. 0. 0. 0. 0. 0. 0. 0. 0. 0. 0. 0. 0. 0. 0. 0. 0. 0. 1. 0. 0. 0. 0. 0. 0. 1. 0. 1. 0. 0. 0.],3.0,10000,30,0.6,10,1,3,,problem_solving
4000,0.006861180379619993,0.004723953376204706,0.4,3.8365730223140657,[0.         0.         0.         0.         0.         0.         0.         0.         0.         0.         0.         0.         0.         0.         0.         0.         0.         0.         0.01173061 0.         0.         0.         0.         0.         0.         0.95775058 0.         0.0305188  0.         0.         0.        ],[0. 0. 0. 0. 0. 0. 0. 0. 0. 0. 0. 0. 0. 0. 0. 0. 0. 0. 1. 0. 0. 0. 0. 0. 0. 1. 0. 1. 0. 0. 0.],3.0,10000,30,0.6,10,1,3,,problem_solving
4100,0.006861180379619993,0.004723953376204706,0.4,-14.19579573447801,[0.         0.         0.         0.         0.         0.         0.         0.         0.         0.         0.         0.         0.         0.         0.         0.         0.         0.         0.01173061 0.         0.         0.         0.         0.         0.         0.95775058 0.         0.0305188  0.         0.         0.        ],[0. 0. 0. 0. 0. 0. 0. 0. 0. 0. 0. 0. 0. 0. 0. 0. 0. 0. 1. 0. 0. 0. 0. 0. 0. 1. 0. 1. 0. 0. 0.],3.0,10000,30,0.6,10,1,3,,problem_solving
4200,0.006861180379619993,0.004723953376204706,0.4,1.7194607638087964,[0.         0.         0.         0.         0.         0.         0.         0.         0.         0.         0.         0.         0.         0.         0.         0.         0.         0.         0.01173061 0.         0.         0.         0.         0.         0.         0.95775058 0.         0.0305188  0.         0.         0.        ],[0. 0. 0. 0. 0. 0. 0. 0. 0. 0. 0. 0. 0. 0. 0. 0. 0. 0. 1. 0. 0. 0. 0. 0. 0. 1. 0. 1. 0. 0. 0.],3.0,10000,30,0.6,10,1,3,,problem_solving
4300,0.006861180379619993,0.004723953376204706,0.4,-8.710645351028539,[0.         0.         0.         0.         0.         0.         0.         0.         0.         0.         0.         0.         0.         0.         0.         0.         0.         0.         0.01173061 0.         0.         0.         0.         0.         0.         0.95775058 0.         0.0305188  0.         0.         0.        ],[0. 0. 0. 0. 0. 0. 0. 0. 0. 0. 0. 0. 0. 0. 0. 0. 0. 0. 1. 0. 0. 0. 0. 0. 0. 1. 0. 1. 0. 0. 0.],3.0,10000,30,0.6,10,1,3,,problem_solving
4400,0.006861180379619993,0.004723953376204706,0.4,8.523720878410368,[0.         0.         0.         0.         0.         0.         0.         0.         0.         0.         0.         0.         0.         0.         0.         0.         0.         0.         0.01173061 0.         0.         0.         0.         0.         0.         0.95775058 0.         0.0305188  0.         0.         0.        ],[0. 0. 0. 0. 0. 0. 0. 0. 0. 0. 0. 0. 0. 0. 0. 0. 0. 0. 1. 0. 0. 0. 0. 0. 0. 1. 0. 1. 0. 0. 0.],3.0,10000,30,0.6,10,1,3,,problem_solving
4500,0.006861180379619993,0.004723953376204706,0.4,3.4508608719387364,[0.         0.         0.         0.         0.         0.         0.         0.         0.         0.         0.         0.         0.         0.         0.         0.         0.         0.         0.01173061 0.         0.         0.         0.         0.         0.         0.95775058 0.         0.0305188  0.         0.         0.        ],[0. 0. 0. 0. 0. 0. 0. 0. 0. 0. 0. 0. 0. 0. 0. 0. 0. 0. 1. 0. 0. 0. 0. 0. 0. 1. 0. 1. 0. 0. 0.],3.0,10000,30,0.6,10,1,3,,problem_solving
4600,0.006861180379619993,0.004723953376204706,0.4,4.458898768225166,[0.         0.         0.         0.         0.         0.         0.         0.         0.         0.         0.         0.         0.         0.         0.         0.         0.         0.         0.01173061 0.         0.         0.         0.         0.         0.         0.95775058 0.         0.0305188  0.         0.         0.        ],[0. 0. 0. 0. 0. 0. 0. 0. 0. 0. 0. 0. 0. 0. 0. 0. 0. 0. 1. 0. 0. 0. 0. 0. 0. 1. 0. 1. 0. 0. 0.],3.0,10000,30,0.6,10,1,3,,problem_solving
4700,0.006861180379619993,0.004723953376204706,0.4,7.179485416721531,[0.         0.         0.         0.         0.         0.         0.         0.         0.         0.         0.         0.         0.         0.         0.         0.         0.         0.         0.01173061 0.         0.         0.         0.         0.         0.         0.95775058 0.         0.0305188  0.         0.         0.        ],[0. 0. 0. 0. 0. 0. 0. 0. 0. 0. 0. 0. 0. 0. 0. 0. 0. 0. 1. 0. 0. 0. 0. 0. 0. 1. 0. 1. 0. 0. 0.],3.0,10000,30,0.6,10,1,3,,problem_solving
4800,0.006861180379619993,0.004723953376204706,0.4,6.94781237326355,[0.         0.         0.         0.         0.         0.         0.         0.         0.         0.         0.         0.         0.         0.         0.         0.         0.         0.         0.01173061 0.         0.         0.         0.         0.         0.         0.95775058 0.         0.0305188  0.         0.         0.        ],[0. 0. 0. 0. 0. 0. 0. 0. 0. 0. 0. 0. 0. 0. 0. 0. 0. 0. 1. 0. 0. 0. 0. 0. 0. 1. 0. 1. 0. 0. 0.],3.0,10000,30,0.6,10,1,3,,problem_solving
4900,0.006861180379619993,0.004723953376204706,0.4,-22.310418344162336,[0.         0.         0.         0.         0.         0.         0.         0.         0.         0.         0.         0.         0.         0.         0.         0.         0.         0.         0.01173061 0.         0.         0.         0.         0.         0.         0.95775058 0.         0.0305188  0.         0.         0.        ],[0. 0. 0. 0. 0. 0. 0. 0. 0. 0. 0. 0. 0. 0. 0. 0. 0. 0. 1. 0. 0. 0. 0. 0. 0. 1. 0. 1. 0. 0. 0.],3.0,10000,30,0.6,10,1,3,,problem_solving
5000,0.006861180379619993,0.004723953376204706,0.4,10.61793809549279,[0.         0.         0.         0.         0.         0.         0.         0.         0.         0.         0.         0.         0.         0.         0.         0.         0.         0.         0.01173061 0.         0.         0.         0.         0.         0.         0.95775058 0.         0.0305188  0.         0.         0.        ],[0. 0. 0. 0. 0. 0. 0. 0. 0. 0. 0. 0. 0. 0. 0. 0. 0. 0. 1. 0. 0. 0. 0. 0. 0. 1. 0. 1. 0. 0. 0.],3.0,10000,30,0.6,10,1,3,,problem_solving
5100,0.006861180379619993,0.004723953376204706,0.4,7.018373460133725,[0.         0.         0.         0.         0.         0.         0.         0.         0.         0.         0.         0.         0.         0.         0.         0.         0.         0.         0.01173061 0.         0.         0.         0.         0.         0.         0.95775058 0.         0.0305188  0.         0.         0.        ],[0. 0. 0. 0. 0. 0. 0. 0. 0. 0. 0. 0. 0. 0. 0. 0. 0. 0. 1. 0. 0. 0. 0. 0. 0. 1. 0. 1. 0. 0. 0.],3.0,10000,30,0.6,10,1,3,,problem_solving
5200,0.006861180379619993,0.004723953376204706,0.4,4.58316683519911,[0.         0.         0.         0.         0.         0.         0.         0.         0.         0.         0.         0.         0.         0.         0.         0.         0.         0.         0.01173061 0.         0.         0.         0.         0.         0.         0.95775058 0.         0.0305188  0.         0.         0.        ],[0. 0. 0. 0. 0. 0. 0. 0. 0. 0. 0. 0. 0. 0. 0. 0. 0. 0. 1. 0. 0. 0. 0. 0. 0. 1. 0. 1. 0. 0. 0.],3.0,10000,30,0.6,10,1,3,,problem_solving
5300,0.006861180379619993,0.004723953376204706,0.4,5.244907026772401,[0.         0.         0.         0.         0.         0.         0.         0.         0.         0.         0.         0.         0.         0.         0.         0.         0.         0.         0.01173061 0.         0.         0.         0.         0.         0.         0.95775058 0.         0.0305188  0.         0.         0.        ],[0. 0. 0. 0. 0. 0. 0. 0. 0. 0. 0. 0. 0. 0. 0. 0. 0. 0. 1. 0. 0. 0. 0. 0. 0. 1. 0. 1. 0. 0. 0.],3.0,10000,30,0.6,10,1,3,,problem_solving
5400,0.006861180379619993,0.004723953376204706,0.4,5.805650100176781,[0.         0.         0.         0.         0.         0.         0.         0.         0.         0.         0.         0.         0.         0.         0.         0.         0.         0.         0.01173061 0.         0.         0.         0.         0.         0.         0.95775058 0.         0.0305188  0.         0.         0.        ],[0. 0. 0. 0. 0. 0. 0. 0. 0. 0. 0. 0. 0. 0. 0. 0. 0. 0. 1. 0. 0. 0. 0. 0. 0. 1. 0. 1. 0. 0. 0.],3.0,10000,30,0.6,10,1,3,,problem_solving
5500,0.006861180379619993,0.004723953376204706,0.4,-3.2437854482911,[0.         0.         0.         0.         0.         0.         0.         0.         0.         0.         0.         0.         0.         0.         0.         0.         0.         0.         0.01173061 0.         0.         0.         0.         0.         0.         0.95775058 0.         0.0305188  0.         0.         0.        ],[0. 0. 0. 0. 0. 0. 0. 0. 0. 0. 0. 0. 0. 0. 0. 0. 0. 0. 1. 0. 0. 0. 0. 0. 0. 1. 0. 1. 0. 0. 0.],3.0,10000,30,0.6,10,1,3,,problem_solving
5600,0.006861180379619993,0.004723953376204706,0.4,-12.975860537905145,[0.         0.         0.         0.         0.         0.         0.         0.         0.         0.         0.         0.         0.         0.         0.         0.         0.         0.         0.01173061 0.         0.         0.         0.         0.         0.         0.95775058 0.         0.0305188  0.         0.         0.        ],[0. 0. 0. 0. 0. 0. 0. 0. 0. 0. 0. 0. 0. 0. 0. 0. 0. 0. 1. 0. 0. 0. 0. 0. 0. 1. 0. 1. 0. 0. 0.],3.0,10000,30,0.6,10,1,3,,problem_solving
5700,0.006861180379619993,0.004723953376204706,0.4,10.322852526803546,[0.         0.         0.         0.         0.         0.         0.         0.         0.         0.         0.         0.         0.         0.         0.         0.         0.         0.         0.01173061 0.         0.         0.         0.         0.         0.         0.95775058 0.         0.0305188  0.         0.         0.        ],[0. 0. 0. 0. 0. 0. 0. 0. 0. 0. 0. 0. 0. 0. 0. 0. 0. 0. 1. 0. 0. 0. 0. 0. 0. 1. 0. 1. 0. 0. 0.],3.0,10000,30,0.6,10,1,3,,problem_solving
5800,0.006861180379619993,0.004723953376204706,0.4,0.48014461242856377,[0.         0.         0.         0.         0.         0.         0.         0.         0.         0.         0.         0.         0.         0.         0.         0.         0.         0.         0.01173061 0.         0.         0.         0.         0.         0.         0.95775058 0.         0.0305188  0.         0.         0.        ],[0. 0. 0. 0. 0. 0. 0. 0. 0. 0. 0. 0. 0. 0. 0. 0. 0. 0. 1. 0. 0. 0. 0. 0. 0. 1. 0. 1. 0. 0. 0.],3.0,10000,30,0.6,10,1,3,,problem_solving
5900,0.006861180379619993,0.004723953376204706,0.4,-8.359310419859169,[0.         0.         0.         0.         0.         0.         0.         0.         0.         0.         0.         0.         0.         0.         0.         0.         0.         0.         0.01173061 0.         0.         0.         0.         0.         0.         0.95775058 0.         0.0305188  0.         0.         0.        ],[0. 0. 0. 0. 0. 0. 0. 0. 0. 0. 0. 0. 0. 0. 0. 0. 0. 0. 1. 0. 0. 0. 0. 0. 0. 1. 0. 1. 0. 0. 0.],3.0,10000,30,0.6,10,1,3,,problem_solving
6000,0.006861180379619993,0.004723953376204706,0.4,10.275087707846527,[0.         0.         0.         0.         0.         0.         0.         0.         0.         0.         0.         0.         0.         0.         0.         0.         0.         0.         0.01173061 0.         0.         0.         0.         0.         0.         0.95775058 0.         0.0305188  0.         0.         0.        ],[0. 0. 0. 0. 0. 0. 0. 0. 0. 0. 0. 0. 0. 0. 0. 0. 0. 0. 1. 0. 0. 0. 0. 0. 0. 1. 0. 1. 0. 0. 0.],3.0,10000,30,0.6,10,1,3,,problem_solving
6100,0.006861180379619993,0.004723953376204706,0.4,-3.4916934227840657,[0.         0.         0.         0.         0.         0.         0.         0.         0.         0.         0.         0.         0.         0.         0.         0.         0.         0.         0.01173061 0.         0.         0.         0.         0.         0.         0.95775058 0.         0.0305188  0.         0.         0.        ],[0. 0. 0. 0. 0. 0. 0. 0. 0. 0. 0. 0. 0. 0. 0. 0. 0. 0. 1. 0. 0. 0. 0. 0. 0. 1. 0. 1. 0. 0. 0.],3.0,10000,30,0.6,10,1,3,,problem_solving
6200,0.006861180379619993,0.004723953376204706,0.4,-0.7061627614755592,[0.         0.         0.         0.         0.         0.         0.         0.         0.         0.         0.         0.         0.         0.         0.         0.         0.         0.         0.01173061 0.         0.         0.         0.         0.         0.         0.95775058 0.         0.0305188  0.         0.         0.        ],[0. 0. 0. 0. 0. 0. 0. 0. 0. 0. 0. 0. 0. 0. 0. 0. 0. 0. 1. 0. 0. 0. 0. 0. 0. 1. 0. 1. 0. 0. 0.],3.0,10000,30,0.6,10,1,3,,problem_solving
6300,0.006861180379619993,0.004723953376204706,0.4,-6.839615223871522,[0.         0.         0.         0.         0.         0.         0.         0.         0.         0.         0.         0.         0.         0.         0.         0.         0.         0.         0.01173061 0.         0.         0.         0.         0.         0.         0.95775058 0.         0.0305188  0.         0.         0.        ],[0. 0. 0. 0. 0. 0. 0. 0. 0. 0. 0. 0. 0. 0. 0. 0. 0. 0. 1. 0. 0. 0. 0. 0. 0. 1. 0. 1. 0. 0. 0.],3.0,10000,30,0.6,10,1,3,,problem_solving
6400,0.006861180379619993,0.004723953376204706,0.4,-9.095677229599238,[0.         0.         0.         0.         0.         0.         0.         0.         0.         0.         0.         0.         0.         0.         0.         0.         0.         0.         0.01173061 0.         0.         0.         0.         0.         0.         0.95775058 0.         0.0305188  0.         0.         0.        ],[0. 0. 0. 0. 0. 0. 0. 0. 0. 0. 0. 0. 0. 0. 0. 0. 0. 0. 1. 0. 0. 0. 0. 0. 0. 1. 0. 1. 0. 0. 0.],3.0,10000,30,0.6,10,1,3,,problem_solving
6500,0.006861180379619993,0.004723953376204706,0.4,6.894922377380248,[0.         0.         0.         0.         0.         0.         0.         0.         0.         0.         0.         0.         0.         0.         0.         0.         0.         0.         0.01173061 0.         0.         0.         0.         0.         0.         0.95775058 0.         0.0305188  0.         0.         0.        ],[0. 0. 0. 0. 0. 0. 0. 0. 0. 0. 0. 0. 0. 0. 0. 0. 0. 0. 1. 0. 0. 0. 0. 0. 0. 1. 0. 1. 0. 0. 0.],3.0,10000,30,0.6,10,1,3,,problem_solving
6600,0.006861180379619993,0.004723953376204706,0.4,-16.613561895583427,[0.         0.         0.         0.         0.         0.         0.         0.         0.         0.         0.         0.         0.         0.         0.         0.         0.         0.         0.01173061 0.         0.         0.         0.         0.         0.         0.95775058 0.         0.0305188  0.         0.         0.        ],[0. 0. 0. 0. 0. 0. 0. 0. 0. 0. 0. 0. 0. 0. 0. 0. 0. 0. 1. 0. 0. 0. 0. 0. 0. 1. 0. 1. 0. 0. 0.],3.0,10000,30,0.6,10,1,3,,problem_solving
6700,0.006861180379619993,0.004723953376204706,0.4,11.855379477767913,[0.         0.         0.         0.         0.         0.         0.         0.         0.         0.         0.         0.         0.         0.         0.         0.         0.         0.         0.01173061 0.         0.         0.         0.         0.         0.         0.95775058 0.         0.0305188  0.         0.         0.        ],[0. 0. 0. 0. 0. 0. 0. 0. 0. 0. 0. 0. 0. 0. 0. 0. 0. 0. 1. 0. 0. 0. 0. 0. 0. 1. 0. 1. 0. 0. 0.],3.0,10000,30,0.6,10,1,3,,problem_solving
6800,0.006861180379619993,0.004723953376204706,0.4,15.97284419137755,[0.         0.         0.         0.         0.         0.         0.         0.         0.         0.         0.         0.         0.         0.         0.         0.         0.         0.         0.01173061 0.         0.         0.         0.         0.         0.         0.95775058 0.         0.0305188  0.         0.         0.        ],[0. 0. 0. 0. 0. 0. 0. 0. 0. 0. 0. 0. 0. 0. 0. 0. 0. 0. 1. 0. 0. 0. 0. 0. 0. 1. 0. 1. 0. 0. 0.],3.0,10000,30,0.6,10,1,3,,problem_solving
6900,0.006861180379619993,0.004723953376204706,0.4,5.114334714207417,[0.         0.         0.         0.         0.         0.         0.         0.         0.         0.         0.         0.         0.         0.         0.         0.         0.         0.         0.01173061 0.         0.         0.         0.         0.         0.         0.95775058 0.         0.0305188  0.         0.         0.        ],[0. 0. 0. 0. 0. 0. 0. 0. 0. 0. 0. 0. 0. 0. 0. 0. 0. 0. 1. 0. 0. 0. 0. 0. 0. 1. 0. 1. 0. 0. 0.],3.0,10000,30,0.6,10,1,3,,problem_solving
7000,0.006861180379619993,0.004723953376204706,0.4,26.145741280153135,[0.         0.         0.         0.         0.         0.         0.         0.         0.         0.         0.         0.         0.         0.         0.         0.         0.         0.         0.01173061 0.         0.         0.         0.         0.         0.         0.95775058 0.         0.0305188  0.         0.         0.        ],[0. 0. 0. 0. 0. 0. 0. 0. 0. 0. 0. 0. 0. 0. 0. 0. 0. 0. 1. 0. 0. 0. 0. 0. 0. 1. 0. 1. 0. 0. 0.],3.0,10000,30,0.6,10,1,3,,problem_solving
7100,0.006861180379619993,0.004723953376204706,0.4,-4.463685854092149,[0.         0.         0.         0.         0.         0.         0.         0.         0.         0.         0.         0.         0.         0.         0.         0.         0.         0.         0.01173061 0.         0.         0.         0.         0.         0.         0.95775058 0.         0.0305188  0.         0.         0.        ],[0. 0. 0. 0. 0. 0. 0. 0. 0. 0. 0. 0. 0. 0. 0. 0. 0. 0. 1. 0. 0. 0. 0. 0. 0. 1. 0. 1. 0. 0. 0.],3.0,10000,30,0.6,10,1,3,,problem_solving
7200,0.006861180379619993,0.004723953376204706,0.4,1.0641245324576998,[0.         0.         0.         0.         0.         0.         0.         0.         0.         0.         0.         0.         0.         0.         0.         0.         0.         0.         0.01173061 0.         0.         0.         0.         0.         0.         0.95775058 0.         0.0305188  0.         0.         0.        ],[0. 0. 0. 0. 0. 0. 0. 0. 0. 0. 0. 0. 0. 0. 0. 0. 0. 0. 1. 0. 0. 0. 0. 0. 0. 1. 0. 1. 0. 0. 0.],3.0,10000,30,0.6,10,1,3,,problem_solving
7300,0.006861180379619993,0.004723953376204706,0.4,-12.251162320862525,[0.         0.         0.         0.         0.         0.         0.         0.         0.         0.         0.         0.         0.         0.         0.         0.         0.         0.         0.01173061 0.         0.         0.         0.         0.         0.         0.95775058 0.         0.0305188  0.         0.         0.        ],[0. 0. 0. 0. 0. 0. 0. 0. 0. 0. 0. 0. 0. 0. 0. 0. 0. 0. 1. 0. 0. 0. 0. 0. 0. 1. 0. 1. 0. 0. 0.],3.0,10000,30,0.6,10,1,3,,problem_solving
7400,0.006861180379619993,0.004723953376204706,0.4,-0.17955342522130893,[0.         0.         0.         0.         0.         0.         0.         0.         0.         0.         0.         0.         0.         0.         0.         0.         0.         0.         0.01173061 0.         0.         0.         0.         0.         0.         0.95775058 0.         0.0305188  0.         0.         0.        ],[0. 0. 0. 0. 0. 0. 0. 0. 0. 0. 0. 0. 0. 0. 0. 0. 0. 0. 1. 0. 0. 0. 0. 0. 0. 1. 0. 1. 0. 0. 0.],3.0,10000,30,0.6,10,1,3,,problem_solving
7500,0.006861180379619993,0.004723953376204706,0.4,-2.560674536982414,[0.         0.         0.         0.         0.         0.         0.         0.         0.         0.         0.         0.         0.         0.         0.         0.         0.         0.         0.01173061 0.         0.         0.         0.         0.         0.         0.95775058 0.         0.0305188  0.         0.         0.        ],[0. 0. 0. 0. 0. 0. 0. 0. 0. 0. 0. 0. 0. 0. 0. 0. 0. 0. 1. 0. 0. 0. 0. 0. 0. 1. 0. 1. 0. 0. 0.],3.0,10000,30,0.6,10,1,3,,problem_solving
7600,0.006861180379619993,0.004723953376204706,0.4,0.2833543419517867,[0.         0.         0.         0.         0.         0.         0.         0.         0.         0.         0.         0.         0.         0.         0.         0.         0.         0.         0.01173061 0.         0.         0.         0.         0.         0.         0.95775058 0.         0.0305188  0.         0.         0.        ],[0. 0. 0. 0. 0. 0. 0. 0. 0. 0. 0. 0. 0. 0. 0. 0. 0. 0. 1. 0. 0. 0. 0. 0. 0. 1. 0. 1. 0. 0. 0.],3.0,10000,30,0.6,10,1,3,,problem_solving
7700,0.006861180379619993,0.004723953376204706,0.4,-18.739595308258508,[0.         0.         0.         0.         0.         0.         0.         0.         0.         0.         0.         0.         0.         0.         0.         0.         0.         0.         0.01173061 0.         0.         0.         0.         0.         0.         0.95775058 0.         0.0305188  0.         0.         0.        ],[0. 0. 0. 0. 0. 0. 0. 0. 0. 0. 0. 0. 0. 0. 0. 0. 0. 0. 1. 0. 0. 0. 0. 0. 0. 1. 0. 1. 0. 0. 0.],3.0,10000,30,0.6,10,1,3,,problem_solving
7800,0.006861180379619993,0.004723953376204706,0.4,2.3468955848507296,[0.         0.         0.         0.         0.         0.         0.         0.         0.         0.         0.         0.         0.         0.         0.         0.         0.         0.         0.01173061 0.         0.         0.         0.         0.         0.         0.95775058 0.         0.0305188  0.         0.         0.        ],[0. 0. 0. 0. 0. 0. 0. 0. 0. 0. 0. 0. 0. 0. 0. 0. 0. 0. 1. 0. 0. 0. 0. 0. 0. 1. 0. 1. 0. 0. 0.],3.0,10000,30,0.6,10,1,3,,problem_solving
7900,0.006861180379619993,0.004723953376204706,0.4,5.127614401471518,[0.         0.         0.         0.         0.         0.         0.         0.         0.         0.         0.         0.         0.         0.         0.         0.         0.         0.         0.01173061 0.         0.         0.         0.         0.         0.         0.95775058 0.         0.0305188  0.         0.         0.        ],[0. 0. 0. 0. 0. 0. 0. 0. 0. 0. 0. 0. 0. 0. 0. 0. 0. 0. 1. 0. 0. 0. 0. 0. 0. 1. 0. 1. 0. 0. 0.],3.0,10000,30,0.6,10,1,3,,problem_solving
8000,0.006861180379619993,0.004723953376204706,0.4,15.040728142705554,[0.         0.         0.         0.         0.         0.         0.         0.         0.         0.         0.         0.         0.         0.         0.         0.         0.         0.         0.01173061 0.         0.         0.         0.         0.         0.         0.95775058 0.         0.0305188  0.         0.         0.        ],[0. 0. 0. 0. 0. 0. 0. 0. 0. 0. 0. 0. 0. 0. 0. 0. 0. 0. 1. 0. 0. 0. 0. 0. 0. 1. 0. 1. 0. 0. 0.],3.0,10000,30,0.6,10,1,3,,problem_solving
8100,0.006861180379619993,0.004723953376204706,0.4,-1.4140106688741012,[0.         0.         0.         0.         0.         0.         0.         0.         0.         0.         0.         0.         0.         0.         0.         0.         0.         0.         0.01173061 0.         0.         0.         0.         0.         0.         0.95775058 0.         0.0305188  0.         0.         0.        ],[0. 0. 0. 0. 0. 0. 0. 0. 0. 0. 0. 0. 0. 0. 0. 0. 0. 0. 1. 0. 0. 0. 0. 0. 0. 1. 0. 1. 0. 0. 0.],3.0,10000,30,0.6,10,1,3,,problem_solving
8200,0.006861180379619993,0.004723953376204706,0.4,8.338906645978522,[0.         0.         0.         0.         0.         0.         0.         0.         0.         0.         0.         0.         0.         0.         0.         0.         0.         0.         0.01173061 0.         0.         0.         0.         0.         0.         0.95775058 0.         0.0305188  0.         0.         0.        ],[0. 0. 0. 0. 0. 0. 0. 0. 0. 0. 0. 0. 0. 0. 0. 0. 0. 0. 1. 0. 0. 0. 0. 0. 0. 1. 0. 1. 0. 0. 0.],3.0,10000,30,0.6,10,1,3,,problem_solving
8300,0.006861180379619993,0.004723953376204706,0.4,-1.4880871659830255,[0.         0.         0.         0.         0.         0.         0.         0.         0.         0.         0.         0.         0.         0.         0.         0.         0.         0.         0.01173061 0.         0.         0.         0.         0.         0.         0.95775058 0.         0.0305188  0.         0.         0.        ],[0. 0. 0. 0. 0. 0. 0. 0. 0. 0. 0. 0. 0. 0. 0. 0. 0. 0. 1. 0. 0. 0. 0. 0. 0. 1. 0. 1. 0. 0. 0.],3.0,10000,30,0.6,10,1,3,,problem_solving
8400,0.006861180379619993,0.004723953376204706,0.4,-9.156346581753986,[0.         0.         0.         0.         0.         0.         0.         0.         0.         0.         0.         0.         0.         0.         0.         0.         0.         0.         0.01173061 0.         0.         0.         0.         0.         0.         0.95775058 0.         0.0305188  0.         0.         0.        ],[0. 0. 0. 0. 0. 0. 0. 0. 0. 0. 0. 0. 0. 0. 0. 0. 0. 0. 1. 0. 0. 0. 0. 0. 0. 1. 0. 1. 0. 0. 0.],3.0,10000,30,0.6,10,1,3,,problem_solving
8500,0.006861180379619993,0.004723953376204706,0.4,4.553100286134753,[0.         0.         0.         0.         0.         0.         0.         0.         0.         0.         0.         0.         0.         0.         0.         0.         0.         0.         0.01173061 0.         0.         0.         0.         0.         0.         0.95775058 0.         0.0305188  0.         0.         0.        ],[0. 0. 0. 0. 0. 0. 0. 0. 0. 0. 0. 0. 0. 0. 0. 0. 0. 0. 1. 0. 0. 0. 0. 0. 0. 1. 0. 1. 0. 0. 0.],3.0,10000,30,0.6,10,1,3,,problem_solving
8600,0.006861180379619993,0.004723953376204706,0.4,-2.0205704942840623,[0.         0.         0.         0.         0.         0.         0.         0.         0.         0.         0.         0.         0.         0.         0.         0.         0.         0.         0.01173061 0.         0.         0.         0.         0.         0.         0.95775058 0.         0.0305188  0.         0.         0.        ],[0. 0. 0. 0. 0. 0. 0. 0. 0. 0. 0. 0. 0. 0. 0. 0. 0. 0. 1. 0. 0. 0. 0. 0. 0. 1. 0. 1. 0. 0. 0.],3.0,10000,30,0.6,10,1,3,,problem_solving
8700,0.006861180379619993,0.004723953376204706,0.4,-3.507765335414254,[0.         0.         0.         0.         0.         0.         0.         0.         0.         0.         0.         0.         0.         0.         0.         0.         0.         0.         0.01173061 0.         0.         0.         0.         0.         0.         0.95775058 0.         0.0305188  0.         0.         0.        ],[0. 0. 0. 0. 0. 0. 0. 0. 0. 0. 0. 0. 0. 0. 0. 0. 0. 0. 1. 0. 0. 0. 0. 0. 0. 1. 0. 1. 0. 0. 0.],3.0,10000,30,0.6,10,1,3,,problem_solving
8800,0.006861180379619993,0.004723953376204706,0.4,-3.9770439543838747,[0.         0.         0.         0.         0.         0.         0.         0.         0.         0.         0.         0.         0.         0.         0.         0.         0.         0.         0.01173061 0.         0.         0.         0.         0.         0.         0.95775058 0.         0.0305188  0.         0.         0.        ],[0. 0. 0. 0. 0. 0. 0. 0. 0. 0. 0. 0. 0. 0. 0. 0. 0. 0. 1. 0. 0. 0. 0. 0. 0. 1. 0. 1. 0. 0. 0.],3.0,10000,30,0.6,10,1,3,,problem_solving
8900,0.006861180379619993,0.004723953376204706,0.4,5.789073698187412,[0.         0.         0.         0.         0.         0.         0.         0.         0.         0.         0.         0.         0.         0.         0.         0.         0.         0.         0.01173061 0.         0.         0.         0.         0.         0.         0.95775058 0.         0.0305188  0.         0.         0.        ],[0. 0. 0. 0. 0. 0. 0. 0. 0. 0. 0. 0. 0. 0. 0. 0. 0. 0. 1. 0. 0. 0. 0. 0. 0. 1. 0. 1. 0. 0. 0.],3.0,10000,30,0.6,10,1,3,,problem_solving
9000,0.006861180379619993,0.004723953376204706,0.4,2.4123703960180976,[0.         0.         0.         0.         0.         0.         0.         0.         0.         0.         0.         0.         0.         0.         0.         0.         0.         0.         0.01173061 0.         0.         0.         0.         0.         0.         0.95775058 0.         0.0305188  0.         0.         0.        ],[0. 0. 0. 0. 0. 0. 0. 0. 0. 0. 0. 0. 0. 0. 0. 0. 0. 0. 1. 0. 0. 0. 0. 0. 0. 1. 0. 1. 0. 0. 0.],3.0,10000,30,0.6,10,1,3,,problem_solving
9100,0.006861180379619993,0.004723953376204706,0.4,9.992009598015617,[0.         0.         0.         0.         0.         0.         0.         0.         0.         0.         0.         0.         0.         0.         0.         0.         0.         0.         0.01173061 0.         0.         0.         0.         0.         0.         0.95775058 0.         0.0305188  0.         0.         0.        ],[0. 0. 0. 0. 0. 0. 0. 0. 0. 0. 0. 0. 0. 0. 0. 0. 0. 0. 1. 0. 0. 0. 0. 0. 0. 1. 0. 1. 0. 0. 0.],3.0,10000,30,0.6,10,1,3,,problem_solving
9200,0.006861180379619993,0.004723953376204706,0.4,-18.44003218234086,[0.         0.         0.         0.         0.         0.         0.         0.         0.         0.         0.         0.         0.         0.         0.         0.         0.         0.         0.01173061 0.         0.         0.         0.         0.         0.         0.95775058 0.         0.0305188  0.         0.         0.        ],[0. 0. 0. 0. 0. 0. 0. 0. 0. 0. 0. 0. 0. 0. 0. 0. 0. 0. 1. 0. 0. 0. 0. 0. 0. 1. 0. 1. 0. 0. 0.],3.0,10000,30,0.6,10,1,3,,problem_solving
9300,0.006861180379619993,0.004723953376204706,0.4,1.5668319480388861,[0.         0.         0.         0.         0.         0.         0.         0.         0.         0.         0.         0.         0.         0.         0.         0.         0.         0.         0.01173061 0.         0.         0.         0.         0.         0.         0.95775058 0.         0.0305188  0.         0.         0.        ],[0. 0. 0. 0. 0. 0. 0. 0. 0. 0. 0. 0. 0. 0. 0. 0. 0. 0. 1. 0. 0. 0. 0. 0. 0. 1. 0. 1. 0. 0. 0.],3.0,10000,30,0.6,10,1,3,,problem_solving
9400,0.006861180379619993,0.004723953376204706,0.4,-6.6510878433500755,[0.         0.         0.         0.         0.         0.         0.         0.         0.         0.         0.         0.         0.         0.         0.         0.         0.         0.         0.01173061 0.         0.         0.         0.         0.         0.         0.95775058 0.         0.0305188  0.         0.         0.        ],[0. 0. 0. 0. 0. 0. 0. 0. 0. 0. 0. 0. 0. 0. 0. 0. 0. 0. 1. 0. 0. 0. 0. 0. 0. 1. 0. 1. 0. 0. 0.],3.0,10000,30,0.6,10,1,3,,problem_solving
9500,0.006861180379619993,0.004723953376204706,0.4,-3.7059049766894208,[0.         0.         0.         0.         0.         0.         0.         0.         0.         0.         0.         0.         0.         0.         0.         0.         0.         0.         0.01173061 0.         0.         0.         0.         0.         0.         0.95775058 0.         0.0305188  0.         0.         0.        ],[0. 0. 0. 0. 0. 0. 0. 0. 0. 0. 0. 0. 0. 0. 0. 0. 0. 0. 1. 0. 0. 0. 0. 0. 0. 1. 0. 1. 0. 0. 0.],3.0,10000,30,0.6,10,1,3,,problem_solving
9600,0.006861180379619993,0.004723953376204706,0.4,2.3469746391253272,[0.         0.         0.         0.         0.         0.         0.         0.         0.         0.         0.         0.         0.         0.         0.         0.         0.         0.         0.01173061 0.         0.         0.         0.         0.         0.         0.95775058 0.         0.0305188  0.         0.         0.        ],[0. 0. 0. 0. 0. 0. 0. 0. 0. 0. 0. 0. 0. 0. 0. 0. 0. 0. 1. 0. 0. 0. 0. 0. 0. 1. 0. 1. 0. 0. 0.],3.0,10000,30,0.6,10,1,3,,problem_solving
9700,0.006861180379619993,0.004723953376204706,0.4,6.763558596298904,[0.         0.         0.         0.         0.         0.         0.         0.         0.         0.         0.         0.         0.         0.         0.         0.         0.         0.         0.01173061 0.         0.         0.         0.         0.         0.         0.95775058 0.         0.0305188  0.         0.         0.        ],[0. 0. 0. 0. 0. 0. 0. 0. 0. 0. 0. 0. 0. 0. 0. 0. 0. 0. 1. 0. 0. 0. 0. 0. 0. 1. 0. 1. 0. 0. 0.],3.0,10000,30,0.6,10,1,3,,problem_solving
9800,0.006861180379619993,0.004723953376204706,0.4,8.869502577495654,[0.         0.         0.         0.         0.         0.         0.         0.         0.         0.         0.         0.         0.         0.         0.         0.         0.         0.         0.01173061 0.         0.         0.         0.         0.         0.         0.95775058 0.         0.0305188  0.         0.         0.        ],[0. 0. 0. 0. 0. 0. 0. 0. 0. 0. 0. 0. 0. 0. 0. 0. 0. 0. 1. 0. 0. 0. 0. 0. 0. 1. 0. 1. 0. 0. 0.],3.0,10000,30,0.6,10,1,3,,problem_solving
9900,0.006861180379619993,0.004723953376204706,0.4,-22.284393828853858,[0.         0.         0.         0.         0.         0.         0.         0.         0.         0.         0.         0.         0.         0.         0.         0.         0.         0.         0.01173061 0.         0.         0.         0.         0.         0.         0.95775058 0.         0.0305188  0.         0.         0.        ],[0. 0. 0. 0. 0. 0. 0. 0. 0. 0. 0. 0. 0. 0. 0. 0. 0. 0. 1. 0. 0. 0. 0. 0. 0. 1. 0. 1. 0. 0. 0.],3.0,10000,30,0.6,10,1,3,,problem_solving
9999,0.006861180379619993,0.004723953376204706,0.4,2.736536909843066,[0.         0.         0.         0.         0.         0.         0.         0.         0.         0.         0.         0.         0.         0.         0.         0.         0.         0.         0.01173061 0.         0.         0.         0.         0.         0.         0.95775058 0.         0.0305188  0.         0.         0.        ],[0. 0. 0. 0. 0. 0. 0. 0. 0. 0. 0. 0. 0. 0. 0. 0. 0. 0. 1. 0. 0. 0. 0. 0. 0. 1. 0. 1. 0. 0. 0.],3.0,10000,30,0.6,10,1,3,,problem_solving
