iter,cost,return,par,move,X,Z,Q,max_iter,mem_size,mem_consider,sigma,port_n,k,seed,tag
1,0.10435317093311232,0.006513746936102662,0.4,-5.898621051813704,[0.         0.         0.         0.         0.         0.         0.         0.         0.         0.         0.         0.         0.         0.         0.         0.         0.01131981 0.01368047 0.         0.         0.         0.         0.         0.         0.         0.92013198 0.         0.01559273 0.03927501 0.         0.        ],[0. 0. 0. 0. 0. 0. 0. 0. 0. 0. 0. 0. 0. 0. 0. 0. 1. 1. 0. 0. 0. 0. 0. 0. 0. 1. 0. 1. 1. 0. 0.],5.0,10000,30,0.6,10,1,5,,problem_solving
100,0.056255987056888695,0.004472444154476123,0.4,-15.71126509929914,[0.         0.         0.         0.         0.         0.01746868 0.         0.02373571 0.         0.         0.         0.         0.         0.         0.02313733 0.01564994 0.         0.         0.         0.         0.         0.         0.         0.         0.         0.92000834 0.         0.         0.         0.         0.        ],[0. 0. 0. 0. 0. 1. 0. 1. 0. 0. 0. 0. 0. 0. 1. 1. 0. 0. 0. 0. 0. 0. 0. 0. 0. 1. 0. 0. 0. 0. 0.],5.0,10000,30,0.6,10,1,5,,problem_solving
200,0.022007765539084644,0.004679372400867422,0.4,6.371639942397208,[0.         0.         0.         0.         0.         0.02943412 0.         0.         0.         0.         0.         0.         0.         0.         0.         0.         0.         0.         0.01559273 0.01913475 0.01542002 0.         0.         0.         0.         0.92041837 0.         0.         0.         0.         0.        ],[0. 0. 0. 0. 0. 1. 0. 0. 0. 0. 0. 0. 0. 0. 0. 0. 0. 0. 1. 1. 1. 0. 0. 0. 0. 1. 0. 0. 0. 0. 0.],5.0,10000,30,0.6,10,1,5,,problem_solving
300,0.022007765539084644,0.004679372400867422,0.4,6.584210216439823,[0.         0.         0.         0.         0.         0.02943412 0.         0.         0.         0.         0.         0.         0.         0.         0.         0.         0.         0.         0.01559273 0.01913475 0.01542002 0.         0.         0.         0.         0.92041837 0.         0.         0.         0.         0.        ],[0. 0. 0. 0. 0. 1. 0. 0. 0. 0. 0. 0. 0. 0. 0. 0. 0. 0. 1. 1. 1. 0. 0. 0. 0. 1. 0. 0. 0. 0. 0.],5.0,10000,30,0.6,10,1,5,,problem_solving
400,0.022007765539084644,0.004679372400867422,0.4,-6.521946643840168,[0.         0.         0.         0.         0.         0.02943412 0.         0.         0.         0.         0.         0.         0.         0.         0.         0.         0.         0.         0.01559273 0.01913475 0.01542002 0.         0.         0.         0.         0.92041837 0.         0.         0.         0.         0.        ],[0. 0. 0. 0. 0. 1. 0. 0. 0. 0. 0. 0. 0. 0. 0. 0. 0. 0. 1. 1. 1. 0. 0. 0. 0. 1. 0. 0. 0. 0. 0.],5.0,10000,30,0.6,10,1,5,,problem_solving
500,0.022007765539084644,0.004679372400867422,0.4,8.176871130984535,[0.         0.         0.         0.         0.         0.02943412 0.         0.         0.         0.         0.         0.         0.         0.         0.         0.         0.         0.         0.01559273 0.01913475 0.01542002 0.         0.         0.         0.         0.92041837 0.         0.         0.         0.         0.        ],[0. 0. 0. 0. 0. 1. 0. 0. 0. 0. 0. 0. 0. 0. 0. 0. 0. 0. 1. 1. 1. 0. 0. 0. 0. 1. 0. 0. 0. 0. 0.],5.0,10000,30,0.6,10,1,5,,problem_solving
600,0.022007765539084644,0.004679372400867422,0.4,8.145052049629184,[0.         0.         0.         0.         0.         0.02943412 0.         0.         0.         0.         0.         0.         0.         0.         0.         0.         0.         0.         0.01559273 0.01913475 0.01542002 0.         0.         0.         0.         0.92041837 0.         0.         0.         0.         0.        ],[0. 0. 0. 0. 0. 1. 0. 0. 0. 0. 0. 0. 0. 0. 0. 0. 0. 0. 1. 1. 1. 0. 0. 0. 0. 1. 0. 0. 0. 0. 0.],5.0,10000,30,0.6,10,1,5,,problem_solving
700,0.022007765539084644,0.004679372400867422,0.4,-14.621133489320993,[0.         0.         0.         0.         0.         0.02943412 0.         0.         0.         0.         0.         0.         0.         0.         0.         0.         0.         0.         0.01559273 0.01913475 0.01542002 0.         0.         0.         0.         0.92041837 0.         0.         0.         0.         0.        ],[0. 0. 0. 0. 0. 1. 0. 0. 0. 0. 0. 0. 0. 0. 0. 0. 0. 0. 1. 1. 1. 0. 0. 0. 0. 1. 0. 0. 0. 0. 0.],5.0,10000,30,0.6,10,1,5,,problem_solving
800,0.022007765539084644,0.004679372400867422,0.4,20.403751894850664,[0.         0.         0.         0.         0.         0.02943412 0.         0.         0.         0.         0.         0.         0.         0.         0.         0.         0.         0.         0.01559273 0.01913475 0.01542002 0.         0.         0.         0.         0.92041837 0.         0.         0.         0.         0.        ],[0. 0. 0. 0. 0. 1. 0. 0. 0. 0. 0. 0. 0. 0. 0. 0. 0. 0. 1. 1. 1. 0. 0. 0. 0. 1. 0. 0. 0. 0. 0.],5.0,10000,30,0.6,10,1,5,,problem_solving
900,0.022007765539084644,0.004679372400867422,0.4,-0.8827479056394529,[0.         0.         0.         0.         0.         0.02943412 0.         0.         0.         0.         0.         0.         0.         0.         0.         0.         0.         0.         0.01559273 0.01913475 0.01542002 0.         0.         0.         0.         0.92041837 0.         0.         0.         0.         0.        ],[0. 0. 0. 0. 0. 1. 0. 0. 0. 0. 0. 0. 0. 0. 0. 0. 0. 0. 1. 1. 1. 0. 0. 0. 0. 1. 0. 0. 0. 0. 0.],5.0,10000,30,0.6,10,1,5,,problem_solving
1000,0.017293042331716392,0.004660958046740891,0.4,-4.4274616088309084,[0.         0.         0.01330438 0.         0.         0.01318741 0.         0.         0.         0.         0.         0.         0.         0.         0.         0.         0.         0.         0.01467403 0.         0.         0.01901124 0.         0.         0.         0.93982294 0.         0.         0.         0.         0.        ],[0. 0. 1. 0. 0. 1. 0. 0. 0. 0. 0. 0. 0. 0. 0. 0. 0. 0. 1. 0. 0. 1. 0. 0. 0. 1. 0. 0. 0. 0. 0.],5.0,10000,30,0.6,10,1,5,,problem_solving
1100,0.017293042331716392,0.004660958046740891,0.4,-5.695367520460518,[0.         0.         0.01330438 0.         0.         0.01318741 0.         0.         0.         0.         0.         0.         0.         0.         0.         0.         0.         0.         0.01467403 0.         0.         0.01901124 0.         0.         0.         0.93982294 0.         0.         0.         0.         0.        ],[0. 0. 1. 0. 0. 1. 0. 0. 0. 0. 0. 0. 0. 0. 0. 0. 0. 0. 1. 0. 0. 1. 0. 0. 0. 1. 0. 0. 0. 0. 0.],5.0,10000,30,0.6,10,1,5,,problem_solving
1200,0.017293042331716392,0.004660958046740891,0.4,-2.6859304251269736,[0.         0.         0.01330438 0.         0.         0.01318741 0.         0.         0.         0.         0.         0.         0.         0.         0.         0.         0.         0.         0.01467403 0.         0.         0.01901124 0.         0.         0.         0.93982294 0.         0.         0.         0.         0.        ],[0. 0. 1. 0. 0. 1. 0. 0. 0. 0. 0. 0. 0. 0. 0. 0. 0. 0. 1. 0. 0. 1. 0. 0. 0. 1. 0. 0. 0. 0. 0.],5.0,10000,30,0.6,10,1,5,,problem_solving
1300,0.017293042331716392,0.004660958046740891,0.4,-11.922039501826763,[0.         0.         0.01330438 0.         0.         0.01318741 0.         0.         0.         0.         0.         0.         0.         0.         0.         0.         0.         0.         0.01467403 0.         0.         0.01901124 0.         0.         0.         0.93982294 0.         0.         0.         0.         0.        ],[0. 0. 1. 0. 0. 1. 0. 0. 0. 0. 0. 0. 0. 0. 0. 0. 0. 0. 1. 0. 0. 1. 0. 0. 0. 1. 0. 0. 0. 0. 0.],5.0,10000,30,0.6,10,1,5,,problem_solving
1400,0.017293042331716392,0.004660958046740891,0.4,-6.769686015345818,[0.         0.         0.01330438 0.         0.         0.01318741 0.         0.         0.         0.         0.         0.         0.         0.         0.         0.         0.         0.         0.01467403 0.         0.         0.01901124 0.         0.         0.         0.93982294 0.         0.         0.         0.         0.        ],[0. 0. 1. 0. 0. 1. 0. 0. 0. 0. 0. 0. 0. 0. 0. 0. 0. 0. 1. 0. 0. 1. 0. 0. 0. 1. 0. 0. 0. 0. 0.],5.0,10000,30,0.6,10,1,5,,problem_solving
1500,0.017293042331716392,0.004660958046740891,0.4,-0.9657044197038265,[0.         0.         0.01330438 0.         0.         0.01318741 0.         0.         0.         0.         0.         0.         0.         0.         0.         0.         0.         0.         0.01467403 0.         0.         0.01901124 0.         0.         0.         0.93982294 0.         0.         0.         0.         0.        ],[0. 0. 1. 0. 0. 1. 0. 0. 0. 0. 0. 0. 0. 0. 0. 0. 0. 0. 1. 0. 0. 1. 0. 0. 0. 1. 0. 0. 0. 0. 0.],5.0,10000,30,0.6,10,1,5,,problem_solving
1600,0.017293042331716392,0.004660958046740891,0.4,-5.532103784868152,[0.         0.         0.01330438 0.         0.         0.01318741 0.         0.         0.         0.         0.         0.         0.         0.         0.         0.         0.         0.         0.01467403 0.         0.         0.01901124 0.         0.         0.         0.93982294 0.         0.         0.         0.         0.        ],[0. 0. 1. 0. 0. 1. 0. 0. 0. 0. 0. 0. 0. 0. 0. 0. 0. 0. 1. 0. 0. 1. 0. 0. 0. 1. 0. 0. 0. 0. 0.],5.0,10000,30,0.6,10,1,5,,problem_solving
1700,0.017293042331716392,0.004660958046740891,0.4,1.445138443172001,[0.         0.         0.01330438 0.         0.         0.01318741 0.         0.         0.         0.         0.         0.         0.         0.         0.         0.         0.         0.         0.01467403 0.         0.         0.01901124 0.         0.         0.         0.93982294 0.         0.         0.         0.         0.        ],[0. 0. 1. 0. 0. 1. 0. 0. 0. 0. 0. 0. 0. 0. 0. 0. 0. 0. 1. 0. 0. 1. 0. 0. 0. 1. 0. 0. 0. 0. 0.],5.0,10000,30,0.6,10,1,5,,problem_solving
1800,0.017293042331716392,0.004660958046740891,0.4,8.809952738946592,[0.         0.         0.01330438 0.         0.         0.01318741 0.         0.         0.         0.         0.         0.         0.         0.         0.         0.         0.         0.         0.01467403 0.         0.         0.01901124 0.         0.         0.         0.93982294 0.         0.         0.         0.         0.        ],[0. 0. 1. 0. 0. 1. 0. 0. 0. 0. 0. 0. 0. 0. 0. 0. 0. 0. 1. 0. 0. 1. 0. 0. 0. 1. 0. 0. 0. 0. 0.],5.0,10000,30,0.6,10,1,5,,problem_solving
1900,0.017293042331716392,0.004660958046740891,0.4,-0.5932788321703867,[0.         0.         0.01330438 0.         0.         0.01318741 0.         0.         0.         0.         0.         0.         0.         0.         0.         0.         0.         0.         0.01467403 0.         0.         0.01901124 0.         0.         0.         0.93982294 0.         0.         0.         0.         0.        ],[0. 0. 1. 0. 0. 1. 0. 0. 0. 0. 0. 0. 0. 0. 0. 0. 0. 0. 1. 0. 0. 1. 0. 0. 0. 1. 0. 0. 0. 0. 0.],5.0,10000,30,0.6,10,1,5,,problem_solving
2000,0.017293042331716392,0.004660958046740891,0.4,-3.3971072145955787,[0.         0.         0.01330438 0.         0.         0.01318741 0.         0.         0.         0.         0.         0.         0.         0.         0.         0.         0.         0.         0.01467403 0.         0.         0.01901124 0.         0.         0.         0.93982294 0.         0.         0.         0.         0.        ],[0. 0. 1. 0. 0. 1. 0. 0. 0. 0. 0. 0. 0. 0. 0. 0. 0. 0. 1. 0. 0. 1. 0. 0. 0. 1. 0. 0. 0. 0. 0.],5.0,10000,30,0.6,10,1,5,,problem_solving
2100,0.017293042331716392,0.004660958046740891,0.4,13.050689889952006,[0.         0.         0.01330438 0.         0.         0.01318741 0.         0.         0.         0.         0.         0.         0.         0.         0.         0.         0.         0.         0.01467403 0.         0.         0.01901124 0.         0.         0.         0.93982294 0.         0.         0.         0.         0.        ],[0. 0. 1. 0. 0. 1. 0. 0. 0. 0. 0. 0. 0. 0. 0. 0. 0. 0. 1. 0. 0. 1. 0. 0. 0. 1. 0. 0. 0. 0. 0.],5.0,10000,30,0.6,10,1,5,,problem_solving
2200,0.017293042331716392,0.004660958046740891,0.4,14.510297928350388,[0.         0.         0.01330438 0.         0.         0.01318741 0.         0.         0.         0.         0.         0.         0.         0.         0.         0.         0.         0.         0.01467403 0.         0.         0.01901124 0.         0.         0.         0.93982294 0.         0.         0.         0.         0.        ],[0. 0. 1. 0. 0. 1. 0. 0. 0. 0. 0. 0. 0. 0. 0. 0. 0. 0. 1. 0. 0. 1. 0. 0. 0. 1. 0. 0. 0. 0. 0.],5.0,10000,30,0.6,10,1,5,,problem_solving
2300,0.017293042331716392,0.004660958046740891,0.4,-8.679493264647746,[0.         0.         0.01330438 0.         0.         0.01318741 0.         0.         0.         0.         0.         0.         0.         0.         0.         0.         0.         0.         0.01467403 0.         0.         0.01901124 0.         0.         0.         0.93982294 0.         0.         0.         0.         0.        ],[0. 0. 1. 0. 0. 1. 0. 0. 0. 0. 0. 0. 0. 0. 0. 0. 0. 0. 1. 0. 0. 1. 0. 0. 0. 1. 0. 0. 0. 0. 0.],5.0,10000,30,0.6,10,1,5,,problem_solving
2400,0.017293042331716392,0.004660958046740891,0.4,-4.479086822195122,[0.         0.         0.01330438 0.         0.         0.01318741 0.         0.         0.         0.         0.         0.         0.         0.         0.         0.         0.         0.         0.01467403 0.         0.         0.01901124 0.         0.         0.         0.93982294 0.         0.         0.         0.         0.        ],[0. 0. 1. 0. 0. 1. 0. 0. 0. 0. 0. 0. 0. 0. 0. 0. 0. 0. 1. 0. 0. 1. 0. 0. 0. 1. 0. 0. 0. 0. 0.],5.0,10000,30,0.6,10,1,5,,problem_solving
2500,0.017293042331716392,0.004660958046740891,0.4,-18.67688174300743,[0.         0.         0.01330438 0.         0.         0.01318741 0.         0.         0.         0.         0.         0.         0.         0.         0.         0.         0.         0.         0.01467403 0.         0.         0.01901124 0.         0.         0.         0.93982294 0.         0.         0.         0.         0.        ],[0. 0. 1. 0. 0. 1. 0. 0. 0. 0. 0. 0. 0. 0. 0. 0. 0. 0. 1. 0. 0. 1. 0. 0. 0. 1. 0. 0. 0. 0. 0.],5.0,10000,30,0.6,10,1,5,,problem_solving
2600,0.017293042331716392,0.004660958046740891,0.4,4.902228422660785,[0.         0.         0.01330438 0.         0.         0.01318741 0.         0.         0.         0.         0.         0.         0.         0.         0.         0.         0.         0.         0.01467403 0.         0.         0.01901124 0.         0.         0.         0.93982294 0.         0.         0.         0.         0.        ],[0. 0. 1. 0. 0. 1. 0. 0. 0. 0. 0. 0. 0. 0. 0. 0. 0. 0. 1. 0. 0. 1. 0. 0. 0. 1. 0. 0. 0. 0. 0.],5.0,10000,30,0.6,10,1,5,,problem_solving
2700,0.017293042331716392,0.004660958046740891,0.4,-2.2909021304804633,[0.         0.         0.01330438 0.         0.         0.01318741 0.         0.         0.         0.         0.         0.         0.         0.         0.         0.         0.         0.         0.01467403 0.         0.         0.01901124 0.         0.         0.         0.93982294 0.         0.         0.         0.         0.        ],[0. 0. 1. 0. 0. 1. 0. 0. 0. 0. 0. 0. 0. 0. 0. 0. 0. 0. 1. 0. 0. 1. 0. 0. 0. 1. 0. 0. 0. 0. 0.],5.0,10000,30,0.6,10,1,5,,problem_solving
2800,0.017293042331716392,0.004660958046740891,0.4,4.754940817156364,[0.         0.         0.01330438 0.         0.         0.01318741 0.         0.         0.         0.         0.         0.         0.         0.         0.         0.         0.         0.         0.01467403 0.         0.         0.01901124 0.         0.         0.         0.93982294 0.         0.         0.         0.         0.        ],[0. 0. 1. 0. 0. 1. 0. 0. 0. 0. 0. 0. 0. 0. 0. 0. 0. 0. 1. 0. 0. 1. 0. 0. 0. 1. 0. 0. 0. 0. 0.],5.0,10000,30,0.6,10,1,5,,problem_solving
2900,0.017293042331716392,0.004660958046740891,0.4,-14.122544314309046,[0.         0.         0.01330438 0.         0.         0.01318741 0.         0.         0.         0.         0.         0.         0.         0.         0.         0.         0.         0.         0.01467403 0.         0.         0.01901124 0.         0.         0.         0.93982294 0.         0.         0.         0.         0.        ],[0. 0. 1. 0. 0. 1. 0. 0. 0. 0. 0. 0. 0. 0. 0. 0. 0. 0. 1. 0. 0. 1. 0. 0. 0. 1. 0. 0. 0. 0. 0.],5.0,10000,30,0.6,10,1,5,,problem_solving
3000,0.017293042331716392,0.004660958046740891,0.4,-5.694140239941326,[0.         0.         0.01330438 0.         0.         0.01318741 0.         0.         0.         0.         0.         0.         0.         0.         0.         0.         0.         0.         0.01467403 0.         0.         0.01901124 0.         0.         0.         0.93982294 0.         0.         0.         0.         0.        ],[0. 0. 1. 0. 0. 1. 0. 0. 0. 0. 0. 0. 0. 0. 0. 0. 0. 0. 1. 0. 0. 1. 0. 0. 0. 1. 0. 0. 0. 0. 0.],5.0,10000,30,0.6,10,1,5,,problem_solving
3100,0.017293042331716392,0.004660958046740891,0.4,6.847593754832229,[0.         0.         0.01330438 0.         0.         0.01318741 0.         0.         0.         0.         0.         0.         0.         0.         0.         0.         0.         0.         0.01467403 0.         0.         0.01901124 0.         0.         0.         0.93982294 0.         0.         0.         0.         0.        ],[0. 0. 1. 0. 0. 1. 0. 0. 0. 0. 0. 0. 0. 0. 0. 0. 0. 0. 1. 0. 0. 1. 0. 0. 0. 1. 0. 0. 0. 0. 0.],5.0,10000,30,0.6,10,1,5,,problem_solving
3200,0.017293042331716392,0.004660958046740891,0.4,7.371868548002739,[0.         0.         0.01330438 0.         0.         0.01318741 0.         0.         0.         0.         0.         0.         0.         0.         0.         0.         0.         0.         0.01467403 0.         0.         0.01901124 0.         0.         0.         0.93982294 0.         0.         0.         0.         0.        ],[0. 0. 1. 0. 0. 1. 0. 0. 0. 0. 0. 0. 0. 0. 0. 0. 0. 0. 1. 0. 0. 1. 0. 0. 0. 1. 0. 0. 0. 0. 0.],5.0,10000,30,0.6,10,1,5,,problem_solving
3300,0.017293042331716392,0.004660958046740891,0.4,-0.7961803287778713,[0.         0.         0.01330438 0.         0.         0.01318741 0.         0.         0.         0.         0.         0.         0.         0.         0.         0.         0.         0.         0.01467403 0.         0.         0.01901124 0.         0.         0.         0.93982294 0.         0.         0.         0.         0.        ],[0. 0. 1. 0. 0. 1. 0. 0. 0. 0. 0. 0. 0. 0. 0. 0. 0. 0. 1. 0. 0. 1. 0. 0. 0. 1. 0. 0. 0. 0. 0.],5.0,10000,30,0.6,10,1,5,,problem_solving
3400,0.017293042331716392,0.004660958046740891,0.4,-9.49111367268168,[0.         0.         0.01330438 0.         0.         0.01318741 0.         0.         0.         0.         0.         0.         0.         0.         0.         0.         0.         0.         0.01467403 0.         0.         0.01901124 0.         0.         0.         0.93982294 0.         0.         0.         0.         0.        ],[0. 0. 1. 0. 0. 1. 0. 0. 0. 0. 0. 0. 0. 0. 0. 0. 0. 0. 1. 0. 0. 1. 0. 0. 0. 1. 0. 0. 0. 0. 0.],5.0,10000,30,0.6,10,1,5,,problem_solving
3500,0.017293042331716392,0.004660958046740891,0.4,10.73687241517293,[0.         0.         0.01330438 0.         0.         0.01318741 0.         0.         0.         0.         0.         0.         0.         0.         0.         0.         0.         0.         0.01467403 0.         0.         0.01901124 0.         0.         0.         0.93982294 0.         0.         0.         0.         0.        ],[0. 0. 1. 0. 0. 1. 0. 0. 0. 0. 0. 0. 0. 0. 0. 0. 0. 0. 1. 0. 0. 1. 0. 0. 0. 1. 0. 0. 0. 0. 0.],5.0,10000,30,0.6,10,1,5,,problem_solving
3600,0.017293042331716392,0.004660958046740891,0.4,0.11796861325183426,[0.         0.         0.01330438 0.         0.         0.01318741 0.         0.         0.         0.         0.         0.         0.         0.         0.         0.         0.         0.         0.01467403 0.         0.         0.01901124 0.         0.         0.         0.93982294 0.         0.         0.         0.         0.        ],[0. 0. 1. 0. 0. 1. 0. 0. 0. 0. 0. 0. 0. 0. 0. 0. 0. 0. 1. 0. 0. 1. 0. 0. 0. 1. 0. 0. 0. 0. 0.],5.0,10000,30,0.6,10,1,5,,problem_solving
3700,0.017293042331716392,0.004660958046740891,0.4,-6.4810662075330505,[0.         0.         0.01330438 0.         0.         0.01318741 0.         0.         0.         0.         0.         0.         0.         0.         0.         0.         0.         0.         0.01467403 0.         0.         0.01901124 0.         0.         0.         0.93982294 0.         0.         0.         0.         0.        ],[0. 0. 1. 0. 0. 1. 0. 0. 0. 0. 0. 0. 0. 0. 0. 0. 0. 0. 1. 0. 0. 1. 0. 0. 0. 1. 0. 0. 0. 0. 0.],5.0,10000,30,0.6,10,1,5,,problem_solving
3800,0.017293042331716392,0.004660958046740891,0.4,-9.482935498135252,[0.         0.         0.01330438 0.         0.         0.01318741 0.         0.         0.         0.         0.         0.         0.         0.         0.         0.         0.         0.         0.01467403 0.         0.         0.01901124 0.         0.         0.         0.93982294 0.         0.         0.         0.         0.        ],[0. 0. 1. 0. 0. 1. 0. 0. 0. 0. 0. 0. 0. 0. 0. 0. 0. 0. 1. 0. 0. 1. 0. 0. 0. 1. 0. 0. 0. 0. 0.],5.0,10000,30,0.6,10,1,5,,problem_solving
3900,0.017293042331716392,0.004660958046740891,0.4,15.914596646118216,[0.         0.         0.01330438 0.         0.         0.01318741 0.         0.         0.         0.         0.         0.         0.         0.         0.         0.         0.         0.         0.01467403 0.         0.         0.01901124 0.         0.         0.         0.93982294 0.         0.         0.         0.         0.        ],[0. 0. 1. 0. 0. 1. 0. 0. 0. 0. 0. 0. 0. 0. 0. 0. 0. 0. 1. 0. 0. 1. 0. 0. 0. 1. 0. 0. 0. 0. 0.],5.0,10000,30,0.6,10,1,5,,problem_solving
4000,0.017293042331716392,0.004660958046740891,0.4,0.21370275502537817,[0.         0.         0.01330438 0.         0.         0.01318741 0.         0.         0.         0.         0.         0.         0.         0.         0.         0.         0.         0.         0.01467403 0.         0.         0.01901124 0.         0.         0.         0.93982294 0.         0.         0.         0.         0.        ],[0. 0. 1. 0. 0. 1. 0. 0. 0. 0. 0. 0. 0. 0. 0. 0. 0. 0. 1. 0. 0. 1. 0. 0. 0. 1. 0. 0. 0. 0. 0.],5.0,10000,30,0.6,10,1,5,,problem_solving
4100,0.017293042331716392,0.004660958046740891,0.4,3.282711679428888,[0.         0.         0.01330438 0.         0.         0.01318741 0.         0.         0.         0.         0.         0.         0.         0.         0.         0.         0.         0.         0.01467403 0.         0.         0.01901124 0.         0.         0.         0.93982294 0.         0.         0.         0.         0.        ],[0. 0. 1. 0. 0. 1. 0. 0. 0. 0. 0. 0. 0. 0. 0. 0. 0. 0. 1. 0. 0. 1. 0. 0. 0. 1. 0. 0. 0. 0. 0.],5.0,10000,30,0.6,10,1,5,,problem_solving
4200,0.017293042331716392,0.004660958046740891,0.4,-14.466228160802935,[0.         0.         0.01330438 0.         0.         0.01318741 0.         0.         0.         0.         0.         0.         0.         0.         0.         0.         0.         0.         0.01467403 0.         0.         0.01901124 0.         0.         0.         0.93982294 0.         0.         0.         0.         0.        ],[0. 0. 1. 0. 0. 1. 0. 0. 0. 0. 0. 0. 0. 0. 0. 0. 0. 0. 1. 0. 0. 1. 0. 0. 0. 1. 0. 0. 0. 0. 0.],5.0,10000,30,0.6,10,1,5,,problem_solving
4300,0.017293042331716392,0.004660958046740891,0.4,0.7092378214865046,[0.         0.         0.01330438 0.         0.         0.01318741 0.         0.         0.         0.         0.         0.         0.         0.         0.         0.         0.         0.         0.01467403 0.         0.         0.01901124 0.         0.         0.         0.93982294 0.         0.         0.         0.         0.        ],[0. 0. 1. 0. 0. 1. 0. 0. 0. 0. 0. 0. 0. 0. 0. 0. 0. 0. 1. 0. 0. 1. 0. 0. 0. 1. 0. 0. 0. 0. 0.],5.0,10000,30,0.6,10,1,5,,problem_solving
4400,0.017293042331716392,0.004660958046740891,0.4,-4.67580835114222,[0.         0.         0.01330438 0.         0.         0.01318741 0.         0.         0.         0.         0.         0.         0.         0.         0.         0.         0.         0.         0.01467403 0.         0.         0.01901124 0.         0.         0.         0.93982294 0.         0.         0.         0.         0.        ],[0. 0. 1. 0. 0. 1. 0. 0. 0. 0. 0. 0. 0. 0. 0. 0. 0. 0. 1. 0. 0. 1. 0. 0. 0. 1. 0. 0. 0. 0. 0.],5.0,10000,30,0.6,10,1,5,,problem_solving
4500,0.017293042331716392,0.004660958046740891,0.4,12.065837752925418,[0.         0.         0.01330438 0.         0.         0.01318741 0.         0.         0.         0.         0.         0.         0.         0.         0.         0.         0.         0.         0.01467403 0.         0.         0.01901124 0.         0.         0.         0.93982294 0.         0.         0.         0.         0.        ],[0. 0. 1. 0. 0. 1. 0. 0. 0. 0. 0. 0. 0. 0. 0. 0. 0. 0. 1. 0. 0. 1. 0. 0. 0. 1. 0. 0. 0. 0. 0.],5.0,10000,30,0.6,10,1,5,,problem_solving
4600,0.017293042331716392,0.004660958046740891,0.4,-14.358389866833503,[0.         0.         0.01330438 0.         0.         0.01318741 0.         0.         0.         0.         0.         0.         0.         0.         0.         0.         0.         0.         0.01467403 0.         0.         0.01901124 0.         0.         0.         0.93982294 0.         0.         0.         0.         0.        ],[0. 0. 1. 0. 0. 1. 0. 0. 0. 0. 0. 0. 0. 0. 0. 0. 0. 0. 1. 0. 0. 1. 0. 0. 0. 1. 0. 0. 0. 0. 0.],5.0,10000,30,0.6,10,1,5,,problem_solving
4700,0.017293042331716392,0.004660958046740891,0.4,-11.512965730485792,[0.         0.         0.01330438 0.         0.         0.01318741 0.         0.         0.         0.         0.         0.         0.         0.         0.         0.         0.         0.         0.01467403 0.         0.         0.01901124 0.         0.         0.         0.93982294 0.         0.         0.         0.         0.        ],[0. 0. 1. 0. 0. 1. 0. 0. 0. 0. 0. 0. 0. 0. 0. 0. 0. 0. 1. 0. 0. 1. 0. 0. 0. 1. 0. 0. 0. 0. 0.],5.0,10000,30,0.6,10,1,5,,problem_solving
4800,0.017293042331716392,0.004660958046740891,0.4,0.11634943405318095,[0.         0.         0.01330438 0.         0.         0.01318741 0.         0.         0.         0.         0.         0.         0.         0.         0.         0.         0.         0.         0.01467403 0.         0.         0.01901124 0.         0.         0.         0.93982294 0.         0.         0.         0.         0.        ],[0. 0. 1. 0. 0. 1. 0. 0. 0. 0. 0. 0. 0. 0. 0. 0. 0. 0. 1. 0. 0. 1. 0. 0. 0. 1. 0. 0. 0. 0. 0.],5.0,10000,30,0.6,10,1,5,,problem_solving
4900,0.017293042331716392,0.004660958046740891,0.4,-2.2647011997394326,[0.         0.         0.01330438 0.         0.         0.01318741 0.         0.         0.         0.         0.         0.         0.         0.         0.         0.         0.         0.         0.01467403 0.         0.         0.01901124 0.         0.         0.         0.93982294 0.         0.         0.         0.         0.        ],[0. 0. 1. 0. 0. 1. 0. 0. 0. 0. 0. 0. 0. 0. 0. 0. 0. 0. 1. 0. 0. 1. 0. 0. 0. 1. 0. 0. 0. 0. 0.],5.0,10000,30,0.6,10,1,5,,problem_solving
5000,0.017293042331716392,0.004660958046740891,0.4,-1.9645987669408367,[0.         0.         0.01330438 0.         0.         0.01318741 0.         0.         0.         0.         0.         0.         0.         0.         0.         0.         0.         0.         0.01467403 0.         0.         0.01901124 0.         0.         0.         0.93982294 0.         0.         0.         0.         0.        ],[0. 0. 1. 0. 0. 1. 0. 0. 0. 0. 0. 0. 0. 0. 0. 0. 0. 0. 1. 0. 0. 1. 0. 0. 0. 1. 0. 0. 0. 0. 0.],5.0,10000,30,0.6,10,1,5,,problem_solving
5100,0.017293042331716392,0.004660958046740891,0.4,17.39183077207491,[0.         0.         0.01330438 0.         0.         0.01318741 0.         0.         0.         0.         0.         0.         0.         0.         0.         0.         0.         0.         0.01467403 0.         0.         0.01901124 0.         0.         0.         0.93982294 0.         0.         0.         0.         0.        ],[0. 0. 1. 0. 0. 1. 0. 0. 0. 0. 0. 0. 0. 0. 0. 0. 0. 0. 1. 0. 0. 1. 0. 0. 0. 1. 0. 0. 0. 0. 0.],5.0,10000,30,0.6,10,1,5,,problem_solving
5200,0.017293042331716392,0.004660958046740891,0.4,-11.758393120615702,[0.         0.         0.01330438 0.         0.         0.01318741 0.         0.         0.         0.         0.         0.         0.         0.         0.         0.         0.         0.         0.01467403 0.         0.         0.01901124 0.         0.         0.         0.93982294 0.         0.         0.         0.         0.        ],[0. 0. 1. 0. 0. 1. 0. 0. 0. 0. 0. 0. 0. 0. 0. 0. 0. 0. 1. 0. 0. 1. 0. 0. 0. 1. 0. 0. 0. 0. 0.],5.0,10000,30,0.6,10,1,5,,problem_solving
5300,0.017293042331716392,0.004660958046740891,0.4,25.54270170691677,[0.         0.         0.01330438 0.         0.         0.01318741 0.         0.         0.         0.         0.         0.         0.         0.         0.         0.         0.         0.         0.01467403 0.         0.         0.01901124 0.         0.         0.         0.93982294 0.         0.         0.         0.         0.        ],[0. 0. 1. 0. 0. 1. 0. 0. 0. 0. 0. 0. 0. 0. 0. 0. 0. 0. 1. 0. 0. 1. 0. 0. 0. 1. 0. 0. 0. 0. 0.],5.0,10000,30,0.6,10,1,5,,problem_solving
5400,0.017293042331716392,0.004660958046740891,0.4,18.276911349673277,[0.         0.         0.01330438 0.         0.         0.01318741 0.         0.         0.         0.         0.         0.         0.         0.         0.         0.         0.         0.         0.01467403 0.         0.         0.01901124 0.         0.         0.         0.93982294 0.         0.         0.         0.         0.        ],[0. 0. 1. 0. 0. 1. 0. 0. 0. 0. 0. 0. 0. 0. 0. 0. 0. 0. 1. 0. 0. 1. 0. 0. 0. 1. 0. 0. 0. 0. 0.],5.0,10000,30,0.6,10,1,5,,problem_solving
5500,0.017293042331716392,0.004660958046740891,0.4,-3.7958420126878094,[0.         0.         0.01330438 0.         0.         0.01318741 0.         0.         0.         0.         0.         0.         0.         0.         0.         0.         0.         0.         0.01467403 0.         0.         0.01901124 0.         0.         0.         0.93982294 0.         0.         0.         0.         0.        ],[0. 0. 1. 0. 0. 1. 0. 0. 0. 0. 0. 0. 0. 0. 0. 0. 0. 0. 1. 0. 0. 1. 0. 0. 0. 1. 0. 0. 0. 0. 0.],5.0,10000,30,0.6,10,1,5,,problem_solving
5600,0.017293042331716392,0.004660958046740891,0.4,-14.111255437730026,[0.         0.         0.01330438 0.         0.         0.01318741 0.         0.         0.         0.         0.         0.         0.         0.         0.         0.         0.         0.         0.01467403 0.         0.         0.01901124 0.         0.         0.         0.93982294 0.         0.         0.         0.         0.        ],[0. 0. 1. 0. 0. 1. 0. 0. 0. 0. 0. 0. 0. 0. 0. 0. 0. 0. 1. 0. 0. 1. 0. 0. 0. 1. 0. 0. 0. 0. 0.],5.0,10000,30,0.6,10,1,5,,problem_solving
5700,0.017293042331716392,0.004660958046740891,0.4,7.9395840341702995,[0.         0.         0.01330438 0.         0.         0.01318741 0.         0.         0.         0.         0.         0.         0.         0.         0.         0.         0.         0.         0.01467403 0.         0.         0.01901124 0.         0.         0.         0.93982294 0.         0.         0.         0.         0.        ],[0. 0. 1. 0. 0. 1. 0. 0. 0. 0. 0. 0. 0. 0. 0. 0. 0. 0. 1. 0. 0. 1. 0. 0. 0. 1. 0. 0. 0. 0. 0.],5.0,10000,30,0.6,10,1,5,,problem_solving
5800,0.017293042331716392,0.004660958046740891,0.4,0.8140088830460737,[0.         0.         0.01330438 0.         0.         0.01318741 0.         0.         0.         0.         0.         0.         0.         0.         0.         0.         0.         0.         0.01467403 0.         0.         0.01901124 0.         0.         0.         0.93982294 0.         0.         0.         0.         0.        ],[0. 0. 1. 0. 0. 1. 0. 0. 0. 0. 0. 0. 0. 0. 0. 0. 0. 0. 1. 0. 0. 1. 0. 0. 0. 1. 0. 0. 0. 0. 0.],5.0,10000,30,0.6,10,1,5,,problem_solving
5900,0.017293042331716392,0.004660958046740891,0.4,11.236330289899655,[0.         0.         0.01330438 0.         0.         0.01318741 0.         0.         0.         0.         0.         0.         0.         0.         0.         0.         0.         0.         0.01467403 0.         0.         0.01901124 0.         0.         0.         0.93982294 0.         0.         0.         0.         0.        ],[0. 0. 1. 0. 0. 1. 0. 0. 0. 0. 0. 0. 0. 0. 0. 0. 0. 0. 1. 0. 0. 1. 0. 0. 0. 1. 0. 0. 0. 0. 0.],5.0,10000,30,0.6,10,1,5,,problem_solving
6000,0.017293042331716392,0.004660958046740891,0.4,-10.528691869901749,[0.         0.         0.01330438 0.         0.         0.01318741 0.         0.         0.         0.         0.         0.         0.         0.         0.         0.         0.         0.         0.01467403 0.         0.         0.01901124 0.         0.         0.         0.93982294 0.         0.         0.         0.         0.        ],[0. 0. 1. 0. 0. 1. 0. 0. 0. 0. 0. 0. 0. 0. 0. 0. 0. 0. 1. 0. 0. 1. 0. 0. 0. 1. 0. 0. 0. 0. 0.],5.0,10000,30,0.6,10,1,5,,problem_solving
6100,0.017293042331716392,0.004660958046740891,0.4,-2.8263718983523987,[0.         0.         0.01330438 0.         0.         0.01318741 0.         0.         0.         0.         0.         0.         0.         0.         0.         0.         0.         0.         0.01467403 0.         0.         0.01901124 0.         0.         0.         0.93982294 0.         0.         0.         0.         0.        ],[0. 0. 1. 0. 0. 1. 0. 0. 0. 0. 0. 0. 0. 0. 0. 0. 0. 0. 1. 0. 0. 1. 0. 0. 0. 1. 0. 0. 0. 0. 0.],5.0,10000,30,0.6,10,1,5,,problem_solving
6200,0.017293042331716392,0.004660958046740891,0.4,-10.487649984072592,[0.         0.         0.01330438 0.         0.         0.01318741 0.         0.         0.         0.         0.         0.         0.         0.         0.         0.         0.         0.         0.01467403 0.         0.         0.01901124 0.         0.         0.         0.93982294 0.         0.         0.         0.         0.        ],[0. 0. 1. 0. 0. 1. 0. 0. 0. 0. 0. 0. 0. 0. 0. 0. 0. 0. 1. 0. 0. 1. 0. 0. 0. 1. 0. 0. 0. 0. 0.],5.0,10000,30,0.6,10,1,5,,problem_solving
6300,0.017293042331716392,0.004660958046740891,0.4,-1.2403818474456771,[0.         0.         0.01330438 0.         0.         0.01318741 0.         0.         0.         0.         0.         0.         0.         0.         0.         0.         0.         0.         0.01467403 0.         0.         0.01901124 0.         0.         0.         0.93982294 0.         0.         0.         0.         0.        ],[0. 0. 1. 0. 0. 1. 0. 0. 0. 0. 0. 0. 0. 0. 0. 0. 0. 0. 1. 0. 0. 1. 0. 0. 0. 1. 0. 0. 0. 0. 0.],5.0,10000,30,0.6,10,1,5,,problem_solving
6400,0.017144191014389475,0.0025002826672971107,0.4,-27.345727770827416,[0.         0.         0.         0.         0.         0.         0.         0.         0.01127778 0.         0.         0.         0.         0.         0.         0.         0.         0.         0.         0.         0.01143137 0.         0.         0.         0.01877658 0.03978518 0.         0.91872909 0.         0.         0.        ],[0. 0. 0. 0. 0. 0. 0. 0. 1. 0. 0. 0. 0. 0. 0. 0. 0. 0. 0. 0. 1. 0. 0. 0. 1. 1. 0. 1. 0. 0. 0.],5.0,10000,30,0.6,10,1,5,,problem_solving
6500,0.017144191014389475,0.0025002826672971107,0.4,18.73173216754868,[0.         0.         0.         0.         0.         0.         0.         0.         0.01127778 0.         0.         0.         0.         0.         0.         0.         0.         0.         0.         0.         0.01143137 0.         0.         0.         0.01877658 0.03978518 0.         0.91872909 0.         0.         0.        ],[0. 0. 0. 0. 0. 0. 0. 0. 1. 0. 0. 0. 0. 0. 0. 0. 0. 0. 0. 0. 1. 0. 0. 0. 1. 1. 0. 1. 0. 0. 0.],5.0,10000,30,0.6,10,1,5,,problem_solving
6600,0.017144191014389475,0.0025002826672971107,0.4,8.51631043892517,[0.         0.         0.         0.         0.         0.         0.         0.         0.01127778 0.         0.         0.         0.         0.         0.         0.         0.         0.         0.         0.         0.01143137 0.         0.         0.         0.01877658 0.03978518 0.         0.91872909 0.         0.         0.        ],[0. 0. 0. 0. 0. 0. 0. 0. 1. 0. 0. 0. 0. 0. 0. 0. 0. 0. 0. 0. 1. 0. 0. 0. 1. 1. 0. 1. 0. 0. 0.],5.0,10000,30,0.6,10,1,5,,problem_solving
6700,0.017144191014389475,0.0025002826672971107,0.4,-12.176050013737491,[0.         0.         0.         0.         0.         0.         0.         0.         0.01127778 0.         0.         0.         0.         0.         0.         0.         0.         0.         0.         0.         0.01143137 0.         0.         0.         0.01877658 0.03978518 0.         0.91872909 0.         0.         0.        ],[0. 0. 0. 0. 0. 0. 0. 0. 1. 0. 0. 0. 0. 0. 0. 0. 0. 0. 0. 0. 1. 0. 0. 0. 1. 1. 0. 1. 0. 0. 0.],5.0,10000,30,0.6,10,1,5,,problem_solving
6800,0.017144191014389475,0.0025002826672971107,0.4,0.1116649680092218,[0.         0.         0.         0.         0.         0.         0.         0.         0.01127778 0.         0.         0.         0.         0.         0.         0.         0.         0.         0.         0.         0.01143137 0.         0.         0.         0.01877658 0.03978518 0.         0.91872909 0.         0.         0.        ],[0. 0. 0. 0. 0. 0. 0. 0. 1. 0. 0. 0. 0. 0. 0. 0. 0. 0. 0. 0. 1. 0. 0. 0. 1. 1. 0. 1. 0. 0. 0.],5.0,10000,30,0.6,10,1,5,,problem_solving
6900,0.017144191014389475,0.0025002826672971107,0.4,-10.786737853279496,[0.         0.         0.         0.         0.         0.         0.         0.         0.01127778 0.         0.         0.         0.         0.         0.         0.         0.         0.         0.         0.         0.01143137 0.         0.         0.         0.01877658 0.03978518 0.         0.91872909 0.         0.         0.        ],[0. 0. 0. 0. 0. 0. 0. 0. 1. 0. 0. 0. 0. 0. 0. 0. 0. 0. 0. 0. 1. 0. 0. 0. 1. 1. 0. 1. 0. 0. 0.],5.0,10000,30,0.6,10,1,5,,problem_solving
7000,0.017144191014389475,0.0025002826672971107,0.4,-9.165404754001752,[0.         0.         0.         0.         0.         0.         0.         0.         0.01127778 0.         0.         0.         0.         0.         0.         0.         0.         0.         0.         0.         0.01143137 0.         0.         0.         0.01877658 0.03978518 0.         0.91872909 0.         0.         0.        ],[0. 0. 0. 0. 0. 0. 0. 0. 1. 0. 0. 0. 0. 0. 0. 0. 0. 0. 0. 0. 1. 0. 0. 0. 1. 1. 0. 1. 0. 0. 0.],5.0,10000,30,0.6,10,1,5,,problem_solving
7100,0.017144191014389475,0.0025002826672971107,0.4,-4.17549570677014,[0.         0.         0.         0.         0.         0.         0.         0.         0.01127778 0.         0.         0.         0.         0.         0.         0.         0.         0.         0.         0.         0.01143137 0.         0.         0.         0.01877658 0.03978518 0.         0.91872909 0.         0.         0.        ],[0. 0. 0. 0. 0. 0. 0. 0. 1. 0. 0. 0. 0. 0. 0. 0. 0. 0. 0. 0. 1. 0. 0. 0. 1. 1. 0. 1. 0. 0. 0.],5.0,10000,30,0.6,10,1,5,,problem_solving
7200,0.017144191014389475,0.0025002826672971107,0.4,-7.890779906992972,[0.         0.         0.         0.         0.         0.         0.         0.         0.01127778 0.         0.         0.         0.         0.         0.         0.         0.         0.         0.         0.         0.01143137 0.         0.         0.         0.01877658 0.03978518 0.         0.91872909 0.         0.         0.        ],[0. 0. 0. 0. 0. 0. 0. 0. 1. 0. 0. 0. 0. 0. 0. 0. 0. 0. 0. 0. 1. 0. 0. 0. 1. 1. 0. 1. 0. 0. 0.],5.0,10000,30,0.6,10,1,5,,problem_solving
7300,0.017144191014389475,0.0025002826672971107,0.4,-3.822924258188445,[0.         0.         0.         0.         0.         0.         0.         0.         0.01127778 0.         0.         0.         0.         0.         0.         0.         0.         0.         0.         0.         0.01143137 0.         0.         0.         0.01877658 0.03978518 0.         0.91872909 0.         0.         0.        ],[0. 0. 0. 0. 0. 0. 0. 0. 1. 0. 0. 0. 0. 0. 0. 0. 0. 0. 0. 0. 1. 0. 0. 0. 1. 1. 0. 1. 0. 0. 0.],5.0,10000,30,0.6,10,1,5,,problem_solving
7400,0.017144191014389475,0.0025002826672971107,0.4,-4.9563480259734325,[0.         0.         0.         0.         0.         0.         0.         0.         0.01127778 0.         0.         0.         0.         0.         0.         0.         0.         0.         0.         0.         0.01143137 0.         0.         0.         0.01877658 0.03978518 0.         0.91872909 0.         0.         0.        ],[0. 0. 0. 0. 0. 0. 0. 0. 1. 0. 0. 0. 0. 0. 0. 0. 0. 0. 0. 0. 1. 0. 0. 0. 1. 1. 0. 1. 0. 0. 0.],5.0,10000,30,0.6,10,1,5,,problem_solving
7500,0.017144191014389475,0.0025002826672971107,0.4,-7.723948657561662,[0.         0.         0.         0.         0.         0.         0.         0.         0.01127778 0.         0.         0.         0.         0.         0.         0.         0.         0.         0.         0.         0.01143137 0.         0.         0.         0.01877658 0.03978518 0.         0.91872909 0.         0.         0.        ],[0. 0. 0. 0. 0. 0. 0. 0. 1. 0. 0. 0. 0. 0. 0. 0. 0. 0. 0. 0. 1. 0. 0. 0. 1. 1. 0. 1. 0. 0. 0.],5.0,10000,30,0.6,10,1,5,,problem_solving
7600,0.014194843028418152,0.0047267777006687346,0.4,10.19188375327159,[0.         0.         0.         0.01154173 0.         0.01104176 0.         0.01225869 0.         0.         0.         0.         0.         0.         0.         0.         0.         0.         0.         0.         0.         0.         0.         0.         0.         0.9539301  0.         0.         0.         0.01122772 0.        ],[0. 0. 0. 1. 0. 1. 0. 1. 0. 0. 0. 0. 0. 0. 0. 0. 0. 0. 0. 0. 0. 0. 0. 0. 0. 1. 0. 0. 0. 1. 0.],5.0,10000,30,0.6,10,1,5,,problem_solving
7700,0.014194843028418152,0.0047267777006687346,0.4,0.6901875321764662,[0.         0.         0.         0.01154173 0.         0.01104176 0.         0.01225869 0.         0.         0.         0.         0.         0.         0.         0.         0.         0.         0.         0.         0.         0.         0.         0.         0.         0.9539301  0.         0.         0.         0.01122772 0.        ],[0. 0. 0. 1. 0. 1. 0. 1. 0. 0. 0. 0. 0. 0. 0. 0. 0. 0. 0. 0. 0. 0. 0. 0. 0. 1. 0. 0. 0. 1. 0.],5.0,10000,30,0.6,10,1,5,,problem_solving
7800,0.014194843028418152,0.0047267777006687346,0.4,3.7498838086638866,[0.         0.         0.         0.01154173 0.         0.01104176 0.         0.01225869 0.         0.         0.         0.         0.         0.         0.         0.         0.         0.         0.         0.         0.         0.         0.         0.         0.         0.9539301  0.         0.         0.         0.01122772 0.        ],[0. 0. 0. 1. 0. 1. 0. 1. 0. 0. 0. 0. 0. 0. 0. 0. 0. 0. 0. 0. 0. 0. 0. 0. 0. 1. 0. 0. 0. 1. 0.],5.0,10000,30,0.6,10,1,5,,problem_solving
7900,0.014194843028418152,0.0047267777006687346,0.4,12.417420891161168,[0.         0.         0.         0.01154173 0.         0.01104176 0.         0.01225869 0.         0.         0.         0.         0.         0.         0.         0.         0.         0.         0.         0.         0.         0.         0.         0.         0.         0.9539301  0.         0.         0.         0.01122772 0.        ],[0. 0. 0. 1. 0. 1. 0. 1. 0. 0. 0. 0. 0. 0. 0. 0. 0. 0. 0. 0. 0. 0. 0. 0. 0. 1. 0. 0. 0. 1. 0.],5.0,10000,30,0.6,10,1,5,,problem_solving
8000,0.014194843028418152,0.0047267777006687346,0.4,-1.1838979550726805,[0.         0.         0.         0.01154173 0.         0.01104176 0.         0.01225869 0.         0.         0.         0.         0.         0.         0.         0.         0.         0.         0.         0.         0.         0.         0.         0.         0.         0.9539301  0.         0.         0.         0.01122772 0.        ],[0. 0. 0. 1. 0. 1. 0. 1. 0. 0. 0. 0. 0. 0. 0. 0. 0. 0. 0. 0. 0. 0. 0. 0. 0. 1. 0. 0. 0. 1. 0.],5.0,10000,30,0.6,10,1,5,,problem_solving
8100,0.014194843028418152,0.0047267777006687346,0.4,-5.894722243458087,[0.         0.         0.         0.01154173 0.         0.01104176 0.         0.01225869 0.         0.         0.         0.         0.         0.         0.         0.         0.         0.         0.         0.         0.         0.         0.         0.         0.         0.9539301  0.         0.         0.         0.01122772 0.        ],[0. 0. 0. 1. 0. 1. 0. 1. 0. 0. 0. 0. 0. 0. 0. 0. 0. 0. 0. 0. 0. 0. 0. 0. 0. 1. 0. 0. 0. 1. 0.],5.0,10000,30,0.6,10,1,5,,problem_solving
8200,0.014194843028418152,0.0047267777006687346,0.4,-4.1626826676256625,[0.         0.         0.         0.01154173 0.         0.01104176 0.         0.01225869 0.         0.         0.         0.         0.         0.         0.         0.         0.         0.         0.         0.         0.         0.         0.         0.         0.         0.9539301  0.         0.         0.         0.01122772 0.        ],[0. 0. 0. 1. 0. 1. 0. 1. 0. 0. 0. 0. 0. 0. 0. 0. 0. 0. 0. 0. 0. 0. 0. 0. 0. 1. 0. 0. 0. 1. 0.],5.0,10000,30,0.6,10,1,5,,problem_solving
8300,0.014194843028418152,0.0047267777006687346,0.4,-14.256987104319467,[0.         0.         0.         0.01154173 0.         0.01104176 0.         0.01225869 0.         0.         0.         0.         0.         0.         0.         0.         0.         0.         0.         0.         0.         0.         0.         0.         0.         0.9539301  0.         0.         0.         0.01122772 0.        ],[0. 0. 0. 1. 0. 1. 0. 1. 0. 0. 0. 0. 0. 0. 0. 0. 0. 0. 0. 0. 0. 0. 0. 0. 0. 1. 0. 0. 0. 1. 0.],5.0,10000,30,0.6,10,1,5,,problem_solving
8400,0.014194843028418152,0.0047267777006687346,0.4,-13.188296727409965,[0.         0.         0.         0.01154173 0.         0.01104176 0.         0.01225869 0.         0.         0.         0.         0.         0.         0.         0.         0.         0.         0.         0.         0.         0.         0.         0.         0.         0.9539301  0.         0.         0.         0.01122772 0.        ],[0. 0. 0. 1. 0. 1. 0. 1. 0. 0. 0. 0. 0. 0. 0. 0. 0. 0. 0. 0. 0. 0. 0. 0. 0. 1. 0. 0. 0. 1. 0.],5.0,10000,30,0.6,10,1,5,,problem_solving
8500,0.014194843028418152,0.0047267777006687346,0.4,-14.150043235175072,[0.         0.         0.         0.01154173 0.         0.01104176 0.         0.01225869 0.         0.         0.         0.         0.         0.         0.         0.         0.         0.         0.         0.         0.         0.         0.         0.         0.         0.9539301  0.         0.         0.         0.01122772 0.        ],[0. 0. 0. 1. 0. 1. 0. 1. 0. 0. 0. 0. 0. 0. 0. 0. 0. 0. 0. 0. 0. 0. 0. 0. 0. 1. 0. 0. 0. 1. 0.],5.0,10000,30,0.6,10,1,5,,problem_solving
8600,0.014194843028418152,0.0047267777006687346,0.4,-9.598555738368336,[0.         0.         0.         0.01154173 0.         0.01104176 0.         0.01225869 0.         0.         0.         0.         0.         0.         0.         0.         0.         0.         0.         0.         0.         0.         0.         0.         0.         0.9539301  0.         0.         0.         0.01122772 0.        ],[0. 0. 0. 1. 0. 1. 0. 1. 0. 0. 0. 0. 0. 0. 0. 0. 0. 0. 0. 0. 0. 0. 0. 0. 0. 1. 0. 0. 0. 1. 0.],5.0,10000,30,0.6,10,1,5,,problem_solving
8700,0.014194843028418152,0.0047267777006687346,0.4,7.469888458174969,[0.         0.         0.         0.01154173 0.         0.01104176 0.         0.01225869 0.         0.         0.         0.         0.         0.         0.         0.         0.         0.         0.         0.         0.         0.         0.         0.         0.         0.9539301  0.         0.         0.         0.01122772 0.        ],[0. 0. 0. 1. 0. 1. 0. 1. 0. 0. 0. 0. 0. 0. 0. 0. 0. 0. 0. 0. 0. 0. 0. 0. 0. 1. 0. 0. 0. 1. 0.],5.0,10000,30,0.6,10,1,5,,problem_solving
8800,0.014194843028418152,0.0047267777006687346,0.4,-2.9818382702979633,[0.         0.         0.         0.01154173 0.         0.01104176 0.         0.01225869 0.         0.         0.         0.         0.         0.         0.         0.         0.         0.         0.         0.         0.         0.         0.         0.         0.         0.9539301  0.         0.         0.         0.01122772 0.        ],[0. 0. 0. 1. 0. 1. 0. 1. 0. 0. 0. 0. 0. 0. 0. 0. 0. 0. 0. 0. 0. 0. 0. 0. 0. 1. 0. 0. 0. 1. 0.],5.0,10000,30,0.6,10,1,5,,problem_solving
8900,0.014194843028418152,0.0047267777006687346,0.4,-0.8860569530025518,[0.         0.         0.         0.01154173 0.         0.01104176 0.         0.01225869 0.         0.         0.         0.         0.         0.         0.         0.         0.         0.         0.         0.         0.         0.         0.         0.         0.         0.9539301  0.         0.         0.         0.01122772 0.        ],[0. 0. 0. 1. 0. 1. 0. 1. 0. 0. 0. 0. 0. 0. 0. 0. 0. 0. 0. 0. 0. 0. 0. 0. 0. 1. 0. 0. 0. 1. 0.],5.0,10000,30,0.6,10,1,5,,problem_solving
9000,0.014194843028418152,0.0047267777006687346,0.4,-5.199881293396746,[0.         0.         0.         0.01154173 0.         0.01104176 0.         0.01225869 0.         0.         0.         0.         0.         0.         0.         0.         0.         0.         0.         0.         0.         0.         0.         0.         0.         0.9539301  0.         0.         0.         0.01122772 0.        ],[0. 0. 0. 1. 0. 1. 0. 1. 0. 0. 0. 0. 0. 0. 0. 0. 0. 0. 0. 0. 0. 0. 0. 0. 0. 1. 0. 0. 0. 1. 0.],5.0,10000,30,0.6,10,1,5,,problem_solving
9100,0.014194843028418152,0.0047267777006687346,0.4,-8.452643198860496,[0.         0.         0.         0.01154173 0.         0.01104176 0.         0.01225869 0.         0.         0.         0.         0.         0.         0.         0.         0.         0.         0.         0.         0.         0.         0.         0.         0.         0.9539301  0.         0.         0.         0.01122772 0.        ],[0. 0. 0. 1. 0. 1. 0. 1. 0. 0. 0. 0. 0. 0. 0. 0. 0. 0. 0. 0. 0. 0. 0. 0. 0. 1. 0. 0. 0. 1. 0.],5.0,10000,30,0.6,10,1,5,,problem_solving
9200,0.014194843028418152,0.0047267777006687346,0.4,-6.3192455281140685,[0.         0.         0.         0.01154173 0.         0.01104176 0.         0.01225869 0.         0.         0.         0.         0.         0.         0.         0.         0.         0.         0.         0.         0.         0.         0.         0.         0.         0.9539301  0.         0.         0.         0.01122772 0.        ],[0. 0. 0. 1. 0. 1. 0. 1. 0. 0. 0. 0. 0. 0. 0. 0. 0. 0. 0. 0. 0. 0. 0. 0. 0. 1. 0. 0. 0. 1. 0.],5.0,10000,30,0.6,10,1,5,,problem_solving
9300,0.014194843028418152,0.0047267777006687346,0.4,-8.916370636325938,[0.         0.         0.         0.01154173 0.         0.01104176 0.         0.01225869 0.         0.         0.         0.         0.         0.         0.         0.         0.         0.         0.         0.         0.         0.         0.         0.         0.         0.9539301  0.         0.         0.         0.01122772 0.        ],[0. 0. 0. 1. 0. 1. 0. 1. 0. 0. 0. 0. 0. 0. 0. 0. 0. 0. 0. 0. 0. 0. 0. 0. 0. 1. 0. 0. 0. 1. 0.],5.0,10000,30,0.6,10,1,5,,problem_solving
9400,0.014194843028418152,0.0047267777006687346,0.4,4.128436763211465,[0.         0.         0.         0.01154173 0.         0.01104176 0.         0.01225869 0.         0.         0.         0.         0.         0.         0.         0.         0.         0.         0.         0.         0.         0.         0.         0.         0.         0.9539301  0.         0.         0.         0.01122772 0.        ],[0. 0. 0. 1. 0. 1. 0. 1. 0. 0. 0. 0. 0. 0. 0. 0. 0. 0. 0. 0. 0. 0. 0. 0. 0. 1. 0. 0. 0. 1. 0.],5.0,10000,30,0.6,10,1,5,,problem_solving
9500,0.014194843028418152,0.0047267777006687346,0.4,-14.854456427006342,[0.         0.         0.         0.01154173 0.         0.01104176 0.         0.01225869 0.         0.         0.         0.         0.         0.         0.         0.         0.         0.         0.         0.         0.         0.         0.         0.         0.         0.9539301  0.         0.         0.         0.01122772 0.        ],[0. 0. 0. 1. 0. 1. 0. 1. 0. 0. 0. 0. 0. 0. 0. 0. 0. 0. 0. 0. 0. 0. 0. 0. 0. 1. 0. 0. 0. 1. 0.],5.0,10000,30,0.6,10,1,5,,problem_solving
9600,0.014194843028418152,0.0047267777006687346,0.4,3.406964073085989,[0.         0.         0.         0.01154173 0.         0.01104176 0.         0.01225869 0.         0.         0.         0.         0.         0.         0.         0.         0.         0.         0.         0.         0.         0.         0.         0.         0.         0.9539301  0.         0.         0.         0.01122772 0.        ],[0. 0. 0. 1. 0. 1. 0. 1. 0. 0. 0. 0. 0. 0. 0. 0. 0. 0. 0. 0. 0. 0. 0. 0. 0. 1. 0. 0. 0. 1. 0.],5.0,10000,30,0.6,10,1,5,,problem_solving
9700,0.014194843028418152,0.0047267777006687346,0.4,-10.529748732912317,[0.         0.         0.         0.01154173 0.         0.01104176 0.         0.01225869 0.         0.         0.         0.         0.         0.         0.         0.         0.         0.         0.         0.         0.         0.         0.         0.         0.         0.9539301  0.         0.         0.         0.01122772 0.        ],[0. 0. 0. 1. 0. 1. 0. 1. 0. 0. 0. 0. 0. 0. 0. 0. 0. 0. 0. 0. 0. 0. 0. 0. 0. 1. 0. 0. 0. 1. 0.],5.0,10000,30,0.6,10,1,5,,problem_solving
9800,0.014194843028418152,0.0047267777006687346,0.4,7.181491471492718,[0.         0.         0.         0.01154173 0.         0.01104176 0.         0.01225869 0.         0.         0.         0.         0.         0.         0.         0.         0.         0.         0.         0.         0.         0.         0.         0.         0.         0.9539301  0.         0.         0.         0.01122772 0.        ],[0. 0. 0. 1. 0. 1. 0. 1. 0. 0. 0. 0. 0. 0. 0. 0. 0. 0. 0. 0. 0. 0. 0. 0. 0. 1. 0. 0. 0. 1. 0.],5.0,10000,30,0.6,10,1,5,,problem_solving
9900,0.014194843028418152,0.0047267777006687346,0.4,-2.4152998849497536,[0.         0.         0.         0.01154173 0.         0.01104176 0.         0.01225869 0.         0.         0.         0.         0.         0.         0.         0.         0.         0.         0.         0.         0.         0.         0.         0.         0.         0.9539301  0.         0.         0.         0.01122772 0.        ],[0. 0. 0. 1. 0. 1. 0. 1. 0. 0. 0. 0. 0. 0. 0. 0. 0. 0. 0. 0. 0. 0. 0. 0. 0. 1. 0. 0. 0. 1. 0.],5.0,10000,30,0.6,10,1,5,,problem_solving
9999,0.014194843028418152,0.0047267777006687346,0.4,10.618019515123953,[0.         0.         0.         0.01154173 0.         0.01104176 0.         0.01225869 0.         0.         0.         0.         0.         0.         0.         0.         0.         0.         0.         0.         0.         0.         0.         0.         0.         0.9539301  0.         0.         0.         0.01122772 0.        ],[0. 0. 0. 1. 0. 1. 0. 1. 0. 0. 0. 0. 0. 0. 0. 0. 0. 0. 0. 0. 0. 0. 0. 0. 0. 1. 0. 0. 0. 1. 0.],5.0,10000,30,0.6,10,1,5,,problem_solving
