iter,cost,return,par,move,X,Z,Q,max_iter,mem_size,mem_consider,sigma,port_n,k,seed,tag
1,0.16402634404027366,0.004857514665884194,0.4,-5.995538484648923,[0.02116997 0.         0.         0.         0.01114677 0.         0.         0.         0.01067636 0.         0.         0.         0.         0.02036328 0.         0.         0.         0.         0.02174051 0.         0.         0.         0.         0.         0.         0.90409148 0.         0.01081163 0.         0.         0.        ],[1. 0. 0. 0. 1. 0. 0. 0. 1. 0. 0. 0. 0. 1. 0. 0. 0. 0. 1. 0. 0. 0. 0. 0. 0. 1. 0. 1. 0. 0. 0.],7.0,10000,30,0.6,10,1,7,,problem_solving
100,0.04097809963764013,0.009827883231818895,0.4,8.568596439354458,[0.01082817 0.         0.         0.         0.         0.         0.         0.         0.01534353 0.02289476 0.         0.         0.         0.         0.         0.01075493 0.         0.         0.         0.01603802 0.         0.         0.         0.         0.         0.89993011 0.         0.         0.         0.02421049 0.        ],[1. 0. 0. 0. 0. 0. 0. 0. 1. 1. 0. 0. 0. 0. 0. 1. 0. 0. 0. 1. 0. 0. 0. 0. 0. 1. 0. 0. 0. 1. 0.],7.0,10000,30,0.6,10,1,7,,problem_solving
200,0.032703378977494854,0.006912919530083918,0.4,-4.0645796600803,[0.         0.         0.         0.         0.886518   0.01194654 0.         0.         0.01262096 0.         0.         0.         0.         0.         0.         0.         0.         0.         0.         0.         0.         0.         0.         0.         0.01707478 0.04813279 0.         0.01190963 0.         0.0117973  0.        ],[0. 0. 0. 0. 1. 1. 0. 0. 1. 0. 0. 0. 0. 0. 0. 0. 0. 0. 0. 0. 0. 0. 0. 0. 1. 1. 0. 1. 0. 1. 0.],7.0,10000,30,0.6,10,1,7,,problem_solving
300,0.032703378977494854,0.006912919530083918,0.4,2.3431544913958167,[0.         0.         0.         0.         0.886518   0.01194654 0.         0.         0.01262096 0.         0.         0.         0.         0.         0.         0.         0.         0.         0.         0.         0.         0.         0.         0.         0.01707478 0.04813279 0.         0.01190963 0.         0.0117973  0.        ],[0. 0. 0. 0. 1. 1. 0. 0. 1. 0. 0. 0. 0. 0. 0. 0. 0. 0. 0. 0. 0. 0. 0. 0. 1. 1. 0. 1. 0. 1. 0.],7.0,10000,30,0.6,10,1,7,,problem_solving
400,0.032703378977494854,0.006912919530083918,0.4,-0.13765274268142685,[0.         0.         0.         0.         0.886518   0.01194654 0.         0.         0.01262096 0.         0.         0.         0.         0.         0.         0.         0.         0.         0.         0.         0.         0.         0.         0.         0.01707478 0.04813279 0.         0.01190963 0.         0.0117973  0.        ],[0. 0. 0. 0. 1. 1. 0. 0. 1. 0. 0. 0. 0. 0. 0. 0. 0. 0. 0. 0. 0. 0. 0. 0. 1. 1. 0. 1. 0. 1. 0.],7.0,10000,30,0.6,10,1,7,,problem_solving
500,0.032703378977494854,0.006912919530083918,0.4,-1.43119070218613,[0.         0.         0.         0.         0.886518   0.01194654 0.         0.         0.01262096 0.         0.         0.         0.         0.         0.         0.         0.         0.         0.         0.         0.         0.         0.         0.         0.01707478 0.04813279 0.         0.01190963 0.         0.0117973  0.        ],[0. 0. 0. 0. 1. 1. 0. 0. 1. 0. 0. 0. 0. 0. 0. 0. 0. 0. 0. 0. 0. 0. 0. 0. 1. 1. 0. 1. 0. 1. 0.],7.0,10000,30,0.6,10,1,7,,problem_solving
600,0.032703378977494854,0.006912919530083918,0.4,-8.655022551692936,[0.         0.         0.         0.         0.886518   0.01194654 0.         0.         0.01262096 0.         0.         0.         0.         0.         0.         0.         0.         0.         0.         0.         0.         0.         0.         0.         0.01707478 0.04813279 0.         0.01190963 0.         0.0117973  0.        ],[0. 0. 0. 0. 1. 1. 0. 0. 1. 0. 0. 0. 0. 0. 0. 0. 0. 0. 0. 0. 0. 0. 0. 0. 1. 1. 0. 1. 0. 1. 0.],7.0,10000,30,0.6,10,1,7,,problem_solving
700,0.032703378977494854,0.006912919530083918,0.4,-0.15040455994858254,[0.         0.         0.         0.         0.886518   0.01194654 0.         0.         0.01262096 0.         0.         0.         0.         0.         0.         0.         0.         0.         0.         0.         0.         0.         0.         0.         0.01707478 0.04813279 0.         0.01190963 0.         0.0117973  0.        ],[0. 0. 0. 0. 1. 1. 0. 0. 1. 0. 0. 0. 0. 0. 0. 0. 0. 0. 0. 0. 0. 0. 0. 0. 1. 1. 0. 1. 0. 1. 0.],7.0,10000,30,0.6,10,1,7,,problem_solving
800,0.03248464410474759,0.010250837843977876,0.4,3.2065224144820292,[0.01975474 0.         0.         0.         0.01972478 0.         0.         0.         0.         0.         0.         0.         0.         0.         0.01091694 0.         0.         0.         0.         0.         0.         0.         0.01840417 0.         0.         0.89239777 0.         0.01977009 0.         0.01903151 0.        ],[1. 0. 0. 0. 1. 0. 0. 0. 0. 0. 0. 0. 0. 0. 1. 0. 0. 0. 0. 0. 0. 0. 1. 0. 0. 1. 0. 1. 0. 1. 0.],7.0,10000,30,0.6,10,1,7,,problem_solving
900,0.03248464410474759,0.010250837843977876,0.4,2.358021622830401,[0.01975474 0.         0.         0.         0.01972478 0.         0.         0.         0.         0.         0.         0.         0.         0.         0.01091694 0.         0.         0.         0.         0.         0.         0.         0.01840417 0.         0.         0.89239777 0.         0.01977009 0.         0.01903151 0.        ],[1. 0. 0. 0. 1. 0. 0. 0. 0. 0. 0. 0. 0. 0. 1. 0. 0. 0. 0. 0. 0. 0. 1. 0. 0. 1. 0. 1. 0. 1. 0.],7.0,10000,30,0.6,10,1,7,,problem_solving
1000,0.024363428955678973,0.010265908105367882,0.4,15.524447265428059,[0.         0.         0.         0.         0.9168529  0.01268071 0.         0.         0.         0.         0.01472028 0.         0.         0.         0.         0.         0.         0.         0.         0.0117718  0.         0.         0.0151646  0.01474372 0.         0.014066   0.         0.         0.         0.         0.        ],[0. 0. 0. 0. 1. 1. 0. 0. 0. 0. 1. 0. 0. 0. 0. 0. 0. 0. 0. 1. 0. 0. 1. 1. 0. 1. 0. 0. 0. 0. 0.],7.0,10000,30,0.6,10,1,7,,problem_solving
1100,0.024363428955678973,0.010265908105367882,0.4,1.0427931663697427,[0.         0.         0.         0.         0.9168529  0.01268071 0.         0.         0.         0.         0.01472028 0.         0.         0.         0.         0.         0.         0.         0.         0.0117718  0.         0.         0.0151646  0.01474372 0.         0.014066   0.         0.         0.         0.         0.        ],[0. 0. 0. 0. 1. 1. 0. 0. 0. 0. 1. 0. 0. 0. 0. 0. 0. 0. 0. 1. 0. 0. 1. 1. 0. 1. 0. 0. 0. 0. 0.],7.0,10000,30,0.6,10,1,7,,problem_solving
1200,0.024363428955678973,0.010265908105367882,0.4,-20.274133336593586,[0.         0.         0.         0.         0.9168529  0.01268071 0.         0.         0.         0.         0.01472028 0.         0.         0.         0.         0.         0.         0.         0.         0.0117718  0.         0.         0.0151646  0.01474372 0.         0.014066   0.         0.         0.         0.         0.        ],[0. 0. 0. 0. 1. 1. 0. 0. 0. 0. 1. 0. 0. 0. 0. 0. 0. 0. 0. 1. 0. 0. 1. 1. 0. 1. 0. 0. 0. 0. 0.],7.0,10000,30,0.6,10,1,7,,problem_solving
1300,0.024363428955678973,0.010265908105367882,0.4,-0.5922885809239321,[0.         0.         0.         0.         0.9168529  0.01268071 0.         0.         0.         0.         0.01472028 0.         0.         0.         0.         0.         0.         0.         0.         0.0117718  0.         0.         0.0151646  0.01474372 0.         0.014066   0.         0.         0.         0.         0.        ],[0. 0. 0. 0. 1. 1. 0. 0. 0. 0. 1. 0. 0. 0. 0. 0. 0. 0. 0. 1. 0. 0. 1. 1. 0. 1. 0. 0. 0. 0. 0.],7.0,10000,30,0.6,10,1,7,,problem_solving
1400,0.024363428955678973,0.010265908105367882,0.4,-7.9564756781824855,[0.         0.         0.         0.         0.9168529  0.01268071 0.         0.         0.         0.         0.01472028 0.         0.         0.         0.         0.         0.         0.         0.         0.0117718  0.         0.         0.0151646  0.01474372 0.         0.014066   0.         0.         0.         0.         0.        ],[0. 0. 0. 0. 1. 1. 0. 0. 0. 0. 1. 0. 0. 0. 0. 0. 0. 0. 0. 1. 0. 0. 1. 1. 0. 1. 0. 0. 0. 0. 0.],7.0,10000,30,0.6,10,1,7,,problem_solving
1500,0.024363428955678973,0.010265908105367882,0.4,9.114722156214954,[0.         0.         0.         0.         0.9168529  0.01268071 0.         0.         0.         0.         0.01472028 0.         0.         0.         0.         0.         0.         0.         0.         0.0117718  0.         0.         0.0151646  0.01474372 0.         0.014066   0.         0.         0.         0.         0.        ],[0. 0. 0. 0. 1. 1. 0. 0. 0. 0. 1. 0. 0. 0. 0. 0. 0. 0. 0. 1. 0. 0. 1. 1. 0. 1. 0. 0. 0. 0. 0.],7.0,10000,30,0.6,10,1,7,,problem_solving
1600,0.024363428955678973,0.010265908105367882,0.4,9.671930257709334,[0.         0.         0.         0.         0.9168529  0.01268071 0.         0.         0.         0.         0.01472028 0.         0.         0.         0.         0.         0.         0.         0.         0.0117718  0.         0.         0.0151646  0.01474372 0.         0.014066   0.         0.         0.         0.         0.        ],[0. 0. 0. 0. 1. 1. 0. 0. 0. 0. 1. 0. 0. 0. 0. 0. 0. 0. 0. 1. 0. 0. 1. 1. 0. 1. 0. 0. 0. 0. 0.],7.0,10000,30,0.6,10,1,7,,problem_solving
1700,0.024363428955678973,0.010265908105367882,0.4,5.99826881034917,[0.         0.         0.         0.         0.9168529  0.01268071 0.         0.         0.         0.         0.01472028 0.         0.         0.         0.         0.         0.         0.         0.         0.0117718  0.         0.         0.0151646  0.01474372 0.         0.014066   0.         0.         0.         0.         0.        ],[0. 0. 0. 0. 1. 1. 0. 0. 0. 0. 1. 0. 0. 0. 0. 0. 0. 0. 0. 1. 0. 0. 1. 1. 0. 1. 0. 0. 0. 0. 0.],7.0,10000,30,0.6,10,1,7,,problem_solving
1800,0.024363428955678973,0.010265908105367882,0.4,-14.449887527349723,[0.         0.         0.         0.         0.9168529  0.01268071 0.         0.         0.         0.         0.01472028 0.         0.         0.         0.         0.         0.         0.         0.         0.0117718  0.         0.         0.0151646  0.01474372 0.         0.014066   0.         0.         0.         0.         0.        ],[0. 0. 0. 0. 1. 1. 0. 0. 0. 0. 1. 0. 0. 0. 0. 0. 0. 0. 0. 1. 0. 0. 1. 1. 0. 1. 0. 0. 0. 0. 0.],7.0,10000,30,0.6,10,1,7,,problem_solving
1900,0.024363428955678973,0.010265908105367882,0.4,18.726030529157317,[0.         0.         0.         0.         0.9168529  0.01268071 0.         0.         0.         0.         0.01472028 0.         0.         0.         0.         0.         0.         0.         0.         0.0117718  0.         0.         0.0151646  0.01474372 0.         0.014066   0.         0.         0.         0.         0.        ],[0. 0. 0. 0. 1. 1. 0. 0. 0. 0. 1. 0. 0. 0. 0. 0. 0. 0. 0. 1. 0. 0. 1. 1. 0. 1. 0. 0. 0. 0. 0.],7.0,10000,30,0.6,10,1,7,,problem_solving
2000,0.024363428955678973,0.010265908105367882,0.4,11.49662175095376,[0.         0.         0.         0.         0.9168529  0.01268071 0.         0.         0.         0.         0.01472028 0.         0.         0.         0.         0.         0.         0.         0.         0.0117718  0.         0.         0.0151646  0.01474372 0.         0.014066   0.         0.         0.         0.         0.        ],[0. 0. 0. 0. 1. 1. 0. 0. 0. 0. 1. 0. 0. 0. 0. 0. 0. 0. 0. 1. 0. 0. 1. 1. 0. 1. 0. 0. 0. 0. 0.],7.0,10000,30,0.6,10,1,7,,problem_solving
2100,0.024363428955678973,0.010265908105367882,0.4,17.773086794235276,[0.         0.         0.         0.         0.9168529  0.01268071 0.         0.         0.         0.         0.01472028 0.         0.         0.         0.         0.         0.         0.         0.         0.0117718  0.         0.         0.0151646  0.01474372 0.         0.014066   0.         0.         0.         0.         0.        ],[0. 0. 0. 0. 1. 1. 0. 0. 0. 0. 1. 0. 0. 0. 0. 0. 0. 0. 0. 1. 0. 0. 1. 1. 0. 1. 0. 0. 0. 0. 0.],7.0,10000,30,0.6,10,1,7,,problem_solving
2200,0.024363428955678973,0.010265908105367882,0.4,7.908611784550523,[0.         0.         0.         0.         0.9168529  0.01268071 0.         0.         0.         0.         0.01472028 0.         0.         0.         0.         0.         0.         0.         0.         0.0117718  0.         0.         0.0151646  0.01474372 0.         0.014066   0.         0.         0.         0.         0.        ],[0. 0. 0. 0. 1. 1. 0. 0. 0. 0. 1. 0. 0. 0. 0. 0. 0. 0. 0. 1. 0. 0. 1. 1. 0. 1. 0. 0. 0. 0. 0.],7.0,10000,30,0.6,10,1,7,,problem_solving
2300,0.024363428955678973,0.010265908105367882,0.4,-2.6596988826304484,[0.         0.         0.         0.         0.9168529  0.01268071 0.         0.         0.         0.         0.01472028 0.         0.         0.         0.         0.         0.         0.         0.         0.0117718  0.         0.         0.0151646  0.01474372 0.         0.014066   0.         0.         0.         0.         0.        ],[0. 0. 0. 0. 1. 1. 0. 0. 0. 0. 1. 0. 0. 0. 0. 0. 0. 0. 0. 1. 0. 0. 1. 1. 0. 1. 0. 0. 0. 0. 0.],7.0,10000,30,0.6,10,1,7,,problem_solving
2400,0.024363428955678973,0.010265908105367882,0.4,-4.646888049575482,[0.         0.         0.         0.         0.9168529  0.01268071 0.         0.         0.         0.         0.01472028 0.         0.         0.         0.         0.         0.         0.         0.         0.0117718  0.         0.         0.0151646  0.01474372 0.         0.014066   0.         0.         0.         0.         0.        ],[0. 0. 0. 0. 1. 1. 0. 0. 0. 0. 1. 0. 0. 0. 0. 0. 0. 0. 0. 1. 0. 0. 1. 1. 0. 1. 0. 0. 0. 0. 0.],7.0,10000,30,0.6,10,1,7,,problem_solving
2500,0.024363428955678973,0.010265908105367882,0.4,-7.754203159676986,[0.         0.         0.         0.         0.9168529  0.01268071 0.         0.         0.         0.         0.01472028 0.         0.         0.         0.         0.         0.         0.         0.         0.0117718  0.         0.         0.0151646  0.01474372 0.         0.014066   0.         0.         0.         0.         0.        ],[0. 0. 0. 0. 1. 1. 0. 0. 0. 0. 1. 0. 0. 0. 0. 0. 0. 0. 0. 1. 0. 0. 1. 1. 0. 1. 0. 0. 0. 0. 0.],7.0,10000,30,0.6,10,1,7,,problem_solving
2600,0.024363428955678973,0.010265908105367882,0.4,-6.991108650553568,[0.         0.         0.         0.         0.9168529  0.01268071 0.         0.         0.         0.         0.01472028 0.         0.         0.         0.         0.         0.         0.         0.         0.0117718  0.         0.         0.0151646  0.01474372 0.         0.014066   0.         0.         0.         0.         0.        ],[0. 0. 0. 0. 1. 1. 0. 0. 0. 0. 1. 0. 0. 0. 0. 0. 0. 0. 0. 1. 0. 0. 1. 1. 0. 1. 0. 0. 0. 0. 0.],7.0,10000,30,0.6,10,1,7,,problem_solving
2700,0.024363428955678973,0.010265908105367882,0.4,4.273434781240811,[0.         0.         0.         0.         0.9168529  0.01268071 0.         0.         0.         0.         0.01472028 0.         0.         0.         0.         0.         0.         0.         0.         0.0117718  0.         0.         0.0151646  0.01474372 0.         0.014066   0.         0.         0.         0.         0.        ],[0. 0. 0. 0. 1. 1. 0. 0. 0. 0. 1. 0. 0. 0. 0. 0. 0. 0. 0. 1. 0. 0. 1. 1. 0. 1. 0. 0. 0. 0. 0.],7.0,10000,30,0.6,10,1,7,,problem_solving
2800,0.024363428955678973,0.010265908105367882,0.4,19.612646990149734,[0.         0.         0.         0.         0.9168529  0.01268071 0.         0.         0.         0.         0.01472028 0.         0.         0.         0.         0.         0.         0.         0.         0.0117718  0.         0.         0.0151646  0.01474372 0.         0.014066   0.         0.         0.         0.         0.        ],[0. 0. 0. 0. 1. 1. 0. 0. 0. 0. 1. 0. 0. 0. 0. 0. 0. 0. 0. 1. 0. 0. 1. 1. 0. 1. 0. 0. 0. 0. 0.],7.0,10000,30,0.6,10,1,7,,problem_solving
2900,0.024363428955678973,0.010265908105367882,0.4,14.55629518648623,[0.         0.         0.         0.         0.9168529  0.01268071 0.         0.         0.         0.         0.01472028 0.         0.         0.         0.         0.         0.         0.         0.         0.0117718  0.         0.         0.0151646  0.01474372 0.         0.014066   0.         0.         0.         0.         0.        ],[0. 0. 0. 0. 1. 1. 0. 0. 0. 0. 1. 0. 0. 0. 0. 0. 0. 0. 0. 1. 0. 0. 1. 1. 0. 1. 0. 0. 0. 0. 0.],7.0,10000,30,0.6,10,1,7,,problem_solving
3000,0.024363428955678973,0.010265908105367882,0.4,-13.757831817840728,[0.         0.         0.         0.         0.9168529  0.01268071 0.         0.         0.         0.         0.01472028 0.         0.         0.         0.         0.         0.         0.         0.         0.0117718  0.         0.         0.0151646  0.01474372 0.         0.014066   0.         0.         0.         0.         0.        ],[0. 0. 0. 0. 1. 1. 0. 0. 0. 0. 1. 0. 0. 0. 0. 0. 0. 0. 0. 1. 0. 0. 1. 1. 0. 1. 0. 0. 0. 0. 0.],7.0,10000,30,0.6,10,1,7,,problem_solving
3100,0.024363428955678973,0.010265908105367882,0.4,8.328383704368349,[0.         0.         0.         0.         0.9168529  0.01268071 0.         0.         0.         0.         0.01472028 0.         0.         0.         0.         0.         0.         0.         0.         0.0117718  0.         0.         0.0151646  0.01474372 0.         0.014066   0.         0.         0.         0.         0.        ],[0. 0. 0. 0. 1. 1. 0. 0. 0. 0. 1. 0. 0. 0. 0. 0. 0. 0. 0. 1. 0. 0. 1. 1. 0. 1. 0. 0. 0. 0. 0.],7.0,10000,30,0.6,10,1,7,,problem_solving
3200,0.024363428955678973,0.010265908105367882,0.4,-8.293060690562532,[0.         0.         0.         0.         0.9168529  0.01268071 0.         0.         0.         0.         0.01472028 0.         0.         0.         0.         0.         0.         0.         0.         0.0117718  0.         0.         0.0151646  0.01474372 0.         0.014066   0.         0.         0.         0.         0.        ],[0. 0. 0. 0. 1. 1. 0. 0. 0. 0. 1. 0. 0. 0. 0. 0. 0. 0. 0. 1. 0. 0. 1. 1. 0. 1. 0. 0. 0. 0. 0.],7.0,10000,30,0.6,10,1,7,,problem_solving
3300,0.024363428955678973,0.010265908105367882,0.4,3.7149105765782147,[0.         0.         0.         0.         0.9168529  0.01268071 0.         0.         0.         0.         0.01472028 0.         0.         0.         0.         0.         0.         0.         0.         0.0117718  0.         0.         0.0151646  0.01474372 0.         0.014066   0.         0.         0.         0.         0.        ],[0. 0. 0. 0. 1. 1. 0. 0. 0. 0. 1. 0. 0. 0. 0. 0. 0. 0. 0. 1. 0. 0. 1. 1. 0. 1. 0. 0. 0. 0. 0.],7.0,10000,30,0.6,10,1,7,,problem_solving
3400,0.024363428955678973,0.010265908105367882,0.4,-0.8490109132665682,[0.         0.         0.         0.         0.9168529  0.01268071 0.         0.         0.         0.         0.01472028 0.         0.         0.         0.         0.         0.         0.         0.         0.0117718  0.         0.         0.0151646  0.01474372 0.         0.014066   0.         0.         0.         0.         0.        ],[0. 0. 0. 0. 1. 1. 0. 0. 0. 0. 1. 0. 0. 0. 0. 0. 0. 0. 0. 1. 0. 0. 1. 1. 0. 1. 0. 0. 0. 0. 0.],7.0,10000,30,0.6,10,1,7,,problem_solving
3500,0.02418350302451017,0.0048524083646414706,0.4,10.289381789305121,[0.         0.         0.         0.         0.02171958 0.         0.         0.         0.01061149 0.01158355 0.01079861 0.         0.         0.         0.         0.         0.         0.         0.0232784  0.         0.         0.02093489 0.         0.         0.         0.90107348 0.         0.         0.         0.         0.        ],[0. 0. 0. 0. 1. 0. 0. 0. 1. 1. 1. 0. 0. 0. 0. 0. 0. 0. 1. 0. 0. 1. 0. 0. 0. 1. 0. 0. 0. 0. 0.],7.0,10000,30,0.6,10,1,7,,problem_solving
3600,0.02418350302451017,0.0048524083646414706,0.4,-0.8370381336475575,[0.         0.         0.         0.         0.02171958 0.         0.         0.         0.01061149 0.01158355 0.01079861 0.         0.         0.         0.         0.         0.         0.         0.0232784  0.         0.         0.02093489 0.         0.         0.         0.90107348 0.         0.         0.         0.         0.        ],[0. 0. 0. 0. 1. 0. 0. 0. 1. 1. 1. 0. 0. 0. 0. 0. 0. 0. 1. 0. 0. 1. 0. 0. 0. 1. 0. 0. 0. 0. 0.],7.0,10000,30,0.6,10,1,7,,problem_solving
3700,0.02418350302451017,0.0048524083646414706,0.4,-0.2990394944459907,[0.         0.         0.         0.         0.02171958 0.         0.         0.         0.01061149 0.01158355 0.01079861 0.         0.         0.         0.         0.         0.         0.         0.0232784  0.         0.         0.02093489 0.         0.         0.         0.90107348 0.         0.         0.         0.         0.        ],[0. 0. 0. 0. 1. 0. 0. 0. 1. 1. 1. 0. 0. 0. 0. 0. 0. 0. 1. 0. 0. 1. 0. 0. 0. 1. 0. 0. 0. 0. 0.],7.0,10000,30,0.6,10,1,7,,problem_solving
3800,0.02418350302451017,0.0048524083646414706,0.4,1.5606974432913523,[0.         0.         0.         0.         0.02171958 0.         0.         0.         0.01061149 0.01158355 0.01079861 0.         0.         0.         0.         0.         0.         0.         0.0232784  0.         0.         0.02093489 0.         0.         0.         0.90107348 0.         0.         0.         0.         0.        ],[0. 0. 0. 0. 1. 0. 0. 0. 1. 1. 1. 0. 0. 0. 0. 0. 0. 0. 1. 0. 0. 1. 0. 0. 0. 1. 0. 0. 0. 0. 0.],7.0,10000,30,0.6,10,1,7,,problem_solving
3900,0.02418350302451017,0.0048524083646414706,0.4,3.705553177633755,[0.         0.         0.         0.         0.02171958 0.         0.         0.         0.01061149 0.01158355 0.01079861 0.         0.         0.         0.         0.         0.         0.         0.0232784  0.         0.         0.02093489 0.         0.         0.         0.90107348 0.         0.         0.         0.         0.        ],[0. 0. 0. 0. 1. 0. 0. 0. 1. 1. 1. 0. 0. 0. 0. 0. 0. 0. 1. 0. 0. 1. 0. 0. 0. 1. 0. 0. 0. 0. 0.],7.0,10000,30,0.6,10,1,7,,problem_solving
4000,0.02418350302451017,0.0048524083646414706,0.4,-0.6582774833921922,[0.         0.         0.         0.         0.02171958 0.         0.         0.         0.01061149 0.01158355 0.01079861 0.         0.         0.         0.         0.         0.         0.         0.0232784  0.         0.         0.02093489 0.         0.         0.         0.90107348 0.         0.         0.         0.         0.        ],[0. 0. 0. 0. 1. 0. 0. 0. 1. 1. 1. 0. 0. 0. 0. 0. 0. 0. 1. 0. 0. 1. 0. 0. 0. 1. 0. 0. 0. 0. 0.],7.0,10000,30,0.6,10,1,7,,problem_solving
4100,0.02418350302451017,0.0048524083646414706,0.4,-8.610407371152192,[0.         0.         0.         0.         0.02171958 0.         0.         0.         0.01061149 0.01158355 0.01079861 0.         0.         0.         0.         0.         0.         0.         0.0232784  0.         0.         0.02093489 0.         0.         0.         0.90107348 0.         0.         0.         0.         0.        ],[0. 0. 0. 0. 1. 0. 0. 0. 1. 1. 1. 0. 0. 0. 0. 0. 0. 0. 1. 0. 0. 1. 0. 0. 0. 1. 0. 0. 0. 0. 0.],7.0,10000,30,0.6,10,1,7,,problem_solving
4200,0.02418350302451017,0.0048524083646414706,0.4,-12.635657048594656,[0.         0.         0.         0.         0.02171958 0.         0.         0.         0.01061149 0.01158355 0.01079861 0.         0.         0.         0.         0.         0.         0.         0.0232784  0.         0.         0.02093489 0.         0.         0.         0.90107348 0.         0.         0.         0.         0.        ],[0. 0. 0. 0. 1. 0. 0. 0. 1. 1. 1. 0. 0. 0. 0. 0. 0. 0. 1. 0. 0. 1. 0. 0. 0. 1. 0. 0. 0. 0. 0.],7.0,10000,30,0.6,10,1,7,,problem_solving
4300,0.02418350302451017,0.0048524083646414706,0.4,14.001461713845186,[0.         0.         0.         0.         0.02171958 0.         0.         0.         0.01061149 0.01158355 0.01079861 0.         0.         0.         0.         0.         0.         0.         0.0232784  0.         0.         0.02093489 0.         0.         0.         0.90107348 0.         0.         0.         0.         0.        ],[0. 0. 0. 0. 1. 0. 0. 0. 1. 1. 1. 0. 0. 0. 0. 0. 0. 0. 1. 0. 0. 1. 0. 0. 0. 1. 0. 0. 0. 0. 0.],7.0,10000,30,0.6,10,1,7,,problem_solving
4400,0.02418350302451017,0.0048524083646414706,0.4,-12.111451810791557,[0.         0.         0.         0.         0.02171958 0.         0.         0.         0.01061149 0.01158355 0.01079861 0.         0.         0.         0.         0.         0.         0.         0.0232784  0.         0.         0.02093489 0.         0.         0.         0.90107348 0.         0.         0.         0.         0.        ],[0. 0. 0. 0. 1. 0. 0. 0. 1. 1. 1. 0. 0. 0. 0. 0. 0. 0. 1. 0. 0. 1. 0. 0. 0. 1. 0. 0. 0. 0. 0.],7.0,10000,30,0.6,10,1,7,,problem_solving
4500,0.02418350302451017,0.0048524083646414706,0.4,7.761461839161273,[0.         0.         0.         0.         0.02171958 0.         0.         0.         0.01061149 0.01158355 0.01079861 0.         0.         0.         0.         0.         0.         0.         0.0232784  0.         0.         0.02093489 0.         0.         0.         0.90107348 0.         0.         0.         0.         0.        ],[0. 0. 0. 0. 1. 0. 0. 0. 1. 1. 1. 0. 0. 0. 0. 0. 0. 0. 1. 0. 0. 1. 0. 0. 0. 1. 0. 0. 0. 0. 0.],7.0,10000,30,0.6,10,1,7,,problem_solving
4600,0.02418350302451017,0.0048524083646414706,0.4,6.32393107089933,[0.         0.         0.         0.         0.02171958 0.         0.         0.         0.01061149 0.01158355 0.01079861 0.         0.         0.         0.         0.         0.         0.         0.0232784  0.         0.         0.02093489 0.         0.         0.         0.90107348 0.         0.         0.         0.         0.        ],[0. 0. 0. 0. 1. 0. 0. 0. 1. 1. 1. 0. 0. 0. 0. 0. 0. 0. 1. 0. 0. 1. 0. 0. 0. 1. 0. 0. 0. 0. 0.],7.0,10000,30,0.6,10,1,7,,problem_solving
4700,0.02418350302451017,0.0048524083646414706,0.4,17.760263154714615,[0.         0.         0.         0.         0.02171958 0.         0.         0.         0.01061149 0.01158355 0.01079861 0.         0.         0.         0.         0.         0.         0.         0.0232784  0.         0.         0.02093489 0.         0.         0.         0.90107348 0.         0.         0.         0.         0.        ],[0. 0. 0. 0. 1. 0. 0. 0. 1. 1. 1. 0. 0. 0. 0. 0. 0. 0. 1. 0. 0. 1. 0. 0. 0. 1. 0. 0. 0. 0. 0.],7.0,10000,30,0.6,10,1,7,,problem_solving
4800,0.02418350302451017,0.0048524083646414706,0.4,-8.81124013942108,[0.         0.         0.         0.         0.02171958 0.         0.         0.         0.01061149 0.01158355 0.01079861 0.         0.         0.         0.         0.         0.         0.         0.0232784  0.         0.         0.02093489 0.         0.         0.         0.90107348 0.         0.         0.         0.         0.        ],[0. 0. 0. 0. 1. 0. 0. 0. 1. 1. 1. 0. 0. 0. 0. 0. 0. 0. 1. 0. 0. 1. 0. 0. 0. 1. 0. 0. 0. 0. 0.],7.0,10000,30,0.6,10,1,7,,problem_solving
4900,0.02418350302451017,0.0048524083646414706,0.4,-12.577960619921457,[0.         0.         0.         0.         0.02171958 0.         0.         0.         0.01061149 0.01158355 0.01079861 0.         0.         0.         0.         0.         0.         0.         0.0232784  0.         0.         0.02093489 0.         0.         0.         0.90107348 0.         0.         0.         0.         0.        ],[0. 0. 0. 0. 1. 0. 0. 0. 1. 1. 1. 0. 0. 0. 0. 0. 0. 0. 1. 0. 0. 1. 0. 0. 0. 1. 0. 0. 0. 0. 0.],7.0,10000,30,0.6,10,1,7,,problem_solving
5000,0.02418350302451017,0.0048524083646414706,0.4,-12.893836422798676,[0.         0.         0.         0.         0.02171958 0.         0.         0.         0.01061149 0.01158355 0.01079861 0.         0.         0.         0.         0.         0.         0.         0.0232784  0.         0.         0.02093489 0.         0.         0.         0.90107348 0.         0.         0.         0.         0.        ],[0. 0. 0. 0. 1. 0. 0. 0. 1. 1. 1. 0. 0. 0. 0. 0. 0. 0. 1. 0. 0. 1. 0. 0. 0. 1. 0. 0. 0. 0. 0.],7.0,10000,30,0.6,10,1,7,,problem_solving
5100,0.02418350302451017,0.0048524083646414706,0.4,-1.894055795297033,[0.         0.         0.         0.         0.02171958 0.         0.         0.         0.01061149 0.01158355 0.01079861 0.         0.         0.         0.         0.         0.         0.         0.0232784  0.         0.         0.02093489 0.         0.         0.         0.90107348 0.         0.         0.         0.         0.        ],[0. 0. 0. 0. 1. 0. 0. 0. 1. 1. 1. 0. 0. 0. 0. 0. 0. 0. 1. 0. 0. 1. 0. 0. 0. 1. 0. 0. 0. 0. 0.],7.0,10000,30,0.6,10,1,7,,problem_solving
5200,0.02418350302451017,0.0048524083646414706,0.4,4.754825382572195,[0.         0.         0.         0.         0.02171958 0.         0.         0.         0.01061149 0.01158355 0.01079861 0.         0.         0.         0.         0.         0.         0.         0.0232784  0.         0.         0.02093489 0.         0.         0.         0.90107348 0.         0.         0.         0.         0.        ],[0. 0. 0. 0. 1. 0. 0. 0. 1. 1. 1. 0. 0. 0. 0. 0. 0. 0. 1. 0. 0. 1. 0. 0. 0. 1. 0. 0. 0. 0. 0.],7.0,10000,30,0.6,10,1,7,,problem_solving
5300,0.023299165112211466,0.004726543081265636,0.4,1.3620186841968043,[0.         0.         0.         0.         0.         0.         0.         0.01088399 0.01636042 0.         0.         0.         0.01345139 0.         0.         0.01047959 0.         0.         0.         0.         0.         0.01743211 0.01837357 0.         0.         0.91301893 0.         0.         0.         0.         0.        ],[0. 0. 0. 0. 0. 0. 0. 1. 1. 0. 0. 0. 1. 0. 0. 1. 0. 0. 0. 0. 0. 1. 1. 0. 0. 1. 0. 0. 0. 0. 0.],7.0,10000,30,0.6,10,1,7,,problem_solving
5400,0.023299165112211466,0.004726543081265636,0.4,1.4861170085919129,[0.         0.         0.         0.         0.         0.         0.         0.01088399 0.01636042 0.         0.         0.         0.01345139 0.         0.         0.01047959 0.         0.         0.         0.         0.         0.01743211 0.01837357 0.         0.         0.91301893 0.         0.         0.         0.         0.        ],[0. 0. 0. 0. 0. 0. 0. 1. 1. 0. 0. 0. 1. 0. 0. 1. 0. 0. 0. 0. 0. 1. 1. 0. 0. 1. 0. 0. 0. 0. 0.],7.0,10000,30,0.6,10,1,7,,problem_solving
5500,0.023299165112211466,0.004726543081265636,0.4,-3.9246898223439244,[0.         0.         0.         0.         0.         0.         0.         0.01088399 0.01636042 0.         0.         0.         0.01345139 0.         0.         0.01047959 0.         0.         0.         0.         0.         0.01743211 0.01837357 0.         0.         0.91301893 0.         0.         0.         0.         0.        ],[0. 0. 0. 0. 0. 0. 0. 1. 1. 0. 0. 0. 1. 0. 0. 1. 0. 0. 0. 0. 0. 1. 1. 0. 0. 1. 0. 0. 0. 0. 0.],7.0,10000,30,0.6,10,1,7,,problem_solving
5600,0.023299165112211466,0.004726543081265636,0.4,24.71791382276782,[0.         0.         0.         0.         0.         0.         0.         0.01088399 0.01636042 0.         0.         0.         0.01345139 0.         0.         0.01047959 0.         0.         0.         0.         0.         0.01743211 0.01837357 0.         0.         0.91301893 0.         0.         0.         0.         0.        ],[0. 0. 0. 0. 0. 0. 0. 1. 1. 0. 0. 0. 1. 0. 0. 1. 0. 0. 0. 0. 0. 1. 1. 0. 0. 1. 0. 0. 0. 0. 0.],7.0,10000,30,0.6,10,1,7,,problem_solving
5700,0.023299165112211466,0.004726543081265636,0.4,-12.93417984816986,[0.         0.         0.         0.         0.         0.         0.         0.01088399 0.01636042 0.         0.         0.         0.01345139 0.         0.         0.01047959 0.         0.         0.         0.         0.         0.01743211 0.01837357 0.         0.         0.91301893 0.         0.         0.         0.         0.        ],[0. 0. 0. 0. 0. 0. 0. 1. 1. 0. 0. 0. 1. 0. 0. 1. 0. 0. 0. 0. 0. 1. 1. 0. 0. 1. 0. 0. 0. 0. 0.],7.0,10000,30,0.6,10,1,7,,problem_solving
5800,0.023299165112211466,0.004726543081265636,0.4,22.032944839653762,[0.         0.         0.         0.         0.         0.         0.         0.01088399 0.01636042 0.         0.         0.         0.01345139 0.         0.         0.01047959 0.         0.         0.         0.         0.         0.01743211 0.01837357 0.         0.         0.91301893 0.         0.         0.         0.         0.        ],[0. 0. 0. 0. 0. 0. 0. 1. 1. 0. 0. 0. 1. 0. 0. 1. 0. 0. 0. 0. 0. 1. 1. 0. 0. 1. 0. 0. 0. 0. 0.],7.0,10000,30,0.6,10,1,7,,problem_solving
5900,0.023299165112211466,0.004726543081265636,0.4,-1.419260510436224,[0.         0.         0.         0.         0.         0.         0.         0.01088399 0.01636042 0.         0.         0.         0.01345139 0.         0.         0.01047959 0.         0.         0.         0.         0.         0.01743211 0.01837357 0.         0.         0.91301893 0.         0.         0.         0.         0.        ],[0. 0. 0. 0. 0. 0. 0. 1. 1. 0. 0. 0. 1. 0. 0. 1. 0. 0. 0. 0. 0. 1. 1. 0. 0. 1. 0. 0. 0. 0. 0.],7.0,10000,30,0.6,10,1,7,,problem_solving
6000,0.023299165112211466,0.004726543081265636,0.4,-5.447907566063241,[0.         0.         0.         0.         0.         0.         0.         0.01088399 0.01636042 0.         0.         0.         0.01345139 0.         0.         0.01047959 0.         0.         0.         0.         0.         0.01743211 0.01837357 0.         0.         0.91301893 0.         0.         0.         0.         0.        ],[0. 0. 0. 0. 0. 0. 0. 1. 1. 0. 0. 0. 1. 0. 0. 1. 0. 0. 0. 0. 0. 1. 1. 0. 0. 1. 0. 0. 0. 0. 0.],7.0,10000,30,0.6,10,1,7,,problem_solving
6100,0.023299165112211466,0.004726543081265636,0.4,-0.8135576506748037,[0.         0.         0.         0.         0.         0.         0.         0.01088399 0.01636042 0.         0.         0.         0.01345139 0.         0.         0.01047959 0.         0.         0.         0.         0.         0.01743211 0.01837357 0.         0.         0.91301893 0.         0.         0.         0.         0.        ],[0. 0. 0. 0. 0. 0. 0. 1. 1. 0. 0. 0. 1. 0. 0. 1. 0. 0. 0. 0. 0. 1. 1. 0. 0. 1. 0. 0. 0. 0. 0.],7.0,10000,30,0.6,10,1,7,,problem_solving
6200,0.023299165112211466,0.004726543081265636,0.4,-2.113002747091243,[0.         0.         0.         0.         0.         0.         0.         0.01088399 0.01636042 0.         0.         0.         0.01345139 0.         0.         0.01047959 0.         0.         0.         0.         0.         0.01743211 0.01837357 0.         0.         0.91301893 0.         0.         0.         0.         0.        ],[0. 0. 0. 0. 0. 0. 0. 1. 1. 0. 0. 0. 1. 0. 0. 1. 0. 0. 0. 0. 0. 1. 1. 0. 0. 1. 0. 0. 0. 0. 0.],7.0,10000,30,0.6,10,1,7,,problem_solving
6300,0.023299165112211466,0.004726543081265636,0.4,2.0488150946150903,[0.         0.         0.         0.         0.         0.         0.         0.01088399 0.01636042 0.         0.         0.         0.01345139 0.         0.         0.01047959 0.         0.         0.         0.         0.         0.01743211 0.01837357 0.         0.         0.91301893 0.         0.         0.         0.         0.        ],[0. 0. 0. 0. 0. 0. 0. 1. 1. 0. 0. 0. 1. 0. 0. 1. 0. 0. 0. 0. 0. 1. 1. 0. 0. 1. 0. 0. 0. 0. 0.],7.0,10000,30,0.6,10,1,7,,problem_solving
6400,0.023299165112211466,0.004726543081265636,0.4,-10.176927727912588,[0.         0.         0.         0.         0.         0.         0.         0.01088399 0.01636042 0.         0.         0.         0.01345139 0.         0.         0.01047959 0.         0.         0.         0.         0.         0.01743211 0.01837357 0.         0.         0.91301893 0.         0.         0.         0.         0.        ],[0. 0. 0. 0. 0. 0. 0. 1. 1. 0. 0. 0. 1. 0. 0. 1. 0. 0. 0. 0. 0. 1. 1. 0. 0. 1. 0. 0. 0. 0. 0.],7.0,10000,30,0.6,10,1,7,,problem_solving
6500,0.023299165112211466,0.004726543081265636,0.4,3.5934341465325943,[0.         0.         0.         0.         0.         0.         0.         0.01088399 0.01636042 0.         0.         0.         0.01345139 0.         0.         0.01047959 0.         0.         0.         0.         0.         0.01743211 0.01837357 0.         0.         0.91301893 0.         0.         0.         0.         0.        ],[0. 0. 0. 0. 0. 0. 0. 1. 1. 0. 0. 0. 1. 0. 0. 1. 0. 0. 0. 0. 0. 1. 1. 0. 0. 1. 0. 0. 0. 0. 0.],7.0,10000,30,0.6,10,1,7,,problem_solving
6600,0.023299165112211466,0.004726543081265636,0.4,15.339408089254734,[0.         0.         0.         0.         0.         0.         0.         0.01088399 0.01636042 0.         0.         0.         0.01345139 0.         0.         0.01047959 0.         0.         0.         0.         0.         0.01743211 0.01837357 0.         0.         0.91301893 0.         0.         0.         0.         0.        ],[0. 0. 0. 0. 0. 0. 0. 1. 1. 0. 0. 0. 1. 0. 0. 1. 0. 0. 0. 0. 0. 1. 1. 0. 0. 1. 0. 0. 0. 0. 0.],7.0,10000,30,0.6,10,1,7,,problem_solving
6700,0.023299165112211466,0.004726543081265636,0.4,-7.206102444531335,[0.         0.         0.         0.         0.         0.         0.         0.01088399 0.01636042 0.         0.         0.         0.01345139 0.         0.         0.01047959 0.         0.         0.         0.         0.         0.01743211 0.01837357 0.         0.         0.91301893 0.         0.         0.         0.         0.        ],[0. 0. 0. 0. 0. 0. 0. 1. 1. 0. 0. 0. 1. 0. 0. 1. 0. 0. 0. 0. 0. 1. 1. 0. 0. 1. 0. 0. 0. 0. 0.],7.0,10000,30,0.6,10,1,7,,problem_solving
6800,0.023299165112211466,0.004726543081265636,0.4,4.811539088049257,[0.         0.         0.         0.         0.         0.         0.         0.01088399 0.01636042 0.         0.         0.         0.01345139 0.         0.         0.01047959 0.         0.         0.         0.         0.         0.01743211 0.01837357 0.         0.         0.91301893 0.         0.         0.         0.         0.        ],[0. 0. 0. 0. 0. 0. 0. 1. 1. 0. 0. 0. 1. 0. 0. 1. 0. 0. 0. 0. 0. 1. 1. 0. 0. 1. 0. 0. 0. 0. 0.],7.0,10000,30,0.6,10,1,7,,problem_solving
6900,0.023299165112211466,0.004726543081265636,0.4,25.592571149523952,[0.         0.         0.         0.         0.         0.         0.         0.01088399 0.01636042 0.         0.         0.         0.01345139 0.         0.         0.01047959 0.         0.         0.         0.         0.         0.01743211 0.01837357 0.         0.         0.91301893 0.         0.         0.         0.         0.        ],[0. 0. 0. 0. 0. 0. 0. 1. 1. 0. 0. 0. 1. 0. 0. 1. 0. 0. 0. 0. 0. 1. 1. 0. 0. 1. 0. 0. 0. 0. 0.],7.0,10000,30,0.6,10,1,7,,problem_solving
7000,0.023299165112211466,0.004726543081265636,0.4,8.588681869043086,[0.         0.         0.         0.         0.         0.         0.         0.01088399 0.01636042 0.         0.         0.         0.01345139 0.         0.         0.01047959 0.         0.         0.         0.         0.         0.01743211 0.01837357 0.         0.         0.91301893 0.         0.         0.         0.         0.        ],[0. 0. 0. 0. 0. 0. 0. 1. 1. 0. 0. 0. 1. 0. 0. 1. 0. 0. 0. 0. 0. 1. 1. 0. 0. 1. 0. 0. 0. 0. 0.],7.0,10000,30,0.6,10,1,7,,problem_solving
7100,0.023299165112211466,0.004726543081265636,0.4,14.515735661159983,[0.         0.         0.         0.         0.         0.         0.         0.01088399 0.01636042 0.         0.         0.         0.01345139 0.         0.         0.01047959 0.         0.         0.         0.         0.         0.01743211 0.01837357 0.         0.         0.91301893 0.         0.         0.         0.         0.        ],[0. 0. 0. 0. 0. 0. 0. 1. 1. 0. 0. 0. 1. 0. 0. 1. 0. 0. 0. 0. 0. 1. 1. 0. 0. 1. 0. 0. 0. 0. 0.],7.0,10000,30,0.6,10,1,7,,problem_solving
7200,0.023299165112211466,0.004726543081265636,0.4,-13.200494398485851,[0.         0.         0.         0.         0.         0.         0.         0.01088399 0.01636042 0.         0.         0.         0.01345139 0.         0.         0.01047959 0.         0.         0.         0.         0.         0.01743211 0.01837357 0.         0.         0.91301893 0.         0.         0.         0.         0.        ],[0. 0. 0. 0. 0. 0. 0. 1. 1. 0. 0. 0. 1. 0. 0. 1. 0. 0. 0. 0. 0. 1. 1. 0. 0. 1. 0. 0. 0. 0. 0.],7.0,10000,30,0.6,10,1,7,,problem_solving
7300,0.022477523094375215,0.00477262884557073,0.4,11.999964929319525,[0.02116997 0.         0.         0.         0.01114677 0.         0.         0.         0.01067636 0.         0.         0.         0.         0.02036328 0.         0.         0.         0.         0.02174051 0.         0.         0.         0.         0.         0.         0.90409148 0.         0.01081163 0.         0.         0.        ],[1. 0. 0. 0. 1. 0. 0. 0. 1. 0. 0. 0. 0. 1. 0. 0. 0. 0. 1. 0. 0. 0. 0. 0. 0. 1. 0. 1. 0. 0. 0.],7.0,10000,30,0.6,10,1,7,,problem_solving
7400,0.022477523094375215,0.00477262884557073,0.4,0.296901998281753,[0.02116997 0.         0.         0.         0.01114677 0.         0.         0.         0.01067636 0.         0.         0.         0.         0.02036328 0.         0.         0.         0.         0.02174051 0.         0.         0.         0.         0.         0.         0.90409148 0.         0.01081163 0.         0.         0.        ],[1. 0. 0. 0. 1. 0. 0. 0. 1. 0. 0. 0. 0. 1. 0. 0. 0. 0. 1. 0. 0. 0. 0. 0. 0. 1. 0. 1. 0. 0. 0.],7.0,10000,30,0.6,10,1,7,,problem_solving
7500,0.022477523094375215,0.00477262884557073,0.4,0.21227049368575052,[0.02116997 0.         0.         0.         0.01114677 0.         0.         0.         0.01067636 0.         0.         0.         0.         0.02036328 0.         0.         0.         0.         0.02174051 0.         0.         0.         0.         0.         0.         0.90409148 0.         0.01081163 0.         0.         0.        ],[1. 0. 0. 0. 1. 0. 0. 0. 1. 0. 0. 0. 0. 1. 0. 0. 0. 0. 1. 0. 0. 0. 0. 0. 0. 1. 0. 1. 0. 0. 0.],7.0,10000,30,0.6,10,1,7,,problem_solving
7600,0.022477523094375215,0.00477262884557073,0.4,-3.444566759427919,[0.02116997 0.         0.         0.         0.01114677 0.         0.         0.         0.01067636 0.         0.         0.         0.         0.02036328 0.         0.         0.         0.         0.02174051 0.         0.         0.         0.         0.         0.         0.90409148 0.         0.01081163 0.         0.         0.        ],[1. 0. 0. 0. 1. 0. 0. 0. 1. 0. 0. 0. 0. 1. 0. 0. 0. 0. 1. 0. 0. 0. 0. 0. 0. 1. 0. 1. 0. 0. 0.],7.0,10000,30,0.6,10,1,7,,problem_solving
7700,0.022477523094375215,0.00477262884557073,0.4,-1.0077370147206817,[0.02116997 0.         0.         0.         0.01114677 0.         0.         0.         0.01067636 0.         0.         0.         0.         0.02036328 0.         0.         0.         0.         0.02174051 0.         0.         0.         0.         0.         0.         0.90409148 0.         0.01081163 0.         0.         0.        ],[1. 0. 0. 0. 1. 0. 0. 0. 1. 0. 0. 0. 0. 1. 0. 0. 0. 0. 1. 0. 0. 0. 0. 0. 0. 1. 0. 1. 0. 0. 0.],7.0,10000,30,0.6,10,1,7,,problem_solving
7800,0.022477523094375215,0.00477262884557073,0.4,3.801115861515134,[0.02116997 0.         0.         0.         0.01114677 0.         0.         0.         0.01067636 0.         0.         0.         0.         0.02036328 0.         0.         0.         0.         0.02174051 0.         0.         0.         0.         0.         0.         0.90409148 0.         0.01081163 0.         0.         0.        ],[1. 0. 0. 0. 1. 0. 0. 0. 1. 0. 0. 0. 0. 1. 0. 0. 0. 0. 1. 0. 0. 0. 0. 0. 0. 1. 0. 1. 0. 0. 0.],7.0,10000,30,0.6,10,1,7,,problem_solving
7900,0.022477523094375215,0.00477262884557073,0.4,14.651970988569978,[0.02116997 0.         0.         0.         0.01114677 0.         0.         0.         0.01067636 0.         0.         0.         0.         0.02036328 0.         0.         0.         0.         0.02174051 0.         0.         0.         0.         0.         0.         0.90409148 0.         0.01081163 0.         0.         0.        ],[1. 0. 0. 0. 1. 0. 0. 0. 1. 0. 0. 0. 0. 1. 0. 0. 0. 0. 1. 0. 0. 0. 0. 0. 0. 1. 0. 1. 0. 0. 0.],7.0,10000,30,0.6,10,1,7,,problem_solving
8000,0.022477523094375215,0.00477262884557073,0.4,16.69086965194544,[0.02116997 0.         0.         0.         0.01114677 0.         0.         0.         0.01067636 0.         0.         0.         0.         0.02036328 0.         0.         0.         0.         0.02174051 0.         0.         0.         0.         0.         0.         0.90409148 0.         0.01081163 0.         0.         0.        ],[1. 0. 0. 0. 1. 0. 0. 0. 1. 0. 0. 0. 0. 1. 0. 0. 0. 0. 1. 0. 0. 0. 0. 0. 0. 1. 0. 1. 0. 0. 0.],7.0,10000,30,0.6,10,1,7,,problem_solving
8100,0.022477523094375215,0.00477262884557073,0.4,-12.97333860113596,[0.02116997 0.         0.         0.         0.01114677 0.         0.         0.         0.01067636 0.         0.         0.         0.         0.02036328 0.         0.         0.         0.         0.02174051 0.         0.         0.         0.         0.         0.         0.90409148 0.         0.01081163 0.         0.         0.        ],[1. 0. 0. 0. 1. 0. 0. 0. 1. 0. 0. 0. 0. 1. 0. 0. 0. 0. 1. 0. 0. 0. 0. 0. 0. 1. 0. 1. 0. 0. 0.],7.0,10000,30,0.6,10,1,7,,problem_solving
8200,0.022477523094375215,0.00477262884557073,0.4,9.408737930003658,[0.02116997 0.         0.         0.         0.01114677 0.         0.         0.         0.01067636 0.         0.         0.         0.         0.02036328 0.         0.         0.         0.         0.02174051 0.         0.         0.         0.         0.         0.         0.90409148 0.         0.01081163 0.         0.         0.        ],[1. 0. 0. 0. 1. 0. 0. 0. 1. 0. 0. 0. 0. 1. 0. 0. 0. 0. 1. 0. 0. 0. 0. 0. 0. 1. 0. 1. 0. 0. 0.],7.0,10000,30,0.6,10,1,7,,problem_solving
8300,0.022477523094375215,0.00477262884557073,0.4,11.33184347340675,[0.02116997 0.         0.         0.         0.01114677 0.         0.         0.         0.01067636 0.         0.         0.         0.         0.02036328 0.         0.         0.         0.         0.02174051 0.         0.         0.         0.         0.         0.         0.90409148 0.         0.01081163 0.         0.         0.        ],[1. 0. 0. 0. 1. 0. 0. 0. 1. 0. 0. 0. 0. 1. 0. 0. 0. 0. 1. 0. 0. 0. 0. 0. 0. 1. 0. 1. 0. 0. 0.],7.0,10000,30,0.6,10,1,7,,problem_solving
8400,0.022477523094375215,0.00477262884557073,0.4,2.169255599022812,[0.02116997 0.         0.         0.         0.01114677 0.         0.         0.         0.01067636 0.         0.         0.         0.         0.02036328 0.         0.         0.         0.         0.02174051 0.         0.         0.         0.         0.         0.         0.90409148 0.         0.01081163 0.         0.         0.        ],[1. 0. 0. 0. 1. 0. 0. 0. 1. 0. 0. 0. 0. 1. 0. 0. 0. 0. 1. 0. 0. 0. 0. 0. 0. 1. 0. 1. 0. 0. 0.],7.0,10000,30,0.6,10,1,7,,problem_solving
8500,0.022477523094375215,0.00477262884557073,0.4,-9.513511326529056,[0.02116997 0.         0.         0.         0.01114677 0.         0.         0.         0.01067636 0.         0.         0.         0.         0.02036328 0.         0.         0.         0.         0.02174051 0.         0.         0.         0.         0.         0.         0.90409148 0.         0.01081163 0.         0.         0.        ],[1. 0. 0. 0. 1. 0. 0. 0. 1. 0. 0. 0. 0. 1. 0. 0. 0. 0. 1. 0. 0. 0. 0. 0. 0. 1. 0. 1. 0. 0. 0.],7.0,10000,30,0.6,10,1,7,,problem_solving
8600,0.022477523094375215,0.00477262884557073,0.4,-21.58454299210071,[0.02116997 0.         0.         0.         0.01114677 0.         0.         0.         0.01067636 0.         0.         0.         0.         0.02036328 0.         0.         0.         0.         0.02174051 0.         0.         0.         0.         0.         0.         0.90409148 0.         0.01081163 0.         0.         0.        ],[1. 0. 0. 0. 1. 0. 0. 0. 1. 0. 0. 0. 0. 1. 0. 0. 0. 0. 1. 0. 0. 0. 0. 0. 0. 1. 0. 1. 0. 0. 0.],7.0,10000,30,0.6,10,1,7,,problem_solving
8700,0.020370023199475968,0.004682553738064554,0.4,1.709186747828996,[0.         0.         0.         0.         0.         0.         0.         0.         0.         0.         0.         0.         0.         0.01212882 0.         0.         0.         0.         0.01050516 0.0104105  0.         0.01833545 0.01059411 0.         0.         0.91890113 0.         0.01912484 0.         0.         0.        ],[0. 0. 0. 0. 0. 0. 0. 0. 0. 0. 0. 0. 0. 1. 0. 0. 0. 0. 1. 1. 0. 1. 1. 0. 0. 1. 0. 1. 0. 0. 0.],7.0,10000,30,0.6,10,1,7,,problem_solving
8800,0.020370023199475968,0.004682553738064554,0.4,-1.4796292756963567,[0.         0.         0.         0.         0.         0.         0.         0.         0.         0.         0.         0.         0.         0.01212882 0.         0.         0.         0.         0.01050516 0.0104105  0.         0.01833545 0.01059411 0.         0.         0.91890113 0.         0.01912484 0.         0.         0.        ],[0. 0. 0. 0. 0. 0. 0. 0. 0. 0. 0. 0. 0. 1. 0. 0. 0. 0. 1. 1. 0. 1. 1. 0. 0. 1. 0. 1. 0. 0. 0.],7.0,10000,30,0.6,10,1,7,,problem_solving
8900,0.020370023199475968,0.004682553738064554,0.4,3.6657504865791086,[0.         0.         0.         0.         0.         0.         0.         0.         0.         0.         0.         0.         0.         0.01212882 0.         0.         0.         0.         0.01050516 0.0104105  0.         0.01833545 0.01059411 0.         0.         0.91890113 0.         0.01912484 0.         0.         0.        ],[0. 0. 0. 0. 0. 0. 0. 0. 0. 0. 0. 0. 0. 1. 0. 0. 0. 0. 1. 1. 0. 1. 1. 0. 0. 1. 0. 1. 0. 0. 0.],7.0,10000,30,0.6,10,1,7,,problem_solving
9000,0.020370023199475968,0.004682553738064554,0.4,8.284797188421736,[0.         0.         0.         0.         0.         0.         0.         0.         0.         0.         0.         0.         0.         0.01212882 0.         0.         0.         0.         0.01050516 0.0104105  0.         0.01833545 0.01059411 0.         0.         0.91890113 0.         0.01912484 0.         0.         0.        ],[0. 0. 0. 0. 0. 0. 0. 0. 0. 0. 0. 0. 0. 1. 0. 0. 0. 0. 1. 1. 0. 1. 1. 0. 0. 1. 0. 1. 0. 0. 0.],7.0,10000,30,0.6,10,1,7,,problem_solving
9100,0.020370023199475968,0.004682553738064554,0.4,25.29895279672997,[0.         0.         0.         0.         0.         0.         0.         0.         0.         0.         0.         0.         0.         0.01212882 0.         0.         0.         0.         0.01050516 0.0104105  0.         0.01833545 0.01059411 0.         0.         0.91890113 0.         0.01912484 0.         0.         0.        ],[0. 0. 0. 0. 0. 0. 0. 0. 0. 0. 0. 0. 0. 1. 0. 0. 0. 0. 1. 1. 0. 1. 1. 0. 0. 1. 0. 1. 0. 0. 0.],7.0,10000,30,0.6,10,1,7,,problem_solving
9200,0.020370023199475968,0.004682553738064554,0.4,1.6763391926071973,[0.         0.         0.         0.         0.         0.         0.         0.         0.         0.         0.         0.         0.         0.01212882 0.         0.         0.         0.         0.01050516 0.0104105  0.         0.01833545 0.01059411 0.         0.         0.91890113 0.         0.01912484 0.         0.         0.        ],[0. 0. 0. 0. 0. 0. 0. 0. 0. 0. 0. 0. 0. 1. 0. 0. 0. 0. 1. 1. 0. 1. 1. 0. 0. 1. 0. 1. 0. 0. 0.],7.0,10000,30,0.6,10,1,7,,problem_solving
9300,0.020370023199475968,0.004682553738064554,0.4,17.004956722081968,[0.         0.         0.         0.         0.         0.         0.         0.         0.         0.         0.         0.         0.         0.01212882 0.         0.         0.         0.         0.01050516 0.0104105  0.         0.01833545 0.01059411 0.         0.         0.91890113 0.         0.01912484 0.         0.         0.        ],[0. 0. 0. 0. 0. 0. 0. 0. 0. 0. 0. 0. 0. 1. 0. 0. 0. 0. 1. 1. 0. 1. 1. 0. 0. 1. 0. 1. 0. 0. 0.],7.0,10000,30,0.6,10,1,7,,problem_solving
9400,0.020370023199475968,0.004682553738064554,0.4,-12.92178232941616,[0.         0.         0.         0.         0.         0.         0.         0.         0.         0.         0.         0.         0.         0.01212882 0.         0.         0.         0.         0.01050516 0.0104105  0.         0.01833545 0.01059411 0.         0.         0.91890113 0.         0.01912484 0.         0.         0.        ],[0. 0. 0. 0. 0. 0. 0. 0. 0. 0. 0. 0. 0. 1. 0. 0. 0. 0. 1. 1. 0. 1. 1. 0. 0. 1. 0. 1. 0. 0. 0.],7.0,10000,30,0.6,10,1,7,,problem_solving
9500,0.020370023199475968,0.004682553738064554,0.4,-7.617907180456146,[0.         0.         0.         0.         0.         0.         0.         0.         0.         0.         0.         0.         0.         0.01212882 0.         0.         0.         0.         0.01050516 0.0104105  0.         0.01833545 0.01059411 0.         0.         0.91890113 0.         0.01912484 0.         0.         0.        ],[0. 0. 0. 0. 0. 0. 0. 0. 0. 0. 0. 0. 0. 1. 0. 0. 0. 0. 1. 1. 0. 1. 1. 0. 0. 1. 0. 1. 0. 0. 0.],7.0,10000,30,0.6,10,1,7,,problem_solving
9600,0.020370023199475968,0.004682553738064554,0.4,-12.909446365739905,[0.         0.         0.         0.         0.         0.         0.         0.         0.         0.         0.         0.         0.         0.01212882 0.         0.         0.         0.         0.01050516 0.0104105  0.         0.01833545 0.01059411 0.         0.         0.91890113 0.         0.01912484 0.         0.         0.        ],[0. 0. 0. 0. 0. 0. 0. 0. 0. 0. 0. 0. 0. 1. 0. 0. 0. 0. 1. 1. 0. 1. 1. 0. 0. 1. 0. 1. 0. 0. 0.],7.0,10000,30,0.6,10,1,7,,problem_solving
9700,0.020370023199475968,0.004682553738064554,0.4,-0.5436071510122698,[0.         0.         0.         0.         0.         0.         0.         0.         0.         0.         0.         0.         0.         0.01212882 0.         0.         0.         0.         0.01050516 0.0104105  0.         0.01833545 0.01059411 0.         0.         0.91890113 0.         0.01912484 0.         0.         0.        ],[0. 0. 0. 0. 0. 0. 0. 0. 0. 0. 0. 0. 0. 1. 0. 0. 0. 0. 1. 1. 0. 1. 1. 0. 0. 1. 0. 1. 0. 0. 0.],7.0,10000,30,0.6,10,1,7,,problem_solving
9800,0.020370023199475968,0.004682553738064554,0.4,3.150293838726265,[0.         0.         0.         0.         0.         0.         0.         0.         0.         0.         0.         0.         0.         0.01212882 0.         0.         0.         0.         0.01050516 0.0104105  0.         0.01833545 0.01059411 0.         0.         0.91890113 0.         0.01912484 0.         0.         0.        ],[0. 0. 0. 0. 0. 0. 0. 0. 0. 0. 0. 0. 0. 1. 0. 0. 0. 0. 1. 1. 0. 1. 1. 0. 0. 1. 0. 1. 0. 0. 0.],7.0,10000,30,0.6,10,1,7,,problem_solving
9900,0.020370023199475968,0.004682553738064554,0.4,11.432222505468186,[0.         0.         0.         0.         0.         0.         0.         0.         0.         0.         0.         0.         0.         0.01212882 0.         0.         0.         0.         0.01050516 0.0104105  0.         0.01833545 0.01059411 0.         0.         0.91890113 0.         0.01912484 0.         0.         0.        ],[0. 0. 0. 0. 0. 0. 0. 0. 0. 0. 0. 0. 0. 1. 0. 0. 0. 0. 1. 1. 0. 1. 1. 0. 0. 1. 0. 1. 0. 0. 0.],7.0,10000,30,0.6,10,1,7,,problem_solving
9999,0.020370023199475968,0.004682553738064554,0.4,4.984588282936603,[0.         0.         0.         0.         0.         0.         0.         0.         0.         0.         0.         0.         0.         0.01212882 0.         0.         0.         0.         0.01050516 0.0104105  0.         0.01833545 0.01059411 0.         0.         0.91890113 0.         0.01912484 0.         0.         0.        ],[0. 0. 0. 0. 0. 0. 0. 0. 0. 0. 0. 0. 0. 1. 0. 0. 0. 0. 1. 1. 0. 1. 1. 0. 0. 1. 0. 1. 0. 0. 0.],7.0,10000,30,0.6,10,1,7,,problem_solving
