iter,cost,return,par,move,X,Z,Q,max_iter,mem_size,mem_consider,sigma,port_n,k,seed,tag
1,0.07065784706423926,0.004986484230134376,0.4,11.714962755191463,[0.         0.         0.02014848 0.         0.         0.         0.         0.0166138  0.01096581 0.         0.01638148 0.         0.         0.         0.         0.         0.         0.         0.         0.         0.         0.01418747 0.01081083 0.02381682 0.         0.85449785 0.         0.02169631 0.         0.         0.01088115],[0. 0. 1. 0. 0. 0. 0. 1. 1. 0. 1. 0. 0. 0. 0. 0. 0. 0. 0. 0. 0. 1. 1. 1. 0. 1. 0. 1. 0. 0. 1.],10.0,10000,30,0.6,10,1,10,,problem_solving
100,0.07065784706423926,0.004986484230134376,0.4,26.486929450703087,[0.         0.         0.02014848 0.         0.         0.         0.         0.0166138  0.01096581 0.         0.01638148 0.         0.         0.         0.         0.         0.         0.         0.         0.         0.         0.01418747 0.01081083 0.02381682 0.         0.85449785 0.         0.02169631 0.         0.         0.01088115],[0. 0. 1. 0. 0. 0. 0. 1. 1. 0. 1. 0. 0. 0. 0. 0. 0. 0. 0. 0. 0. 1. 1. 1. 0. 1. 0. 1. 0. 0. 1.],10.0,10000,30,0.6,10,1,10,,problem_solving
200,0.07065784706423926,0.004986484230134376,0.4,9.383578575177417,[0.         0.         0.02014848 0.         0.         0.         0.         0.0166138  0.01096581 0.         0.01638148 0.         0.         0.         0.         0.         0.         0.         0.         0.         0.         0.01418747 0.01081083 0.02381682 0.         0.85449785 0.         0.02169631 0.         0.         0.01088115],[0. 0. 1. 0. 0. 0. 0. 1. 1. 0. 1. 0. 0. 0. 0. 0. 0. 0. 0. 0. 0. 1. 1. 1. 0. 1. 0. 1. 0. 0. 1.],10.0,10000,30,0.6,10,1,10,,problem_solving
300,0.0513442023873409,0.0025759257593074465,0.4,13.576594366895037,[0.         0.         0.         0.         0.88208345 0.         0.0155209  0.         0.01245215 0.         0.         0.01418935 0.01516403 0.         0.         0.01215554 0.         0.         0.         0.         0.01514806 0.01034132 0.         0.         0.         0.0126041  0.         0.         0.         0.         0.01034109],[0. 0. 0. 0. 1. 0. 1. 0. 1. 0. 0. 1. 1. 0. 0. 1. 0. 0. 0. 0. 1. 1. 0. 0. 0. 1. 0. 0. 0. 0. 1.],10.0,10000,30,0.6,10,1,10,,problem_solving
400,0.0513442023873409,0.0025759257593074465,0.4,-8.201967336108568,[0.         0.         0.         0.         0.88208345 0.         0.0155209  0.         0.01245215 0.         0.         0.01418935 0.01516403 0.         0.         0.01215554 0.         0.         0.         0.         0.01514806 0.01034132 0.         0.         0.         0.0126041  0.         0.         0.         0.         0.01034109],[0. 0. 0. 0. 1. 0. 1. 0. 1. 0. 0. 1. 1. 0. 0. 1. 0. 0. 0. 0. 1. 1. 0. 0. 0. 1. 0. 0. 0. 0. 1.],10.0,10000,30,0.6,10,1,10,,problem_solving
500,0.0513442023873409,0.0025759257593074465,0.4,27.665279431789948,[0.         0.         0.         0.         0.88208345 0.         0.0155209  0.         0.01245215 0.         0.         0.01418935 0.01516403 0.         0.         0.01215554 0.         0.         0.         0.         0.01514806 0.01034132 0.         0.         0.         0.0126041  0.         0.         0.         0.         0.01034109],[0. 0. 0. 0. 1. 0. 1. 0. 1. 0. 0. 1. 1. 0. 0. 1. 0. 0. 0. 0. 1. 1. 0. 0. 0. 1. 0. 0. 0. 0. 1.],10.0,10000,30,0.6,10,1,10,,problem_solving
600,0.04717834464337811,0.0025630568488674036,0.4,2.325186805218873,[0.         0.         0.         0.         0.         0.         0.01441026 0.01409476 0.         0.01509356 0.01264893 0.         0.         0.         0.01482974 0.01444378 0.         0.         0.         0.         0.         0.         0.01080204 0.         0.01054202 0.87998531 0.         0.         0.0131496  0.         0.        ],[0. 0. 0. 0. 0. 0. 1. 1. 0. 1. 1. 0. 0. 0. 1. 1. 0. 0. 0. 0. 0. 0. 1. 0. 1. 1. 0. 0. 1. 0. 0.],10.0,10000,30,0.6,10,1,10,,problem_solving
700,0.04717834464337811,0.0025630568488674036,0.4,7.484493652797653,[0.         0.         0.         0.         0.         0.         0.01441026 0.01409476 0.         0.01509356 0.01264893 0.         0.         0.         0.01482974 0.01444378 0.         0.         0.         0.         0.         0.         0.01080204 0.         0.01054202 0.87998531 0.         0.         0.0131496  0.         0.        ],[0. 0. 0. 0. 0. 0. 1. 1. 0. 1. 1. 0. 0. 0. 1. 1. 0. 0. 0. 0. 0. 0. 1. 0. 1. 1. 0. 0. 1. 0. 0.],10.0,10000,30,0.6,10,1,10,,problem_solving
800,0.04717834464337811,0.0025630568488674036,0.4,6.325920450716054,[0.         0.         0.         0.         0.         0.         0.01441026 0.01409476 0.         0.01509356 0.01264893 0.         0.         0.         0.01482974 0.01444378 0.         0.         0.         0.         0.         0.         0.01080204 0.         0.01054202 0.87998531 0.         0.         0.0131496  0.         0.        ],[0. 0. 0. 0. 0. 0. 1. 1. 0. 1. 1. 0. 0. 0. 1. 1. 0. 0. 0. 0. 0. 0. 1. 0. 1. 1. 0. 0. 1. 0. 0.],10.0,10000,30,0.6,10,1,10,,problem_solving
900,0.04490560622873693,0.0096322082667843,0.4,-3.2646077192633136,[0.         0.         0.         0.0114497  0.87463765 0.         0.         0.         0.01603192 0.01344628 0.01539282 0.         0.         0.         0.         0.01191454 0.         0.01717977 0.         0.         0.         0.         0.         0.01443664 0.         0.         0.         0.01045969 0.         0.         0.01505097],[0. 0. 0. 1. 1. 0. 0. 0. 1. 1. 1. 0. 0. 0. 0. 1. 0. 1. 0. 0. 0. 0. 0. 1. 0. 0. 0. 1. 0. 0. 1.],10.0,10000,30,0.6,10,1,10,,problem_solving
1000,0.04490560622873693,0.0096322082667843,0.4,4.3147403372273505,[0.         0.         0.         0.0114497  0.87463765 0.         0.         0.         0.01603192 0.01344628 0.01539282 0.         0.         0.         0.         0.01191454 0.         0.01717977 0.         0.         0.         0.         0.         0.01443664 0.         0.         0.         0.01045969 0.         0.         0.01505097],[0. 0. 0. 1. 1. 0. 0. 0. 1. 1. 1. 0. 0. 0. 0. 1. 0. 1. 0. 0. 0. 0. 0. 1. 0. 0. 0. 1. 0. 0. 1.],10.0,10000,30,0.6,10,1,10,,problem_solving
1100,0.04490560622873693,0.0096322082667843,0.4,10.475377666876959,[0.         0.         0.         0.0114497  0.87463765 0.         0.         0.         0.01603192 0.01344628 0.01539282 0.         0.         0.         0.         0.01191454 0.         0.01717977 0.         0.         0.         0.         0.         0.01443664 0.         0.         0.         0.01045969 0.         0.         0.01505097],[0. 0. 0. 1. 1. 0. 0. 0. 1. 1. 1. 0. 0. 0. 0. 1. 0. 1. 0. 0. 0. 0. 0. 1. 0. 0. 0. 1. 0. 0. 1.],10.0,10000,30,0.6,10,1,10,,problem_solving
1200,0.04490560622873693,0.0096322082667843,0.4,13.756771477711203,[0.         0.         0.         0.0114497  0.87463765 0.         0.         0.         0.01603192 0.01344628 0.01539282 0.         0.         0.         0.         0.01191454 0.         0.01717977 0.         0.         0.         0.         0.         0.01443664 0.         0.         0.         0.01045969 0.         0.         0.01505097],[0. 0. 0. 1. 1. 0. 0. 0. 1. 1. 1. 0. 0. 0. 0. 1. 0. 1. 0. 0. 0. 0. 0. 1. 0. 0. 0. 1. 0. 0. 1.],10.0,10000,30,0.6,10,1,10,,problem_solving
1300,0.03262872745908073,0.0027442702450181052,0.4,-6.48610279658611,[0.         0.         0.         0.         0.01060912 0.         0.         0.         0.01605832 0.01056344 0.         0.01381346 0.         0.         0.         0.         0.         0.         0.0195624  0.         0.         0.         0.01253437 0.         0.         0.01262271 0.         0.87294139 0.02077156 0.         0.01052323],[0. 0. 0. 0. 1. 0. 0. 0. 1. 1. 0. 1. 0. 0. 0. 0. 0. 0. 1. 0. 0. 0. 1. 0. 0. 1. 0. 1. 1. 0. 1.],10.0,10000,30,0.6,10,1,10,,problem_solving
1400,0.03262872745908073,0.0027442702450181052,0.4,-0.6243686107025902,[0.         0.         0.         0.         0.01060912 0.         0.         0.         0.01605832 0.01056344 0.         0.01381346 0.         0.         0.         0.         0.         0.         0.0195624  0.         0.         0.         0.01253437 0.         0.         0.01262271 0.         0.87294139 0.02077156 0.         0.01052323],[0. 0. 0. 0. 1. 0. 0. 0. 1. 1. 0. 1. 0. 0. 0. 0. 0. 0. 1. 0. 0. 0. 1. 0. 0. 1. 0. 1. 1. 0. 1.],10.0,10000,30,0.6,10,1,10,,problem_solving
1500,0.03262872745908073,0.0027442702450181052,0.4,4.742776180752971,[0.         0.         0.         0.         0.01060912 0.         0.         0.         0.01605832 0.01056344 0.         0.01381346 0.         0.         0.         0.         0.         0.         0.0195624  0.         0.         0.         0.01253437 0.         0.         0.01262271 0.         0.87294139 0.02077156 0.         0.01052323],[0. 0. 0. 0. 1. 0. 0. 0. 1. 1. 0. 1. 0. 0. 0. 0. 0. 0. 1. 0. 0. 0. 1. 0. 0. 1. 0. 1. 1. 0. 1.],10.0,10000,30,0.6,10,1,10,,problem_solving
1600,0.03262872745908073,0.0027442702450181052,0.4,-16.355040261285488,[0.         0.         0.         0.         0.01060912 0.         0.         0.         0.01605832 0.01056344 0.         0.01381346 0.         0.         0.         0.         0.         0.         0.0195624  0.         0.         0.         0.01253437 0.         0.         0.01262271 0.         0.87294139 0.02077156 0.         0.01052323],[0. 0. 0. 0. 1. 0. 0. 0. 1. 1. 0. 1. 0. 0. 0. 0. 0. 0. 1. 0. 0. 0. 1. 0. 0. 1. 0. 1. 1. 0. 1.],10.0,10000,30,0.6,10,1,10,,problem_solving
1700,0.03262872745908073,0.0027442702450181052,0.4,-11.769297756123178,[0.         0.         0.         0.         0.01060912 0.         0.         0.         0.01605832 0.01056344 0.         0.01381346 0.         0.         0.         0.         0.         0.         0.0195624  0.         0.         0.         0.01253437 0.         0.         0.01262271 0.         0.87294139 0.02077156 0.         0.01052323],[0. 0. 0. 0. 1. 0. 0. 0. 1. 1. 0. 1. 0. 0. 0. 0. 0. 0. 1. 0. 0. 0. 1. 0. 0. 1. 0. 1. 1. 0. 1.],10.0,10000,30,0.6,10,1,10,,problem_solving
1800,0.03262872745908073,0.0027442702450181052,0.4,4.913712134699125,[0.         0.         0.         0.         0.01060912 0.         0.         0.         0.01605832 0.01056344 0.         0.01381346 0.         0.         0.         0.         0.         0.         0.0195624  0.         0.         0.         0.01253437 0.         0.         0.01262271 0.         0.87294139 0.02077156 0.         0.01052323],[0. 0. 0. 0. 1. 0. 0. 0. 1. 1. 0. 1. 0. 0. 0. 0. 0. 0. 1. 0. 0. 0. 1. 0. 0. 1. 0. 1. 1. 0. 1.],10.0,10000,30,0.6,10,1,10,,problem_solving
1900,0.03262872745908073,0.0027442702450181052,0.4,-4.680993845844789,[0.         0.         0.         0.         0.01060912 0.         0.         0.         0.01605832 0.01056344 0.         0.01381346 0.         0.         0.         0.         0.         0.         0.0195624  0.         0.         0.         0.01253437 0.         0.         0.01262271 0.         0.87294139 0.02077156 0.         0.01052323],[0. 0. 0. 0. 1. 0. 0. 0. 1. 1. 0. 1. 0. 0. 0. 0. 0. 0. 1. 0. 0. 0. 1. 0. 0. 1. 0. 1. 1. 0. 1.],10.0,10000,30,0.6,10,1,10,,problem_solving
2000,0.03262872745908073,0.0027442702450181052,0.4,0.04282280563881639,[0.         0.         0.         0.         0.01060912 0.         0.         0.         0.01605832 0.01056344 0.         0.01381346 0.         0.         0.         0.         0.         0.         0.0195624  0.         0.         0.         0.01253437 0.         0.         0.01262271 0.         0.87294139 0.02077156 0.         0.01052323],[0. 0. 0. 0. 1. 0. 0. 0. 1. 1. 0. 1. 0. 0. 0. 0. 0. 0. 1. 0. 0. 0. 1. 0. 0. 1. 0. 1. 1. 0. 1.],10.0,10000,30,0.6,10,1,10,,problem_solving
2100,0.03262872745908073,0.0027442702450181052,0.4,11.761825785149567,[0.         0.         0.         0.         0.01060912 0.         0.         0.         0.01605832 0.01056344 0.         0.01381346 0.         0.         0.         0.         0.         0.         0.0195624  0.         0.         0.         0.01253437 0.         0.         0.01262271 0.         0.87294139 0.02077156 0.         0.01052323],[0. 0. 0. 0. 1. 0. 0. 0. 1. 1. 0. 1. 0. 0. 0. 0. 0. 0. 1. 0. 0. 0. 1. 0. 0. 1. 0. 1. 1. 0. 1.],10.0,10000,30,0.6,10,1,10,,problem_solving
2200,0.03262872745908073,0.0027442702450181052,0.4,7.872199549522849,[0.         0.         0.         0.         0.01060912 0.         0.         0.         0.01605832 0.01056344 0.         0.01381346 0.         0.         0.         0.         0.         0.         0.0195624  0.         0.         0.         0.01253437 0.         0.         0.01262271 0.         0.87294139 0.02077156 0.         0.01052323],[0. 0. 0. 0. 1. 0. 0. 0. 1. 1. 0. 1. 0. 0. 0. 0. 0. 0. 1. 0. 0. 0. 1. 0. 0. 1. 0. 1. 1. 0. 1.],10.0,10000,30,0.6,10,1,10,,problem_solving
2300,0.03262872745908073,0.0027442702450181052,0.4,17.91502955592476,[0.         0.         0.         0.         0.01060912 0.         0.         0.         0.01605832 0.01056344 0.         0.01381346 0.         0.         0.         0.         0.         0.         0.0195624  0.         0.         0.         0.01253437 0.         0.         0.01262271 0.         0.87294139 0.02077156 0.         0.01052323],[0. 0. 0. 0. 1. 0. 0. 0. 1. 1. 0. 1. 0. 0. 0. 0. 0. 0. 1. 0. 0. 0. 1. 0. 0. 1. 0. 1. 1. 0. 1.],10.0,10000,30,0.6,10,1,10,,problem_solving
2400,0.03262872745908073,0.0027442702450181052,0.4,6.758623889113346,[0.         0.         0.         0.         0.01060912 0.         0.         0.         0.01605832 0.01056344 0.         0.01381346 0.         0.         0.         0.         0.         0.         0.0195624  0.         0.         0.         0.01253437 0.         0.         0.01262271 0.         0.87294139 0.02077156 0.         0.01052323],[0. 0. 0. 0. 1. 0. 0. 0. 1. 1. 0. 1. 0. 0. 0. 0. 0. 0. 1. 0. 0. 0. 1. 0. 0. 1. 0. 1. 1. 0. 1.],10.0,10000,30,0.6,10,1,10,,problem_solving
2500,0.03262872745908073,0.0027442702450181052,0.4,-1.2055843584707613,[0.         0.         0.         0.         0.01060912 0.         0.         0.         0.01605832 0.01056344 0.         0.01381346 0.         0.         0.         0.         0.         0.         0.0195624  0.         0.         0.         0.01253437 0.         0.         0.01262271 0.         0.87294139 0.02077156 0.         0.01052323],[0. 0. 0. 0. 1. 0. 0. 0. 1. 1. 0. 1. 0. 0. 0. 0. 0. 0. 1. 0. 0. 0. 1. 0. 0. 1. 0. 1. 1. 0. 1.],10.0,10000,30,0.6,10,1,10,,problem_solving
2600,0.03262872745908073,0.0027442702450181052,0.4,9.728648712931257,[0.         0.         0.         0.         0.01060912 0.         0.         0.         0.01605832 0.01056344 0.         0.01381346 0.         0.         0.         0.         0.         0.         0.0195624  0.         0.         0.         0.01253437 0.         0.         0.01262271 0.         0.87294139 0.02077156 0.         0.01052323],[0. 0. 0. 0. 1. 0. 0. 0. 1. 1. 0. 1. 0. 0. 0. 0. 0. 0. 1. 0. 0. 0. 1. 0. 0. 1. 0. 1. 1. 0. 1.],10.0,10000,30,0.6,10,1,10,,problem_solving
2700,0.03262872745908073,0.0027442702450181052,0.4,11.910115545764903,[0.         0.         0.         0.         0.01060912 0.         0.         0.         0.01605832 0.01056344 0.         0.01381346 0.         0.         0.         0.         0.         0.         0.0195624  0.         0.         0.         0.01253437 0.         0.         0.01262271 0.         0.87294139 0.02077156 0.         0.01052323],[0. 0. 0. 0. 1. 0. 0. 0. 1. 1. 0. 1. 0. 0. 0. 0. 0. 0. 1. 0. 0. 0. 1. 0. 0. 1. 0. 1. 1. 0. 1.],10.0,10000,30,0.6,10,1,10,,problem_solving
2800,0.03262872745908073,0.0027442702450181052,0.4,22.0186673823212,[0.         0.         0.         0.         0.01060912 0.         0.         0.         0.01605832 0.01056344 0.         0.01381346 0.         0.         0.         0.         0.         0.         0.0195624  0.         0.         0.         0.01253437 0.         0.         0.01262271 0.         0.87294139 0.02077156 0.         0.01052323],[0. 0. 0. 0. 1. 0. 0. 0. 1. 1. 0. 1. 0. 0. 0. 0. 0. 0. 1. 0. 0. 0. 1. 0. 0. 1. 0. 1. 1. 0. 1.],10.0,10000,30,0.6,10,1,10,,problem_solving
2900,0.03262872745908073,0.0027442702450181052,0.4,-0.7230894727351406,[0.         0.         0.         0.         0.01060912 0.         0.         0.         0.01605832 0.01056344 0.         0.01381346 0.         0.         0.         0.         0.         0.         0.0195624  0.         0.         0.         0.01253437 0.         0.         0.01262271 0.         0.87294139 0.02077156 0.         0.01052323],[0. 0. 0. 0. 1. 0. 0. 0. 1. 1. 0. 1. 0. 0. 0. 0. 0. 0. 1. 0. 0. 0. 1. 0. 0. 1. 0. 1. 1. 0. 1.],10.0,10000,30,0.6,10,1,10,,problem_solving
3000,0.03262872745908073,0.0027442702450181052,0.4,-2.338067776488863,[0.         0.         0.         0.         0.01060912 0.         0.         0.         0.01605832 0.01056344 0.         0.01381346 0.         0.         0.         0.         0.         0.         0.0195624  0.         0.         0.         0.01253437 0.         0.         0.01262271 0.         0.87294139 0.02077156 0.         0.01052323],[0. 0. 0. 0. 1. 0. 0. 0. 1. 1. 0. 1. 0. 0. 0. 0. 0. 0. 1. 0. 0. 0. 1. 0. 0. 1. 0. 1. 1. 0. 1.],10.0,10000,30,0.6,10,1,10,,problem_solving
3100,0.03262872745908073,0.0027442702450181052,0.4,-15.466732290362454,[0.         0.         0.         0.         0.01060912 0.         0.         0.         0.01605832 0.01056344 0.         0.01381346 0.         0.         0.         0.         0.         0.         0.0195624  0.         0.         0.         0.01253437 0.         0.         0.01262271 0.         0.87294139 0.02077156 0.         0.01052323],[0. 0. 0. 0. 1. 0. 0. 0. 1. 1. 0. 1. 0. 0. 0. 0. 0. 0. 1. 0. 0. 0. 1. 0. 0. 1. 0. 1. 1. 0. 1.],10.0,10000,30,0.6,10,1,10,,problem_solving
3200,0.03262872745908073,0.0027442702450181052,0.4,15.879577138472829,[0.         0.         0.         0.         0.01060912 0.         0.         0.         0.01605832 0.01056344 0.         0.01381346 0.         0.         0.         0.         0.         0.         0.0195624  0.         0.         0.         0.01253437 0.         0.         0.01262271 0.         0.87294139 0.02077156 0.         0.01052323],[0. 0. 0. 0. 1. 0. 0. 0. 1. 1. 0. 1. 0. 0. 0. 0. 0. 0. 1. 0. 0. 0. 1. 0. 0. 1. 0. 1. 1. 0. 1.],10.0,10000,30,0.6,10,1,10,,problem_solving
3300,0.03262872745908073,0.0027442702450181052,0.4,10.806791662766793,[0.         0.         0.         0.         0.01060912 0.         0.         0.         0.01605832 0.01056344 0.         0.01381346 0.         0.         0.         0.         0.         0.         0.0195624  0.         0.         0.         0.01253437 0.         0.         0.01262271 0.         0.87294139 0.02077156 0.         0.01052323],[0. 0. 0. 0. 1. 0. 0. 0. 1. 1. 0. 1. 0. 0. 0. 0. 0. 0. 1. 0. 0. 0. 1. 0. 0. 1. 0. 1. 1. 0. 1.],10.0,10000,30,0.6,10,1,10,,problem_solving
3400,0.03262872745908073,0.0027442702450181052,0.4,-12.974831271131182,[0.         0.         0.         0.         0.01060912 0.         0.         0.         0.01605832 0.01056344 0.         0.01381346 0.         0.         0.         0.         0.         0.         0.0195624  0.         0.         0.         0.01253437 0.         0.         0.01262271 0.         0.87294139 0.02077156 0.         0.01052323],[0. 0. 0. 0. 1. 0. 0. 0. 1. 1. 0. 1. 0. 0. 0. 0. 0. 0. 1. 0. 0. 0. 1. 0. 0. 1. 0. 1. 1. 0. 1.],10.0,10000,30,0.6,10,1,10,,problem_solving
3500,0.03262872745908073,0.0027442702450181052,0.4,-6.468948226597542,[0.         0.         0.         0.         0.01060912 0.         0.         0.         0.01605832 0.01056344 0.         0.01381346 0.         0.         0.         0.         0.         0.         0.0195624  0.         0.         0.         0.01253437 0.         0.         0.01262271 0.         0.87294139 0.02077156 0.         0.01052323],[0. 0. 0. 0. 1. 0. 0. 0. 1. 1. 0. 1. 0. 0. 0. 0. 0. 0. 1. 0. 0. 0. 1. 0. 0. 1. 0. 1. 1. 0. 1.],10.0,10000,30,0.6,10,1,10,,problem_solving
3600,0.03262872745908073,0.0027442702450181052,0.4,0.30878551866755816,[0.         0.         0.         0.         0.01060912 0.         0.         0.         0.01605832 0.01056344 0.         0.01381346 0.         0.         0.         0.         0.         0.         0.0195624  0.         0.         0.         0.01253437 0.         0.         0.01262271 0.         0.87294139 0.02077156 0.         0.01052323],[0. 0. 0. 0. 1. 0. 0. 0. 1. 1. 0. 1. 0. 0. 0. 0. 0. 0. 1. 0. 0. 0. 1. 0. 0. 1. 0. 1. 1. 0. 1.],10.0,10000,30,0.6,10,1,10,,problem_solving
3700,0.03262872745908073,0.0027442702450181052,0.4,-29.065572449436736,[0.         0.         0.         0.         0.01060912 0.         0.         0.         0.01605832 0.01056344 0.         0.01381346 0.         0.         0.         0.         0.         0.         0.0195624  0.         0.         0.         0.01253437 0.         0.         0.01262271 0.         0.87294139 0.02077156 0.         0.01052323],[0. 0. 0. 0. 1. 0. 0. 0. 1. 1. 0. 1. 0. 0. 0. 0. 0. 0. 1. 0. 0. 0. 1. 0. 0. 1. 0. 1. 1. 0. 1.],10.0,10000,30,0.6,10,1,10,,problem_solving
3800,0.03262872745908073,0.0027442702450181052,0.4,-3.7618673858228298,[0.         0.         0.         0.         0.01060912 0.         0.         0.         0.01605832 0.01056344 0.         0.01381346 0.         0.         0.         0.         0.         0.         0.0195624  0.         0.         0.         0.01253437 0.         0.         0.01262271 0.         0.87294139 0.02077156 0.         0.01052323],[0. 0. 0. 0. 1. 0. 0. 0. 1. 1. 0. 1. 0. 0. 0. 0. 0. 0. 1. 0. 0. 0. 1. 0. 0. 1. 0. 1. 1. 0. 1.],10.0,10000,30,0.6,10,1,10,,problem_solving
3900,0.03262872745908073,0.0027442702450181052,0.4,4.360705937005747,[0.         0.         0.         0.         0.01060912 0.         0.         0.         0.01605832 0.01056344 0.         0.01381346 0.         0.         0.         0.         0.         0.         0.0195624  0.         0.         0.         0.01253437 0.         0.         0.01262271 0.         0.87294139 0.02077156 0.         0.01052323],[0. 0. 0. 0. 1. 0. 0. 0. 1. 1. 0. 1. 0. 0. 0. 0. 0. 0. 1. 0. 0. 0. 1. 0. 0. 1. 0. 1. 1. 0. 1.],10.0,10000,30,0.6,10,1,10,,problem_solving
4000,0.03262872745908073,0.0027442702450181052,0.4,-20.782941436238463,[0.         0.         0.         0.         0.01060912 0.         0.         0.         0.01605832 0.01056344 0.         0.01381346 0.         0.         0.         0.         0.         0.         0.0195624  0.         0.         0.         0.01253437 0.         0.         0.01262271 0.         0.87294139 0.02077156 0.         0.01052323],[0. 0. 0. 0. 1. 0. 0. 0. 1. 1. 0. 1. 0. 0. 0. 0. 0. 0. 1. 0. 0. 0. 1. 0. 0. 1. 0. 1. 1. 0. 1.],10.0,10000,30,0.6,10,1,10,,problem_solving
4100,0.03262872745908073,0.0027442702450181052,0.4,-5.180084809934467,[0.         0.         0.         0.         0.01060912 0.         0.         0.         0.01605832 0.01056344 0.         0.01381346 0.         0.         0.         0.         0.         0.         0.0195624  0.         0.         0.         0.01253437 0.         0.         0.01262271 0.         0.87294139 0.02077156 0.         0.01052323],[0. 0. 0. 0. 1. 0. 0. 0. 1. 1. 0. 1. 0. 0. 0. 0. 0. 0. 1. 0. 0. 0. 1. 0. 0. 1. 0. 1. 1. 0. 1.],10.0,10000,30,0.6,10,1,10,,problem_solving
4200,0.03262872745908073,0.0027442702450181052,0.4,11.243575784772698,[0.         0.         0.         0.         0.01060912 0.         0.         0.         0.01605832 0.01056344 0.         0.01381346 0.         0.         0.         0.         0.         0.         0.0195624  0.         0.         0.         0.01253437 0.         0.         0.01262271 0.         0.87294139 0.02077156 0.         0.01052323],[0. 0. 0. 0. 1. 0. 0. 0. 1. 1. 0. 1. 0. 0. 0. 0. 0. 0. 1. 0. 0. 0. 1. 0. 0. 1. 0. 1. 1. 0. 1.],10.0,10000,30,0.6,10,1,10,,problem_solving
4300,0.03262872745908073,0.0027442702450181052,0.4,6.787361362917581,[0.         0.         0.         0.         0.01060912 0.         0.         0.         0.01605832 0.01056344 0.         0.01381346 0.         0.         0.         0.         0.         0.         0.0195624  0.         0.         0.         0.01253437 0.         0.         0.01262271 0.         0.87294139 0.02077156 0.         0.01052323],[0. 0. 0. 0. 1. 0. 0. 0. 1. 1. 0. 1. 0. 0. 0. 0. 0. 0. 1. 0. 0. 0. 1. 0. 0. 1. 0. 1. 1. 0. 1.],10.0,10000,30,0.6,10,1,10,,problem_solving
4400,0.03262872745908073,0.0027442702450181052,0.4,-8.98628272045165,[0.         0.         0.         0.         0.01060912 0.         0.         0.         0.01605832 0.01056344 0.         0.01381346 0.         0.         0.         0.         0.         0.         0.0195624  0.         0.         0.         0.01253437 0.         0.         0.01262271 0.         0.87294139 0.02077156 0.         0.01052323],[0. 0. 0. 0. 1. 0. 0. 0. 1. 1. 0. 1. 0. 0. 0. 0. 0. 0. 1. 0. 0. 0. 1. 0. 0. 1. 0. 1. 1. 0. 1.],10.0,10000,30,0.6,10,1,10,,problem_solving
4500,0.03262872745908073,0.0027442702450181052,0.4,12.38188143914056,[0.         0.         0.         0.         0.01060912 0.         0.         0.         0.01605832 0.01056344 0.         0.01381346 0.         0.         0.         0.         0.         0.         0.0195624  0.         0.         0.         0.01253437 0.         0.         0.01262271 0.         0.87294139 0.02077156 0.         0.01052323],[0. 0. 0. 0. 1. 0. 0. 0. 1. 1. 0. 1. 0. 0. 0. 0. 0. 0. 1. 0. 0. 0. 1. 0. 0. 1. 0. 1. 1. 0. 1.],10.0,10000,30,0.6,10,1,10,,problem_solving
4600,0.03262872745908073,0.0027442702450181052,0.4,3.706421430582095,[0.         0.         0.         0.         0.01060912 0.         0.         0.         0.01605832 0.01056344 0.         0.01381346 0.         0.         0.         0.         0.         0.         0.0195624  0.         0.         0.         0.01253437 0.         0.         0.01262271 0.         0.87294139 0.02077156 0.         0.01052323],[0. 0. 0. 0. 1. 0. 0. 0. 1. 1. 0. 1. 0. 0. 0. 0. 0. 0. 1. 0. 0. 0. 1. 0. 0. 1. 0. 1. 1. 0. 1.],10.0,10000,30,0.6,10,1,10,,problem_solving
4700,0.03262872745908073,0.0027442702450181052,0.4,0.14153463759970236,[0.         0.         0.         0.         0.01060912 0.         0.         0.         0.01605832 0.01056344 0.         0.01381346 0.         0.         0.         0.         0.         0.         0.0195624  0.         0.         0.         0.01253437 0.         0.         0.01262271 0.         0.87294139 0.02077156 0.         0.01052323],[0. 0. 0. 0. 1. 0. 0. 0. 1. 1. 0. 1. 0. 0. 0. 0. 0. 0. 1. 0. 0. 0. 1. 0. 0. 1. 0. 1. 1. 0. 1.],10.0,10000,30,0.6,10,1,10,,problem_solving
4800,0.03262872745908073,0.0027442702450181052,0.4,4.710029233941521,[0.         0.         0.         0.         0.01060912 0.         0.         0.         0.01605832 0.01056344 0.         0.01381346 0.         0.         0.         0.         0.         0.         0.0195624  0.         0.         0.         0.01253437 0.         0.         0.01262271 0.         0.87294139 0.02077156 0.         0.01052323],[0. 0. 0. 0. 1. 0. 0. 0. 1. 1. 0. 1. 0. 0. 0. 0. 0. 0. 1. 0. 0. 0. 1. 0. 0. 1. 0. 1. 1. 0. 1.],10.0,10000,30,0.6,10,1,10,,problem_solving
4900,0.03262872745908073,0.0027442702450181052,0.4,0.05764316760537702,[0.         0.         0.         0.         0.01060912 0.         0.         0.         0.01605832 0.01056344 0.         0.01381346 0.         0.         0.         0.         0.         0.         0.0195624  0.         0.         0.         0.01253437 0.         0.         0.01262271 0.         0.87294139 0.02077156 0.         0.01052323],[0. 0. 0. 0. 1. 0. 0. 0. 1. 1. 0. 1. 0. 0. 0. 0. 0. 0. 1. 0. 0. 0. 1. 0. 0. 1. 0. 1. 1. 0. 1.],10.0,10000,30,0.6,10,1,10,,problem_solving
5000,0.03262872745908073,0.0027442702450181052,0.4,-3.902885355321236,[0.         0.         0.         0.         0.01060912 0.         0.         0.         0.01605832 0.01056344 0.         0.01381346 0.         0.         0.         0.         0.         0.         0.0195624  0.         0.         0.         0.01253437 0.         0.         0.01262271 0.         0.87294139 0.02077156 0.         0.01052323],[0. 0. 0. 0. 1. 0. 0. 0. 1. 1. 0. 1. 0. 0. 0. 0. 0. 0. 1. 0. 0. 0. 1. 0. 0. 1. 0. 1. 1. 0. 1.],10.0,10000,30,0.6,10,1,10,,problem_solving
5100,0.03262872745908073,0.0027442702450181052,0.4,-16.62452948526876,[0.         0.         0.         0.         0.01060912 0.         0.         0.         0.01605832 0.01056344 0.         0.01381346 0.         0.         0.         0.         0.         0.         0.0195624  0.         0.         0.         0.01253437 0.         0.         0.01262271 0.         0.87294139 0.02077156 0.         0.01052323],[0. 0. 0. 0. 1. 0. 0. 0. 1. 1. 0. 1. 0. 0. 0. 0. 0. 0. 1. 0. 0. 0. 1. 0. 0. 1. 0. 1. 1. 0. 1.],10.0,10000,30,0.6,10,1,10,,problem_solving
5200,0.03262872745908073,0.0027442702450181052,0.4,15.944307723923451,[0.         0.         0.         0.         0.01060912 0.         0.         0.         0.01605832 0.01056344 0.         0.01381346 0.         0.         0.         0.         0.         0.         0.0195624  0.         0.         0.         0.01253437 0.         0.         0.01262271 0.         0.87294139 0.02077156 0.         0.01052323],[0. 0. 0. 0. 1. 0. 0. 0. 1. 1. 0. 1. 0. 0. 0. 0. 0. 0. 1. 0. 0. 0. 1. 0. 0. 1. 0. 1. 1. 0. 1.],10.0,10000,30,0.6,10,1,10,,problem_solving
5300,0.03262872745908073,0.0027442702450181052,0.4,4.898248629520484,[0.         0.         0.         0.         0.01060912 0.         0.         0.         0.01605832 0.01056344 0.         0.01381346 0.         0.         0.         0.         0.         0.         0.0195624  0.         0.         0.         0.01253437 0.         0.         0.01262271 0.         0.87294139 0.02077156 0.         0.01052323],[0. 0. 0. 0. 1. 0. 0. 0. 1. 1. 0. 1. 0. 0. 0. 0. 0. 0. 1. 0. 0. 0. 1. 0. 0. 1. 0. 1. 1. 0. 1.],10.0,10000,30,0.6,10,1,10,,problem_solving
5400,0.03262872745908073,0.0027442702450181052,0.4,-0.1767180112072918,[0.         0.         0.         0.         0.01060912 0.         0.         0.         0.01605832 0.01056344 0.         0.01381346 0.         0.         0.         0.         0.         0.         0.0195624  0.         0.         0.         0.01253437 0.         0.         0.01262271 0.         0.87294139 0.02077156 0.         0.01052323],[0. 0. 0. 0. 1. 0. 0. 0. 1. 1. 0. 1. 0. 0. 0. 0. 0. 0. 1. 0. 0. 0. 1. 0. 0. 1. 0. 1. 1. 0. 1.],10.0,10000,30,0.6,10,1,10,,problem_solving
5500,0.03262872745908073,0.0027442702450181052,0.4,6.398391351638116,[0.         0.         0.         0.         0.01060912 0.         0.         0.         0.01605832 0.01056344 0.         0.01381346 0.         0.         0.         0.         0.         0.         0.0195624  0.         0.         0.         0.01253437 0.         0.         0.01262271 0.         0.87294139 0.02077156 0.         0.01052323],[0. 0. 0. 0. 1. 0. 0. 0. 1. 1. 0. 1. 0. 0. 0. 0. 0. 0. 1. 0. 0. 0. 1. 0. 0. 1. 0. 1. 1. 0. 1.],10.0,10000,30,0.6,10,1,10,,problem_solving
5600,0.03262872745908073,0.0027442702450181052,0.4,2.2825382255429525,[0.         0.         0.         0.         0.01060912 0.         0.         0.         0.01605832 0.01056344 0.         0.01381346 0.         0.         0.         0.         0.         0.         0.0195624  0.         0.         0.         0.01253437 0.         0.         0.01262271 0.         0.87294139 0.02077156 0.         0.01052323],[0. 0. 0. 0. 1. 0. 0. 0. 1. 1. 0. 1. 0. 0. 0. 0. 0. 0. 1. 0. 0. 0. 1. 0. 0. 1. 0. 1. 1. 0. 1.],10.0,10000,30,0.6,10,1,10,,problem_solving
5700,0.03262872745908073,0.0027442702450181052,0.4,12.174850335725505,[0.         0.         0.         0.         0.01060912 0.         0.         0.         0.01605832 0.01056344 0.         0.01381346 0.         0.         0.         0.         0.         0.         0.0195624  0.         0.         0.         0.01253437 0.         0.         0.01262271 0.         0.87294139 0.02077156 0.         0.01052323],[0. 0. 0. 0. 1. 0. 0. 0. 1. 1. 0. 1. 0. 0. 0. 0. 0. 0. 1. 0. 0. 0. 1. 0. 0. 1. 0. 1. 1. 0. 1.],10.0,10000,30,0.6,10,1,10,,problem_solving
5800,0.03262872745908073,0.0027442702450181052,0.4,12.851671597350744,[0.         0.         0.         0.         0.01060912 0.         0.         0.         0.01605832 0.01056344 0.         0.01381346 0.         0.         0.         0.         0.         0.         0.0195624  0.         0.         0.         0.01253437 0.         0.         0.01262271 0.         0.87294139 0.02077156 0.         0.01052323],[0. 0. 0. 0. 1. 0. 0. 0. 1. 1. 0. 1. 0. 0. 0. 0. 0. 0. 1. 0. 0. 0. 1. 0. 0. 1. 0. 1. 1. 0. 1.],10.0,10000,30,0.6,10,1,10,,problem_solving
5900,0.03208208362816582,0.00254186555103128,0.4,-5.823619048958425,[0.01563184 0.0112699  0.         0.         0.01699482 0.         0.         0.         0.         0.         0.         0.         0.         0.         0.01494582 0.         0.         0.01221698 0.         0.         0.01055498 0.01524548 0.         0.         0.         0.01710796 0.01585438 0.87017785 0.         0.         0.        ],[1. 1. 0. 0. 1. 0. 0. 0. 0. 0. 0. 0. 0. 0. 1. 0. 0. 1. 0. 0. 1. 1. 0. 0. 0. 1. 1. 1. 0. 0. 0.],10.0,10000,30,0.6,10,1,10,,problem_solving
6000,0.03208208362816582,0.00254186555103128,0.4,-2.018558631466117,[0.01563184 0.0112699  0.         0.         0.01699482 0.         0.         0.         0.         0.         0.         0.         0.         0.         0.01494582 0.         0.         0.01221698 0.         0.         0.01055498 0.01524548 0.         0.         0.         0.01710796 0.01585438 0.87017785 0.         0.         0.        ],[1. 1. 0. 0. 1. 0. 0. 0. 0. 0. 0. 0. 0. 0. 1. 0. 0. 1. 0. 0. 1. 1. 0. 0. 0. 1. 1. 1. 0. 0. 0.],10.0,10000,30,0.6,10,1,10,,problem_solving
6100,0.03208208362816582,0.00254186555103128,0.4,-15.76909642985979,[0.01563184 0.0112699  0.         0.         0.01699482 0.         0.         0.         0.         0.         0.         0.         0.         0.         0.01494582 0.         0.         0.01221698 0.         0.         0.01055498 0.01524548 0.         0.         0.         0.01710796 0.01585438 0.87017785 0.         0.         0.        ],[1. 1. 0. 0. 1. 0. 0. 0. 0. 0. 0. 0. 0. 0. 1. 0. 0. 1. 0. 0. 1. 1. 0. 0. 0. 1. 1. 1. 0. 0. 0.],10.0,10000,30,0.6,10,1,10,,problem_solving
6200,0.03208208362816582,0.00254186555103128,0.4,5.574970836782289,[0.01563184 0.0112699  0.         0.         0.01699482 0.         0.         0.         0.         0.         0.         0.         0.         0.         0.01494582 0.         0.         0.01221698 0.         0.         0.01055498 0.01524548 0.         0.         0.         0.01710796 0.01585438 0.87017785 0.         0.         0.        ],[1. 1. 0. 0. 1. 0. 0. 0. 0. 0. 0. 0. 0. 0. 1. 0. 0. 1. 0. 0. 1. 1. 0. 0. 0. 1. 1. 1. 0. 0. 0.],10.0,10000,30,0.6,10,1,10,,problem_solving
6300,0.03208208362816582,0.00254186555103128,0.4,-11.601707038083486,[0.01563184 0.0112699  0.         0.         0.01699482 0.         0.         0.         0.         0.         0.         0.         0.         0.         0.01494582 0.         0.         0.01221698 0.         0.         0.01055498 0.01524548 0.         0.         0.         0.01710796 0.01585438 0.87017785 0.         0.         0.        ],[1. 1. 0. 0. 1. 0. 0. 0. 0. 0. 0. 0. 0. 0. 1. 0. 0. 1. 0. 0. 1. 1. 0. 0. 0. 1. 1. 1. 0. 0. 0.],10.0,10000,30,0.6,10,1,10,,problem_solving
6400,0.03208208362816582,0.00254186555103128,0.4,2.6686905568079156,[0.01563184 0.0112699  0.         0.         0.01699482 0.         0.         0.         0.         0.         0.         0.         0.         0.         0.01494582 0.         0.         0.01221698 0.         0.         0.01055498 0.01524548 0.         0.         0.         0.01710796 0.01585438 0.87017785 0.         0.         0.        ],[1. 1. 0. 0. 1. 0. 0. 0. 0. 0. 0. 0. 0. 0. 1. 0. 0. 1. 0. 0. 1. 1. 0. 0. 0. 1. 1. 1. 0. 0. 0.],10.0,10000,30,0.6,10,1,10,,problem_solving
6500,0.03208208362816582,0.00254186555103128,0.4,6.50033034480551,[0.01563184 0.0112699  0.         0.         0.01699482 0.         0.         0.         0.         0.         0.         0.         0.         0.         0.01494582 0.         0.         0.01221698 0.         0.         0.01055498 0.01524548 0.         0.         0.         0.01710796 0.01585438 0.87017785 0.         0.         0.        ],[1. 1. 0. 0. 1. 0. 0. 0. 0. 0. 0. 0. 0. 0. 1. 0. 0. 1. 0. 0. 1. 1. 0. 0. 0. 1. 1. 1. 0. 0. 0.],10.0,10000,30,0.6,10,1,10,,problem_solving
6600,0.03208208362816582,0.00254186555103128,0.4,7.621442244533321,[0.01563184 0.0112699  0.         0.         0.01699482 0.         0.         0.         0.         0.         0.         0.         0.         0.         0.01494582 0.         0.         0.01221698 0.         0.         0.01055498 0.01524548 0.         0.         0.         0.01710796 0.01585438 0.87017785 0.         0.         0.        ],[1. 1. 0. 0. 1. 0. 0. 0. 0. 0. 0. 0. 0. 0. 1. 0. 0. 1. 0. 0. 1. 1. 0. 0. 0. 1. 1. 1. 0. 0. 0.],10.0,10000,30,0.6,10,1,10,,problem_solving
6700,0.032008016970796825,0.0025142339149570887,0.4,10.195586758783266,[0.         0.01234752 0.         0.         0.         0.         0.         0.01311586 0.         0.         0.01142657 0.01237375 0.01226171 0.         0.01217704 0.         0.         0.         0.         0.         0.         0.         0.01251789 0.         0.         0.         0.0115458  0.88934565 0.         0.         0.01288821],[0. 1. 0. 0. 0. 0. 0. 1. 0. 0. 1. 1. 1. 0. 1. 0. 0. 0. 0. 0. 0. 0. 1. 0. 0. 0. 1. 1. 0. 0. 1.],10.0,10000,30,0.6,10,1,10,,problem_solving
6800,0.032008016970796825,0.0025142339149570887,0.4,13.636132668812923,[0.         0.01234752 0.         0.         0.         0.         0.         0.01311586 0.         0.         0.01142657 0.01237375 0.01226171 0.         0.01217704 0.         0.         0.         0.         0.         0.         0.         0.01251789 0.         0.         0.         0.0115458  0.88934565 0.         0.         0.01288821],[0. 1. 0. 0. 0. 0. 0. 1. 0. 0. 1. 1. 1. 0. 1. 0. 0. 0. 0. 0. 0. 0. 1. 0. 0. 0. 1. 1. 0. 0. 1.],10.0,10000,30,0.6,10,1,10,,problem_solving
6900,0.032008016970796825,0.0025142339149570887,0.4,-7.386259814113777,[0.         0.01234752 0.         0.         0.         0.         0.         0.01311586 0.         0.         0.01142657 0.01237375 0.01226171 0.         0.01217704 0.         0.         0.         0.         0.         0.         0.         0.01251789 0.         0.         0.         0.0115458  0.88934565 0.         0.         0.01288821],[0. 1. 0. 0. 0. 0. 0. 1. 0. 0. 1. 1. 1. 0. 1. 0. 0. 0. 0. 0. 0. 0. 1. 0. 0. 0. 1. 1. 0. 0. 1.],10.0,10000,30,0.6,10,1,10,,problem_solving
7000,0.032008016970796825,0.0025142339149570887,0.4,-8.42645815797838,[0.         0.01234752 0.         0.         0.         0.         0.         0.01311586 0.         0.         0.01142657 0.01237375 0.01226171 0.         0.01217704 0.         0.         0.         0.         0.         0.         0.         0.01251789 0.         0.         0.         0.0115458  0.88934565 0.         0.         0.01288821],[0. 1. 0. 0. 0. 0. 0. 1. 0. 0. 1. 1. 1. 0. 1. 0. 0. 0. 0. 0. 0. 0. 1. 0. 0. 0. 1. 1. 0. 0. 1.],10.0,10000,30,0.6,10,1,10,,problem_solving
7100,0.032008016970796825,0.0025142339149570887,0.4,-2.017015654146497,[0.         0.01234752 0.         0.         0.         0.         0.         0.01311586 0.         0.         0.01142657 0.01237375 0.01226171 0.         0.01217704 0.         0.         0.         0.         0.         0.         0.         0.01251789 0.         0.         0.         0.0115458  0.88934565 0.         0.         0.01288821],[0. 1. 0. 0. 0. 0. 0. 1. 0. 0. 1. 1. 1. 0. 1. 0. 0. 0. 0. 0. 0. 0. 1. 0. 0. 0. 1. 1. 0. 0. 1.],10.0,10000,30,0.6,10,1,10,,problem_solving
7200,0.03150605661859349,0.0025494066975895223,0.4,-14.35705342983076,[0.         0.         0.         0.         0.0105105  0.         0.0133644  0.         0.         0.         0.01821639 0.         0.         0.         0.         0.         0.         0.01048364 0.01322676 0.         0.         0.         0.         0.         0.01156718 0.01414084 0.0105173  0.88205736 0.01591563 0.         0.        ],[0. 0. 0. 0. 1. 0. 1. 0. 0. 0. 1. 0. 0. 0. 0. 0. 0. 1. 1. 0. 0. 0. 0. 0. 1. 1. 1. 1. 1. 0. 0.],10.0,10000,30,0.6,10,1,10,,problem_solving
7300,0.03150605661859349,0.0025494066975895223,0.4,3.928333355394473,[0.         0.         0.         0.         0.0105105  0.         0.0133644  0.         0.         0.         0.01821639 0.         0.         0.         0.         0.         0.         0.01048364 0.01322676 0.         0.         0.         0.         0.         0.01156718 0.01414084 0.0105173  0.88205736 0.01591563 0.         0.        ],[0. 0. 0. 0. 1. 0. 1. 0. 0. 0. 1. 0. 0. 0. 0. 0. 0. 1. 1. 0. 0. 0. 0. 0. 1. 1. 1. 1. 1. 0. 0.],10.0,10000,30,0.6,10,1,10,,problem_solving
7400,0.03150605661859349,0.0025494066975895223,0.4,-5.3128997352137635,[0.         0.         0.         0.         0.0105105  0.         0.0133644  0.         0.         0.         0.01821639 0.         0.         0.         0.         0.         0.         0.01048364 0.01322676 0.         0.         0.         0.         0.         0.01156718 0.01414084 0.0105173  0.88205736 0.01591563 0.         0.        ],[0. 0. 0. 0. 1. 0. 1. 0. 0. 0. 1. 0. 0. 0. 0. 0. 0. 1. 1. 0. 0. 0. 0. 0. 1. 1. 1. 1. 1. 0. 0.],10.0,10000,30,0.6,10,1,10,,problem_solving
7500,0.03150605661859349,0.0025494066975895223,0.4,5.287896318802911,[0.         0.         0.         0.         0.0105105  0.         0.0133644  0.         0.         0.         0.01821639 0.         0.         0.         0.         0.         0.         0.01048364 0.01322676 0.         0.         0.         0.         0.         0.01156718 0.01414084 0.0105173  0.88205736 0.01591563 0.         0.        ],[0. 0. 0. 0. 1. 0. 1. 0. 0. 0. 1. 0. 0. 0. 0. 0. 0. 1. 1. 0. 0. 0. 0. 0. 1. 1. 1. 1. 1. 0. 0.],10.0,10000,30,0.6,10,1,10,,problem_solving
7600,0.03150605661859349,0.0025494066975895223,0.4,8.395563771098463,[0.         0.         0.         0.         0.0105105  0.         0.0133644  0.         0.         0.         0.01821639 0.         0.         0.         0.         0.         0.         0.01048364 0.01322676 0.         0.         0.         0.         0.         0.01156718 0.01414084 0.0105173  0.88205736 0.01591563 0.         0.        ],[0. 0. 0. 0. 1. 0. 1. 0. 0. 0. 1. 0. 0. 0. 0. 0. 0. 1. 1. 0. 0. 0. 0. 0. 1. 1. 1. 1. 1. 0. 0.],10.0,10000,30,0.6,10,1,10,,problem_solving
7700,0.03150605661859349,0.0025494066975895223,0.4,-19.90436710762077,[0.         0.         0.         0.         0.0105105  0.         0.0133644  0.         0.         0.         0.01821639 0.         0.         0.         0.         0.         0.         0.01048364 0.01322676 0.         0.         0.         0.         0.         0.01156718 0.01414084 0.0105173  0.88205736 0.01591563 0.         0.        ],[0. 0. 0. 0. 1. 0. 1. 0. 0. 0. 1. 0. 0. 0. 0. 0. 0. 1. 1. 0. 0. 0. 0. 0. 1. 1. 1. 1. 1. 0. 0.],10.0,10000,30,0.6,10,1,10,,problem_solving
7800,0.03150605661859349,0.0025494066975895223,0.4,1.7689416943795002,[0.         0.         0.         0.         0.0105105  0.         0.0133644  0.         0.         0.         0.01821639 0.         0.         0.         0.         0.         0.         0.01048364 0.01322676 0.         0.         0.         0.         0.         0.01156718 0.01414084 0.0105173  0.88205736 0.01591563 0.         0.        ],[0. 0. 0. 0. 1. 0. 1. 0. 0. 0. 1. 0. 0. 0. 0. 0. 0. 1. 1. 0. 0. 0. 0. 0. 1. 1. 1. 1. 1. 0. 0.],10.0,10000,30,0.6,10,1,10,,problem_solving
7900,0.03150605661859349,0.0025494066975895223,0.4,-24.755972388518902,[0.         0.         0.         0.         0.0105105  0.         0.0133644  0.         0.         0.         0.01821639 0.         0.         0.         0.         0.         0.         0.01048364 0.01322676 0.         0.         0.         0.         0.         0.01156718 0.01414084 0.0105173  0.88205736 0.01591563 0.         0.        ],[0. 0. 0. 0. 1. 0. 1. 0. 0. 0. 1. 0. 0. 0. 0. 0. 0. 1. 1. 0. 0. 0. 0. 0. 1. 1. 1. 1. 1. 0. 0.],10.0,10000,30,0.6,10,1,10,,problem_solving
8000,0.03150605661859349,0.0025494066975895223,0.4,-3.987429818287172,[0.         0.         0.         0.         0.0105105  0.         0.0133644  0.         0.         0.         0.01821639 0.         0.         0.         0.         0.         0.         0.01048364 0.01322676 0.         0.         0.         0.         0.         0.01156718 0.01414084 0.0105173  0.88205736 0.01591563 0.         0.        ],[0. 0. 0. 0. 1. 0. 1. 0. 0. 0. 1. 0. 0. 0. 0. 0. 0. 1. 1. 0. 0. 0. 0. 0. 1. 1. 1. 1. 1. 0. 0.],10.0,10000,30,0.6,10,1,10,,problem_solving
8100,0.03150605661859349,0.0025494066975895223,0.4,5.22793326489002,[0.         0.         0.         0.         0.0105105  0.         0.0133644  0.         0.         0.         0.01821639 0.         0.         0.         0.         0.         0.         0.01048364 0.01322676 0.         0.         0.         0.         0.         0.01156718 0.01414084 0.0105173  0.88205736 0.01591563 0.         0.        ],[0. 0. 0. 0. 1. 0. 1. 0. 0. 0. 1. 0. 0. 0. 0. 0. 0. 1. 1. 0. 0. 0. 0. 0. 1. 1. 1. 1. 1. 0. 0.],10.0,10000,30,0.6,10,1,10,,problem_solving
8200,0.03150605661859349,0.0025494066975895223,0.4,13.049900311242435,[0.         0.         0.         0.         0.0105105  0.         0.0133644  0.         0.         0.         0.01821639 0.         0.         0.         0.         0.         0.         0.01048364 0.01322676 0.         0.         0.         0.         0.         0.01156718 0.01414084 0.0105173  0.88205736 0.01591563 0.         0.        ],[0. 0. 0. 0. 1. 0. 1. 0. 0. 0. 1. 0. 0. 0. 0. 0. 0. 1. 1. 0. 0. 0. 0. 0. 1. 1. 1. 1. 1. 0. 0.],10.0,10000,30,0.6,10,1,10,,problem_solving
8300,0.03150605661859349,0.0025494066975895223,0.4,5.8701461924451355,[0.         0.         0.         0.         0.0105105  0.         0.0133644  0.         0.         0.         0.01821639 0.         0.         0.         0.         0.         0.         0.01048364 0.01322676 0.         0.         0.         0.         0.         0.01156718 0.01414084 0.0105173  0.88205736 0.01591563 0.         0.        ],[0. 0. 0. 0. 1. 0. 1. 0. 0. 0. 1. 0. 0. 0. 0. 0. 0. 1. 1. 0. 0. 0. 0. 0. 1. 1. 1. 1. 1. 0. 0.],10.0,10000,30,0.6,10,1,10,,problem_solving
8400,0.03150605661859349,0.0025494066975895223,0.4,-17.3813990564334,[0.         0.         0.         0.         0.0105105  0.         0.0133644  0.         0.         0.         0.01821639 0.         0.         0.         0.         0.         0.         0.01048364 0.01322676 0.         0.         0.         0.         0.         0.01156718 0.01414084 0.0105173  0.88205736 0.01591563 0.         0.        ],[0. 0. 0. 0. 1. 0. 1. 0. 0. 0. 1. 0. 0. 0. 0. 0. 0. 1. 1. 0. 0. 0. 0. 0. 1. 1. 1. 1. 1. 0. 0.],10.0,10000,30,0.6,10,1,10,,problem_solving
8500,0.03150605661859349,0.0025494066975895223,0.4,10.942230592612688,[0.         0.         0.         0.         0.0105105  0.         0.0133644  0.         0.         0.         0.01821639 0.         0.         0.         0.         0.         0.         0.01048364 0.01322676 0.         0.         0.         0.         0.         0.01156718 0.01414084 0.0105173  0.88205736 0.01591563 0.         0.        ],[0. 0. 0. 0. 1. 0. 1. 0. 0. 0. 1. 0. 0. 0. 0. 0. 0. 1. 1. 0. 0. 0. 0. 0. 1. 1. 1. 1. 1. 0. 0.],10.0,10000,30,0.6,10,1,10,,problem_solving
8600,0.03150605661859349,0.0025494066975895223,0.4,7.756030353105028,[0.         0.         0.         0.         0.0105105  0.         0.0133644  0.         0.         0.         0.01821639 0.         0.         0.         0.         0.         0.         0.01048364 0.01322676 0.         0.         0.         0.         0.         0.01156718 0.01414084 0.0105173  0.88205736 0.01591563 0.         0.        ],[0. 0. 0. 0. 1. 0. 1. 0. 0. 0. 1. 0. 0. 0. 0. 0. 0. 1. 1. 0. 0. 0. 0. 0. 1. 1. 1. 1. 1. 0. 0.],10.0,10000,30,0.6,10,1,10,,problem_solving
8700,0.03150605661859349,0.0025494066975895223,0.4,-10.317498113572876,[0.         0.         0.         0.         0.0105105  0.         0.0133644  0.         0.         0.         0.01821639 0.         0.         0.         0.         0.         0.         0.01048364 0.01322676 0.         0.         0.         0.         0.         0.01156718 0.01414084 0.0105173  0.88205736 0.01591563 0.         0.        ],[0. 0. 0. 0. 1. 0. 1. 0. 0. 0. 1. 0. 0. 0. 0. 0. 0. 1. 1. 0. 0. 0. 0. 0. 1. 1. 1. 1. 1. 0. 0.],10.0,10000,30,0.6,10,1,10,,problem_solving
8800,0.03150605661859349,0.0025494066975895223,0.4,-11.846799337446667,[0.         0.         0.         0.         0.0105105  0.         0.0133644  0.         0.         0.         0.01821639 0.         0.         0.         0.         0.         0.         0.01048364 0.01322676 0.         0.         0.         0.         0.         0.01156718 0.01414084 0.0105173  0.88205736 0.01591563 0.         0.        ],[0. 0. 0. 0. 1. 0. 1. 0. 0. 0. 1. 0. 0. 0. 0. 0. 0. 1. 1. 0. 0. 0. 0. 0. 1. 1. 1. 1. 1. 0. 0.],10.0,10000,30,0.6,10,1,10,,problem_solving
8900,0.03150605661859349,0.0025494066975895223,0.4,0.22799030034893503,[0.         0.         0.         0.         0.0105105  0.         0.0133644  0.         0.         0.         0.01821639 0.         0.         0.         0.         0.         0.         0.01048364 0.01322676 0.         0.         0.         0.         0.         0.01156718 0.01414084 0.0105173  0.88205736 0.01591563 0.         0.        ],[0. 0. 0. 0. 1. 0. 1. 0. 0. 0. 1. 0. 0. 0. 0. 0. 0. 1. 1. 0. 0. 0. 0. 0. 1. 1. 1. 1. 1. 0. 0.],10.0,10000,30,0.6,10,1,10,,problem_solving
9000,0.03150605661859349,0.0025494066975895223,0.4,5.558274645712063,[0.         0.         0.         0.         0.0105105  0.         0.0133644  0.         0.         0.         0.01821639 0.         0.         0.         0.         0.         0.         0.01048364 0.01322676 0.         0.         0.         0.         0.         0.01156718 0.01414084 0.0105173  0.88205736 0.01591563 0.         0.        ],[0. 0. 0. 0. 1. 0. 1. 0. 0. 0. 1. 0. 0. 0. 0. 0. 0. 1. 1. 0. 0. 0. 0. 0. 1. 1. 1. 1. 1. 0. 0.],10.0,10000,30,0.6,10,1,10,,problem_solving
9100,0.03150605661859349,0.0025494066975895223,0.4,-0.10524766135771432,[0.         0.         0.         0.         0.0105105  0.         0.0133644  0.         0.         0.         0.01821639 0.         0.         0.         0.         0.         0.         0.01048364 0.01322676 0.         0.         0.         0.         0.         0.01156718 0.01414084 0.0105173  0.88205736 0.01591563 0.         0.        ],[0. 0. 0. 0. 1. 0. 1. 0. 0. 0. 1. 0. 0. 0. 0. 0. 0. 1. 1. 0. 0. 0. 0. 0. 1. 1. 1. 1. 1. 0. 0.],10.0,10000,30,0.6,10,1,10,,problem_solving
9200,0.03150605661859349,0.0025494066975895223,0.4,-1.7070210474390992,[0.         0.         0.         0.         0.0105105  0.         0.0133644  0.         0.         0.         0.01821639 0.         0.         0.         0.         0.         0.         0.01048364 0.01322676 0.         0.         0.         0.         0.         0.01156718 0.01414084 0.0105173  0.88205736 0.01591563 0.         0.        ],[0. 0. 0. 0. 1. 0. 1. 0. 0. 0. 1. 0. 0. 0. 0. 0. 0. 1. 1. 0. 0. 0. 0. 0. 1. 1. 1. 1. 1. 0. 0.],10.0,10000,30,0.6,10,1,10,,problem_solving
9300,0.03150605661859349,0.0025494066975895223,0.4,-1.567986885416973,[0.         0.         0.         0.         0.0105105  0.         0.0133644  0.         0.         0.         0.01821639 0.         0.         0.         0.         0.         0.         0.01048364 0.01322676 0.         0.         0.         0.         0.         0.01156718 0.01414084 0.0105173  0.88205736 0.01591563 0.         0.        ],[0. 0. 0. 0. 1. 0. 1. 0. 0. 0. 1. 0. 0. 0. 0. 0. 0. 1. 1. 0. 0. 0. 0. 0. 1. 1. 1. 1. 1. 0. 0.],10.0,10000,30,0.6,10,1,10,,problem_solving
9400,0.03150605661859349,0.0025494066975895223,0.4,-4.702018787707184,[0.         0.         0.         0.         0.0105105  0.         0.0133644  0.         0.         0.         0.01821639 0.         0.         0.         0.         0.         0.         0.01048364 0.01322676 0.         0.         0.         0.         0.         0.01156718 0.01414084 0.0105173  0.88205736 0.01591563 0.         0.        ],[0. 0. 0. 0. 1. 0. 1. 0. 0. 0. 1. 0. 0. 0. 0. 0. 0. 1. 1. 0. 0. 0. 0. 0. 1. 1. 1. 1. 1. 0. 0.],10.0,10000,30,0.6,10,1,10,,problem_solving
9500,0.03150605661859349,0.0025494066975895223,0.4,6.8586121241183235,[0.         0.         0.         0.         0.0105105  0.         0.0133644  0.         0.         0.         0.01821639 0.         0.         0.         0.         0.         0.         0.01048364 0.01322676 0.         0.         0.         0.         0.         0.01156718 0.01414084 0.0105173  0.88205736 0.01591563 0.         0.        ],[0. 0. 0. 0. 1. 0. 1. 0. 0. 0. 1. 0. 0. 0. 0. 0. 0. 1. 1. 0. 0. 0. 0. 0. 1. 1. 1. 1. 1. 0. 0.],10.0,10000,30,0.6,10,1,10,,problem_solving
9600,0.03150605661859349,0.0025494066975895223,0.4,14.455741735804121,[0.         0.         0.         0.         0.0105105  0.         0.0133644  0.         0.         0.         0.01821639 0.         0.         0.         0.         0.         0.         0.01048364 0.01322676 0.         0.         0.         0.         0.         0.01156718 0.01414084 0.0105173  0.88205736 0.01591563 0.         0.        ],[0. 0. 0. 0. 1. 0. 1. 0. 0. 0. 1. 0. 0. 0. 0. 0. 0. 1. 1. 0. 0. 0. 0. 0. 1. 1. 1. 1. 1. 0. 0.],10.0,10000,30,0.6,10,1,10,,problem_solving
9700,0.03150605661859349,0.0025494066975895223,0.4,3.896331499167849,[0.         0.         0.         0.         0.0105105  0.         0.0133644  0.         0.         0.         0.01821639 0.         0.         0.         0.         0.         0.         0.01048364 0.01322676 0.         0.         0.         0.         0.         0.01156718 0.01414084 0.0105173  0.88205736 0.01591563 0.         0.        ],[0. 0. 0. 0. 1. 0. 1. 0. 0. 0. 1. 0. 0. 0. 0. 0. 0. 1. 1. 0. 0. 0. 0. 0. 1. 1. 1. 1. 1. 0. 0.],10.0,10000,30,0.6,10,1,10,,problem_solving
9800,0.03150605661859349,0.0025494066975895223,0.4,23.27629042044522,[0.         0.         0.         0.         0.0105105  0.         0.0133644  0.         0.         0.         0.01821639 0.         0.         0.         0.         0.         0.         0.01048364 0.01322676 0.         0.         0.         0.         0.         0.01156718 0.01414084 0.0105173  0.88205736 0.01591563 0.         0.        ],[0. 0. 0. 0. 1. 0. 1. 0. 0. 0. 1. 0. 0. 0. 0. 0. 0. 1. 1. 0. 0. 0. 0. 0. 1. 1. 1. 1. 1. 0. 0.],10.0,10000,30,0.6,10,1,10,,problem_solving
9900,0.03150605661859349,0.0025494066975895223,0.4,-5.7882489787954015,[0.         0.         0.         0.         0.0105105  0.         0.0133644  0.         0.         0.         0.01821639 0.         0.         0.         0.         0.         0.         0.01048364 0.01322676 0.         0.         0.         0.         0.         0.01156718 0.01414084 0.0105173  0.88205736 0.01591563 0.         0.        ],[0. 0. 0. 0. 1. 0. 1. 0. 0. 0. 1. 0. 0. 0. 0. 0. 0. 1. 1. 0. 0. 0. 0. 0. 1. 1. 1. 1. 1. 0. 0.],10.0,10000,30,0.6,10,1,10,,problem_solving
9999,0.03150605661859349,0.0025494066975895223,0.4,9.457958112705057,[0.         0.         0.         0.         0.0105105  0.         0.0133644  0.         0.         0.         0.01821639 0.         0.         0.         0.         0.         0.         0.01048364 0.01322676 0.         0.         0.         0.         0.         0.01156718 0.01414084 0.0105173  0.88205736 0.01591563 0.         0.        ],[0. 0. 0. 0. 1. 0. 1. 0. 0. 0. 1. 0. 0. 0. 0. 0. 0. 1. 1. 0. 0. 0. 0. 0. 1. 1. 1. 1. 1. 0. 0.],10.0,10000,30,0.6,10,1,10,,problem_solving
