iter,cost,return,par,move,X,Z,Q,max_iter,mem_size,mem_consider,sigma,port_n,k,seed,tag
1,0.17362206243534317,0.004678001829130121,0.4,8.561671039987326,[0.         0.         0.         0.         0.02198292 0.02082579 0.         0.01665888 0.         0.         0.         0.01119981 0.         0.         0.         0.         0.01070684 0.         0.01673779 0.         0.         0.         0.         0.02305891 0.         0.85554572 0.         0.01253426 0.         0.01074909 0.        ],[0. 0. 0. 0. 1. 1. 0. 1. 0. 0. 0. 1. 0. 0. 0. 0. 1. 0. 1. 0. 0. 0. 0. 1. 0. 1. 0. 1. 0. 1. 0.],10.0,10000,30,0.6,10,1,10,,problem_solving
100,0.04621971557238211,0.009895755483456071,0.4,4.1051072063395955,[0.         0.         0.01735212 0.01096168 0.         0.         0.         0.01619066 0.         0.         0.         0.         0.         0.         0.01884287 0.         0.01699241 0.         0.01395475 0.         0.         0.01806274 0.         0.         0.         0.86638315 0.         0.01062424 0.         0.         0.01063539],[0. 0. 1. 1. 0. 0. 0. 1. 0. 0. 0. 0. 0. 0. 1. 0. 1. 0. 1. 0. 0. 1. 0. 0. 0. 1. 0. 1. 0. 0. 1.],10.0,10000,30,0.6,10,1,10,,problem_solving
200,0.04621971557238211,0.009895755483456071,0.4,-6.120858478582133,[0.         0.         0.01735212 0.01096168 0.         0.         0.         0.01619066 0.         0.         0.         0.         0.         0.         0.01884287 0.         0.01699241 0.         0.01395475 0.         0.         0.01806274 0.         0.         0.         0.86638315 0.         0.01062424 0.         0.         0.01063539],[0. 0. 1. 1. 0. 0. 0. 1. 0. 0. 0. 0. 0. 0. 1. 0. 1. 0. 1. 0. 0. 1. 0. 0. 0. 1. 0. 1. 0. 0. 1.],10.0,10000,30,0.6,10,1,10,,problem_solving
300,0.04621971557238211,0.009895755483456071,0.4,13.24586466505136,[0.         0.         0.01735212 0.01096168 0.         0.         0.         0.01619066 0.         0.         0.         0.         0.         0.         0.01884287 0.         0.01699241 0.         0.01395475 0.         0.         0.01806274 0.         0.         0.         0.86638315 0.         0.01062424 0.         0.         0.01063539],[0. 0. 1. 1. 0. 0. 0. 1. 0. 0. 0. 0. 0. 0. 1. 0. 1. 0. 1. 0. 0. 1. 0. 0. 0. 1. 0. 1. 0. 0. 1.],10.0,10000,30,0.6,10,1,10,,problem_solving
400,0.04621971557238211,0.009895755483456071,0.4,-4.3082440247622165,[0.         0.         0.01735212 0.01096168 0.         0.         0.         0.01619066 0.         0.         0.         0.         0.         0.         0.01884287 0.         0.01699241 0.         0.01395475 0.         0.         0.01806274 0.         0.         0.         0.86638315 0.         0.01062424 0.         0.         0.01063539],[0. 0. 1. 1. 0. 0. 0. 1. 0. 0. 0. 0. 0. 0. 1. 0. 1. 0. 1. 0. 0. 1. 0. 0. 0. 1. 0. 1. 0. 0. 1.],10.0,10000,30,0.6,10,1,10,,problem_solving
500,0.04621971557238211,0.009895755483456071,0.4,-7.061940203596477,[0.         0.         0.01735212 0.01096168 0.         0.         0.         0.01619066 0.         0.         0.         0.         0.         0.         0.01884287 0.         0.01699241 0.         0.01395475 0.         0.         0.01806274 0.         0.         0.         0.86638315 0.         0.01062424 0.         0.         0.01063539],[0. 0. 1. 1. 0. 0. 0. 1. 0. 0. 0. 0. 0. 0. 1. 0. 1. 0. 1. 0. 0. 1. 0. 0. 0. 1. 0. 1. 0. 0. 1.],10.0,10000,30,0.6,10,1,10,,problem_solving
600,0.04621971557238211,0.009895755483456071,0.4,15.250897754715776,[0.         0.         0.01735212 0.01096168 0.         0.         0.         0.01619066 0.         0.         0.         0.         0.         0.         0.01884287 0.         0.01699241 0.         0.01395475 0.         0.         0.01806274 0.         0.         0.         0.86638315 0.         0.01062424 0.         0.         0.01063539],[0. 0. 1. 1. 0. 0. 0. 1. 0. 0. 0. 0. 0. 0. 1. 0. 1. 0. 1. 0. 0. 1. 0. 0. 0. 1. 0. 1. 0. 0. 1.],10.0,10000,30,0.6,10,1,10,,problem_solving
700,0.04234579138090197,0.009942257087328717,0.4,-6.563163014650576,[0.01196432 0.         0.         0.         0.         0.         0.         0.         0.         0.         0.         0.01066443 0.01069494 0.         0.01524505 0.01606034 0.         0.         0.01391558 0.         0.         0.01721972 0.01279231 0.         0.01058334 0.88085997 0.         0.         0.         0.         0.        ],[1. 0. 0. 0. 0. 0. 0. 0. 0. 0. 0. 1. 1. 0. 1. 1. 0. 0. 1. 0. 0. 1. 1. 0. 1. 1. 0. 0. 0. 0. 0.],10.0,10000,30,0.6,10,1,10,,problem_solving
800,0.04234579138090197,0.009942257087328717,0.4,-32.05034303525384,[0.01196432 0.         0.         0.         0.         0.         0.         0.         0.         0.         0.         0.01066443 0.01069494 0.         0.01524505 0.01606034 0.         0.         0.01391558 0.         0.         0.01721972 0.01279231 0.         0.01058334 0.88085997 0.         0.         0.         0.         0.        ],[1. 0. 0. 0. 0. 0. 0. 0. 0. 0. 0. 1. 1. 0. 1. 1. 0. 0. 1. 0. 0. 1. 1. 0. 1. 1. 0. 0. 0. 0. 0.],10.0,10000,30,0.6,10,1,10,,problem_solving
900,0.04234579138090197,0.009942257087328717,0.4,4.125635432104965,[0.01196432 0.         0.         0.         0.         0.         0.         0.         0.         0.         0.         0.01066443 0.01069494 0.         0.01524505 0.01606034 0.         0.         0.01391558 0.         0.         0.01721972 0.01279231 0.         0.01058334 0.88085997 0.         0.         0.         0.         0.        ],[1. 0. 0. 0. 0. 0. 0. 0. 0. 0. 0. 1. 1. 0. 1. 1. 0. 0. 1. 0. 0. 1. 1. 0. 1. 1. 0. 0. 0. 0. 0.],10.0,10000,30,0.6,10,1,10,,problem_solving
1000,0.04234579138090197,0.009942257087328717,0.4,-1.898188851209282,[0.01196432 0.         0.         0.         0.         0.         0.         0.         0.         0.         0.         0.01066443 0.01069494 0.         0.01524505 0.01606034 0.         0.         0.01391558 0.         0.         0.01721972 0.01279231 0.         0.01058334 0.88085997 0.         0.         0.         0.         0.        ],[1. 0. 0. 0. 0. 0. 0. 0. 0. 0. 0. 1. 1. 0. 1. 1. 0. 0. 1. 0. 0. 1. 1. 0. 1. 1. 0. 0. 0. 0. 0.],10.0,10000,30,0.6,10,1,10,,problem_solving
1100,0.03709163884815839,0.004711169163562663,0.4,-3.7155404909638268,[0.01113152 0.01323397 0.         0.         0.0120444  0.01728487 0.         0.         0.         0.         0.         0.         0.01357973 0.         0.         0.         0.         0.         0.01849783 0.         0.         0.01513932 0.         0.         0.         0.87043987 0.01815371 0.         0.01049477 0.         0.        ],[1. 1. 0. 0. 1. 1. 0. 0. 0. 0. 0. 0. 1. 0. 0. 0. 0. 0. 1. 0. 0. 1. 0. 0. 0. 1. 1. 0. 1. 0. 0.],10.0,10000,30,0.6,10,1,10,,problem_solving
1200,0.03407977698851963,0.009910875093866121,0.4,22.40064528695534,[0.         0.         0.         0.         0.87987565 0.01211466 0.         0.01048854 0.         0.         0.0110955  0.         0.01919214 0.01391711 0.         0.01506199 0.         0.         0.         0.         0.         0.01439614 0.         0.         0.         0.01335273 0.         0.01050553 0.         0.         0.        ],[0. 0. 0. 0. 1. 1. 0. 1. 0. 0. 1. 0. 1. 1. 0. 1. 0. 0. 0. 0. 0. 1. 0. 0. 0. 1. 0. 1. 0. 0. 0.],10.0,10000,30,0.6,10,1,10,,problem_solving
1300,0.03407977698851963,0.009910875093866121,0.4,5.257497477007074,[0.         0.         0.         0.         0.87987565 0.01211466 0.         0.01048854 0.         0.         0.0110955  0.         0.01919214 0.01391711 0.         0.01506199 0.         0.         0.         0.         0.         0.01439614 0.         0.         0.         0.01335273 0.         0.01050553 0.         0.         0.        ],[0. 0. 0. 0. 1. 1. 0. 1. 0. 0. 1. 0. 1. 1. 0. 1. 0. 0. 0. 0. 0. 1. 0. 0. 0. 1. 0. 1. 0. 0. 0.],10.0,10000,30,0.6,10,1,10,,problem_solving
1400,0.03407977698851963,0.009910875093866121,0.4,5.748761353450705,[0.         0.         0.         0.         0.87987565 0.01211466 0.         0.01048854 0.         0.         0.0110955  0.         0.01919214 0.01391711 0.         0.01506199 0.         0.         0.         0.         0.         0.01439614 0.         0.         0.         0.01335273 0.         0.01050553 0.         0.         0.        ],[0. 0. 0. 0. 1. 1. 0. 1. 0. 0. 1. 0. 1. 1. 0. 1. 0. 0. 0. 0. 0. 1. 0. 0. 0. 1. 0. 1. 0. 0. 0.],10.0,10000,30,0.6,10,1,10,,problem_solving
1500,0.03407977698851963,0.009910875093866121,0.4,9.11062375952792,[0.         0.         0.         0.         0.87987565 0.01211466 0.         0.01048854 0.         0.         0.0110955  0.         0.01919214 0.01391711 0.         0.01506199 0.         0.         0.         0.         0.         0.01439614 0.         0.         0.         0.01335273 0.         0.01050553 0.         0.         0.        ],[0. 0. 0. 0. 1. 1. 0. 1. 0. 0. 1. 0. 1. 1. 0. 1. 0. 0. 0. 0. 0. 1. 0. 0. 0. 1. 0. 1. 0. 0. 0.],10.0,10000,30,0.6,10,1,10,,problem_solving
1600,0.03407977698851963,0.009910875093866121,0.4,-14.776813329800984,[0.         0.         0.         0.         0.87987565 0.01211466 0.         0.01048854 0.         0.         0.0110955  0.         0.01919214 0.01391711 0.         0.01506199 0.         0.         0.         0.         0.         0.01439614 0.         0.         0.         0.01335273 0.         0.01050553 0.         0.         0.        ],[0. 0. 0. 0. 1. 1. 0. 1. 0. 0. 1. 0. 1. 1. 0. 1. 0. 0. 0. 0. 0. 1. 0. 0. 0. 1. 0. 1. 0. 0. 0.],10.0,10000,30,0.6,10,1,10,,problem_solving
1700,0.03407977698851963,0.009910875093866121,0.4,7.068058421117225,[0.         0.         0.         0.         0.87987565 0.01211466 0.         0.01048854 0.         0.         0.0110955  0.         0.01919214 0.01391711 0.         0.01506199 0.         0.         0.         0.         0.         0.01439614 0.         0.         0.         0.01335273 0.         0.01050553 0.         0.         0.        ],[0. 0. 0. 0. 1. 1. 0. 1. 0. 0. 1. 0. 1. 1. 0. 1. 0. 0. 0. 0. 0. 1. 0. 0. 0. 1. 0. 1. 0. 0. 0.],10.0,10000,30,0.6,10,1,10,,problem_solving
1800,0.03407977698851963,0.009910875093866121,0.4,6.391262438186393,[0.         0.         0.         0.         0.87987565 0.01211466 0.         0.01048854 0.         0.         0.0110955  0.         0.01919214 0.01391711 0.         0.01506199 0.         0.         0.         0.         0.         0.01439614 0.         0.         0.         0.01335273 0.         0.01050553 0.         0.         0.        ],[0. 0. 0. 0. 1. 1. 0. 1. 0. 0. 1. 0. 1. 1. 0. 1. 0. 0. 0. 0. 0. 1. 0. 0. 0. 1. 0. 1. 0. 0. 0.],10.0,10000,30,0.6,10,1,10,,problem_solving
1900,0.03407977698851963,0.009910875093866121,0.4,0.08578540929751786,[0.         0.         0.         0.         0.87987565 0.01211466 0.         0.01048854 0.         0.         0.0110955  0.         0.01919214 0.01391711 0.         0.01506199 0.         0.         0.         0.         0.         0.01439614 0.         0.         0.         0.01335273 0.         0.01050553 0.         0.         0.        ],[0. 0. 0. 0. 1. 1. 0. 1. 0. 0. 1. 0. 1. 1. 0. 1. 0. 0. 0. 0. 0. 1. 0. 0. 0. 1. 0. 1. 0. 0. 0.],10.0,10000,30,0.6,10,1,10,,problem_solving
2000,0.03407977698851963,0.009910875093866121,0.4,-0.14778354650120698,[0.         0.         0.         0.         0.87987565 0.01211466 0.         0.01048854 0.         0.         0.0110955  0.         0.01919214 0.01391711 0.         0.01506199 0.         0.         0.         0.         0.         0.01439614 0.         0.         0.         0.01335273 0.         0.01050553 0.         0.         0.        ],[0. 0. 0. 0. 1. 1. 0. 1. 0. 0. 1. 0. 1. 1. 0. 1. 0. 0. 0. 0. 0. 1. 0. 0. 0. 1. 0. 1. 0. 0. 0.],10.0,10000,30,0.6,10,1,10,,problem_solving
2100,0.03407977698851963,0.009910875093866121,0.4,-9.264907723519343,[0.         0.         0.         0.         0.87987565 0.01211466 0.         0.01048854 0.         0.         0.0110955  0.         0.01919214 0.01391711 0.         0.01506199 0.         0.         0.         0.         0.         0.01439614 0.         0.         0.         0.01335273 0.         0.01050553 0.         0.         0.        ],[0. 0. 0. 0. 1. 1. 0. 1. 0. 0. 1. 0. 1. 1. 0. 1. 0. 0. 0. 0. 0. 1. 0. 0. 0. 1. 0. 1. 0. 0. 0.],10.0,10000,30,0.6,10,1,10,,problem_solving
2200,0.03407977698851963,0.009910875093866121,0.4,-6.81100499677301,[0.         0.         0.         0.         0.87987565 0.01211466 0.         0.01048854 0.         0.         0.0110955  0.         0.01919214 0.01391711 0.         0.01506199 0.         0.         0.         0.         0.         0.01439614 0.         0.         0.         0.01335273 0.         0.01050553 0.         0.         0.        ],[0. 0. 0. 0. 1. 1. 0. 1. 0. 0. 1. 0. 1. 1. 0. 1. 0. 0. 0. 0. 0. 1. 0. 0. 0. 1. 0. 1. 0. 0. 0.],10.0,10000,30,0.6,10,1,10,,problem_solving
2300,0.03407977698851963,0.009910875093866121,0.4,4.889300463709729,[0.         0.         0.         0.         0.87987565 0.01211466 0.         0.01048854 0.         0.         0.0110955  0.         0.01919214 0.01391711 0.         0.01506199 0.         0.         0.         0.         0.         0.01439614 0.         0.         0.         0.01335273 0.         0.01050553 0.         0.         0.        ],[0. 0. 0. 0. 1. 1. 0. 1. 0. 0. 1. 0. 1. 1. 0. 1. 0. 0. 0. 0. 0. 1. 0. 0. 0. 1. 0. 1. 0. 0. 0.],10.0,10000,30,0.6,10,1,10,,problem_solving
2400,0.03407977698851963,0.009910875093866121,0.4,-11.995084649061855,[0.         0.         0.         0.         0.87987565 0.01211466 0.         0.01048854 0.         0.         0.0110955  0.         0.01919214 0.01391711 0.         0.01506199 0.         0.         0.         0.         0.         0.01439614 0.         0.         0.         0.01335273 0.         0.01050553 0.         0.         0.        ],[0. 0. 0. 0. 1. 1. 0. 1. 0. 0. 1. 0. 1. 1. 0. 1. 0. 0. 0. 0. 0. 1. 0. 0. 0. 1. 0. 1. 0. 0. 0.],10.0,10000,30,0.6,10,1,10,,problem_solving
2500,0.03407977698851963,0.009910875093866121,0.4,1.3411751150647413,[0.         0.         0.         0.         0.87987565 0.01211466 0.         0.01048854 0.         0.         0.0110955  0.         0.01919214 0.01391711 0.         0.01506199 0.         0.         0.         0.         0.         0.01439614 0.         0.         0.         0.01335273 0.         0.01050553 0.         0.         0.        ],[0. 0. 0. 0. 1. 1. 0. 1. 0. 0. 1. 0. 1. 1. 0. 1. 0. 0. 0. 0. 0. 1. 0. 0. 0. 1. 0. 1. 0. 0. 0.],10.0,10000,30,0.6,10,1,10,,problem_solving
2600,0.03407977698851963,0.009910875093866121,0.4,8.621316741597926,[0.         0.         0.         0.         0.87987565 0.01211466 0.         0.01048854 0.         0.         0.0110955  0.         0.01919214 0.01391711 0.         0.01506199 0.         0.         0.         0.         0.         0.01439614 0.         0.         0.         0.01335273 0.         0.01050553 0.         0.         0.        ],[0. 0. 0. 0. 1. 1. 0. 1. 0. 0. 1. 0. 1. 1. 0. 1. 0. 0. 0. 0. 0. 1. 0. 0. 0. 1. 0. 1. 0. 0. 0.],10.0,10000,30,0.6,10,1,10,,problem_solving
2700,0.03407977698851963,0.009910875093866121,0.4,-10.385339443946373,[0.         0.         0.         0.         0.87987565 0.01211466 0.         0.01048854 0.         0.         0.0110955  0.         0.01919214 0.01391711 0.         0.01506199 0.         0.         0.         0.         0.         0.01439614 0.         0.         0.         0.01335273 0.         0.01050553 0.         0.         0.        ],[0. 0. 0. 0. 1. 1. 0. 1. 0. 0. 1. 0. 1. 1. 0. 1. 0. 0. 0. 0. 0. 1. 0. 0. 0. 1. 0. 1. 0. 0. 0.],10.0,10000,30,0.6,10,1,10,,problem_solving
2800,0.03407977698851963,0.009910875093866121,0.4,-7.177358906328008,[0.         0.         0.         0.         0.87987565 0.01211466 0.         0.01048854 0.         0.         0.0110955  0.         0.01919214 0.01391711 0.         0.01506199 0.         0.         0.         0.         0.         0.01439614 0.         0.         0.         0.01335273 0.         0.01050553 0.         0.         0.        ],[0. 0. 0. 0. 1. 1. 0. 1. 0. 0. 1. 0. 1. 1. 0. 1. 0. 0. 0. 0. 0. 1. 0. 0. 0. 1. 0. 1. 0. 0. 0.],10.0,10000,30,0.6,10,1,10,,problem_solving
2900,0.03407977698851963,0.009910875093866121,0.4,-7.514088720038309,[0.         0.         0.         0.         0.87987565 0.01211466 0.         0.01048854 0.         0.         0.0110955  0.         0.01919214 0.01391711 0.         0.01506199 0.         0.         0.         0.         0.         0.01439614 0.         0.         0.         0.01335273 0.         0.01050553 0.         0.         0.        ],[0. 0. 0. 0. 1. 1. 0. 1. 0. 0. 1. 0. 1. 1. 0. 1. 0. 0. 0. 0. 0. 1. 0. 0. 0. 1. 0. 1. 0. 0. 0.],10.0,10000,30,0.6,10,1,10,,problem_solving
3000,0.03407977698851963,0.009910875093866121,0.4,6.0656645549903585,[0.         0.         0.         0.         0.87987565 0.01211466 0.         0.01048854 0.         0.         0.0110955  0.         0.01919214 0.01391711 0.         0.01506199 0.         0.         0.         0.         0.         0.01439614 0.         0.         0.         0.01335273 0.         0.01050553 0.         0.         0.        ],[0. 0. 0. 0. 1. 1. 0. 1. 0. 0. 1. 0. 1. 1. 0. 1. 0. 0. 0. 0. 0. 1. 0. 0. 0. 1. 0. 1. 0. 0. 0.],10.0,10000,30,0.6,10,1,10,,problem_solving
3100,0.03407977698851963,0.009910875093866121,0.4,-6.78248212008077,[0.         0.         0.         0.         0.87987565 0.01211466 0.         0.01048854 0.         0.         0.0110955  0.         0.01919214 0.01391711 0.         0.01506199 0.         0.         0.         0.         0.         0.01439614 0.         0.         0.         0.01335273 0.         0.01050553 0.         0.         0.        ],[0. 0. 0. 0. 1. 1. 0. 1. 0. 0. 1. 0. 1. 1. 0. 1. 0. 0. 0. 0. 0. 1. 0. 0. 0. 1. 0. 1. 0. 0. 0.],10.0,10000,30,0.6,10,1,10,,problem_solving
3200,0.03407977698851963,0.009910875093866121,0.4,-10.49582934443547,[0.         0.         0.         0.         0.87987565 0.01211466 0.         0.01048854 0.         0.         0.0110955  0.         0.01919214 0.01391711 0.         0.01506199 0.         0.         0.         0.         0.         0.01439614 0.         0.         0.         0.01335273 0.         0.01050553 0.         0.         0.        ],[0. 0. 0. 0. 1. 1. 0. 1. 0. 0. 1. 0. 1. 1. 0. 1. 0. 0. 0. 0. 0. 1. 0. 0. 0. 1. 0. 1. 0. 0. 0.],10.0,10000,30,0.6,10,1,10,,problem_solving
3300,0.03407977698851963,0.009910875093866121,0.4,0.5062379409938431,[0.         0.         0.         0.         0.87987565 0.01211466 0.         0.01048854 0.         0.         0.0110955  0.         0.01919214 0.01391711 0.         0.01506199 0.         0.         0.         0.         0.         0.01439614 0.         0.         0.         0.01335273 0.         0.01050553 0.         0.         0.        ],[0. 0. 0. 0. 1. 1. 0. 1. 0. 0. 1. 0. 1. 1. 0. 1. 0. 0. 0. 0. 0. 1. 0. 0. 0. 1. 0. 1. 0. 0. 0.],10.0,10000,30,0.6,10,1,10,,problem_solving
3400,0.03407977698851963,0.009910875093866121,0.4,-9.910178613018125,[0.         0.         0.         0.         0.87987565 0.01211466 0.         0.01048854 0.         0.         0.0110955  0.         0.01919214 0.01391711 0.         0.01506199 0.         0.         0.         0.         0.         0.01439614 0.         0.         0.         0.01335273 0.         0.01050553 0.         0.         0.        ],[0. 0. 0. 0. 1. 1. 0. 1. 0. 0. 1. 0. 1. 1. 0. 1. 0. 0. 0. 0. 0. 1. 0. 0. 0. 1. 0. 1. 0. 0. 0.],10.0,10000,30,0.6,10,1,10,,problem_solving
3500,0.03407977698851963,0.009910875093866121,0.4,-10.425310753871992,[0.         0.         0.         0.         0.87987565 0.01211466 0.         0.01048854 0.         0.         0.0110955  0.         0.01919214 0.01391711 0.         0.01506199 0.         0.         0.         0.         0.         0.01439614 0.         0.         0.         0.01335273 0.         0.01050553 0.         0.         0.        ],[0. 0. 0. 0. 1. 1. 0. 1. 0. 0. 1. 0. 1. 1. 0. 1. 0. 0. 0. 0. 0. 1. 0. 0. 0. 1. 0. 1. 0. 0. 0.],10.0,10000,30,0.6,10,1,10,,problem_solving
3600,0.03407977698851963,0.009910875093866121,0.4,16.949475683054644,[0.         0.         0.         0.         0.87987565 0.01211466 0.         0.01048854 0.         0.         0.0110955  0.         0.01919214 0.01391711 0.         0.01506199 0.         0.         0.         0.         0.         0.01439614 0.         0.         0.         0.01335273 0.         0.01050553 0.         0.         0.        ],[0. 0. 0. 0. 1. 1. 0. 1. 0. 0. 1. 0. 1. 1. 0. 1. 0. 0. 0. 0. 0. 1. 0. 0. 0. 1. 0. 1. 0. 0. 0.],10.0,10000,30,0.6,10,1,10,,problem_solving
3700,0.03407977698851963,0.009910875093866121,0.4,10.22956027000973,[0.         0.         0.         0.         0.87987565 0.01211466 0.         0.01048854 0.         0.         0.0110955  0.         0.01919214 0.01391711 0.         0.01506199 0.         0.         0.         0.         0.         0.01439614 0.         0.         0.         0.01335273 0.         0.01050553 0.         0.         0.        ],[0. 0. 0. 0. 1. 1. 0. 1. 0. 0. 1. 0. 1. 1. 0. 1. 0. 0. 0. 0. 0. 1. 0. 0. 0. 1. 0. 1. 0. 0. 0.],10.0,10000,30,0.6,10,1,10,,problem_solving
3800,0.03407977698851963,0.009910875093866121,0.4,-16.949796291172692,[0.         0.         0.         0.         0.87987565 0.01211466 0.         0.01048854 0.         0.         0.0110955  0.         0.01919214 0.01391711 0.         0.01506199 0.         0.         0.         0.         0.         0.01439614 0.         0.         0.         0.01335273 0.         0.01050553 0.         0.         0.        ],[0. 0. 0. 0. 1. 1. 0. 1. 0. 0. 1. 0. 1. 1. 0. 1. 0. 0. 0. 0. 0. 1. 0. 0. 0. 1. 0. 1. 0. 0. 0.],10.0,10000,30,0.6,10,1,10,,problem_solving
3900,0.03407977698851963,0.009910875093866121,0.4,-14.250314772889976,[0.         0.         0.         0.         0.87987565 0.01211466 0.         0.01048854 0.         0.         0.0110955  0.         0.01919214 0.01391711 0.         0.01506199 0.         0.         0.         0.         0.         0.01439614 0.         0.         0.         0.01335273 0.         0.01050553 0.         0.         0.        ],[0. 0. 0. 0. 1. 1. 0. 1. 0. 0. 1. 0. 1. 1. 0. 1. 0. 0. 0. 0. 0. 1. 0. 0. 0. 1. 0. 1. 0. 0. 0.],10.0,10000,30,0.6,10,1,10,,problem_solving
4000,0.03407977698851963,0.009910875093866121,0.4,-3.6548639936384495,[0.         0.         0.         0.         0.87987565 0.01211466 0.         0.01048854 0.         0.         0.0110955  0.         0.01919214 0.01391711 0.         0.01506199 0.         0.         0.         0.         0.         0.01439614 0.         0.         0.         0.01335273 0.         0.01050553 0.         0.         0.        ],[0. 0. 0. 0. 1. 1. 0. 1. 0. 0. 1. 0. 1. 1. 0. 1. 0. 0. 0. 0. 0. 1. 0. 0. 0. 1. 0. 1. 0. 0. 0.],10.0,10000,30,0.6,10,1,10,,problem_solving
4100,0.03407977698851963,0.009910875093866121,0.4,8.173974041727982,[0.         0.         0.         0.         0.87987565 0.01211466 0.         0.01048854 0.         0.         0.0110955  0.         0.01919214 0.01391711 0.         0.01506199 0.         0.         0.         0.         0.         0.01439614 0.         0.         0.         0.01335273 0.         0.01050553 0.         0.         0.        ],[0. 0. 0. 0. 1. 1. 0. 1. 0. 0. 1. 0. 1. 1. 0. 1. 0. 0. 0. 0. 0. 1. 0. 0. 0. 1. 0. 1. 0. 0. 0.],10.0,10000,30,0.6,10,1,10,,problem_solving
4200,0.03407977698851963,0.009910875093866121,0.4,-4.556461095047819,[0.         0.         0.         0.         0.87987565 0.01211466 0.         0.01048854 0.         0.         0.0110955  0.         0.01919214 0.01391711 0.         0.01506199 0.         0.         0.         0.         0.         0.01439614 0.         0.         0.         0.01335273 0.         0.01050553 0.         0.         0.        ],[0. 0. 0. 0. 1. 1. 0. 1. 0. 0. 1. 0. 1. 1. 0. 1. 0. 0. 0. 0. 0. 1. 0. 0. 0. 1. 0. 1. 0. 0. 0.],10.0,10000,30,0.6,10,1,10,,problem_solving
4300,0.03407977698851963,0.009910875093866121,0.4,-8.288577323053364,[0.         0.         0.         0.         0.87987565 0.01211466 0.         0.01048854 0.         0.         0.0110955  0.         0.01919214 0.01391711 0.         0.01506199 0.         0.         0.         0.         0.         0.01439614 0.         0.         0.         0.01335273 0.         0.01050553 0.         0.         0.        ],[0. 0. 0. 0. 1. 1. 0. 1. 0. 0. 1. 0. 1. 1. 0. 1. 0. 0. 0. 0. 0. 1. 0. 0. 0. 1. 0. 1. 0. 0. 0.],10.0,10000,30,0.6,10,1,10,,problem_solving
4400,0.03407977698851963,0.009910875093866121,0.4,-5.611813181324576,[0.         0.         0.         0.         0.87987565 0.01211466 0.         0.01048854 0.         0.         0.0110955  0.         0.01919214 0.01391711 0.         0.01506199 0.         0.         0.         0.         0.         0.01439614 0.         0.         0.         0.01335273 0.         0.01050553 0.         0.         0.        ],[0. 0. 0. 0. 1. 1. 0. 1. 0. 0. 1. 0. 1. 1. 0. 1. 0. 0. 0. 0. 0. 1. 0. 0. 0. 1. 0. 1. 0. 0. 0.],10.0,10000,30,0.6,10,1,10,,problem_solving
4500,0.03407977698851963,0.009910875093866121,0.4,1.8977555136189903,[0.         0.         0.         0.         0.87987565 0.01211466 0.         0.01048854 0.         0.         0.0110955  0.         0.01919214 0.01391711 0.         0.01506199 0.         0.         0.         0.         0.         0.01439614 0.         0.         0.         0.01335273 0.         0.01050553 0.         0.         0.        ],[0. 0. 0. 0. 1. 1. 0. 1. 0. 0. 1. 0. 1. 1. 0. 1. 0. 0. 0. 0. 0. 1. 0. 0. 0. 1. 0. 1. 0. 0. 0.],10.0,10000,30,0.6,10,1,10,,problem_solving
4600,0.03407977698851963,0.009910875093866121,0.4,6.949404377552783,[0.         0.         0.         0.         0.87987565 0.01211466 0.         0.01048854 0.         0.         0.0110955  0.         0.01919214 0.01391711 0.         0.01506199 0.         0.         0.         0.         0.         0.01439614 0.         0.         0.         0.01335273 0.         0.01050553 0.         0.         0.        ],[0. 0. 0. 0. 1. 1. 0. 1. 0. 0. 1. 0. 1. 1. 0. 1. 0. 0. 0. 0. 0. 1. 0. 0. 0. 1. 0. 1. 0. 0. 0.],10.0,10000,30,0.6,10,1,10,,problem_solving
4700,0.03407977698851963,0.009910875093866121,0.4,-3.540095144172302,[0.         0.         0.         0.         0.87987565 0.01211466 0.         0.01048854 0.         0.         0.0110955  0.         0.01919214 0.01391711 0.         0.01506199 0.         0.         0.         0.         0.         0.01439614 0.         0.         0.         0.01335273 0.         0.01050553 0.         0.         0.        ],[0. 0. 0. 0. 1. 1. 0. 1. 0. 0. 1. 0. 1. 1. 0. 1. 0. 0. 0. 0. 0. 1. 0. 0. 0. 1. 0. 1. 0. 0. 0.],10.0,10000,30,0.6,10,1,10,,problem_solving
4800,0.03407977698851963,0.009910875093866121,0.4,-7.927131167969515,[0.         0.         0.         0.         0.87987565 0.01211466 0.         0.01048854 0.         0.         0.0110955  0.         0.01919214 0.01391711 0.         0.01506199 0.         0.         0.         0.         0.         0.01439614 0.         0.         0.         0.01335273 0.         0.01050553 0.         0.         0.        ],[0. 0. 0. 0. 1. 1. 0. 1. 0. 0. 1. 0. 1. 1. 0. 1. 0. 0. 0. 0. 0. 1. 0. 0. 0. 1. 0. 1. 0. 0. 0.],10.0,10000,30,0.6,10,1,10,,problem_solving
4900,0.03407977698851963,0.009910875093866121,0.4,-12.50658997276734,[0.         0.         0.         0.         0.87987565 0.01211466 0.         0.01048854 0.         0.         0.0110955  0.         0.01919214 0.01391711 0.         0.01506199 0.         0.         0.         0.         0.         0.01439614 0.         0.         0.         0.01335273 0.         0.01050553 0.         0.         0.        ],[0. 0. 0. 0. 1. 1. 0. 1. 0. 0. 1. 0. 1. 1. 0. 1. 0. 0. 0. 0. 0. 1. 0. 0. 0. 1. 0. 1. 0. 0. 0.],10.0,10000,30,0.6,10,1,10,,problem_solving
5000,0.03407977698851963,0.009910875093866121,0.4,19.86786348048596,[0.         0.         0.         0.         0.87987565 0.01211466 0.         0.01048854 0.         0.         0.0110955  0.         0.01919214 0.01391711 0.         0.01506199 0.         0.         0.         0.         0.         0.01439614 0.         0.         0.         0.01335273 0.         0.01050553 0.         0.         0.        ],[0. 0. 0. 0. 1. 1. 0. 1. 0. 0. 1. 0. 1. 1. 0. 1. 0. 0. 0. 0. 0. 1. 0. 0. 0. 1. 0. 1. 0. 0. 0.],10.0,10000,30,0.6,10,1,10,,problem_solving
5100,0.03383678755767346,0.004644732537286479,0.4,-3.000234293212818,[0.         0.         0.02242182 0.01062473 0.01060739 0.         0.         0.         0.01190223 0.         0.         0.         0.         0.         0.         0.         0.01788453 0.01128939 0.         0.01448683 0.         0.01505884 0.         0.         0.         0.87508459 0.         0.         0.01063966 0.         0.        ],[0. 0. 1. 1. 1. 0. 0. 0. 1. 0. 0. 0. 0. 0. 0. 0. 1. 1. 0. 1. 0. 1. 0. 0. 0. 1. 0. 0. 1. 0. 0.],10.0,10000,30,0.6,10,1,10,,problem_solving
5200,0.03383678755767346,0.004644732537286479,0.4,0.013170574818928638,[0.         0.         0.02242182 0.01062473 0.01060739 0.         0.         0.         0.01190223 0.         0.         0.         0.         0.         0.         0.         0.01788453 0.01128939 0.         0.01448683 0.         0.01505884 0.         0.         0.         0.87508459 0.         0.         0.01063966 0.         0.        ],[0. 0. 1. 1. 1. 0. 0. 0. 1. 0. 0. 0. 0. 0. 0. 0. 1. 1. 0. 1. 0. 1. 0. 0. 0. 1. 0. 0. 1. 0. 0.],10.0,10000,30,0.6,10,1,10,,problem_solving
5300,0.03383678755767346,0.004644732537286479,0.4,-4.588585609515387,[0.         0.         0.02242182 0.01062473 0.01060739 0.         0.         0.         0.01190223 0.         0.         0.         0.         0.         0.         0.         0.01788453 0.01128939 0.         0.01448683 0.         0.01505884 0.         0.         0.         0.87508459 0.         0.         0.01063966 0.         0.        ],[0. 0. 1. 1. 1. 0. 0. 0. 1. 0. 0. 0. 0. 0. 0. 0. 1. 1. 0. 1. 0. 1. 0. 0. 0. 1. 0. 0. 1. 0. 0.],10.0,10000,30,0.6,10,1,10,,problem_solving
5400,0.03383678755767346,0.004644732537286479,0.4,5.5906030230945785,[0.         0.         0.02242182 0.01062473 0.01060739 0.         0.         0.         0.01190223 0.         0.         0.         0.         0.         0.         0.         0.01788453 0.01128939 0.         0.01448683 0.         0.01505884 0.         0.         0.         0.87508459 0.         0.         0.01063966 0.         0.        ],[0. 0. 1. 1. 1. 0. 0. 0. 1. 0. 0. 0. 0. 0. 0. 0. 1. 1. 0. 1. 0. 1. 0. 0. 0. 1. 0. 0. 1. 0. 0.],10.0,10000,30,0.6,10,1,10,,problem_solving
5500,0.03383678755767346,0.004644732537286479,0.4,1.229646107067167,[0.         0.         0.02242182 0.01062473 0.01060739 0.         0.         0.         0.01190223 0.         0.         0.         0.         0.         0.         0.         0.01788453 0.01128939 0.         0.01448683 0.         0.01505884 0.         0.         0.         0.87508459 0.         0.         0.01063966 0.         0.        ],[0. 0. 1. 1. 1. 0. 0. 0. 1. 0. 0. 0. 0. 0. 0. 0. 1. 1. 0. 1. 0. 1. 0. 0. 0. 1. 0. 0. 1. 0. 0.],10.0,10000,30,0.6,10,1,10,,problem_solving
5600,0.03383678755767346,0.004644732537286479,0.4,-7.0484554543810205,[0.         0.         0.02242182 0.01062473 0.01060739 0.         0.         0.         0.01190223 0.         0.         0.         0.         0.         0.         0.         0.01788453 0.01128939 0.         0.01448683 0.         0.01505884 0.         0.         0.         0.87508459 0.         0.         0.01063966 0.         0.        ],[0. 0. 1. 1. 1. 0. 0. 0. 1. 0. 0. 0. 0. 0. 0. 0. 1. 1. 0. 1. 0. 1. 0. 0. 0. 1. 0. 0. 1. 0. 0.],10.0,10000,30,0.6,10,1,10,,problem_solving
5700,0.03383678755767346,0.004644732537286479,0.4,-7.622812211160097,[0.         0.         0.02242182 0.01062473 0.01060739 0.         0.         0.         0.01190223 0.         0.         0.         0.         0.         0.         0.         0.01788453 0.01128939 0.         0.01448683 0.         0.01505884 0.         0.         0.         0.87508459 0.         0.         0.01063966 0.         0.        ],[0. 0. 1. 1. 1. 0. 0. 0. 1. 0. 0. 0. 0. 0. 0. 0. 1. 1. 0. 1. 0. 1. 0. 0. 0. 1. 0. 0. 1. 0. 0.],10.0,10000,30,0.6,10,1,10,,problem_solving
5800,0.03383678755767346,0.004644732537286479,0.4,14.833897440896923,[0.         0.         0.02242182 0.01062473 0.01060739 0.         0.         0.         0.01190223 0.         0.         0.         0.         0.         0.         0.         0.01788453 0.01128939 0.         0.01448683 0.         0.01505884 0.         0.         0.         0.87508459 0.         0.         0.01063966 0.         0.        ],[0. 0. 1. 1. 1. 0. 0. 0. 1. 0. 0. 0. 0. 0. 0. 0. 1. 1. 0. 1. 0. 1. 0. 0. 0. 1. 0. 0. 1. 0. 0.],10.0,10000,30,0.6,10,1,10,,problem_solving
5900,0.03383678755767346,0.004644732537286479,0.4,9.708032120448891,[0.         0.         0.02242182 0.01062473 0.01060739 0.         0.         0.         0.01190223 0.         0.         0.         0.         0.         0.         0.         0.01788453 0.01128939 0.         0.01448683 0.         0.01505884 0.         0.         0.         0.87508459 0.         0.         0.01063966 0.         0.        ],[0. 0. 1. 1. 1. 0. 0. 0. 1. 0. 0. 0. 0. 0. 0. 0. 1. 1. 0. 1. 0. 1. 0. 0. 0. 1. 0. 0. 1. 0. 0.],10.0,10000,30,0.6,10,1,10,,problem_solving
6000,0.03383678755767346,0.004644732537286479,0.4,-21.511983053985663,[0.         0.         0.02242182 0.01062473 0.01060739 0.         0.         0.         0.01190223 0.         0.         0.         0.         0.         0.         0.         0.01788453 0.01128939 0.         0.01448683 0.         0.01505884 0.         0.         0.         0.87508459 0.         0.         0.01063966 0.         0.        ],[0. 0. 1. 1. 1. 0. 0. 0. 1. 0. 0. 0. 0. 0. 0. 0. 1. 1. 0. 1. 0. 1. 0. 0. 0. 1. 0. 0. 1. 0. 0.],10.0,10000,30,0.6,10,1,10,,problem_solving
6100,0.03383678755767346,0.004644732537286479,0.4,-0.8497543350701187,[0.         0.         0.02242182 0.01062473 0.01060739 0.         0.         0.         0.01190223 0.         0.         0.         0.         0.         0.         0.         0.01788453 0.01128939 0.         0.01448683 0.         0.01505884 0.         0.         0.         0.87508459 0.         0.         0.01063966 0.         0.        ],[0. 0. 1. 1. 1. 0. 0. 0. 1. 0. 0. 0. 0. 0. 0. 0. 1. 1. 0. 1. 0. 1. 0. 0. 0. 1. 0. 0. 1. 0. 0.],10.0,10000,30,0.6,10,1,10,,problem_solving
6200,0.03383678755767346,0.004644732537286479,0.4,-7.594282552155153,[0.         0.         0.02242182 0.01062473 0.01060739 0.         0.         0.         0.01190223 0.         0.         0.         0.         0.         0.         0.         0.01788453 0.01128939 0.         0.01448683 0.         0.01505884 0.         0.         0.         0.87508459 0.         0.         0.01063966 0.         0.        ],[0. 0. 1. 1. 1. 0. 0. 0. 1. 0. 0. 0. 0. 0. 0. 0. 1. 1. 0. 1. 0. 1. 0. 0. 0. 1. 0. 0. 1. 0. 0.],10.0,10000,30,0.6,10,1,10,,problem_solving
6300,0.03383678755767346,0.004644732537286479,0.4,-7.188886403337035,[0.         0.         0.02242182 0.01062473 0.01060739 0.         0.         0.         0.01190223 0.         0.         0.         0.         0.         0.         0.         0.01788453 0.01128939 0.         0.01448683 0.         0.01505884 0.         0.         0.         0.87508459 0.         0.         0.01063966 0.         0.        ],[0. 0. 1. 1. 1. 0. 0. 0. 1. 0. 0. 0. 0. 0. 0. 0. 1. 1. 0. 1. 0. 1. 0. 0. 0. 1. 0. 0. 1. 0. 0.],10.0,10000,30,0.6,10,1,10,,problem_solving
6400,0.03383678755767346,0.004644732537286479,0.4,4.689220510669813,[0.         0.         0.02242182 0.01062473 0.01060739 0.         0.         0.         0.01190223 0.         0.         0.         0.         0.         0.         0.         0.01788453 0.01128939 0.         0.01448683 0.         0.01505884 0.         0.         0.         0.87508459 0.         0.         0.01063966 0.         0.        ],[0. 0. 1. 1. 1. 0. 0. 0. 1. 0. 0. 0. 0. 0. 0. 0. 1. 1. 0. 1. 0. 1. 0. 0. 0. 1. 0. 0. 1. 0. 0.],10.0,10000,30,0.6,10,1,10,,problem_solving
6500,0.03383678755767346,0.004644732537286479,0.4,-6.783706459448927,[0.         0.         0.02242182 0.01062473 0.01060739 0.         0.         0.         0.01190223 0.         0.         0.         0.         0.         0.         0.         0.01788453 0.01128939 0.         0.01448683 0.         0.01505884 0.         0.         0.         0.87508459 0.         0.         0.01063966 0.         0.        ],[0. 0. 1. 1. 1. 0. 0. 0. 1. 0. 0. 0. 0. 0. 0. 0. 1. 1. 0. 1. 0. 1. 0. 0. 0. 1. 0. 0. 1. 0. 0.],10.0,10000,30,0.6,10,1,10,,problem_solving
6600,0.03383678755767346,0.004644732537286479,0.4,-13.994797483673633,[0.         0.         0.02242182 0.01062473 0.01060739 0.         0.         0.         0.01190223 0.         0.         0.         0.         0.         0.         0.         0.01788453 0.01128939 0.         0.01448683 0.         0.01505884 0.         0.         0.         0.87508459 0.         0.         0.01063966 0.         0.        ],[0. 0. 1. 1. 1. 0. 0. 0. 1. 0. 0. 0. 0. 0. 0. 0. 1. 1. 0. 1. 0. 1. 0. 0. 0. 1. 0. 0. 1. 0. 0.],10.0,10000,30,0.6,10,1,10,,problem_solving
6700,0.03383678755767346,0.004644732537286479,0.4,-2.045050500544749,[0.         0.         0.02242182 0.01062473 0.01060739 0.         0.         0.         0.01190223 0.         0.         0.         0.         0.         0.         0.         0.01788453 0.01128939 0.         0.01448683 0.         0.01505884 0.         0.         0.         0.87508459 0.         0.         0.01063966 0.         0.        ],[0. 0. 1. 1. 1. 0. 0. 0. 1. 0. 0. 0. 0. 0. 0. 0. 1. 1. 0. 1. 0. 1. 0. 0. 0. 1. 0. 0. 1. 0. 0.],10.0,10000,30,0.6,10,1,10,,problem_solving
6800,0.03383678755767346,0.004644732537286479,0.4,-6.548416800136565,[0.         0.         0.02242182 0.01062473 0.01060739 0.         0.         0.         0.01190223 0.         0.         0.         0.         0.         0.         0.         0.01788453 0.01128939 0.         0.01448683 0.         0.01505884 0.         0.         0.         0.87508459 0.         0.         0.01063966 0.         0.        ],[0. 0. 1. 1. 1. 0. 0. 0. 1. 0. 0. 0. 0. 0. 0. 0. 1. 1. 0. 1. 0. 1. 0. 0. 0. 1. 0. 0. 1. 0. 0.],10.0,10000,30,0.6,10,1,10,,problem_solving
6900,0.03383678755767346,0.004644732537286479,0.4,4.351392286229027,[0.         0.         0.02242182 0.01062473 0.01060739 0.         0.         0.         0.01190223 0.         0.         0.         0.         0.         0.         0.         0.01788453 0.01128939 0.         0.01448683 0.         0.01505884 0.         0.         0.         0.87508459 0.         0.         0.01063966 0.         0.        ],[0. 0. 1. 1. 1. 0. 0. 0. 1. 0. 0. 0. 0. 0. 0. 0. 1. 1. 0. 1. 0. 1. 0. 0. 0. 1. 0. 0. 1. 0. 0.],10.0,10000,30,0.6,10,1,10,,problem_solving
7000,0.03383678755767346,0.004644732537286479,0.4,-8.730711541863021,[0.         0.         0.02242182 0.01062473 0.01060739 0.         0.         0.         0.01190223 0.         0.         0.         0.         0.         0.         0.         0.01788453 0.01128939 0.         0.01448683 0.         0.01505884 0.         0.         0.         0.87508459 0.         0.         0.01063966 0.         0.        ],[0. 0. 1. 1. 1. 0. 0. 0. 1. 0. 0. 0. 0. 0. 0. 0. 1. 1. 0. 1. 0. 1. 0. 0. 0. 1. 0. 0. 1. 0. 0.],10.0,10000,30,0.6,10,1,10,,problem_solving
7100,0.03383678755767346,0.004644732537286479,0.4,10.964916087040915,[0.         0.         0.02242182 0.01062473 0.01060739 0.         0.         0.         0.01190223 0.         0.         0.         0.         0.         0.         0.         0.01788453 0.01128939 0.         0.01448683 0.         0.01505884 0.         0.         0.         0.87508459 0.         0.         0.01063966 0.         0.        ],[0. 0. 1. 1. 1. 0. 0. 0. 1. 0. 0. 0. 0. 0. 0. 0. 1. 1. 0. 1. 0. 1. 0. 0. 0. 1. 0. 0. 1. 0. 0.],10.0,10000,30,0.6,10,1,10,,problem_solving
7200,0.03383678755767346,0.004644732537286479,0.4,-4.969082201331149,[0.         0.         0.02242182 0.01062473 0.01060739 0.         0.         0.         0.01190223 0.         0.         0.         0.         0.         0.         0.         0.01788453 0.01128939 0.         0.01448683 0.         0.01505884 0.         0.         0.         0.87508459 0.         0.         0.01063966 0.         0.        ],[0. 0. 1. 1. 1. 0. 0. 0. 1. 0. 0. 0. 0. 0. 0. 0. 1. 1. 0. 1. 0. 1. 0. 0. 0. 1. 0. 0. 1. 0. 0.],10.0,10000,30,0.6,10,1,10,,problem_solving
7300,0.03383678755767346,0.004644732537286479,0.4,5.120624808471867,[0.         0.         0.02242182 0.01062473 0.01060739 0.         0.         0.         0.01190223 0.         0.         0.         0.         0.         0.         0.         0.01788453 0.01128939 0.         0.01448683 0.         0.01505884 0.         0.         0.         0.87508459 0.         0.         0.01063966 0.         0.        ],[0. 0. 1. 1. 1. 0. 0. 0. 1. 0. 0. 0. 0. 0. 0. 0. 1. 1. 0. 1. 0. 1. 0. 0. 0. 1. 0. 0. 1. 0. 0.],10.0,10000,30,0.6,10,1,10,,problem_solving
7400,0.03383678755767346,0.004644732537286479,0.4,-10.396064106967009,[0.         0.         0.02242182 0.01062473 0.01060739 0.         0.         0.         0.01190223 0.         0.         0.         0.         0.         0.         0.         0.01788453 0.01128939 0.         0.01448683 0.         0.01505884 0.         0.         0.         0.87508459 0.         0.         0.01063966 0.         0.        ],[0. 0. 1. 1. 1. 0. 0. 0. 1. 0. 0. 0. 0. 0. 0. 0. 1. 1. 0. 1. 0. 1. 0. 0. 0. 1. 0. 0. 1. 0. 0.],10.0,10000,30,0.6,10,1,10,,problem_solving
7500,0.03383678755767346,0.004644732537286479,0.4,18.656174732885198,[0.         0.         0.02242182 0.01062473 0.01060739 0.         0.         0.         0.01190223 0.         0.         0.         0.         0.         0.         0.         0.01788453 0.01128939 0.         0.01448683 0.         0.01505884 0.         0.         0.         0.87508459 0.         0.         0.01063966 0.         0.        ],[0. 0. 1. 1. 1. 0. 0. 0. 1. 0. 0. 0. 0. 0. 0. 0. 1. 1. 0. 1. 0. 1. 0. 0. 0. 1. 0. 0. 1. 0. 0.],10.0,10000,30,0.6,10,1,10,,problem_solving
7600,0.03383678755767346,0.004644732537286479,0.4,6.7727163649392,[0.         0.         0.02242182 0.01062473 0.01060739 0.         0.         0.         0.01190223 0.         0.         0.         0.         0.         0.         0.         0.01788453 0.01128939 0.         0.01448683 0.         0.01505884 0.         0.         0.         0.87508459 0.         0.         0.01063966 0.         0.        ],[0. 0. 1. 1. 1. 0. 0. 0. 1. 0. 0. 0. 0. 0. 0. 0. 1. 1. 0. 1. 0. 1. 0. 0. 0. 1. 0. 0. 1. 0. 0.],10.0,10000,30,0.6,10,1,10,,problem_solving
7700,0.03383678755767346,0.004644732537286479,0.4,-4.5186051436808015,[0.         0.         0.02242182 0.01062473 0.01060739 0.         0.         0.         0.01190223 0.         0.         0.         0.         0.         0.         0.         0.01788453 0.01128939 0.         0.01448683 0.         0.01505884 0.         0.         0.         0.87508459 0.         0.         0.01063966 0.         0.        ],[0. 0. 1. 1. 1. 0. 0. 0. 1. 0. 0. 0. 0. 0. 0. 0. 1. 1. 0. 1. 0. 1. 0. 0. 0. 1. 0. 0. 1. 0. 0.],10.0,10000,30,0.6,10,1,10,,problem_solving
7800,0.03383678755767346,0.004644732537286479,0.4,-12.027457499153776,[0.         0.         0.02242182 0.01062473 0.01060739 0.         0.         0.         0.01190223 0.         0.         0.         0.         0.         0.         0.         0.01788453 0.01128939 0.         0.01448683 0.         0.01505884 0.         0.         0.         0.87508459 0.         0.         0.01063966 0.         0.        ],[0. 0. 1. 1. 1. 0. 0. 0. 1. 0. 0. 0. 0. 0. 0. 0. 1. 1. 0. 1. 0. 1. 0. 0. 0. 1. 0. 0. 1. 0. 0.],10.0,10000,30,0.6,10,1,10,,problem_solving
7900,0.03383678755767346,0.004644732537286479,0.4,-0.6055486925788571,[0.         0.         0.02242182 0.01062473 0.01060739 0.         0.         0.         0.01190223 0.         0.         0.         0.         0.         0.         0.         0.01788453 0.01128939 0.         0.01448683 0.         0.01505884 0.         0.         0.         0.87508459 0.         0.         0.01063966 0.         0.        ],[0. 0. 1. 1. 1. 0. 0. 0. 1. 0. 0. 0. 0. 0. 0. 0. 1. 1. 0. 1. 0. 1. 0. 0. 0. 1. 0. 0. 1. 0. 0.],10.0,10000,30,0.6,10,1,10,,problem_solving
8000,0.03383678755767346,0.004644732537286479,0.4,7.538164173729656,[0.         0.         0.02242182 0.01062473 0.01060739 0.         0.         0.         0.01190223 0.         0.         0.         0.         0.         0.         0.         0.01788453 0.01128939 0.         0.01448683 0.         0.01505884 0.         0.         0.         0.87508459 0.         0.         0.01063966 0.         0.        ],[0. 0. 1. 1. 1. 0. 0. 0. 1. 0. 0. 0. 0. 0. 0. 0. 1. 1. 0. 1. 0. 1. 0. 0. 0. 1. 0. 0. 1. 0. 0.],10.0,10000,30,0.6,10,1,10,,problem_solving
8100,0.03383678755767346,0.004644732537286479,0.4,14.264328081921986,[0.         0.         0.02242182 0.01062473 0.01060739 0.         0.         0.         0.01190223 0.         0.         0.         0.         0.         0.         0.         0.01788453 0.01128939 0.         0.01448683 0.         0.01505884 0.         0.         0.         0.87508459 0.         0.         0.01063966 0.         0.        ],[0. 0. 1. 1. 1. 0. 0. 0. 1. 0. 0. 0. 0. 0. 0. 0. 1. 1. 0. 1. 0. 1. 0. 0. 0. 1. 0. 0. 1. 0. 0.],10.0,10000,30,0.6,10,1,10,,problem_solving
8200,0.03383678755767346,0.004644732537286479,0.4,-29.22474982161997,[0.         0.         0.02242182 0.01062473 0.01060739 0.         0.         0.         0.01190223 0.         0.         0.         0.         0.         0.         0.         0.01788453 0.01128939 0.         0.01448683 0.         0.01505884 0.         0.         0.         0.87508459 0.         0.         0.01063966 0.         0.        ],[0. 0. 1. 1. 1. 0. 0. 0. 1. 0. 0. 0. 0. 0. 0. 0. 1. 1. 0. 1. 0. 1. 0. 0. 0. 1. 0. 0. 1. 0. 0.],10.0,10000,30,0.6,10,1,10,,problem_solving
8300,0.03383678755767346,0.004644732537286479,0.4,-0.7002059368857712,[0.         0.         0.02242182 0.01062473 0.01060739 0.         0.         0.         0.01190223 0.         0.         0.         0.         0.         0.         0.         0.01788453 0.01128939 0.         0.01448683 0.         0.01505884 0.         0.         0.         0.87508459 0.         0.         0.01063966 0.         0.        ],[0. 0. 1. 1. 1. 0. 0. 0. 1. 0. 0. 0. 0. 0. 0. 0. 1. 1. 0. 1. 0. 1. 0. 0. 0. 1. 0. 0. 1. 0. 0.],10.0,10000,30,0.6,10,1,10,,problem_solving
8400,0.03383678755767346,0.004644732537286479,0.4,-15.171981196852037,[0.         0.         0.02242182 0.01062473 0.01060739 0.         0.         0.         0.01190223 0.         0.         0.         0.         0.         0.         0.         0.01788453 0.01128939 0.         0.01448683 0.         0.01505884 0.         0.         0.         0.87508459 0.         0.         0.01063966 0.         0.        ],[0. 0. 1. 1. 1. 0. 0. 0. 1. 0. 0. 0. 0. 0. 0. 0. 1. 1. 0. 1. 0. 1. 0. 0. 0. 1. 0. 0. 1. 0. 0.],10.0,10000,30,0.6,10,1,10,,problem_solving
8500,0.03383678755767346,0.004644732537286479,0.4,3.6069265647767343,[0.         0.         0.02242182 0.01062473 0.01060739 0.         0.         0.         0.01190223 0.         0.         0.         0.         0.         0.         0.         0.01788453 0.01128939 0.         0.01448683 0.         0.01505884 0.         0.         0.         0.87508459 0.         0.         0.01063966 0.         0.        ],[0. 0. 1. 1. 1. 0. 0. 0. 1. 0. 0. 0. 0. 0. 0. 0. 1. 1. 0. 1. 0. 1. 0. 0. 0. 1. 0. 0. 1. 0. 0.],10.0,10000,30,0.6,10,1,10,,problem_solving
8600,0.03383678755767346,0.004644732537286479,0.4,7.56475950268849,[0.         0.         0.02242182 0.01062473 0.01060739 0.         0.         0.         0.01190223 0.         0.         0.         0.         0.         0.         0.         0.01788453 0.01128939 0.         0.01448683 0.         0.01505884 0.         0.         0.         0.87508459 0.         0.         0.01063966 0.         0.        ],[0. 0. 1. 1. 1. 0. 0. 0. 1. 0. 0. 0. 0. 0. 0. 0. 1. 1. 0. 1. 0. 1. 0. 0. 0. 1. 0. 0. 1. 0. 0.],10.0,10000,30,0.6,10,1,10,,problem_solving
8700,0.03383678755767346,0.004644732537286479,0.4,-10.583908091817243,[0.         0.         0.02242182 0.01062473 0.01060739 0.         0.         0.         0.01190223 0.         0.         0.         0.         0.         0.         0.         0.01788453 0.01128939 0.         0.01448683 0.         0.01505884 0.         0.         0.         0.87508459 0.         0.         0.01063966 0.         0.        ],[0. 0. 1. 1. 1. 0. 0. 0. 1. 0. 0. 0. 0. 0. 0. 0. 1. 1. 0. 1. 0. 1. 0. 0. 0. 1. 0. 0. 1. 0. 0.],10.0,10000,30,0.6,10,1,10,,problem_solving
8800,0.03383678755767346,0.004644732537286479,0.4,5.5792659722553175,[0.         0.         0.02242182 0.01062473 0.01060739 0.         0.         0.         0.01190223 0.         0.         0.         0.         0.         0.         0.         0.01788453 0.01128939 0.         0.01448683 0.         0.01505884 0.         0.         0.         0.87508459 0.         0.         0.01063966 0.         0.        ],[0. 0. 1. 1. 1. 0. 0. 0. 1. 0. 0. 0. 0. 0. 0. 0. 1. 1. 0. 1. 0. 1. 0. 0. 0. 1. 0. 0. 1. 0. 0.],10.0,10000,30,0.6,10,1,10,,problem_solving
8900,0.03383678755767346,0.004644732537286479,0.4,-1.5562851269526452,[0.         0.         0.02242182 0.01062473 0.01060739 0.         0.         0.         0.01190223 0.         0.         0.         0.         0.         0.         0.         0.01788453 0.01128939 0.         0.01448683 0.         0.01505884 0.         0.         0.         0.87508459 0.         0.         0.01063966 0.         0.        ],[0. 0. 1. 1. 1. 0. 0. 0. 1. 0. 0. 0. 0. 0. 0. 0. 1. 1. 0. 1. 0. 1. 0. 0. 0. 1. 0. 0. 1. 0. 0.],10.0,10000,30,0.6,10,1,10,,problem_solving
9000,0.03383678755767346,0.004644732537286479,0.4,5.231335173265077,[0.         0.         0.02242182 0.01062473 0.01060739 0.         0.         0.         0.01190223 0.         0.         0.         0.         0.         0.         0.         0.01788453 0.01128939 0.         0.01448683 0.         0.01505884 0.         0.         0.         0.87508459 0.         0.         0.01063966 0.         0.        ],[0. 0. 1. 1. 1. 0. 0. 0. 1. 0. 0. 0. 0. 0. 0. 0. 1. 1. 0. 1. 0. 1. 0. 0. 0. 1. 0. 0. 1. 0. 0.],10.0,10000,30,0.6,10,1,10,,problem_solving
9100,0.03383678755767346,0.004644732537286479,0.4,-13.020569442136065,[0.         0.         0.02242182 0.01062473 0.01060739 0.         0.         0.         0.01190223 0.         0.         0.         0.         0.         0.         0.         0.01788453 0.01128939 0.         0.01448683 0.         0.01505884 0.         0.         0.         0.87508459 0.         0.         0.01063966 0.         0.        ],[0. 0. 1. 1. 1. 0. 0. 0. 1. 0. 0. 0. 0. 0. 0. 0. 1. 1. 0. 1. 0. 1. 0. 0. 0. 1. 0. 0. 1. 0. 0.],10.0,10000,30,0.6,10,1,10,,problem_solving
9200,0.03383678755767346,0.004644732537286479,0.4,-4.688170278033434,[0.         0.         0.02242182 0.01062473 0.01060739 0.         0.         0.         0.01190223 0.         0.         0.         0.         0.         0.         0.         0.01788453 0.01128939 0.         0.01448683 0.         0.01505884 0.         0.         0.         0.87508459 0.         0.         0.01063966 0.         0.        ],[0. 0. 1. 1. 1. 0. 0. 0. 1. 0. 0. 0. 0. 0. 0. 0. 1. 1. 0. 1. 0. 1. 0. 0. 0. 1. 0. 0. 1. 0. 0.],10.0,10000,30,0.6,10,1,10,,problem_solving
9300,0.03383678755767346,0.004644732537286479,0.4,12.659968458269258,[0.         0.         0.02242182 0.01062473 0.01060739 0.         0.         0.         0.01190223 0.         0.         0.         0.         0.         0.         0.         0.01788453 0.01128939 0.         0.01448683 0.         0.01505884 0.         0.         0.         0.87508459 0.         0.         0.01063966 0.         0.        ],[0. 0. 1. 1. 1. 0. 0. 0. 1. 0. 0. 0. 0. 0. 0. 0. 1. 1. 0. 1. 0. 1. 0. 0. 0. 1. 0. 0. 1. 0. 0.],10.0,10000,30,0.6,10,1,10,,problem_solving
9400,0.033752682603539426,0.004532135207391198,0.4,17.731000709033076,[0.01502041 0.0164313  0.01414804 0.         0.         0.         0.         0.         0.         0.         0.         0.         0.         0.         0.01115747 0.         0.01708855 0.         0.01200382 0.01442114 0.         0.         0.         0.         0.         0.87039971 0.         0.01464277 0.         0.         0.01468679],[1. 1. 1. 0. 0. 0. 0. 0. 0. 0. 0. 0. 0. 0. 1. 0. 1. 0. 1. 1. 0. 0. 0. 0. 0. 1. 0. 1. 0. 0. 1.],10.0,10000,30,0.6,10,1,10,,problem_solving
9500,0.033752682603539426,0.004532135207391198,0.4,10.494890530882031,[0.01502041 0.0164313  0.01414804 0.         0.         0.         0.         0.         0.         0.         0.         0.         0.         0.         0.01115747 0.         0.01708855 0.         0.01200382 0.01442114 0.         0.         0.         0.         0.         0.87039971 0.         0.01464277 0.         0.         0.01468679],[1. 1. 1. 0. 0. 0. 0. 0. 0. 0. 0. 0. 0. 0. 1. 0. 1. 0. 1. 1. 0. 0. 0. 0. 0. 1. 0. 1. 0. 0. 1.],10.0,10000,30,0.6,10,1,10,,problem_solving
9600,0.033752682603539426,0.004532135207391198,0.4,-12.418306649368187,[0.01502041 0.0164313  0.01414804 0.         0.         0.         0.         0.         0.         0.         0.         0.         0.         0.         0.01115747 0.         0.01708855 0.         0.01200382 0.01442114 0.         0.         0.         0.         0.         0.87039971 0.         0.01464277 0.         0.         0.01468679],[1. 1. 1. 0. 0. 0. 0. 0. 0. 0. 0. 0. 0. 0. 1. 0. 1. 0. 1. 1. 0. 0. 0. 0. 0. 1. 0. 1. 0. 0. 1.],10.0,10000,30,0.6,10,1,10,,problem_solving
9700,0.033752682603539426,0.004532135207391198,0.4,-5.993848425445761,[0.01502041 0.0164313  0.01414804 0.         0.         0.         0.         0.         0.         0.         0.         0.         0.         0.         0.01115747 0.         0.01708855 0.         0.01200382 0.01442114 0.         0.         0.         0.         0.         0.87039971 0.         0.01464277 0.         0.         0.01468679],[1. 1. 1. 0. 0. 0. 0. 0. 0. 0. 0. 0. 0. 0. 1. 0. 1. 0. 1. 1. 0. 0. 0. 0. 0. 1. 0. 1. 0. 0. 1.],10.0,10000,30,0.6,10,1,10,,problem_solving
9800,0.033752682603539426,0.004532135207391198,0.4,-2.5083674320669083,[0.01502041 0.0164313  0.01414804 0.         0.         0.         0.         0.         0.         0.         0.         0.         0.         0.         0.01115747 0.         0.01708855 0.         0.01200382 0.01442114 0.         0.         0.         0.         0.         0.87039971 0.         0.01464277 0.         0.         0.01468679],[1. 1. 1. 0. 0. 0. 0. 0. 0. 0. 0. 0. 0. 0. 1. 0. 1. 0. 1. 1. 0. 0. 0. 0. 0. 1. 0. 1. 0. 0. 1.],10.0,10000,30,0.6,10,1,10,,problem_solving
9900,0.030806013424740045,0.004605756054240204,0.4,11.483264946014424,[0.         0.         0.         0.         0.         0.         0.         0.         0.         0.         0.01050315 0.         0.01045487 0.01736375 0.01702822 0.01123299 0.         0.         0.01304295 0.         0.01612675 0.         0.         0.01237503 0.         0.87953927 0.         0.01233301 0.         0.         0.        ],[0. 0. 0. 0. 0. 0. 0. 0. 0. 0. 1. 0. 1. 1. 1. 1. 0. 0. 1. 0. 1. 0. 0. 1. 0. 1. 0. 1. 0. 0. 0.],10.0,10000,30,0.6,10,1,10,,problem_solving
9999,0.030806013424740045,0.004605756054240204,0.4,1.714137080779178,[0.         0.         0.         0.         0.         0.         0.         0.         0.         0.         0.01050315 0.         0.01045487 0.01736375 0.01702822 0.01123299 0.         0.         0.01304295 0.         0.01612675 0.         0.         0.01237503 0.         0.87953927 0.         0.01233301 0.         0.         0.        ],[0. 0. 0. 0. 0. 0. 0. 0. 0. 0. 1. 0. 1. 1. 1. 1. 0. 0. 1. 0. 1. 0. 0. 1. 0. 1. 0. 1. 0. 0. 0.],10.0,10000,30,0.6,10,1,10,,problem_solving
