iter,cost,risk,return,par,bw,move,X,Z,Q,pop_init,max_iter,pop_size,mem_size,mem_consider,par_min,par_max,bw_min,bw_max,sigma,lambda,port_n,k,seed,tag,local_search
1,-0.0015561478909940111,0.187892,0.004244282735157176,0.504,0.894725436791504,-3.547726518686411,[0.01358635 0.         0.         0.         0.87965219 0.01174603 0.03522306 0.         0.01174603 0.         0.         0.         0.         0.         0.02455429 0.         0.         0.         0.         0.         0.01174603 0.01174603 0.         0.         0.         0.         0.         0.         0.         0.         0.        ],[1. 0. 0. 0. 1. 1. 1. 0. 1. 0. 0. 0. 0. 0. 1. 0. 0. 0. 0. 0. 1. 1. 0. 0. 0. 0. 0. 0. 0. 0. 0.],8.0,best,100,1000,100,0.9,0.5,0.9,0.5,0.9,5,0.17,1,8,,problem_solving,10
2,-0.0015561478909940111,0.187892,0.004244282735157176,0.508,0.8894817858241639,1.0611936132265392,[0.01358635 0.         0.         0.         0.87965219 0.01174603 0.03522306 0.         0.01174603 0.         0.         0.         0.         0.         0.02455429 0.         0.         0.         0.         0.         0.01174603 0.01174603 0.         0.         0.         0.         0.         0.         0.         0.         0.        ],[1. 0. 0. 0. 1. 1. 1. 0. 1. 0. 0. 0. 0. 0. 1. 0. 0. 0. 0. 0. 1. 1. 0. 0. 0. 0. 0. 0. 0. 0. 0.],8.0,best,100,1000,100,0.9,0.5,0.9,0.5,0.9,5,0.17,1,8,,problem_solving,10
3,-0.0015561478909940111,0.187892,0.004244282735157176,0.512,0.8842688659329022,2.3063847831525544,[0.01358635 0.         0.         0.         0.87965219 0.01174603 0.03522306 0.         0.01174603 0.         0.         0.         0.         0.         0.02455429 0.         0.         0.         0.         0.         0.01174603 0.01174603 0.         0.         0.         0.         0.         0.         0.         0.         0.        ],[1. 0. 0. 0. 1. 1. 1. 0. 1. 0. 0. 0. 0. 0. 1. 0. 0. 0. 0. 0. 1. 1. 0. 0. 0. 0. 0. 0. 0. 0. 0.],8.0,best,100,1000,100,0.9,0.5,0.9,0.5,0.9,5,0.17,1,8,,problem_solving,10
4,-0.0015561478909940111,0.187892,0.004244282735157176,0.516,0.879086497014382,1.8188124262606105,[0.01358635 0.         0.         0.         0.87965219 0.01174603 0.03522306 0.         0.01174603 0.         0.         0.         0.         0.         0.02455429 0.         0.         0.         0.         0.         0.01174603 0.01174603 0.         0.         0.         0.         0.         0.         0.         0.         0.        ],[1. 0. 0. 0. 1. 1. 1. 0. 1. 0. 0. 0. 0. 0. 1. 0. 0. 0. 0. 0. 1. 1. 0. 0. 0. 0. 0. 0. 0. 0. 0.],8.0,best,100,1000,100,0.9,0.5,0.9,0.5,0.9,5,0.17,1,8,,problem_solving,10
5,-0.0015561478909940111,0.187892,0.004244282735157176,0.52,0.8739345000207845,1.6888165614166317,[0.01358635 0.         0.         0.         0.87965219 0.01174603 0.03522306 0.         0.01174603 0.         0.         0.         0.         0.         0.02455429 0.         0.         0.         0.         0.         0.01174603 0.01174603 0.         0.         0.         0.         0.         0.         0.         0.         0.        ],[1. 0. 0. 0. 1. 1. 1. 0. 1. 0. 0. 0. 0. 0. 1. 0. 0. 0. 0. 0. 1. 1. 0. 0. 0. 0. 0. 0. 0. 0. 0.],8.0,best,100,1000,100,0.9,0.5,0.9,0.5,0.9,5,0.17,1,8,,problem_solving,10
6,-0.0015561478909940111,0.187892,0.004244282735157176,0.524,0.8688126969536234,0.4781598766938408,[0.01358635 0.         0.         0.         0.87965219 0.01174603 0.03522306 0.         0.01174603 0.         0.         0.         0.         0.         0.02455429 0.         0.         0.         0.         0.         0.01174603 0.01174603 0.         0.         0.         0.         0.         0.         0.         0.         0.        ],[1. 0. 0. 0. 1. 1. 1. 0. 1. 0. 0. 0. 0. 0. 1. 0. 0. 0. 0. 0. 1. 1. 0. 0. 0. 0. 0. 0. 0. 0. 0.],8.0,best,100,1000,100,0.9,0.5,0.9,0.5,0.9,5,0.17,1,8,,problem_solving,10
7,-0.0015561478909940111,0.187892,0.004244282735157176,0.528,0.8637209108575947,1.0680216538025595,[0.01358635 0.         0.         0.         0.87965219 0.01174603 0.03522306 0.         0.01174603 0.         0.         0.         0.         0.         0.02455429 0.         0.         0.         0.         0.         0.01174603 0.01174603 0.         0.         0.         0.         0.         0.         0.         0.         0.        ],[1. 0. 0. 0. 1. 1. 1. 0. 1. 0. 0. 0. 0. 0. 1. 0. 0. 0. 0. 0. 1. 1. 0. 0. 0. 0. 0. 0. 0. 0. 0.],8.0,best,100,1000,100,0.9,0.5,0.9,0.5,0.9,5,0.17,1,8,,problem_solving,10
8,-0.0015561478909940111,0.187892,0.004244282735157176,0.532,0.8586589658144633,2.8062320112371717,[0.01358635 0.         0.         0.         0.87965219 0.01174603 0.03522306 0.         0.01174603 0.         0.         0.         0.         0.         0.02455429 0.         0.         0.         0.         0.         0.01174603 0.01174603 0.         0.         0.         0.         0.         0.         0.         0.         0.        ],[1. 0. 0. 0. 1. 1. 1. 0. 1. 0. 0. 0. 0. 0. 1. 0. 0. 0. 0. 0. 1. 1. 0. 0. 0. 0. 0. 0. 0. 0. 0.],8.0,best,100,1000,100,0.9,0.5,0.9,0.5,0.9,5,0.17,1,8,,problem_solving,10
9,-0.0015561478909940111,0.187892,0.004244282735157176,0.536,0.8536266869369854,5.0968119654762,[0.01358635 0.         0.         0.         0.87965219 0.01174603 0.03522306 0.         0.01174603 0.         0.         0.         0.         0.         0.02455429 0.         0.         0.         0.         0.         0.01174603 0.01174603 0.         0.         0.         0.         0.         0.         0.         0.         0.        ],[1. 0. 0. 0. 1. 1. 1. 0. 1. 0. 0. 0. 0. 0. 1. 0. 0. 0. 0. 0. 1. 1. 0. 0. 0. 0. 0. 0. 0. 0. 0.],8.0,best,100,1000,100,0.9,0.5,0.9,0.5,0.9,5,0.17,1,8,,problem_solving,10
10,-0.0015561478909940111,0.187892,0.004244282735157176,0.54,0.8486239003628652,-2.3143915221110825,[0.01358635 0.         0.         0.         0.87965219 0.01174603 0.03522306 0.         0.01174603 0.         0.         0.         0.         0.         0.02455429 0.         0.         0.         0.         0.         0.01174603 0.01174603 0.         0.         0.         0.         0.         0.         0.         0.         0.        ],[1. 0. 0. 0. 1. 1. 1. 0. 1. 0. 0. 0. 0. 0. 1. 0. 0. 0. 0. 0. 1. 1. 0. 0. 0. 0. 0. 0. 0. 0. 0.],8.0,best,100,1000,100,0.9,0.5,0.9,0.5,0.9,5,0.17,1,8,,problem_solving,10
11,-0.0015561478909940111,0.187892,0.004244282735157176,0.544,0.8436504332487491,-1.3473340151209439,[0.01358635 0.         0.         0.         0.87965219 0.01174603 0.03522306 0.         0.01174603 0.         0.         0.         0.         0.         0.02455429 0.         0.         0.         0.         0.         0.01174603 0.01174603 0.         0.         0.         0.         0.         0.         0.         0.         0.        ],[1. 0. 0. 0. 1. 1. 1. 0. 1. 0. 0. 0. 0. 0. 1. 0. 0. 0. 0. 0. 1. 1. 0. 0. 0. 0. 0. 0. 0. 0. 0.],8.0,best,100,1000,100,0.9,0.5,0.9,0.5,0.9,5,0.17,1,8,,problem_solving,10
12,-0.0015561478909940111,0.187892,0.004244282735157176,0.548,0.838706113764254,2.641773942063642,[0.01358635 0.         0.         0.         0.87965219 0.01174603 0.03522306 0.         0.01174603 0.         0.         0.         0.         0.         0.02455429 0.         0.         0.         0.         0.         0.01174603 0.01174603 0.         0.         0.         0.         0.         0.         0.         0.         0.        ],[1. 0. 0. 0. 1. 1. 1. 0. 1. 0. 0. 0. 0. 0. 1. 0. 0. 0. 0. 0. 1. 1. 0. 0. 0. 0. 0. 0. 0. 0. 0.],8.0,best,100,1000,100,0.9,0.5,0.9,0.5,0.9,5,0.17,1,8,,problem_solving,10
13,-0.0015561478909940111,0.187892,0.004244282735157176,0.552,0.83379077108603,3.5050645443571278,[0.01358635 0.         0.         0.         0.87965219 0.01174603 0.03522306 0.         0.01174603 0.         0.         0.         0.         0.         0.02455429 0.         0.         0.         0.         0.         0.01174603 0.01174603 0.         0.         0.         0.         0.         0.         0.         0.         0.        ],[1. 0. 0. 0. 1. 1. 1. 0. 1. 0. 0. 0. 0. 0. 1. 0. 0. 0. 0. 0. 1. 1. 0. 0. 0. 0. 0. 0. 0. 0. 0.],8.0,best,100,1000,100,0.9,0.5,0.9,0.5,0.9,5,0.17,1,8,,problem_solving,10
14,-0.0015561478909940111,0.187892,0.004244282735157176,0.556,0.828904235391859,-3.549265757258166,[0.01358635 0.         0.         0.         0.87965219 0.01174603 0.03522306 0.         0.01174603 0.         0.         0.         0.         0.         0.02455429 0.         0.         0.         0.         0.         0.01174603 0.01174603 0.         0.         0.         0.         0.         0.         0.         0.         0.        ],[1. 0. 0. 0. 1. 1. 1. 0. 1. 0. 0. 0. 0. 0. 1. 0. 0. 0. 0. 0. 1. 1. 0. 0. 0. 0. 0. 0. 0. 0. 0.],8.0,best,100,1000,100,0.9,0.5,0.9,0.5,0.9,5,0.17,1,8,,problem_solving,10
15,-0.0015561478909940111,0.187892,0.004244282735157176,0.56,0.8240463378547873,0.8150230764417911,[0.01358635 0.         0.         0.         0.87965219 0.01174603 0.03522306 0.         0.01174603 0.         0.         0.         0.         0.         0.02455429 0.         0.         0.         0.         0.         0.01174603 0.01174603 0.         0.         0.         0.         0.         0.         0.         0.         0.        ],[1. 0. 0. 0. 1. 1. 1. 0. 1. 0. 0. 0. 0. 0. 1. 0. 0. 0. 0. 0. 1. 1. 0. 0. 0. 0. 0. 0. 0. 0. 0.],8.0,best,100,1000,100,0.9,0.5,0.9,0.5,0.9,5,0.17,1,8,,problem_solving,10
16,-0.0015561478909940111,0.187892,0.004244282735157176,0.5640000000000001,0.8192169106372932,-5.547510929416369,[0.01358635 0.         0.         0.         0.87965219 0.01174603 0.03522306 0.         0.01174603 0.         0.         0.         0.         0.         0.02455429 0.         0.         0.         0.         0.         0.01174603 0.01174603 0.         0.         0.         0.         0.         0.         0.         0.         0.        ],[1. 0. 0. 0. 1. 1. 1. 0. 1. 0. 0. 0. 0. 0. 1. 0. 0. 0. 0. 0. 1. 1. 0. 0. 0. 0. 0. 0. 0. 0. 0.],8.0,best,100,1000,100,0.9,0.5,0.9,0.5,0.9,5,0.17,1,8,,problem_solving,10
17,-0.0015561478909940111,0.187892,0.004244282735157176,0.5680000000000001,0.8144157868854872,-1.609845383019722,[0.01358635 0.         0.         0.         0.87965219 0.01174603 0.03522306 0.         0.01174603 0.         0.         0.         0.         0.         0.02455429 0.         0.         0.         0.         0.         0.01174603 0.01174603 0.         0.         0.         0.         0.         0.         0.         0.         0.        ],[1. 0. 0. 0. 1. 1. 1. 0. 1. 0. 0. 0. 0. 0. 1. 0. 0. 0. 0. 0. 1. 1. 0. 0. 0. 0. 0. 0. 0. 0. 0.],8.0,best,100,1000,100,0.9,0.5,0.9,0.5,0.9,5,0.17,1,8,,problem_solving,10
18,-0.0015561478909940111,0.187892,0.004244282735157176,0.5720000000000001,0.8096428007233489,0.2653343275185187,[0.01358635 0.         0.         0.         0.87965219 0.01174603 0.03522306 0.         0.01174603 0.         0.         0.         0.         0.         0.02455429 0.         0.         0.         0.         0.         0.01174603 0.01174603 0.         0.         0.         0.         0.         0.         0.         0.         0.        ],[1. 0. 0. 0. 1. 1. 1. 0. 1. 0. 0. 0. 0. 0. 1. 0. 0. 0. 0. 0. 1. 1. 0. 0. 0. 0. 0. 0. 0. 0. 0.],8.0,best,100,1000,100,0.9,0.5,0.9,0.5,0.9,5,0.17,1,8,,problem_solving,10
19,-0.0015561478909940111,0.187892,0.004244282735157176,0.576,0.8048977872469943,9.207067502919482,[0.01358635 0.         0.         0.         0.87965219 0.01174603 0.03522306 0.         0.01174603 0.         0.         0.         0.         0.         0.02455429 0.         0.         0.         0.         0.         0.01174603 0.01174603 0.         0.         0.         0.         0.         0.         0.         0.         0.        ],[1. 0. 0. 0. 1. 1. 1. 0. 1. 0. 0. 0. 0. 0. 1. 0. 0. 0. 0. 0. 1. 1. 0. 0. 0. 0. 0. 0. 0. 0. 0.],8.0,best,100,1000,100,0.9,0.5,0.9,0.5,0.9,5,0.17,1,8,,problem_solving,10
20,-0.0015561478909940111,0.187892,0.004244282735157176,0.58,0.80018058251898,12.774493990324627,[0.01358635 0.         0.         0.         0.87965219 0.01174603 0.03522306 0.         0.01174603 0.         0.         0.         0.         0.         0.02455429 0.         0.         0.         0.         0.         0.01174603 0.01174603 0.         0.         0.         0.         0.         0.         0.         0.         0.        ],[1. 0. 0. 0. 1. 1. 1. 0. 1. 0. 0. 0. 0. 0. 1. 0. 0. 0. 0. 0. 1. 1. 0. 0. 0. 0. 0. 0. 0. 0. 0.],8.0,best,100,1000,100,0.9,0.5,0.9,0.5,0.9,5,0.17,1,8,,problem_solving,10
21,-0.0015561478909940111,0.187892,0.004244282735157176,0.584,0.7954910235626382,-1.0025694201154214,[0.01358635 0.         0.         0.         0.87965219 0.01174603 0.03522306 0.         0.01174603 0.         0.         0.         0.         0.         0.02455429 0.         0.         0.         0.         0.         0.01174603 0.01174603 0.         0.         0.         0.         0.         0.         0.         0.         0.        ],[1. 0. 0. 0. 1. 1. 1. 0. 1. 0. 0. 0. 0. 0. 1. 0. 0. 0. 0. 0. 1. 1. 0. 0. 0. 0. 0. 0. 0. 0. 0.],8.0,best,100,1000,100,0.9,0.5,0.9,0.5,0.9,5,0.17,1,8,,problem_solving,10
22,-0.0015561478909940111,0.187892,0.004244282735157176,0.588,0.7908289483564468,3.2098941748301213,[0.01358635 0.         0.         0.         0.87965219 0.01174603 0.03522306 0.         0.01174603 0.         0.         0.         0.         0.         0.02455429 0.         0.         0.         0.         0.         0.01174603 0.01174603 0.         0.         0.         0.         0.         0.         0.         0.         0.        ],[1. 0. 0. 0. 1. 1. 1. 0. 1. 0. 0. 0. 0. 0. 1. 0. 0. 0. 0. 0. 1. 1. 0. 0. 0. 0. 0. 0. 0. 0. 0.],8.0,best,100,1000,100,0.9,0.5,0.9,0.5,0.9,5,0.17,1,8,,problem_solving,10
23,-0.0015561478909940111,0.187892,0.004244282735157176,0.592,0.7861941958284306,-2.5531166508501975,[0.01358635 0.         0.         0.         0.87965219 0.01174603 0.03522306 0.         0.01174603 0.         0.         0.         0.         0.         0.02455429 0.         0.         0.         0.         0.         0.01174603 0.01174603 0.         0.         0.         0.         0.         0.         0.         0.         0.        ],[1. 0. 0. 0. 1. 1. 1. 0. 1. 0. 0. 0. 0. 0. 1. 0. 0. 0. 0. 0. 1. 1. 0. 0. 0. 0. 0. 0. 0. 0. 0.],8.0,best,100,1000,100,0.9,0.5,0.9,0.5,0.9,5,0.17,1,8,,problem_solving,10
24,-0.0015561478909940111,0.187892,0.004244282735157176,0.596,0.7815866058505976,3.4030765053322365,[0.01358635 0.         0.         0.         0.87965219 0.01174603 0.03522306 0.         0.01174603 0.         0.         0.         0.         0.         0.02455429 0.         0.         0.         0.         0.         0.01174603 0.01174603 0.         0.         0.         0.         0.         0.         0.         0.         0.        ],[1. 0. 0. 0. 1. 1. 1. 0. 1. 0. 0. 0. 0. 0. 1. 0. 0. 0. 0. 0. 1. 1. 0. 0. 0. 0. 0. 0. 0. 0. 0.],8.0,best,100,1000,100,0.9,0.5,0.9,0.5,0.9,5,0.17,1,8,,problem_solving,10
25,-0.0015561478909940111,0.187892,0.004244282735157176,0.6,0.7770060192334055,6.365312780366463,[0.01358635 0.         0.         0.         0.87965219 0.01174603 0.03522306 0.         0.01174603 0.         0.         0.         0.         0.         0.02455429 0.         0.         0.         0.         0.         0.01174603 0.01174603 0.         0.         0.         0.         0.         0.         0.         0.         0.        ],[1. 0. 0. 0. 1. 1. 1. 0. 1. 0. 0. 0. 0. 0. 1. 0. 0. 0. 0. 0. 1. 1. 0. 0. 0. 0. 0. 0. 0. 0. 0.],8.0,best,100,1000,100,0.9,0.5,0.9,0.5,0.9,5,0.17,1,8,,problem_solving,10
26,-0.0015561478909940111,0.187892,0.004244282735157176,0.604,0.7724522777202626,-0.5900794219734382,[0.01358635 0.         0.         0.         0.87965219 0.01174603 0.03522306 0.         0.01174603 0.         0.         0.         0.         0.         0.02455429 0.         0.         0.         0.         0.         0.01174603 0.01174603 0.         0.         0.         0.         0.         0.         0.         0.         0.        ],[1. 0. 0. 0. 1. 1. 1. 0. 1. 0. 0. 0. 0. 0. 1. 0. 0. 0. 0. 0. 1. 1. 0. 0. 0. 0. 0. 0. 0. 0. 0.],8.0,best,100,1000,100,0.9,0.5,0.9,0.5,0.9,5,0.17,1,8,,problem_solving,10
27,-0.0015561478909940111,0.187892,0.004244282735157176,0.608,0.7679252239820602,-3.2148172988068113,[0.01358635 0.         0.         0.         0.87965219 0.01174603 0.03522306 0.         0.01174603 0.         0.         0.         0.         0.         0.02455429 0.         0.         0.         0.         0.         0.01174603 0.01174603 0.         0.         0.         0.         0.         0.         0.         0.         0.        ],[1. 0. 0. 0. 1. 1. 1. 0. 1. 0. 0. 0. 0. 0. 1. 0. 0. 0. 0. 0. 1. 1. 0. 0. 0. 0. 0. 0. 0. 0. 0.],8.0,best,100,1000,100,0.9,0.5,0.9,0.5,0.9,5,0.17,1,8,,problem_solving,10
28,-0.0034729801026145823,0.173893,0.003094489225689407,0.612,0.7634247016117359,-0.33553033145872957,[0.         0.         0.0109025  0.         0.90925598 0.         0.0161499  0.         0.         0.01387826 0.         0.0111089  0.         0.         0.         0.         0.         0.         0.         0.         0.         0.         0.         0.         0.01122291 0.         0.         0.01203333 0.01544821 0.         0.        ],[0. 0. 1. 0. 1. 0. 1. 0. 0. 1. 0. 1. 0. 0. 0. 0. 0. 0. 0. 0. 0. 0. 0. 0. 1. 0. 0. 1. 1. 0. 0.],8.0,best,100,1000,100,0.9,0.5,0.9,0.5,0.9,5,0.17,1,8,,problem_solving,10
29,-0.0034729801026145823,0.173893,0.003094489225689407,0.616,0.758950555118871,-7.599995977316133,[0.         0.         0.0109025  0.         0.90925598 0.         0.0161499  0.         0.         0.01387826 0.         0.0111089  0.         0.         0.         0.         0.         0.         0.         0.         0.         0.         0.         0.         0.01122291 0.         0.         0.01203333 0.01544821 0.         0.        ],[0. 0. 1. 0. 1. 0. 1. 0. 0. 1. 0. 1. 0. 0. 0. 0. 0. 0. 0. 0. 0. 0. 0. 0. 1. 0. 0. 1. 1. 0. 0.],8.0,best,100,1000,100,0.9,0.5,0.9,0.5,0.9,5,0.17,1,8,,problem_solving,10
30,-0.0034729801026145823,0.173893,0.003094489225689407,0.62,0.754502629924318,7.094690948479732,[0.         0.         0.0109025  0.         0.90925598 0.         0.0161499  0.         0.         0.01387826 0.         0.0111089  0.         0.         0.         0.         0.         0.         0.         0.         0.         0.         0.         0.         0.01122291 0.         0.         0.01203333 0.01544821 0.         0.        ],[0. 0. 1. 0. 1. 0. 1. 0. 0. 1. 0. 1. 0. 0. 0. 0. 0. 0. 0. 0. 0. 0. 0. 0. 1. 0. 0. 1. 1. 0. 0.],8.0,best,100,1000,100,0.9,0.5,0.9,0.5,0.9,5,0.17,1,8,,problem_solving,10
31,-0.0034729801026145823,0.173893,0.003094489225689407,0.624,0.7500807723548599,-3.611427668224235,[0.         0.         0.0109025  0.         0.90925598 0.         0.0161499  0.         0.         0.01387826 0.         0.0111089  0.         0.         0.         0.         0.         0.         0.         0.         0.         0.         0.         0.         0.01122291 0.         0.         0.01203333 0.01544821 0.         0.        ],[0. 0. 1. 0. 1. 0. 1. 0. 0. 1. 0. 1. 0. 0. 0. 0. 0. 0. 0. 0. 0. 0. 0. 0. 1. 0. 0. 1. 1. 0. 0.],8.0,best,100,1000,100,0.9,0.5,0.9,0.5,0.9,5,0.17,1,8,,problem_solving,10
32,-0.0034729801026145823,0.173893,0.003094489225689407,0.628,0.7456848296379007,6.167861921341738,[0.         0.         0.0109025  0.         0.90925598 0.         0.0161499  0.         0.         0.01387826 0.         0.0111089  0.         0.         0.         0.         0.         0.         0.         0.         0.         0.         0.         0.         0.01122291 0.         0.         0.01203333 0.01544821 0.         0.        ],[0. 0. 1. 0. 1. 0. 1. 0. 0. 1. 0. 1. 0. 0. 0. 0. 0. 0. 0. 0. 0. 0. 0. 0. 1. 0. 0. 1. 1. 0. 0.],8.0,best,100,1000,100,0.9,0.5,0.9,0.5,0.9,5,0.17,1,8,,problem_solving,10
33,-0.0034729801026145823,0.173893,0.003094489225689407,0.632,0.7413146498961878,0.48947552264313815,[0.         0.         0.0109025  0.         0.90925598 0.         0.0161499  0.         0.         0.01387826 0.         0.0111089  0.         0.         0.         0.         0.         0.         0.         0.         0.         0.         0.         0.         0.01122291 0.         0.         0.01203333 0.01544821 0.         0.        ],[0. 0. 1. 0. 1. 0. 1. 0. 0. 1. 0. 1. 0. 0. 0. 0. 0. 0. 0. 0. 0. 0. 0. 0. 1. 0. 0. 1. 1. 0. 0.],8.0,best,100,1000,100,0.9,0.5,0.9,0.5,0.9,5,0.17,1,8,,problem_solving,10
34,-0.0034729801026145823,0.173893,0.003094489225689407,0.636,0.7369700821425638,-1.4808235661325417,[0.         0.         0.0109025  0.         0.90925598 0.         0.0161499  0.         0.         0.01387826 0.         0.0111089  0.         0.         0.         0.         0.         0.         0.         0.         0.         0.         0.         0.         0.01122291 0.         0.         0.01203333 0.01544821 0.         0.        ],[0. 0. 1. 0. 1. 0. 1. 0. 0. 1. 0. 1. 0. 0. 0. 0. 0. 0. 0. 0. 0. 0. 0. 0. 1. 0. 0. 1. 1. 0. 0.],8.0,best,100,1000,100,0.9,0.5,0.9,0.5,0.9,5,0.17,1,8,,problem_solving,10
35,-0.0034729801026145823,0.173893,0.003094489225689407,0.64,0.7326509762747511,-2.2079645925558395,[0.         0.         0.0109025  0.         0.90925598 0.         0.0161499  0.         0.         0.01387826 0.         0.0111089  0.         0.         0.         0.         0.         0.         0.         0.         0.         0.         0.         0.         0.01122291 0.         0.         0.01203333 0.01544821 0.         0.        ],[0. 0. 1. 0. 1. 0. 1. 0. 0. 1. 0. 1. 0. 0. 0. 0. 0. 0. 0. 0. 0. 0. 0. 0. 1. 0. 0. 1. 1. 0. 0.],8.0,best,100,1000,100,0.9,0.5,0.9,0.5,0.9,5,0.17,1,8,,problem_solving,10
36,-0.0034729801026145823,0.173893,0.003094489225689407,0.644,0.7283571830701648,-2.537616320368613,[0.         0.         0.0109025  0.         0.90925598 0.         0.0161499  0.         0.         0.01387826 0.         0.0111089  0.         0.         0.         0.         0.         0.         0.         0.         0.         0.         0.         0.         0.01122291 0.         0.         0.01203333 0.01544821 0.         0.        ],[0. 0. 1. 0. 1. 0. 1. 0. 0. 1. 0. 1. 0. 0. 0. 0. 0. 0. 0. 0. 0. 0. 0. 0. 1. 0. 0. 1. 1. 0. 0.],8.0,best,100,1000,100,0.9,0.5,0.9,0.5,0.9,5,0.17,1,8,,problem_solving,10
37,-0.0034729801026145823,0.173893,0.003094489225689407,0.648,0.7240885541807586,0.7168848317544156,[0.         0.         0.0109025  0.         0.90925598 0.         0.0161499  0.         0.         0.01387826 0.         0.0111089  0.         0.         0.         0.         0.         0.         0.         0.         0.         0.         0.         0.         0.01122291 0.         0.         0.01203333 0.01544821 0.         0.        ],[0. 0. 1. 0. 1. 0. 1. 0. 0. 1. 0. 1. 0. 0. 0. 0. 0. 0. 0. 0. 0. 0. 0. 0. 1. 0. 0. 1. 1. 0. 0.],8.0,best,100,1000,100,0.9,0.5,0.9,0.5,0.9,5,0.17,1,8,,problem_solving,10
38,-0.0034729801026145823,0.173893,0.003094489225689407,0.652,0.7198449421278975,0.0018611837208665795,[0.         0.         0.0109025  0.         0.90925598 0.         0.0161499  0.         0.         0.01387826 0.         0.0111089  0.         0.         0.         0.         0.         0.         0.         0.         0.         0.         0.         0.         0.01122291 0.         0.         0.01203333 0.01544821 0.         0.        ],[0. 0. 1. 0. 1. 0. 1. 0. 0. 1. 0. 1. 0. 0. 0. 0. 0. 0. 0. 0. 0. 0. 0. 0. 1. 0. 0. 1. 1. 0. 0.],8.0,best,100,1000,100,0.9,0.5,0.9,0.5,0.9,5,0.17,1,8,,problem_solving,10
39,-0.0034729801026145823,0.173893,0.003094489225689407,0.656,0.7156262002972644,-0.021794227050475786,[0.         0.         0.0109025  0.         0.90925598 0.         0.0161499  0.         0.         0.01387826 0.         0.0111089  0.         0.         0.         0.         0.         0.         0.         0.         0.         0.         0.         0.         0.01122291 0.         0.         0.01203333 0.01544821 0.         0.        ],[0. 0. 1. 0. 1. 0. 1. 0. 0. 1. 0. 1. 0. 0. 0. 0. 0. 0. 0. 0. 0. 0. 0. 0. 1. 0. 0. 1. 1. 0. 0.],8.0,best,100,1000,100,0.9,0.5,0.9,0.5,0.9,5,0.17,1,8,,problem_solving,10
40,-0.0034729801026145823,0.173893,0.003094489225689407,0.66,0.7114321829337936,-6.4402161463692735,[0.         0.         0.0109025  0.         0.90925598 0.         0.0161499  0.         0.         0.01387826 0.         0.0111089  0.         0.         0.         0.         0.         0.         0.         0.         0.         0.         0.         0.         0.01122291 0.         0.         0.01203333 0.01544821 0.         0.        ],[0. 0. 1. 0. 1. 0. 1. 0. 0. 1. 0. 1. 0. 0. 0. 0. 0. 0. 0. 0. 0. 0. 0. 0. 1. 0. 0. 1. 1. 0. 0.],8.0,best,100,1000,100,0.9,0.5,0.9,0.5,0.9,5,0.17,1,8,,problem_solving,10
41,-0.0034729801026145823,0.173893,0.003094489225689407,0.664,0.707262745136635,-5.787453407325926,[0.         0.         0.0109025  0.         0.90925598 0.         0.0161499  0.         0.         0.01387826 0.         0.0111089  0.         0.         0.         0.         0.         0.         0.         0.         0.         0.         0.         0.         0.01122291 0.         0.         0.01203333 0.01544821 0.         0.        ],[0. 0. 1. 0. 1. 0. 1. 0. 0. 1. 0. 1. 0. 0. 0. 0. 0. 0. 0. 0. 0. 0. 0. 0. 1. 0. 0. 1. 1. 0. 0.],8.0,best,100,1000,100,0.9,0.5,0.9,0.5,0.9,5,0.17,1,8,,problem_solving,10
42,-0.0034729801026145823,0.173893,0.003094489225689407,0.668,0.7031177428541489,3.9212386396193195,[0.         0.         0.0109025  0.         0.90925598 0.         0.0161499  0.         0.         0.01387826 0.         0.0111089  0.         0.         0.         0.         0.         0.         0.         0.         0.         0.         0.         0.         0.01122291 0.         0.         0.01203333 0.01544821 0.         0.        ],[0. 0. 1. 0. 1. 0. 1. 0. 0. 1. 0. 1. 0. 0. 0. 0. 0. 0. 0. 0. 0. 0. 0. 0. 1. 0. 0. 1. 1. 0. 0.],8.0,best,100,1000,100,0.9,0.5,0.9,0.5,0.9,5,0.17,1,8,,problem_solving,10
43,-0.0034729801026145823,0.173893,0.003094489225689407,0.672,0.6989970328789274,3.628132694165574,[0.         0.         0.0109025  0.         0.90925598 0.         0.0161499  0.         0.         0.01387826 0.         0.0111089  0.         0.         0.         0.         0.         0.         0.         0.         0.         0.         0.         0.         0.01122291 0.         0.         0.01203333 0.01544821 0.         0.        ],[0. 0. 1. 0. 1. 0. 1. 0. 0. 1. 0. 1. 0. 0. 0. 0. 0. 0. 0. 0. 0. 0. 0. 0. 1. 0. 0. 1. 1. 0. 0.],8.0,best,100,1000,100,0.9,0.5,0.9,0.5,0.9,5,0.17,1,8,,problem_solving,10
44,-0.0034729801026145823,0.173893,0.003094489225689407,0.6759999999999999,0.6949004728428485,-1.5059915088800335,[0.         0.         0.0109025  0.         0.90925598 0.         0.0161499  0.         0.         0.01387826 0.         0.0111089  0.         0.         0.         0.         0.         0.         0.         0.         0.         0.         0.         0.         0.01122291 0.         0.         0.01203333 0.01544821 0.         0.        ],[0. 0. 1. 0. 1. 0. 1. 0. 0. 1. 0. 1. 0. 0. 0. 0. 0. 0. 0. 0. 0. 0. 0. 0. 1. 0. 0. 1. 1. 0. 0.],8.0,best,100,1000,100,0.9,0.5,0.9,0.5,0.9,5,0.17,1,8,,problem_solving,10
45,-0.0034729801026145823,0.173893,0.003094489225689407,0.6799999999999999,0.6908279212121557,0.5903201098271608,[0.         0.         0.0109025  0.         0.90925598 0.         0.0161499  0.         0.         0.01387826 0.         0.0111089  0.         0.         0.         0.         0.         0.         0.         0.         0.         0.         0.         0.         0.01122291 0.         0.         0.01203333 0.01544821 0.         0.        ],[0. 0. 1. 0. 1. 0. 1. 0. 0. 1. 0. 1. 0. 0. 0. 0. 0. 0. 0. 0. 0. 0. 0. 0. 1. 0. 0. 1. 1. 0. 0.],8.0,best,100,1000,100,0.9,0.5,0.9,0.5,0.9,5,0.17,1,8,,problem_solving,10
46,-0.0034729801026145823,0.173893,0.003094489225689407,0.6839999999999999,0.6867792372825696,5.19124241434845,[0.         0.         0.0109025  0.         0.90925598 0.         0.0161499  0.         0.         0.01387826 0.         0.0111089  0.         0.         0.         0.         0.         0.         0.         0.         0.         0.         0.         0.         0.01122291 0.         0.         0.01203333 0.01544821 0.         0.        ],[0. 0. 1. 0. 1. 0. 1. 0. 0. 1. 0. 1. 0. 0. 0. 0. 0. 0. 0. 0. 0. 0. 0. 0. 1. 0. 0. 1. 1. 0. 0.],8.0,best,100,1000,100,0.9,0.5,0.9,0.5,0.9,5,0.17,1,8,,problem_solving,10
47,-0.0034729801026145823,0.173893,0.003094489225689407,0.688,0.6827542811744257,5.972598499493267,[0.         0.         0.0109025  0.         0.90925598 0.         0.0161499  0.         0.         0.01387826 0.         0.0111089  0.         0.         0.         0.         0.         0.         0.         0.         0.         0.         0.         0.         0.01122291 0.         0.         0.01203333 0.01544821 0.         0.        ],[0. 0. 1. 0. 1. 0. 1. 0. 0. 1. 0. 1. 0. 0. 0. 0. 0. 0. 0. 0. 0. 0. 0. 0. 1. 0. 0. 1. 1. 0. 0.],8.0,best,100,1000,100,0.9,0.5,0.9,0.5,0.9,5,0.17,1,8,,problem_solving,10
48,-0.0034729801026145823,0.173893,0.003094489225689407,0.692,0.6787529138278414,-0.5525482129961309,[0.         0.         0.0109025  0.         0.90925598 0.         0.0161499  0.         0.         0.01387826 0.         0.0111089  0.         0.         0.         0.         0.         0.         0.         0.         0.         0.         0.         0.         0.01122291 0.         0.         0.01203333 0.01544821 0.         0.        ],[0. 0. 1. 0. 1. 0. 1. 0. 0. 1. 0. 1. 0. 0. 0. 0. 0. 0. 0. 0. 0. 0. 0. 0. 1. 0. 0. 1. 1. 0. 0.],8.0,best,100,1000,100,0.9,0.5,0.9,0.5,0.9,5,0.17,1,8,,problem_solving,10
49,-0.0034729801026145823,0.173893,0.003094489225689407,0.696,0.6747749969979128,8.154568755980364,[0.         0.         0.0109025  0.         0.90925598 0.         0.0161499  0.         0.         0.01387826 0.         0.0111089  0.         0.         0.         0.         0.         0.         0.         0.         0.         0.         0.         0.         0.01122291 0.         0.         0.01203333 0.01544821 0.         0.        ],[0. 0. 1. 0. 1. 0. 1. 0. 0. 1. 0. 1. 0. 0. 0. 0. 0. 0. 0. 0. 0. 0. 0. 0. 1. 0. 0. 1. 1. 0. 0.],8.0,best,100,1000,100,0.9,0.5,0.9,0.5,0.9,5,0.17,1,8,,problem_solving,10
50,-0.0034729801026145823,0.173893,0.003094489225689407,0.7,0.6708203932499369,-4.506712041433489,[0.         0.         0.0109025  0.         0.90925598 0.         0.0161499  0.         0.         0.01387826 0.         0.0111089  0.         0.         0.         0.         0.         0.         0.         0.         0.         0.         0.         0.         0.01122291 0.         0.         0.01203333 0.01544821 0.         0.        ],[0. 0. 1. 0. 1. 0. 1. 0. 0. 1. 0. 1. 0. 0. 0. 0. 0. 0. 0. 0. 0. 0. 0. 0. 1. 0. 0. 1. 1. 0. 0.],8.0,best,100,1000,100,0.9,0.5,0.9,0.5,0.9,5,0.17,1,8,,problem_solving,10
51,-0.0034729801026145823,0.173893,0.003094489225689407,0.704,0.6668889659546647,2.8419377815108,[0.         0.         0.0109025  0.         0.90925598 0.         0.0161499  0.         0.         0.01387826 0.         0.0111089  0.         0.         0.         0.         0.         0.         0.         0.         0.         0.         0.         0.         0.01122291 0.         0.         0.01203333 0.01544821 0.         0.        ],[0. 0. 1. 0. 1. 0. 1. 0. 0. 1. 0. 1. 0. 0. 0. 0. 0. 0. 0. 0. 0. 0. 0. 0. 1. 0. 0. 1. 1. 0. 0.],8.0,best,100,1000,100,0.9,0.5,0.9,0.5,0.9,5,0.17,1,8,,problem_solving,10
52,-0.0034729801026145823,0.173893,0.003094489225689407,0.708,0.6629805792835798,-6.283236902531743,[0.         0.         0.0109025  0.         0.90925598 0.         0.0161499  0.         0.         0.01387826 0.         0.0111089  0.         0.         0.         0.         0.         0.         0.         0.         0.         0.         0.         0.         0.01122291 0.         0.         0.01203333 0.01544821 0.         0.        ],[0. 0. 1. 0. 1. 0. 1. 0. 0. 1. 0. 1. 0. 0. 0. 0. 0. 0. 0. 0. 0. 0. 0. 0. 1. 0. 0. 1. 1. 0. 0.],8.0,best,100,1000,100,0.9,0.5,0.9,0.5,0.9,5,0.17,1,8,,problem_solving,10
53,-0.0034729801026145823,0.173893,0.003094489225689407,0.712,0.6590950982042058,-1.5538564267704502,[0.         0.         0.0109025  0.         0.90925598 0.         0.0161499  0.         0.         0.01387826 0.         0.0111089  0.         0.         0.         0.         0.         0.         0.         0.         0.         0.         0.         0.         0.01122291 0.         0.         0.01203333 0.01544821 0.         0.        ],[0. 0. 1. 0. 1. 0. 1. 0. 0. 1. 0. 1. 0. 0. 0. 0. 0. 0. 0. 0. 0. 0. 0. 0. 1. 0. 0. 1. 1. 0. 0.],8.0,best,100,1000,100,0.9,0.5,0.9,0.5,0.9,5,0.17,1,8,,problem_solving,10
54,-0.0034729801026145823,0.173893,0.003094489225689407,0.716,0.6552323884754414,-0.9682515126241313,[0.         0.         0.0109025  0.         0.90925598 0.         0.0161499  0.         0.         0.01387826 0.         0.0111089  0.         0.         0.         0.         0.         0.         0.         0.         0.         0.         0.         0.         0.01122291 0.         0.         0.01203333 0.01544821 0.         0.        ],[0. 0. 1. 0. 1. 0. 1. 0. 0. 1. 0. 1. 0. 0. 0. 0. 0. 0. 0. 0. 0. 0. 0. 0. 1. 0. 0. 1. 1. 0. 0.],8.0,best,100,1000,100,0.9,0.5,0.9,0.5,0.9,5,0.17,1,8,,problem_solving,10
55,-0.0034729801026145823,0.173893,0.003094489225689407,0.72,0.651392316642922,3.196589568624889,[0.         0.         0.0109025  0.         0.90925598 0.         0.0161499  0.         0.         0.01387826 0.         0.0111089  0.         0.         0.         0.         0.         0.         0.         0.         0.         0.         0.         0.         0.01122291 0.         0.         0.01203333 0.01544821 0.         0.        ],[0. 0. 1. 0. 1. 0. 1. 0. 0. 1. 0. 1. 0. 0. 0. 0. 0. 0. 0. 0. 0. 0. 0. 0. 1. 0. 0. 1. 1. 0. 0.],8.0,best,100,1000,100,0.9,0.5,0.9,0.5,0.9,5,0.17,1,8,,problem_solving,10
56,-0.0034729801026145823,0.173893,0.003094489225689407,0.724,0.6475747500344088,-0.4087026854693881,[0.         0.         0.0109025  0.         0.90925598 0.         0.0161499  0.         0.         0.01387826 0.         0.0111089  0.         0.         0.         0.         0.         0.         0.         0.         0.         0.         0.         0.         0.01122291 0.         0.         0.01203333 0.01544821 0.         0.        ],[0. 0. 1. 0. 1. 0. 1. 0. 0. 1. 0. 1. 0. 0. 0. 0. 0. 0. 0. 0. 0. 0. 0. 0. 1. 0. 0. 1. 1. 0. 0.],8.0,best,100,1000,100,0.9,0.5,0.9,0.5,0.9,5,0.17,1,8,,problem_solving,10
57,-0.0034729801026145823,0.173893,0.003094489225689407,0.728,0.6437795567552059,0.20328067243321632,[0.         0.         0.0109025  0.         0.90925598 0.         0.0161499  0.         0.         0.01387826 0.         0.0111089  0.         0.         0.         0.         0.         0.         0.         0.         0.         0.         0.         0.         0.01122291 0.         0.         0.01203333 0.01544821 0.         0.        ],[0. 0. 1. 0. 1. 0. 1. 0. 0. 1. 0. 1. 0. 0. 0. 0. 0. 0. 0. 0. 0. 0. 0. 0. 1. 0. 0. 1. 1. 0. 0.],8.0,best,100,1000,100,0.9,0.5,0.9,0.5,0.9,5,0.17,1,8,,problem_solving,10
58,-0.0034729801026145823,0.173893,0.003094489225689407,0.732,0.6400066056836028,-0.4509731680913721,[0.         0.         0.0109025  0.         0.90925598 0.         0.0161499  0.         0.         0.01387826 0.         0.0111089  0.         0.         0.         0.         0.         0.         0.         0.         0.         0.         0.         0.         0.01122291 0.         0.         0.01203333 0.01544821 0.         0.        ],[0. 0. 1. 0. 1. 0. 1. 0. 0. 1. 0. 1. 0. 0. 0. 0. 0. 0. 0. 0. 0. 0. 0. 0. 1. 0. 0. 1. 1. 0. 0.],8.0,best,100,1000,100,0.9,0.5,0.9,0.5,0.9,5,0.17,1,8,,problem_solving,10
59,-0.0034729801026145823,0.173893,0.003094489225689407,0.736,0.6362557664663436,-0.09481400602649749,[0.         0.         0.0109025  0.         0.90925598 0.         0.0161499  0.         0.         0.01387826 0.         0.0111089  0.         0.         0.         0.         0.         0.         0.         0.         0.         0.         0.         0.         0.01122291 0.         0.         0.01203333 0.01544821 0.         0.        ],[0. 0. 1. 0. 1. 0. 1. 0. 0. 1. 0. 1. 0. 0. 0. 0. 0. 0. 0. 0. 0. 0. 0. 0. 1. 0. 0. 1. 1. 0. 0.],8.0,best,100,1000,100,0.9,0.5,0.9,0.5,0.9,5,0.17,1,8,,problem_solving,10
60,-0.0034729801026145823,0.173893,0.003094489225689407,0.74,0.6325269095141249,2.9221896607827818,[0.         0.         0.0109025  0.         0.90925598 0.         0.0161499  0.         0.         0.01387826 0.         0.0111089  0.         0.         0.         0.         0.         0.         0.         0.         0.         0.         0.         0.         0.01122291 0.         0.         0.01203333 0.01544821 0.         0.        ],[0. 0. 1. 0. 1. 0. 1. 0. 0. 1. 0. 1. 0. 0. 0. 0. 0. 0. 0. 0. 0. 0. 0. 0. 1. 0. 0. 1. 1. 0. 0.],8.0,best,100,1000,100,0.9,0.5,0.9,0.5,0.9,5,0.17,1,8,,problem_solving,10
61,-0.0034729801026145823,0.173893,0.003094489225689407,0.744,0.6288199059971172,4.8081315984352635,[0.         0.         0.0109025  0.         0.90925598 0.         0.0161499  0.         0.         0.01387826 0.         0.0111089  0.         0.         0.         0.         0.         0.         0.         0.         0.         0.         0.         0.         0.01122291 0.         0.         0.01203333 0.01544821 0.         0.        ],[0. 0. 1. 0. 1. 0. 1. 0. 0. 1. 0. 1. 0. 0. 0. 0. 0. 0. 0. 0. 0. 0. 0. 0. 1. 0. 0. 1. 1. 0. 0.],8.0,best,100,1000,100,0.9,0.5,0.9,0.5,0.9,5,0.17,1,8,,problem_solving,10
62,-0.0034729801026145823,0.173893,0.003094489225689407,0.748,0.6251346278405147,-7.4690653700151906,[0.         0.         0.0109025  0.         0.90925598 0.         0.0161499  0.         0.         0.01387826 0.         0.0111089  0.         0.         0.         0.         0.         0.         0.         0.         0.         0.         0.         0.         0.01122291 0.         0.         0.01203333 0.01544821 0.         0.        ],[0. 0. 1. 0. 1. 0. 1. 0. 0. 1. 0. 1. 0. 0. 0. 0. 0. 0. 0. 0. 0. 0. 0. 0. 1. 0. 0. 1. 1. 0. 0.],8.0,best,100,1000,100,0.9,0.5,0.9,0.5,0.9,5,0.17,1,8,,problem_solving,10
63,-0.0034729801026145823,0.173893,0.003094489225689407,0.752,0.6214709477201097,1.4365202398242263,[0.         0.         0.0109025  0.         0.90925598 0.         0.0161499  0.         0.         0.01387826 0.         0.0111089  0.         0.         0.         0.         0.         0.         0.         0.         0.         0.         0.         0.         0.01122291 0.         0.         0.01203333 0.01544821 0.         0.        ],[0. 0. 1. 0. 1. 0. 1. 0. 0. 1. 0. 1. 0. 0. 0. 0. 0. 0. 0. 0. 0. 0. 0. 0. 1. 0. 0. 1. 1. 0. 0.],8.0,best,100,1000,100,0.9,0.5,0.9,0.5,0.9,5,0.17,1,8,,problem_solving,10
64,-0.0034729801026145823,0.173893,0.003094489225689407,0.756,0.6178287390578946,4.773897254351319,[0.         0.         0.0109025  0.         0.90925598 0.         0.0161499  0.         0.         0.01387826 0.         0.0111089  0.         0.         0.         0.         0.         0.         0.         0.         0.         0.         0.         0.         0.01122291 0.         0.         0.01203333 0.01544821 0.         0.        ],[0. 0. 1. 0. 1. 0. 1. 0. 0. 1. 0. 1. 0. 0. 0. 0. 0. 0. 0. 0. 0. 0. 0. 0. 1. 0. 0. 1. 1. 0. 0.],8.0,best,100,1000,100,0.9,0.5,0.9,0.5,0.9,5,0.17,1,8,,problem_solving,10
65,-0.0034729801026145823,0.173893,0.003094489225689407,0.76,0.6142078760176876,-0.7864559159374792,[0.         0.         0.0109025  0.         0.90925598 0.         0.0161499  0.         0.         0.01387826 0.         0.0111089  0.         0.         0.         0.         0.         0.         0.         0.         0.         0.         0.         0.         0.01122291 0.         0.         0.01203333 0.01544821 0.         0.        ],[0. 0. 1. 0. 1. 0. 1. 0. 0. 1. 0. 1. 0. 0. 0. 0. 0. 0. 0. 0. 0. 0. 0. 0. 1. 0. 0. 1. 1. 0. 0.],8.0,best,100,1000,100,0.9,0.5,0.9,0.5,0.9,5,0.17,1,8,,problem_solving,10
66,-0.0034729801026145823,0.173893,0.003094489225689407,0.764,0.6106082335007861,-2.633704803861829,[0.         0.         0.0109025  0.         0.90925598 0.         0.0161499  0.         0.         0.01387826 0.         0.0111089  0.         0.         0.         0.         0.         0.         0.         0.         0.         0.         0.         0.         0.01122291 0.         0.         0.01203333 0.01544821 0.         0.        ],[0. 0. 1. 0. 1. 0. 1. 0. 0. 1. 0. 1. 0. 0. 0. 0. 0. 0. 0. 0. 0. 0. 0. 0. 1. 0. 0. 1. 1. 0. 0.],8.0,best,100,1000,100,0.9,0.5,0.9,0.5,0.9,5,0.17,1,8,,problem_solving,10
67,-0.0034729801026145823,0.173893,0.003094489225689407,0.768,0.6070296871416437,-1.1110491177319268,[0.         0.         0.0109025  0.         0.90925598 0.         0.0161499  0.         0.         0.01387826 0.         0.0111089  0.         0.         0.         0.         0.         0.         0.         0.         0.         0.         0.         0.         0.01122291 0.         0.         0.01203333 0.01544821 0.         0.        ],[0. 0. 1. 0. 1. 0. 1. 0. 0. 1. 0. 1. 0. 0. 0. 0. 0. 0. 0. 0. 0. 0. 0. 0. 1. 0. 0. 1. 1. 0. 0.],8.0,best,100,1000,100,0.9,0.5,0.9,0.5,0.9,5,0.17,1,8,,problem_solving,10
68,-0.0034729801026145823,0.173893,0.003094489225689407,0.772,0.6034721133035746,-1.1208611216175028,[0.         0.         0.0109025  0.         0.90925598 0.         0.0161499  0.         0.         0.01387826 0.         0.0111089  0.         0.         0.         0.         0.         0.         0.         0.         0.         0.         0.         0.         0.01122291 0.         0.         0.01203333 0.01544821 0.         0.        ],[0. 0. 1. 0. 1. 0. 1. 0. 0. 1. 0. 1. 0. 0. 0. 0. 0. 0. 0. 0. 0. 0. 0. 0. 1. 0. 0. 1. 1. 0. 0.],8.0,best,100,1000,100,0.9,0.5,0.9,0.5,0.9,5,0.17,1,8,,problem_solving,10
69,-0.0034729801026145823,0.173893,0.003094489225689407,0.776,0.5999353890744809,-1.4030998256689837,[0.         0.         0.0109025  0.         0.90925598 0.         0.0161499  0.         0.         0.01387826 0.         0.0111089  0.         0.         0.         0.         0.         0.         0.         0.         0.         0.         0.         0.         0.01122291 0.         0.         0.01203333 0.01544821 0.         0.        ],[0. 0. 1. 0. 1. 0. 1. 0. 0. 1. 0. 1. 0. 0. 0. 0. 0. 0. 0. 0. 0. 0. 0. 0. 1. 0. 0. 1. 1. 0. 0.],8.0,best,100,1000,100,0.9,0.5,0.9,0.5,0.9,5,0.17,1,8,,problem_solving,10
70,-0.0034729801026145823,0.173893,0.003094489225689407,0.78,0.5964193922626064,3.1169835181148495,[0.         0.         0.0109025  0.         0.90925598 0.         0.0161499  0.         0.         0.01387826 0.         0.0111089  0.         0.         0.         0.         0.         0.         0.         0.         0.         0.         0.         0.         0.01122291 0.         0.         0.01203333 0.01544821 0.         0.        ],[0. 0. 1. 0. 1. 0. 1. 0. 0. 1. 0. 1. 0. 0. 0. 0. 0. 0. 0. 0. 0. 0. 0. 0. 1. 0. 0. 1. 1. 0. 0.],8.0,best,100,1000,100,0.9,0.5,0.9,0.5,0.9,5,0.17,1,8,,problem_solving,10
71,-0.0034729801026145823,0.173893,0.003094489225689407,0.784,0.5929240013923155,-3.084453447586429,[0.         0.         0.0109025  0.         0.90925598 0.         0.0161499  0.         0.         0.01387826 0.         0.0111089  0.         0.         0.         0.         0.         0.         0.         0.         0.         0.         0.         0.         0.01122291 0.         0.         0.01203333 0.01544821 0.         0.        ],[0. 0. 1. 0. 1. 0. 1. 0. 0. 1. 0. 1. 0. 0. 0. 0. 0. 0. 0. 0. 0. 0. 0. 0. 1. 0. 0. 1. 1. 0. 0.],8.0,best,100,1000,100,0.9,0.5,0.9,0.5,0.9,5,0.17,1,8,,problem_solving,10
72,-0.0034729801026145823,0.173893,0.003094489225689407,0.788,0.5894490956998952,3.2730021119238675,[0.         0.         0.0109025  0.         0.90925598 0.         0.0161499  0.         0.         0.01387826 0.         0.0111089  0.         0.         0.         0.         0.         0.         0.         0.         0.         0.         0.         0.         0.01122291 0.         0.         0.01203333 0.01544821 0.         0.        ],[0. 0. 1. 0. 1. 0. 1. 0. 0. 1. 0. 1. 0. 0. 0. 0. 0. 0. 0. 0. 0. 0. 0. 0. 1. 0. 0. 1. 1. 0. 0.],8.0,best,100,1000,100,0.9,0.5,0.9,0.5,0.9,5,0.17,1,8,,problem_solving,10
73,-0.0034729801026145823,0.173893,0.003094489225689407,0.792,0.5859945551293841,0.35359726495964505,[0.         0.         0.0109025  0.         0.90925598 0.         0.0161499  0.         0.         0.01387826 0.         0.0111089  0.         0.         0.         0.         0.         0.         0.         0.         0.         0.         0.         0.         0.01122291 0.         0.         0.01203333 0.01544821 0.         0.        ],[0. 0. 1. 0. 1. 0. 1. 0. 0. 1. 0. 1. 0. 0. 0. 0. 0. 0. 0. 0. 0. 0. 0. 0. 1. 0. 0. 1. 1. 0. 0.],8.0,best,100,1000,100,0.9,0.5,0.9,0.5,0.9,5,0.17,1,8,,problem_solving,10
74,-0.0034729801026145823,0.173893,0.003094489225689407,0.796,0.5825602603284237,-0.7755762031105965,[0.         0.         0.0109025  0.         0.90925598 0.         0.0161499  0.         0.         0.01387826 0.         0.0111089  0.         0.         0.         0.         0.         0.         0.         0.         0.         0.         0.         0.         0.01122291 0.         0.         0.01203333 0.01544821 0.         0.        ],[0. 0. 1. 0. 1. 0. 1. 0. 0. 1. 0. 1. 0. 0. 0. 0. 0. 0. 0. 0. 0. 0. 0. 0. 1. 0. 0. 1. 1. 0. 0.],8.0,best,100,1000,100,0.9,0.5,0.9,0.5,0.9,5,0.17,1,8,,problem_solving,10
75,-0.0034729801026145823,0.173893,0.003094489225689407,0.8,0.5791460926441345,1.1160473230885115,[0.         0.         0.0109025  0.         0.90925598 0.         0.0161499  0.         0.         0.01387826 0.         0.0111089  0.         0.         0.         0.         0.         0.         0.         0.         0.         0.         0.         0.         0.01122291 0.         0.         0.01203333 0.01544821 0.         0.        ],[0. 0. 1. 0. 1. 0. 1. 0. 0. 1. 0. 1. 0. 0. 0. 0. 0. 0. 0. 0. 0. 0. 0. 0. 1. 0. 0. 1. 1. 0. 0.],8.0,best,100,1000,100,0.9,0.5,0.9,0.5,0.9,5,0.17,1,8,,problem_solving,10
76,-0.0034729801026145823,0.173893,0.003094489225689407,0.804,0.5757519341190179,-0.6578949140493275,[0.         0.         0.0109025  0.         0.90925598 0.         0.0161499  0.         0.         0.01387826 0.         0.0111089  0.         0.         0.         0.         0.         0.         0.         0.         0.         0.         0.         0.         0.01122291 0.         0.         0.01203333 0.01544821 0.         0.        ],[0. 0. 1. 0. 1. 0. 1. 0. 0. 1. 0. 1. 0. 0. 0. 0. 0. 0. 0. 0. 0. 0. 0. 0. 1. 0. 0. 1. 1. 0. 0.],8.0,best,100,1000,100,0.9,0.5,0.9,0.5,0.9,5,0.17,1,8,,problem_solving,10
77,-0.0034729801026145823,0.173893,0.003094489225689407,0.808,0.5723776674868795,2.4357715067746657,[0.         0.         0.0109025  0.         0.90925598 0.         0.0161499  0.         0.         0.01387826 0.         0.0111089  0.         0.         0.         0.         0.         0.         0.         0.         0.         0.         0.         0.         0.01122291 0.         0.         0.01203333 0.01544821 0.         0.        ],[0. 0. 1. 0. 1. 0. 1. 0. 0. 1. 0. 1. 0. 0. 0. 0. 0. 0. 0. 0. 0. 0. 0. 0. 1. 0. 0. 1. 1. 0. 0.],8.0,best,100,1000,100,0.9,0.5,0.9,0.5,0.9,5,0.17,1,8,,problem_solving,10
78,-0.0034729801026145823,0.173893,0.003094489225689407,0.812,0.5690231761687783,-2.4450092052057633,[0.         0.         0.0109025  0.         0.90925598 0.         0.0161499  0.         0.         0.01387826 0.         0.0111089  0.         0.         0.         0.         0.         0.         0.         0.         0.         0.         0.         0.         0.01122291 0.         0.         0.01203333 0.01544821 0.         0.        ],[0. 0. 1. 0. 1. 0. 1. 0. 0. 1. 0. 1. 0. 0. 0. 0. 0. 0. 0. 0. 0. 0. 0. 0. 1. 0. 0. 1. 1. 0. 0.],8.0,best,100,1000,100,0.9,0.5,0.9,0.5,0.9,5,0.17,1,8,,problem_solving,10
79,-0.0034729801026145823,0.173893,0.003094489225689407,0.8160000000000001,0.5656883442689988,-1.8039699647410659,[0.         0.         0.0109025  0.         0.90925598 0.         0.0161499  0.         0.         0.01387826 0.         0.0111089  0.         0.         0.         0.         0.         0.         0.         0.         0.         0.         0.         0.         0.01122291 0.         0.         0.01203333 0.01544821 0.         0.        ],[0. 0. 1. 0. 1. 0. 1. 0. 0. 1. 0. 1. 0. 0. 0. 0. 0. 0. 0. 0. 0. 0. 0. 0. 1. 0. 0. 1. 1. 0. 0.],8.0,best,100,1000,100,0.9,0.5,0.9,0.5,0.9,5,0.17,1,8,,problem_solving,10
80,-0.0034729801026145823,0.173893,0.003094489225689407,0.8200000000000001,0.5623730565710474,-4.897974242508071,[0.         0.         0.0109025  0.         0.90925598 0.         0.0161499  0.         0.         0.01387826 0.         0.0111089  0.         0.         0.         0.         0.         0.         0.         0.         0.         0.         0.         0.         0.01122291 0.         0.         0.01203333 0.01544821 0.         0.        ],[0. 0. 1. 0. 1. 0. 1. 0. 0. 1. 0. 1. 0. 0. 0. 0. 0. 0. 0. 0. 0. 0. 0. 0. 1. 0. 0. 1. 1. 0. 0.],8.0,best,100,1000,100,0.9,0.5,0.9,0.5,0.9,5,0.17,1,8,,problem_solving,10
81,-0.0034729801026145823,0.173893,0.003094489225689407,0.8240000000000001,0.5590771985336705,3.707422470629576,[0.         0.         0.0109025  0.         0.90925598 0.         0.0161499  0.         0.         0.01387826 0.         0.0111089  0.         0.         0.         0.         0.         0.         0.         0.         0.         0.         0.         0.         0.01122291 0.         0.         0.01203333 0.01544821 0.         0.        ],[0. 0. 1. 0. 1. 0. 1. 0. 0. 1. 0. 1. 0. 0. 0. 0. 0. 0. 0. 0. 0. 0. 0. 0. 1. 0. 0. 1. 1. 0. 0.],8.0,best,100,1000,100,0.9,0.5,0.9,0.5,0.9,5,0.17,1,8,,problem_solving,10
82,-0.0034729801026145823,0.173893,0.003094489225689407,0.8280000000000001,0.5558006562868987,-1.7030363707825025,[0.         0.         0.0109025  0.         0.90925598 0.         0.0161499  0.         0.         0.01387826 0.         0.0111089  0.         0.         0.         0.         0.         0.         0.         0.         0.         0.         0.         0.         0.01122291 0.         0.         0.01203333 0.01544821 0.         0.        ],[0. 0. 1. 0. 1. 0. 1. 0. 0. 1. 0. 1. 0. 0. 0. 0. 0. 0. 0. 0. 0. 0. 0. 0. 1. 0. 0. 1. 1. 0. 0.],8.0,best,100,1000,100,0.9,0.5,0.9,0.5,0.9,5,0.17,1,8,,problem_solving,10
83,-0.0034729801026145823,0.173893,0.003094489225689407,0.8320000000000001,0.5525433166281111,-1.55971380574407,[0.         0.         0.0109025  0.         0.90925598 0.         0.0161499  0.         0.         0.01387826 0.         0.0111089  0.         0.         0.         0.         0.         0.         0.         0.         0.         0.         0.         0.         0.01122291 0.         0.         0.01203333 0.01544821 0.         0.        ],[0. 0. 1. 0. 1. 0. 1. 0. 0. 1. 0. 1. 0. 0. 0. 0. 0. 0. 0. 0. 0. 0. 0. 0. 1. 0. 0. 1. 1. 0. 0.],8.0,best,100,1000,100,0.9,0.5,0.9,0.5,0.9,5,0.17,1,8,,problem_solving,10
84,-0.0034729801026145823,0.173893,0.003094489225689407,0.8360000000000001,0.5493050670181254,0.2947108499555663,[0.         0.         0.0109025  0.         0.90925598 0.         0.0161499  0.         0.         0.01387826 0.         0.0111089  0.         0.         0.         0.         0.         0.         0.         0.         0.         0.         0.         0.         0.01122291 0.         0.         0.01203333 0.01544821 0.         0.        ],[0. 0. 1. 0. 1. 0. 1. 0. 0. 1. 0. 1. 0. 0. 0. 0. 0. 0. 0. 0. 0. 0. 0. 0. 1. 0. 0. 1. 1. 0. 0.],8.0,best,100,1000,100,0.9,0.5,0.9,0.5,0.9,5,0.17,1,8,,problem_solving,10
85,-0.0034729801026145823,0.173893,0.003094489225689407,0.8400000000000001,0.5460857955773096,-1.8912154311851759,[0.         0.         0.0109025  0.         0.90925598 0.         0.0161499  0.         0.         0.01387826 0.         0.0111089  0.         0.         0.         0.         0.         0.         0.         0.         0.         0.         0.         0.         0.01122291 0.         0.         0.01203333 0.01544821 0.         0.        ],[0. 0. 1. 0. 1. 0. 1. 0. 0. 1. 0. 1. 0. 0. 0. 0. 0. 0. 0. 0. 0. 0. 0. 0. 1. 0. 0. 1. 1. 0. 0.],8.0,best,100,1000,100,0.9,0.5,0.9,0.5,0.9,5,0.17,1,8,,problem_solving,10
86,-0.0034729801026145823,0.173893,0.003094489225689407,0.8440000000000001,0.542885391081716,0.4587275904685885,[0.         0.         0.0109025  0.         0.90925598 0.         0.0161499  0.         0.         0.01387826 0.         0.0111089  0.         0.         0.         0.         0.         0.         0.         0.         0.         0.         0.         0.         0.01122291 0.         0.         0.01203333 0.01544821 0.         0.        ],[0. 0. 1. 0. 1. 0. 1. 0. 0. 1. 0. 1. 0. 0. 0. 0. 0. 0. 0. 0. 0. 0. 0. 0. 1. 0. 0. 1. 1. 0. 0.],8.0,best,100,1000,100,0.9,0.5,0.9,0.5,0.9,5,0.17,1,8,,problem_solving,10
87,-0.0034729801026145823,0.173893,0.003094489225689407,0.8480000000000001,0.5397037429592386,0.6874459171576544,[0.         0.         0.0109025  0.         0.90925598 0.         0.0161499  0.         0.         0.01387826 0.         0.0111089  0.         0.         0.         0.         0.         0.         0.         0.         0.         0.         0.         0.         0.01122291 0.         0.         0.01203333 0.01544821 0.         0.        ],[0. 0. 1. 0. 1. 0. 1. 0. 0. 1. 0. 1. 0. 0. 0. 0. 0. 0. 0. 0. 0. 0. 0. 0. 1. 0. 0. 1. 1. 0. 0.],8.0,best,100,1000,100,0.9,0.5,0.9,0.5,0.9,5,0.17,1,8,,problem_solving,10
88,-0.0034729801026145823,0.173893,0.003094489225689407,0.852,0.5365407412857937,-1.055469136350536,[0.         0.         0.0109025  0.         0.90925598 0.         0.0161499  0.         0.         0.01387826 0.         0.0111089  0.         0.         0.         0.         0.         0.         0.         0.         0.         0.         0.         0.         0.01122291 0.         0.         0.01203333 0.01544821 0.         0.        ],[0. 0. 1. 0. 1. 0. 1. 0. 0. 1. 0. 1. 0. 0. 0. 0. 0. 0. 0. 0. 0. 0. 0. 0. 1. 0. 0. 1. 1. 0. 0.],8.0,best,100,1000,100,0.9,0.5,0.9,0.5,0.9,5,0.17,1,8,,problem_solving,10
89,-0.0034729801026145823,0.173893,0.003094489225689407,0.856,0.5333962767815211,-0.1961331172962697,[0.         0.         0.0109025  0.         0.90925598 0.         0.0161499  0.         0.         0.01387826 0.         0.0111089  0.         0.         0.         0.         0.         0.         0.         0.         0.         0.         0.         0.         0.01122291 0.         0.         0.01203333 0.01544821 0.         0.        ],[0. 0. 1. 0. 1. 0. 1. 0. 0. 1. 0. 1. 0. 0. 0. 0. 0. 0. 0. 0. 0. 0. 0. 0. 1. 0. 0. 1. 1. 0. 0.],8.0,best,100,1000,100,0.9,0.5,0.9,0.5,0.9,5,0.17,1,8,,problem_solving,10
90,-0.0034729801026145823,0.173893,0.003094489225689407,0.86,0.5302702408070095,2.8001072044870132,[0.         0.         0.0109025  0.         0.90925598 0.         0.0161499  0.         0.         0.01387826 0.         0.0111089  0.         0.         0.         0.         0.         0.         0.         0.         0.         0.         0.         0.         0.01122291 0.         0.         0.01203333 0.01544821 0.         0.        ],[0. 0. 1. 0. 1. 0. 1. 0. 0. 1. 0. 1. 0. 0. 0. 0. 0. 0. 0. 0. 0. 0. 0. 0. 1. 0. 0. 1. 1. 0. 0.],8.0,best,100,1000,100,0.9,0.5,0.9,0.5,0.9,5,0.17,1,8,,problem_solving,10
91,-0.0034729801026145823,0.173893,0.003094489225689407,0.864,0.5271625253595416,2.503307682239492,[0.         0.         0.0109025  0.         0.90925598 0.         0.0161499  0.         0.         0.01387826 0.         0.0111089  0.         0.         0.         0.         0.         0.         0.         0.         0.         0.         0.         0.         0.01122291 0.         0.         0.01203333 0.01544821 0.         0.        ],[0. 0. 1. 0. 1. 0. 1. 0. 0. 1. 0. 1. 0. 0. 0. 0. 0. 0. 0. 0. 0. 0. 0. 0. 1. 0. 0. 1. 1. 0. 0.],8.0,best,100,1000,100,0.9,0.5,0.9,0.5,0.9,5,0.17,1,8,,problem_solving,10
92,-0.0034729801026145823,0.173893,0.003094489225689407,0.868,0.5240730230693645,2.2347773374615096,[0.         0.         0.0109025  0.         0.90925598 0.         0.0161499  0.         0.         0.01387826 0.         0.0111089  0.         0.         0.         0.         0.         0.         0.         0.         0.         0.         0.         0.         0.01122291 0.         0.         0.01203333 0.01544821 0.         0.        ],[0. 0. 1. 0. 1. 0. 1. 0. 0. 1. 0. 1. 0. 0. 0. 0. 0. 0. 0. 0. 0. 0. 0. 0. 1. 0. 0. 1. 1. 0. 0.],8.0,best,100,1000,100,0.9,0.5,0.9,0.5,0.9,5,0.17,1,8,,problem_solving,10
93,-0.0034729801026145823,0.173893,0.003094489225689407,0.872,0.5210016271959791,-4.805993289420453,[0.         0.         0.0109025  0.         0.90925598 0.         0.0161499  0.         0.         0.01387826 0.         0.0111089  0.         0.         0.         0.         0.         0.         0.         0.         0.         0.         0.         0.         0.01122291 0.         0.         0.01203333 0.01544821 0.         0.        ],[0. 0. 1. 0. 1. 0. 1. 0. 0. 1. 0. 1. 0. 0. 0. 0. 0. 0. 0. 0. 0. 0. 0. 0. 1. 0. 0. 1. 1. 0. 0.],8.0,best,100,1000,100,0.9,0.5,0.9,0.5,0.9,5,0.17,1,8,,problem_solving,10
94,-0.0034729801026145823,0.173893,0.003094489225689407,0.876,0.5179482316244518,-0.2226765413305326,[0.         0.         0.0109025  0.         0.90925598 0.         0.0161499  0.         0.         0.01387826 0.         0.0111089  0.         0.         0.         0.         0.         0.         0.         0.         0.         0.         0.         0.         0.01122291 0.         0.         0.01203333 0.01544821 0.         0.        ],[0. 0. 1. 0. 1. 0. 1. 0. 0. 1. 0. 1. 0. 0. 0. 0. 0. 0. 0. 0. 0. 0. 0. 0. 1. 0. 0. 1. 1. 0. 0.],8.0,best,100,1000,100,0.9,0.5,0.9,0.5,0.9,5,0.17,1,8,,problem_solving,10
95,-0.0034729801026145823,0.173893,0.003094489225689407,0.88,0.5149127308617497,0.8605633807235991,[0.         0.         0.0109025  0.         0.90925598 0.         0.0161499  0.         0.         0.01387826 0.         0.0111089  0.         0.         0.         0.         0.         0.         0.         0.         0.         0.         0.         0.         0.01122291 0.         0.         0.01203333 0.01544821 0.         0.        ],[0. 0. 1. 0. 1. 0. 1. 0. 0. 1. 0. 1. 0. 0. 0. 0. 0. 0. 0. 0. 0. 0. 0. 0. 1. 0. 0. 1. 1. 0. 0.],8.0,best,100,1000,100,0.9,0.5,0.9,0.5,0.9,5,0.17,1,8,,problem_solving,10
96,-0.0034729801026145823,0.173893,0.003094489225689407,0.884,0.5118950200330946,-1.569246561903674,[0.         0.         0.0109025  0.         0.90925598 0.         0.0161499  0.         0.         0.01387826 0.         0.0111089  0.         0.         0.         0.         0.         0.         0.         0.         0.         0.         0.         0.         0.01122291 0.         0.         0.01203333 0.01544821 0.         0.        ],[0. 0. 1. 0. 1. 0. 1. 0. 0. 1. 0. 1. 0. 0. 0. 0. 0. 0. 0. 0. 0. 0. 0. 0. 1. 0. 0. 1. 1. 0. 0.],8.0,best,100,1000,100,0.9,0.5,0.9,0.5,0.9,5,0.17,1,8,,problem_solving,10
97,-0.0034729801026145823,0.173893,0.003094489225689407,0.888,0.5088949948783402,5.722438650622235,[0.         0.         0.0109025  0.         0.90925598 0.         0.0161499  0.         0.         0.01387826 0.         0.0111089  0.         0.         0.         0.         0.         0.         0.         0.         0.         0.         0.         0.         0.01122291 0.         0.         0.01203333 0.01544821 0.         0.        ],[0. 0. 1. 0. 1. 0. 1. 0. 0. 1. 0. 1. 0. 0. 0. 0. 0. 0. 0. 0. 0. 0. 0. 0. 1. 0. 0. 1. 1. 0. 0.],8.0,best,100,1000,100,0.9,0.5,0.9,0.5,0.9,5,0.17,1,8,,problem_solving,10
98,-0.0034729801026145823,0.173893,0.003094489225689407,0.892,0.5059125517483702,-0.9407712613482895,[0.         0.         0.0109025  0.         0.90925598 0.         0.0161499  0.         0.         0.01387826 0.         0.0111089  0.         0.         0.         0.         0.         0.         0.         0.         0.         0.         0.         0.         0.01122291 0.         0.         0.01203333 0.01544821 0.         0.        ],[0. 0. 1. 0. 1. 0. 1. 0. 0. 1. 0. 1. 0. 0. 0. 0. 0. 0. 0. 0. 0. 0. 0. 0. 1. 0. 0. 1. 1. 0. 0.],8.0,best,100,1000,100,0.9,0.5,0.9,0.5,0.9,5,0.17,1,8,,problem_solving,10
99,-0.0034729801026145823,0.173893,0.003094489225689407,0.896,0.5029475876015165,-2.5370585883510586,[0.         0.         0.0109025  0.         0.90925598 0.         0.0161499  0.         0.         0.01387826 0.         0.0111089  0.         0.         0.         0.         0.         0.         0.         0.         0.         0.         0.         0.         0.01122291 0.         0.         0.01203333 0.01544821 0.         0.        ],[0. 0. 1. 0. 1. 0. 1. 0. 0. 1. 0. 1. 0. 0. 0. 0. 0. 0. 0. 0. 0. 0. 0. 0. 1. 0. 0. 1. 1. 0. 0.],8.0,best,100,1000,100,0.9,0.5,0.9,0.5,0.9,5,0.17,1,8,,problem_solving,10
