iter,cost,return,par,move,X,Z,Q,max_iter,mem_size,mem_consider,sigma,port_n,k,seed,tag
1,0.16843457286048993,0.005698100802242657,0.4,4.417180012313768,[0.         0.         0.01523521 0.01111245 0.01090903 0.         0.         0.         0.         0.         0.         0.         0.         0.         0.0107607  0.         0.         0.         0.         0.         0.01445143 0.         0.         0.01601672 0.01337991 0.88320443 0.         0.         0.         0.02493011 0.        ],[0. 0. 1. 1. 1. 0. 0. 0. 0. 0. 0. 0. 0. 0. 1. 0. 0. 0. 0. 0. 1. 0. 0. 1. 1. 1. 0. 0. 0. 1. 0.],9.0,10000,30,0.6,10,1,9,,problem_solving
100,0.04244054220973058,0.004705032092450679,0.4,-12.889663876407603,[0.01469483 0.         0.         0.         0.89416561 0.         0.         0.         0.         0.         0.01055281 0.         0.         0.         0.         0.         0.01291685 0.         0.         0.         0.01675528 0.         0.         0.01194095 0.         0.         0.         0.         0.01613481 0.01217942 0.01065944],[1. 0. 0. 0. 1. 0. 0. 0. 0. 0. 1. 0. 0. 0. 0. 0. 1. 0. 0. 0. 1. 0. 0. 1. 0. 0. 0. 0. 1. 1. 1.],9.0,10000,30,0.6,10,1,9,,problem_solving
200,0.04244054220973058,0.004705032092450679,0.4,1.9735495779554615,[0.01469483 0.         0.         0.         0.89416561 0.         0.         0.         0.         0.         0.01055281 0.         0.         0.         0.         0.         0.01291685 0.         0.         0.         0.01675528 0.         0.         0.01194095 0.         0.         0.         0.         0.01613481 0.01217942 0.01065944],[1. 0. 0. 0. 1. 0. 0. 0. 0. 0. 1. 0. 0. 0. 0. 0. 1. 0. 0. 0. 1. 0. 0. 1. 0. 0. 0. 0. 1. 1. 1.],9.0,10000,30,0.6,10,1,9,,problem_solving
300,0.04244054220973058,0.004705032092450679,0.4,4.1189740704007765,[0.01469483 0.         0.         0.         0.89416561 0.         0.         0.         0.         0.         0.01055281 0.         0.         0.         0.         0.         0.01291685 0.         0.         0.         0.01675528 0.         0.         0.01194095 0.         0.         0.         0.         0.01613481 0.01217942 0.01065944],[1. 0. 0. 0. 1. 0. 0. 0. 0. 0. 1. 0. 0. 0. 0. 0. 1. 0. 0. 0. 1. 0. 0. 1. 0. 0. 0. 0. 1. 1. 1.],9.0,10000,30,0.6,10,1,9,,problem_solving
400,0.04197527874398766,0.009654190800092059,0.4,-20.393511531313603,[0.         0.         0.01425798 0.01260349 0.89414544 0.         0.01165313 0.         0.         0.01031992 0.         0.         0.         0.         0.01441945 0.         0.         0.         0.01509052 0.01209863 0.         0.         0.         0.         0.         0.         0.         0.01541143 0.         0.         0.        ],[0. 0. 1. 1. 1. 0. 1. 0. 0. 1. 0. 0. 0. 0. 1. 0. 0. 0. 1. 1. 0. 0. 0. 0. 0. 0. 0. 1. 0. 0. 0.],9.0,10000,30,0.6,10,1,9,,problem_solving
500,0.03076277693338625,0.00486742311813782,0.4,-2.5216825449510787,[0.01101007 0.01058623 0.         0.         0.01822589 0.         0.         0.01811735 0.01856041 0.         0.         0.         0.0149772  0.         0.         0.         0.         0.         0.         0.         0.         0.         0.         0.         0.         0.88241708 0.         0.         0.01055002 0.01555575 0.        ],[1. 1. 0. 0. 1. 0. 0. 1. 1. 0. 0. 0. 1. 0. 0. 0. 0. 0. 0. 0. 0. 0. 0. 0. 0. 1. 0. 0. 1. 1. 0.],9.0,10000,30,0.6,10,1,9,,problem_solving
600,0.03076277693338625,0.00486742311813782,0.4,12.024607776611456,[0.01101007 0.01058623 0.         0.         0.01822589 0.         0.         0.01811735 0.01856041 0.         0.         0.         0.0149772  0.         0.         0.         0.         0.         0.         0.         0.         0.         0.         0.         0.         0.88241708 0.         0.         0.01055002 0.01555575 0.        ],[1. 1. 0. 0. 1. 0. 0. 1. 1. 0. 0. 0. 1. 0. 0. 0. 0. 0. 0. 0. 0. 0. 0. 0. 0. 1. 0. 0. 1. 1. 0.],9.0,10000,30,0.6,10,1,9,,problem_solving
700,0.03076277693338625,0.00486742311813782,0.4,0.8687983873195433,[0.01101007 0.01058623 0.         0.         0.01822589 0.         0.         0.01811735 0.01856041 0.         0.         0.         0.0149772  0.         0.         0.         0.         0.         0.         0.         0.         0.         0.         0.         0.         0.88241708 0.         0.         0.01055002 0.01555575 0.        ],[1. 1. 0. 0. 1. 0. 0. 1. 1. 0. 0. 0. 1. 0. 0. 0. 0. 0. 0. 0. 0. 0. 0. 0. 0. 1. 0. 0. 1. 1. 0.],9.0,10000,30,0.6,10,1,9,,problem_solving
800,0.03076277693338625,0.00486742311813782,0.4,8.428903591369563,[0.01101007 0.01058623 0.         0.         0.01822589 0.         0.         0.01811735 0.01856041 0.         0.         0.         0.0149772  0.         0.         0.         0.         0.         0.         0.         0.         0.         0.         0.         0.         0.88241708 0.         0.         0.01055002 0.01555575 0.        ],[1. 1. 0. 0. 1. 0. 0. 1. 1. 0. 0. 0. 1. 0. 0. 0. 0. 0. 0. 0. 0. 0. 0. 0. 0. 1. 0. 0. 1. 1. 0.],9.0,10000,30,0.6,10,1,9,,problem_solving
900,0.03076277693338625,0.00486742311813782,0.4,-12.826748390981173,[0.01101007 0.01058623 0.         0.         0.01822589 0.         0.         0.01811735 0.01856041 0.         0.         0.         0.0149772  0.         0.         0.         0.         0.         0.         0.         0.         0.         0.         0.         0.         0.88241708 0.         0.         0.01055002 0.01555575 0.        ],[1. 1. 0. 0. 1. 0. 0. 1. 1. 0. 0. 0. 1. 0. 0. 0. 0. 0. 0. 0. 0. 0. 0. 0. 0. 1. 0. 0. 1. 1. 0.],9.0,10000,30,0.6,10,1,9,,problem_solving
1000,0.03076277693338625,0.00486742311813782,0.4,5.189725473844734,[0.01101007 0.01058623 0.         0.         0.01822589 0.         0.         0.01811735 0.01856041 0.         0.         0.         0.0149772  0.         0.         0.         0.         0.         0.         0.         0.         0.         0.         0.         0.         0.88241708 0.         0.         0.01055002 0.01555575 0.        ],[1. 1. 0. 0. 1. 0. 0. 1. 1. 0. 0. 0. 1. 0. 0. 0. 0. 0. 0. 0. 0. 0. 0. 0. 0. 1. 0. 0. 1. 1. 0.],9.0,10000,30,0.6,10,1,9,,problem_solving
1100,0.03076277693338625,0.00486742311813782,0.4,4.698816901920181,[0.01101007 0.01058623 0.         0.         0.01822589 0.         0.         0.01811735 0.01856041 0.         0.         0.         0.0149772  0.         0.         0.         0.         0.         0.         0.         0.         0.         0.         0.         0.         0.88241708 0.         0.         0.01055002 0.01555575 0.        ],[1. 1. 0. 0. 1. 0. 0. 1. 1. 0. 0. 0. 1. 0. 0. 0. 0. 0. 0. 0. 0. 0. 0. 0. 0. 1. 0. 0. 1. 1. 0.],9.0,10000,30,0.6,10,1,9,,problem_solving
1200,0.03076277693338625,0.00486742311813782,0.4,7.489392714676036,[0.01101007 0.01058623 0.         0.         0.01822589 0.         0.         0.01811735 0.01856041 0.         0.         0.         0.0149772  0.         0.         0.         0.         0.         0.         0.         0.         0.         0.         0.         0.         0.88241708 0.         0.         0.01055002 0.01555575 0.        ],[1. 1. 0. 0. 1. 0. 0. 1. 1. 0. 0. 0. 1. 0. 0. 0. 0. 0. 0. 0. 0. 0. 0. 0. 0. 1. 0. 0. 1. 1. 0.],9.0,10000,30,0.6,10,1,9,,problem_solving
1300,0.03076277693338625,0.00486742311813782,0.4,-5.761106798414989,[0.01101007 0.01058623 0.         0.         0.01822589 0.         0.         0.01811735 0.01856041 0.         0.         0.         0.0149772  0.         0.         0.         0.         0.         0.         0.         0.         0.         0.         0.         0.         0.88241708 0.         0.         0.01055002 0.01555575 0.        ],[1. 1. 0. 0. 1. 0. 0. 1. 1. 0. 0. 0. 1. 0. 0. 0. 0. 0. 0. 0. 0. 0. 0. 0. 0. 1. 0. 0. 1. 1. 0.],9.0,10000,30,0.6,10,1,9,,problem_solving
1400,0.03076277693338625,0.00486742311813782,0.4,7.523148121530437,[0.01101007 0.01058623 0.         0.         0.01822589 0.         0.         0.01811735 0.01856041 0.         0.         0.         0.0149772  0.         0.         0.         0.         0.         0.         0.         0.         0.         0.         0.         0.         0.88241708 0.         0.         0.01055002 0.01555575 0.        ],[1. 1. 0. 0. 1. 0. 0. 1. 1. 0. 0. 0. 1. 0. 0. 0. 0. 0. 0. 0. 0. 0. 0. 0. 0. 1. 0. 0. 1. 1. 0.],9.0,10000,30,0.6,10,1,9,,problem_solving
1500,0.03076277693338625,0.00486742311813782,0.4,-3.9013886045107906,[0.01101007 0.01058623 0.         0.         0.01822589 0.         0.         0.01811735 0.01856041 0.         0.         0.         0.0149772  0.         0.         0.         0.         0.         0.         0.         0.         0.         0.         0.         0.         0.88241708 0.         0.         0.01055002 0.01555575 0.        ],[1. 1. 0. 0. 1. 0. 0. 1. 1. 0. 0. 0. 1. 0. 0. 0. 0. 0. 0. 0. 0. 0. 0. 0. 0. 1. 0. 0. 1. 1. 0.],9.0,10000,30,0.6,10,1,9,,problem_solving
1600,0.03076277693338625,0.00486742311813782,0.4,8.001519001985073,[0.01101007 0.01058623 0.         0.         0.01822589 0.         0.         0.01811735 0.01856041 0.         0.         0.         0.0149772  0.         0.         0.         0.         0.         0.         0.         0.         0.         0.         0.         0.         0.88241708 0.         0.         0.01055002 0.01555575 0.        ],[1. 1. 0. 0. 1. 0. 0. 1. 1. 0. 0. 0. 1. 0. 0. 0. 0. 0. 0. 0. 0. 0. 0. 0. 0. 1. 0. 0. 1. 1. 0.],9.0,10000,30,0.6,10,1,9,,problem_solving
1700,0.03076277693338625,0.00486742311813782,0.4,-15.613359403912526,[0.01101007 0.01058623 0.         0.         0.01822589 0.         0.         0.01811735 0.01856041 0.         0.         0.         0.0149772  0.         0.         0.         0.         0.         0.         0.         0.         0.         0.         0.         0.         0.88241708 0.         0.         0.01055002 0.01555575 0.        ],[1. 1. 0. 0. 1. 0. 0. 1. 1. 0. 0. 0. 1. 0. 0. 0. 0. 0. 0. 0. 0. 0. 0. 0. 0. 1. 0. 0. 1. 1. 0.],9.0,10000,30,0.6,10,1,9,,problem_solving
1800,0.03076277693338625,0.00486742311813782,0.4,6.006231507308426,[0.01101007 0.01058623 0.         0.         0.01822589 0.         0.         0.01811735 0.01856041 0.         0.         0.         0.0149772  0.         0.         0.         0.         0.         0.         0.         0.         0.         0.         0.         0.         0.88241708 0.         0.         0.01055002 0.01555575 0.        ],[1. 1. 0. 0. 1. 0. 0. 1. 1. 0. 0. 0. 1. 0. 0. 0. 0. 0. 0. 0. 0. 0. 0. 0. 0. 1. 0. 0. 1. 1. 0.],9.0,10000,30,0.6,10,1,9,,problem_solving
1900,0.03076277693338625,0.00486742311813782,0.4,7.249162745071418,[0.01101007 0.01058623 0.         0.         0.01822589 0.         0.         0.01811735 0.01856041 0.         0.         0.         0.0149772  0.         0.         0.         0.         0.         0.         0.         0.         0.         0.         0.         0.         0.88241708 0.         0.         0.01055002 0.01555575 0.        ],[1. 1. 0. 0. 1. 0. 0. 1. 1. 0. 0. 0. 1. 0. 0. 0. 0. 0. 0. 0. 0. 0. 0. 0. 0. 1. 0. 0. 1. 1. 0.],9.0,10000,30,0.6,10,1,9,,problem_solving
2000,0.03076277693338625,0.00486742311813782,0.4,10.0847499498262,[0.01101007 0.01058623 0.         0.         0.01822589 0.         0.         0.01811735 0.01856041 0.         0.         0.         0.0149772  0.         0.         0.         0.         0.         0.         0.         0.         0.         0.         0.         0.         0.88241708 0.         0.         0.01055002 0.01555575 0.        ],[1. 1. 0. 0. 1. 0. 0. 1. 1. 0. 0. 0. 1. 0. 0. 0. 0. 0. 0. 0. 0. 0. 0. 0. 0. 1. 0. 0. 1. 1. 0.],9.0,10000,30,0.6,10,1,9,,problem_solving
2100,0.03076277693338625,0.00486742311813782,0.4,6.792795661442012,[0.01101007 0.01058623 0.         0.         0.01822589 0.         0.         0.01811735 0.01856041 0.         0.         0.         0.0149772  0.         0.         0.         0.         0.         0.         0.         0.         0.         0.         0.         0.         0.88241708 0.         0.         0.01055002 0.01555575 0.        ],[1. 1. 0. 0. 1. 0. 0. 1. 1. 0. 0. 0. 1. 0. 0. 0. 0. 0. 0. 0. 0. 0. 0. 0. 0. 1. 0. 0. 1. 1. 0.],9.0,10000,30,0.6,10,1,9,,problem_solving
2200,0.03076277693338625,0.00486742311813782,0.4,-3.0897348197763512,[0.01101007 0.01058623 0.         0.         0.01822589 0.         0.         0.01811735 0.01856041 0.         0.         0.         0.0149772  0.         0.         0.         0.         0.         0.         0.         0.         0.         0.         0.         0.         0.88241708 0.         0.         0.01055002 0.01555575 0.        ],[1. 1. 0. 0. 1. 0. 0. 1. 1. 0. 0. 0. 1. 0. 0. 0. 0. 0. 0. 0. 0. 0. 0. 0. 0. 1. 0. 0. 1. 1. 0.],9.0,10000,30,0.6,10,1,9,,problem_solving
2300,0.03076277693338625,0.00486742311813782,0.4,1.9884989701151818,[0.01101007 0.01058623 0.         0.         0.01822589 0.         0.         0.01811735 0.01856041 0.         0.         0.         0.0149772  0.         0.         0.         0.         0.         0.         0.         0.         0.         0.         0.         0.         0.88241708 0.         0.         0.01055002 0.01555575 0.        ],[1. 1. 0. 0. 1. 0. 0. 1. 1. 0. 0. 0. 1. 0. 0. 0. 0. 0. 0. 0. 0. 0. 0. 0. 0. 1. 0. 0. 1. 1. 0.],9.0,10000,30,0.6,10,1,9,,problem_solving
2400,0.03076277693338625,0.00486742311813782,0.4,1.266056862799816,[0.01101007 0.01058623 0.         0.         0.01822589 0.         0.         0.01811735 0.01856041 0.         0.         0.         0.0149772  0.         0.         0.         0.         0.         0.         0.         0.         0.         0.         0.         0.         0.88241708 0.         0.         0.01055002 0.01555575 0.        ],[1. 1. 0. 0. 1. 0. 0. 1. 1. 0. 0. 0. 1. 0. 0. 0. 0. 0. 0. 0. 0. 0. 0. 0. 0. 1. 0. 0. 1. 1. 0.],9.0,10000,30,0.6,10,1,9,,problem_solving
2500,0.03076277693338625,0.00486742311813782,0.4,8.053728283134651,[0.01101007 0.01058623 0.         0.         0.01822589 0.         0.         0.01811735 0.01856041 0.         0.         0.         0.0149772  0.         0.         0.         0.         0.         0.         0.         0.         0.         0.         0.         0.         0.88241708 0.         0.         0.01055002 0.01555575 0.        ],[1. 1. 0. 0. 1. 0. 0. 1. 1. 0. 0. 0. 1. 0. 0. 0. 0. 0. 0. 0. 0. 0. 0. 0. 0. 1. 0. 0. 1. 1. 0.],9.0,10000,30,0.6,10,1,9,,problem_solving
2600,0.03076277693338625,0.00486742311813782,0.4,13.15342144840048,[0.01101007 0.01058623 0.         0.         0.01822589 0.         0.         0.01811735 0.01856041 0.         0.         0.         0.0149772  0.         0.         0.         0.         0.         0.         0.         0.         0.         0.         0.         0.         0.88241708 0.         0.         0.01055002 0.01555575 0.        ],[1. 1. 0. 0. 1. 0. 0. 1. 1. 0. 0. 0. 1. 0. 0. 0. 0. 0. 0. 0. 0. 0. 0. 0. 0. 1. 0. 0. 1. 1. 0.],9.0,10000,30,0.6,10,1,9,,problem_solving
2700,0.030097149471492824,0.004647892297215056,0.4,10.558430177815803,[0.         0.01062491 0.         0.         0.         0.01849897 0.         0.         0.02108995 0.01091536 0.         0.         0.         0.01498421 0.         0.         0.         0.01088345 0.         0.01362854 0.         0.         0.         0.         0.         0.87948422 0.         0.0198904  0.         0.         0.        ],[0. 1. 0. 0. 0. 1. 0. 0. 1. 1. 0. 0. 0. 1. 0. 0. 0. 1. 0. 1. 0. 0. 0. 0. 0. 1. 0. 1. 0. 0. 0.],9.0,10000,30,0.6,10,1,9,,problem_solving
2800,0.030097149471492824,0.004647892297215056,0.4,6.684483819379732,[0.         0.01062491 0.         0.         0.         0.01849897 0.         0.         0.02108995 0.01091536 0.         0.         0.         0.01498421 0.         0.         0.         0.01088345 0.         0.01362854 0.         0.         0.         0.         0.         0.87948422 0.         0.0198904  0.         0.         0.        ],[0. 1. 0. 0. 0. 1. 0. 0. 1. 1. 0. 0. 0. 1. 0. 0. 0. 1. 0. 1. 0. 0. 0. 0. 0. 1. 0. 1. 0. 0. 0.],9.0,10000,30,0.6,10,1,9,,problem_solving
2900,0.030097149471492824,0.004647892297215056,0.4,-16.630929342088756,[0.         0.01062491 0.         0.         0.         0.01849897 0.         0.         0.02108995 0.01091536 0.         0.         0.         0.01498421 0.         0.         0.         0.01088345 0.         0.01362854 0.         0.         0.         0.         0.         0.87948422 0.         0.0198904  0.         0.         0.        ],[0. 1. 0. 0. 0. 1. 0. 0. 1. 1. 0. 0. 0. 1. 0. 0. 0. 1. 0. 1. 0. 0. 0. 0. 0. 1. 0. 1. 0. 0. 0.],9.0,10000,30,0.6,10,1,9,,problem_solving
3000,0.030097149471492824,0.004647892297215056,0.4,-12.520761342013083,[0.         0.01062491 0.         0.         0.         0.01849897 0.         0.         0.02108995 0.01091536 0.         0.         0.         0.01498421 0.         0.         0.         0.01088345 0.         0.01362854 0.         0.         0.         0.         0.         0.87948422 0.         0.0198904  0.         0.         0.        ],[0. 1. 0. 0. 0. 1. 0. 0. 1. 1. 0. 0. 0. 1. 0. 0. 0. 1. 0. 1. 0. 0. 0. 0. 0. 1. 0. 1. 0. 0. 0.],9.0,10000,30,0.6,10,1,9,,problem_solving
3100,0.030097149471492824,0.004647892297215056,0.4,-1.8541647944796902,[0.         0.01062491 0.         0.         0.         0.01849897 0.         0.         0.02108995 0.01091536 0.         0.         0.         0.01498421 0.         0.         0.         0.01088345 0.         0.01362854 0.         0.         0.         0.         0.         0.87948422 0.         0.0198904  0.         0.         0.        ],[0. 1. 0. 0. 0. 1. 0. 0. 1. 1. 0. 0. 0. 1. 0. 0. 0. 1. 0. 1. 0. 0. 0. 0. 0. 1. 0. 1. 0. 0. 0.],9.0,10000,30,0.6,10,1,9,,problem_solving
3200,0.030097149471492824,0.004647892297215056,0.4,10.103496942692772,[0.         0.01062491 0.         0.         0.         0.01849897 0.         0.         0.02108995 0.01091536 0.         0.         0.         0.01498421 0.         0.         0.         0.01088345 0.         0.01362854 0.         0.         0.         0.         0.         0.87948422 0.         0.0198904  0.         0.         0.        ],[0. 1. 0. 0. 0. 1. 0. 0. 1. 1. 0. 0. 0. 1. 0. 0. 0. 1. 0. 1. 0. 0. 0. 0. 0. 1. 0. 1. 0. 0. 0.],9.0,10000,30,0.6,10,1,9,,problem_solving
3300,0.030097149471492824,0.004647892297215056,0.4,4.892559429781491,[0.         0.01062491 0.         0.         0.         0.01849897 0.         0.         0.02108995 0.01091536 0.         0.         0.         0.01498421 0.         0.         0.         0.01088345 0.         0.01362854 0.         0.         0.         0.         0.         0.87948422 0.         0.0198904  0.         0.         0.        ],[0. 1. 0. 0. 0. 1. 0. 0. 1. 1. 0. 0. 0. 1. 0. 0. 0. 1. 0. 1. 0. 0. 0. 0. 0. 1. 0. 1. 0. 0. 0.],9.0,10000,30,0.6,10,1,9,,problem_solving
3400,0.030097149471492824,0.004647892297215056,0.4,1.3185602835206027,[0.         0.01062491 0.         0.         0.         0.01849897 0.         0.         0.02108995 0.01091536 0.         0.         0.         0.01498421 0.         0.         0.         0.01088345 0.         0.01362854 0.         0.         0.         0.         0.         0.87948422 0.         0.0198904  0.         0.         0.        ],[0. 1. 0. 0. 0. 1. 0. 0. 1. 1. 0. 0. 0. 1. 0. 0. 0. 1. 0. 1. 0. 0. 0. 0. 0. 1. 0. 1. 0. 0. 0.],9.0,10000,30,0.6,10,1,9,,problem_solving
3500,0.030097149471492824,0.004647892297215056,0.4,0.3998907188684797,[0.         0.01062491 0.         0.         0.         0.01849897 0.         0.         0.02108995 0.01091536 0.         0.         0.         0.01498421 0.         0.         0.         0.01088345 0.         0.01362854 0.         0.         0.         0.         0.         0.87948422 0.         0.0198904  0.         0.         0.        ],[0. 1. 0. 0. 0. 1. 0. 0. 1. 1. 0. 0. 0. 1. 0. 0. 0. 1. 0. 1. 0. 0. 0. 0. 0. 1. 0. 1. 0. 0. 0.],9.0,10000,30,0.6,10,1,9,,problem_solving
3600,0.030097149471492824,0.004647892297215056,0.4,13.378470756262935,[0.         0.01062491 0.         0.         0.         0.01849897 0.         0.         0.02108995 0.01091536 0.         0.         0.         0.01498421 0.         0.         0.         0.01088345 0.         0.01362854 0.         0.         0.         0.         0.         0.87948422 0.         0.0198904  0.         0.         0.        ],[0. 1. 0. 0. 0. 1. 0. 0. 1. 1. 0. 0. 0. 1. 0. 0. 0. 1. 0. 1. 0. 0. 0. 0. 0. 1. 0. 1. 0. 0. 0.],9.0,10000,30,0.6,10,1,9,,problem_solving
3700,0.030097149471492824,0.004647892297215056,0.4,-0.034743102134198914,[0.         0.01062491 0.         0.         0.         0.01849897 0.         0.         0.02108995 0.01091536 0.         0.         0.         0.01498421 0.         0.         0.         0.01088345 0.         0.01362854 0.         0.         0.         0.         0.         0.87948422 0.         0.0198904  0.         0.         0.        ],[0. 1. 0. 0. 0. 1. 0. 0. 1. 1. 0. 0. 0. 1. 0. 0. 0. 1. 0. 1. 0. 0. 0. 0. 0. 1. 0. 1. 0. 0. 0.],9.0,10000,30,0.6,10,1,9,,problem_solving
3800,0.02748388061233583,0.0047694652225573715,0.4,-10.08656412891668,[0.         0.017191   0.         0.         0.01244668 0.01046062 0.         0.         0.01050899 0.         0.         0.         0.01516707 0.01048313 0.         0.         0.         0.         0.         0.         0.0139474  0.         0.         0.         0.         0.89516477 0.         0.         0.         0.         0.01463034],[0. 1. 0. 0. 1. 1. 0. 0. 1. 0. 0. 0. 1. 1. 0. 0. 0. 0. 0. 0. 1. 0. 0. 0. 0. 1. 0. 0. 0. 0. 1.],9.0,10000,30,0.6,10,1,9,,problem_solving
3900,0.02748388061233583,0.0047694652225573715,0.4,-9.55765182014423,[0.         0.017191   0.         0.         0.01244668 0.01046062 0.         0.         0.01050899 0.         0.         0.         0.01516707 0.01048313 0.         0.         0.         0.         0.         0.         0.0139474  0.         0.         0.         0.         0.89516477 0.         0.         0.         0.         0.01463034],[0. 1. 0. 0. 1. 1. 0. 0. 1. 0. 0. 0. 1. 1. 0. 0. 0. 0. 0. 0. 1. 0. 0. 0. 0. 1. 0. 0. 0. 0. 1.],9.0,10000,30,0.6,10,1,9,,problem_solving
4000,0.02748388061233583,0.0047694652225573715,0.4,9.443142339843984,[0.         0.017191   0.         0.         0.01244668 0.01046062 0.         0.         0.01050899 0.         0.         0.         0.01516707 0.01048313 0.         0.         0.         0.         0.         0.         0.0139474  0.         0.         0.         0.         0.89516477 0.         0.         0.         0.         0.01463034],[0. 1. 0. 0. 1. 1. 0. 0. 1. 0. 0. 0. 1. 1. 0. 0. 0. 0. 0. 0. 1. 0. 0. 0. 0. 1. 0. 0. 0. 0. 1.],9.0,10000,30,0.6,10,1,9,,problem_solving
4100,0.02748388061233583,0.0047694652225573715,0.4,4.183090541471742,[0.         0.017191   0.         0.         0.01244668 0.01046062 0.         0.         0.01050899 0.         0.         0.         0.01516707 0.01048313 0.         0.         0.         0.         0.         0.         0.0139474  0.         0.         0.         0.         0.89516477 0.         0.         0.         0.         0.01463034],[0. 1. 0. 0. 1. 1. 0. 0. 1. 0. 0. 0. 1. 1. 0. 0. 0. 0. 0. 0. 1. 0. 0. 0. 0. 1. 0. 0. 0. 0. 1.],9.0,10000,30,0.6,10,1,9,,problem_solving
4200,0.02748388061233583,0.0047694652225573715,0.4,1.5445363313944909,[0.         0.017191   0.         0.         0.01244668 0.01046062 0.         0.         0.01050899 0.         0.         0.         0.01516707 0.01048313 0.         0.         0.         0.         0.         0.         0.0139474  0.         0.         0.         0.         0.89516477 0.         0.         0.         0.         0.01463034],[0. 1. 0. 0. 1. 1. 0. 0. 1. 0. 0. 0. 1. 1. 0. 0. 0. 0. 0. 0. 1. 0. 0. 0. 0. 1. 0. 0. 0. 0. 1.],9.0,10000,30,0.6,10,1,9,,problem_solving
4300,0.02748388061233583,0.0047694652225573715,0.4,-10.80312569596272,[0.         0.017191   0.         0.         0.01244668 0.01046062 0.         0.         0.01050899 0.         0.         0.         0.01516707 0.01048313 0.         0.         0.         0.         0.         0.         0.0139474  0.         0.         0.         0.         0.89516477 0.         0.         0.         0.         0.01463034],[0. 1. 0. 0. 1. 1. 0. 0. 1. 0. 0. 0. 1. 1. 0. 0. 0. 0. 0. 0. 1. 0. 0. 0. 0. 1. 0. 0. 0. 0. 1.],9.0,10000,30,0.6,10,1,9,,problem_solving
4400,0.02748388061233583,0.0047694652225573715,0.4,11.686314904803957,[0.         0.017191   0.         0.         0.01244668 0.01046062 0.         0.         0.01050899 0.         0.         0.         0.01516707 0.01048313 0.         0.         0.         0.         0.         0.         0.0139474  0.         0.         0.         0.         0.89516477 0.         0.         0.         0.         0.01463034],[0. 1. 0. 0. 1. 1. 0. 0. 1. 0. 0. 0. 1. 1. 0. 0. 0. 0. 0. 0. 1. 0. 0. 0. 0. 1. 0. 0. 0. 0. 1.],9.0,10000,30,0.6,10,1,9,,problem_solving
4500,0.02748388061233583,0.0047694652225573715,0.4,-2.07161255800316,[0.         0.017191   0.         0.         0.01244668 0.01046062 0.         0.         0.01050899 0.         0.         0.         0.01516707 0.01048313 0.         0.         0.         0.         0.         0.         0.0139474  0.         0.         0.         0.         0.89516477 0.         0.         0.         0.         0.01463034],[0. 1. 0. 0. 1. 1. 0. 0. 1. 0. 0. 0. 1. 1. 0. 0. 0. 0. 0. 0. 1. 0. 0. 0. 0. 1. 0. 0. 0. 0. 1.],9.0,10000,30,0.6,10,1,9,,problem_solving
4600,0.02748388061233583,0.0047694652225573715,0.4,18.849812884899897,[0.         0.017191   0.         0.         0.01244668 0.01046062 0.         0.         0.01050899 0.         0.         0.         0.01516707 0.01048313 0.         0.         0.         0.         0.         0.         0.0139474  0.         0.         0.         0.         0.89516477 0.         0.         0.         0.         0.01463034],[0. 1. 0. 0. 1. 1. 0. 0. 1. 0. 0. 0. 1. 1. 0. 0. 0. 0. 0. 0. 1. 0. 0. 0. 0. 1. 0. 0. 0. 0. 1.],9.0,10000,30,0.6,10,1,9,,problem_solving
4700,0.02748388061233583,0.0047694652225573715,0.4,-7.94265310094838,[0.         0.017191   0.         0.         0.01244668 0.01046062 0.         0.         0.01050899 0.         0.         0.         0.01516707 0.01048313 0.         0.         0.         0.         0.         0.         0.0139474  0.         0.         0.         0.         0.89516477 0.         0.         0.         0.         0.01463034],[0. 1. 0. 0. 1. 1. 0. 0. 1. 0. 0. 0. 1. 1. 0. 0. 0. 0. 0. 0. 1. 0. 0. 0. 0. 1. 0. 0. 0. 0. 1.],9.0,10000,30,0.6,10,1,9,,problem_solving
4800,0.02748388061233583,0.0047694652225573715,0.4,15.294579799964524,[0.         0.017191   0.         0.         0.01244668 0.01046062 0.         0.         0.01050899 0.         0.         0.         0.01516707 0.01048313 0.         0.         0.         0.         0.         0.         0.0139474  0.         0.         0.         0.         0.89516477 0.         0.         0.         0.         0.01463034],[0. 1. 0. 0. 1. 1. 0. 0. 1. 0. 0. 0. 1. 1. 0. 0. 0. 0. 0. 0. 1. 0. 0. 0. 0. 1. 0. 0. 0. 0. 1.],9.0,10000,30,0.6,10,1,9,,problem_solving
4900,0.02748388061233583,0.0047694652225573715,0.4,17.733322868163874,[0.         0.017191   0.         0.         0.01244668 0.01046062 0.         0.         0.01050899 0.         0.         0.         0.01516707 0.01048313 0.         0.         0.         0.         0.         0.         0.0139474  0.         0.         0.         0.         0.89516477 0.         0.         0.         0.         0.01463034],[0. 1. 0. 0. 1. 1. 0. 0. 1. 0. 0. 0. 1. 1. 0. 0. 0. 0. 0. 0. 1. 0. 0. 0. 0. 1. 0. 0. 0. 0. 1.],9.0,10000,30,0.6,10,1,9,,problem_solving
5000,0.02748388061233583,0.0047694652225573715,0.4,-7.002149188184704,[0.         0.017191   0.         0.         0.01244668 0.01046062 0.         0.         0.01050899 0.         0.         0.         0.01516707 0.01048313 0.         0.         0.         0.         0.         0.         0.0139474  0.         0.         0.         0.         0.89516477 0.         0.         0.         0.         0.01463034],[0. 1. 0. 0. 1. 1. 0. 0. 1. 0. 0. 0. 1. 1. 0. 0. 0. 0. 0. 0. 1. 0. 0. 0. 0. 1. 0. 0. 0. 0. 1.],9.0,10000,30,0.6,10,1,9,,problem_solving
5100,0.02748388061233583,0.0047694652225573715,0.4,10.090779734092168,[0.         0.017191   0.         0.         0.01244668 0.01046062 0.         0.         0.01050899 0.         0.         0.         0.01516707 0.01048313 0.         0.         0.         0.         0.         0.         0.0139474  0.         0.         0.         0.         0.89516477 0.         0.         0.         0.         0.01463034],[0. 1. 0. 0. 1. 1. 0. 0. 1. 0. 0. 0. 1. 1. 0. 0. 0. 0. 0. 0. 1. 0. 0. 0. 0. 1. 0. 0. 0. 0. 1.],9.0,10000,30,0.6,10,1,9,,problem_solving
5200,0.02748388061233583,0.0047694652225573715,0.4,3.0063745655254985,[0.         0.017191   0.         0.         0.01244668 0.01046062 0.         0.         0.01050899 0.         0.         0.         0.01516707 0.01048313 0.         0.         0.         0.         0.         0.         0.0139474  0.         0.         0.         0.         0.89516477 0.         0.         0.         0.         0.01463034],[0. 1. 0. 0. 1. 1. 0. 0. 1. 0. 0. 0. 1. 1. 0. 0. 0. 0. 0. 0. 1. 0. 0. 0. 0. 1. 0. 0. 0. 0. 1.],9.0,10000,30,0.6,10,1,9,,problem_solving
5300,0.02748388061233583,0.0047694652225573715,0.4,10.792596708084016,[0.         0.017191   0.         0.         0.01244668 0.01046062 0.         0.         0.01050899 0.         0.         0.         0.01516707 0.01048313 0.         0.         0.         0.         0.         0.         0.0139474  0.         0.         0.         0.         0.89516477 0.         0.         0.         0.         0.01463034],[0. 1. 0. 0. 1. 1. 0. 0. 1. 0. 0. 0. 1. 1. 0. 0. 0. 0. 0. 0. 1. 0. 0. 0. 0. 1. 0. 0. 0. 0. 1.],9.0,10000,30,0.6,10,1,9,,problem_solving
5400,0.02748388061233583,0.0047694652225573715,0.4,8.870905725325372,[0.         0.017191   0.         0.         0.01244668 0.01046062 0.         0.         0.01050899 0.         0.         0.         0.01516707 0.01048313 0.         0.         0.         0.         0.         0.         0.0139474  0.         0.         0.         0.         0.89516477 0.         0.         0.         0.         0.01463034],[0. 1. 0. 0. 1. 1. 0. 0. 1. 0. 0. 0. 1. 1. 0. 0. 0. 0. 0. 0. 1. 0. 0. 0. 0. 1. 0. 0. 0. 0. 1.],9.0,10000,30,0.6,10,1,9,,problem_solving
5500,0.02748388061233583,0.0047694652225573715,0.4,11.576763248574196,[0.         0.017191   0.         0.         0.01244668 0.01046062 0.         0.         0.01050899 0.         0.         0.         0.01516707 0.01048313 0.         0.         0.         0.         0.         0.         0.0139474  0.         0.         0.         0.         0.89516477 0.         0.         0.         0.         0.01463034],[0. 1. 0. 0. 1. 1. 0. 0. 1. 0. 0. 0. 1. 1. 0. 0. 0. 0. 0. 0. 1. 0. 0. 0. 0. 1. 0. 0. 0. 0. 1.],9.0,10000,30,0.6,10,1,9,,problem_solving
5600,0.02748388061233583,0.0047694652225573715,0.4,-11.557198663723396,[0.         0.017191   0.         0.         0.01244668 0.01046062 0.         0.         0.01050899 0.         0.         0.         0.01516707 0.01048313 0.         0.         0.         0.         0.         0.         0.0139474  0.         0.         0.         0.         0.89516477 0.         0.         0.         0.         0.01463034],[0. 1. 0. 0. 1. 1. 0. 0. 1. 0. 0. 0. 1. 1. 0. 0. 0. 0. 0. 0. 1. 0. 0. 0. 0. 1. 0. 0. 0. 0. 1.],9.0,10000,30,0.6,10,1,9,,problem_solving
5700,0.02748388061233583,0.0047694652225573715,0.4,-16.779372892259378,[0.         0.017191   0.         0.         0.01244668 0.01046062 0.         0.         0.01050899 0.         0.         0.         0.01516707 0.01048313 0.         0.         0.         0.         0.         0.         0.0139474  0.         0.         0.         0.         0.89516477 0.         0.         0.         0.         0.01463034],[0. 1. 0. 0. 1. 1. 0. 0. 1. 0. 0. 0. 1. 1. 0. 0. 0. 0. 0. 0. 1. 0. 0. 0. 0. 1. 0. 0. 0. 0. 1.],9.0,10000,30,0.6,10,1,9,,problem_solving
5800,0.02748388061233583,0.0047694652225573715,0.4,-4.7304817061756985,[0.         0.017191   0.         0.         0.01244668 0.01046062 0.         0.         0.01050899 0.         0.         0.         0.01516707 0.01048313 0.         0.         0.         0.         0.         0.         0.0139474  0.         0.         0.         0.         0.89516477 0.         0.         0.         0.         0.01463034],[0. 1. 0. 0. 1. 1. 0. 0. 1. 0. 0. 0. 1. 1. 0. 0. 0. 0. 0. 0. 1. 0. 0. 0. 0. 1. 0. 0. 0. 0. 1.],9.0,10000,30,0.6,10,1,9,,problem_solving
5900,0.02748388061233583,0.0047694652225573715,0.4,-5.558718704219524,[0.         0.017191   0.         0.         0.01244668 0.01046062 0.         0.         0.01050899 0.         0.         0.         0.01516707 0.01048313 0.         0.         0.         0.         0.         0.         0.0139474  0.         0.         0.         0.         0.89516477 0.         0.         0.         0.         0.01463034],[0. 1. 0. 0. 1. 1. 0. 0. 1. 0. 0. 0. 1. 1. 0. 0. 0. 0. 0. 0. 1. 0. 0. 0. 0. 1. 0. 0. 0. 0. 1.],9.0,10000,30,0.6,10,1,9,,problem_solving
6000,0.02748388061233583,0.0047694652225573715,0.4,9.802975550528336,[0.         0.017191   0.         0.         0.01244668 0.01046062 0.         0.         0.01050899 0.         0.         0.         0.01516707 0.01048313 0.         0.         0.         0.         0.         0.         0.0139474  0.         0.         0.         0.         0.89516477 0.         0.         0.         0.         0.01463034],[0. 1. 0. 0. 1. 1. 0. 0. 1. 0. 0. 0. 1. 1. 0. 0. 0. 0. 0. 0. 1. 0. 0. 0. 0. 1. 0. 0. 0. 0. 1.],9.0,10000,30,0.6,10,1,9,,problem_solving
6100,0.02748388061233583,0.0047694652225573715,0.4,-6.204736232287617,[0.         0.017191   0.         0.         0.01244668 0.01046062 0.         0.         0.01050899 0.         0.         0.         0.01516707 0.01048313 0.         0.         0.         0.         0.         0.         0.0139474  0.         0.         0.         0.         0.89516477 0.         0.         0.         0.         0.01463034],[0. 1. 0. 0. 1. 1. 0. 0. 1. 0. 0. 0. 1. 1. 0. 0. 0. 0. 0. 0. 1. 0. 0. 0. 0. 1. 0. 0. 0. 0. 1.],9.0,10000,30,0.6,10,1,9,,problem_solving
6200,0.02748388061233583,0.0047694652225573715,0.4,-0.9599192032645183,[0.         0.017191   0.         0.         0.01244668 0.01046062 0.         0.         0.01050899 0.         0.         0.         0.01516707 0.01048313 0.         0.         0.         0.         0.         0.         0.0139474  0.         0.         0.         0.         0.89516477 0.         0.         0.         0.         0.01463034],[0. 1. 0. 0. 1. 1. 0. 0. 1. 0. 0. 0. 1. 1. 0. 0. 0. 0. 0. 0. 1. 0. 0. 0. 0. 1. 0. 0. 0. 0. 1.],9.0,10000,30,0.6,10,1,9,,problem_solving
6300,0.02748388061233583,0.0047694652225573715,0.4,5.207271467663507,[0.         0.017191   0.         0.         0.01244668 0.01046062 0.         0.         0.01050899 0.         0.         0.         0.01516707 0.01048313 0.         0.         0.         0.         0.         0.         0.0139474  0.         0.         0.         0.         0.89516477 0.         0.         0.         0.         0.01463034],[0. 1. 0. 0. 1. 1. 0. 0. 1. 0. 0. 0. 1. 1. 0. 0. 0. 0. 0. 0. 1. 0. 0. 0. 0. 1. 0. 0. 0. 0. 1.],9.0,10000,30,0.6,10,1,9,,problem_solving
6400,0.02748388061233583,0.0047694652225573715,0.4,-10.887784821983232,[0.         0.017191   0.         0.         0.01244668 0.01046062 0.         0.         0.01050899 0.         0.         0.         0.01516707 0.01048313 0.         0.         0.         0.         0.         0.         0.0139474  0.         0.         0.         0.         0.89516477 0.         0.         0.         0.         0.01463034],[0. 1. 0. 0. 1. 1. 0. 0. 1. 0. 0. 0. 1. 1. 0. 0. 0. 0. 0. 0. 1. 0. 0. 0. 0. 1. 0. 0. 0. 0. 1.],9.0,10000,30,0.6,10,1,9,,problem_solving
6500,0.02748388061233583,0.0047694652225573715,0.4,10.426076959374344,[0.         0.017191   0.         0.         0.01244668 0.01046062 0.         0.         0.01050899 0.         0.         0.         0.01516707 0.01048313 0.         0.         0.         0.         0.         0.         0.0139474  0.         0.         0.         0.         0.89516477 0.         0.         0.         0.         0.01463034],[0. 1. 0. 0. 1. 1. 0. 0. 1. 0. 0. 0. 1. 1. 0. 0. 0. 0. 0. 0. 1. 0. 0. 0. 0. 1. 0. 0. 0. 0. 1.],9.0,10000,30,0.6,10,1,9,,problem_solving
6600,0.02748388061233583,0.0047694652225573715,0.4,6.6098165434090035,[0.         0.017191   0.         0.         0.01244668 0.01046062 0.         0.         0.01050899 0.         0.         0.         0.01516707 0.01048313 0.         0.         0.         0.         0.         0.         0.0139474  0.         0.         0.         0.         0.89516477 0.         0.         0.         0.         0.01463034],[0. 1. 0. 0. 1. 1. 0. 0. 1. 0. 0. 0. 1. 1. 0. 0. 0. 0. 0. 0. 1. 0. 0. 0. 0. 1. 0. 0. 0. 0. 1.],9.0,10000,30,0.6,10,1,9,,problem_solving
6700,0.02748388061233583,0.0047694652225573715,0.4,1.9233888015312572,[0.         0.017191   0.         0.         0.01244668 0.01046062 0.         0.         0.01050899 0.         0.         0.         0.01516707 0.01048313 0.         0.         0.         0.         0.         0.         0.0139474  0.         0.         0.         0.         0.89516477 0.         0.         0.         0.         0.01463034],[0. 1. 0. 0. 1. 1. 0. 0. 1. 0. 0. 0. 1. 1. 0. 0. 0. 0. 0. 0. 1. 0. 0. 0. 0. 1. 0. 0. 0. 0. 1.],9.0,10000,30,0.6,10,1,9,,problem_solving
6800,0.02748388061233583,0.0047694652225573715,0.4,-7.764229255205482,[0.         0.017191   0.         0.         0.01244668 0.01046062 0.         0.         0.01050899 0.         0.         0.         0.01516707 0.01048313 0.         0.         0.         0.         0.         0.         0.0139474  0.         0.         0.         0.         0.89516477 0.         0.         0.         0.         0.01463034],[0. 1. 0. 0. 1. 1. 0. 0. 1. 0. 0. 0. 1. 1. 0. 0. 0. 0. 0. 0. 1. 0. 0. 0. 0. 1. 0. 0. 0. 0. 1.],9.0,10000,30,0.6,10,1,9,,problem_solving
6900,0.02748388061233583,0.0047694652225573715,0.4,-1.6436982304969296,[0.         0.017191   0.         0.         0.01244668 0.01046062 0.         0.         0.01050899 0.         0.         0.         0.01516707 0.01048313 0.         0.         0.         0.         0.         0.         0.0139474  0.         0.         0.         0.         0.89516477 0.         0.         0.         0.         0.01463034],[0. 1. 0. 0. 1. 1. 0. 0. 1. 0. 0. 0. 1. 1. 0. 0. 0. 0. 0. 0. 1. 0. 0. 0. 0. 1. 0. 0. 0. 0. 1.],9.0,10000,30,0.6,10,1,9,,problem_solving
7000,0.02748388061233583,0.0047694652225573715,0.4,14.614468643179103,[0.         0.017191   0.         0.         0.01244668 0.01046062 0.         0.         0.01050899 0.         0.         0.         0.01516707 0.01048313 0.         0.         0.         0.         0.         0.         0.0139474  0.         0.         0.         0.         0.89516477 0.         0.         0.         0.         0.01463034],[0. 1. 0. 0. 1. 1. 0. 0. 1. 0. 0. 0. 1. 1. 0. 0. 0. 0. 0. 0. 1. 0. 0. 0. 0. 1. 0. 0. 0. 0. 1.],9.0,10000,30,0.6,10,1,9,,problem_solving
7100,0.02748388061233583,0.0047694652225573715,0.4,8.981630479002643,[0.         0.017191   0.         0.         0.01244668 0.01046062 0.         0.         0.01050899 0.         0.         0.         0.01516707 0.01048313 0.         0.         0.         0.         0.         0.         0.0139474  0.         0.         0.         0.         0.89516477 0.         0.         0.         0.         0.01463034],[0. 1. 0. 0. 1. 1. 0. 0. 1. 0. 0. 0. 1. 1. 0. 0. 0. 0. 0. 0. 1. 0. 0. 0. 0. 1. 0. 0. 0. 0. 1.],9.0,10000,30,0.6,10,1,9,,problem_solving
7200,0.02748388061233583,0.0047694652225573715,0.4,14.359800988329782,[0.         0.017191   0.         0.         0.01244668 0.01046062 0.         0.         0.01050899 0.         0.         0.         0.01516707 0.01048313 0.         0.         0.         0.         0.         0.         0.0139474  0.         0.         0.         0.         0.89516477 0.         0.         0.         0.         0.01463034],[0. 1. 0. 0. 1. 1. 0. 0. 1. 0. 0. 0. 1. 1. 0. 0. 0. 0. 0. 0. 1. 0. 0. 0. 0. 1. 0. 0. 0. 0. 1.],9.0,10000,30,0.6,10,1,9,,problem_solving
7300,0.02748388061233583,0.0047694652225573715,0.4,-0.003752936553421678,[0.         0.017191   0.         0.         0.01244668 0.01046062 0.         0.         0.01050899 0.         0.         0.         0.01516707 0.01048313 0.         0.         0.         0.         0.         0.         0.0139474  0.         0.         0.         0.         0.89516477 0.         0.         0.         0.         0.01463034],[0. 1. 0. 0. 1. 1. 0. 0. 1. 0. 0. 0. 1. 1. 0. 0. 0. 0. 0. 0. 1. 0. 0. 0. 0. 1. 0. 0. 0. 0. 1.],9.0,10000,30,0.6,10,1,9,,problem_solving
7400,0.02748388061233583,0.0047694652225573715,0.4,6.186927164561165,[0.         0.017191   0.         0.         0.01244668 0.01046062 0.         0.         0.01050899 0.         0.         0.         0.01516707 0.01048313 0.         0.         0.         0.         0.         0.         0.0139474  0.         0.         0.         0.         0.89516477 0.         0.         0.         0.         0.01463034],[0. 1. 0. 0. 1. 1. 0. 0. 1. 0. 0. 0. 1. 1. 0. 0. 0. 0. 0. 0. 1. 0. 0. 0. 0. 1. 0. 0. 0. 0. 1.],9.0,10000,30,0.6,10,1,9,,problem_solving
7500,0.02748388061233583,0.0047694652225573715,0.4,7.866072300715269,[0.         0.017191   0.         0.         0.01244668 0.01046062 0.         0.         0.01050899 0.         0.         0.         0.01516707 0.01048313 0.         0.         0.         0.         0.         0.         0.0139474  0.         0.         0.         0.         0.89516477 0.         0.         0.         0.         0.01463034],[0. 1. 0. 0. 1. 1. 0. 0. 1. 0. 0. 0. 1. 1. 0. 0. 0. 0. 0. 0. 1. 0. 0. 0. 0. 1. 0. 0. 0. 0. 1.],9.0,10000,30,0.6,10,1,9,,problem_solving
7600,0.02748388061233583,0.0047694652225573715,0.4,19.397797809064258,[0.         0.017191   0.         0.         0.01244668 0.01046062 0.         0.         0.01050899 0.         0.         0.         0.01516707 0.01048313 0.         0.         0.         0.         0.         0.         0.0139474  0.         0.         0.         0.         0.89516477 0.         0.         0.         0.         0.01463034],[0. 1. 0. 0. 1. 1. 0. 0. 1. 0. 0. 0. 1. 1. 0. 0. 0. 0. 0. 0. 1. 0. 0. 0. 0. 1. 0. 0. 0. 0. 1.],9.0,10000,30,0.6,10,1,9,,problem_solving
7700,0.02748388061233583,0.0047694652225573715,0.4,20.61489413459632,[0.         0.017191   0.         0.         0.01244668 0.01046062 0.         0.         0.01050899 0.         0.         0.         0.01516707 0.01048313 0.         0.         0.         0.         0.         0.         0.0139474  0.         0.         0.         0.         0.89516477 0.         0.         0.         0.         0.01463034],[0. 1. 0. 0. 1. 1. 0. 0. 1. 0. 0. 0. 1. 1. 0. 0. 0. 0. 0. 0. 1. 0. 0. 0. 0. 1. 0. 0. 0. 0. 1.],9.0,10000,30,0.6,10,1,9,,problem_solving
7800,0.02748388061233583,0.0047694652225573715,0.4,-10.767927838486331,[0.         0.017191   0.         0.         0.01244668 0.01046062 0.         0.         0.01050899 0.         0.         0.         0.01516707 0.01048313 0.         0.         0.         0.         0.         0.         0.0139474  0.         0.         0.         0.         0.89516477 0.         0.         0.         0.         0.01463034],[0. 1. 0. 0. 1. 1. 0. 0. 1. 0. 0. 0. 1. 1. 0. 0. 0. 0. 0. 0. 1. 0. 0. 0. 0. 1. 0. 0. 0. 0. 1.],9.0,10000,30,0.6,10,1,9,,problem_solving
7900,0.02748388061233583,0.0047694652225573715,0.4,2.6296921599371075,[0.         0.017191   0.         0.         0.01244668 0.01046062 0.         0.         0.01050899 0.         0.         0.         0.01516707 0.01048313 0.         0.         0.         0.         0.         0.         0.0139474  0.         0.         0.         0.         0.89516477 0.         0.         0.         0.         0.01463034],[0. 1. 0. 0. 1. 1. 0. 0. 1. 0. 0. 0. 1. 1. 0. 0. 0. 0. 0. 0. 1. 0. 0. 0. 0. 1. 0. 0. 0. 0. 1.],9.0,10000,30,0.6,10,1,9,,problem_solving
8000,0.02748388061233583,0.0047694652225573715,0.4,22.08576415280956,[0.         0.017191   0.         0.         0.01244668 0.01046062 0.         0.         0.01050899 0.         0.         0.         0.01516707 0.01048313 0.         0.         0.         0.         0.         0.         0.0139474  0.         0.         0.         0.         0.89516477 0.         0.         0.         0.         0.01463034],[0. 1. 0. 0. 1. 1. 0. 0. 1. 0. 0. 0. 1. 1. 0. 0. 0. 0. 0. 0. 1. 0. 0. 0. 0. 1. 0. 0. 0. 0. 1.],9.0,10000,30,0.6,10,1,9,,problem_solving
8100,0.02748388061233583,0.0047694652225573715,0.4,-0.20262899949048566,[0.         0.017191   0.         0.         0.01244668 0.01046062 0.         0.         0.01050899 0.         0.         0.         0.01516707 0.01048313 0.         0.         0.         0.         0.         0.         0.0139474  0.         0.         0.         0.         0.89516477 0.         0.         0.         0.         0.01463034],[0. 1. 0. 0. 1. 1. 0. 0. 1. 0. 0. 0. 1. 1. 0. 0. 0. 0. 0. 0. 1. 0. 0. 0. 0. 1. 0. 0. 0. 0. 1.],9.0,10000,30,0.6,10,1,9,,problem_solving
8200,0.02748388061233583,0.0047694652225573715,0.4,-0.25132529848614643,[0.         0.017191   0.         0.         0.01244668 0.01046062 0.         0.         0.01050899 0.         0.         0.         0.01516707 0.01048313 0.         0.         0.         0.         0.         0.         0.0139474  0.         0.         0.         0.         0.89516477 0.         0.         0.         0.         0.01463034],[0. 1. 0. 0. 1. 1. 0. 0. 1. 0. 0. 0. 1. 1. 0. 0. 0. 0. 0. 0. 1. 0. 0. 0. 0. 1. 0. 0. 0. 0. 1.],9.0,10000,30,0.6,10,1,9,,problem_solving
8300,0.02748388061233583,0.0047694652225573715,0.4,5.182383068761206,[0.         0.017191   0.         0.         0.01244668 0.01046062 0.         0.         0.01050899 0.         0.         0.         0.01516707 0.01048313 0.         0.         0.         0.         0.         0.         0.0139474  0.         0.         0.         0.         0.89516477 0.         0.         0.         0.         0.01463034],[0. 1. 0. 0. 1. 1. 0. 0. 1. 0. 0. 0. 1. 1. 0. 0. 0. 0. 0. 0. 1. 0. 0. 0. 0. 1. 0. 0. 0. 0. 1.],9.0,10000,30,0.6,10,1,9,,problem_solving
8400,0.02748388061233583,0.0047694652225573715,0.4,-1.5788882076237118,[0.         0.017191   0.         0.         0.01244668 0.01046062 0.         0.         0.01050899 0.         0.         0.         0.01516707 0.01048313 0.         0.         0.         0.         0.         0.         0.0139474  0.         0.         0.         0.         0.89516477 0.         0.         0.         0.         0.01463034],[0. 1. 0. 0. 1. 1. 0. 0. 1. 0. 0. 0. 1. 1. 0. 0. 0. 0. 0. 0. 1. 0. 0. 0. 0. 1. 0. 0. 0. 0. 1.],9.0,10000,30,0.6,10,1,9,,problem_solving
8500,0.02748388061233583,0.0047694652225573715,0.4,7.745747642828819,[0.         0.017191   0.         0.         0.01244668 0.01046062 0.         0.         0.01050899 0.         0.         0.         0.01516707 0.01048313 0.         0.         0.         0.         0.         0.         0.0139474  0.         0.         0.         0.         0.89516477 0.         0.         0.         0.         0.01463034],[0. 1. 0. 0. 1. 1. 0. 0. 1. 0. 0. 0. 1. 1. 0. 0. 0. 0. 0. 0. 1. 0. 0. 0. 0. 1. 0. 0. 0. 0. 1.],9.0,10000,30,0.6,10,1,9,,problem_solving
8600,0.02748388061233583,0.0047694652225573715,0.4,-8.68486045004802,[0.         0.017191   0.         0.         0.01244668 0.01046062 0.         0.         0.01050899 0.         0.         0.         0.01516707 0.01048313 0.         0.         0.         0.         0.         0.         0.0139474  0.         0.         0.         0.         0.89516477 0.         0.         0.         0.         0.01463034],[0. 1. 0. 0. 1. 1. 0. 0. 1. 0. 0. 0. 1. 1. 0. 0. 0. 0. 0. 0. 1. 0. 0. 0. 0. 1. 0. 0. 0. 0. 1.],9.0,10000,30,0.6,10,1,9,,problem_solving
8700,0.02748388061233583,0.0047694652225573715,0.4,3.9996386231958243,[0.         0.017191   0.         0.         0.01244668 0.01046062 0.         0.         0.01050899 0.         0.         0.         0.01516707 0.01048313 0.         0.         0.         0.         0.         0.         0.0139474  0.         0.         0.         0.         0.89516477 0.         0.         0.         0.         0.01463034],[0. 1. 0. 0. 1. 1. 0. 0. 1. 0. 0. 0. 1. 1. 0. 0. 0. 0. 0. 0. 1. 0. 0. 0. 0. 1. 0. 0. 0. 0. 1.],9.0,10000,30,0.6,10,1,9,,problem_solving
8800,0.02748388061233583,0.0047694652225573715,0.4,1.786357751617662,[0.         0.017191   0.         0.         0.01244668 0.01046062 0.         0.         0.01050899 0.         0.         0.         0.01516707 0.01048313 0.         0.         0.         0.         0.         0.         0.0139474  0.         0.         0.         0.         0.89516477 0.         0.         0.         0.         0.01463034],[0. 1. 0. 0. 1. 1. 0. 0. 1. 0. 0. 0. 1. 1. 0. 0. 0. 0. 0. 0. 1. 0. 0. 0. 0. 1. 0. 0. 0. 0. 1.],9.0,10000,30,0.6,10,1,9,,problem_solving
8900,0.02748388061233583,0.0047694652225573715,0.4,-6.854275510449366,[0.         0.017191   0.         0.         0.01244668 0.01046062 0.         0.         0.01050899 0.         0.         0.         0.01516707 0.01048313 0.         0.         0.         0.         0.         0.         0.0139474  0.         0.         0.         0.         0.89516477 0.         0.         0.         0.         0.01463034],[0. 1. 0. 0. 1. 1. 0. 0. 1. 0. 0. 0. 1. 1. 0. 0. 0. 0. 0. 0. 1. 0. 0. 0. 0. 1. 0. 0. 0. 0. 1.],9.0,10000,30,0.6,10,1,9,,problem_solving
9000,0.02748388061233583,0.0047694652225573715,0.4,2.3245529184356837,[0.         0.017191   0.         0.         0.01244668 0.01046062 0.         0.         0.01050899 0.         0.         0.         0.01516707 0.01048313 0.         0.         0.         0.         0.         0.         0.0139474  0.         0.         0.         0.         0.89516477 0.         0.         0.         0.         0.01463034],[0. 1. 0. 0. 1. 1. 0. 0. 1. 0. 0. 0. 1. 1. 0. 0. 0. 0. 0. 0. 1. 0. 0. 0. 0. 1. 0. 0. 0. 0. 1.],9.0,10000,30,0.6,10,1,9,,problem_solving
9100,0.02748388061233583,0.0047694652225573715,0.4,5.433970823899661,[0.         0.017191   0.         0.         0.01244668 0.01046062 0.         0.         0.01050899 0.         0.         0.         0.01516707 0.01048313 0.         0.         0.         0.         0.         0.         0.0139474  0.         0.         0.         0.         0.89516477 0.         0.         0.         0.         0.01463034],[0. 1. 0. 0. 1. 1. 0. 0. 1. 0. 0. 0. 1. 1. 0. 0. 0. 0. 0. 0. 1. 0. 0. 0. 0. 1. 0. 0. 0. 0. 1.],9.0,10000,30,0.6,10,1,9,,problem_solving
9200,0.02748388061233583,0.0047694652225573715,0.4,0.8637546246352004,[0.         0.017191   0.         0.         0.01244668 0.01046062 0.         0.         0.01050899 0.         0.         0.         0.01516707 0.01048313 0.         0.         0.         0.         0.         0.         0.0139474  0.         0.         0.         0.         0.89516477 0.         0.         0.         0.         0.01463034],[0. 1. 0. 0. 1. 1. 0. 0. 1. 0. 0. 0. 1. 1. 0. 0. 0. 0. 0. 0. 1. 0. 0. 0. 0. 1. 0. 0. 0. 0. 1.],9.0,10000,30,0.6,10,1,9,,problem_solving
9300,0.02748388061233583,0.0047694652225573715,0.4,18.981550442338325,[0.         0.017191   0.         0.         0.01244668 0.01046062 0.         0.         0.01050899 0.         0.         0.         0.01516707 0.01048313 0.         0.         0.         0.         0.         0.         0.0139474  0.         0.         0.         0.         0.89516477 0.         0.         0.         0.         0.01463034],[0. 1. 0. 0. 1. 1. 0. 0. 1. 0. 0. 0. 1. 1. 0. 0. 0. 0. 0. 0. 1. 0. 0. 0. 0. 1. 0. 0. 0. 0. 1.],9.0,10000,30,0.6,10,1,9,,problem_solving
9400,0.02748388061233583,0.0047694652225573715,0.4,-6.049956766629627,[0.         0.017191   0.         0.         0.01244668 0.01046062 0.         0.         0.01050899 0.         0.         0.         0.01516707 0.01048313 0.         0.         0.         0.         0.         0.         0.0139474  0.         0.         0.         0.         0.89516477 0.         0.         0.         0.         0.01463034],[0. 1. 0. 0. 1. 1. 0. 0. 1. 0. 0. 0. 1. 1. 0. 0. 0. 0. 0. 0. 1. 0. 0. 0. 0. 1. 0. 0. 0. 0. 1.],9.0,10000,30,0.6,10,1,9,,problem_solving
9500,0.02748388061233583,0.0047694652225573715,0.4,10.963951404448778,[0.         0.017191   0.         0.         0.01244668 0.01046062 0.         0.         0.01050899 0.         0.         0.         0.01516707 0.01048313 0.         0.         0.         0.         0.         0.         0.0139474  0.         0.         0.         0.         0.89516477 0.         0.         0.         0.         0.01463034],[0. 1. 0. 0. 1. 1. 0. 0. 1. 0. 0. 0. 1. 1. 0. 0. 0. 0. 0. 0. 1. 0. 0. 0. 0. 1. 0. 0. 0. 0. 1.],9.0,10000,30,0.6,10,1,9,,problem_solving
9600,0.02748388061233583,0.0047694652225573715,0.4,-25.922277423716476,[0.         0.017191   0.         0.         0.01244668 0.01046062 0.         0.         0.01050899 0.         0.         0.         0.01516707 0.01048313 0.         0.         0.         0.         0.         0.         0.0139474  0.         0.         0.         0.         0.89516477 0.         0.         0.         0.         0.01463034],[0. 1. 0. 0. 1. 1. 0. 0. 1. 0. 0. 0. 1. 1. 0. 0. 0. 0. 0. 0. 1. 0. 0. 0. 0. 1. 0. 0. 0. 0. 1.],9.0,10000,30,0.6,10,1,9,,problem_solving
9700,0.02748388061233583,0.0047694652225573715,0.4,18.44022664857798,[0.         0.017191   0.         0.         0.01244668 0.01046062 0.         0.         0.01050899 0.         0.         0.         0.01516707 0.01048313 0.         0.         0.         0.         0.         0.         0.0139474  0.         0.         0.         0.         0.89516477 0.         0.         0.         0.         0.01463034],[0. 1. 0. 0. 1. 1. 0. 0. 1. 0. 0. 0. 1. 1. 0. 0. 0. 0. 0. 0. 1. 0. 0. 0. 0. 1. 0. 0. 0. 0. 1.],9.0,10000,30,0.6,10,1,9,,problem_solving
9800,0.02748388061233583,0.0047694652225573715,0.4,2.955703794975867,[0.         0.017191   0.         0.         0.01244668 0.01046062 0.         0.         0.01050899 0.         0.         0.         0.01516707 0.01048313 0.         0.         0.         0.         0.         0.         0.0139474  0.         0.         0.         0.         0.89516477 0.         0.         0.         0.         0.01463034],[0. 1. 0. 0. 1. 1. 0. 0. 1. 0. 0. 0. 1. 1. 0. 0. 0. 0. 0. 0. 1. 0. 0. 0. 0. 1. 0. 0. 0. 0. 1.],9.0,10000,30,0.6,10,1,9,,problem_solving
9900,0.02748388061233583,0.0047694652225573715,0.4,-13.771120680606092,[0.         0.017191   0.         0.         0.01244668 0.01046062 0.         0.         0.01050899 0.         0.         0.         0.01516707 0.01048313 0.         0.         0.         0.         0.         0.         0.0139474  0.         0.         0.         0.         0.89516477 0.         0.         0.         0.         0.01463034],[0. 1. 0. 0. 1. 1. 0. 0. 1. 0. 0. 0. 1. 1. 0. 0. 0. 0. 0. 0. 1. 0. 0. 0. 0. 1. 0. 0. 0. 0. 1.],9.0,10000,30,0.6,10,1,9,,problem_solving
9999,0.02748388061233583,0.0047694652225573715,0.4,12.359277182190695,[0.         0.017191   0.         0.         0.01244668 0.01046062 0.         0.         0.01050899 0.         0.         0.         0.01516707 0.01048313 0.         0.         0.         0.         0.         0.         0.0139474  0.         0.         0.         0.         0.89516477 0.         0.         0.         0.         0.01463034],[0. 1. 0. 0. 1. 1. 0. 0. 1. 0. 0. 0. 1. 1. 0. 0. 0. 0. 0. 0. 1. 0. 0. 0. 0. 1. 0. 0. 0. 0. 1.],9.0,10000,30,0.6,10,1,9,,problem_solving
