iter,cost,return,par,move,X,Z,Q,max_iter,mem_size,mem_consider,sigma,port_n,k,seed,tag
1,0.14688909634584854,0.0036312494490255494,0.4,-3.998934571600527,[0.         0.         0.         0.         0.91832678 0.01659335 0.         0.         0.01590005 0.         0.         0.         0.         0.         0.         0.         0.01487615 0.         0.         0.         0.         0.         0.         0.         0.         0.01966183 0.         0.01464184 0.         0.         0.        ],[0. 0. 0. 0. 1. 1. 0. 0. 1. 0. 0. 0. 0. 0. 0. 0. 1. 0. 0. 0. 0. 0. 0. 0. 0. 1. 0. 1. 0. 0. 0.],6.0,10000,30,0.6,10,1,6,,problem_solving
100,0.050801615523135606,0.002125838962833906,0.4,1.0814755154655893,[0.         0.         0.01124288 0.         0.01843067 0.         0.         0.         0.024363   0.         0.         0.         0.         0.         0.         0.         0.         0.         0.         0.         0.         0.         0.02351433 0.         0.         0.01087255 0.         0.91157657 0.         0.         0.        ],[0. 0. 1. 0. 1. 0. 0. 0. 1. 0. 0. 0. 0. 0. 0. 0. 0. 0. 0. 0. 0. 0. 1. 0. 0. 1. 0. 1. 0. 0. 0.],6.0,10000,30,0.6,10,1,6,,problem_solving
200,0.027232486580530967,0.010171925220521265,0.4,4.048764644225394,[0.         0.         0.         0.         0.         0.         0.         0.         0.02319043 0.         0.         0.         0.         0.         0.01418306 0.02209382 0.01087988 0.         0.         0.         0.         0.         0.         0.         0.         0.         0.         0.90703439 0.         0.02261841 0.        ],[0. 0. 0. 0. 0. 0. 0. 0. 1. 0. 0. 0. 0. 0. 1. 1. 1. 0. 0. 0. 0. 0. 0. 0. 0. 0. 0. 1. 0. 1. 0.],6.0,10000,30,0.6,10,1,6,,problem_solving
300,0.027232486580530967,0.010171925220521265,0.4,-2.6048527764726637,[0.         0.         0.         0.         0.         0.         0.         0.         0.02319043 0.         0.         0.         0.         0.         0.01418306 0.02209382 0.01087988 0.         0.         0.         0.         0.         0.         0.         0.         0.         0.         0.90703439 0.         0.02261841 0.        ],[0. 0. 0. 0. 0. 0. 0. 0. 1. 0. 0. 0. 0. 0. 1. 1. 1. 0. 0. 0. 0. 0. 0. 0. 0. 0. 0. 1. 0. 1. 0.],6.0,10000,30,0.6,10,1,6,,problem_solving
400,0.027232486580530967,0.010171925220521265,0.4,-6.467526596385151,[0.         0.         0.         0.         0.         0.         0.         0.         0.02319043 0.         0.         0.         0.         0.         0.01418306 0.02209382 0.01087988 0.         0.         0.         0.         0.         0.         0.         0.         0.         0.         0.90703439 0.         0.02261841 0.        ],[0. 0. 0. 0. 0. 0. 0. 0. 1. 0. 0. 0. 0. 0. 1. 1. 1. 0. 0. 0. 0. 0. 0. 0. 0. 0. 0. 1. 0. 1. 0.],6.0,10000,30,0.6,10,1,6,,problem_solving
500,0.027232486580530967,0.010171925220521265,0.4,8.205452736693159,[0.         0.         0.         0.         0.         0.         0.         0.         0.02319043 0.         0.         0.         0.         0.         0.01418306 0.02209382 0.01087988 0.         0.         0.         0.         0.         0.         0.         0.         0.         0.         0.90703439 0.         0.02261841 0.        ],[0. 0. 0. 0. 0. 0. 0. 0. 1. 0. 0. 0. 0. 0. 1. 1. 1. 0. 0. 0. 0. 0. 0. 0. 0. 0. 0. 1. 0. 1. 0.],6.0,10000,30,0.6,10,1,6,,problem_solving
600,0.027232486580530967,0.010171925220521265,0.4,-3.1507327079062417,[0.         0.         0.         0.         0.         0.         0.         0.         0.02319043 0.         0.         0.         0.         0.         0.01418306 0.02209382 0.01087988 0.         0.         0.         0.         0.         0.         0.         0.         0.         0.         0.90703439 0.         0.02261841 0.        ],[0. 0. 0. 0. 0. 0. 0. 0. 1. 0. 0. 0. 0. 0. 1. 1. 1. 0. 0. 0. 0. 0. 0. 0. 0. 0. 0. 1. 0. 1. 0.],6.0,10000,30,0.6,10,1,6,,problem_solving
700,0.027232486580530967,0.010171925220521265,0.4,4.37203476354108,[0.         0.         0.         0.         0.         0.         0.         0.         0.02319043 0.         0.         0.         0.         0.         0.01418306 0.02209382 0.01087988 0.         0.         0.         0.         0.         0.         0.         0.         0.         0.         0.90703439 0.         0.02261841 0.        ],[0. 0. 0. 0. 0. 0. 0. 0. 1. 0. 0. 0. 0. 0. 1. 1. 1. 0. 0. 0. 0. 0. 0. 0. 0. 0. 0. 1. 0. 1. 0.],6.0,10000,30,0.6,10,1,6,,problem_solving
800,0.02686086231801803,0.002462773342182594,0.4,-4.568011069055329,[0.         0.         0.         0.         0.         0.         0.         0.         0.         0.         0.         0.         0.         0.0315111  0.         0.         0.02074342 0.         0.         0.         0.         0.0112436  0.         0.         0.01159242 0.02782232 0.         0.89708714 0.         0.         0.        ],[0. 0. 0. 0. 0. 0. 0. 0. 0. 0. 0. 0. 0. 1. 0. 0. 1. 0. 0. 0. 0. 1. 0. 0. 1. 1. 0. 1. 0. 0. 0.],6.0,10000,30,0.6,10,1,6,,problem_solving
900,0.02396757009909342,0.00475356528668201,0.4,6.987767058240978,[0.0112223  0.         0.         0.         0.         0.         0.         0.         0.02449819 0.02490728 0.         0.         0.         0.01274379 0.         0.         0.         0.         0.         0.         0.         0.         0.01844444 0.         0.         0.90818399 0.         0.         0.         0.         0.        ],[1. 0. 0. 0. 0. 0. 0. 0. 1. 1. 0. 0. 0. 1. 0. 0. 0. 0. 0. 0. 0. 0. 1. 0. 0. 1. 0. 0. 0. 0. 0.],6.0,10000,30,0.6,10,1,6,,problem_solving
1000,0.02396757009909342,0.00475356528668201,0.4,-3.8418668370863243,[0.0112223  0.         0.         0.         0.         0.         0.         0.         0.02449819 0.02490728 0.         0.         0.         0.01274379 0.         0.         0.         0.         0.         0.         0.         0.         0.01844444 0.         0.         0.90818399 0.         0.         0.         0.         0.        ],[1. 0. 0. 0. 0. 0. 0. 0. 1. 1. 0. 0. 0. 1. 0. 0. 0. 0. 0. 0. 0. 0. 1. 0. 0. 1. 0. 0. 0. 0. 0.],6.0,10000,30,0.6,10,1,6,,problem_solving
1100,0.02396757009909342,0.00475356528668201,0.4,-10.606038921736157,[0.0112223  0.         0.         0.         0.         0.         0.         0.         0.02449819 0.02490728 0.         0.         0.         0.01274379 0.         0.         0.         0.         0.         0.         0.         0.         0.01844444 0.         0.         0.90818399 0.         0.         0.         0.         0.        ],[1. 0. 0. 0. 0. 0. 0. 0. 1. 1. 0. 0. 0. 1. 0. 0. 0. 0. 0. 0. 0. 0. 1. 0. 0. 1. 0. 0. 0. 0. 0.],6.0,10000,30,0.6,10,1,6,,problem_solving
1200,0.02396757009909342,0.00475356528668201,0.4,1.2743162820734943,[0.0112223  0.         0.         0.         0.         0.         0.         0.         0.02449819 0.02490728 0.         0.         0.         0.01274379 0.         0.         0.         0.         0.         0.         0.         0.         0.01844444 0.         0.         0.90818399 0.         0.         0.         0.         0.        ],[1. 0. 0. 0. 0. 0. 0. 0. 1. 1. 0. 0. 0. 1. 0. 0. 0. 0. 0. 0. 0. 0. 1. 0. 0. 1. 0. 0. 0. 0. 0.],6.0,10000,30,0.6,10,1,6,,problem_solving
1300,0.02396757009909342,0.00475356528668201,0.4,6.319843233350719,[0.0112223  0.         0.         0.         0.         0.         0.         0.         0.02449819 0.02490728 0.         0.         0.         0.01274379 0.         0.         0.         0.         0.         0.         0.         0.         0.01844444 0.         0.         0.90818399 0.         0.         0.         0.         0.        ],[1. 0. 0. 0. 0. 0. 0. 0. 1. 1. 0. 0. 0. 1. 0. 0. 0. 0. 0. 0. 0. 0. 1. 0. 0. 1. 0. 0. 0. 0. 0.],6.0,10000,30,0.6,10,1,6,,problem_solving
1400,0.019816710863648265,0.010252603888043967,0.4,-8.535645932589057,[0.         0.         0.         0.         0.91832678 0.01659335 0.         0.         0.01590005 0.         0.         0.         0.         0.         0.         0.         0.01487615 0.         0.         0.         0.         0.         0.         0.         0.         0.01966183 0.         0.01464184 0.         0.         0.        ],[0. 0. 0. 0. 1. 1. 0. 0. 1. 0. 0. 0. 0. 0. 0. 0. 1. 0. 0. 0. 0. 0. 0. 0. 0. 1. 0. 1. 0. 0. 0.],6.0,10000,30,0.6,10,1,6,,problem_solving
1500,0.019816710863648265,0.010252603888043967,0.4,-8.853335206537755,[0.         0.         0.         0.         0.91832678 0.01659335 0.         0.         0.01590005 0.         0.         0.         0.         0.         0.         0.         0.01487615 0.         0.         0.         0.         0.         0.         0.         0.         0.01966183 0.         0.01464184 0.         0.         0.        ],[0. 0. 0. 0. 1. 1. 0. 0. 1. 0. 0. 0. 0. 0. 0. 0. 1. 0. 0. 0. 0. 0. 0. 0. 0. 1. 0. 1. 0. 0. 0.],6.0,10000,30,0.6,10,1,6,,problem_solving
1600,0.019816710863648265,0.010252603888043967,0.4,-14.655492712559905,[0.         0.         0.         0.         0.91832678 0.01659335 0.         0.         0.01590005 0.         0.         0.         0.         0.         0.         0.         0.01487615 0.         0.         0.         0.         0.         0.         0.         0.         0.01966183 0.         0.01464184 0.         0.         0.        ],[0. 0. 0. 0. 1. 1. 0. 0. 1. 0. 0. 0. 0. 0. 0. 0. 1. 0. 0. 0. 0. 0. 0. 0. 0. 1. 0. 1. 0. 0. 0.],6.0,10000,30,0.6,10,1,6,,problem_solving
1700,0.019816710863648265,0.010252603888043967,0.4,-7.0499958889964445,[0.         0.         0.         0.         0.91832678 0.01659335 0.         0.         0.01590005 0.         0.         0.         0.         0.         0.         0.         0.01487615 0.         0.         0.         0.         0.         0.         0.         0.         0.01966183 0.         0.01464184 0.         0.         0.        ],[0. 0. 0. 0. 1. 1. 0. 0. 1. 0. 0. 0. 0. 0. 0. 0. 1. 0. 0. 0. 0. 0. 0. 0. 0. 1. 0. 1. 0. 0. 0.],6.0,10000,30,0.6,10,1,6,,problem_solving
1800,0.019816710863648265,0.010252603888043967,0.4,19.89348722837186,[0.         0.         0.         0.         0.91832678 0.01659335 0.         0.         0.01590005 0.         0.         0.         0.         0.         0.         0.         0.01487615 0.         0.         0.         0.         0.         0.         0.         0.         0.01966183 0.         0.01464184 0.         0.         0.        ],[0. 0. 0. 0. 1. 1. 0. 0. 1. 0. 0. 0. 0. 0. 0. 0. 1. 0. 0. 0. 0. 0. 0. 0. 0. 1. 0. 1. 0. 0. 0.],6.0,10000,30,0.6,10,1,6,,problem_solving
1900,0.019816710863648265,0.010252603888043967,0.4,-3.0937946742807827,[0.         0.         0.         0.         0.91832678 0.01659335 0.         0.         0.01590005 0.         0.         0.         0.         0.         0.         0.         0.01487615 0.         0.         0.         0.         0.         0.         0.         0.         0.01966183 0.         0.01464184 0.         0.         0.        ],[0. 0. 0. 0. 1. 1. 0. 0. 1. 0. 0. 0. 0. 0. 0. 0. 1. 0. 0. 0. 0. 0. 0. 0. 0. 1. 0. 1. 0. 0. 0.],6.0,10000,30,0.6,10,1,6,,problem_solving
2000,0.019816710863648265,0.010252603888043967,0.4,6.823404805386513,[0.         0.         0.         0.         0.91832678 0.01659335 0.         0.         0.01590005 0.         0.         0.         0.         0.         0.         0.         0.01487615 0.         0.         0.         0.         0.         0.         0.         0.         0.01966183 0.         0.01464184 0.         0.         0.        ],[0. 0. 0. 0. 1. 1. 0. 0. 1. 0. 0. 0. 0. 0. 0. 0. 1. 0. 0. 0. 0. 0. 0. 0. 0. 1. 0. 1. 0. 0. 0.],6.0,10000,30,0.6,10,1,6,,problem_solving
2100,0.019816710863648265,0.010252603888043967,0.4,-5.5615293144626,[0.         0.         0.         0.         0.91832678 0.01659335 0.         0.         0.01590005 0.         0.         0.         0.         0.         0.         0.         0.01487615 0.         0.         0.         0.         0.         0.         0.         0.         0.01966183 0.         0.01464184 0.         0.         0.        ],[0. 0. 0. 0. 1. 1. 0. 0. 1. 0. 0. 0. 0. 0. 0. 0. 1. 0. 0. 0. 0. 0. 0. 0. 0. 1. 0. 1. 0. 0. 0.],6.0,10000,30,0.6,10,1,6,,problem_solving
2200,0.019816710863648265,0.010252603888043967,0.4,1.2475396805578014,[0.         0.         0.         0.         0.91832678 0.01659335 0.         0.         0.01590005 0.         0.         0.         0.         0.         0.         0.         0.01487615 0.         0.         0.         0.         0.         0.         0.         0.         0.01966183 0.         0.01464184 0.         0.         0.        ],[0. 0. 0. 0. 1. 1. 0. 0. 1. 0. 0. 0. 0. 0. 0. 0. 1. 0. 0. 0. 0. 0. 0. 0. 0. 1. 0. 1. 0. 0. 0.],6.0,10000,30,0.6,10,1,6,,problem_solving
2300,0.019816710863648265,0.010252603888043967,0.4,-10.235258839989182,[0.         0.         0.         0.         0.91832678 0.01659335 0.         0.         0.01590005 0.         0.         0.         0.         0.         0.         0.         0.01487615 0.         0.         0.         0.         0.         0.         0.         0.         0.01966183 0.         0.01464184 0.         0.         0.        ],[0. 0. 0. 0. 1. 1. 0. 0. 1. 0. 0. 0. 0. 0. 0. 0. 1. 0. 0. 0. 0. 0. 0. 0. 0. 1. 0. 1. 0. 0. 0.],6.0,10000,30,0.6,10,1,6,,problem_solving
2400,0.019816710863648265,0.010252603888043967,0.4,8.615039726229798,[0.         0.         0.         0.         0.91832678 0.01659335 0.         0.         0.01590005 0.         0.         0.         0.         0.         0.         0.         0.01487615 0.         0.         0.         0.         0.         0.         0.         0.         0.01966183 0.         0.01464184 0.         0.         0.        ],[0. 0. 0. 0. 1. 1. 0. 0. 1. 0. 0. 0. 0. 0. 0. 0. 1. 0. 0. 0. 0. 0. 0. 0. 0. 1. 0. 1. 0. 0. 0.],6.0,10000,30,0.6,10,1,6,,problem_solving
2500,0.019816710863648265,0.010252603888043967,0.4,12.005497030529128,[0.         0.         0.         0.         0.91832678 0.01659335 0.         0.         0.01590005 0.         0.         0.         0.         0.         0.         0.         0.01487615 0.         0.         0.         0.         0.         0.         0.         0.         0.01966183 0.         0.01464184 0.         0.         0.        ],[0. 0. 0. 0. 1. 1. 0. 0. 1. 0. 0. 0. 0. 0. 0. 0. 1. 0. 0. 0. 0. 0. 0. 0. 0. 1. 0. 1. 0. 0. 0.],6.0,10000,30,0.6,10,1,6,,problem_solving
2600,0.019816710863648265,0.010252603888043967,0.4,-6.808763349298569,[0.         0.         0.         0.         0.91832678 0.01659335 0.         0.         0.01590005 0.         0.         0.         0.         0.         0.         0.         0.01487615 0.         0.         0.         0.         0.         0.         0.         0.         0.01966183 0.         0.01464184 0.         0.         0.        ],[0. 0. 0. 0. 1. 1. 0. 0. 1. 0. 0. 0. 0. 0. 0. 0. 1. 0. 0. 0. 0. 0. 0. 0. 0. 1. 0. 1. 0. 0. 0.],6.0,10000,30,0.6,10,1,6,,problem_solving
2700,0.019816710863648265,0.010252603888043967,0.4,-24.809036002638464,[0.         0.         0.         0.         0.91832678 0.01659335 0.         0.         0.01590005 0.         0.         0.         0.         0.         0.         0.         0.01487615 0.         0.         0.         0.         0.         0.         0.         0.         0.01966183 0.         0.01464184 0.         0.         0.        ],[0. 0. 0. 0. 1. 1. 0. 0. 1. 0. 0. 0. 0. 0. 0. 0. 1. 0. 0. 0. 0. 0. 0. 0. 0. 1. 0. 1. 0. 0. 0.],6.0,10000,30,0.6,10,1,6,,problem_solving
2800,0.019816710863648265,0.010252603888043967,0.4,-15.732901776494932,[0.         0.         0.         0.         0.91832678 0.01659335 0.         0.         0.01590005 0.         0.         0.         0.         0.         0.         0.         0.01487615 0.         0.         0.         0.         0.         0.         0.         0.         0.01966183 0.         0.01464184 0.         0.         0.        ],[0. 0. 0. 0. 1. 1. 0. 0. 1. 0. 0. 0. 0. 0. 0. 0. 1. 0. 0. 0. 0. 0. 0. 0. 0. 1. 0. 1. 0. 0. 0.],6.0,10000,30,0.6,10,1,6,,problem_solving
2900,0.019816710863648265,0.010252603888043967,0.4,7.4523169669342515,[0.         0.         0.         0.         0.91832678 0.01659335 0.         0.         0.01590005 0.         0.         0.         0.         0.         0.         0.         0.01487615 0.         0.         0.         0.         0.         0.         0.         0.         0.01966183 0.         0.01464184 0.         0.         0.        ],[0. 0. 0. 0. 1. 1. 0. 0. 1. 0. 0. 0. 0. 0. 0. 0. 1. 0. 0. 0. 0. 0. 0. 0. 0. 1. 0. 1. 0. 0. 0.],6.0,10000,30,0.6,10,1,6,,problem_solving
3000,0.019816710863648265,0.010252603888043967,0.4,-10.773833653706372,[0.         0.         0.         0.         0.91832678 0.01659335 0.         0.         0.01590005 0.         0.         0.         0.         0.         0.         0.         0.01487615 0.         0.         0.         0.         0.         0.         0.         0.         0.01966183 0.         0.01464184 0.         0.         0.        ],[0. 0. 0. 0. 1. 1. 0. 0. 1. 0. 0. 0. 0. 0. 0. 0. 1. 0. 0. 0. 0. 0. 0. 0. 0. 1. 0. 1. 0. 0. 0.],6.0,10000,30,0.6,10,1,6,,problem_solving
3100,0.019816710863648265,0.010252603888043967,0.4,-0.15528920069522353,[0.         0.         0.         0.         0.91832678 0.01659335 0.         0.         0.01590005 0.         0.         0.         0.         0.         0.         0.         0.01487615 0.         0.         0.         0.         0.         0.         0.         0.         0.01966183 0.         0.01464184 0.         0.         0.        ],[0. 0. 0. 0. 1. 1. 0. 0. 1. 0. 0. 0. 0. 0. 0. 0. 1. 0. 0. 0. 0. 0. 0. 0. 0. 1. 0. 1. 0. 0. 0.],6.0,10000,30,0.6,10,1,6,,problem_solving
3200,0.019816710863648265,0.010252603888043967,0.4,-12.792621573771248,[0.         0.         0.         0.         0.91832678 0.01659335 0.         0.         0.01590005 0.         0.         0.         0.         0.         0.         0.         0.01487615 0.         0.         0.         0.         0.         0.         0.         0.         0.01966183 0.         0.01464184 0.         0.         0.        ],[0. 0. 0. 0. 1. 1. 0. 0. 1. 0. 0. 0. 0. 0. 0. 0. 1. 0. 0. 0. 0. 0. 0. 0. 0. 1. 0. 1. 0. 0. 0.],6.0,10000,30,0.6,10,1,6,,problem_solving
3300,0.019816710863648265,0.010252603888043967,0.4,-12.908187823652232,[0.         0.         0.         0.         0.91832678 0.01659335 0.         0.         0.01590005 0.         0.         0.         0.         0.         0.         0.         0.01487615 0.         0.         0.         0.         0.         0.         0.         0.         0.01966183 0.         0.01464184 0.         0.         0.        ],[0. 0. 0. 0. 1. 1. 0. 0. 1. 0. 0. 0. 0. 0. 0. 0. 1. 0. 0. 0. 0. 0. 0. 0. 0. 1. 0. 1. 0. 0. 0.],6.0,10000,30,0.6,10,1,6,,problem_solving
3400,0.019816710863648265,0.010252603888043967,0.4,-10.088633578013031,[0.         0.         0.         0.         0.91832678 0.01659335 0.         0.         0.01590005 0.         0.         0.         0.         0.         0.         0.         0.01487615 0.         0.         0.         0.         0.         0.         0.         0.         0.01966183 0.         0.01464184 0.         0.         0.        ],[0. 0. 0. 0. 1. 1. 0. 0. 1. 0. 0. 0. 0. 0. 0. 0. 1. 0. 0. 0. 0. 0. 0. 0. 0. 1. 0. 1. 0. 0. 0.],6.0,10000,30,0.6,10,1,6,,problem_solving
3500,0.019816710863648265,0.010252603888043967,0.4,0.7757904613855976,[0.         0.         0.         0.         0.91832678 0.01659335 0.         0.         0.01590005 0.         0.         0.         0.         0.         0.         0.         0.01487615 0.         0.         0.         0.         0.         0.         0.         0.         0.01966183 0.         0.01464184 0.         0.         0.        ],[0. 0. 0. 0. 1. 1. 0. 0. 1. 0. 0. 0. 0. 0. 0. 0. 1. 0. 0. 0. 0. 0. 0. 0. 0. 1. 0. 1. 0. 0. 0.],6.0,10000,30,0.6,10,1,6,,problem_solving
3600,0.019816710863648265,0.010252603888043967,0.4,1.4574946548483525,[0.         0.         0.         0.         0.91832678 0.01659335 0.         0.         0.01590005 0.         0.         0.         0.         0.         0.         0.         0.01487615 0.         0.         0.         0.         0.         0.         0.         0.         0.01966183 0.         0.01464184 0.         0.         0.        ],[0. 0. 0. 0. 1. 1. 0. 0. 1. 0. 0. 0. 0. 0. 0. 0. 1. 0. 0. 0. 0. 0. 0. 0. 0. 1. 0. 1. 0. 0. 0.],6.0,10000,30,0.6,10,1,6,,problem_solving
3700,0.019816710863648265,0.010252603888043967,0.4,-1.5294450909639912,[0.         0.         0.         0.         0.91832678 0.01659335 0.         0.         0.01590005 0.         0.         0.         0.         0.         0.         0.         0.01487615 0.         0.         0.         0.         0.         0.         0.         0.         0.01966183 0.         0.01464184 0.         0.         0.        ],[0. 0. 0. 0. 1. 1. 0. 0. 1. 0. 0. 0. 0. 0. 0. 0. 1. 0. 0. 0. 0. 0. 0. 0. 0. 1. 0. 1. 0. 0. 0.],6.0,10000,30,0.6,10,1,6,,problem_solving
3800,0.019816710863648265,0.010252603888043967,0.4,7.460802046808145,[0.         0.         0.         0.         0.91832678 0.01659335 0.         0.         0.01590005 0.         0.         0.         0.         0.         0.         0.         0.01487615 0.         0.         0.         0.         0.         0.         0.         0.         0.01966183 0.         0.01464184 0.         0.         0.        ],[0. 0. 0. 0. 1. 1. 0. 0. 1. 0. 0. 0. 0. 0. 0. 0. 1. 0. 0. 0. 0. 0. 0. 0. 0. 1. 0. 1. 0. 0. 0.],6.0,10000,30,0.6,10,1,6,,problem_solving
3900,0.019816710863648265,0.010252603888043967,0.4,-4.411295408572532,[0.         0.         0.         0.         0.91832678 0.01659335 0.         0.         0.01590005 0.         0.         0.         0.         0.         0.         0.         0.01487615 0.         0.         0.         0.         0.         0.         0.         0.         0.01966183 0.         0.01464184 0.         0.         0.        ],[0. 0. 0. 0. 1. 1. 0. 0. 1. 0. 0. 0. 0. 0. 0. 0. 1. 0. 0. 0. 0. 0. 0. 0. 0. 1. 0. 1. 0. 0. 0.],6.0,10000,30,0.6,10,1,6,,problem_solving
4000,0.019816710863648265,0.010252603888043967,0.4,11.957677114135324,[0.         0.         0.         0.         0.91832678 0.01659335 0.         0.         0.01590005 0.         0.         0.         0.         0.         0.         0.         0.01487615 0.         0.         0.         0.         0.         0.         0.         0.         0.01966183 0.         0.01464184 0.         0.         0.        ],[0. 0. 0. 0. 1. 1. 0. 0. 1. 0. 0. 0. 0. 0. 0. 0. 1. 0. 0. 0. 0. 0. 0. 0. 0. 1. 0. 1. 0. 0. 0.],6.0,10000,30,0.6,10,1,6,,problem_solving
4100,0.019816710863648265,0.010252603888043967,0.4,-12.59480757199074,[0.         0.         0.         0.         0.91832678 0.01659335 0.         0.         0.01590005 0.         0.         0.         0.         0.         0.         0.         0.01487615 0.         0.         0.         0.         0.         0.         0.         0.         0.01966183 0.         0.01464184 0.         0.         0.        ],[0. 0. 0. 0. 1. 1. 0. 0. 1. 0. 0. 0. 0. 0. 0. 0. 1. 0. 0. 0. 0. 0. 0. 0. 0. 1. 0. 1. 0. 0. 0.],6.0,10000,30,0.6,10,1,6,,problem_solving
4200,0.019816710863648265,0.010252603888043967,0.4,-4.000348849276164,[0.         0.         0.         0.         0.91832678 0.01659335 0.         0.         0.01590005 0.         0.         0.         0.         0.         0.         0.         0.01487615 0.         0.         0.         0.         0.         0.         0.         0.         0.01966183 0.         0.01464184 0.         0.         0.        ],[0. 0. 0. 0. 1. 1. 0. 0. 1. 0. 0. 0. 0. 0. 0. 0. 1. 0. 0. 0. 0. 0. 0. 0. 0. 1. 0. 1. 0. 0. 0.],6.0,10000,30,0.6,10,1,6,,problem_solving
4300,0.019816710863648265,0.010252603888043967,0.4,3.090054951100001,[0.         0.         0.         0.         0.91832678 0.01659335 0.         0.         0.01590005 0.         0.         0.         0.         0.         0.         0.         0.01487615 0.         0.         0.         0.         0.         0.         0.         0.         0.01966183 0.         0.01464184 0.         0.         0.        ],[0. 0. 0. 0. 1. 1. 0. 0. 1. 0. 0. 0. 0. 0. 0. 0. 1. 0. 0. 0. 0. 0. 0. 0. 0. 1. 0. 1. 0. 0. 0.],6.0,10000,30,0.6,10,1,6,,problem_solving
4400,0.019816710863648265,0.010252603888043967,0.4,25.837392046132045,[0.         0.         0.         0.         0.91832678 0.01659335 0.         0.         0.01590005 0.         0.         0.         0.         0.         0.         0.         0.01487615 0.         0.         0.         0.         0.         0.         0.         0.         0.01966183 0.         0.01464184 0.         0.         0.        ],[0. 0. 0. 0. 1. 1. 0. 0. 1. 0. 0. 0. 0. 0. 0. 0. 1. 0. 0. 0. 0. 0. 0. 0. 0. 1. 0. 1. 0. 0. 0.],6.0,10000,30,0.6,10,1,6,,problem_solving
4500,0.019816710863648265,0.010252603888043967,0.4,-4.30427026014103,[0.         0.         0.         0.         0.91832678 0.01659335 0.         0.         0.01590005 0.         0.         0.         0.         0.         0.         0.         0.01487615 0.         0.         0.         0.         0.         0.         0.         0.         0.01966183 0.         0.01464184 0.         0.         0.        ],[0. 0. 0. 0. 1. 1. 0. 0. 1. 0. 0. 0. 0. 0. 0. 0. 1. 0. 0. 0. 0. 0. 0. 0. 0. 1. 0. 1. 0. 0. 0.],6.0,10000,30,0.6,10,1,6,,problem_solving
4600,0.019816710863648265,0.010252603888043967,0.4,1.1021793573340422,[0.         0.         0.         0.         0.91832678 0.01659335 0.         0.         0.01590005 0.         0.         0.         0.         0.         0.         0.         0.01487615 0.         0.         0.         0.         0.         0.         0.         0.         0.01966183 0.         0.01464184 0.         0.         0.        ],[0. 0. 0. 0. 1. 1. 0. 0. 1. 0. 0. 0. 0. 0. 0. 0. 1. 0. 0. 0. 0. 0. 0. 0. 0. 1. 0. 1. 0. 0. 0.],6.0,10000,30,0.6,10,1,6,,problem_solving
4700,0.019816710863648265,0.010252603888043967,0.4,17.365668215831278,[0.         0.         0.         0.         0.91832678 0.01659335 0.         0.         0.01590005 0.         0.         0.         0.         0.         0.         0.         0.01487615 0.         0.         0.         0.         0.         0.         0.         0.         0.01966183 0.         0.01464184 0.         0.         0.        ],[0. 0. 0. 0. 1. 1. 0. 0. 1. 0. 0. 0. 0. 0. 0. 0. 1. 0. 0. 0. 0. 0. 0. 0. 0. 1. 0. 1. 0. 0. 0.],6.0,10000,30,0.6,10,1,6,,problem_solving
4800,0.019816710863648265,0.010252603888043967,0.4,-4.25690935183589,[0.         0.         0.         0.         0.91832678 0.01659335 0.         0.         0.01590005 0.         0.         0.         0.         0.         0.         0.         0.01487615 0.         0.         0.         0.         0.         0.         0.         0.         0.01966183 0.         0.01464184 0.         0.         0.        ],[0. 0. 0. 0. 1. 1. 0. 0. 1. 0. 0. 0. 0. 0. 0. 0. 1. 0. 0. 0. 0. 0. 0. 0. 0. 1. 0. 1. 0. 0. 0.],6.0,10000,30,0.6,10,1,6,,problem_solving
4900,0.019816710863648265,0.010252603888043967,0.4,-8.019297957013421,[0.         0.         0.         0.         0.91832678 0.01659335 0.         0.         0.01590005 0.         0.         0.         0.         0.         0.         0.         0.01487615 0.         0.         0.         0.         0.         0.         0.         0.         0.01966183 0.         0.01464184 0.         0.         0.        ],[0. 0. 0. 0. 1. 1. 0. 0. 1. 0. 0. 0. 0. 0. 0. 0. 1. 0. 0. 0. 0. 0. 0. 0. 0. 1. 0. 1. 0. 0. 0.],6.0,10000,30,0.6,10,1,6,,problem_solving
5000,0.019816710863648265,0.010252603888043967,0.4,-11.505429256342945,[0.         0.         0.         0.         0.91832678 0.01659335 0.         0.         0.01590005 0.         0.         0.         0.         0.         0.         0.         0.01487615 0.         0.         0.         0.         0.         0.         0.         0.         0.01966183 0.         0.01464184 0.         0.         0.        ],[0. 0. 0. 0. 1. 1. 0. 0. 1. 0. 0. 0. 0. 0. 0. 0. 1. 0. 0. 0. 0. 0. 0. 0. 0. 1. 0. 1. 0. 0. 0.],6.0,10000,30,0.6,10,1,6,,problem_solving
5100,0.019816710863648265,0.010252603888043967,0.4,-15.177165148925829,[0.         0.         0.         0.         0.91832678 0.01659335 0.         0.         0.01590005 0.         0.         0.         0.         0.         0.         0.         0.01487615 0.         0.         0.         0.         0.         0.         0.         0.         0.01966183 0.         0.01464184 0.         0.         0.        ],[0. 0. 0. 0. 1. 1. 0. 0. 1. 0. 0. 0. 0. 0. 0. 0. 1. 0. 0. 0. 0. 0. 0. 0. 0. 1. 0. 1. 0. 0. 0.],6.0,10000,30,0.6,10,1,6,,problem_solving
5200,0.019816710863648265,0.010252603888043967,0.4,-21.805089181530015,[0.         0.         0.         0.         0.91832678 0.01659335 0.         0.         0.01590005 0.         0.         0.         0.         0.         0.         0.         0.01487615 0.         0.         0.         0.         0.         0.         0.         0.         0.01966183 0.         0.01464184 0.         0.         0.        ],[0. 0. 0. 0. 1. 1. 0. 0. 1. 0. 0. 0. 0. 0. 0. 0. 1. 0. 0. 0. 0. 0. 0. 0. 0. 1. 0. 1. 0. 0. 0.],6.0,10000,30,0.6,10,1,6,,problem_solving
5300,0.019816710863648265,0.010252603888043967,0.4,-4.48396764860415,[0.         0.         0.         0.         0.91832678 0.01659335 0.         0.         0.01590005 0.         0.         0.         0.         0.         0.         0.         0.01487615 0.         0.         0.         0.         0.         0.         0.         0.         0.01966183 0.         0.01464184 0.         0.         0.        ],[0. 0. 0. 0. 1. 1. 0. 0. 1. 0. 0. 0. 0. 0. 0. 0. 1. 0. 0. 0. 0. 0. 0. 0. 0. 1. 0. 1. 0. 0. 0.],6.0,10000,30,0.6,10,1,6,,problem_solving
5400,0.019816710863648265,0.010252603888043967,0.4,-4.477088328479214,[0.         0.         0.         0.         0.91832678 0.01659335 0.         0.         0.01590005 0.         0.         0.         0.         0.         0.         0.         0.01487615 0.         0.         0.         0.         0.         0.         0.         0.         0.01966183 0.         0.01464184 0.         0.         0.        ],[0. 0. 0. 0. 1. 1. 0. 0. 1. 0. 0. 0. 0. 0. 0. 0. 1. 0. 0. 0. 0. 0. 0. 0. 0. 1. 0. 1. 0. 0. 0.],6.0,10000,30,0.6,10,1,6,,problem_solving
5500,0.019816710863648265,0.010252603888043967,0.4,-5.78185447500346,[0.         0.         0.         0.         0.91832678 0.01659335 0.         0.         0.01590005 0.         0.         0.         0.         0.         0.         0.         0.01487615 0.         0.         0.         0.         0.         0.         0.         0.         0.01966183 0.         0.01464184 0.         0.         0.        ],[0. 0. 0. 0. 1. 1. 0. 0. 1. 0. 0. 0. 0. 0. 0. 0. 1. 0. 0. 0. 0. 0. 0. 0. 0. 1. 0. 1. 0. 0. 0.],6.0,10000,30,0.6,10,1,6,,problem_solving
5600,0.019816710863648265,0.010252603888043967,0.4,-0.34227791244716727,[0.         0.         0.         0.         0.91832678 0.01659335 0.         0.         0.01590005 0.         0.         0.         0.         0.         0.         0.         0.01487615 0.         0.         0.         0.         0.         0.         0.         0.         0.01966183 0.         0.01464184 0.         0.         0.        ],[0. 0. 0. 0. 1. 1. 0. 0. 1. 0. 0. 0. 0. 0. 0. 0. 1. 0. 0. 0. 0. 0. 0. 0. 0. 1. 0. 1. 0. 0. 0.],6.0,10000,30,0.6,10,1,6,,problem_solving
5700,0.019816710863648265,0.010252603888043967,0.4,5.320065157886912,[0.         0.         0.         0.         0.91832678 0.01659335 0.         0.         0.01590005 0.         0.         0.         0.         0.         0.         0.         0.01487615 0.         0.         0.         0.         0.         0.         0.         0.         0.01966183 0.         0.01464184 0.         0.         0.        ],[0. 0. 0. 0. 1. 1. 0. 0. 1. 0. 0. 0. 0. 0. 0. 0. 1. 0. 0. 0. 0. 0. 0. 0. 0. 1. 0. 1. 0. 0. 0.],6.0,10000,30,0.6,10,1,6,,problem_solving
5800,0.017993792049853543,0.0024918222572411267,0.4,-5.293414779797026,[0.         0.         0.01167548 0.         0.01851983 0.         0.         0.         0.         0.         0.         0.         0.         0.         0.         0.         0.         0.01980269 0.         0.         0.         0.         0.         0.         0.         0.02062996 0.         0.9111952  0.         0.01817684 0.        ],[0. 0. 1. 0. 1. 0. 0. 0. 0. 0. 0. 0. 0. 0. 0. 0. 0. 1. 0. 0. 0. 0. 0. 0. 0. 1. 0. 1. 0. 1. 0.],6.0,10000,30,0.6,10,1,6,,problem_solving
5900,0.017993792049853543,0.0024918222572411267,0.4,8.276512108674684,[0.         0.         0.01167548 0.         0.01851983 0.         0.         0.         0.         0.         0.         0.         0.         0.         0.         0.         0.         0.01980269 0.         0.         0.         0.         0.         0.         0.         0.02062996 0.         0.9111952  0.         0.01817684 0.        ],[0. 0. 1. 0. 1. 0. 0. 0. 0. 0. 0. 0. 0. 0. 0. 0. 0. 1. 0. 0. 0. 0. 0. 0. 0. 1. 0. 1. 0. 1. 0.],6.0,10000,30,0.6,10,1,6,,problem_solving
6000,0.017993792049853543,0.0024918222572411267,0.4,16.695574005562445,[0.         0.         0.01167548 0.         0.01851983 0.         0.         0.         0.         0.         0.         0.         0.         0.         0.         0.         0.         0.01980269 0.         0.         0.         0.         0.         0.         0.         0.02062996 0.         0.9111952  0.         0.01817684 0.        ],[0. 0. 1. 0. 1. 0. 0. 0. 0. 0. 0. 0. 0. 0. 0. 0. 0. 1. 0. 0. 0. 0. 0. 0. 0. 1. 0. 1. 0. 1. 0.],6.0,10000,30,0.6,10,1,6,,problem_solving
6100,0.017993792049853543,0.0024918222572411267,0.4,-5.040191456807323,[0.         0.         0.01167548 0.         0.01851983 0.         0.         0.         0.         0.         0.         0.         0.         0.         0.         0.         0.         0.01980269 0.         0.         0.         0.         0.         0.         0.         0.02062996 0.         0.9111952  0.         0.01817684 0.        ],[0. 0. 1. 0. 1. 0. 0. 0. 0. 0. 0. 0. 0. 0. 0. 0. 0. 1. 0. 0. 0. 0. 0. 0. 0. 1. 0. 1. 0. 1. 0.],6.0,10000,30,0.6,10,1,6,,problem_solving
6200,0.017993792049853543,0.0024918222572411267,0.4,9.945534511873129,[0.         0.         0.01167548 0.         0.01851983 0.         0.         0.         0.         0.         0.         0.         0.         0.         0.         0.         0.         0.01980269 0.         0.         0.         0.         0.         0.         0.         0.02062996 0.         0.9111952  0.         0.01817684 0.        ],[0. 0. 1. 0. 1. 0. 0. 0. 0. 0. 0. 0. 0. 0. 0. 0. 0. 1. 0. 0. 0. 0. 0. 0. 0. 1. 0. 1. 0. 1. 0.],6.0,10000,30,0.6,10,1,6,,problem_solving
6300,0.017993792049853543,0.0024918222572411267,0.4,-6.557004890860199,[0.         0.         0.01167548 0.         0.01851983 0.         0.         0.         0.         0.         0.         0.         0.         0.         0.         0.         0.         0.01980269 0.         0.         0.         0.         0.         0.         0.         0.02062996 0.         0.9111952  0.         0.01817684 0.        ],[0. 0. 1. 0. 1. 0. 0. 0. 0. 0. 0. 0. 0. 0. 0. 0. 0. 1. 0. 0. 0. 0. 0. 0. 0. 1. 0. 1. 0. 1. 0.],6.0,10000,30,0.6,10,1,6,,problem_solving
6400,0.017993792049853543,0.0024918222572411267,0.4,-7.388156806435383,[0.         0.         0.01167548 0.         0.01851983 0.         0.         0.         0.         0.         0.         0.         0.         0.         0.         0.         0.         0.01980269 0.         0.         0.         0.         0.         0.         0.         0.02062996 0.         0.9111952  0.         0.01817684 0.        ],[0. 0. 1. 0. 1. 0. 0. 0. 0. 0. 0. 0. 0. 0. 0. 0. 0. 1. 0. 0. 0. 0. 0. 0. 0. 1. 0. 1. 0. 1. 0.],6.0,10000,30,0.6,10,1,6,,problem_solving
6500,0.017993792049853543,0.0024918222572411267,0.4,3.288257831464847,[0.         0.         0.01167548 0.         0.01851983 0.         0.         0.         0.         0.         0.         0.         0.         0.         0.         0.         0.         0.01980269 0.         0.         0.         0.         0.         0.         0.         0.02062996 0.         0.9111952  0.         0.01817684 0.        ],[0. 0. 1. 0. 1. 0. 0. 0. 0. 0. 0. 0. 0. 0. 0. 0. 0. 1. 0. 0. 0. 0. 0. 0. 0. 1. 0. 1. 0. 1. 0.],6.0,10000,30,0.6,10,1,6,,problem_solving
6600,0.017993792049853543,0.0024918222572411267,0.4,2.097827280129975,[0.         0.         0.01167548 0.         0.01851983 0.         0.         0.         0.         0.         0.         0.         0.         0.         0.         0.         0.         0.01980269 0.         0.         0.         0.         0.         0.         0.         0.02062996 0.         0.9111952  0.         0.01817684 0.        ],[0. 0. 1. 0. 1. 0. 0. 0. 0. 0. 0. 0. 0. 0. 0. 0. 0. 1. 0. 0. 0. 0. 0. 0. 0. 1. 0. 1. 0. 1. 0.],6.0,10000,30,0.6,10,1,6,,problem_solving
6700,0.017993792049853543,0.0024918222572411267,0.4,4.031181242587027,[0.         0.         0.01167548 0.         0.01851983 0.         0.         0.         0.         0.         0.         0.         0.         0.         0.         0.         0.         0.01980269 0.         0.         0.         0.         0.         0.         0.         0.02062996 0.         0.9111952  0.         0.01817684 0.        ],[0. 0. 1. 0. 1. 0. 0. 0. 0. 0. 0. 0. 0. 0. 0. 0. 0. 1. 0. 0. 0. 0. 0. 0. 0. 1. 0. 1. 0. 1. 0.],6.0,10000,30,0.6,10,1,6,,problem_solving
6800,0.017993792049853543,0.0024918222572411267,0.4,-11.995866359904886,[0.         0.         0.01167548 0.         0.01851983 0.         0.         0.         0.         0.         0.         0.         0.         0.         0.         0.         0.         0.01980269 0.         0.         0.         0.         0.         0.         0.         0.02062996 0.         0.9111952  0.         0.01817684 0.        ],[0. 0. 1. 0. 1. 0. 0. 0. 0. 0. 0. 0. 0. 0. 0. 0. 0. 1. 0. 0. 0. 0. 0. 0. 0. 1. 0. 1. 0. 1. 0.],6.0,10000,30,0.6,10,1,6,,problem_solving
6900,0.017993792049853543,0.0024918222572411267,0.4,-2.8582811343612424,[0.         0.         0.01167548 0.         0.01851983 0.         0.         0.         0.         0.         0.         0.         0.         0.         0.         0.         0.         0.01980269 0.         0.         0.         0.         0.         0.         0.         0.02062996 0.         0.9111952  0.         0.01817684 0.        ],[0. 0. 1. 0. 1. 0. 0. 0. 0. 0. 0. 0. 0. 0. 0. 0. 0. 1. 0. 0. 0. 0. 0. 0. 0. 1. 0. 1. 0. 1. 0.],6.0,10000,30,0.6,10,1,6,,problem_solving
7000,0.017993792049853543,0.0024918222572411267,0.4,-9.786099883700626,[0.         0.         0.01167548 0.         0.01851983 0.         0.         0.         0.         0.         0.         0.         0.         0.         0.         0.         0.         0.01980269 0.         0.         0.         0.         0.         0.         0.         0.02062996 0.         0.9111952  0.         0.01817684 0.        ],[0. 0. 1. 0. 1. 0. 0. 0. 0. 0. 0. 0. 0. 0. 0. 0. 0. 1. 0. 0. 0. 0. 0. 0. 0. 1. 0. 1. 0. 1. 0.],6.0,10000,30,0.6,10,1,6,,problem_solving
7100,0.017993792049853543,0.0024918222572411267,0.4,-22.376406401207735,[0.         0.         0.01167548 0.         0.01851983 0.         0.         0.         0.         0.         0.         0.         0.         0.         0.         0.         0.         0.01980269 0.         0.         0.         0.         0.         0.         0.         0.02062996 0.         0.9111952  0.         0.01817684 0.        ],[0. 0. 1. 0. 1. 0. 0. 0. 0. 0. 0. 0. 0. 0. 0. 0. 0. 1. 0. 0. 0. 0. 0. 0. 0. 1. 0. 1. 0. 1. 0.],6.0,10000,30,0.6,10,1,6,,problem_solving
7200,0.017993792049853543,0.0024918222572411267,0.4,10.578472245550065,[0.         0.         0.01167548 0.         0.01851983 0.         0.         0.         0.         0.         0.         0.         0.         0.         0.         0.         0.         0.01980269 0.         0.         0.         0.         0.         0.         0.         0.02062996 0.         0.9111952  0.         0.01817684 0.        ],[0. 0. 1. 0. 1. 0. 0. 0. 0. 0. 0. 0. 0. 0. 0. 0. 0. 1. 0. 0. 0. 0. 0. 0. 0. 1. 0. 1. 0. 1. 0.],6.0,10000,30,0.6,10,1,6,,problem_solving
7300,0.017993792049853543,0.0024918222572411267,0.4,3.6977802422551194,[0.         0.         0.01167548 0.         0.01851983 0.         0.         0.         0.         0.         0.         0.         0.         0.         0.         0.         0.         0.01980269 0.         0.         0.         0.         0.         0.         0.         0.02062996 0.         0.9111952  0.         0.01817684 0.        ],[0. 0. 1. 0. 1. 0. 0. 0. 0. 0. 0. 0. 0. 0. 0. 0. 0. 1. 0. 0. 0. 0. 0. 0. 0. 1. 0. 1. 0. 1. 0.],6.0,10000,30,0.6,10,1,6,,problem_solving
7400,0.017993792049853543,0.0024918222572411267,0.4,-1.8597375728989818,[0.         0.         0.01167548 0.         0.01851983 0.         0.         0.         0.         0.         0.         0.         0.         0.         0.         0.         0.         0.01980269 0.         0.         0.         0.         0.         0.         0.         0.02062996 0.         0.9111952  0.         0.01817684 0.        ],[0. 0. 1. 0. 1. 0. 0. 0. 0. 0. 0. 0. 0. 0. 0. 0. 0. 1. 0. 0. 0. 0. 0. 0. 0. 1. 0. 1. 0. 1. 0.],6.0,10000,30,0.6,10,1,6,,problem_solving
7500,0.017993792049853543,0.0024918222572411267,0.4,4.8321898092021955,[0.         0.         0.01167548 0.         0.01851983 0.         0.         0.         0.         0.         0.         0.         0.         0.         0.         0.         0.         0.01980269 0.         0.         0.         0.         0.         0.         0.         0.02062996 0.         0.9111952  0.         0.01817684 0.        ],[0. 0. 1. 0. 1. 0. 0. 0. 0. 0. 0. 0. 0. 0. 0. 0. 0. 1. 0. 0. 0. 0. 0. 0. 0. 1. 0. 1. 0. 1. 0.],6.0,10000,30,0.6,10,1,6,,problem_solving
7600,0.017993792049853543,0.0024918222572411267,0.4,-4.958078782677823,[0.         0.         0.01167548 0.         0.01851983 0.         0.         0.         0.         0.         0.         0.         0.         0.         0.         0.         0.         0.01980269 0.         0.         0.         0.         0.         0.         0.         0.02062996 0.         0.9111952  0.         0.01817684 0.        ],[0. 0. 1. 0. 1. 0. 0. 0. 0. 0. 0. 0. 0. 0. 0. 0. 0. 1. 0. 0. 0. 0. 0. 0. 0. 1. 0. 1. 0. 1. 0.],6.0,10000,30,0.6,10,1,6,,problem_solving
7700,0.017993792049853543,0.0024918222572411267,0.4,-2.742177873275993,[0.         0.         0.01167548 0.         0.01851983 0.         0.         0.         0.         0.         0.         0.         0.         0.         0.         0.         0.         0.01980269 0.         0.         0.         0.         0.         0.         0.         0.02062996 0.         0.9111952  0.         0.01817684 0.        ],[0. 0. 1. 0. 1. 0. 0. 0. 0. 0. 0. 0. 0. 0. 0. 0. 0. 1. 0. 0. 0. 0. 0. 0. 0. 1. 0. 1. 0. 1. 0.],6.0,10000,30,0.6,10,1,6,,problem_solving
7800,0.017993792049853543,0.0024918222572411267,0.4,11.140735175507576,[0.         0.         0.01167548 0.         0.01851983 0.         0.         0.         0.         0.         0.         0.         0.         0.         0.         0.         0.         0.01980269 0.         0.         0.         0.         0.         0.         0.         0.02062996 0.         0.9111952  0.         0.01817684 0.        ],[0. 0. 1. 0. 1. 0. 0. 0. 0. 0. 0. 0. 0. 0. 0. 0. 0. 1. 0. 0. 0. 0. 0. 0. 0. 1. 0. 1. 0. 1. 0.],6.0,10000,30,0.6,10,1,6,,problem_solving
7900,0.017993792049853543,0.0024918222572411267,0.4,-13.229112667947295,[0.         0.         0.01167548 0.         0.01851983 0.         0.         0.         0.         0.         0.         0.         0.         0.         0.         0.         0.         0.01980269 0.         0.         0.         0.         0.         0.         0.         0.02062996 0.         0.9111952  0.         0.01817684 0.        ],[0. 0. 1. 0. 1. 0. 0. 0. 0. 0. 0. 0. 0. 0. 0. 0. 0. 1. 0. 0. 0. 0. 0. 0. 0. 1. 0. 1. 0. 1. 0.],6.0,10000,30,0.6,10,1,6,,problem_solving
8000,0.017993792049853543,0.0024918222572411267,0.4,-4.2749821206278655,[0.         0.         0.01167548 0.         0.01851983 0.         0.         0.         0.         0.         0.         0.         0.         0.         0.         0.         0.         0.01980269 0.         0.         0.         0.         0.         0.         0.         0.02062996 0.         0.9111952  0.         0.01817684 0.        ],[0. 0. 1. 0. 1. 0. 0. 0. 0. 0. 0. 0. 0. 0. 0. 0. 0. 1. 0. 0. 0. 0. 0. 0. 0. 1. 0. 1. 0. 1. 0.],6.0,10000,30,0.6,10,1,6,,problem_solving
8100,0.017993792049853543,0.0024918222572411267,0.4,4.492919809625542,[0.         0.         0.01167548 0.         0.01851983 0.         0.         0.         0.         0.         0.         0.         0.         0.         0.         0.         0.         0.01980269 0.         0.         0.         0.         0.         0.         0.         0.02062996 0.         0.9111952  0.         0.01817684 0.        ],[0. 0. 1. 0. 1. 0. 0. 0. 0. 0. 0. 0. 0. 0. 0. 0. 0. 1. 0. 0. 0. 0. 0. 0. 0. 1. 0. 1. 0. 1. 0.],6.0,10000,30,0.6,10,1,6,,problem_solving
8200,0.017993792049853543,0.0024918222572411267,0.4,-12.778797528741075,[0.         0.         0.01167548 0.         0.01851983 0.         0.         0.         0.         0.         0.         0.         0.         0.         0.         0.         0.         0.01980269 0.         0.         0.         0.         0.         0.         0.         0.02062996 0.         0.9111952  0.         0.01817684 0.        ],[0. 0. 1. 0. 1. 0. 0. 0. 0. 0. 0. 0. 0. 0. 0. 0. 0. 1. 0. 0. 0. 0. 0. 0. 0. 1. 0. 1. 0. 1. 0.],6.0,10000,30,0.6,10,1,6,,problem_solving
8300,0.017993792049853543,0.0024918222572411267,0.4,6.474504083622263,[0.         0.         0.01167548 0.         0.01851983 0.         0.         0.         0.         0.         0.         0.         0.         0.         0.         0.         0.         0.01980269 0.         0.         0.         0.         0.         0.         0.         0.02062996 0.         0.9111952  0.         0.01817684 0.        ],[0. 0. 1. 0. 1. 0. 0. 0. 0. 0. 0. 0. 0. 0. 0. 0. 0. 1. 0. 0. 0. 0. 0. 0. 0. 1. 0. 1. 0. 1. 0.],6.0,10000,30,0.6,10,1,6,,problem_solving
8400,0.017993792049853543,0.0024918222572411267,0.4,-6.117750912522663,[0.         0.         0.01167548 0.         0.01851983 0.         0.         0.         0.         0.         0.         0.         0.         0.         0.         0.         0.         0.01980269 0.         0.         0.         0.         0.         0.         0.         0.02062996 0.         0.9111952  0.         0.01817684 0.        ],[0. 0. 1. 0. 1. 0. 0. 0. 0. 0. 0. 0. 0. 0. 0. 0. 0. 1. 0. 0. 0. 0. 0. 0. 0. 1. 0. 1. 0. 1. 0.],6.0,10000,30,0.6,10,1,6,,problem_solving
8500,0.017993792049853543,0.0024918222572411267,0.4,-5.357881794180627,[0.         0.         0.01167548 0.         0.01851983 0.         0.         0.         0.         0.         0.         0.         0.         0.         0.         0.         0.         0.01980269 0.         0.         0.         0.         0.         0.         0.         0.02062996 0.         0.9111952  0.         0.01817684 0.        ],[0. 0. 1. 0. 1. 0. 0. 0. 0. 0. 0. 0. 0. 0. 0. 0. 0. 1. 0. 0. 0. 0. 0. 0. 0. 1. 0. 1. 0. 1. 0.],6.0,10000,30,0.6,10,1,6,,problem_solving
8600,0.017993792049853543,0.0024918222572411267,0.4,-13.310826577840382,[0.         0.         0.01167548 0.         0.01851983 0.         0.         0.         0.         0.         0.         0.         0.         0.         0.         0.         0.         0.01980269 0.         0.         0.         0.         0.         0.         0.         0.02062996 0.         0.9111952  0.         0.01817684 0.        ],[0. 0. 1. 0. 1. 0. 0. 0. 0. 0. 0. 0. 0. 0. 0. 0. 0. 1. 0. 0. 0. 0. 0. 0. 0. 1. 0. 1. 0. 1. 0.],6.0,10000,30,0.6,10,1,6,,problem_solving
8700,0.017993792049853543,0.0024918222572411267,0.4,12.942510590560541,[0.         0.         0.01167548 0.         0.01851983 0.         0.         0.         0.         0.         0.         0.         0.         0.         0.         0.         0.         0.01980269 0.         0.         0.         0.         0.         0.         0.         0.02062996 0.         0.9111952  0.         0.01817684 0.        ],[0. 0. 1. 0. 1. 0. 0. 0. 0. 0. 0. 0. 0. 0. 0. 0. 0. 1. 0. 0. 0. 0. 0. 0. 0. 1. 0. 1. 0. 1. 0.],6.0,10000,30,0.6,10,1,6,,problem_solving
8800,0.017993792049853543,0.0024918222572411267,0.4,21.52287221069229,[0.         0.         0.01167548 0.         0.01851983 0.         0.         0.         0.         0.         0.         0.         0.         0.         0.         0.         0.         0.01980269 0.         0.         0.         0.         0.         0.         0.         0.02062996 0.         0.9111952  0.         0.01817684 0.        ],[0. 0. 1. 0. 1. 0. 0. 0. 0. 0. 0. 0. 0. 0. 0. 0. 0. 1. 0. 0. 0. 0. 0. 0. 0. 1. 0. 1. 0. 1. 0.],6.0,10000,30,0.6,10,1,6,,problem_solving
8900,0.017993792049853543,0.0024918222572411267,0.4,19.732433225645554,[0.         0.         0.01167548 0.         0.01851983 0.         0.         0.         0.         0.         0.         0.         0.         0.         0.         0.         0.         0.01980269 0.         0.         0.         0.         0.         0.         0.         0.02062996 0.         0.9111952  0.         0.01817684 0.        ],[0. 0. 1. 0. 1. 0. 0. 0. 0. 0. 0. 0. 0. 0. 0. 0. 0. 1. 0. 0. 0. 0. 0. 0. 0. 1. 0. 1. 0. 1. 0.],6.0,10000,30,0.6,10,1,6,,problem_solving
9000,0.017993792049853543,0.0024918222572411267,0.4,14.288551844285905,[0.         0.         0.01167548 0.         0.01851983 0.         0.         0.         0.         0.         0.         0.         0.         0.         0.         0.         0.         0.01980269 0.         0.         0.         0.         0.         0.         0.         0.02062996 0.         0.9111952  0.         0.01817684 0.        ],[0. 0. 1. 0. 1. 0. 0. 0. 0. 0. 0. 0. 0. 0. 0. 0. 0. 1. 0. 0. 0. 0. 0. 0. 0. 1. 0. 1. 0. 1. 0.],6.0,10000,30,0.6,10,1,6,,problem_solving
9100,0.017993792049853543,0.0024918222572411267,0.4,3.1048805891368954,[0.         0.         0.01167548 0.         0.01851983 0.         0.         0.         0.         0.         0.         0.         0.         0.         0.         0.         0.         0.01980269 0.         0.         0.         0.         0.         0.         0.         0.02062996 0.         0.9111952  0.         0.01817684 0.        ],[0. 0. 1. 0. 1. 0. 0. 0. 0. 0. 0. 0. 0. 0. 0. 0. 0. 1. 0. 0. 0. 0. 0. 0. 0. 1. 0. 1. 0. 1. 0.],6.0,10000,30,0.6,10,1,6,,problem_solving
9200,0.017993792049853543,0.0024918222572411267,0.4,-11.54393822869838,[0.         0.         0.01167548 0.         0.01851983 0.         0.         0.         0.         0.         0.         0.         0.         0.         0.         0.         0.         0.01980269 0.         0.         0.         0.         0.         0.         0.         0.02062996 0.         0.9111952  0.         0.01817684 0.        ],[0. 0. 1. 0. 1. 0. 0. 0. 0. 0. 0. 0. 0. 0. 0. 0. 0. 1. 0. 0. 0. 0. 0. 0. 0. 1. 0. 1. 0. 1. 0.],6.0,10000,30,0.6,10,1,6,,problem_solving
9300,0.017993792049853543,0.0024918222572411267,0.4,-1.0738498168950021,[0.         0.         0.01167548 0.         0.01851983 0.         0.         0.         0.         0.         0.         0.         0.         0.         0.         0.         0.         0.01980269 0.         0.         0.         0.         0.         0.         0.         0.02062996 0.         0.9111952  0.         0.01817684 0.        ],[0. 0. 1. 0. 1. 0. 0. 0. 0. 0. 0. 0. 0. 0. 0. 0. 0. 1. 0. 0. 0. 0. 0. 0. 0. 1. 0. 1. 0. 1. 0.],6.0,10000,30,0.6,10,1,6,,problem_solving
9400,0.017993792049853543,0.0024918222572411267,0.4,9.417352830804054,[0.         0.         0.01167548 0.         0.01851983 0.         0.         0.         0.         0.         0.         0.         0.         0.         0.         0.         0.         0.01980269 0.         0.         0.         0.         0.         0.         0.         0.02062996 0.         0.9111952  0.         0.01817684 0.        ],[0. 0. 1. 0. 1. 0. 0. 0. 0. 0. 0. 0. 0. 0. 0. 0. 0. 1. 0. 0. 0. 0. 0. 0. 0. 1. 0. 1. 0. 1. 0.],6.0,10000,30,0.6,10,1,6,,problem_solving
9500,0.017993792049853543,0.0024918222572411267,0.4,2.533573319246309,[0.         0.         0.01167548 0.         0.01851983 0.         0.         0.         0.         0.         0.         0.         0.         0.         0.         0.         0.         0.01980269 0.         0.         0.         0.         0.         0.         0.         0.02062996 0.         0.9111952  0.         0.01817684 0.        ],[0. 0. 1. 0. 1. 0. 0. 0. 0. 0. 0. 0. 0. 0. 0. 0. 0. 1. 0. 0. 0. 0. 0. 0. 0. 1. 0. 1. 0. 1. 0.],6.0,10000,30,0.6,10,1,6,,problem_solving
9600,0.017993792049853543,0.0024918222572411267,0.4,-9.839658966681275,[0.         0.         0.01167548 0.         0.01851983 0.         0.         0.         0.         0.         0.         0.         0.         0.         0.         0.         0.         0.01980269 0.         0.         0.         0.         0.         0.         0.         0.02062996 0.         0.9111952  0.         0.01817684 0.        ],[0. 0. 1. 0. 1. 0. 0. 0. 0. 0. 0. 0. 0. 0. 0. 0. 0. 1. 0. 0. 0. 0. 0. 0. 0. 1. 0. 1. 0. 1. 0.],6.0,10000,30,0.6,10,1,6,,problem_solving
9700,0.017993792049853543,0.0024918222572411267,0.4,-7.174112197920028,[0.         0.         0.01167548 0.         0.01851983 0.         0.         0.         0.         0.         0.         0.         0.         0.         0.         0.         0.         0.01980269 0.         0.         0.         0.         0.         0.         0.         0.02062996 0.         0.9111952  0.         0.01817684 0.        ],[0. 0. 1. 0. 1. 0. 0. 0. 0. 0. 0. 0. 0. 0. 0. 0. 0. 1. 0. 0. 0. 0. 0. 0. 0. 1. 0. 1. 0. 1. 0.],6.0,10000,30,0.6,10,1,6,,problem_solving
9800,0.017993792049853543,0.0024918222572411267,0.4,-27.07354996385735,[0.         0.         0.01167548 0.         0.01851983 0.         0.         0.         0.         0.         0.         0.         0.         0.         0.         0.         0.         0.01980269 0.         0.         0.         0.         0.         0.         0.         0.02062996 0.         0.9111952  0.         0.01817684 0.        ],[0. 0. 1. 0. 1. 0. 0. 0. 0. 0. 0. 0. 0. 0. 0. 0. 0. 1. 0. 0. 0. 0. 0. 0. 0. 1. 0. 1. 0. 1. 0.],6.0,10000,30,0.6,10,1,6,,problem_solving
9900,0.017993792049853543,0.0024918222572411267,0.4,8.679455059988705,[0.         0.         0.01167548 0.         0.01851983 0.         0.         0.         0.         0.         0.         0.         0.         0.         0.         0.         0.         0.01980269 0.         0.         0.         0.         0.         0.         0.         0.02062996 0.         0.9111952  0.         0.01817684 0.        ],[0. 0. 1. 0. 1. 0. 0. 0. 0. 0. 0. 0. 0. 0. 0. 0. 0. 1. 0. 0. 0. 0. 0. 0. 0. 1. 0. 1. 0. 1. 0.],6.0,10000,30,0.6,10,1,6,,problem_solving
9999,0.017993792049853543,0.0024918222572411267,0.4,5.465558369424549,[0.         0.         0.01167548 0.         0.01851983 0.         0.         0.         0.         0.         0.         0.         0.         0.         0.         0.         0.         0.01980269 0.         0.         0.         0.         0.         0.         0.         0.02062996 0.         0.9111952  0.         0.01817684 0.        ],[0. 0. 1. 0. 1. 0. 0. 0. 0. 0. 0. 0. 0. 0. 0. 0. 0. 1. 0. 0. 0. 0. 0. 0. 0. 1. 0. 1. 0. 1. 0.],6.0,10000,30,0.6,10,1,6,,problem_solving
