iter,cost,return,par,move,X,Z,Q,max_iter,mem_size,mem_consider,sigma,port_n,k,seed,tag
1,0.10878689377373357,0.004844216901449848,0.4,-10.048542756929786,[0.         0.         0.         0.02269913 0.         0.         0.01461313 0.         0.01354044 0.         0.         0.         0.         0.         0.         0.         0.         0.         0.         0.         0.         0.         0.01156036 0.         0.         0.93758694 0.         0.         0.         0.         0.        ],[0. 0. 0. 1. 0. 0. 1. 0. 1. 0. 0. 0. 0. 0. 0. 0. 0. 0. 0. 0. 0. 0. 1. 0. 0. 1. 0. 0. 0. 0. 0.],5.0,10000,30,0.6,10,1,5,,problem_solving
100,0.03461571562179605,0.010269137966537997,0.4,2.527136014488664,[0.         0.         0.02012858 0.         0.93410156 0.         0.01838848 0.         0.         0.         0.01663539 0.         0.         0.         0.         0.         0.         0.         0.         0.         0.         0.         0.         0.         0.         0.         0.         0.         0.         0.01074599 0.        ],[0. 0. 1. 0. 1. 0. 1. 0. 0. 0. 1. 0. 0. 0. 0. 0. 0. 0. 0. 0. 0. 0. 0. 0. 0. 0. 0. 0. 0. 1. 0.],5.0,10000,30,0.6,10,1,5,,problem_solving
200,0.027931344280715125,0.004699910799031176,0.4,10.620399615151541,[0.         0.01657468 0.         0.         0.01802471 0.         0.         0.         0.         0.         0.         0.         0.         0.         0.         0.         0.         0.         0.         0.         0.         0.         0.         0.01066149 0.         0.93662674 0.         0.         0.         0.         0.01811238],[0. 1. 0. 0. 1. 0. 0. 0. 0. 0. 0. 0. 0. 0. 0. 0. 0. 0. 0. 0. 0. 0. 0. 1. 0. 1. 0. 0. 0. 0. 1.],5.0,10000,30,0.6,10,1,5,,problem_solving
300,0.027931344280715125,0.004699910799031176,0.4,5.870869654917806,[0.         0.01657468 0.         0.         0.01802471 0.         0.         0.         0.         0.         0.         0.         0.         0.         0.         0.         0.         0.         0.         0.         0.         0.         0.         0.01066149 0.         0.93662674 0.         0.         0.         0.         0.01811238],[0. 1. 0. 0. 1. 0. 0. 0. 0. 0. 0. 0. 0. 0. 0. 0. 0. 0. 0. 0. 0. 0. 0. 1. 0. 1. 0. 0. 0. 0. 1.],5.0,10000,30,0.6,10,1,5,,problem_solving
400,0.027931344280715125,0.004699910799031176,0.4,4.4619337593412105,[0.         0.01657468 0.         0.         0.01802471 0.         0.         0.         0.         0.         0.         0.         0.         0.         0.         0.         0.         0.         0.         0.         0.         0.         0.         0.01066149 0.         0.93662674 0.         0.         0.         0.         0.01811238],[0. 1. 0. 0. 1. 0. 0. 0. 0. 0. 0. 0. 0. 0. 0. 0. 0. 0. 0. 0. 0. 0. 0. 1. 0. 1. 0. 0. 0. 0. 1.],5.0,10000,30,0.6,10,1,5,,problem_solving
500,0.018888522314232995,0.004715495908841591,0.4,-8.952949514596455,[0.02042056 0.         0.         0.         0.         0.         0.         0.         0.01789283 0.         0.01572418 0.         0.01793    0.         0.         0.         0.         0.         0.         0.         0.         0.         0.         0.         0.         0.92803244 0.         0.         0.         0.         0.        ],[1. 0. 0. 0. 0. 0. 0. 0. 1. 0. 1. 0. 1. 0. 0. 0. 0. 0. 0. 0. 0. 0. 0. 0. 0. 1. 0. 0. 0. 0. 0.],5.0,10000,30,0.6,10,1,5,,problem_solving
600,0.018888522314232995,0.004715495908841591,0.4,-12.286355202503234,[0.02042056 0.         0.         0.         0.         0.         0.         0.         0.01789283 0.         0.01572418 0.         0.01793    0.         0.         0.         0.         0.         0.         0.         0.         0.         0.         0.         0.         0.92803244 0.         0.         0.         0.         0.        ],[1. 0. 0. 0. 0. 0. 0. 0. 1. 0. 1. 0. 1. 0. 0. 0. 0. 0. 0. 0. 0. 0. 0. 0. 0. 1. 0. 0. 0. 0. 0.],5.0,10000,30,0.6,10,1,5,,problem_solving
700,0.018888522314232995,0.004715495908841591,0.4,-14.035148036201319,[0.02042056 0.         0.         0.         0.         0.         0.         0.         0.01789283 0.         0.01572418 0.         0.01793    0.         0.         0.         0.         0.         0.         0.         0.         0.         0.         0.         0.         0.92803244 0.         0.         0.         0.         0.        ],[1. 0. 0. 0. 0. 0. 0. 0. 1. 0. 1. 0. 1. 0. 0. 0. 0. 0. 0. 0. 0. 0. 0. 0. 0. 1. 0. 0. 0. 0. 0.],5.0,10000,30,0.6,10,1,5,,problem_solving
800,0.018888522314232995,0.004715495908841591,0.4,-1.4297515662414708,[0.02042056 0.         0.         0.         0.         0.         0.         0.         0.01789283 0.         0.01572418 0.         0.01793    0.         0.         0.         0.         0.         0.         0.         0.         0.         0.         0.         0.         0.92803244 0.         0.         0.         0.         0.        ],[1. 0. 0. 0. 0. 0. 0. 0. 1. 0. 1. 0. 1. 0. 0. 0. 0. 0. 0. 0. 0. 0. 0. 0. 0. 1. 0. 0. 0. 0. 0.],5.0,10000,30,0.6,10,1,5,,problem_solving
900,0.018888522314232995,0.004715495908841591,0.4,6.8472398539481825,[0.02042056 0.         0.         0.         0.         0.         0.         0.         0.01789283 0.         0.01572418 0.         0.01793    0.         0.         0.         0.         0.         0.         0.         0.         0.         0.         0.         0.         0.92803244 0.         0.         0.         0.         0.        ],[1. 0. 0. 0. 0. 0. 0. 0. 1. 0. 1. 0. 1. 0. 0. 0. 0. 0. 0. 0. 0. 0. 0. 0. 0. 1. 0. 0. 0. 0. 0.],5.0,10000,30,0.6,10,1,5,,problem_solving
1000,0.018888522314232995,0.004715495908841591,0.4,-0.7167667727457477,[0.02042056 0.         0.         0.         0.         0.         0.         0.         0.01789283 0.         0.01572418 0.         0.01793    0.         0.         0.         0.         0.         0.         0.         0.         0.         0.         0.         0.         0.92803244 0.         0.         0.         0.         0.        ],[1. 0. 0. 0. 0. 0. 0. 0. 1. 0. 1. 0. 1. 0. 0. 0. 0. 0. 0. 0. 0. 0. 0. 0. 0. 1. 0. 0. 0. 0. 0.],5.0,10000,30,0.6,10,1,5,,problem_solving
1100,0.018888522314232995,0.004715495908841591,0.4,13.693147085570088,[0.02042056 0.         0.         0.         0.         0.         0.         0.         0.01789283 0.         0.01572418 0.         0.01793    0.         0.         0.         0.         0.         0.         0.         0.         0.         0.         0.         0.         0.92803244 0.         0.         0.         0.         0.        ],[1. 0. 0. 0. 0. 0. 0. 0. 1. 0. 1. 0. 1. 0. 0. 0. 0. 0. 0. 0. 0. 0. 0. 0. 0. 1. 0. 0. 0. 0. 0.],5.0,10000,30,0.6,10,1,5,,problem_solving
1200,0.018888522314232995,0.004715495908841591,0.4,3.6990788409706283,[0.02042056 0.         0.         0.         0.         0.         0.         0.         0.01789283 0.         0.01572418 0.         0.01793    0.         0.         0.         0.         0.         0.         0.         0.         0.         0.         0.         0.         0.92803244 0.         0.         0.         0.         0.        ],[1. 0. 0. 0. 0. 0. 0. 0. 1. 0. 1. 0. 1. 0. 0. 0. 0. 0. 0. 0. 0. 0. 0. 0. 0. 1. 0. 0. 0. 0. 0.],5.0,10000,30,0.6,10,1,5,,problem_solving
1300,0.018888522314232995,0.004715495908841591,0.4,5.8085612990065405,[0.02042056 0.         0.         0.         0.         0.         0.         0.         0.01789283 0.         0.01572418 0.         0.01793    0.         0.         0.         0.         0.         0.         0.         0.         0.         0.         0.         0.         0.92803244 0.         0.         0.         0.         0.        ],[1. 0. 0. 0. 0. 0. 0. 0. 1. 0. 1. 0. 1. 0. 0. 0. 0. 0. 0. 0. 0. 0. 0. 0. 0. 1. 0. 0. 0. 0. 0.],5.0,10000,30,0.6,10,1,5,,problem_solving
1400,0.018888522314232995,0.004715495908841591,0.4,3.553838260898533,[0.02042056 0.         0.         0.         0.         0.         0.         0.         0.01789283 0.         0.01572418 0.         0.01793    0.         0.         0.         0.         0.         0.         0.         0.         0.         0.         0.         0.         0.92803244 0.         0.         0.         0.         0.        ],[1. 0. 0. 0. 0. 0. 0. 0. 1. 0. 1. 0. 1. 0. 0. 0. 0. 0. 0. 0. 0. 0. 0. 0. 0. 1. 0. 0. 0. 0. 0.],5.0,10000,30,0.6,10,1,5,,problem_solving
1500,0.018888522314232995,0.004715495908841591,0.4,-1.9708510389106753,[0.02042056 0.         0.         0.         0.         0.         0.         0.         0.01789283 0.         0.01572418 0.         0.01793    0.         0.         0.         0.         0.         0.         0.         0.         0.         0.         0.         0.         0.92803244 0.         0.         0.         0.         0.        ],[1. 0. 0. 0. 0. 0. 0. 0. 1. 0. 1. 0. 1. 0. 0. 0. 0. 0. 0. 0. 0. 0. 0. 0. 0. 1. 0. 0. 0. 0. 0.],5.0,10000,30,0.6,10,1,5,,problem_solving
1600,0.018888522314232995,0.004715495908841591,0.4,-7.5296041968103635,[0.02042056 0.         0.         0.         0.         0.         0.         0.         0.01789283 0.         0.01572418 0.         0.01793    0.         0.         0.         0.         0.         0.         0.         0.         0.         0.         0.         0.         0.92803244 0.         0.         0.         0.         0.        ],[1. 0. 0. 0. 0. 0. 0. 0. 1. 0. 1. 0. 1. 0. 0. 0. 0. 0. 0. 0. 0. 0. 0. 0. 0. 1. 0. 0. 0. 0. 0.],5.0,10000,30,0.6,10,1,5,,problem_solving
1700,0.018888522314232995,0.004715495908841591,0.4,3.3073169486308536,[0.02042056 0.         0.         0.         0.         0.         0.         0.         0.01789283 0.         0.01572418 0.         0.01793    0.         0.         0.         0.         0.         0.         0.         0.         0.         0.         0.         0.         0.92803244 0.         0.         0.         0.         0.        ],[1. 0. 0. 0. 0. 0. 0. 0. 1. 0. 1. 0. 1. 0. 0. 0. 0. 0. 0. 0. 0. 0. 0. 0. 0. 1. 0. 0. 0. 0. 0.],5.0,10000,30,0.6,10,1,5,,problem_solving
1800,0.018888522314232995,0.004715495908841591,0.4,-1.931500131199768,[0.02042056 0.         0.         0.         0.         0.         0.         0.         0.01789283 0.         0.01572418 0.         0.01793    0.         0.         0.         0.         0.         0.         0.         0.         0.         0.         0.         0.         0.92803244 0.         0.         0.         0.         0.        ],[1. 0. 0. 0. 0. 0. 0. 0. 1. 0. 1. 0. 1. 0. 0. 0. 0. 0. 0. 0. 0. 0. 0. 0. 0. 1. 0. 0. 0. 0. 0.],5.0,10000,30,0.6,10,1,5,,problem_solving
1900,0.018888522314232995,0.004715495908841591,0.4,1.633956362315276,[0.02042056 0.         0.         0.         0.         0.         0.         0.         0.01789283 0.         0.01572418 0.         0.01793    0.         0.         0.         0.         0.         0.         0.         0.         0.         0.         0.         0.         0.92803244 0.         0.         0.         0.         0.        ],[1. 0. 0. 0. 0. 0. 0. 0. 1. 0. 1. 0. 1. 0. 0. 0. 0. 0. 0. 0. 0. 0. 0. 0. 0. 1. 0. 0. 0. 0. 0.],5.0,10000,30,0.6,10,1,5,,problem_solving
2000,0.018888522314232995,0.004715495908841591,0.4,0.3312486282328586,[0.02042056 0.         0.         0.         0.         0.         0.         0.         0.01789283 0.         0.01572418 0.         0.01793    0.         0.         0.         0.         0.         0.         0.         0.         0.         0.         0.         0.         0.92803244 0.         0.         0.         0.         0.        ],[1. 0. 0. 0. 0. 0. 0. 0. 1. 0. 1. 0. 1. 0. 0. 0. 0. 0. 0. 0. 0. 0. 0. 0. 0. 1. 0. 0. 0. 0. 0.],5.0,10000,30,0.6,10,1,5,,problem_solving
2100,0.018888522314232995,0.004715495908841591,0.4,-19.538777675833625,[0.02042056 0.         0.         0.         0.         0.         0.         0.         0.01789283 0.         0.01572418 0.         0.01793    0.         0.         0.         0.         0.         0.         0.         0.         0.         0.         0.         0.         0.92803244 0.         0.         0.         0.         0.        ],[1. 0. 0. 0. 0. 0. 0. 0. 1. 0. 1. 0. 1. 0. 0. 0. 0. 0. 0. 0. 0. 0. 0. 0. 0. 1. 0. 0. 0. 0. 0.],5.0,10000,30,0.6,10,1,5,,problem_solving
2200,0.018888522314232995,0.004715495908841591,0.4,-0.3605138239060746,[0.02042056 0.         0.         0.         0.         0.         0.         0.         0.01789283 0.         0.01572418 0.         0.01793    0.         0.         0.         0.         0.         0.         0.         0.         0.         0.         0.         0.         0.92803244 0.         0.         0.         0.         0.        ],[1. 0. 0. 0. 0. 0. 0. 0. 1. 0. 1. 0. 1. 0. 0. 0. 0. 0. 0. 0. 0. 0. 0. 0. 0. 1. 0. 0. 0. 0. 0.],5.0,10000,30,0.6,10,1,5,,problem_solving
2300,0.018888522314232995,0.004715495908841591,0.4,-6.918875112611358,[0.02042056 0.         0.         0.         0.         0.         0.         0.         0.01789283 0.         0.01572418 0.         0.01793    0.         0.         0.         0.         0.         0.         0.         0.         0.         0.         0.         0.         0.92803244 0.         0.         0.         0.         0.        ],[1. 0. 0. 0. 0. 0. 0. 0. 1. 0. 1. 0. 1. 0. 0. 0. 0. 0. 0. 0. 0. 0. 0. 0. 0. 1. 0. 0. 0. 0. 0.],5.0,10000,30,0.6,10,1,5,,problem_solving
2400,0.018888522314232995,0.004715495908841591,0.4,-10.754269779880495,[0.02042056 0.         0.         0.         0.         0.         0.         0.         0.01789283 0.         0.01572418 0.         0.01793    0.         0.         0.         0.         0.         0.         0.         0.         0.         0.         0.         0.         0.92803244 0.         0.         0.         0.         0.        ],[1. 0. 0. 0. 0. 0. 0. 0. 1. 0. 1. 0. 1. 0. 0. 0. 0. 0. 0. 0. 0. 0. 0. 0. 0. 1. 0. 0. 0. 0. 0.],5.0,10000,30,0.6,10,1,5,,problem_solving
2500,0.018888522314232995,0.004715495908841591,0.4,4.964131982780671,[0.02042056 0.         0.         0.         0.         0.         0.         0.         0.01789283 0.         0.01572418 0.         0.01793    0.         0.         0.         0.         0.         0.         0.         0.         0.         0.         0.         0.         0.92803244 0.         0.         0.         0.         0.        ],[1. 0. 0. 0. 0. 0. 0. 0. 1. 0. 1. 0. 1. 0. 0. 0. 0. 0. 0. 0. 0. 0. 0. 0. 0. 1. 0. 0. 0. 0. 0.],5.0,10000,30,0.6,10,1,5,,problem_solving
2600,0.018888522314232995,0.004715495908841591,0.4,-4.187650646379563,[0.02042056 0.         0.         0.         0.         0.         0.         0.         0.01789283 0.         0.01572418 0.         0.01793    0.         0.         0.         0.         0.         0.         0.         0.         0.         0.         0.         0.         0.92803244 0.         0.         0.         0.         0.        ],[1. 0. 0. 0. 0. 0. 0. 0. 1. 0. 1. 0. 1. 0. 0. 0. 0. 0. 0. 0. 0. 0. 0. 0. 0. 1. 0. 0. 0. 0. 0.],5.0,10000,30,0.6,10,1,5,,problem_solving
2700,0.018888522314232995,0.004715495908841591,0.4,16.799491549129772,[0.02042056 0.         0.         0.         0.         0.         0.         0.         0.01789283 0.         0.01572418 0.         0.01793    0.         0.         0.         0.         0.         0.         0.         0.         0.         0.         0.         0.         0.92803244 0.         0.         0.         0.         0.        ],[1. 0. 0. 0. 0. 0. 0. 0. 1. 0. 1. 0. 1. 0. 0. 0. 0. 0. 0. 0. 0. 0. 0. 0. 0. 1. 0. 0. 0. 0. 0.],5.0,10000,30,0.6,10,1,5,,problem_solving
2800,0.015238600653953126,0.004833152137232572,0.4,-9.185294665861681,[0.         0.         0.         0.         0.01153463 0.         0.         0.01810253 0.         0.         0.         0.         0.         0.         0.         0.         0.         0.         0.01184254 0.         0.01846292 0.         0.         0.         0.         0.94005738 0.         0.         0.         0.         0.        ],[0. 0. 0. 0. 1. 0. 0. 1. 0. 0. 0. 0. 0. 0. 0. 0. 0. 0. 1. 0. 1. 0. 0. 0. 0. 1. 0. 0. 0. 0. 0.],5.0,10000,30,0.6,10,1,5,,problem_solving
2900,0.015238600653953126,0.004833152137232572,0.4,-0.7023000214893583,[0.         0.         0.         0.         0.01153463 0.         0.         0.01810253 0.         0.         0.         0.         0.         0.         0.         0.         0.         0.         0.01184254 0.         0.01846292 0.         0.         0.         0.         0.94005738 0.         0.         0.         0.         0.        ],[0. 0. 0. 0. 1. 0. 0. 1. 0. 0. 0. 0. 0. 0. 0. 0. 0. 0. 1. 0. 1. 0. 0. 0. 0. 1. 0. 0. 0. 0. 0.],5.0,10000,30,0.6,10,1,5,,problem_solving
3000,0.015238600653953126,0.004833152137232572,0.4,-12.455822803144418,[0.         0.         0.         0.         0.01153463 0.         0.         0.01810253 0.         0.         0.         0.         0.         0.         0.         0.         0.         0.         0.01184254 0.         0.01846292 0.         0.         0.         0.         0.94005738 0.         0.         0.         0.         0.        ],[0. 0. 0. 0. 1. 0. 0. 1. 0. 0. 0. 0. 0. 0. 0. 0. 0. 0. 1. 0. 1. 0. 0. 0. 0. 1. 0. 0. 0. 0. 0.],5.0,10000,30,0.6,10,1,5,,problem_solving
3100,0.014889544241595087,0.0046905324699399896,0.4,8.365566086599237,[0.         0.         0.         0.         0.         0.         0.         0.         0.         0.         0.         0.         0.02294956 0.         0.         0.         0.01062694 0.         0.         0.         0.         0.         0.         0.0164687  0.         0.93696457 0.         0.01299023 0.         0.         0.        ],[0. 0. 0. 0. 0. 0. 0. 0. 0. 0. 0. 0. 1. 0. 0. 0. 1. 0. 0. 0. 0. 0. 0. 1. 0. 1. 0. 1. 0. 0. 0.],5.0,10000,30,0.6,10,1,5,,problem_solving
3200,0.014889544241595087,0.0046905324699399896,0.4,0.21690358090084852,[0.         0.         0.         0.         0.         0.         0.         0.         0.         0.         0.         0.         0.02294956 0.         0.         0.         0.01062694 0.         0.         0.         0.         0.         0.         0.0164687  0.         0.93696457 0.         0.01299023 0.         0.         0.        ],[0. 0. 0. 0. 0. 0. 0. 0. 0. 0. 0. 0. 1. 0. 0. 0. 1. 0. 0. 0. 0. 0. 0. 1. 0. 1. 0. 1. 0. 0. 0.],5.0,10000,30,0.6,10,1,5,,problem_solving
3300,0.014889544241595087,0.0046905324699399896,0.4,-3.301278430256013,[0.         0.         0.         0.         0.         0.         0.         0.         0.         0.         0.         0.         0.02294956 0.         0.         0.         0.01062694 0.         0.         0.         0.         0.         0.         0.0164687  0.         0.93696457 0.         0.01299023 0.         0.         0.        ],[0. 0. 0. 0. 0. 0. 0. 0. 0. 0. 0. 0. 1. 0. 0. 0. 1. 0. 0. 0. 0. 0. 0. 1. 0. 1. 0. 1. 0. 0. 0.],5.0,10000,30,0.6,10,1,5,,problem_solving
3400,0.014889544241595087,0.0046905324699399896,0.4,15.460613465928692,[0.         0.         0.         0.         0.         0.         0.         0.         0.         0.         0.         0.         0.02294956 0.         0.         0.         0.01062694 0.         0.         0.         0.         0.         0.         0.0164687  0.         0.93696457 0.         0.01299023 0.         0.         0.        ],[0. 0. 0. 0. 0. 0. 0. 0. 0. 0. 0. 0. 1. 0. 0. 0. 1. 0. 0. 0. 0. 0. 0. 1. 0. 1. 0. 1. 0. 0. 0.],5.0,10000,30,0.6,10,1,5,,problem_solving
3500,0.014889544241595087,0.0046905324699399896,0.4,12.533162688612258,[0.         0.         0.         0.         0.         0.         0.         0.         0.         0.         0.         0.         0.02294956 0.         0.         0.         0.01062694 0.         0.         0.         0.         0.         0.         0.0164687  0.         0.93696457 0.         0.01299023 0.         0.         0.        ],[0. 0. 0. 0. 0. 0. 0. 0. 0. 0. 0. 0. 1. 0. 0. 0. 1. 0. 0. 0. 0. 0. 0. 1. 0. 1. 0. 1. 0. 0. 0.],5.0,10000,30,0.6,10,1,5,,problem_solving
3600,0.014889544241595087,0.0046905324699399896,0.4,-2.526859371505089,[0.         0.         0.         0.         0.         0.         0.         0.         0.         0.         0.         0.         0.02294956 0.         0.         0.         0.01062694 0.         0.         0.         0.         0.         0.         0.0164687  0.         0.93696457 0.         0.01299023 0.         0.         0.        ],[0. 0. 0. 0. 0. 0. 0. 0. 0. 0. 0. 0. 1. 0. 0. 0. 1. 0. 0. 0. 0. 0. 0. 1. 0. 1. 0. 1. 0. 0. 0.],5.0,10000,30,0.6,10,1,5,,problem_solving
3700,0.014889544241595087,0.0046905324699399896,0.4,-9.683089978229127,[0.         0.         0.         0.         0.         0.         0.         0.         0.         0.         0.         0.         0.02294956 0.         0.         0.         0.01062694 0.         0.         0.         0.         0.         0.         0.0164687  0.         0.93696457 0.         0.01299023 0.         0.         0.        ],[0. 0. 0. 0. 0. 0. 0. 0. 0. 0. 0. 0. 1. 0. 0. 0. 1. 0. 0. 0. 0. 0. 0. 1. 0. 1. 0. 1. 0. 0. 0.],5.0,10000,30,0.6,10,1,5,,problem_solving
3800,0.014889544241595087,0.0046905324699399896,0.4,-24.39621972023305,[0.         0.         0.         0.         0.         0.         0.         0.         0.         0.         0.         0.         0.02294956 0.         0.         0.         0.01062694 0.         0.         0.         0.         0.         0.         0.0164687  0.         0.93696457 0.         0.01299023 0.         0.         0.        ],[0. 0. 0. 0. 0. 0. 0. 0. 0. 0. 0. 0. 1. 0. 0. 0. 1. 0. 0. 0. 0. 0. 0. 1. 0. 1. 0. 1. 0. 0. 0.],5.0,10000,30,0.6,10,1,5,,problem_solving
3900,0.014889544241595087,0.0046905324699399896,0.4,10.414654098038616,[0.         0.         0.         0.         0.         0.         0.         0.         0.         0.         0.         0.         0.02294956 0.         0.         0.         0.01062694 0.         0.         0.         0.         0.         0.         0.0164687  0.         0.93696457 0.         0.01299023 0.         0.         0.        ],[0. 0. 0. 0. 0. 0. 0. 0. 0. 0. 0. 0. 1. 0. 0. 0. 1. 0. 0. 0. 0. 0. 0. 1. 0. 1. 0. 1. 0. 0. 0.],5.0,10000,30,0.6,10,1,5,,problem_solving
4000,0.014889544241595087,0.0046905324699399896,0.4,1.9418308446913741,[0.         0.         0.         0.         0.         0.         0.         0.         0.         0.         0.         0.         0.02294956 0.         0.         0.         0.01062694 0.         0.         0.         0.         0.         0.         0.0164687  0.         0.93696457 0.         0.01299023 0.         0.         0.        ],[0. 0. 0. 0. 0. 0. 0. 0. 0. 0. 0. 0. 1. 0. 0. 0. 1. 0. 0. 0. 0. 0. 0. 1. 0. 1. 0. 1. 0. 0. 0.],5.0,10000,30,0.6,10,1,5,,problem_solving
4100,0.014889544241595087,0.0046905324699399896,0.4,10.600186486405978,[0.         0.         0.         0.         0.         0.         0.         0.         0.         0.         0.         0.         0.02294956 0.         0.         0.         0.01062694 0.         0.         0.         0.         0.         0.         0.0164687  0.         0.93696457 0.         0.01299023 0.         0.         0.        ],[0. 0. 0. 0. 0. 0. 0. 0. 0. 0. 0. 0. 1. 0. 0. 0. 1. 0. 0. 0. 0. 0. 0. 1. 0. 1. 0. 1. 0. 0. 0.],5.0,10000,30,0.6,10,1,5,,problem_solving
4200,0.014889544241595087,0.0046905324699399896,0.4,14.762094078402914,[0.         0.         0.         0.         0.         0.         0.         0.         0.         0.         0.         0.         0.02294956 0.         0.         0.         0.01062694 0.         0.         0.         0.         0.         0.         0.0164687  0.         0.93696457 0.         0.01299023 0.         0.         0.        ],[0. 0. 0. 0. 0. 0. 0. 0. 0. 0. 0. 0. 1. 0. 0. 0. 1. 0. 0. 0. 0. 0. 0. 1. 0. 1. 0. 1. 0. 0. 0.],5.0,10000,30,0.6,10,1,5,,problem_solving
4300,0.014889544241595087,0.0046905324699399896,0.4,3.5787867650226053,[0.         0.         0.         0.         0.         0.         0.         0.         0.         0.         0.         0.         0.02294956 0.         0.         0.         0.01062694 0.         0.         0.         0.         0.         0.         0.0164687  0.         0.93696457 0.         0.01299023 0.         0.         0.        ],[0. 0. 0. 0. 0. 0. 0. 0. 0. 0. 0. 0. 1. 0. 0. 0. 1. 0. 0. 0. 0. 0. 0. 1. 0. 1. 0. 1. 0. 0. 0.],5.0,10000,30,0.6,10,1,5,,problem_solving
4400,0.014889544241595087,0.0046905324699399896,0.4,1.541920967803203,[0.         0.         0.         0.         0.         0.         0.         0.         0.         0.         0.         0.         0.02294956 0.         0.         0.         0.01062694 0.         0.         0.         0.         0.         0.         0.0164687  0.         0.93696457 0.         0.01299023 0.         0.         0.        ],[0. 0. 0. 0. 0. 0. 0. 0. 0. 0. 0. 0. 1. 0. 0. 0. 1. 0. 0. 0. 0. 0. 0. 1. 0. 1. 0. 1. 0. 0. 0.],5.0,10000,30,0.6,10,1,5,,problem_solving
4500,0.014889544241595087,0.0046905324699399896,0.4,5.689387432056234,[0.         0.         0.         0.         0.         0.         0.         0.         0.         0.         0.         0.         0.02294956 0.         0.         0.         0.01062694 0.         0.         0.         0.         0.         0.         0.0164687  0.         0.93696457 0.         0.01299023 0.         0.         0.        ],[0. 0. 0. 0. 0. 0. 0. 0. 0. 0. 0. 0. 1. 0. 0. 0. 1. 0. 0. 0. 0. 0. 0. 1. 0. 1. 0. 1. 0. 0. 0.],5.0,10000,30,0.6,10,1,5,,problem_solving
4600,0.014889544241595087,0.0046905324699399896,0.4,0.8999777341345405,[0.         0.         0.         0.         0.         0.         0.         0.         0.         0.         0.         0.         0.02294956 0.         0.         0.         0.01062694 0.         0.         0.         0.         0.         0.         0.0164687  0.         0.93696457 0.         0.01299023 0.         0.         0.        ],[0. 0. 0. 0. 0. 0. 0. 0. 0. 0. 0. 0. 1. 0. 0. 0. 1. 0. 0. 0. 0. 0. 0. 1. 0. 1. 0. 1. 0. 0. 0.],5.0,10000,30,0.6,10,1,5,,problem_solving
4700,0.014889544241595087,0.0046905324699399896,0.4,-0.13254553742970213,[0.         0.         0.         0.         0.         0.         0.         0.         0.         0.         0.         0.         0.02294956 0.         0.         0.         0.01062694 0.         0.         0.         0.         0.         0.         0.0164687  0.         0.93696457 0.         0.01299023 0.         0.         0.        ],[0. 0. 0. 0. 0. 0. 0. 0. 0. 0. 0. 0. 1. 0. 0. 0. 1. 0. 0. 0. 0. 0. 0. 1. 0. 1. 0. 1. 0. 0. 0.],5.0,10000,30,0.6,10,1,5,,problem_solving
4800,0.014889544241595087,0.0046905324699399896,0.4,2.9215751144900963,[0.         0.         0.         0.         0.         0.         0.         0.         0.         0.         0.         0.         0.02294956 0.         0.         0.         0.01062694 0.         0.         0.         0.         0.         0.         0.0164687  0.         0.93696457 0.         0.01299023 0.         0.         0.        ],[0. 0. 0. 0. 0. 0. 0. 0. 0. 0. 0. 0. 1. 0. 0. 0. 1. 0. 0. 0. 0. 0. 0. 1. 0. 1. 0. 1. 0. 0. 0.],5.0,10000,30,0.6,10,1,5,,problem_solving
4900,0.014889544241595087,0.0046905324699399896,0.4,7.619729004573181,[0.         0.         0.         0.         0.         0.         0.         0.         0.         0.         0.         0.         0.02294956 0.         0.         0.         0.01062694 0.         0.         0.         0.         0.         0.         0.0164687  0.         0.93696457 0.         0.01299023 0.         0.         0.        ],[0. 0. 0. 0. 0. 0. 0. 0. 0. 0. 0. 0. 1. 0. 0. 0. 1. 0. 0. 0. 0. 0. 0. 1. 0. 1. 0. 1. 0. 0. 0.],5.0,10000,30,0.6,10,1,5,,problem_solving
5000,0.014889544241595087,0.0046905324699399896,0.4,5.326602562556975,[0.         0.         0.         0.         0.         0.         0.         0.         0.         0.         0.         0.         0.02294956 0.         0.         0.         0.01062694 0.         0.         0.         0.         0.         0.         0.0164687  0.         0.93696457 0.         0.01299023 0.         0.         0.        ],[0. 0. 0. 0. 0. 0. 0. 0. 0. 0. 0. 0. 1. 0. 0. 0. 1. 0. 0. 0. 0. 0. 0. 1. 0. 1. 0. 1. 0. 0. 0.],5.0,10000,30,0.6,10,1,5,,problem_solving
5100,0.014889544241595087,0.0046905324699399896,0.4,11.677680850414852,[0.         0.         0.         0.         0.         0.         0.         0.         0.         0.         0.         0.         0.02294956 0.         0.         0.         0.01062694 0.         0.         0.         0.         0.         0.         0.0164687  0.         0.93696457 0.         0.01299023 0.         0.         0.        ],[0. 0. 0. 0. 0. 0. 0. 0. 0. 0. 0. 0. 1. 0. 0. 0. 1. 0. 0. 0. 0. 0. 0. 1. 0. 1. 0. 1. 0. 0. 0.],5.0,10000,30,0.6,10,1,5,,problem_solving
5200,0.014889544241595087,0.0046905324699399896,0.4,0.5755147675527975,[0.         0.         0.         0.         0.         0.         0.         0.         0.         0.         0.         0.         0.02294956 0.         0.         0.         0.01062694 0.         0.         0.         0.         0.         0.         0.0164687  0.         0.93696457 0.         0.01299023 0.         0.         0.        ],[0. 0. 0. 0. 0. 0. 0. 0. 0. 0. 0. 0. 1. 0. 0. 0. 1. 0. 0. 0. 0. 0. 0. 1. 0. 1. 0. 1. 0. 0. 0.],5.0,10000,30,0.6,10,1,5,,problem_solving
5300,0.014889544241595087,0.0046905324699399896,0.4,0.4336671081179697,[0.         0.         0.         0.         0.         0.         0.         0.         0.         0.         0.         0.         0.02294956 0.         0.         0.         0.01062694 0.         0.         0.         0.         0.         0.         0.0164687  0.         0.93696457 0.         0.01299023 0.         0.         0.        ],[0. 0. 0. 0. 0. 0. 0. 0. 0. 0. 0. 0. 1. 0. 0. 0. 1. 0. 0. 0. 0. 0. 0. 1. 0. 1. 0. 1. 0. 0. 0.],5.0,10000,30,0.6,10,1,5,,problem_solving
5400,0.014889544241595087,0.0046905324699399896,0.4,7.384278099213379,[0.         0.         0.         0.         0.         0.         0.         0.         0.         0.         0.         0.         0.02294956 0.         0.         0.         0.01062694 0.         0.         0.         0.         0.         0.         0.0164687  0.         0.93696457 0.         0.01299023 0.         0.         0.        ],[0. 0. 0. 0. 0. 0. 0. 0. 0. 0. 0. 0. 1. 0. 0. 0. 1. 0. 0. 0. 0. 0. 0. 1. 0. 1. 0. 1. 0. 0. 0.],5.0,10000,30,0.6,10,1,5,,problem_solving
5500,0.014889544241595087,0.0046905324699399896,0.4,12.982764534235283,[0.         0.         0.         0.         0.         0.         0.         0.         0.         0.         0.         0.         0.02294956 0.         0.         0.         0.01062694 0.         0.         0.         0.         0.         0.         0.0164687  0.         0.93696457 0.         0.01299023 0.         0.         0.        ],[0. 0. 0. 0. 0. 0. 0. 0. 0. 0. 0. 0. 1. 0. 0. 0. 1. 0. 0. 0. 0. 0. 0. 1. 0. 1. 0. 1. 0. 0. 0.],5.0,10000,30,0.6,10,1,5,,problem_solving
5600,0.014889544241595087,0.0046905324699399896,0.4,-7.932845329227987,[0.         0.         0.         0.         0.         0.         0.         0.         0.         0.         0.         0.         0.02294956 0.         0.         0.         0.01062694 0.         0.         0.         0.         0.         0.         0.0164687  0.         0.93696457 0.         0.01299023 0.         0.         0.        ],[0. 0. 0. 0. 0. 0. 0. 0. 0. 0. 0. 0. 1. 0. 0. 0. 1. 0. 0. 0. 0. 0. 0. 1. 0. 1. 0. 1. 0. 0. 0.],5.0,10000,30,0.6,10,1,5,,problem_solving
5700,0.014889544241595087,0.0046905324699399896,0.4,7.75618510220355,[0.         0.         0.         0.         0.         0.         0.         0.         0.         0.         0.         0.         0.02294956 0.         0.         0.         0.01062694 0.         0.         0.         0.         0.         0.         0.0164687  0.         0.93696457 0.         0.01299023 0.         0.         0.        ],[0. 0. 0. 0. 0. 0. 0. 0. 0. 0. 0. 0. 1. 0. 0. 0. 1. 0. 0. 0. 0. 0. 0. 1. 0. 1. 0. 1. 0. 0. 0.],5.0,10000,30,0.6,10,1,5,,problem_solving
5800,0.014889544241595087,0.0046905324699399896,0.4,-10.60572327771856,[0.         0.         0.         0.         0.         0.         0.         0.         0.         0.         0.         0.         0.02294956 0.         0.         0.         0.01062694 0.         0.         0.         0.         0.         0.         0.0164687  0.         0.93696457 0.         0.01299023 0.         0.         0.        ],[0. 0. 0. 0. 0. 0. 0. 0. 0. 0. 0. 0. 1. 0. 0. 0. 1. 0. 0. 0. 0. 0. 0. 1. 0. 1. 0. 1. 0. 0. 0.],5.0,10000,30,0.6,10,1,5,,problem_solving
5900,0.014889544241595087,0.0046905324699399896,0.4,-3.704609615105918,[0.         0.         0.         0.         0.         0.         0.         0.         0.         0.         0.         0.         0.02294956 0.         0.         0.         0.01062694 0.         0.         0.         0.         0.         0.         0.0164687  0.         0.93696457 0.         0.01299023 0.         0.         0.        ],[0. 0. 0. 0. 0. 0. 0. 0. 0. 0. 0. 0. 1. 0. 0. 0. 1. 0. 0. 0. 0. 0. 0. 1. 0. 1. 0. 1. 0. 0. 0.],5.0,10000,30,0.6,10,1,5,,problem_solving
6000,0.014889544241595087,0.0046905324699399896,0.4,11.536907355301995,[0.         0.         0.         0.         0.         0.         0.         0.         0.         0.         0.         0.         0.02294956 0.         0.         0.         0.01062694 0.         0.         0.         0.         0.         0.         0.0164687  0.         0.93696457 0.         0.01299023 0.         0.         0.        ],[0. 0. 0. 0. 0. 0. 0. 0. 0. 0. 0. 0. 1. 0. 0. 0. 1. 0. 0. 0. 0. 0. 0. 1. 0. 1. 0. 1. 0. 0. 0.],5.0,10000,30,0.6,10,1,5,,problem_solving
6100,0.014889544241595087,0.0046905324699399896,0.4,-3.59279972492039,[0.         0.         0.         0.         0.         0.         0.         0.         0.         0.         0.         0.         0.02294956 0.         0.         0.         0.01062694 0.         0.         0.         0.         0.         0.         0.0164687  0.         0.93696457 0.         0.01299023 0.         0.         0.        ],[0. 0. 0. 0. 0. 0. 0. 0. 0. 0. 0. 0. 1. 0. 0. 0. 1. 0. 0. 0. 0. 0. 0. 1. 0. 1. 0. 1. 0. 0. 0.],5.0,10000,30,0.6,10,1,5,,problem_solving
6200,0.014889544241595087,0.0046905324699399896,0.4,-6.543831189154794,[0.         0.         0.         0.         0.         0.         0.         0.         0.         0.         0.         0.         0.02294956 0.         0.         0.         0.01062694 0.         0.         0.         0.         0.         0.         0.0164687  0.         0.93696457 0.         0.01299023 0.         0.         0.        ],[0. 0. 0. 0. 0. 0. 0. 0. 0. 0. 0. 0. 1. 0. 0. 0. 1. 0. 0. 0. 0. 0. 0. 1. 0. 1. 0. 1. 0. 0. 0.],5.0,10000,30,0.6,10,1,5,,problem_solving
6300,0.014889544241595087,0.0046905324699399896,0.4,-13.973070603468717,[0.         0.         0.         0.         0.         0.         0.         0.         0.         0.         0.         0.         0.02294956 0.         0.         0.         0.01062694 0.         0.         0.         0.         0.         0.         0.0164687  0.         0.93696457 0.         0.01299023 0.         0.         0.        ],[0. 0. 0. 0. 0. 0. 0. 0. 0. 0. 0. 0. 1. 0. 0. 0. 1. 0. 0. 0. 0. 0. 0. 1. 0. 1. 0. 1. 0. 0. 0.],5.0,10000,30,0.6,10,1,5,,problem_solving
6400,0.014889544241595087,0.0046905324699399896,0.4,6.927885557244876,[0.         0.         0.         0.         0.         0.         0.         0.         0.         0.         0.         0.         0.02294956 0.         0.         0.         0.01062694 0.         0.         0.         0.         0.         0.         0.0164687  0.         0.93696457 0.         0.01299023 0.         0.         0.        ],[0. 0. 0. 0. 0. 0. 0. 0. 0. 0. 0. 0. 1. 0. 0. 0. 1. 0. 0. 0. 0. 0. 0. 1. 0. 1. 0. 1. 0. 0. 0.],5.0,10000,30,0.6,10,1,5,,problem_solving
6500,0.014889544241595087,0.0046905324699399896,0.4,20.906073075126695,[0.         0.         0.         0.         0.         0.         0.         0.         0.         0.         0.         0.         0.02294956 0.         0.         0.         0.01062694 0.         0.         0.         0.         0.         0.         0.0164687  0.         0.93696457 0.         0.01299023 0.         0.         0.        ],[0. 0. 0. 0. 0. 0. 0. 0. 0. 0. 0. 0. 1. 0. 0. 0. 1. 0. 0. 0. 0. 0. 0. 1. 0. 1. 0. 1. 0. 0. 0.],5.0,10000,30,0.6,10,1,5,,problem_solving
6600,0.014889544241595087,0.0046905324699399896,0.4,-11.035921398862206,[0.         0.         0.         0.         0.         0.         0.         0.         0.         0.         0.         0.         0.02294956 0.         0.         0.         0.01062694 0.         0.         0.         0.         0.         0.         0.0164687  0.         0.93696457 0.         0.01299023 0.         0.         0.        ],[0. 0. 0. 0. 0. 0. 0. 0. 0. 0. 0. 0. 1. 0. 0. 0. 1. 0. 0. 0. 0. 0. 0. 1. 0. 1. 0. 1. 0. 0. 0.],5.0,10000,30,0.6,10,1,5,,problem_solving
6700,0.014889544241595087,0.0046905324699399896,0.4,2.995317601965505,[0.         0.         0.         0.         0.         0.         0.         0.         0.         0.         0.         0.         0.02294956 0.         0.         0.         0.01062694 0.         0.         0.         0.         0.         0.         0.0164687  0.         0.93696457 0.         0.01299023 0.         0.         0.        ],[0. 0. 0. 0. 0. 0. 0. 0. 0. 0. 0. 0. 1. 0. 0. 0. 1. 0. 0. 0. 0. 0. 0. 1. 0. 1. 0. 1. 0. 0. 0.],5.0,10000,30,0.6,10,1,5,,problem_solving
6800,0.014889544241595087,0.0046905324699399896,0.4,1.9910672550151611,[0.         0.         0.         0.         0.         0.         0.         0.         0.         0.         0.         0.         0.02294956 0.         0.         0.         0.01062694 0.         0.         0.         0.         0.         0.         0.0164687  0.         0.93696457 0.         0.01299023 0.         0.         0.        ],[0. 0. 0. 0. 0. 0. 0. 0. 0. 0. 0. 0. 1. 0. 0. 0. 1. 0. 0. 0. 0. 0. 0. 1. 0. 1. 0. 1. 0. 0. 0.],5.0,10000,30,0.6,10,1,5,,problem_solving
6900,0.014889544241595087,0.0046905324699399896,0.4,-4.658519847801425,[0.         0.         0.         0.         0.         0.         0.         0.         0.         0.         0.         0.         0.02294956 0.         0.         0.         0.01062694 0.         0.         0.         0.         0.         0.         0.0164687  0.         0.93696457 0.         0.01299023 0.         0.         0.        ],[0. 0. 0. 0. 0. 0. 0. 0. 0. 0. 0. 0. 1. 0. 0. 0. 1. 0. 0. 0. 0. 0. 0. 1. 0. 1. 0. 1. 0. 0. 0.],5.0,10000,30,0.6,10,1,5,,problem_solving
7000,0.014889544241595087,0.0046905324699399896,0.4,-4.528175549687336,[0.         0.         0.         0.         0.         0.         0.         0.         0.         0.         0.         0.         0.02294956 0.         0.         0.         0.01062694 0.         0.         0.         0.         0.         0.         0.0164687  0.         0.93696457 0.         0.01299023 0.         0.         0.        ],[0. 0. 0. 0. 0. 0. 0. 0. 0. 0. 0. 0. 1. 0. 0. 0. 1. 0. 0. 0. 0. 0. 0. 1. 0. 1. 0. 1. 0. 0. 0.],5.0,10000,30,0.6,10,1,5,,problem_solving
7100,0.014889544241595087,0.0046905324699399896,0.4,4.2128783885152705,[0.         0.         0.         0.         0.         0.         0.         0.         0.         0.         0.         0.         0.02294956 0.         0.         0.         0.01062694 0.         0.         0.         0.         0.         0.         0.0164687  0.         0.93696457 0.         0.01299023 0.         0.         0.        ],[0. 0. 0. 0. 0. 0. 0. 0. 0. 0. 0. 0. 1. 0. 0. 0. 1. 0. 0. 0. 0. 0. 0. 1. 0. 1. 0. 1. 0. 0. 0.],5.0,10000,30,0.6,10,1,5,,problem_solving
7200,0.014889544241595087,0.0046905324699399896,0.4,1.9309748244944889,[0.         0.         0.         0.         0.         0.         0.         0.         0.         0.         0.         0.         0.02294956 0.         0.         0.         0.01062694 0.         0.         0.         0.         0.         0.         0.0164687  0.         0.93696457 0.         0.01299023 0.         0.         0.        ],[0. 0. 0. 0. 0. 0. 0. 0. 0. 0. 0. 0. 1. 0. 0. 0. 1. 0. 0. 0. 0. 0. 0. 1. 0. 1. 0. 1. 0. 0. 0.],5.0,10000,30,0.6,10,1,5,,problem_solving
7300,0.014889544241595087,0.0046905324699399896,0.4,2.9825533913245095,[0.         0.         0.         0.         0.         0.         0.         0.         0.         0.         0.         0.         0.02294956 0.         0.         0.         0.01062694 0.         0.         0.         0.         0.         0.         0.0164687  0.         0.93696457 0.         0.01299023 0.         0.         0.        ],[0. 0. 0. 0. 0. 0. 0. 0. 0. 0. 0. 0. 1. 0. 0. 0. 1. 0. 0. 0. 0. 0. 0. 1. 0. 1. 0. 1. 0. 0. 0.],5.0,10000,30,0.6,10,1,5,,problem_solving
7400,0.014889544241595087,0.0046905324699399896,0.4,-4.859882636183202,[0.         0.         0.         0.         0.         0.         0.         0.         0.         0.         0.         0.         0.02294956 0.         0.         0.         0.01062694 0.         0.         0.         0.         0.         0.         0.0164687  0.         0.93696457 0.         0.01299023 0.         0.         0.        ],[0. 0. 0. 0. 0. 0. 0. 0. 0. 0. 0. 0. 1. 0. 0. 0. 1. 0. 0. 0. 0. 0. 0. 1. 0. 1. 0. 1. 0. 0. 0.],5.0,10000,30,0.6,10,1,5,,problem_solving
7500,0.014889544241595087,0.0046905324699399896,0.4,11.19743651071859,[0.         0.         0.         0.         0.         0.         0.         0.         0.         0.         0.         0.         0.02294956 0.         0.         0.         0.01062694 0.         0.         0.         0.         0.         0.         0.0164687  0.         0.93696457 0.         0.01299023 0.         0.         0.        ],[0. 0. 0. 0. 0. 0. 0. 0. 0. 0. 0. 0. 1. 0. 0. 0. 1. 0. 0. 0. 0. 0. 0. 1. 0. 1. 0. 1. 0. 0. 0.],5.0,10000,30,0.6,10,1,5,,problem_solving
7600,0.014889544241595087,0.0046905324699399896,0.4,8.853125124635573,[0.         0.         0.         0.         0.         0.         0.         0.         0.         0.         0.         0.         0.02294956 0.         0.         0.         0.01062694 0.         0.         0.         0.         0.         0.         0.0164687  0.         0.93696457 0.         0.01299023 0.         0.         0.        ],[0. 0. 0. 0. 0. 0. 0. 0. 0. 0. 0. 0. 1. 0. 0. 0. 1. 0. 0. 0. 0. 0. 0. 1. 0. 1. 0. 1. 0. 0. 0.],5.0,10000,30,0.6,10,1,5,,problem_solving
7700,0.014889544241595087,0.0046905324699399896,0.4,15.840347351642649,[0.         0.         0.         0.         0.         0.         0.         0.         0.         0.         0.         0.         0.02294956 0.         0.         0.         0.01062694 0.         0.         0.         0.         0.         0.         0.0164687  0.         0.93696457 0.         0.01299023 0.         0.         0.        ],[0. 0. 0. 0. 0. 0. 0. 0. 0. 0. 0. 0. 1. 0. 0. 0. 1. 0. 0. 0. 0. 0. 0. 1. 0. 1. 0. 1. 0. 0. 0.],5.0,10000,30,0.6,10,1,5,,problem_solving
7800,0.014889544241595087,0.0046905324699399896,0.4,-11.15925577880789,[0.         0.         0.         0.         0.         0.         0.         0.         0.         0.         0.         0.         0.02294956 0.         0.         0.         0.01062694 0.         0.         0.         0.         0.         0.         0.0164687  0.         0.93696457 0.         0.01299023 0.         0.         0.        ],[0. 0. 0. 0. 0. 0. 0. 0. 0. 0. 0. 0. 1. 0. 0. 0. 1. 0. 0. 0. 0. 0. 0. 1. 0. 1. 0. 1. 0. 0. 0.],5.0,10000,30,0.6,10,1,5,,problem_solving
7900,0.014889544241595087,0.0046905324699399896,0.4,9.574495558584946,[0.         0.         0.         0.         0.         0.         0.         0.         0.         0.         0.         0.         0.02294956 0.         0.         0.         0.01062694 0.         0.         0.         0.         0.         0.         0.0164687  0.         0.93696457 0.         0.01299023 0.         0.         0.        ],[0. 0. 0. 0. 0. 0. 0. 0. 0. 0. 0. 0. 1. 0. 0. 0. 1. 0. 0. 0. 0. 0. 0. 1. 0. 1. 0. 1. 0. 0. 0.],5.0,10000,30,0.6,10,1,5,,problem_solving
8000,0.014889544241595087,0.0046905324699399896,0.4,0.48321474713955015,[0.         0.         0.         0.         0.         0.         0.         0.         0.         0.         0.         0.         0.02294956 0.         0.         0.         0.01062694 0.         0.         0.         0.         0.         0.         0.0164687  0.         0.93696457 0.         0.01299023 0.         0.         0.        ],[0. 0. 0. 0. 0. 0. 0. 0. 0. 0. 0. 0. 1. 0. 0. 0. 1. 0. 0. 0. 0. 0. 0. 1. 0. 1. 0. 1. 0. 0. 0.],5.0,10000,30,0.6,10,1,5,,problem_solving
8100,0.014889544241595087,0.0046905324699399896,0.4,3.0601714985917243,[0.         0.         0.         0.         0.         0.         0.         0.         0.         0.         0.         0.         0.02294956 0.         0.         0.         0.01062694 0.         0.         0.         0.         0.         0.         0.0164687  0.         0.93696457 0.         0.01299023 0.         0.         0.        ],[0. 0. 0. 0. 0. 0. 0. 0. 0. 0. 0. 0. 1. 0. 0. 0. 1. 0. 0. 0. 0. 0. 0. 1. 0. 1. 0. 1. 0. 0. 0.],5.0,10000,30,0.6,10,1,5,,problem_solving
8200,0.014889544241595087,0.0046905324699399896,0.4,11.229483866098104,[0.         0.         0.         0.         0.         0.         0.         0.         0.         0.         0.         0.         0.02294956 0.         0.         0.         0.01062694 0.         0.         0.         0.         0.         0.         0.0164687  0.         0.93696457 0.         0.01299023 0.         0.         0.        ],[0. 0. 0. 0. 0. 0. 0. 0. 0. 0. 0. 0. 1. 0. 0. 0. 1. 0. 0. 0. 0. 0. 0. 1. 0. 1. 0. 1. 0. 0. 0.],5.0,10000,30,0.6,10,1,5,,problem_solving
8300,0.014889544241595087,0.0046905324699399896,0.4,8.151100797826015,[0.         0.         0.         0.         0.         0.         0.         0.         0.         0.         0.         0.         0.02294956 0.         0.         0.         0.01062694 0.         0.         0.         0.         0.         0.         0.0164687  0.         0.93696457 0.         0.01299023 0.         0.         0.        ],[0. 0. 0. 0. 0. 0. 0. 0. 0. 0. 0. 0. 1. 0. 0. 0. 1. 0. 0. 0. 0. 0. 0. 1. 0. 1. 0. 1. 0. 0. 0.],5.0,10000,30,0.6,10,1,5,,problem_solving
8400,0.014889544241595087,0.0046905324699399896,0.4,-4.042919019500097,[0.         0.         0.         0.         0.         0.         0.         0.         0.         0.         0.         0.         0.02294956 0.         0.         0.         0.01062694 0.         0.         0.         0.         0.         0.         0.0164687  0.         0.93696457 0.         0.01299023 0.         0.         0.        ],[0. 0. 0. 0. 0. 0. 0. 0. 0. 0. 0. 0. 1. 0. 0. 0. 1. 0. 0. 0. 0. 0. 0. 1. 0. 1. 0. 1. 0. 0. 0.],5.0,10000,30,0.6,10,1,5,,problem_solving
8500,0.014889544241595087,0.0046905324699399896,0.4,18.149890190925888,[0.         0.         0.         0.         0.         0.         0.         0.         0.         0.         0.         0.         0.02294956 0.         0.         0.         0.01062694 0.         0.         0.         0.         0.         0.         0.0164687  0.         0.93696457 0.         0.01299023 0.         0.         0.        ],[0. 0. 0. 0. 0. 0. 0. 0. 0. 0. 0. 0. 1. 0. 0. 0. 1. 0. 0. 0. 0. 0. 0. 1. 0. 1. 0. 1. 0. 0. 0.],5.0,10000,30,0.6,10,1,5,,problem_solving
8600,0.014889544241595087,0.0046905324699399896,0.4,-4.640838684243568,[0.         0.         0.         0.         0.         0.         0.         0.         0.         0.         0.         0.         0.02294956 0.         0.         0.         0.01062694 0.         0.         0.         0.         0.         0.         0.0164687  0.         0.93696457 0.         0.01299023 0.         0.         0.        ],[0. 0. 0. 0. 0. 0. 0. 0. 0. 0. 0. 0. 1. 0. 0. 0. 1. 0. 0. 0. 0. 0. 0. 1. 0. 1. 0. 1. 0. 0. 0.],5.0,10000,30,0.6,10,1,5,,problem_solving
8700,0.014889544241595087,0.0046905324699399896,0.4,22.540265340330976,[0.         0.         0.         0.         0.         0.         0.         0.         0.         0.         0.         0.         0.02294956 0.         0.         0.         0.01062694 0.         0.         0.         0.         0.         0.         0.0164687  0.         0.93696457 0.         0.01299023 0.         0.         0.        ],[0. 0. 0. 0. 0. 0. 0. 0. 0. 0. 0. 0. 1. 0. 0. 0. 1. 0. 0. 0. 0. 0. 0. 1. 0. 1. 0. 1. 0. 0. 0.],5.0,10000,30,0.6,10,1,5,,problem_solving
8800,0.014889544241595087,0.0046905324699399896,0.4,11.343938205874748,[0.         0.         0.         0.         0.         0.         0.         0.         0.         0.         0.         0.         0.02294956 0.         0.         0.         0.01062694 0.         0.         0.         0.         0.         0.         0.0164687  0.         0.93696457 0.         0.01299023 0.         0.         0.        ],[0. 0. 0. 0. 0. 0. 0. 0. 0. 0. 0. 0. 1. 0. 0. 0. 1. 0. 0. 0. 0. 0. 0. 1. 0. 1. 0. 1. 0. 0. 0.],5.0,10000,30,0.6,10,1,5,,problem_solving
8900,0.014889544241595087,0.0046905324699399896,0.4,7.60376161141147,[0.         0.         0.         0.         0.         0.         0.         0.         0.         0.         0.         0.         0.02294956 0.         0.         0.         0.01062694 0.         0.         0.         0.         0.         0.         0.0164687  0.         0.93696457 0.         0.01299023 0.         0.         0.        ],[0. 0. 0. 0. 0. 0. 0. 0. 0. 0. 0. 0. 1. 0. 0. 0. 1. 0. 0. 0. 0. 0. 0. 1. 0. 1. 0. 1. 0. 0. 0.],5.0,10000,30,0.6,10,1,5,,problem_solving
9000,0.014889544241595087,0.0046905324699399896,0.4,-5.466919047489651,[0.         0.         0.         0.         0.         0.         0.         0.         0.         0.         0.         0.         0.02294956 0.         0.         0.         0.01062694 0.         0.         0.         0.         0.         0.         0.0164687  0.         0.93696457 0.         0.01299023 0.         0.         0.        ],[0. 0. 0. 0. 0. 0. 0. 0. 0. 0. 0. 0. 1. 0. 0. 0. 1. 0. 0. 0. 0. 0. 0. 1. 0. 1. 0. 1. 0. 0. 0.],5.0,10000,30,0.6,10,1,5,,problem_solving
9100,0.014889544241595087,0.0046905324699399896,0.4,-16.678607922087984,[0.         0.         0.         0.         0.         0.         0.         0.         0.         0.         0.         0.         0.02294956 0.         0.         0.         0.01062694 0.         0.         0.         0.         0.         0.         0.0164687  0.         0.93696457 0.         0.01299023 0.         0.         0.        ],[0. 0. 0. 0. 0. 0. 0. 0. 0. 0. 0. 0. 1. 0. 0. 0. 1. 0. 0. 0. 0. 0. 0. 1. 0. 1. 0. 1. 0. 0. 0.],5.0,10000,30,0.6,10,1,5,,problem_solving
9200,0.014889544241595087,0.0046905324699399896,0.4,4.488567187411087,[0.         0.         0.         0.         0.         0.         0.         0.         0.         0.         0.         0.         0.02294956 0.         0.         0.         0.01062694 0.         0.         0.         0.         0.         0.         0.0164687  0.         0.93696457 0.         0.01299023 0.         0.         0.        ],[0. 0. 0. 0. 0. 0. 0. 0. 0. 0. 0. 0. 1. 0. 0. 0. 1. 0. 0. 0. 0. 0. 0. 1. 0. 1. 0. 1. 0. 0. 0.],5.0,10000,30,0.6,10,1,5,,problem_solving
9300,0.014889544241595087,0.0046905324699399896,0.4,-0.6959607454493959,[0.         0.         0.         0.         0.         0.         0.         0.         0.         0.         0.         0.         0.02294956 0.         0.         0.         0.01062694 0.         0.         0.         0.         0.         0.         0.0164687  0.         0.93696457 0.         0.01299023 0.         0.         0.        ],[0. 0. 0. 0. 0. 0. 0. 0. 0. 0. 0. 0. 1. 0. 0. 0. 1. 0. 0. 0. 0. 0. 0. 1. 0. 1. 0. 1. 0. 0. 0.],5.0,10000,30,0.6,10,1,5,,problem_solving
9400,0.014889544241595087,0.0046905324699399896,0.4,5.241415380355388,[0.         0.         0.         0.         0.         0.         0.         0.         0.         0.         0.         0.         0.02294956 0.         0.         0.         0.01062694 0.         0.         0.         0.         0.         0.         0.0164687  0.         0.93696457 0.         0.01299023 0.         0.         0.        ],[0. 0. 0. 0. 0. 0. 0. 0. 0. 0. 0. 0. 1. 0. 0. 0. 1. 0. 0. 0. 0. 0. 0. 1. 0. 1. 0. 1. 0. 0. 0.],5.0,10000,30,0.6,10,1,5,,problem_solving
9500,0.014889544241595087,0.0046905324699399896,0.4,1.778617177984732,[0.         0.         0.         0.         0.         0.         0.         0.         0.         0.         0.         0.         0.02294956 0.         0.         0.         0.01062694 0.         0.         0.         0.         0.         0.         0.0164687  0.         0.93696457 0.         0.01299023 0.         0.         0.        ],[0. 0. 0. 0. 0. 0. 0. 0. 0. 0. 0. 0. 1. 0. 0. 0. 1. 0. 0. 0. 0. 0. 0. 1. 0. 1. 0. 1. 0. 0. 0.],5.0,10000,30,0.6,10,1,5,,problem_solving
9600,0.014889544241595087,0.0046905324699399896,0.4,3.3968149853927376,[0.         0.         0.         0.         0.         0.         0.         0.         0.         0.         0.         0.         0.02294956 0.         0.         0.         0.01062694 0.         0.         0.         0.         0.         0.         0.0164687  0.         0.93696457 0.         0.01299023 0.         0.         0.        ],[0. 0. 0. 0. 0. 0. 0. 0. 0. 0. 0. 0. 1. 0. 0. 0. 1. 0. 0. 0. 0. 0. 0. 1. 0. 1. 0. 1. 0. 0. 0.],5.0,10000,30,0.6,10,1,5,,problem_solving
9700,0.014889544241595087,0.0046905324699399896,0.4,2.08107495011953,[0.         0.         0.         0.         0.         0.         0.         0.         0.         0.         0.         0.         0.02294956 0.         0.         0.         0.01062694 0.         0.         0.         0.         0.         0.         0.0164687  0.         0.93696457 0.         0.01299023 0.         0.         0.        ],[0. 0. 0. 0. 0. 0. 0. 0. 0. 0. 0. 0. 1. 0. 0. 0. 1. 0. 0. 0. 0. 0. 0. 1. 0. 1. 0. 1. 0. 0. 0.],5.0,10000,30,0.6,10,1,5,,problem_solving
9800,0.014889544241595087,0.0046905324699399896,0.4,25.83415211149626,[0.         0.         0.         0.         0.         0.         0.         0.         0.         0.         0.         0.         0.02294956 0.         0.         0.         0.01062694 0.         0.         0.         0.         0.         0.         0.0164687  0.         0.93696457 0.         0.01299023 0.         0.         0.        ],[0. 0. 0. 0. 0. 0. 0. 0. 0. 0. 0. 0. 1. 0. 0. 0. 1. 0. 0. 0. 0. 0. 0. 1. 0. 1. 0. 1. 0. 0. 0.],5.0,10000,30,0.6,10,1,5,,problem_solving
9900,0.014889544241595087,0.0046905324699399896,0.4,-7.408371465140697,[0.         0.         0.         0.         0.         0.         0.         0.         0.         0.         0.         0.         0.02294956 0.         0.         0.         0.01062694 0.         0.         0.         0.         0.         0.         0.0164687  0.         0.93696457 0.         0.01299023 0.         0.         0.        ],[0. 0. 0. 0. 0. 0. 0. 0. 0. 0. 0. 0. 1. 0. 0. 0. 1. 0. 0. 0. 0. 0. 0. 1. 0. 1. 0. 1. 0. 0. 0.],5.0,10000,30,0.6,10,1,5,,problem_solving
9999,0.014889544241595087,0.0046905324699399896,0.4,9.828666849064996,[0.         0.         0.         0.         0.         0.         0.         0.         0.         0.         0.         0.         0.02294956 0.         0.         0.         0.01062694 0.         0.         0.         0.         0.         0.         0.0164687  0.         0.93696457 0.         0.01299023 0.         0.         0.        ],[0. 0. 0. 0. 0. 0. 0. 0. 0. 0. 0. 0. 1. 0. 0. 0. 1. 0. 0. 0. 0. 0. 0. 1. 0. 1. 0. 1. 0. 0. 0.],5.0,10000,30,0.6,10,1,5,,problem_solving
