iter,cost,risk,return,par,bw,move,X,Z,Q,pop_init,max_iter,pop_size,mem_size,mem_consider,par_min,par_max,bw_min,bw_max,sigma,lambda,port_n,k,seed,tag,local_search
1,0.01017603068117469,0.013121,0.002378838520133216,0.50004,0.8999471007548476,-0.4956118116957122,[0.         0.         0.         0.         0.96043536 0.         0.         0.         0.         0.         0.         0.         0.         0.         0.         0.         0.         0.         0.         0.         0.         0.         0.         0.         0.         0.01689008 0.         0.02267456 0.         0.         0.        ],[0. 0. 0. 0. 1. 0. 0. 0. 0. 0. 0. 0. 0. 0. 0. 0. 0. 0. 0. 0. 0. 0. 0. 0. 0. 1. 0. 1. 0. 0. 0.],3.0,best,10000,100000,100,0.9,0.5,0.9,0.5,0.9,1,0.81,1,3,,problem_solving,10
100,0.006129691594187947,0.033923,0.0034100358297194924,0.504,0.894725436791504,1.660291212794211,[0.         0.         0.         0.         0.96867286 0.         0.         0.         0.         0.         0.         0.         0.         0.         0.         0.         0.         0.         0.         0.         0.         0.         0.         0.         0.         0.01566357 0.         0.01566357 0.         0.         0.        ],[0. 0. 0. 0. 1. 0. 0. 0. 0. 0. 0. 0. 0. 0. 0. 0. 0. 0. 0. 0. 0. 0. 0. 0. 0. 1. 0. 1. 0. 0. 0.],3.0,best,10000,100000,100,0.9,0.5,0.9,0.5,0.9,1,0.81,1,3,,problem_solving,10
200,0.00434999134330555,0.028394,0.0028195784364448734,0.508,0.8894817858241639,0.5543388547573684,[0.         0.         0.         0.         0.96258649 0.         0.         0.         0.         0.         0.         0.         0.         0.         0.         0.         0.         0.         0.         0.         0.         0.         0.         0.         0.         0.01661127 0.         0.02080224 0.         0.         0.        ],[0. 0. 0. 0. 1. 0. 0. 0. 0. 0. 0. 0. 0. 0. 0. 0. 0. 0. 0. 0. 0. 0. 0. 0. 0. 1. 0. 1. 0. 0. 0.],3.0,best,10000,100000,100,0.9,0.5,0.9,0.5,0.9,1,0.81,1,3,,problem_solving,10
300,0.00434999134330555,0.028394,0.0028195784364448734,0.512,0.8842688659329022,0.706383509233636,[0.         0.         0.         0.         0.96258649 0.         0.         0.         0.         0.         0.         0.         0.         0.         0.         0.         0.         0.         0.         0.         0.         0.         0.         0.         0.         0.01661127 0.         0.02080224 0.         0.         0.        ],[0. 0. 0. 0. 1. 0. 0. 0. 0. 0. 0. 0. 0. 0. 0. 0. 0. 0. 0. 0. 0. 0. 0. 0. 0. 1. 0. 1. 0. 0. 0.],3.0,best,10000,100000,100,0.9,0.5,0.9,0.5,0.9,1,0.81,1,3,,problem_solving,10
400,0.00434999134330555,0.028394,0.0028195784364448734,0.516,0.879086497014382,0.473317786868693,[0.         0.         0.         0.         0.96258649 0.         0.         0.         0.         0.         0.         0.         0.         0.         0.         0.         0.         0.         0.         0.         0.         0.         0.         0.         0.         0.01661127 0.         0.02080224 0.         0.         0.        ],[0. 0. 0. 0. 1. 0. 0. 0. 0. 0. 0. 0. 0. 0. 0. 0. 0. 0. 0. 0. 0. 0. 0. 0. 0. 1. 0. 1. 0. 0. 0.],3.0,best,10000,100000,100,0.9,0.5,0.9,0.5,0.9,1,0.81,1,3,,problem_solving,10
500,0.0030153379348813107,0.028373,0.0050491332441698076,0.52,0.8739345000207845,0.48017281560394276,[0.         0.         0.         0.         0.01434024 0.         0.         0.         0.         0.         0.         0.         0.         0.         0.         0.         0.         0.         0.         0.         0.         0.         0.         0.         0.         0.01434024 0.         0.97131951 0.         0.         0.        ],[0. 0. 0. 0. 1. 0. 0. 0. 0. 0. 0. 0. 0. 0. 0. 0. 0. 0. 0. 0. 0. 0. 0. 0. 0. 1. 0. 1. 0. 0. 0.],3.0,best,10000,100000,100,0.9,0.5,0.9,0.5,0.9,1,0.81,1,3,,problem_solving,10
600,0.0030153379348813107,0.028373,0.0050491332441698076,0.524,0.8688126969536234,1.7433413738751127,[0.         0.         0.         0.         0.01434024 0.         0.         0.         0.         0.         0.         0.         0.         0.         0.         0.         0.         0.         0.         0.         0.         0.         0.         0.         0.         0.01434024 0.         0.97131951 0.         0.         0.        ],[0. 0. 0. 0. 1. 0. 0. 0. 0. 0. 0. 0. 0. 0. 0. 0. 0. 0. 0. 0. 0. 0. 0. 0. 0. 1. 0. 1. 0. 0. 0.],3.0,best,10000,100000,100,0.9,0.5,0.9,0.5,0.9,1,0.81,1,3,,problem_solving,10
700,0.0030153379348813107,0.028373,0.0050491332441698076,0.528,0.8637209108575947,-1.0637183317693877,[0.         0.         0.         0.         0.01434024 0.         0.         0.         0.         0.         0.         0.         0.         0.         0.         0.         0.         0.         0.         0.         0.         0.         0.         0.         0.         0.01434024 0.         0.97131951 0.         0.         0.        ],[0. 0. 0. 0. 1. 0. 0. 0. 0. 0. 0. 0. 0. 0. 0. 0. 0. 0. 0. 0. 0. 0. 0. 0. 0. 1. 0. 1. 0. 0. 0.],3.0,best,10000,100000,100,0.9,0.5,0.9,0.5,0.9,1,0.81,1,3,,problem_solving,10
800,0.0030153379348813107,0.028373,0.0050491332441698076,0.532,0.8586589658144633,-1.6709017098709156,[0.         0.         0.         0.         0.01434024 0.         0.         0.         0.         0.         0.         0.         0.         0.         0.         0.         0.         0.         0.         0.         0.         0.         0.         0.         0.         0.01434024 0.         0.97131951 0.         0.         0.        ],[0. 0. 0. 0. 1. 0. 0. 0. 0. 0. 0. 0. 0. 0. 0. 0. 0. 0. 0. 0. 0. 0. 0. 0. 0. 1. 0. 1. 0. 0. 0.],3.0,best,10000,100000,100,0.9,0.5,0.9,0.5,0.9,1,0.81,1,3,,problem_solving,10
900,0.0030153379348813107,0.028373,0.0050491332441698076,0.536,0.8536266869369854,0.35929697779378794,[0.         0.         0.         0.         0.01434024 0.         0.         0.         0.         0.         0.         0.         0.         0.         0.         0.         0.         0.         0.         0.         0.         0.         0.         0.         0.         0.01434024 0.         0.97131951 0.         0.         0.        ],[0. 0. 0. 0. 1. 0. 0. 0. 0. 0. 0. 0. 0. 0. 0. 0. 0. 0. 0. 0. 0. 0. 0. 0. 0. 1. 0. 1. 0. 0. 0.],3.0,best,10000,100000,100,0.9,0.5,0.9,0.5,0.9,1,0.81,1,3,,problem_solving,10
1000,0.0027743459884038476,0.034868,0.009555411615236025,0.54,0.8486239003628652,-0.3356066668519943,[0.         0.         0.         0.         0.97239585 0.         0.         0.         0.         0.         0.         0.         0.         0.         0.         0.         0.         0.         0.         0.         0.         0.01380207 0.         0.         0.         0.         0.         0.01380207 0.         0.         0.        ],[0. 0. 0. 0. 1. 0. 0. 0. 0. 0. 0. 0. 0. 0. 0. 0. 0. 0. 0. 0. 0. 1. 0. 0. 0. 0. 0. 1. 0. 0. 0.],3.0,best,10000,100000,100,0.9,0.5,0.9,0.5,0.9,1,0.81,1,3,,problem_solving,10
1100,0.0027743459884038476,0.034868,0.009555411615236025,0.544,0.8436504332487491,-0.8374107912390331,[0.         0.         0.         0.         0.97239585 0.         0.         0.         0.         0.         0.         0.         0.         0.         0.         0.         0.         0.         0.         0.         0.         0.01380207 0.         0.         0.         0.         0.         0.01380207 0.         0.         0.        ],[0. 0. 0. 0. 1. 0. 0. 0. 0. 0. 0. 0. 0. 0. 0. 0. 0. 0. 0. 0. 0. 1. 0. 0. 0. 0. 0. 1. 0. 0. 0.],3.0,best,10000,100000,100,0.9,0.5,0.9,0.5,0.9,1,0.81,1,3,,problem_solving,10
1200,0.0027743459884038476,0.034868,0.009555411615236025,0.548,0.838706113764254,1.708992251163324,[0.         0.         0.         0.         0.97239585 0.         0.         0.         0.         0.         0.         0.         0.         0.         0.         0.         0.         0.         0.         0.         0.         0.01380207 0.         0.         0.         0.         0.         0.01380207 0.         0.         0.        ],[0. 0. 0. 0. 1. 0. 0. 0. 0. 0. 0. 0. 0. 0. 0. 0. 0. 0. 0. 0. 0. 1. 0. 0. 0. 0. 0. 1. 0. 0. 0.],3.0,best,10000,100000,100,0.9,0.5,0.9,0.5,0.9,1,0.81,1,3,,problem_solving,10
1300,0.0027743459884038476,0.034868,0.009555411615236025,0.552,0.83379077108603,-2.1850643155754432,[0.         0.         0.         0.         0.97239585 0.         0.         0.         0.         0.         0.         0.         0.         0.         0.         0.         0.         0.         0.         0.         0.         0.01380207 0.         0.         0.         0.         0.         0.01380207 0.         0.         0.        ],[0. 0. 0. 0. 1. 0. 0. 0. 0. 0. 0. 0. 0. 0. 0. 0. 0. 0. 0. 0. 0. 1. 0. 0. 0. 0. 0. 1. 0. 0. 0.],3.0,best,10000,100000,100,0.9,0.5,0.9,0.5,0.9,1,0.81,1,3,,problem_solving,10
1400,0.0027743459884038476,0.034868,0.009555411615236025,0.556,0.828904235391859,-0.3534819972160712,[0.         0.         0.         0.         0.97239585 0.         0.         0.         0.         0.         0.         0.         0.         0.         0.         0.         0.         0.         0.         0.         0.         0.01380207 0.         0.         0.         0.         0.         0.01380207 0.         0.         0.        ],[0. 0. 0. 0. 1. 0. 0. 0. 0. 0. 0. 0. 0. 0. 0. 0. 0. 0. 0. 0. 0. 1. 0. 0. 0. 0. 0. 1. 0. 0. 0.],3.0,best,10000,100000,100,0.9,0.5,0.9,0.5,0.9,1,0.81,1,3,,problem_solving,10
1500,0.0027743459884038476,0.034868,0.009555411615236025,0.56,0.8240463378547873,1.534722073458541,[0.         0.         0.         0.         0.97239585 0.         0.         0.         0.         0.         0.         0.         0.         0.         0.         0.         0.         0.         0.         0.         0.         0.01380207 0.         0.         0.         0.         0.         0.01380207 0.         0.         0.        ],[0. 0. 0. 0. 1. 0. 0. 0. 0. 0. 0. 0. 0. 0. 0. 0. 0. 0. 0. 0. 0. 1. 0. 0. 0. 0. 0. 1. 0. 0. 0.],3.0,best,10000,100000,100,0.9,0.5,0.9,0.5,0.9,1,0.81,1,3,,problem_solving,10
1600,0.0027743459884038476,0.034868,0.009555411615236025,0.5640000000000001,0.8192169106372932,2.2368554709680653,[0.         0.         0.         0.         0.97239585 0.         0.         0.         0.         0.         0.         0.         0.         0.         0.         0.         0.         0.         0.         0.         0.         0.01380207 0.         0.         0.         0.         0.         0.01380207 0.         0.         0.        ],[0. 0. 0. 0. 1. 0. 0. 0. 0. 0. 0. 0. 0. 0. 0. 0. 0. 0. 0. 0. 0. 1. 0. 0. 0. 0. 0. 1. 0. 0. 0.],3.0,best,10000,100000,100,0.9,0.5,0.9,0.5,0.9,1,0.81,1,3,,problem_solving,10
1700,0.0027743459884038476,0.034868,0.009555411615236025,0.5680000000000001,0.8144157868854872,1.3203929269611014,[0.         0.         0.         0.         0.97239585 0.         0.         0.         0.         0.         0.         0.         0.         0.         0.         0.         0.         0.         0.         0.         0.         0.01380207 0.         0.         0.         0.         0.         0.01380207 0.         0.         0.        ],[0. 0. 0. 0. 1. 0. 0. 0. 0. 0. 0. 0. 0. 0. 0. 0. 0. 0. 0. 0. 0. 1. 0. 0. 0. 0. 0. 1. 0. 0. 0.],3.0,best,10000,100000,100,0.9,0.5,0.9,0.5,0.9,1,0.81,1,3,,problem_solving,10
1800,0.0027743459884038476,0.034868,0.009555411615236025,0.5720000000000001,0.8096428007233489,0.2902538991278616,[0.         0.         0.         0.         0.97239585 0.         0.         0.         0.         0.         0.         0.         0.         0.         0.         0.         0.         0.         0.         0.         0.         0.01380207 0.         0.         0.         0.         0.         0.01380207 0.         0.         0.        ],[0. 0. 0. 0. 1. 0. 0. 0. 0. 0. 0. 0. 0. 0. 0. 0. 0. 0. 0. 0. 0. 1. 0. 0. 0. 0. 0. 1. 0. 0. 0.],3.0,best,10000,100000,100,0.9,0.5,0.9,0.5,0.9,1,0.81,1,3,,problem_solving,10
1900,0.0027743459884038476,0.034868,0.009555411615236025,0.5760000000000001,0.8048977872469943,-0.2616347212088642,[0.         0.         0.         0.         0.97239585 0.         0.         0.         0.         0.         0.         0.         0.         0.         0.         0.         0.         0.         0.         0.         0.         0.01380207 0.         0.         0.         0.         0.         0.01380207 0.         0.         0.        ],[0. 0. 0. 0. 1. 0. 0. 0. 0. 0. 0. 0. 0. 0. 0. 0. 0. 0. 0. 0. 0. 1. 0. 0. 0. 0. 0. 1. 0. 0. 0.],3.0,best,10000,100000,100,0.9,0.5,0.9,0.5,0.9,1,0.81,1,3,,problem_solving,10
2000,0.0027743459884038476,0.034868,0.009555411615236025,0.58,0.80018058251898,-1.1550513999336827,[0.         0.         0.         0.         0.97239585 0.         0.         0.         0.         0.         0.         0.         0.         0.         0.         0.         0.         0.         0.         0.         0.         0.01380207 0.         0.         0.         0.         0.         0.01380207 0.         0.         0.        ],[0. 0. 0. 0. 1. 0. 0. 0. 0. 0. 0. 0. 0. 0. 0. 0. 0. 0. 0. 0. 0. 1. 0. 0. 0. 0. 0. 1. 0. 0. 0.],3.0,best,10000,100000,100,0.9,0.5,0.9,0.5,0.9,1,0.81,1,3,,problem_solving,10
2100,0.0027743459884038476,0.034868,0.009555411615236025,0.584,0.7954910235626383,-0.09436929428645954,[0.         0.         0.         0.         0.97239585 0.         0.         0.         0.         0.         0.         0.         0.         0.         0.         0.         0.         0.         0.         0.         0.         0.01380207 0.         0.         0.         0.         0.         0.01380207 0.         0.         0.        ],[0. 0. 0. 0. 1. 0. 0. 0. 0. 0. 0. 0. 0. 0. 0. 0. 0. 0. 0. 0. 0. 1. 0. 0. 0. 0. 0. 1. 0. 0. 0.],3.0,best,10000,100000,100,0.9,0.5,0.9,0.5,0.9,1,0.81,1,3,,problem_solving,10
2200,0.0027743459884038476,0.034868,0.009555411615236025,0.588,0.7908289483564468,1.1591344322271981,[0.         0.         0.         0.         0.97239585 0.         0.         0.         0.         0.         0.         0.         0.         0.         0.         0.         0.         0.         0.         0.         0.         0.01380207 0.         0.         0.         0.         0.         0.01380207 0.         0.         0.        ],[0. 0. 0. 0. 1. 0. 0. 0. 0. 0. 0. 0. 0. 0. 0. 0. 0. 0. 0. 0. 0. 1. 0. 0. 0. 0. 0. 1. 0. 0. 0.],3.0,best,10000,100000,100,0.9,0.5,0.9,0.5,0.9,1,0.81,1,3,,problem_solving,10
2300,0.0026387544343981486,0.027848,0.0023767469207516094,0.592,0.7861941958284306,0.3710417193434605,[0.         0.         0.         0.         0.96526643 0.         0.         0.         0.         0.         0.         0.         0.         0.         0.         0.         0.         0.         0.         0.         0.         0.         0.         0.         0.         0.01418902 0.         0.02054455 0.         0.         0.        ],[0. 0. 0. 0. 1. 0. 0. 0. 0. 0. 0. 0. 0. 0. 0. 0. 0. 0. 0. 0. 0. 0. 0. 0. 0. 1. 0. 1. 0. 0. 0.],3.0,best,10000,100000,100,0.9,0.5,0.9,0.5,0.9,1,0.81,1,3,,problem_solving,10
2400,0.0026387544343981486,0.027848,0.0023767469207516094,0.596,0.7815866058505976,1.658256770334823,[0.         0.         0.         0.         0.96526643 0.         0.         0.         0.         0.         0.         0.         0.         0.         0.         0.         0.         0.         0.         0.         0.         0.         0.         0.         0.         0.01418902 0.         0.02054455 0.         0.         0.        ],[0. 0. 0. 0. 1. 0. 0. 0. 0. 0. 0. 0. 0. 0. 0. 0. 0. 0. 0. 0. 0. 0. 0. 0. 0. 1. 0. 1. 0. 0. 0.],3.0,best,10000,100000,100,0.9,0.5,0.9,0.5,0.9,1,0.81,1,3,,problem_solving,10
2500,0.0026387544343981486,0.027848,0.0023767469207516094,0.6,0.7770060192334055,0.08267549904036559,[0.         0.         0.         0.         0.96526643 0.         0.         0.         0.         0.         0.         0.         0.         0.         0.         0.         0.         0.         0.         0.         0.         0.         0.         0.         0.         0.01418902 0.         0.02054455 0.         0.         0.        ],[0. 0. 0. 0. 1. 0. 0. 0. 0. 0. 0. 0. 0. 0. 0. 0. 0. 0. 0. 0. 0. 0. 0. 0. 0. 1. 0. 1. 0. 0. 0.],3.0,best,10000,100000,100,0.9,0.5,0.9,0.5,0.9,1,0.81,1,3,,problem_solving,10
2600,0.0025208274690171634,0.033509,0.004264094836590638,0.604,0.7724522777202627,0.2117548034066865,[0.         0.         0.         0.         0.96629368 0.         0.         0.         0.         0.         0.         0.         0.         0.         0.         0.         0.         0.         0.         0.         0.         0.         0.         0.         0.         0.01685316 0.         0.01685316 0.         0.         0.        ],[0. 0. 0. 0. 1. 0. 0. 0. 0. 0. 0. 0. 0. 0. 0. 0. 0. 0. 0. 0. 0. 0. 0. 0. 0. 1. 0. 1. 0. 0. 0.],3.0,best,10000,100000,100,0.9,0.5,0.9,0.5,0.9,1,0.81,1,3,,problem_solving,10
2700,0.0018897271767276606,0.031944,0.010155825657331167,0.608,0.7679252239820602,-1.3469729371526908,[0.         0.         0.         0.         0.97104547 0.         0.         0.         0.         0.         0.         0.         0.         0.         0.         0.         0.         0.         0.         0.         0.         0.         0.         0.         0.         0.01447726 0.         0.01447726 0.         0.         0.        ],[0. 0. 0. 0. 1. 0. 0. 0. 0. 0. 0. 0. 0. 0. 0. 0. 0. 0. 0. 0. 0. 0. 0. 0. 0. 1. 0. 1. 0. 0. 0.],3.0,best,10000,100000,100,0.9,0.5,0.9,0.5,0.9,1,0.81,1,3,,problem_solving,10
2800,0.0018897271767276606,0.031944,0.010155825657331167,0.612,0.7634247016117359,-0.9501170794090983,[0.         0.         0.         0.         0.97104547 0.         0.         0.         0.         0.         0.         0.         0.         0.         0.         0.         0.         0.         0.         0.         0.         0.         0.         0.         0.         0.01447726 0.         0.01447726 0.         0.         0.        ],[0. 0. 0. 0. 1. 0. 0. 0. 0. 0. 0. 0. 0. 0. 0. 0. 0. 0. 0. 0. 0. 0. 0. 0. 0. 1. 0. 1. 0. 0. 0.],3.0,best,10000,100000,100,0.9,0.5,0.9,0.5,0.9,1,0.81,1,3,,problem_solving,10
2900,0.0018897271767276606,0.031944,0.010155825657331167,0.616,0.758950555118871,-0.9662164546701596,[0.         0.         0.         0.         0.97104547 0.         0.         0.         0.         0.         0.         0.         0.         0.         0.         0.         0.         0.         0.         0.         0.         0.         0.         0.         0.         0.01447726 0.         0.01447726 0.         0.         0.        ],[0. 0. 0. 0. 1. 0. 0. 0. 0. 0. 0. 0. 0. 0. 0. 0. 0. 0. 0. 0. 0. 0. 0. 0. 0. 1. 0. 1. 0. 0. 0.],3.0,best,10000,100000,100,0.9,0.5,0.9,0.5,0.9,1,0.81,1,3,,problem_solving,10
3000,0.0018897271767276606,0.031944,0.010155825657331167,0.62,0.754502629924318,0.5204552185782818,[0.         0.         0.         0.         0.97104547 0.         0.         0.         0.         0.         0.         0.         0.         0.         0.         0.         0.         0.         0.         0.         0.         0.         0.         0.         0.         0.01447726 0.         0.01447726 0.         0.         0.        ],[0. 0. 0. 0. 1. 0. 0. 0. 0. 0. 0. 0. 0. 0. 0. 0. 0. 0. 0. 0. 0. 0. 0. 0. 0. 1. 0. 1. 0. 0. 0.],3.0,best,10000,100000,100,0.9,0.5,0.9,0.5,0.9,1,0.81,1,3,,problem_solving,10
3100,0.0018897271767276606,0.031944,0.010155825657331167,0.624,0.7500807723548599,0.5838726705386934,[0.         0.         0.         0.         0.97104547 0.         0.         0.         0.         0.         0.         0.         0.         0.         0.         0.         0.         0.         0.         0.         0.         0.         0.         0.         0.         0.01447726 0.         0.01447726 0.         0.         0.        ],[0. 0. 0. 0. 1. 0. 0. 0. 0. 0. 0. 0. 0. 0. 0. 0. 0. 0. 0. 0. 0. 0. 0. 0. 0. 1. 0. 1. 0. 0. 0.],3.0,best,10000,100000,100,0.9,0.5,0.9,0.5,0.9,1,0.81,1,3,,problem_solving,10
3200,0.0018897271767276606,0.031944,0.010155825657331167,0.628,0.7456848296379007,-0.48070985193349336,[0.         0.         0.         0.         0.97104547 0.         0.         0.         0.         0.         0.         0.         0.         0.         0.         0.         0.         0.         0.         0.         0.         0.         0.         0.         0.         0.01447726 0.         0.01447726 0.         0.         0.        ],[0. 0. 0. 0. 1. 0. 0. 0. 0. 0. 0. 0. 0. 0. 0. 0. 0. 0. 0. 0. 0. 0. 0. 0. 0. 1. 0. 1. 0. 0. 0.],3.0,best,10000,100000,100,0.9,0.5,0.9,0.5,0.9,1,0.81,1,3,,problem_solving,10
3300,0.0018897271767276606,0.031944,0.010155825657331167,0.632,0.7413146498961878,0.3979802141700025,[0.         0.         0.         0.         0.97104547 0.         0.         0.         0.         0.         0.         0.         0.         0.         0.         0.         0.         0.         0.         0.         0.         0.         0.         0.         0.         0.01447726 0.         0.01447726 0.         0.         0.        ],[0. 0. 0. 0. 1. 0. 0. 0. 0. 0. 0. 0. 0. 0. 0. 0. 0. 0. 0. 0. 0. 0. 0. 0. 0. 1. 0. 1. 0. 0. 0.],3.0,best,10000,100000,100,0.9,0.5,0.9,0.5,0.9,1,0.81,1,3,,problem_solving,10
3400,0.0018897271767276606,0.031944,0.010155825657331167,0.636,0.7369700821425638,0.22791964835682915,[0.         0.         0.         0.         0.97104547 0.         0.         0.         0.         0.         0.         0.         0.         0.         0.         0.         0.         0.         0.         0.         0.         0.         0.         0.         0.         0.01447726 0.         0.01447726 0.         0.         0.        ],[0. 0. 0. 0. 1. 0. 0. 0. 0. 0. 0. 0. 0. 0. 0. 0. 0. 0. 0. 0. 0. 0. 0. 0. 0. 1. 0. 1. 0. 0. 0.],3.0,best,10000,100000,100,0.9,0.5,0.9,0.5,0.9,1,0.81,1,3,,problem_solving,10
3500,0.0018897271767276606,0.031944,0.010155825657331167,0.64,0.7326509762747511,1.4320012416429426,[0.         0.         0.         0.         0.97104547 0.         0.         0.         0.         0.         0.         0.         0.         0.         0.         0.         0.         0.         0.         0.         0.         0.         0.         0.         0.         0.01447726 0.         0.01447726 0.         0.         0.        ],[0. 0. 0. 0. 1. 0. 0. 0. 0. 0. 0. 0. 0. 0. 0. 0. 0. 0. 0. 0. 0. 0. 0. 0. 0. 1. 0. 1. 0. 0. 0.],3.0,best,10000,100000,100,0.9,0.5,0.9,0.5,0.9,1,0.81,1,3,,problem_solving,10
3600,0.0018897271767276606,0.031944,0.010155825657331167,0.644,0.7283571830701648,-0.3274026266831894,[0.         0.         0.         0.         0.97104547 0.         0.         0.         0.         0.         0.         0.         0.         0.         0.         0.         0.         0.         0.         0.         0.         0.         0.         0.         0.         0.01447726 0.         0.01447726 0.         0.         0.        ],[0. 0. 0. 0. 1. 0. 0. 0. 0. 0. 0. 0. 0. 0. 0. 0. 0. 0. 0. 0. 0. 0. 0. 0. 0. 1. 0. 1. 0. 0. 0.],3.0,best,10000,100000,100,0.9,0.5,0.9,0.5,0.9,1,0.81,1,3,,problem_solving,10
3700,0.0018897271767276606,0.031944,0.010155825657331167,0.648,0.7240885541807586,0.9621725322292868,[0.         0.         0.         0.         0.97104547 0.         0.         0.         0.         0.         0.         0.         0.         0.         0.         0.         0.         0.         0.         0.         0.         0.         0.         0.         0.         0.01447726 0.         0.01447726 0.         0.         0.        ],[0. 0. 0. 0. 1. 0. 0. 0. 0. 0. 0. 0. 0. 0. 0. 0. 0. 0. 0. 0. 0. 0. 0. 0. 0. 1. 0. 1. 0. 0. 0.],3.0,best,10000,100000,100,0.9,0.5,0.9,0.5,0.9,1,0.81,1,3,,problem_solving,10
3800,0.0018897271767276606,0.031944,0.010155825657331167,0.652,0.7198449421278975,-1.0010898908795607,[0.         0.         0.         0.         0.97104547 0.         0.         0.         0.         0.         0.         0.         0.         0.         0.         0.         0.         0.         0.         0.         0.         0.         0.         0.         0.         0.01447726 0.         0.01447726 0.         0.         0.        ],[0. 0. 0. 0. 1. 0. 0. 0. 0. 0. 0. 0. 0. 0. 0. 0. 0. 0. 0. 0. 0. 0. 0. 0. 0. 1. 0. 1. 0. 0. 0.],3.0,best,10000,100000,100,0.9,0.5,0.9,0.5,0.9,1,0.81,1,3,,problem_solving,10
3900,0.0018897271767276606,0.031944,0.010155825657331167,0.656,0.7156262002972644,-0.9561496954693544,[0.         0.         0.         0.         0.97104547 0.         0.         0.         0.         0.         0.         0.         0.         0.         0.         0.         0.         0.         0.         0.         0.         0.         0.         0.         0.         0.01447726 0.         0.01447726 0.         0.         0.        ],[0. 0. 0. 0. 1. 0. 0. 0. 0. 0. 0. 0. 0. 0. 0. 0. 0. 0. 0. 0. 0. 0. 0. 0. 0. 1. 0. 1. 0. 0. 0.],3.0,best,10000,100000,100,0.9,0.5,0.9,0.5,0.9,1,0.81,1,3,,problem_solving,10
4000,0.0018897271767276606,0.031944,0.010155825657331167,0.66,0.7114321829337936,-0.6634407493774475,[0.         0.         0.         0.         0.97104547 0.         0.         0.         0.         0.         0.         0.         0.         0.         0.         0.         0.         0.         0.         0.         0.         0.         0.         0.         0.         0.01447726 0.         0.01447726 0.         0.         0.        ],[0. 0. 0. 0. 1. 0. 0. 0. 0. 0. 0. 0. 0. 0. 0. 0. 0. 0. 0. 0. 0. 0. 0. 0. 0. 1. 0. 1. 0. 0. 0.],3.0,best,10000,100000,100,0.9,0.5,0.9,0.5,0.9,1,0.81,1,3,,problem_solving,10
4100,0.0018897271767276606,0.031944,0.010155825657331167,0.664,0.707262745136635,-0.462794459850733,[0.         0.         0.         0.         0.97104547 0.         0.         0.         0.         0.         0.         0.         0.         0.         0.         0.         0.         0.         0.         0.         0.         0.         0.         0.         0.         0.01447726 0.         0.01447726 0.         0.         0.        ],[0. 0. 0. 0. 1. 0. 0. 0. 0. 0. 0. 0. 0. 0. 0. 0. 0. 0. 0. 0. 0. 0. 0. 0. 0. 1. 0. 1. 0. 0. 0.],3.0,best,10000,100000,100,0.9,0.5,0.9,0.5,0.9,1,0.81,1,3,,problem_solving,10
4200,0.0018897271767276606,0.031944,0.010155825657331167,0.668,0.7031177428541489,0.04698385996450909,[0.         0.         0.         0.         0.97104547 0.         0.         0.         0.         0.         0.         0.         0.         0.         0.         0.         0.         0.         0.         0.         0.         0.         0.         0.         0.         0.01447726 0.         0.01447726 0.         0.         0.        ],[0. 0. 0. 0. 1. 0. 0. 0. 0. 0. 0. 0. 0. 0. 0. 0. 0. 0. 0. 0. 0. 0. 0. 0. 0. 1. 0. 1. 0. 0. 0.],3.0,best,10000,100000,100,0.9,0.5,0.9,0.5,0.9,1,0.81,1,3,,problem_solving,10
4300,0.0018897271767276606,0.031944,0.010155825657331167,0.672,0.6989970328789274,0.5722479719029173,[0.         0.         0.         0.         0.97104547 0.         0.         0.         0.         0.         0.         0.         0.         0.         0.         0.         0.         0.         0.         0.         0.         0.         0.         0.         0.         0.01447726 0.         0.01447726 0.         0.         0.        ],[0. 0. 0. 0. 1. 0. 0. 0. 0. 0. 0. 0. 0. 0. 0. 0. 0. 0. 0. 0. 0. 0. 0. 0. 0. 1. 0. 1. 0. 0. 0.],3.0,best,10000,100000,100,0.9,0.5,0.9,0.5,0.9,1,0.81,1,3,,problem_solving,10
4400,0.0018897271767276606,0.031944,0.010155825657331167,0.676,0.6949004728428485,0.40916718741687974,[0.         0.         0.         0.         0.97104547 0.         0.         0.         0.         0.         0.         0.         0.         0.         0.         0.         0.         0.         0.         0.         0.         0.         0.         0.         0.         0.01447726 0.         0.01447726 0.         0.         0.        ],[0. 0. 0. 0. 1. 0. 0. 0. 0. 0. 0. 0. 0. 0. 0. 0. 0. 0. 0. 0. 0. 0. 0. 0. 0. 1. 0. 1. 0. 0. 0.],3.0,best,10000,100000,100,0.9,0.5,0.9,0.5,0.9,1,0.81,1,3,,problem_solving,10
4500,0.0018897271767276606,0.031944,0.010155825657331167,0.68,0.6908279212121557,0.216908022480505,[0.         0.         0.         0.         0.97104547 0.         0.         0.         0.         0.         0.         0.         0.         0.         0.         0.         0.         0.         0.         0.         0.         0.         0.         0.         0.         0.01447726 0.         0.01447726 0.         0.         0.        ],[0. 0. 0. 0. 1. 0. 0. 0. 0. 0. 0. 0. 0. 0. 0. 0. 0. 0. 0. 0. 0. 0. 0. 0. 0. 1. 0. 1. 0. 0. 0.],3.0,best,10000,100000,100,0.9,0.5,0.9,0.5,0.9,1,0.81,1,3,,problem_solving,10
4600,0.0018897271767276606,0.031944,0.010155825657331167,0.684,0.6867792372825697,-0.027019116351138853,[0.         0.         0.         0.         0.97104547 0.         0.         0.         0.         0.         0.         0.         0.         0.         0.         0.         0.         0.         0.         0.         0.         0.         0.         0.         0.         0.01447726 0.         0.01447726 0.         0.         0.        ],[0. 0. 0. 0. 1. 0. 0. 0. 0. 0. 0. 0. 0. 0. 0. 0. 0. 0. 0. 0. 0. 0. 0. 0. 0. 1. 0. 1. 0. 0. 0.],3.0,best,10000,100000,100,0.9,0.5,0.9,0.5,0.9,1,0.81,1,3,,problem_solving,10
4700,0.0018897271767276606,0.031944,0.010155825657331167,0.6880000000000001,0.6827542811744257,-0.3332292219303697,[0.         0.         0.         0.         0.97104547 0.         0.         0.         0.         0.         0.         0.         0.         0.         0.         0.         0.         0.         0.         0.         0.         0.         0.         0.         0.         0.01447726 0.         0.01447726 0.         0.         0.        ],[0. 0. 0. 0. 1. 0. 0. 0. 0. 0. 0. 0. 0. 0. 0. 0. 0. 0. 0. 0. 0. 0. 0. 0. 0. 1. 0. 1. 0. 0. 0.],3.0,best,10000,100000,100,0.9,0.5,0.9,0.5,0.9,1,0.81,1,3,,problem_solving,10
4800,0.0018897271767276606,0.031944,0.010155825657331167,0.692,0.6787529138278414,0.2697788469063762,[0.         0.         0.         0.         0.97104547 0.         0.         0.         0.         0.         0.         0.         0.         0.         0.         0.         0.         0.         0.         0.         0.         0.         0.         0.         0.         0.01447726 0.         0.01447726 0.         0.         0.        ],[0. 0. 0. 0. 1. 0. 0. 0. 0. 0. 0. 0. 0. 0. 0. 0. 0. 0. 0. 0. 0. 0. 0. 0. 0. 1. 0. 1. 0. 0. 0.],3.0,best,10000,100000,100,0.9,0.5,0.9,0.5,0.9,1,0.81,1,3,,problem_solving,10
4900,0.0018897271767276606,0.031944,0.010155825657331167,0.696,0.6747749969979128,-0.10556151315239558,[0.         0.         0.         0.         0.97104547 0.         0.         0.         0.         0.         0.         0.         0.         0.         0.         0.         0.         0.         0.         0.         0.         0.         0.         0.         0.         0.01447726 0.         0.01447726 0.         0.         0.        ],[0. 0. 0. 0. 1. 0. 0. 0. 0. 0. 0. 0. 0. 0. 0. 0. 0. 0. 0. 0. 0. 0. 0. 0. 0. 1. 0. 1. 0. 0. 0.],3.0,best,10000,100000,100,0.9,0.5,0.9,0.5,0.9,1,0.81,1,3,,problem_solving,10
5000,0.0018897271767276606,0.031944,0.010155825657331167,0.7,0.6708203932499369,0.5825007483745623,[0.         0.         0.         0.         0.97104547 0.         0.         0.         0.         0.         0.         0.         0.         0.         0.         0.         0.         0.         0.         0.         0.         0.         0.         0.         0.         0.01447726 0.         0.01447726 0.         0.         0.        ],[0. 0. 0. 0. 1. 0. 0. 0. 0. 0. 0. 0. 0. 0. 0. 0. 0. 0. 0. 0. 0. 0. 0. 0. 0. 1. 0. 1. 0. 0. 0.],3.0,best,10000,100000,100,0.9,0.5,0.9,0.5,0.9,1,0.81,1,3,,problem_solving,10
5100,0.0018897271767276606,0.031944,0.010155825657331167,0.704,0.6668889659546647,-0.1108994469894513,[0.         0.         0.         0.         0.97104547 0.         0.         0.         0.         0.         0.         0.         0.         0.         0.         0.         0.         0.         0.         0.         0.         0.         0.         0.         0.         0.01447726 0.         0.01447726 0.         0.         0.        ],[0. 0. 0. 0. 1. 0. 0. 0. 0. 0. 0. 0. 0. 0. 0. 0. 0. 0. 0. 0. 0. 0. 0. 0. 0. 1. 0. 1. 0. 0. 0.],3.0,best,10000,100000,100,0.9,0.5,0.9,0.5,0.9,1,0.81,1,3,,problem_solving,10
5200,0.0018897271767276606,0.031944,0.010155825657331167,0.708,0.6629805792835798,-0.08272019132921336,[0.         0.         0.         0.         0.97104547 0.         0.         0.         0.         0.         0.         0.         0.         0.         0.         0.         0.         0.         0.         0.         0.         0.         0.         0.         0.         0.01447726 0.         0.01447726 0.         0.         0.        ],[0. 0. 0. 0. 1. 0. 0. 0. 0. 0. 0. 0. 0. 0. 0. 0. 0. 0. 0. 0. 0. 0. 0. 0. 0. 1. 0. 1. 0. 0. 0.],3.0,best,10000,100000,100,0.9,0.5,0.9,0.5,0.9,1,0.81,1,3,,problem_solving,10
5300,0.0018897271767276606,0.031944,0.010155825657331167,0.712,0.6590950982042058,0.7377275915911716,[0.         0.         0.         0.         0.97104547 0.         0.         0.         0.         0.         0.         0.         0.         0.         0.         0.         0.         0.         0.         0.         0.         0.         0.         0.         0.         0.01447726 0.         0.01447726 0.         0.         0.        ],[0. 0. 0. 0. 1. 0. 0. 0. 0. 0. 0. 0. 0. 0. 0. 0. 0. 0. 0. 0. 0. 0. 0. 0. 0. 1. 0. 1. 0. 0. 0.],3.0,best,10000,100000,100,0.9,0.5,0.9,0.5,0.9,1,0.81,1,3,,problem_solving,10
5400,0.0018897271767276606,0.031944,0.010155825657331167,0.716,0.6552323884754414,1.0781277510233638,[0.         0.         0.         0.         0.97104547 0.         0.         0.         0.         0.         0.         0.         0.         0.         0.         0.         0.         0.         0.         0.         0.         0.         0.         0.         0.         0.01447726 0.         0.01447726 0.         0.         0.        ],[0. 0. 0. 0. 1. 0. 0. 0. 0. 0. 0. 0. 0. 0. 0. 0. 0. 0. 0. 0. 0. 0. 0. 0. 0. 1. 0. 1. 0. 0. 0.],3.0,best,10000,100000,100,0.9,0.5,0.9,0.5,0.9,1,0.81,1,3,,problem_solving,10
5500,0.0018897271767276606,0.031944,0.010155825657331167,0.72,0.651392316642922,-1.954928310398869,[0.         0.         0.         0.         0.97104547 0.         0.         0.         0.         0.         0.         0.         0.         0.         0.         0.         0.         0.         0.         0.         0.         0.         0.         0.         0.         0.01447726 0.         0.01447726 0.         0.         0.        ],[0. 0. 0. 0. 1. 0. 0. 0. 0. 0. 0. 0. 0. 0. 0. 0. 0. 0. 0. 0. 0. 0. 0. 0. 0. 1. 0. 1. 0. 0. 0.],3.0,best,10000,100000,100,0.9,0.5,0.9,0.5,0.9,1,0.81,1,3,,problem_solving,10
5600,0.0018897271767276606,0.031944,0.010155825657331167,0.724,0.6475747500344088,0.1640960196013285,[0.         0.         0.         0.         0.97104547 0.         0.         0.         0.         0.         0.         0.         0.         0.         0.         0.         0.         0.         0.         0.         0.         0.         0.         0.         0.         0.01447726 0.         0.01447726 0.         0.         0.        ],[0. 0. 0. 0. 1. 0. 0. 0. 0. 0. 0. 0. 0. 0. 0. 0. 0. 0. 0. 0. 0. 0. 0. 0. 0. 1. 0. 1. 0. 0. 0.],3.0,best,10000,100000,100,0.9,0.5,0.9,0.5,0.9,1,0.81,1,3,,problem_solving,10
5700,0.0018897271767276606,0.031944,0.010155825657331167,0.728,0.643779556755206,-0.12513820633697173,[0.         0.         0.         0.         0.97104547 0.         0.         0.         0.         0.         0.         0.         0.         0.         0.         0.         0.         0.         0.         0.         0.         0.         0.         0.         0.         0.01447726 0.         0.01447726 0.         0.         0.        ],[0. 0. 0. 0. 1. 0. 0. 0. 0. 0. 0. 0. 0. 0. 0. 0. 0. 0. 0. 0. 0. 0. 0. 0. 0. 1. 0. 1. 0. 0. 0.],3.0,best,10000,100000,100,0.9,0.5,0.9,0.5,0.9,1,0.81,1,3,,problem_solving,10
5800,0.0018897271767276606,0.031944,0.010155825657331167,0.732,0.6400066056836028,0.21011849723206297,[0.         0.         0.         0.         0.97104547 0.         0.         0.         0.         0.         0.         0.         0.         0.         0.         0.         0.         0.         0.         0.         0.         0.         0.         0.         0.         0.01447726 0.         0.01447726 0.         0.         0.        ],[0. 0. 0. 0. 1. 0. 0. 0. 0. 0. 0. 0. 0. 0. 0. 0. 0. 0. 0. 0. 0. 0. 0. 0. 0. 1. 0. 1. 0. 0. 0.],3.0,best,10000,100000,100,0.9,0.5,0.9,0.5,0.9,1,0.81,1,3,,problem_solving,10
5900,0.0018897271767276606,0.031944,0.010155825657331167,0.736,0.6362557664663436,-0.3127412666714897,[0.         0.         0.         0.         0.97104547 0.         0.         0.         0.         0.         0.         0.         0.         0.         0.         0.         0.         0.         0.         0.         0.         0.         0.         0.         0.         0.01447726 0.         0.01447726 0.         0.         0.        ],[0. 0. 0. 0. 1. 0. 0. 0. 0. 0. 0. 0. 0. 0. 0. 0. 0. 0. 0. 0. 0. 0. 0. 0. 0. 1. 0. 1. 0. 0. 0.],3.0,best,10000,100000,100,0.9,0.5,0.9,0.5,0.9,1,0.81,1,3,,problem_solving,10
6000,0.0018897271767276606,0.031944,0.010155825657331167,0.74,0.6325269095141249,-0.10142445483526107,[0.         0.         0.         0.         0.97104547 0.         0.         0.         0.         0.         0.         0.         0.         0.         0.         0.         0.         0.         0.         0.         0.         0.         0.         0.         0.         0.01447726 0.         0.01447726 0.         0.         0.        ],[0. 0. 0. 0. 1. 0. 0. 0. 0. 0. 0. 0. 0. 0. 0. 0. 0. 0. 0. 0. 0. 0. 0. 0. 0. 1. 0. 1. 0. 0. 0.],3.0,best,10000,100000,100,0.9,0.5,0.9,0.5,0.9,1,0.81,1,3,,problem_solving,10
6100,0.0018897271767276606,0.031944,0.010155825657331167,0.744,0.6288199059971172,0.22224415173923376,[0.         0.         0.         0.         0.97104547 0.         0.         0.         0.         0.         0.         0.         0.         0.         0.         0.         0.         0.         0.         0.         0.         0.         0.         0.         0.         0.01447726 0.         0.01447726 0.         0.         0.        ],[0. 0. 0. 0. 1. 0. 0. 0. 0. 0. 0. 0. 0. 0. 0. 0. 0. 0. 0. 0. 0. 0. 0. 0. 0. 1. 0. 1. 0. 0. 0.],3.0,best,10000,100000,100,0.9,0.5,0.9,0.5,0.9,1,0.81,1,3,,problem_solving,10
6200,0.0018897271767276606,0.031944,0.010155825657331167,0.748,0.6251346278405147,-0.38728708658874333,[0.         0.         0.         0.         0.97104547 0.         0.         0.         0.         0.         0.         0.         0.         0.         0.         0.         0.         0.         0.         0.         0.         0.         0.         0.         0.         0.01447726 0.         0.01447726 0.         0.         0.        ],[0. 0. 0. 0. 1. 0. 0. 0. 0. 0. 0. 0. 0. 0. 0. 0. 0. 0. 0. 0. 0. 0. 0. 0. 0. 1. 0. 1. 0. 0. 0.],3.0,best,10000,100000,100,0.9,0.5,0.9,0.5,0.9,1,0.81,1,3,,problem_solving,10
6300,0.0018897271767276606,0.031944,0.010155825657331167,0.752,0.6214709477201097,0.1797751164249858,[0.         0.         0.         0.         0.97104547 0.         0.         0.         0.         0.         0.         0.         0.         0.         0.         0.         0.         0.         0.         0.         0.         0.         0.         0.         0.         0.01447726 0.         0.01447726 0.         0.         0.        ],[0. 0. 0. 0. 1. 0. 0. 0. 0. 0. 0. 0. 0. 0. 0. 0. 0. 0. 0. 0. 0. 0. 0. 0. 0. 1. 0. 1. 0. 0. 0.],3.0,best,10000,100000,100,0.9,0.5,0.9,0.5,0.9,1,0.81,1,3,,problem_solving,10
6400,0.0018897271767276606,0.031944,0.010155825657331167,0.756,0.6178287390578946,-0.2787867978728665,[0.         0.         0.         0.         0.97104547 0.         0.         0.         0.         0.         0.         0.         0.         0.         0.         0.         0.         0.         0.         0.         0.         0.         0.         0.         0.         0.01447726 0.         0.01447726 0.         0.         0.        ],[0. 0. 0. 0. 1. 0. 0. 0. 0. 0. 0. 0. 0. 0. 0. 0. 0. 0. 0. 0. 0. 0. 0. 0. 0. 1. 0. 1. 0. 0. 0.],3.0,best,10000,100000,100,0.9,0.5,0.9,0.5,0.9,1,0.81,1,3,,problem_solving,10
6500,0.0018897271767276606,0.031944,0.010155825657331167,0.76,0.6142078760176876,-0.24136137014059053,[0.         0.         0.         0.         0.97104547 0.         0.         0.         0.         0.         0.         0.         0.         0.         0.         0.         0.         0.         0.         0.         0.         0.         0.         0.         0.         0.01447726 0.         0.01447726 0.         0.         0.        ],[0. 0. 0. 0. 1. 0. 0. 0. 0. 0. 0. 0. 0. 0. 0. 0. 0. 0. 0. 0. 0. 0. 0. 0. 0. 1. 0. 1. 0. 0. 0.],3.0,best,10000,100000,100,0.9,0.5,0.9,0.5,0.9,1,0.81,1,3,,problem_solving,10
6600,0.0018578026682941878,0.027235,0.004790999694199662,0.764,0.6106082335007861,0.662329093939644,[0.         0.         0.         0.         0.97128666 0.         0.         0.         0.         0.         0.         0.         0.         0.         0.         0.         0.         0.         0.         0.         0.         0.         0.         0.         0.         0.01435667 0.         0.01435667 0.         0.         0.        ],[0. 0. 0. 0. 1. 0. 0. 0. 0. 0. 0. 0. 0. 0. 0. 0. 0. 0. 0. 0. 0. 0. 0. 0. 0. 1. 0. 1. 0. 0. 0.],3.0,best,10000,100000,100,0.9,0.5,0.9,0.5,0.9,1,0.81,1,3,,problem_solving,10
6700,0.0018578026682941878,0.027235,0.004790999694199662,0.768,0.6070296871416437,0.4762569829487307,[0.         0.         0.         0.         0.97128666 0.         0.         0.         0.         0.         0.         0.         0.         0.         0.         0.         0.         0.         0.         0.         0.         0.         0.         0.         0.         0.01435667 0.         0.01435667 0.         0.         0.        ],[0. 0. 0. 0. 1. 0. 0. 0. 0. 0. 0. 0. 0. 0. 0. 0. 0. 0. 0. 0. 0. 0. 0. 0. 0. 1. 0. 1. 0. 0. 0.],3.0,best,10000,100000,100,0.9,0.5,0.9,0.5,0.9,1,0.81,1,3,,problem_solving,10
6800,0.0018578026682941878,0.027235,0.004790999694199662,0.772,0.6034721133035746,0.6077267525864559,[0.         0.         0.         0.         0.97128666 0.         0.         0.         0.         0.         0.         0.         0.         0.         0.         0.         0.         0.         0.         0.         0.         0.         0.         0.         0.         0.01435667 0.         0.01435667 0.         0.         0.        ],[0. 0. 0. 0. 1. 0. 0. 0. 0. 0. 0. 0. 0. 0. 0. 0. 0. 0. 0. 0. 0. 0. 0. 0. 0. 1. 0. 1. 0. 0. 0.],3.0,best,10000,100000,100,0.9,0.5,0.9,0.5,0.9,1,0.81,1,3,,problem_solving,10
6900,0.0018578026682941878,0.027235,0.004790999694199662,0.776,0.5999353890744809,-0.4223611000574925,[0.         0.         0.         0.         0.97128666 0.         0.         0.         0.         0.         0.         0.         0.         0.         0.         0.         0.         0.         0.         0.         0.         0.         0.         0.         0.         0.01435667 0.         0.01435667 0.         0.         0.        ],[0. 0. 0. 0. 1. 0. 0. 0. 0. 0. 0. 0. 0. 0. 0. 0. 0. 0. 0. 0. 0. 0. 0. 0. 0. 1. 0. 1. 0. 0. 0.],3.0,best,10000,100000,100,0.9,0.5,0.9,0.5,0.9,1,0.81,1,3,,problem_solving,10
7000,0.0018578026682941878,0.027235,0.004790999694199662,0.78,0.5964193922626064,-0.3868091912759727,[0.         0.         0.         0.         0.97128666 0.         0.         0.         0.         0.         0.         0.         0.         0.         0.         0.         0.         0.         0.         0.         0.         0.         0.         0.         0.         0.01435667 0.         0.01435667 0.         0.         0.        ],[0. 0. 0. 0. 1. 0. 0. 0. 0. 0. 0. 0. 0. 0. 0. 0. 0. 0. 0. 0. 0. 0. 0. 0. 0. 1. 0. 1. 0. 0. 0.],3.0,best,10000,100000,100,0.9,0.5,0.9,0.5,0.9,1,0.81,1,3,,problem_solving,10
7100,0.0018578026682941878,0.027235,0.004790999694199662,0.784,0.5929240013923155,-0.1648074723320788,[0.         0.         0.         0.         0.97128666 0.         0.         0.         0.         0.         0.         0.         0.         0.         0.         0.         0.         0.         0.         0.         0.         0.         0.         0.         0.         0.01435667 0.         0.01435667 0.         0.         0.        ],[0. 0. 0. 0. 1. 0. 0. 0. 0. 0. 0. 0. 0. 0. 0. 0. 0. 0. 0. 0. 0. 0. 0. 0. 0. 1. 0. 1. 0. 0. 0.],3.0,best,10000,100000,100,0.9,0.5,0.9,0.5,0.9,1,0.81,1,3,,problem_solving,10
7200,0.0018578026682941878,0.027235,0.004790999694199662,0.788,0.5894490956998952,-0.180120462474018,[0.         0.         0.         0.         0.97128666 0.         0.         0.         0.         0.         0.         0.         0.         0.         0.         0.         0.         0.         0.         0.         0.         0.         0.         0.         0.         0.01435667 0.         0.01435667 0.         0.         0.        ],[0. 0. 0. 0. 1. 0. 0. 0. 0. 0. 0. 0. 0. 0. 0. 0. 0. 0. 0. 0. 0. 0. 0. 0. 0. 1. 0. 1. 0. 0. 0.],3.0,best,10000,100000,100,0.9,0.5,0.9,0.5,0.9,1,0.81,1,3,,problem_solving,10
7300,0.0018578026682941878,0.027235,0.004790999694199662,0.792,0.5859945551293843,0.37937786752249314,[0.         0.         0.         0.         0.97128666 0.         0.         0.         0.         0.         0.         0.         0.         0.         0.         0.         0.         0.         0.         0.         0.         0.         0.         0.         0.         0.01435667 0.         0.01435667 0.         0.         0.        ],[0. 0. 0. 0. 1. 0. 0. 0. 0. 0. 0. 0. 0. 0. 0. 0. 0. 0. 0. 0. 0. 0. 0. 0. 0. 1. 0. 1. 0. 0. 0.],3.0,best,10000,100000,100,0.9,0.5,0.9,0.5,0.9,1,0.81,1,3,,problem_solving,10
7400,0.0018578026682941878,0.027235,0.004790999694199662,0.796,0.5825602603284237,-1.1030107312188488,[0.         0.         0.         0.         0.97128666 0.         0.         0.         0.         0.         0.         0.         0.         0.         0.         0.         0.         0.         0.         0.         0.         0.         0.         0.         0.         0.01435667 0.         0.01435667 0.         0.         0.        ],[0. 0. 0. 0. 1. 0. 0. 0. 0. 0. 0. 0. 0. 0. 0. 0. 0. 0. 0. 0. 0. 0. 0. 0. 0. 1. 0. 1. 0. 0. 0.],3.0,best,10000,100000,100,0.9,0.5,0.9,0.5,0.9,1,0.81,1,3,,problem_solving,10
7500,0.0018578026682941878,0.027235,0.004790999694199662,0.8,0.5791460926441345,0.8797446655654634,[0.         0.         0.         0.         0.97128666 0.         0.         0.         0.         0.         0.         0.         0.         0.         0.         0.         0.         0.         0.         0.         0.         0.         0.         0.         0.         0.01435667 0.         0.01435667 0.         0.         0.        ],[0. 0. 0. 0. 1. 0. 0. 0. 0. 0. 0. 0. 0. 0. 0. 0. 0. 0. 0. 0. 0. 0. 0. 0. 0. 1. 0. 1. 0. 0. 0.],3.0,best,10000,100000,100,0.9,0.5,0.9,0.5,0.9,1,0.81,1,3,,problem_solving,10
7600,0.0018578026682941878,0.027235,0.004790999694199662,0.804,0.5757519341190179,-0.21801074195094464,[0.         0.         0.         0.         0.97128666 0.         0.         0.         0.         0.         0.         0.         0.         0.         0.         0.         0.         0.         0.         0.         0.         0.         0.         0.         0.         0.01435667 0.         0.01435667 0.         0.         0.        ],[0. 0. 0. 0. 1. 0. 0. 0. 0. 0. 0. 0. 0. 0. 0. 0. 0. 0. 0. 0. 0. 0. 0. 0. 0. 1. 0. 1. 0. 0. 0.],3.0,best,10000,100000,100,0.9,0.5,0.9,0.5,0.9,1,0.81,1,3,,problem_solving,10
7700,0.0018578026682941878,0.027235,0.004790999694199662,0.808,0.5723776674868795,0.3919144383481225,[0.         0.         0.         0.         0.97128666 0.         0.         0.         0.         0.         0.         0.         0.         0.         0.         0.         0.         0.         0.         0.         0.         0.         0.         0.         0.         0.01435667 0.         0.01435667 0.         0.         0.        ],[0. 0. 0. 0. 1. 0. 0. 0. 0. 0. 0. 0. 0. 0. 0. 0. 0. 0. 0. 0. 0. 0. 0. 0. 0. 1. 0. 1. 0. 0. 0.],3.0,best,10000,100000,100,0.9,0.5,0.9,0.5,0.9,1,0.81,1,3,,problem_solving,10
7800,0.0018578026682941878,0.027235,0.004790999694199662,0.812,0.5690231761687783,1.1088782757988183,[0.         0.         0.         0.         0.97128666 0.         0.         0.         0.         0.         0.         0.         0.         0.         0.         0.         0.         0.         0.         0.         0.         0.         0.         0.         0.         0.01435667 0.         0.01435667 0.         0.         0.        ],[0. 0. 0. 0. 1. 0. 0. 0. 0. 0. 0. 0. 0. 0. 0. 0. 0. 0. 0. 0. 0. 0. 0. 0. 0. 1. 0. 1. 0. 0. 0.],3.0,best,10000,100000,100,0.9,0.5,0.9,0.5,0.9,1,0.81,1,3,,problem_solving,10
7900,0.0018578026682941878,0.027235,0.004790999694199662,0.8160000000000001,0.5656883442689989,-0.3763316363343848,[0.         0.         0.         0.         0.97128666 0.         0.         0.         0.         0.         0.         0.         0.         0.         0.         0.         0.         0.         0.         0.         0.         0.         0.         0.         0.         0.01435667 0.         0.01435667 0.         0.         0.        ],[0. 0. 0. 0. 1. 0. 0. 0. 0. 0. 0. 0. 0. 0. 0. 0. 0. 0. 0. 0. 0. 0. 0. 0. 0. 1. 0. 1. 0. 0. 0.],3.0,best,10000,100000,100,0.9,0.5,0.9,0.5,0.9,1,0.81,1,3,,problem_solving,10
8000,0.0018578026682941878,0.027235,0.004790999694199662,0.8200000000000001,0.5623730565710474,0.6086558014706422,[0.         0.         0.         0.         0.97128666 0.         0.         0.         0.         0.         0.         0.         0.         0.         0.         0.         0.         0.         0.         0.         0.         0.         0.         0.         0.         0.01435667 0.         0.01435667 0.         0.         0.        ],[0. 0. 0. 0. 1. 0. 0. 0. 0. 0. 0. 0. 0. 0. 0. 0. 0. 0. 0. 0. 0. 0. 0. 0. 0. 1. 0. 1. 0. 0. 0.],3.0,best,10000,100000,100,0.9,0.5,0.9,0.5,0.9,1,0.81,1,3,,problem_solving,10
8100,0.0018578026682941878,0.027235,0.004790999694199662,0.8240000000000001,0.5590771985336705,-0.5578980723603205,[0.         0.         0.         0.         0.97128666 0.         0.         0.         0.         0.         0.         0.         0.         0.         0.         0.         0.         0.         0.         0.         0.         0.         0.         0.         0.         0.01435667 0.         0.01435667 0.         0.         0.        ],[0. 0. 0. 0. 1. 0. 0. 0. 0. 0. 0. 0. 0. 0. 0. 0. 0. 0. 0. 0. 0. 0. 0. 0. 0. 1. 0. 1. 0. 0. 0.],3.0,best,10000,100000,100,0.9,0.5,0.9,0.5,0.9,1,0.81,1,3,,problem_solving,10
8200,0.0018578026682941878,0.027235,0.004790999694199662,0.8280000000000001,0.5558006562868987,-0.12831207415209905,[0.         0.         0.         0.         0.97128666 0.         0.         0.         0.         0.         0.         0.         0.         0.         0.         0.         0.         0.         0.         0.         0.         0.         0.         0.         0.         0.01435667 0.         0.01435667 0.         0.         0.        ],[0. 0. 0. 0. 1. 0. 0. 0. 0. 0. 0. 0. 0. 0. 0. 0. 0. 0. 0. 0. 0. 0. 0. 0. 0. 1. 0. 1. 0. 0. 0.],3.0,best,10000,100000,100,0.9,0.5,0.9,0.5,0.9,1,0.81,1,3,,problem_solving,10
8300,0.0018578026682941878,0.027235,0.004790999694199662,0.8320000000000001,0.5525433166281111,-0.22149320313174456,[0.         0.         0.         0.         0.97128666 0.         0.         0.         0.         0.         0.         0.         0.         0.         0.         0.         0.         0.         0.         0.         0.         0.         0.         0.         0.         0.01435667 0.         0.01435667 0.         0.         0.        ],[0. 0. 0. 0. 1. 0. 0. 0. 0. 0. 0. 0. 0. 0. 0. 0. 0. 0. 0. 0. 0. 0. 0. 0. 0. 1. 0. 1. 0. 0. 0.],3.0,best,10000,100000,100,0.9,0.5,0.9,0.5,0.9,1,0.81,1,3,,problem_solving,10
8400,0.0018578026682941878,0.027235,0.004790999694199662,0.8360000000000001,0.5493050670181255,-0.13163977849874264,[0.         0.         0.         0.         0.97128666 0.         0.         0.         0.         0.         0.         0.         0.         0.         0.         0.         0.         0.         0.         0.         0.         0.         0.         0.         0.         0.01435667 0.         0.01435667 0.         0.         0.        ],[0. 0. 0. 0. 1. 0. 0. 0. 0. 0. 0. 0. 0. 0. 0. 0. 0. 0. 0. 0. 0. 0. 0. 0. 0. 1. 0. 1. 0. 0. 0.],3.0,best,10000,100000,100,0.9,0.5,0.9,0.5,0.9,1,0.81,1,3,,problem_solving,10
8500,0.0018578026682941878,0.027235,0.004790999694199662,0.8400000000000001,0.5460857955773097,1.1825005935284965,[0.         0.         0.         0.         0.97128666 0.         0.         0.         0.         0.         0.         0.         0.         0.         0.         0.         0.         0.         0.         0.         0.         0.         0.         0.         0.         0.01435667 0.         0.01435667 0.         0.         0.        ],[0. 0. 0. 0. 1. 0. 0. 0. 0. 0. 0. 0. 0. 0. 0. 0. 0. 0. 0. 0. 0. 0. 0. 0. 0. 1. 0. 1. 0. 0. 0.],3.0,best,10000,100000,100,0.9,0.5,0.9,0.5,0.9,1,0.81,1,3,,problem_solving,10
8600,0.0018578026682941878,0.027235,0.004790999694199662,0.8440000000000001,0.542885391081716,-0.4682607839837406,[0.         0.         0.         0.         0.97128666 0.         0.         0.         0.         0.         0.         0.         0.         0.         0.         0.         0.         0.         0.         0.         0.         0.         0.         0.         0.         0.01435667 0.         0.01435667 0.         0.         0.        ],[0. 0. 0. 0. 1. 0. 0. 0. 0. 0. 0. 0. 0. 0. 0. 0. 0. 0. 0. 0. 0. 0. 0. 0. 0. 1. 0. 1. 0. 0. 0.],3.0,best,10000,100000,100,0.9,0.5,0.9,0.5,0.9,1,0.81,1,3,,problem_solving,10
8700,0.0018578026682941878,0.027235,0.004790999694199662,0.8480000000000001,0.5397037429592386,-0.5915857143695835,[0.         0.         0.         0.         0.97128666 0.         0.         0.         0.         0.         0.         0.         0.         0.         0.         0.         0.         0.         0.         0.         0.         0.         0.         0.         0.         0.01435667 0.         0.01435667 0.         0.         0.        ],[0. 0. 0. 0. 1. 0. 0. 0. 0. 0. 0. 0. 0. 0. 0. 0. 0. 0. 0. 0. 0. 0. 0. 0. 0. 1. 0. 1. 0. 0. 0.],3.0,best,10000,100000,100,0.9,0.5,0.9,0.5,0.9,1,0.81,1,3,,problem_solving,10
8800,0.0018578026682941878,0.027235,0.004790999694199662,0.8520000000000001,0.5365407412857937,0.8380448234711968,[0.         0.         0.         0.         0.97128666 0.         0.         0.         0.         0.         0.         0.         0.         0.         0.         0.         0.         0.         0.         0.         0.         0.         0.         0.         0.         0.01435667 0.         0.01435667 0.         0.         0.        ],[0. 0. 0. 0. 1. 0. 0. 0. 0. 0. 0. 0. 0. 0. 0. 0. 0. 0. 0. 0. 0. 0. 0. 0. 0. 1. 0. 1. 0. 0. 0.],3.0,best,10000,100000,100,0.9,0.5,0.9,0.5,0.9,1,0.81,1,3,,problem_solving,10
8900,0.0018578026682941878,0.027235,0.004790999694199662,0.8560000000000001,0.5333962767815211,-0.15615630862834307,[0.         0.         0.         0.         0.97128666 0.         0.         0.         0.         0.         0.         0.         0.         0.         0.         0.         0.         0.         0.         0.         0.         0.         0.         0.         0.         0.01435667 0.         0.01435667 0.         0.         0.        ],[0. 0. 0. 0. 1. 0. 0. 0. 0. 0. 0. 0. 0. 0. 0. 0. 0. 0. 0. 0. 0. 0. 0. 0. 0. 1. 0. 1. 0. 0. 0.],3.0,best,10000,100000,100,0.9,0.5,0.9,0.5,0.9,1,0.81,1,3,,problem_solving,10
9000,0.0018578026682941878,0.027235,0.004790999694199662,0.8600000000000001,0.5302702408070095,-0.0511063156635168,[0.         0.         0.         0.         0.97128666 0.         0.         0.         0.         0.         0.         0.         0.         0.         0.         0.         0.         0.         0.         0.         0.         0.         0.         0.         0.         0.01435667 0.         0.01435667 0.         0.         0.        ],[0. 0. 0. 0. 1. 0. 0. 0. 0. 0. 0. 0. 0. 0. 0. 0. 0. 0. 0. 0. 0. 0. 0. 0. 0. 1. 0. 1. 0. 0. 0.],3.0,best,10000,100000,100,0.9,0.5,0.9,0.5,0.9,1,0.81,1,3,,problem_solving,10
9100,0.0018578026682941878,0.027235,0.004790999694199662,0.8640000000000001,0.5271625253595416,0.9460360841074015,[0.         0.         0.         0.         0.97128666 0.         0.         0.         0.         0.         0.         0.         0.         0.         0.         0.         0.         0.         0.         0.         0.         0.         0.         0.         0.         0.01435667 0.         0.01435667 0.         0.         0.        ],[0. 0. 0. 0. 1. 0. 0. 0. 0. 0. 0. 0. 0. 0. 0. 0. 0. 0. 0. 0. 0. 0. 0. 0. 0. 1. 0. 1. 0. 0. 0.],3.0,best,10000,100000,100,0.9,0.5,0.9,0.5,0.9,1,0.81,1,3,,problem_solving,10
9200,0.0018578026682941878,0.027235,0.004790999694199662,0.8680000000000001,0.5240730230693647,0.2886173234919517,[0.         0.         0.         0.         0.97128666 0.         0.         0.         0.         0.         0.         0.         0.         0.         0.         0.         0.         0.         0.         0.         0.         0.         0.         0.         0.         0.01435667 0.         0.01435667 0.         0.         0.        ],[0. 0. 0. 0. 1. 0. 0. 0. 0. 0. 0. 0. 0. 0. 0. 0. 0. 0. 0. 0. 0. 0. 0. 0. 0. 1. 0. 1. 0. 0. 0.],3.0,best,10000,100000,100,0.9,0.5,0.9,0.5,0.9,1,0.81,1,3,,problem_solving,10
9300,0.0018578026682941878,0.027235,0.004790999694199662,0.8720000000000001,0.5210016271959791,-0.9586703844468288,[0.         0.         0.         0.         0.97128666 0.         0.         0.         0.         0.         0.         0.         0.         0.         0.         0.         0.         0.         0.         0.         0.         0.         0.         0.         0.         0.01435667 0.         0.01435667 0.         0.         0.        ],[0. 0. 0. 0. 1. 0. 0. 0. 0. 0. 0. 0. 0. 0. 0. 0. 0. 0. 0. 0. 0. 0. 0. 0. 0. 1. 0. 1. 0. 0. 0.],3.0,best,10000,100000,100,0.9,0.5,0.9,0.5,0.9,1,0.81,1,3,,problem_solving,10
9400,0.0018578026682941878,0.027235,0.004790999694199662,0.8760000000000001,0.5179482316244518,-0.1806601641028677,[0.         0.         0.         0.         0.97128666 0.         0.         0.         0.         0.         0.         0.         0.         0.         0.         0.         0.         0.         0.         0.         0.         0.         0.         0.         0.         0.01435667 0.         0.01435667 0.         0.         0.        ],[0. 0. 0. 0. 1. 0. 0. 0. 0. 0. 0. 0. 0. 0. 0. 0. 0. 0. 0. 0. 0. 0. 0. 0. 0. 1. 0. 1. 0. 0. 0.],3.0,best,10000,100000,100,0.9,0.5,0.9,0.5,0.9,1,0.81,1,3,,problem_solving,10
9500,0.0018578026682941878,0.027235,0.004790999694199662,0.88,0.5149127308617497,-0.6376825244561068,[0.         0.         0.         0.         0.97128666 0.         0.         0.         0.         0.         0.         0.         0.         0.         0.         0.         0.         0.         0.         0.         0.         0.         0.         0.         0.         0.01435667 0.         0.01435667 0.         0.         0.        ],[0. 0. 0. 0. 1. 0. 0. 0. 0. 0. 0. 0. 0. 0. 0. 0. 0. 0. 0. 0. 0. 0. 0. 0. 0. 1. 0. 1. 0. 0. 0.],3.0,best,10000,100000,100,0.9,0.5,0.9,0.5,0.9,1,0.81,1,3,,problem_solving,10
9600,0.0018578026682941878,0.027235,0.004790999694199662,0.884,0.5118950200330946,-0.11491844566477095,[0.         0.         0.         0.         0.97128666 0.         0.         0.         0.         0.         0.         0.         0.         0.         0.         0.         0.         0.         0.         0.         0.         0.         0.         0.         0.         0.01435667 0.         0.01435667 0.         0.         0.        ],[0. 0. 0. 0. 1. 0. 0. 0. 0. 0. 0. 0. 0. 0. 0. 0. 0. 0. 0. 0. 0. 0. 0. 0. 0. 1. 0. 1. 0. 0. 0.],3.0,best,10000,100000,100,0.9,0.5,0.9,0.5,0.9,1,0.81,1,3,,problem_solving,10
9700,0.0018578026682941878,0.027235,0.004790999694199662,0.888,0.5088949948783402,0.6809459688700176,[0.         0.         0.         0.         0.97128666 0.         0.         0.         0.         0.         0.         0.         0.         0.         0.         0.         0.         0.         0.         0.         0.         0.         0.         0.         0.         0.01435667 0.         0.01435667 0.         0.         0.        ],[0. 0. 0. 0. 1. 0. 0. 0. 0. 0. 0. 0. 0. 0. 0. 0. 0. 0. 0. 0. 0. 0. 0. 0. 0. 1. 0. 1. 0. 0. 0.],3.0,best,10000,100000,100,0.9,0.5,0.9,0.5,0.9,1,0.81,1,3,,problem_solving,10
9800,0.0018578026682941878,0.027235,0.004790999694199662,0.892,0.5059125517483702,-0.3038207497658573,[0.         0.         0.         0.         0.97128666 0.         0.         0.         0.         0.         0.         0.         0.         0.         0.         0.         0.         0.         0.         0.         0.         0.         0.         0.         0.         0.01435667 0.         0.01435667 0.         0.         0.        ],[0. 0. 0. 0. 1. 0. 0. 0. 0. 0. 0. 0. 0. 0. 0. 0. 0. 0. 0. 0. 0. 0. 0. 0. 0. 1. 0. 1. 0. 0. 0.],3.0,best,10000,100000,100,0.9,0.5,0.9,0.5,0.9,1,0.81,1,3,,problem_solving,10
9900,0.0018578026682941878,0.027235,0.004790999694199662,0.896,0.5029475876015165,0.43031179167632916,[0.         0.         0.         0.         0.97128666 0.         0.         0.         0.         0.         0.         0.         0.         0.         0.         0.         0.         0.         0.         0.         0.         0.         0.         0.         0.         0.01435667 0.         0.01435667 0.         0.         0.        ],[0. 0. 0. 0. 1. 0. 0. 0. 0. 0. 0. 0. 0. 0. 0. 0. 0. 0. 0. 0. 0. 0. 0. 0. 0. 1. 0. 1. 0. 0. 0.],3.0,best,10000,100000,100,0.9,0.5,0.9,0.5,0.9,1,0.81,1,3,,problem_solving,10
9999,0.0018578026682941878,0.027235,0.004790999694199662,0.8999600000000001,0.500029390196995,0.40003301884105497,[0.         0.         0.         0.         0.97128666 0.         0.         0.         0.         0.         0.         0.         0.         0.         0.         0.         0.         0.         0.         0.         0.         0.         0.         0.         0.         0.01435667 0.         0.01435667 0.         0.         0.        ],[0. 0. 0. 0. 1. 0. 0. 0. 0. 0. 0. 0. 0. 0. 0. 0. 0. 0. 0. 0. 0. 0. 0. 0. 0. 1. 0. 1. 0. 0. 0.],3.0,best,10000,100000,100,0.9,0.5,0.9,0.5,0.9,1,0.81,1,3,,problem_solving,10
