iter,cost,risk,return,par,bw,move,X,Z,Q,pop_init,max_iter,pop_size,mem_size,mem_consider,par_min,par_max,bw_min,bw_max,sigma,lambda,port_n,k,seed,tag,local_search
1,-0.004160530514028073,0.047227,0.0092428137516792,0.50004,0.8999471007548476,0.909137965636119,[0.         0.         0.         0.         0.95544952 0.         0.         0.         0.         0.         0.01485016 0.         0.         0.01485016 0.         0.         0.01485016 0.         0.         0.         0.         0.         0.         0.         0.         0.         0.         0.         0.         0.         0.        ],[0. 0. 0. 0. 1. 0. 0. 0. 0. 0. 1. 0. 0. 1. 0. 0. 1. 0. 0. 0. 0. 0. 0. 0. 0. 0. 0. 0. 0. 0. 0.],4.0,best,10000,100000,100,0.9,0.5,0.9,0.5,0.9,1,0.09,1,4,,problem_solving,10
100,-0.007915968285394478,0.046086,0.004588658153275227,0.504,0.894725436791504,-0.25934663894739896,[0.         0.         0.         0.         0.94666096 0.01777968 0.         0.         0.         0.01777968 0.         0.         0.         0.         0.         0.         0.         0.         0.         0.         0.         0.         0.         0.01777968 0.         0.         0.         0.         0.         0.         0.        ],[0. 0. 0. 0. 1. 1. 0. 0. 0. 1. 0. 0. 0. 0. 0. 0. 0. 0. 0. 0. 0. 0. 0. 1. 0. 0. 0. 0. 0. 0. 0.],4.0,best,10000,100000,100,0.9,0.5,0.9,0.5,0.9,1,0.09,1,4,,problem_solving,10
200,-0.007945973396984092,0.051694,0.006244793774234781,0.508,0.8894817858241639,1.083955947237101,[0.         0.         0.         0.         0.94213186 0.         0.         0.         0.01529622 0.         0.         0.         0.         0.         0.         0.         0.         0.         0.         0.         0.         0.01529622 0.         0.02727569 0.         0.         0.         0.         0.         0.         0.        ],[0. 0. 0. 0. 1. 0. 0. 0. 1. 0. 0. 0. 0. 0. 0. 0. 0. 0. 0. 0. 0. 1. 0. 1. 0. 0. 0. 0. 0. 0. 0.],4.0,best,10000,100000,100,0.9,0.5,0.9,0.5,0.9,1,0.09,1,4,,problem_solving,10
300,-0.008085842178995519,0.085013,0.00879401326314084,0.512,0.8842688659329022,-1.1225179007454404,[0.         0.         0.         0.         0.93868577 0.         0.         0.         0.01870658 0.02390107 0.         0.         0.         0.         0.         0.         0.         0.         0.         0.         0.         0.         0.         0.         0.         0.01870658 0.         0.         0.         0.         0.        ],[0. 0. 0. 0. 1. 0. 0. 0. 1. 1. 0. 0. 0. 0. 0. 0. 0. 0. 0. 0. 0. 0. 0. 0. 0. 1. 0. 0. 0. 0. 0.],4.0,best,10000,100000,100,0.9,0.5,0.9,0.5,0.9,1,0.09,1,4,,problem_solving,10
400,-0.008085842178995519,0.085013,0.00879401326314084,0.516,0.879086497014382,0.3832781360522026,[0.         0.         0.         0.         0.93868577 0.         0.         0.         0.01870658 0.02390107 0.         0.         0.         0.         0.         0.         0.         0.         0.         0.         0.         0.         0.         0.         0.         0.01870658 0.         0.         0.         0.         0.        ],[0. 0. 0. 0. 1. 0. 0. 0. 1. 1. 0. 0. 0. 0. 0. 0. 0. 0. 0. 0. 0. 0. 0. 0. 0. 1. 0. 0. 0. 0. 0.],4.0,best,10000,100000,100,0.9,0.5,0.9,0.5,0.9,1,0.09,1,4,,problem_solving,10
500,-0.008287228974417696,0.088534,0.008355009273307033,0.52,0.8739345000207845,0.9943457606076533,[0.         0.         0.         0.01716508 0.95269297 0.         0.         0.         0.         0.         0.         0.         0.         0.         0.         0.         0.         0.         0.         0.01716508 0.         0.         0.         0.         0.         0.         0.         0.         0.01297687 0.         0.        ],[0. 0. 0. 1. 1. 0. 0. 0. 0. 0. 0. 0. 0. 0. 0. 0. 0. 0. 0. 1. 0. 0. 0. 0. 0. 0. 0. 0. 1. 0. 0.],4.0,best,10000,100000,100,0.9,0.5,0.9,0.5,0.9,1,0.09,1,4,,problem_solving,10
600,-0.008287228974417696,0.088534,0.008355009273307033,0.524,0.8688126969536234,-0.44516712816673537,[0.         0.         0.         0.01716508 0.95269297 0.         0.         0.         0.         0.         0.         0.         0.         0.         0.         0.         0.         0.         0.         0.01716508 0.         0.         0.         0.         0.         0.         0.         0.         0.01297687 0.         0.        ],[0. 0. 0. 1. 1. 0. 0. 0. 0. 0. 0. 0. 0. 0. 0. 0. 0. 0. 0. 1. 0. 0. 0. 0. 0. 0. 0. 0. 1. 0. 0.],4.0,best,10000,100000,100,0.9,0.5,0.9,0.5,0.9,1,0.09,1,4,,problem_solving,10
700,-0.008287228974417696,0.088534,0.008355009273307033,0.528,0.8637209108575947,0.4948996998019867,[0.         0.         0.         0.01716508 0.95269297 0.         0.         0.         0.         0.         0.         0.         0.         0.         0.         0.         0.         0.         0.         0.01716508 0.         0.         0.         0.         0.         0.         0.         0.         0.01297687 0.         0.        ],[0. 0. 0. 1. 1. 0. 0. 0. 0. 0. 0. 0. 0. 0. 0. 0. 0. 0. 0. 1. 0. 0. 0. 0. 0. 0. 0. 0. 1. 0. 0.],4.0,best,10000,100000,100,0.9,0.5,0.9,0.5,0.9,1,0.09,1,4,,problem_solving,10
800,-0.008287228974417696,0.088534,0.008355009273307033,0.532,0.8586589658144633,-0.7157193298266545,[0.         0.         0.         0.01716508 0.95269297 0.         0.         0.         0.         0.         0.         0.         0.         0.         0.         0.         0.         0.         0.         0.01716508 0.         0.         0.         0.         0.         0.         0.         0.         0.01297687 0.         0.        ],[0. 0. 0. 1. 1. 0. 0. 0. 0. 0. 0. 0. 0. 0. 0. 0. 0. 0. 0. 1. 0. 0. 0. 0. 0. 0. 0. 0. 1. 0. 0.],4.0,best,10000,100000,100,0.9,0.5,0.9,0.5,0.9,1,0.09,1,4,,problem_solving,10
900,-0.008287228974417696,0.088534,0.008355009273307033,0.536,0.8536266869369854,-0.7436740360513556,[0.         0.         0.         0.01716508 0.95269297 0.         0.         0.         0.         0.         0.         0.         0.         0.         0.         0.         0.         0.         0.         0.01716508 0.         0.         0.         0.         0.         0.         0.         0.         0.01297687 0.         0.        ],[0. 0. 0. 1. 1. 0. 0. 0. 0. 0. 0. 0. 0. 0. 0. 0. 0. 0. 0. 1. 0. 0. 0. 0. 0. 0. 0. 0. 1. 0. 0.],4.0,best,10000,100000,100,0.9,0.5,0.9,0.5,0.9,1,0.09,1,4,,problem_solving,10
1000,-0.008406044339303004,0.047227,0.0092428137516792,0.54,0.8486239003628652,0.43820974513489735,[0.         0.         0.         0.         0.95544952 0.         0.         0.         0.         0.         0.01485016 0.         0.         0.01485016 0.         0.         0.01485016 0.         0.         0.         0.         0.         0.         0.         0.         0.         0.         0.         0.         0.         0.        ],[0. 0. 0. 0. 1. 0. 0. 0. 0. 0. 1. 0. 0. 1. 0. 0. 1. 0. 0. 0. 0. 0. 0. 0. 0. 0. 0. 0. 0. 0. 0.],4.0,best,10000,100000,100,0.9,0.5,0.9,0.5,0.9,1,0.09,1,4,,problem_solving,10
1100,-0.008406044339303004,0.047227,0.0092428137516792,0.544,0.8436504332487491,-0.9879918993215668,[0.         0.         0.         0.         0.95544952 0.         0.         0.         0.         0.         0.01485016 0.         0.         0.01485016 0.         0.         0.01485016 0.         0.         0.         0.         0.         0.         0.         0.         0.         0.         0.         0.         0.         0.        ],[0. 0. 0. 0. 1. 0. 0. 0. 0. 0. 1. 0. 0. 1. 0. 0. 1. 0. 0. 0. 0. 0. 0. 0. 0. 0. 0. 0. 0. 0. 0.],4.0,best,10000,100000,100,0.9,0.5,0.9,0.5,0.9,1,0.09,1,4,,problem_solving,10
1200,-0.008406044339303004,0.047227,0.0092428137516792,0.548,0.838706113764254,-0.034523382033608746,[0.         0.         0.         0.         0.95544952 0.         0.         0.         0.         0.         0.01485016 0.         0.         0.01485016 0.         0.         0.01485016 0.         0.         0.         0.         0.         0.         0.         0.         0.         0.         0.         0.         0.         0.        ],[0. 0. 0. 0. 1. 0. 0. 0. 0. 0. 1. 0. 0. 1. 0. 0. 1. 0. 0. 0. 0. 0. 0. 0. 0. 0. 0. 0. 0. 0. 0.],4.0,best,10000,100000,100,0.9,0.5,0.9,0.5,0.9,1,0.09,1,4,,problem_solving,10
1300,-0.008406044339303004,0.047227,0.0092428137516792,0.552,0.83379077108603,-2.5679957120079893,[0.         0.         0.         0.         0.95544952 0.         0.         0.         0.         0.         0.01485016 0.         0.         0.01485016 0.         0.         0.01485016 0.         0.         0.         0.         0.         0.         0.         0.         0.         0.         0.         0.         0.         0.        ],[0. 0. 0. 0. 1. 0. 0. 0. 0. 0. 1. 0. 0. 1. 0. 0. 1. 0. 0. 0. 0. 0. 0. 0. 0. 0. 0. 0. 0. 0. 0.],4.0,best,10000,100000,100,0.9,0.5,0.9,0.5,0.9,1,0.09,1,4,,problem_solving,10
1400,-0.008406044339303004,0.047227,0.0092428137516792,0.556,0.828904235391859,-0.4404887378814772,[0.         0.         0.         0.         0.95544952 0.         0.         0.         0.         0.         0.01485016 0.         0.         0.01485016 0.         0.         0.01485016 0.         0.         0.         0.         0.         0.         0.         0.         0.         0.         0.         0.         0.         0.        ],[0. 0. 0. 0. 1. 0. 0. 0. 0. 0. 1. 0. 0. 1. 0. 0. 1. 0. 0. 0. 0. 0. 0. 0. 0. 0. 0. 0. 0. 0. 0.],4.0,best,10000,100000,100,0.9,0.5,0.9,0.5,0.9,1,0.09,1,4,,problem_solving,10
1500,-0.008406044339303004,0.047227,0.0092428137516792,0.56,0.8240463378547873,-0.7001783395649588,[0.         0.         0.         0.         0.95544952 0.         0.         0.         0.         0.         0.01485016 0.         0.         0.01485016 0.         0.         0.01485016 0.         0.         0.         0.         0.         0.         0.         0.         0.         0.         0.         0.         0.         0.        ],[0. 0. 0. 0. 1. 0. 0. 0. 0. 0. 1. 0. 0. 1. 0. 0. 1. 0. 0. 0. 0. 0. 0. 0. 0. 0. 0. 0. 0. 0. 0.],4.0,best,10000,100000,100,0.9,0.5,0.9,0.5,0.9,1,0.09,1,4,,problem_solving,10
1600,-0.008406044339303004,0.047227,0.0092428137516792,0.5640000000000001,0.8192169106372932,0.43752686902801113,[0.         0.         0.         0.         0.95544952 0.         0.         0.         0.         0.         0.01485016 0.         0.         0.01485016 0.         0.         0.01485016 0.         0.         0.         0.         0.         0.         0.         0.         0.         0.         0.         0.         0.         0.        ],[0. 0. 0. 0. 1. 0. 0. 0. 0. 0. 1. 0. 0. 1. 0. 0. 1. 0. 0. 0. 0. 0. 0. 0. 0. 0. 0. 0. 0. 0. 0.],4.0,best,10000,100000,100,0.9,0.5,0.9,0.5,0.9,1,0.09,1,4,,problem_solving,10
1700,-0.008406044339303004,0.047227,0.0092428137516792,0.5680000000000001,0.8144157868854872,-1.5929103032501415,[0.         0.         0.         0.         0.95544952 0.         0.         0.         0.         0.         0.01485016 0.         0.         0.01485016 0.         0.         0.01485016 0.         0.         0.         0.         0.         0.         0.         0.         0.         0.         0.         0.         0.         0.        ],[0. 0. 0. 0. 1. 0. 0. 0. 0. 0. 1. 0. 0. 1. 0. 0. 1. 0. 0. 0. 0. 0. 0. 0. 0. 0. 0. 0. 0. 0. 0.],4.0,best,10000,100000,100,0.9,0.5,0.9,0.5,0.9,1,0.09,1,4,,problem_solving,10
1800,-0.008406044339303004,0.047227,0.0092428137516792,0.5720000000000001,0.8096428007233489,1.141106548657889,[0.         0.         0.         0.         0.95544952 0.         0.         0.         0.         0.         0.01485016 0.         0.         0.01485016 0.         0.         0.01485016 0.         0.         0.         0.         0.         0.         0.         0.         0.         0.         0.         0.         0.         0.        ],[0. 0. 0. 0. 1. 0. 0. 0. 0. 0. 1. 0. 0. 1. 0. 0. 1. 0. 0. 0. 0. 0. 0. 0. 0. 0. 0. 0. 0. 0. 0.],4.0,best,10000,100000,100,0.9,0.5,0.9,0.5,0.9,1,0.09,1,4,,problem_solving,10
1900,-0.008406044339303004,0.047227,0.0092428137516792,0.5760000000000001,0.8048977872469943,-1.1840832358803624,[0.         0.         0.         0.         0.95544952 0.         0.         0.         0.         0.         0.01485016 0.         0.         0.01485016 0.         0.         0.01485016 0.         0.         0.         0.         0.         0.         0.         0.         0.         0.         0.         0.         0.         0.        ],[0. 0. 0. 0. 1. 0. 0. 0. 0. 0. 1. 0. 0. 1. 0. 0. 1. 0. 0. 0. 0. 0. 0. 0. 0. 0. 0. 0. 0. 0. 0.],4.0,best,10000,100000,100,0.9,0.5,0.9,0.5,0.9,1,0.09,1,4,,problem_solving,10
2000,-0.008406044339303004,0.047227,0.0092428137516792,0.58,0.80018058251898,-0.41570779669049857,[0.         0.         0.         0.         0.95544952 0.         0.         0.         0.         0.         0.01485016 0.         0.         0.01485016 0.         0.         0.01485016 0.         0.         0.         0.         0.         0.         0.         0.         0.         0.         0.         0.         0.         0.        ],[0. 0. 0. 0. 1. 0. 0. 0. 0. 0. 1. 0. 0. 1. 0. 0. 1. 0. 0. 0. 0. 0. 0. 0. 0. 0. 0. 0. 0. 0. 0.],4.0,best,10000,100000,100,0.9,0.5,0.9,0.5,0.9,1,0.09,1,4,,problem_solving,10
2100,-0.008406044339303004,0.047227,0.0092428137516792,0.584,0.7954910235626383,-1.069957680453756,[0.         0.         0.         0.         0.95544952 0.         0.         0.         0.         0.         0.01485016 0.         0.         0.01485016 0.         0.         0.01485016 0.         0.         0.         0.         0.         0.         0.         0.         0.         0.         0.         0.         0.         0.        ],[0. 0. 0. 0. 1. 0. 0. 0. 0. 0. 1. 0. 0. 1. 0. 0. 1. 0. 0. 0. 0. 0. 0. 0. 0. 0. 0. 0. 0. 0. 0.],4.0,best,10000,100000,100,0.9,0.5,0.9,0.5,0.9,1,0.09,1,4,,problem_solving,10
2200,-0.008406044339303004,0.047227,0.0092428137516792,0.588,0.7908289483564468,0.23314894935256794,[0.         0.         0.         0.         0.95544952 0.         0.         0.         0.         0.         0.01485016 0.         0.         0.01485016 0.         0.         0.01485016 0.         0.         0.         0.         0.         0.         0.         0.         0.         0.         0.         0.         0.         0.        ],[0. 0. 0. 0. 1. 0. 0. 0. 0. 0. 1. 0. 0. 1. 0. 0. 1. 0. 0. 0. 0. 0. 0. 0. 0. 0. 0. 0. 0. 0. 0.],4.0,best,10000,100000,100,0.9,0.5,0.9,0.5,0.9,1,0.09,1,4,,problem_solving,10
2300,-0.008406044339303004,0.047227,0.0092428137516792,0.592,0.7861941958284306,-1.5293708466781493,[0.         0.         0.         0.         0.95544952 0.         0.         0.         0.         0.         0.01485016 0.         0.         0.01485016 0.         0.         0.01485016 0.         0.         0.         0.         0.         0.         0.         0.         0.         0.         0.         0.         0.         0.        ],[0. 0. 0. 0. 1. 0. 0. 0. 0. 0. 1. 0. 0. 1. 0. 0. 1. 0. 0. 0. 0. 0. 0. 0. 0. 0. 0. 0. 0. 0. 0.],4.0,best,10000,100000,100,0.9,0.5,0.9,0.5,0.9,1,0.09,1,4,,problem_solving,10
2400,-0.008406044339303004,0.047227,0.0092428137516792,0.596,0.7815866058505976,-1.2084751276247996,[0.         0.         0.         0.         0.95544952 0.         0.         0.         0.         0.         0.01485016 0.         0.         0.01485016 0.         0.         0.01485016 0.         0.         0.         0.         0.         0.         0.         0.         0.         0.         0.         0.         0.         0.        ],[0. 0. 0. 0. 1. 0. 0. 0. 0. 0. 1. 0. 0. 1. 0. 0. 1. 0. 0. 0. 0. 0. 0. 0. 0. 0. 0. 0. 0. 0. 0.],4.0,best,10000,100000,100,0.9,0.5,0.9,0.5,0.9,1,0.09,1,4,,problem_solving,10
2500,-0.008406044339303004,0.047227,0.0092428137516792,0.6,0.7770060192334055,0.19125032773673706,[0.         0.         0.         0.         0.95544952 0.         0.         0.         0.         0.         0.01485016 0.         0.         0.01485016 0.         0.         0.01485016 0.         0.         0.         0.         0.         0.         0.         0.         0.         0.         0.         0.         0.         0.        ],[0. 0. 0. 0. 1. 0. 0. 0. 0. 0. 1. 0. 0. 1. 0. 0. 1. 0. 0. 0. 0. 0. 0. 0. 0. 0. 0. 0. 0. 0. 0.],4.0,best,10000,100000,100,0.9,0.5,0.9,0.5,0.9,1,0.09,1,4,,problem_solving,10
2600,-0.008406044339303004,0.047227,0.0092428137516792,0.604,0.7724522777202627,0.05408953298322154,[0.         0.         0.         0.         0.95544952 0.         0.         0.         0.         0.         0.01485016 0.         0.         0.01485016 0.         0.         0.01485016 0.         0.         0.         0.         0.         0.         0.         0.         0.         0.         0.         0.         0.         0.        ],[0. 0. 0. 0. 1. 0. 0. 0. 0. 0. 1. 0. 0. 1. 0. 0. 1. 0. 0. 0. 0. 0. 0. 0. 0. 0. 0. 0. 0. 0. 0.],4.0,best,10000,100000,100,0.9,0.5,0.9,0.5,0.9,1,0.09,1,4,,problem_solving,10
2700,-0.008406044339303004,0.047227,0.0092428137516792,0.608,0.7679252239820602,0.11799915905855327,[0.         0.         0.         0.         0.95544952 0.         0.         0.         0.         0.         0.01485016 0.         0.         0.01485016 0.         0.         0.01485016 0.         0.         0.         0.         0.         0.         0.         0.         0.         0.         0.         0.         0.         0.        ],[0. 0. 0. 0. 1. 0. 0. 0. 0. 0. 1. 0. 0. 1. 0. 0. 1. 0. 0. 0. 0. 0. 0. 0. 0. 0. 0. 0. 0. 0. 0.],4.0,best,10000,100000,100,0.9,0.5,0.9,0.5,0.9,1,0.09,1,4,,problem_solving,10
2800,-0.008406044339303004,0.047227,0.0092428137516792,0.612,0.7634247016117359,-0.5108382774188484,[0.         0.         0.         0.         0.95544952 0.         0.         0.         0.         0.         0.01485016 0.         0.         0.01485016 0.         0.         0.01485016 0.         0.         0.         0.         0.         0.         0.         0.         0.         0.         0.         0.         0.         0.        ],[0. 0. 0. 0. 1. 0. 0. 0. 0. 0. 1. 0. 0. 1. 0. 0. 1. 0. 0. 0. 0. 0. 0. 0. 0. 0. 0. 0. 0. 0. 0.],4.0,best,10000,100000,100,0.9,0.5,0.9,0.5,0.9,1,0.09,1,4,,problem_solving,10
2900,-0.008406044339303004,0.047227,0.0092428137516792,0.616,0.758950555118871,2.264326686730882,[0.         0.         0.         0.         0.95544952 0.         0.         0.         0.         0.         0.01485016 0.         0.         0.01485016 0.         0.         0.01485016 0.         0.         0.         0.         0.         0.         0.         0.         0.         0.         0.         0.         0.         0.        ],[0. 0. 0. 0. 1. 0. 0. 0. 0. 0. 1. 0. 0. 1. 0. 0. 1. 0. 0. 0. 0. 0. 0. 0. 0. 0. 0. 0. 0. 0. 0.],4.0,best,10000,100000,100,0.9,0.5,0.9,0.5,0.9,1,0.09,1,4,,problem_solving,10
3000,-0.008406044339303004,0.047227,0.0092428137516792,0.62,0.754502629924318,-0.13265100180179404,[0.         0.         0.         0.         0.95544952 0.         0.         0.         0.         0.         0.01485016 0.         0.         0.01485016 0.         0.         0.01485016 0.         0.         0.         0.         0.         0.         0.         0.         0.         0.         0.         0.         0.         0.        ],[0. 0. 0. 0. 1. 0. 0. 0. 0. 0. 1. 0. 0. 1. 0. 0. 1. 0. 0. 0. 0. 0. 0. 0. 0. 0. 0. 0. 0. 0. 0.],4.0,best,10000,100000,100,0.9,0.5,0.9,0.5,0.9,1,0.09,1,4,,problem_solving,10
3100,-0.008406044339303004,0.047227,0.0092428137516792,0.624,0.7500807723548599,-1.2551093624277658,[0.         0.         0.         0.         0.95544952 0.         0.         0.         0.         0.         0.01485016 0.         0.         0.01485016 0.         0.         0.01485016 0.         0.         0.         0.         0.         0.         0.         0.         0.         0.         0.         0.         0.         0.        ],[0. 0. 0. 0. 1. 0. 0. 0. 0. 0. 1. 0. 0. 1. 0. 0. 1. 0. 0. 0. 0. 0. 0. 0. 0. 0. 0. 0. 0. 0. 0.],4.0,best,10000,100000,100,0.9,0.5,0.9,0.5,0.9,1,0.09,1,4,,problem_solving,10
3200,-0.008406044339303004,0.047227,0.0092428137516792,0.628,0.7456848296379007,0.36027741959800974,[0.         0.         0.         0.         0.95544952 0.         0.         0.         0.         0.         0.01485016 0.         0.         0.01485016 0.         0.         0.01485016 0.         0.         0.         0.         0.         0.         0.         0.         0.         0.         0.         0.         0.         0.        ],[0. 0. 0. 0. 1. 0. 0. 0. 0. 0. 1. 0. 0. 1. 0. 0. 1. 0. 0. 0. 0. 0. 0. 0. 0. 0. 0. 0. 0. 0. 0.],4.0,best,10000,100000,100,0.9,0.5,0.9,0.5,0.9,1,0.09,1,4,,problem_solving,10
3300,-0.008406044339303004,0.047227,0.0092428137516792,0.632,0.7413146498961878,0.1717155774463923,[0.         0.         0.         0.         0.95544952 0.         0.         0.         0.         0.         0.01485016 0.         0.         0.01485016 0.         0.         0.01485016 0.         0.         0.         0.         0.         0.         0.         0.         0.         0.         0.         0.         0.         0.        ],[0. 0. 0. 0. 1. 0. 0. 0. 0. 0. 1. 0. 0. 1. 0. 0. 1. 0. 0. 0. 0. 0. 0. 0. 0. 0. 0. 0. 0. 0. 0.],4.0,best,10000,100000,100,0.9,0.5,0.9,0.5,0.9,1,0.09,1,4,,problem_solving,10
3400,-0.008406044339303004,0.047227,0.0092428137516792,0.636,0.7369700821425638,0.06860210179142304,[0.         0.         0.         0.         0.95544952 0.         0.         0.         0.         0.         0.01485016 0.         0.         0.01485016 0.         0.         0.01485016 0.         0.         0.         0.         0.         0.         0.         0.         0.         0.         0.         0.         0.         0.        ],[0. 0. 0. 0. 1. 0. 0. 0. 0. 0. 1. 0. 0. 1. 0. 0. 1. 0. 0. 0. 0. 0. 0. 0. 0. 0. 0. 0. 0. 0. 0.],4.0,best,10000,100000,100,0.9,0.5,0.9,0.5,0.9,1,0.09,1,4,,problem_solving,10
3500,-0.008406044339303004,0.047227,0.0092428137516792,0.64,0.7326509762747511,-0.09794267224378198,[0.         0.         0.         0.         0.95544952 0.         0.         0.         0.         0.         0.01485016 0.         0.         0.01485016 0.         0.         0.01485016 0.         0.         0.         0.         0.         0.         0.         0.         0.         0.         0.         0.         0.         0.        ],[0. 0. 0. 0. 1. 0. 0. 0. 0. 0. 1. 0. 0. 1. 0. 0. 1. 0. 0. 0. 0. 0. 0. 0. 0. 0. 0. 0. 0. 0. 0.],4.0,best,10000,100000,100,0.9,0.5,0.9,0.5,0.9,1,0.09,1,4,,problem_solving,10
3600,-0.008406044339303004,0.047227,0.0092428137516792,0.644,0.7283571830701648,-0.38686412139732507,[0.         0.         0.         0.         0.95544952 0.         0.         0.         0.         0.         0.01485016 0.         0.         0.01485016 0.         0.         0.01485016 0.         0.         0.         0.         0.         0.         0.         0.         0.         0.         0.         0.         0.         0.        ],[0. 0. 0. 0. 1. 0. 0. 0. 0. 0. 1. 0. 0. 1. 0. 0. 1. 0. 0. 0. 0. 0. 0. 0. 0. 0. 0. 0. 0. 0. 0.],4.0,best,10000,100000,100,0.9,0.5,0.9,0.5,0.9,1,0.09,1,4,,problem_solving,10
3700,-0.008406044339303004,0.047227,0.0092428137516792,0.648,0.7240885541807586,0.9059495453009021,[0.         0.         0.         0.         0.95544952 0.         0.         0.         0.         0.         0.01485016 0.         0.         0.01485016 0.         0.         0.01485016 0.         0.         0.         0.         0.         0.         0.         0.         0.         0.         0.         0.         0.         0.        ],[0. 0. 0. 0. 1. 0. 0. 0. 0. 0. 1. 0. 0. 1. 0. 0. 1. 0. 0. 0. 0. 0. 0. 0. 0. 0. 0. 0. 0. 0. 0.],4.0,best,10000,100000,100,0.9,0.5,0.9,0.5,0.9,1,0.09,1,4,,problem_solving,10
3800,-0.008406044339303004,0.047227,0.0092428137516792,0.652,0.7198449421278975,0.06856592084979742,[0.         0.         0.         0.         0.95544952 0.         0.         0.         0.         0.         0.01485016 0.         0.         0.01485016 0.         0.         0.01485016 0.         0.         0.         0.         0.         0.         0.         0.         0.         0.         0.         0.         0.         0.        ],[0. 0. 0. 0. 1. 0. 0. 0. 0. 0. 1. 0. 0. 1. 0. 0. 1. 0. 0. 0. 0. 0. 0. 0. 0. 0. 0. 0. 0. 0. 0.],4.0,best,10000,100000,100,0.9,0.5,0.9,0.5,0.9,1,0.09,1,4,,problem_solving,10
3900,-0.008510244262928787,0.040452,0.004832083334025168,0.656,0.7156262002972644,-0.46427827948443445,[0.         0.         0.         0.         0.94207319 0.         0.         0.         0.         0.         0.         0.         0.         0.         0.         0.         0.         0.         0.         0.         0.         0.         0.         0.         0.         0.01817635 0.         0.01817635 0.         0.         0.02157411],[0. 0. 0. 0. 1. 0. 0. 0. 0. 0. 0. 0. 0. 0. 0. 0. 0. 0. 0. 0. 0. 0. 0. 0. 0. 1. 0. 1. 0. 0. 1.],4.0,best,10000,100000,100,0.9,0.5,0.9,0.5,0.9,1,0.09,1,4,,problem_solving,10
4000,-0.008510244262928787,0.040452,0.004832083334025168,0.66,0.7114321829337936,0.13893221004060144,[0.         0.         0.         0.         0.94207319 0.         0.         0.         0.         0.         0.         0.         0.         0.         0.         0.         0.         0.         0.         0.         0.         0.         0.         0.         0.         0.01817635 0.         0.01817635 0.         0.         0.02157411],[0. 0. 0. 0. 1. 0. 0. 0. 0. 0. 0. 0. 0. 0. 0. 0. 0. 0. 0. 0. 0. 0. 0. 0. 0. 1. 0. 1. 0. 0. 1.],4.0,best,10000,100000,100,0.9,0.5,0.9,0.5,0.9,1,0.09,1,4,,problem_solving,10
4100,-0.008510244262928787,0.040452,0.004832083334025168,0.664,0.707262745136635,0.503130665047906,[0.         0.         0.         0.         0.94207319 0.         0.         0.         0.         0.         0.         0.         0.         0.         0.         0.         0.         0.         0.         0.         0.         0.         0.         0.         0.         0.01817635 0.         0.01817635 0.         0.         0.02157411],[0. 0. 0. 0. 1. 0. 0. 0. 0. 0. 0. 0. 0. 0. 0. 0. 0. 0. 0. 0. 0. 0. 0. 0. 0. 1. 0. 1. 0. 0. 1.],4.0,best,10000,100000,100,0.9,0.5,0.9,0.5,0.9,1,0.09,1,4,,problem_solving,10
4200,-0.00853117489880733,0.076248,0.008208940079558734,0.668,0.7031177428541489,0.35154081036543705,[0.         0.         0.         0.         0.95381631 0.         0.         0.         0.         0.01471812 0.         0.         0.         0.         0.         0.         0.         0.         0.         0.01471812 0.         0.         0.         0.         0.         0.01674745 0.         0.         0.         0.         0.        ],[0. 0. 0. 0. 1. 0. 0. 0. 0. 1. 0. 0. 0. 0. 0. 0. 0. 0. 0. 1. 0. 0. 0. 0. 0. 1. 0. 0. 0. 0. 0.],4.0,best,10000,100000,100,0.9,0.5,0.9,0.5,0.9,1,0.09,1,4,,problem_solving,10
4300,-0.00853117489880733,0.076248,0.008208940079558734,0.672,0.6989970328789274,0.9742727705155281,[0.         0.         0.         0.         0.95381631 0.         0.         0.         0.         0.01471812 0.         0.         0.         0.         0.         0.         0.         0.         0.         0.01471812 0.         0.         0.         0.         0.         0.01674745 0.         0.         0.         0.         0.        ],[0. 0. 0. 0. 1. 0. 0. 0. 0. 1. 0. 0. 0. 0. 0. 0. 0. 0. 0. 1. 0. 0. 0. 0. 0. 1. 0. 0. 0. 0. 0.],4.0,best,10000,100000,100,0.9,0.5,0.9,0.5,0.9,1,0.09,1,4,,problem_solving,10
4400,-0.00853117489880733,0.076248,0.008208940079558734,0.676,0.6949004728428485,-0.4577541640036396,[0.         0.         0.         0.         0.95381631 0.         0.         0.         0.         0.01471812 0.         0.         0.         0.         0.         0.         0.         0.         0.         0.01471812 0.         0.         0.         0.         0.         0.01674745 0.         0.         0.         0.         0.        ],[0. 0. 0. 0. 1. 0. 0. 0. 0. 1. 0. 0. 0. 0. 0. 0. 0. 0. 0. 1. 0. 0. 0. 0. 0. 1. 0. 0. 0. 0. 0.],4.0,best,10000,100000,100,0.9,0.5,0.9,0.5,0.9,1,0.09,1,4,,problem_solving,10
4500,-0.00853117489880733,0.076248,0.008208940079558734,0.68,0.6908279212121557,-0.07080233470049715,[0.         0.         0.         0.         0.95381631 0.         0.         0.         0.         0.01471812 0.         0.         0.         0.         0.         0.         0.         0.         0.         0.01471812 0.         0.         0.         0.         0.         0.01674745 0.         0.         0.         0.         0.        ],[0. 0. 0. 0. 1. 0. 0. 0. 0. 1. 0. 0. 0. 0. 0. 0. 0. 0. 0. 1. 0. 0. 0. 0. 0. 1. 0. 0. 0. 0. 0.],4.0,best,10000,100000,100,0.9,0.5,0.9,0.5,0.9,1,0.09,1,4,,problem_solving,10
4600,-0.00853117489880733,0.076248,0.008208940079558734,0.684,0.6867792372825697,0.6381030573520116,[0.         0.         0.         0.         0.95381631 0.         0.         0.         0.         0.01471812 0.         0.         0.         0.         0.         0.         0.         0.         0.         0.01471812 0.         0.         0.         0.         0.         0.01674745 0.         0.         0.         0.         0.        ],[0. 0. 0. 0. 1. 0. 0. 0. 0. 1. 0. 0. 0. 0. 0. 0. 0. 0. 0. 1. 0. 0. 0. 0. 0. 1. 0. 0. 0. 0. 0.],4.0,best,10000,100000,100,0.9,0.5,0.9,0.5,0.9,1,0.09,1,4,,problem_solving,10
4700,-0.00853117489880733,0.076248,0.008208940079558734,0.6880000000000001,0.6827542811744257,1.5153460720461736,[0.         0.         0.         0.         0.95381631 0.         0.         0.         0.         0.01471812 0.         0.         0.         0.         0.         0.         0.         0.         0.         0.01471812 0.         0.         0.         0.         0.         0.01674745 0.         0.         0.         0.         0.        ],[0. 0. 0. 0. 1. 0. 0. 0. 0. 1. 0. 0. 0. 0. 0. 0. 0. 0. 0. 1. 0. 0. 0. 0. 0. 1. 0. 0. 0. 0. 0.],4.0,best,10000,100000,100,0.9,0.5,0.9,0.5,0.9,1,0.09,1,4,,problem_solving,10
4800,-0.00853117489880733,0.076248,0.008208940079558734,0.692,0.6787529138278414,0.5204811136551055,[0.         0.         0.         0.         0.95381631 0.         0.         0.         0.         0.01471812 0.         0.         0.         0.         0.         0.         0.         0.         0.         0.01471812 0.         0.         0.         0.         0.         0.01674745 0.         0.         0.         0.         0.        ],[0. 0. 0. 0. 1. 0. 0. 0. 0. 1. 0. 0. 0. 0. 0. 0. 0. 0. 0. 1. 0. 0. 0. 0. 0. 1. 0. 0. 0. 0. 0.],4.0,best,10000,100000,100,0.9,0.5,0.9,0.5,0.9,1,0.09,1,4,,problem_solving,10
4900,-0.00853117489880733,0.076248,0.008208940079558734,0.696,0.6747749969979128,0.22175011489739493,[0.         0.         0.         0.         0.95381631 0.         0.         0.         0.         0.01471812 0.         0.         0.         0.         0.         0.         0.         0.         0.         0.01471812 0.         0.         0.         0.         0.         0.01674745 0.         0.         0.         0.         0.        ],[0. 0. 0. 0. 1. 0. 0. 0. 0. 1. 0. 0. 0. 0. 0. 0. 0. 0. 0. 1. 0. 0. 0. 0. 0. 1. 0. 0. 0. 0. 0.],4.0,best,10000,100000,100,0.9,0.5,0.9,0.5,0.9,1,0.09,1,4,,problem_solving,10
5000,-0.008617452043554963,0.061172,0.005782504181543453,0.7,0.6708203932499369,0.9775486504645999,[0.         0.         0.         0.         0.95056644 0.         0.         0.         0.         0.         0.         0.         0.         0.         0.         0.         0.         0.         0.         0.         0.01479584 0.         0.         0.         0.         0.01479584 0.         0.01984189 0.         0.         0.        ],[0. 0. 0. 0. 1. 0. 0. 0. 0. 0. 0. 0. 0. 0. 0. 0. 0. 0. 0. 0. 1. 0. 0. 0. 0. 1. 0. 1. 0. 0. 0.],4.0,best,10000,100000,100,0.9,0.5,0.9,0.5,0.9,1,0.09,1,4,,problem_solving,10
5100,-0.008617452043554963,0.061172,0.005782504181543453,0.704,0.6668889659546647,0.5011393340870527,[0.         0.         0.         0.         0.95056644 0.         0.         0.         0.         0.         0.         0.         0.         0.         0.         0.         0.         0.         0.         0.         0.01479584 0.         0.         0.         0.         0.01479584 0.         0.01984189 0.         0.         0.        ],[0. 0. 0. 0. 1. 0. 0. 0. 0. 0. 0. 0. 0. 0. 0. 0. 0. 0. 0. 0. 1. 0. 0. 0. 0. 1. 0. 1. 0. 0. 0.],4.0,best,10000,100000,100,0.9,0.5,0.9,0.5,0.9,1,0.09,1,4,,problem_solving,10
5200,-0.008617452043554963,0.061172,0.005782504181543453,0.708,0.6629805792835798,-0.8038637282434602,[0.         0.         0.         0.         0.95056644 0.         0.         0.         0.         0.         0.         0.         0.         0.         0.         0.         0.         0.         0.         0.         0.01479584 0.         0.         0.         0.         0.01479584 0.         0.01984189 0.         0.         0.        ],[0. 0. 0. 0. 1. 0. 0. 0. 0. 0. 0. 0. 0. 0. 0. 0. 0. 0. 0. 0. 1. 0. 0. 0. 0. 1. 0. 1. 0. 0. 0.],4.0,best,10000,100000,100,0.9,0.5,0.9,0.5,0.9,1,0.09,1,4,,problem_solving,10
5300,-0.008617452043554963,0.061172,0.005782504181543453,0.712,0.6590950982042058,-0.10834017840830099,[0.         0.         0.         0.         0.95056644 0.         0.         0.         0.         0.         0.         0.         0.         0.         0.         0.         0.         0.         0.         0.         0.01479584 0.         0.         0.         0.         0.01479584 0.         0.01984189 0.         0.         0.        ],[0. 0. 0. 0. 1. 0. 0. 0. 0. 0. 0. 0. 0. 0. 0. 0. 0. 0. 0. 0. 1. 0. 0. 0. 0. 1. 0. 1. 0. 0. 0.],4.0,best,10000,100000,100,0.9,0.5,0.9,0.5,0.9,1,0.09,1,4,,problem_solving,10
5400,-0.008617452043554963,0.061172,0.005782504181543453,0.716,0.6552323884754414,-0.2882848915670024,[0.         0.         0.         0.         0.95056644 0.         0.         0.         0.         0.         0.         0.         0.         0.         0.         0.         0.         0.         0.         0.         0.01479584 0.         0.         0.         0.         0.01479584 0.         0.01984189 0.         0.         0.        ],[0. 0. 0. 0. 1. 0. 0. 0. 0. 0. 0. 0. 0. 0. 0. 0. 0. 0. 0. 0. 1. 0. 0. 0. 0. 1. 0. 1. 0. 0. 0.],4.0,best,10000,100000,100,0.9,0.5,0.9,0.5,0.9,1,0.09,1,4,,problem_solving,10
5500,-0.008617452043554963,0.061172,0.005782504181543453,0.72,0.651392316642922,0.6147811221061396,[0.         0.         0.         0.         0.95056644 0.         0.         0.         0.         0.         0.         0.         0.         0.         0.         0.         0.         0.         0.         0.         0.01479584 0.         0.         0.         0.         0.01479584 0.         0.01984189 0.         0.         0.        ],[0. 0. 0. 0. 1. 0. 0. 0. 0. 0. 0. 0. 0. 0. 0. 0. 0. 0. 0. 0. 1. 0. 0. 0. 0. 1. 0. 1. 0. 0. 0.],4.0,best,10000,100000,100,0.9,0.5,0.9,0.5,0.9,1,0.09,1,4,,problem_solving,10
5600,-0.008617452043554963,0.061172,0.005782504181543453,0.724,0.6475747500344088,0.39407707004649883,[0.         0.         0.         0.         0.95056644 0.         0.         0.         0.         0.         0.         0.         0.         0.         0.         0.         0.         0.         0.         0.         0.01479584 0.         0.         0.         0.         0.01479584 0.         0.01984189 0.         0.         0.        ],[0. 0. 0. 0. 1. 0. 0. 0. 0. 0. 0. 0. 0. 0. 0. 0. 0. 0. 0. 0. 1. 0. 0. 0. 0. 1. 0. 1. 0. 0. 0.],4.0,best,10000,100000,100,0.9,0.5,0.9,0.5,0.9,1,0.09,1,4,,problem_solving,10
5700,-0.008617452043554963,0.061172,0.005782504181543453,0.728,0.643779556755206,0.19667564147978361,[0.         0.         0.         0.         0.95056644 0.         0.         0.         0.         0.         0.         0.         0.         0.         0.         0.         0.         0.         0.         0.         0.01479584 0.         0.         0.         0.         0.01479584 0.         0.01984189 0.         0.         0.        ],[0. 0. 0. 0. 1. 0. 0. 0. 0. 0. 0. 0. 0. 0. 0. 0. 0. 0. 0. 0. 1. 0. 0. 0. 0. 1. 0. 1. 0. 0. 0.],4.0,best,10000,100000,100,0.9,0.5,0.9,0.5,0.9,1,0.09,1,4,,problem_solving,10
5800,-0.008617452043554963,0.061172,0.005782504181543453,0.732,0.6400066056836028,0.356754855258551,[0.         0.         0.         0.         0.95056644 0.         0.         0.         0.         0.         0.         0.         0.         0.         0.         0.         0.         0.         0.         0.         0.01479584 0.         0.         0.         0.         0.01479584 0.         0.01984189 0.         0.         0.        ],[0. 0. 0. 0. 1. 0. 0. 0. 0. 0. 0. 0. 0. 0. 0. 0. 0. 0. 0. 0. 1. 0. 0. 0. 0. 1. 0. 1. 0. 0. 0.],4.0,best,10000,100000,100,0.9,0.5,0.9,0.5,0.9,1,0.09,1,4,,problem_solving,10
5900,-0.008617452043554963,0.061172,0.005782504181543453,0.736,0.6362557664663436,0.32879443242861733,[0.         0.         0.         0.         0.95056644 0.         0.         0.         0.         0.         0.         0.         0.         0.         0.         0.         0.         0.         0.         0.         0.01479584 0.         0.         0.         0.         0.01479584 0.         0.01984189 0.         0.         0.        ],[0. 0. 0. 0. 1. 0. 0. 0. 0. 0. 0. 0. 0. 0. 0. 0. 0. 0. 0. 0. 1. 0. 0. 0. 0. 1. 0. 1. 0. 0. 0.],4.0,best,10000,100000,100,0.9,0.5,0.9,0.5,0.9,1,0.09,1,4,,problem_solving,10
6000,-0.008617452043554963,0.061172,0.005782504181543453,0.74,0.6325269095141249,0.658672446389243,[0.         0.         0.         0.         0.95056644 0.         0.         0.         0.         0.         0.         0.         0.         0.         0.         0.         0.         0.         0.         0.         0.01479584 0.         0.         0.         0.         0.01479584 0.         0.01984189 0.         0.         0.        ],[0. 0. 0. 0. 1. 0. 0. 0. 0. 0. 0. 0. 0. 0. 0. 0. 0. 0. 0. 0. 1. 0. 0. 0. 0. 1. 0. 1. 0. 0. 0.],4.0,best,10000,100000,100,0.9,0.5,0.9,0.5,0.9,1,0.09,1,4,,problem_solving,10
6100,-0.008617452043554963,0.061172,0.005782504181543453,0.744,0.6288199059971172,-1.4857306226951934,[0.         0.         0.         0.         0.95056644 0.         0.         0.         0.         0.         0.         0.         0.         0.         0.         0.         0.         0.         0.         0.         0.01479584 0.         0.         0.         0.         0.01479584 0.         0.01984189 0.         0.         0.        ],[0. 0. 0. 0. 1. 0. 0. 0. 0. 0. 0. 0. 0. 0. 0. 0. 0. 0. 0. 0. 1. 0. 0. 0. 0. 1. 0. 1. 0. 0. 0.],4.0,best,10000,100000,100,0.9,0.5,0.9,0.5,0.9,1,0.09,1,4,,problem_solving,10
6200,-0.008617452043554963,0.061172,0.005782504181543453,0.748,0.6251346278405147,0.43139373118155505,[0.         0.         0.         0.         0.95056644 0.         0.         0.         0.         0.         0.         0.         0.         0.         0.         0.         0.         0.         0.         0.         0.01479584 0.         0.         0.         0.         0.01479584 0.         0.01984189 0.         0.         0.        ],[0. 0. 0. 0. 1. 0. 0. 0. 0. 0. 0. 0. 0. 0. 0. 0. 0. 0. 0. 0. 1. 0. 0. 0. 0. 1. 0. 1. 0. 0. 0.],4.0,best,10000,100000,100,0.9,0.5,0.9,0.5,0.9,1,0.09,1,4,,problem_solving,10
6300,-0.008617452043554963,0.061172,0.005782504181543453,0.752,0.6214709477201097,0.16691961336261815,[0.         0.         0.         0.         0.95056644 0.         0.         0.         0.         0.         0.         0.         0.         0.         0.         0.         0.         0.         0.         0.         0.01479584 0.         0.         0.         0.         0.01479584 0.         0.01984189 0.         0.         0.        ],[0. 0. 0. 0. 1. 0. 0. 0. 0. 0. 0. 0. 0. 0. 0. 0. 0. 0. 0. 0. 1. 0. 0. 0. 0. 1. 0. 1. 0. 0. 0.],4.0,best,10000,100000,100,0.9,0.5,0.9,0.5,0.9,1,0.09,1,4,,problem_solving,10
6400,-0.008617452043554963,0.061172,0.005782504181543453,0.756,0.6178287390578946,-0.22035764508451802,[0.         0.         0.         0.         0.95056644 0.         0.         0.         0.         0.         0.         0.         0.         0.         0.         0.         0.         0.         0.         0.         0.01479584 0.         0.         0.         0.         0.01479584 0.         0.01984189 0.         0.         0.        ],[0. 0. 0. 0. 1. 0. 0. 0. 0. 0. 0. 0. 0. 0. 0. 0. 0. 0. 0. 0. 1. 0. 0. 0. 0. 1. 0. 1. 0. 0. 0.],4.0,best,10000,100000,100,0.9,0.5,0.9,0.5,0.9,1,0.09,1,4,,problem_solving,10
6500,-0.008617452043554963,0.061172,0.005782504181543453,0.76,0.6142078760176876,0.48999290069211165,[0.         0.         0.         0.         0.95056644 0.         0.         0.         0.         0.         0.         0.         0.         0.         0.         0.         0.         0.         0.         0.         0.01479584 0.         0.         0.         0.         0.01479584 0.         0.01984189 0.         0.         0.        ],[0. 0. 0. 0. 1. 0. 0. 0. 0. 0. 0. 0. 0. 0. 0. 0. 0. 0. 0. 0. 1. 0. 0. 0. 0. 1. 0. 1. 0. 0. 0.],4.0,best,10000,100000,100,0.9,0.5,0.9,0.5,0.9,1,0.09,1,4,,problem_solving,10
6600,-0.008617452043554963,0.061172,0.005782504181543453,0.764,0.6106082335007861,0.2835516617705281,[0.         0.         0.         0.         0.95056644 0.         0.         0.         0.         0.         0.         0.         0.         0.         0.         0.         0.         0.         0.         0.         0.01479584 0.         0.         0.         0.         0.01479584 0.         0.01984189 0.         0.         0.        ],[0. 0. 0. 0. 1. 0. 0. 0. 0. 0. 0. 0. 0. 0. 0. 0. 0. 0. 0. 0. 1. 0. 0. 0. 0. 1. 0. 1. 0. 0. 0.],4.0,best,10000,100000,100,0.9,0.5,0.9,0.5,0.9,1,0.09,1,4,,problem_solving,10
6700,-0.008617452043554963,0.061172,0.005782504181543453,0.768,0.6070296871416437,0.13599847923550287,[0.         0.         0.         0.         0.95056644 0.         0.         0.         0.         0.         0.         0.         0.         0.         0.         0.         0.         0.         0.         0.         0.01479584 0.         0.         0.         0.         0.01479584 0.         0.01984189 0.         0.         0.        ],[0. 0. 0. 0. 1. 0. 0. 0. 0. 0. 0. 0. 0. 0. 0. 0. 0. 0. 0. 0. 1. 0. 0. 0. 0. 1. 0. 1. 0. 0. 0.],4.0,best,10000,100000,100,0.9,0.5,0.9,0.5,0.9,1,0.09,1,4,,problem_solving,10
6800,-0.008617452043554963,0.061172,0.005782504181543453,0.772,0.6034721133035746,-0.9480406387324696,[0.         0.         0.         0.         0.95056644 0.         0.         0.         0.         0.         0.         0.         0.         0.         0.         0.         0.         0.         0.         0.         0.01479584 0.         0.         0.         0.         0.01479584 0.         0.01984189 0.         0.         0.        ],[0. 0. 0. 0. 1. 0. 0. 0. 0. 0. 0. 0. 0. 0. 0. 0. 0. 0. 0. 0. 1. 0. 0. 0. 0. 1. 0. 1. 0. 0. 0.],4.0,best,10000,100000,100,0.9,0.5,0.9,0.5,0.9,1,0.09,1,4,,problem_solving,10
6900,-0.008617452043554963,0.061172,0.005782504181543453,0.776,0.5999353890744809,0.7728982971890618,[0.         0.         0.         0.         0.95056644 0.         0.         0.         0.         0.         0.         0.         0.         0.         0.         0.         0.         0.         0.         0.         0.01479584 0.         0.         0.         0.         0.01479584 0.         0.01984189 0.         0.         0.        ],[0. 0. 0. 0. 1. 0. 0. 0. 0. 0. 0. 0. 0. 0. 0. 0. 0. 0. 0. 0. 1. 0. 0. 0. 0. 1. 0. 1. 0. 0. 0.],4.0,best,10000,100000,100,0.9,0.5,0.9,0.5,0.9,1,0.09,1,4,,problem_solving,10
7000,-0.008617452043554963,0.061172,0.005782504181543453,0.78,0.5964193922626064,-0.8808085877066454,[0.         0.         0.         0.         0.95056644 0.         0.         0.         0.         0.         0.         0.         0.         0.         0.         0.         0.         0.         0.         0.         0.01479584 0.         0.         0.         0.         0.01479584 0.         0.01984189 0.         0.         0.        ],[0. 0. 0. 0. 1. 0. 0. 0. 0. 0. 0. 0. 0. 0. 0. 0. 0. 0. 0. 0. 1. 0. 0. 0. 0. 1. 0. 1. 0. 0. 0.],4.0,best,10000,100000,100,0.9,0.5,0.9,0.5,0.9,1,0.09,1,4,,problem_solving,10
7100,-0.008617452043554963,0.061172,0.005782504181543453,0.784,0.5929240013923155,0.6009792608203743,[0.         0.         0.         0.         0.95056644 0.         0.         0.         0.         0.         0.         0.         0.         0.         0.         0.         0.         0.         0.         0.         0.01479584 0.         0.         0.         0.         0.01479584 0.         0.01984189 0.         0.         0.        ],[0. 0. 0. 0. 1. 0. 0. 0. 0. 0. 0. 0. 0. 0. 0. 0. 0. 0. 0. 0. 1. 0. 0. 0. 0. 1. 0. 1. 0. 0. 0.],4.0,best,10000,100000,100,0.9,0.5,0.9,0.5,0.9,1,0.09,1,4,,problem_solving,10
7200,-0.008617452043554963,0.061172,0.005782504181543453,0.788,0.5894490956998952,-0.6452720291741922,[0.         0.         0.         0.         0.95056644 0.         0.         0.         0.         0.         0.         0.         0.         0.         0.         0.         0.         0.         0.         0.         0.01479584 0.         0.         0.         0.         0.01479584 0.         0.01984189 0.         0.         0.        ],[0. 0. 0. 0. 1. 0. 0. 0. 0. 0. 0. 0. 0. 0. 0. 0. 0. 0. 0. 0. 1. 0. 0. 0. 0. 1. 0. 1. 0. 0. 0.],4.0,best,10000,100000,100,0.9,0.5,0.9,0.5,0.9,1,0.09,1,4,,problem_solving,10
7300,-0.008617452043554963,0.061172,0.005782504181543453,0.792,0.5859945551293843,0.22097135425174896,[0.         0.         0.         0.         0.95056644 0.         0.         0.         0.         0.         0.         0.         0.         0.         0.         0.         0.         0.         0.         0.         0.01479584 0.         0.         0.         0.         0.01479584 0.         0.01984189 0.         0.         0.        ],[0. 0. 0. 0. 1. 0. 0. 0. 0. 0. 0. 0. 0. 0. 0. 0. 0. 0. 0. 0. 1. 0. 0. 0. 0. 1. 0. 1. 0. 0. 0.],4.0,best,10000,100000,100,0.9,0.5,0.9,0.5,0.9,1,0.09,1,4,,problem_solving,10
7400,-0.008617452043554963,0.061172,0.005782504181543453,0.796,0.5825602603284237,0.19933545316667253,[0.         0.         0.         0.         0.95056644 0.         0.         0.         0.         0.         0.         0.         0.         0.         0.         0.         0.         0.         0.         0.         0.01479584 0.         0.         0.         0.         0.01479584 0.         0.01984189 0.         0.         0.        ],[0. 0. 0. 0. 1. 0. 0. 0. 0. 0. 0. 0. 0. 0. 0. 0. 0. 0. 0. 0. 1. 0. 0. 0. 0. 1. 0. 1. 0. 0. 0.],4.0,best,10000,100000,100,0.9,0.5,0.9,0.5,0.9,1,0.09,1,4,,problem_solving,10
7500,-0.008617452043554963,0.061172,0.005782504181543453,0.8,0.5791460926441345,-0.7313017847277943,[0.         0.         0.         0.         0.95056644 0.         0.         0.         0.         0.         0.         0.         0.         0.         0.         0.         0.         0.         0.         0.         0.01479584 0.         0.         0.         0.         0.01479584 0.         0.01984189 0.         0.         0.        ],[0. 0. 0. 0. 1. 0. 0. 0. 0. 0. 0. 0. 0. 0. 0. 0. 0. 0. 0. 0. 1. 0. 0. 0. 0. 1. 0. 1. 0. 0. 0.],4.0,best,10000,100000,100,0.9,0.5,0.9,0.5,0.9,1,0.09,1,4,,problem_solving,10
7600,-0.008617452043554963,0.061172,0.005782504181543453,0.804,0.5757519341190179,-0.8145341950557177,[0.         0.         0.         0.         0.95056644 0.         0.         0.         0.         0.         0.         0.         0.         0.         0.         0.         0.         0.         0.         0.         0.01479584 0.         0.         0.         0.         0.01479584 0.         0.01984189 0.         0.         0.        ],[0. 0. 0. 0. 1. 0. 0. 0. 0. 0. 0. 0. 0. 0. 0. 0. 0. 0. 0. 0. 1. 0. 0. 0. 0. 1. 0. 1. 0. 0. 0.],4.0,best,10000,100000,100,0.9,0.5,0.9,0.5,0.9,1,0.09,1,4,,problem_solving,10
7700,-0.008617452043554963,0.061172,0.005782504181543453,0.808,0.5723776674868795,-0.6366922088329492,[0.         0.         0.         0.         0.95056644 0.         0.         0.         0.         0.         0.         0.         0.         0.         0.         0.         0.         0.         0.         0.         0.01479584 0.         0.         0.         0.         0.01479584 0.         0.01984189 0.         0.         0.        ],[0. 0. 0. 0. 1. 0. 0. 0. 0. 0. 0. 0. 0. 0. 0. 0. 0. 0. 0. 0. 1. 0. 0. 0. 0. 1. 0. 1. 0. 0. 0.],4.0,best,10000,100000,100,0.9,0.5,0.9,0.5,0.9,1,0.09,1,4,,problem_solving,10
7800,-0.008617452043554963,0.061172,0.005782504181543453,0.812,0.5690231761687783,0.24950895332441214,[0.         0.         0.         0.         0.95056644 0.         0.         0.         0.         0.         0.         0.         0.         0.         0.         0.         0.         0.         0.         0.         0.01479584 0.         0.         0.         0.         0.01479584 0.         0.01984189 0.         0.         0.        ],[0. 0. 0. 0. 1. 0. 0. 0. 0. 0. 0. 0. 0. 0. 0. 0. 0. 0. 0. 0. 1. 0. 0. 0. 0. 1. 0. 1. 0. 0. 0.],4.0,best,10000,100000,100,0.9,0.5,0.9,0.5,0.9,1,0.09,1,4,,problem_solving,10
7900,-0.008617452043554963,0.061172,0.005782504181543453,0.8160000000000001,0.5656883442689989,-0.22840061820310423,[0.         0.         0.         0.         0.95056644 0.         0.         0.         0.         0.         0.         0.         0.         0.         0.         0.         0.         0.         0.         0.         0.01479584 0.         0.         0.         0.         0.01479584 0.         0.01984189 0.         0.         0.        ],[0. 0. 0. 0. 1. 0. 0. 0. 0. 0. 0. 0. 0. 0. 0. 0. 0. 0. 0. 0. 1. 0. 0. 0. 0. 1. 0. 1. 0. 0. 0.],4.0,best,10000,100000,100,0.9,0.5,0.9,0.5,0.9,1,0.09,1,4,,problem_solving,10
8000,-0.008617452043554963,0.061172,0.005782504181543453,0.8200000000000001,0.5623730565710474,0.4256885500728727,[0.         0.         0.         0.         0.95056644 0.         0.         0.         0.         0.         0.         0.         0.         0.         0.         0.         0.         0.         0.         0.         0.01479584 0.         0.         0.         0.         0.01479584 0.         0.01984189 0.         0.         0.        ],[0. 0. 0. 0. 1. 0. 0. 0. 0. 0. 0. 0. 0. 0. 0. 0. 0. 0. 0. 0. 1. 0. 0. 0. 0. 1. 0. 1. 0. 0. 0.],4.0,best,10000,100000,100,0.9,0.5,0.9,0.5,0.9,1,0.09,1,4,,problem_solving,10
8100,-0.008617452043554963,0.061172,0.005782504181543453,0.8240000000000001,0.5590771985336705,0.09522501331692795,[0.         0.         0.         0.         0.95056644 0.         0.         0.         0.         0.         0.         0.         0.         0.         0.         0.         0.         0.         0.         0.         0.01479584 0.         0.         0.         0.         0.01479584 0.         0.01984189 0.         0.         0.        ],[0. 0. 0. 0. 1. 0. 0. 0. 0. 0. 0. 0. 0. 0. 0. 0. 0. 0. 0. 0. 1. 0. 0. 0. 0. 1. 0. 1. 0. 0. 0.],4.0,best,10000,100000,100,0.9,0.5,0.9,0.5,0.9,1,0.09,1,4,,problem_solving,10
8200,-0.008617452043554963,0.061172,0.005782504181543453,0.8280000000000001,0.5558006562868987,0.25893274102527725,[0.         0.         0.         0.         0.95056644 0.         0.         0.         0.         0.         0.         0.         0.         0.         0.         0.         0.         0.         0.         0.         0.01479584 0.         0.         0.         0.         0.01479584 0.         0.01984189 0.         0.         0.        ],[0. 0. 0. 0. 1. 0. 0. 0. 0. 0. 0. 0. 0. 0. 0. 0. 0. 0. 0. 0. 1. 0. 0. 0. 0. 1. 0. 1. 0. 0. 0.],4.0,best,10000,100000,100,0.9,0.5,0.9,0.5,0.9,1,0.09,1,4,,problem_solving,10
8300,-0.008617452043554963,0.061172,0.005782504181543453,0.8320000000000001,0.5525433166281111,-0.5891273331614104,[0.         0.         0.         0.         0.95056644 0.         0.         0.         0.         0.         0.         0.         0.         0.         0.         0.         0.         0.         0.         0.         0.01479584 0.         0.         0.         0.         0.01479584 0.         0.01984189 0.         0.         0.        ],[0. 0. 0. 0. 1. 0. 0. 0. 0. 0. 0. 0. 0. 0. 0. 0. 0. 0. 0. 0. 1. 0. 0. 0. 0. 1. 0. 1. 0. 0. 0.],4.0,best,10000,100000,100,0.9,0.5,0.9,0.5,0.9,1,0.09,1,4,,problem_solving,10
8400,-0.008617452043554963,0.061172,0.005782504181543453,0.8360000000000001,0.5493050670181255,-0.044194240012341277,[0.         0.         0.         0.         0.95056644 0.         0.         0.         0.         0.         0.         0.         0.         0.         0.         0.         0.         0.         0.         0.         0.01479584 0.         0.         0.         0.         0.01479584 0.         0.01984189 0.         0.         0.        ],[0. 0. 0. 0. 1. 0. 0. 0. 0. 0. 0. 0. 0. 0. 0. 0. 0. 0. 0. 0. 1. 0. 0. 0. 0. 1. 0. 1. 0. 0. 0.],4.0,best,10000,100000,100,0.9,0.5,0.9,0.5,0.9,1,0.09,1,4,,problem_solving,10
8500,-0.008617452043554963,0.061172,0.005782504181543453,0.8400000000000001,0.5460857955773097,-0.019886590987636916,[0.         0.         0.         0.         0.95056644 0.         0.         0.         0.         0.         0.         0.         0.         0.         0.         0.         0.         0.         0.         0.         0.01479584 0.         0.         0.         0.         0.01479584 0.         0.01984189 0.         0.         0.        ],[0. 0. 0. 0. 1. 0. 0. 0. 0. 0. 0. 0. 0. 0. 0. 0. 0. 0. 0. 0. 1. 0. 0. 0. 0. 1. 0. 1. 0. 0. 0.],4.0,best,10000,100000,100,0.9,0.5,0.9,0.5,0.9,1,0.09,1,4,,problem_solving,10
8600,-0.008617452043554963,0.061172,0.005782504181543453,0.8440000000000001,0.542885391081716,1.0022399145716432,[0.         0.         0.         0.         0.95056644 0.         0.         0.         0.         0.         0.         0.         0.         0.         0.         0.         0.         0.         0.         0.         0.01479584 0.         0.         0.         0.         0.01479584 0.         0.01984189 0.         0.         0.        ],[0. 0. 0. 0. 1. 0. 0. 0. 0. 0. 0. 0. 0. 0. 0. 0. 0. 0. 0. 0. 1. 0. 0. 0. 0. 1. 0. 1. 0. 0. 0.],4.0,best,10000,100000,100,0.9,0.5,0.9,0.5,0.9,1,0.09,1,4,,problem_solving,10
8700,-0.008617452043554963,0.061172,0.005782504181543453,0.8480000000000001,0.5397037429592386,-0.3867191477142948,[0.         0.         0.         0.         0.95056644 0.         0.         0.         0.         0.         0.         0.         0.         0.         0.         0.         0.         0.         0.         0.         0.01479584 0.         0.         0.         0.         0.01479584 0.         0.01984189 0.         0.         0.        ],[0. 0. 0. 0. 1. 0. 0. 0. 0. 0. 0. 0. 0. 0. 0. 0. 0. 0. 0. 0. 1. 0. 0. 0. 0. 1. 0. 1. 0. 0. 0.],4.0,best,10000,100000,100,0.9,0.5,0.9,0.5,0.9,1,0.09,1,4,,problem_solving,10
8800,-0.008617452043554963,0.061172,0.005782504181543453,0.8520000000000001,0.5365407412857937,0.12145376695476665,[0.         0.         0.         0.         0.95056644 0.         0.         0.         0.         0.         0.         0.         0.         0.         0.         0.         0.         0.         0.         0.         0.01479584 0.         0.         0.         0.         0.01479584 0.         0.01984189 0.         0.         0.        ],[0. 0. 0. 0. 1. 0. 0. 0. 0. 0. 0. 0. 0. 0. 0. 0. 0. 0. 0. 0. 1. 0. 0. 0. 0. 1. 0. 1. 0. 0. 0.],4.0,best,10000,100000,100,0.9,0.5,0.9,0.5,0.9,1,0.09,1,4,,problem_solving,10
8900,-0.008617452043554963,0.061172,0.005782504181543453,0.8560000000000001,0.5333962767815211,0.2956520748691735,[0.         0.         0.         0.         0.95056644 0.         0.         0.         0.         0.         0.         0.         0.         0.         0.         0.         0.         0.         0.         0.         0.01479584 0.         0.         0.         0.         0.01479584 0.         0.01984189 0.         0.         0.        ],[0. 0. 0. 0. 1. 0. 0. 0. 0. 0. 0. 0. 0. 0. 0. 0. 0. 0. 0. 0. 1. 0. 0. 0. 0. 1. 0. 1. 0. 0. 0.],4.0,best,10000,100000,100,0.9,0.5,0.9,0.5,0.9,1,0.09,1,4,,problem_solving,10
9000,-0.008617452043554963,0.061172,0.005782504181543453,0.8600000000000001,0.5302702408070095,0.6691556597739502,[0.         0.         0.         0.         0.95056644 0.         0.         0.         0.         0.         0.         0.         0.         0.         0.         0.         0.         0.         0.         0.         0.01479584 0.         0.         0.         0.         0.01479584 0.         0.01984189 0.         0.         0.        ],[0. 0. 0. 0. 1. 0. 0. 0. 0. 0. 0. 0. 0. 0. 0. 0. 0. 0. 0. 0. 1. 0. 0. 0. 0. 1. 0. 1. 0. 0. 0.],4.0,best,10000,100000,100,0.9,0.5,0.9,0.5,0.9,1,0.09,1,4,,problem_solving,10
9100,-0.008617452043554963,0.061172,0.005782504181543453,0.8640000000000001,0.5271625253595416,-0.7983381394843501,[0.         0.         0.         0.         0.95056644 0.         0.         0.         0.         0.         0.         0.         0.         0.         0.         0.         0.         0.         0.         0.         0.01479584 0.         0.         0.         0.         0.01479584 0.         0.01984189 0.         0.         0.        ],[0. 0. 0. 0. 1. 0. 0. 0. 0. 0. 0. 0. 0. 0. 0. 0. 0. 0. 0. 0. 1. 0. 0. 0. 0. 1. 0. 1. 0. 0. 0.],4.0,best,10000,100000,100,0.9,0.5,0.9,0.5,0.9,1,0.09,1,4,,problem_solving,10
9200,-0.008617452043554963,0.061172,0.005782504181543453,0.8680000000000001,0.5240730230693647,-0.9219403539854423,[0.         0.         0.         0.         0.95056644 0.         0.         0.         0.         0.         0.         0.         0.         0.         0.         0.         0.         0.         0.         0.         0.01479584 0.         0.         0.         0.         0.01479584 0.         0.01984189 0.         0.         0.        ],[0. 0. 0. 0. 1. 0. 0. 0. 0. 0. 0. 0. 0. 0. 0. 0. 0. 0. 0. 0. 1. 0. 0. 0. 0. 1. 0. 1. 0. 0. 0.],4.0,best,10000,100000,100,0.9,0.5,0.9,0.5,0.9,1,0.09,1,4,,problem_solving,10
9300,-0.008617452043554963,0.061172,0.005782504181543453,0.8720000000000001,0.5210016271959791,-0.2373695452992596,[0.         0.         0.         0.         0.95056644 0.         0.         0.         0.         0.         0.         0.         0.         0.         0.         0.         0.         0.         0.         0.         0.01479584 0.         0.         0.         0.         0.01479584 0.         0.01984189 0.         0.         0.        ],[0. 0. 0. 0. 1. 0. 0. 0. 0. 0. 0. 0. 0. 0. 0. 0. 0. 0. 0. 0. 1. 0. 0. 0. 0. 1. 0. 1. 0. 0. 0.],4.0,best,10000,100000,100,0.9,0.5,0.9,0.5,0.9,1,0.09,1,4,,problem_solving,10
9400,-0.008617452043554963,0.061172,0.005782504181543453,0.8760000000000001,0.5179482316244518,-0.3931545090830671,[0.         0.         0.         0.         0.95056644 0.         0.         0.         0.         0.         0.         0.         0.         0.         0.         0.         0.         0.         0.         0.         0.01479584 0.         0.         0.         0.         0.01479584 0.         0.01984189 0.         0.         0.        ],[0. 0. 0. 0. 1. 0. 0. 0. 0. 0. 0. 0. 0. 0. 0. 0. 0. 0. 0. 0. 1. 0. 0. 0. 0. 1. 0. 1. 0. 0. 0.],4.0,best,10000,100000,100,0.9,0.5,0.9,0.5,0.9,1,0.09,1,4,,problem_solving,10
9500,-0.008617452043554963,0.061172,0.005782504181543453,0.88,0.5149127308617497,0.8428392577896349,[0.         0.         0.         0.         0.95056644 0.         0.         0.         0.         0.         0.         0.         0.         0.         0.         0.         0.         0.         0.         0.         0.01479584 0.         0.         0.         0.         0.01479584 0.         0.01984189 0.         0.         0.        ],[0. 0. 0. 0. 1. 0. 0. 0. 0. 0. 0. 0. 0. 0. 0. 0. 0. 0. 0. 0. 1. 0. 0. 0. 0. 1. 0. 1. 0. 0. 0.],4.0,best,10000,100000,100,0.9,0.5,0.9,0.5,0.9,1,0.09,1,4,,problem_solving,10
9600,-0.008617452043554963,0.061172,0.005782504181543453,0.884,0.5118950200330946,0.22705217791087745,[0.         0.         0.         0.         0.95056644 0.         0.         0.         0.         0.         0.         0.         0.         0.         0.         0.         0.         0.         0.         0.         0.01479584 0.         0.         0.         0.         0.01479584 0.         0.01984189 0.         0.         0.        ],[0. 0. 0. 0. 1. 0. 0. 0. 0. 0. 0. 0. 0. 0. 0. 0. 0. 0. 0. 0. 1. 0. 0. 0. 0. 1. 0. 1. 0. 0. 0.],4.0,best,10000,100000,100,0.9,0.5,0.9,0.5,0.9,1,0.09,1,4,,problem_solving,10
9700,-0.008617452043554963,0.061172,0.005782504181543453,0.888,0.5088949948783402,0.34958915285522285,[0.         0.         0.         0.         0.95056644 0.         0.         0.         0.         0.         0.         0.         0.         0.         0.         0.         0.         0.         0.         0.         0.01479584 0.         0.         0.         0.         0.01479584 0.         0.01984189 0.         0.         0.        ],[0. 0. 0. 0. 1. 0. 0. 0. 0. 0. 0. 0. 0. 0. 0. 0. 0. 0. 0. 0. 1. 0. 0. 0. 0. 1. 0. 1. 0. 0. 0.],4.0,best,10000,100000,100,0.9,0.5,0.9,0.5,0.9,1,0.09,1,4,,problem_solving,10
9800,-0.008617452043554963,0.061172,0.005782504181543453,0.892,0.5059125517483702,0.5210037900915041,[0.         0.         0.         0.         0.95056644 0.         0.         0.         0.         0.         0.         0.         0.         0.         0.         0.         0.         0.         0.         0.         0.01479584 0.         0.         0.         0.         0.01479584 0.         0.01984189 0.         0.         0.        ],[0. 0. 0. 0. 1. 0. 0. 0. 0. 0. 0. 0. 0. 0. 0. 0. 0. 0. 0. 0. 1. 0. 0. 0. 0. 1. 0. 1. 0. 0. 0.],4.0,best,10000,100000,100,0.9,0.5,0.9,0.5,0.9,1,0.09,1,4,,problem_solving,10
9900,-0.008617452043554963,0.061172,0.005782504181543453,0.896,0.5029475876015165,0.8910536750811838,[0.         0.         0.         0.         0.95056644 0.         0.         0.         0.         0.         0.         0.         0.         0.         0.         0.         0.         0.         0.         0.         0.01479584 0.         0.         0.         0.         0.01479584 0.         0.01984189 0.         0.         0.        ],[0. 0. 0. 0. 1. 0. 0. 0. 0. 0. 0. 0. 0. 0. 0. 0. 0. 0. 0. 0. 1. 0. 0. 0. 0. 1. 0. 1. 0. 0. 0.],4.0,best,10000,100000,100,0.9,0.5,0.9,0.5,0.9,1,0.09,1,4,,problem_solving,10
9999,-0.008617452043554963,0.061172,0.005782504181543453,0.8999600000000001,0.500029390196995,0.7394998320794793,[0.         0.         0.         0.         0.95056644 0.         0.         0.         0.         0.         0.         0.         0.         0.         0.         0.         0.         0.         0.         0.         0.01479584 0.         0.         0.         0.         0.01479584 0.         0.01984189 0.         0.         0.        ],[0. 0. 0. 0. 1. 0. 0. 0. 0. 0. 0. 0. 0. 0. 0. 0. 0. 0. 0. 0. 1. 0. 0. 0. 0. 1. 0. 1. 0. 0. 0.],4.0,best,10000,100000,100,0.9,0.5,0.9,0.5,0.9,1,0.09,1,4,,problem_solving,10
