iter,cost,risk,return,par,bw,move,X,Z,Q,pop_init,max_iter,pop_size,mem_size,mem_consider,par_min,par_max,bw_min,bw_max,sigma,lambda,port_n,k,seed,tag,local_search
1,0.02698088668067234,0.063323,0.005284798622377751,0.50004,0.8999471007548476,-0.5674195284760939,[0.         0.         0.         0.         0.03629643 0.         0.         0.         0.01584971 0.         0.         0.         0.         0.         0.         0.         0.         0.         0.         0.         0.         0.         0.         0.         0.         0.92245435 0.         0.0253995  0.         0.         0.        ],[0. 0. 0. 0. 1. 0. 0. 0. 1. 0. 0. 0. 0. 0. 0. 0. 0. 0. 0. 0. 0. 0. 0. 0. 0. 1. 0. 1. 0. 0. 0.],4.0,best,10000,100000,100,0.9,0.5,0.9,0.5,0.9,1,0.97,1,4,,problem_solving,10
100,0.013738052215971814,0.062942,0.008848346167414388,0.504,0.894725436791504,0.3002263954045334,[0.         0.         0.         0.         0.94740727 0.         0.         0.         0.         0.         0.         0.         0.         0.         0.         0.         0.         0.         0.         0.         0.         0.02410492 0.         0.         0.         0.0142439  0.         0.0142439  0.         0.         0.        ],[0. 0. 0. 0. 1. 0. 0. 0. 0. 0. 0. 0. 0. 0. 0. 0. 0. 0. 0. 0. 0. 1. 0. 0. 0. 1. 0. 1. 0. 0. 0.],4.0,best,10000,100000,100,0.9,0.5,0.9,0.5,0.9,1,0.97,1,4,,problem_solving,10
200,0.013079044375901124,0.06033,0.002664251692664633,0.508,0.8894817858241639,0.17084141688483148,[0.         0.         0.         0.         0.02307045 0.         0.         0.         0.         0.         0.         0.         0.         0.         0.         0.         0.02307045 0.         0.         0.         0.         0.         0.         0.         0.         0.93078864 0.         0.02307045 0.         0.         0.        ],[0. 0. 0. 0. 1. 0. 0. 0. 0. 0. 0. 0. 0. 0. 0. 0. 1. 0. 0. 0. 0. 0. 0. 0. 0. 1. 0. 1. 0. 0. 0.],4.0,best,10000,100000,100,0.9,0.5,0.9,0.5,0.9,1,0.97,1,4,,problem_solving,10
300,0.013079044375901124,0.06033,0.002664251692664633,0.512,0.8842688659329022,-1.1867792973041056,[0.         0.         0.         0.         0.02307045 0.         0.         0.         0.         0.         0.         0.         0.         0.         0.         0.         0.02307045 0.         0.         0.         0.         0.         0.         0.         0.         0.93078864 0.         0.02307045 0.         0.         0.        ],[0. 0. 0. 0. 1. 0. 0. 0. 0. 0. 0. 0. 0. 0. 0. 0. 1. 0. 0. 0. 0. 0. 0. 0. 0. 1. 0. 1. 0. 0. 0.],4.0,best,10000,100000,100,0.9,0.5,0.9,0.5,0.9,1,0.97,1,4,,problem_solving,10
400,0.013079044375901124,0.06033,0.002664251692664633,0.516,0.879086497014382,0.2359026774546212,[0.         0.         0.         0.         0.02307045 0.         0.         0.         0.         0.         0.         0.         0.         0.         0.         0.         0.02307045 0.         0.         0.         0.         0.         0.         0.         0.         0.93078864 0.         0.02307045 0.         0.         0.        ],[0. 0. 0. 0. 1. 0. 0. 0. 0. 0. 0. 0. 0. 0. 0. 0. 1. 0. 0. 0. 0. 0. 0. 0. 0. 1. 0. 1. 0. 0. 0.],4.0,best,10000,100000,100,0.9,0.5,0.9,0.5,0.9,1,0.97,1,4,,problem_solving,10
500,0.013079044375901124,0.06033,0.002664251692664633,0.52,0.8739345000207845,-0.5715902973488055,[0.         0.         0.         0.         0.02307045 0.         0.         0.         0.         0.         0.         0.         0.         0.         0.         0.         0.02307045 0.         0.         0.         0.         0.         0.         0.         0.         0.93078864 0.         0.02307045 0.         0.         0.        ],[0. 0. 0. 0. 1. 0. 0. 0. 0. 0. 0. 0. 0. 0. 0. 0. 1. 0. 0. 0. 0. 0. 0. 0. 0. 1. 0. 1. 0. 0. 0.],4.0,best,10000,100000,100,0.9,0.5,0.9,0.5,0.9,1,0.97,1,4,,problem_solving,10
600,0.013079044375901124,0.06033,0.002664251692664633,0.524,0.8688126969536234,-0.43648707321852337,[0.         0.         0.         0.         0.02307045 0.         0.         0.         0.         0.         0.         0.         0.         0.         0.         0.         0.02307045 0.         0.         0.         0.         0.         0.         0.         0.         0.93078864 0.         0.02307045 0.         0.         0.        ],[0. 0. 0. 0. 1. 0. 0. 0. 0. 0. 0. 0. 0. 0. 0. 0. 1. 0. 0. 0. 0. 0. 0. 0. 0. 1. 0. 1. 0. 0. 0.],4.0,best,10000,100000,100,0.9,0.5,0.9,0.5,0.9,1,0.97,1,4,,problem_solving,10
700,0.013079044375901124,0.06033,0.002664251692664633,0.528,0.8637209108575947,-0.5643501909929124,[0.         0.         0.         0.         0.02307045 0.         0.         0.         0.         0.         0.         0.         0.         0.         0.         0.         0.02307045 0.         0.         0.         0.         0.         0.         0.         0.         0.93078864 0.         0.02307045 0.         0.         0.        ],[0. 0. 0. 0. 1. 0. 0. 0. 0. 0. 0. 0. 0. 0. 0. 0. 1. 0. 0. 0. 0. 0. 0. 0. 0. 1. 0. 1. 0. 0. 0.],4.0,best,10000,100000,100,0.9,0.5,0.9,0.5,0.9,1,0.97,1,4,,problem_solving,10
800,0.013079044375901124,0.06033,0.002664251692664633,0.532,0.8586589658144633,0.5262710791999962,[0.         0.         0.         0.         0.02307045 0.         0.         0.         0.         0.         0.         0.         0.         0.         0.         0.         0.02307045 0.         0.         0.         0.         0.         0.         0.         0.         0.93078864 0.         0.02307045 0.         0.         0.        ],[0. 0. 0. 0. 1. 0. 0. 0. 0. 0. 0. 0. 0. 0. 0. 0. 1. 0. 0. 0. 0. 0. 0. 0. 0. 1. 0. 1. 0. 0. 0.],4.0,best,10000,100000,100,0.9,0.5,0.9,0.5,0.9,1,0.97,1,4,,problem_solving,10
900,0.013079044375901124,0.06033,0.002664251692664633,0.536,0.8536266869369854,-0.6975689920986052,[0.         0.         0.         0.         0.02307045 0.         0.         0.         0.         0.         0.         0.         0.         0.         0.         0.         0.02307045 0.         0.         0.         0.         0.         0.         0.         0.         0.93078864 0.         0.02307045 0.         0.         0.        ],[0. 0. 0. 0. 1. 0. 0. 0. 0. 0. 0. 0. 0. 0. 0. 0. 1. 0. 0. 0. 0. 0. 0. 0. 0. 1. 0. 1. 0. 0. 0.],4.0,best,10000,100000,100,0.9,0.5,0.9,0.5,0.9,1,0.97,1,4,,problem_solving,10
1000,0.013079044375901124,0.06033,0.002664251692664633,0.54,0.8486239003628652,-2.1354806587019586,[0.         0.         0.         0.         0.02307045 0.         0.         0.         0.         0.         0.         0.         0.         0.         0.         0.         0.02307045 0.         0.         0.         0.         0.         0.         0.         0.         0.93078864 0.         0.02307045 0.         0.         0.        ],[0. 0. 0. 0. 1. 0. 0. 0. 0. 0. 0. 0. 0. 0. 0. 0. 1. 0. 0. 0. 0. 0. 0. 0. 0. 1. 0. 1. 0. 0. 0.],4.0,best,10000,100000,100,0.9,0.5,0.9,0.5,0.9,1,0.97,1,4,,problem_solving,10
1100,0.012096477958377608,0.058805,0.0072245015972901006,0.544,0.8436504332487491,-0.14228597661600215,[0.         0.         0.         0.         0.         0.01885986 0.         0.         0.         0.         0.         0.         0.         0.         0.         0.         0.01885986 0.         0.         0.         0.         0.         0.         0.         0.         0.94342042 0.         0.01885986 0.         0.         0.        ],[0. 0. 0. 0. 0. 1. 0. 0. 0. 0. 0. 0. 0. 0. 0. 0. 1. 0. 0. 0. 0. 0. 0. 0. 0. 1. 0. 1. 0. 0. 0.],4.0,best,10000,100000,100,0.9,0.5,0.9,0.5,0.9,1,0.97,1,4,,problem_solving,10
1200,0.012096477958377608,0.058805,0.0072245015972901006,0.548,0.838706113764254,0.15428633095162794,[0.         0.         0.         0.         0.         0.01885986 0.         0.         0.         0.         0.         0.         0.         0.         0.         0.         0.01885986 0.         0.         0.         0.         0.         0.         0.         0.         0.94342042 0.         0.01885986 0.         0.         0.        ],[0. 0. 0. 0. 0. 1. 0. 0. 0. 0. 0. 0. 0. 0. 0. 0. 1. 0. 0. 0. 0. 0. 0. 0. 0. 1. 0. 1. 0. 0. 0.],4.0,best,10000,100000,100,0.9,0.5,0.9,0.5,0.9,1,0.97,1,4,,problem_solving,10
1300,0.011052689085462381,0.061162,0.009261791886059297,0.552,0.83379077108603,1.5807624128887738,[0.         0.         0.         0.         0.01711546 0.         0.         0.         0.         0.         0.         0.         0.         0.         0.         0.         0.01711546 0.         0.         0.         0.         0.         0.         0.         0.         0.93168079 0.         0.03408829 0.         0.         0.        ],[0. 0. 0. 0. 1. 0. 0. 0. 0. 0. 0. 0. 0. 0. 0. 0. 1. 0. 0. 0. 0. 0. 0. 0. 0. 1. 0. 1. 0. 0. 0.],4.0,best,10000,100000,100,0.9,0.5,0.9,0.5,0.9,1,0.97,1,4,,problem_solving,10
1400,0.00911878068744078,0.04813,0.009405137098252372,0.556,0.828904235391859,-0.4506871404640025,[0.         0.         0.         0.         0.01469459 0.         0.         0.         0.         0.         0.         0.         0.         0.         0.         0.         0.         0.         0.01469459 0.         0.         0.         0.         0.         0.         0.94388561 0.         0.02672522 0.         0.         0.        ],[0. 0. 0. 0. 1. 0. 0. 0. 0. 0. 0. 0. 0. 0. 0. 0. 0. 0. 1. 0. 0. 0. 0. 0. 0. 1. 0. 1. 0. 0. 0.],4.0,best,10000,100000,100,0.9,0.5,0.9,0.5,0.9,1,0.97,1,4,,problem_solving,10
1500,0.00911878068744078,0.04813,0.009405137098252372,0.56,0.8240463378547873,0.031156155931034126,[0.         0.         0.         0.         0.01469459 0.         0.         0.         0.         0.         0.         0.         0.         0.         0.         0.         0.         0.         0.01469459 0.         0.         0.         0.         0.         0.         0.94388561 0.         0.02672522 0.         0.         0.        ],[0. 0. 0. 0. 1. 0. 0. 0. 0. 0. 0. 0. 0. 0. 0. 0. 0. 0. 1. 0. 0. 0. 0. 0. 0. 1. 0. 1. 0. 0. 0.],4.0,best,10000,100000,100,0.9,0.5,0.9,0.5,0.9,1,0.97,1,4,,problem_solving,10
1600,0.00911878068744078,0.04813,0.009405137098252372,0.5640000000000001,0.8192169106372932,0.310336702106286,[0.         0.         0.         0.         0.01469459 0.         0.         0.         0.         0.         0.         0.         0.         0.         0.         0.         0.         0.         0.01469459 0.         0.         0.         0.         0.         0.         0.94388561 0.         0.02672522 0.         0.         0.        ],[0. 0. 0. 0. 1. 0. 0. 0. 0. 0. 0. 0. 0. 0. 0. 0. 0. 0. 1. 0. 0. 0. 0. 0. 0. 1. 0. 1. 0. 0. 0.],4.0,best,10000,100000,100,0.9,0.5,0.9,0.5,0.9,1,0.97,1,4,,problem_solving,10
1700,0.00911878068744078,0.04813,0.009405137098252372,0.5680000000000001,0.8144157868854872,-0.5083006032063232,[0.         0.         0.         0.         0.01469459 0.         0.         0.         0.         0.         0.         0.         0.         0.         0.         0.         0.         0.         0.01469459 0.         0.         0.         0.         0.         0.         0.94388561 0.         0.02672522 0.         0.         0.        ],[0. 0. 0. 0. 1. 0. 0. 0. 0. 0. 0. 0. 0. 0. 0. 0. 0. 0. 1. 0. 0. 0. 0. 0. 0. 1. 0. 1. 0. 0. 0.],4.0,best,10000,100000,100,0.9,0.5,0.9,0.5,0.9,1,0.97,1,4,,problem_solving,10
1800,0.00911878068744078,0.04813,0.009405137098252372,0.5720000000000001,0.8096428007233489,0.5337458890741975,[0.         0.         0.         0.         0.01469459 0.         0.         0.         0.         0.         0.         0.         0.         0.         0.         0.         0.         0.         0.01469459 0.         0.         0.         0.         0.         0.         0.94388561 0.         0.02672522 0.         0.         0.        ],[0. 0. 0. 0. 1. 0. 0. 0. 0. 0. 0. 0. 0. 0. 0. 0. 0. 0. 1. 0. 0. 0. 0. 0. 0. 1. 0. 1. 0. 0. 0.],4.0,best,10000,100000,100,0.9,0.5,0.9,0.5,0.9,1,0.97,1,4,,problem_solving,10
1900,0.00911878068744078,0.04813,0.009405137098252372,0.5760000000000001,0.8048977872469943,0.7308458328390625,[0.         0.         0.         0.         0.01469459 0.         0.         0.         0.         0.         0.         0.         0.         0.         0.         0.         0.         0.         0.01469459 0.         0.         0.         0.         0.         0.         0.94388561 0.         0.02672522 0.         0.         0.        ],[0. 0. 0. 0. 1. 0. 0. 0. 0. 0. 0. 0. 0. 0. 0. 0. 0. 0. 1. 0. 0. 0. 0. 0. 0. 1. 0. 1. 0. 0. 0.],4.0,best,10000,100000,100,0.9,0.5,0.9,0.5,0.9,1,0.97,1,4,,problem_solving,10
2000,0.00911878068744078,0.04813,0.009405137098252372,0.58,0.80018058251898,0.12556122902308198,[0.         0.         0.         0.         0.01469459 0.         0.         0.         0.         0.         0.         0.         0.         0.         0.         0.         0.         0.         0.01469459 0.         0.         0.         0.         0.         0.         0.94388561 0.         0.02672522 0.         0.         0.        ],[0. 0. 0. 0. 1. 0. 0. 0. 0. 0. 0. 0. 0. 0. 0. 0. 0. 0. 1. 0. 0. 0. 0. 0. 0. 1. 0. 1. 0. 0. 0.],4.0,best,10000,100000,100,0.9,0.5,0.9,0.5,0.9,1,0.97,1,4,,problem_solving,10
2100,0.00911878068744078,0.04813,0.009405137098252372,0.584,0.7954910235626383,-1.6247729219564189,[0.         0.         0.         0.         0.01469459 0.         0.         0.         0.         0.         0.         0.         0.         0.         0.         0.         0.         0.         0.01469459 0.         0.         0.         0.         0.         0.         0.94388561 0.         0.02672522 0.         0.         0.        ],[0. 0. 0. 0. 1. 0. 0. 0. 0. 0. 0. 0. 0. 0. 0. 0. 0. 0. 1. 0. 0. 0. 0. 0. 0. 1. 0. 1. 0. 0. 0.],4.0,best,10000,100000,100,0.9,0.5,0.9,0.5,0.9,1,0.97,1,4,,problem_solving,10
2200,0.00911878068744078,0.04813,0.009405137098252372,0.588,0.7908289483564468,-0.6745341084420258,[0.         0.         0.         0.         0.01469459 0.         0.         0.         0.         0.         0.         0.         0.         0.         0.         0.         0.         0.         0.01469459 0.         0.         0.         0.         0.         0.         0.94388561 0.         0.02672522 0.         0.         0.        ],[0. 0. 0. 0. 1. 0. 0. 0. 0. 0. 0. 0. 0. 0. 0. 0. 0. 0. 1. 0. 0. 0. 0. 0. 0. 1. 0. 1. 0. 0. 0.],4.0,best,10000,100000,100,0.9,0.5,0.9,0.5,0.9,1,0.97,1,4,,problem_solving,10
2300,0.00911878068744078,0.04813,0.009405137098252372,0.592,0.7861941958284306,-0.08676402474198662,[0.         0.         0.         0.         0.01469459 0.         0.         0.         0.         0.         0.         0.         0.         0.         0.         0.         0.         0.         0.01469459 0.         0.         0.         0.         0.         0.         0.94388561 0.         0.02672522 0.         0.         0.        ],[0. 0. 0. 0. 1. 0. 0. 0. 0. 0. 0. 0. 0. 0. 0. 0. 0. 0. 1. 0. 0. 0. 0. 0. 0. 1. 0. 1. 0. 0. 0.],4.0,best,10000,100000,100,0.9,0.5,0.9,0.5,0.9,1,0.97,1,4,,problem_solving,10
2400,0.00911878068744078,0.04813,0.009405137098252372,0.596,0.7815866058505976,-1.3764641399060942,[0.         0.         0.         0.         0.01469459 0.         0.         0.         0.         0.         0.         0.         0.         0.         0.         0.         0.         0.         0.01469459 0.         0.         0.         0.         0.         0.         0.94388561 0.         0.02672522 0.         0.         0.        ],[0. 0. 0. 0. 1. 0. 0. 0. 0. 0. 0. 0. 0. 0. 0. 0. 0. 0. 1. 0. 0. 0. 0. 0. 0. 1. 0. 1. 0. 0. 0.],4.0,best,10000,100000,100,0.9,0.5,0.9,0.5,0.9,1,0.97,1,4,,problem_solving,10
2500,0.00911878068744078,0.04813,0.009405137098252372,0.6,0.7770060192334055,-0.6901012306938245,[0.         0.         0.         0.         0.01469459 0.         0.         0.         0.         0.         0.         0.         0.         0.         0.         0.         0.         0.         0.01469459 0.         0.         0.         0.         0.         0.         0.94388561 0.         0.02672522 0.         0.         0.        ],[0. 0. 0. 0. 1. 0. 0. 0. 0. 0. 0. 0. 0. 0. 0. 0. 0. 0. 1. 0. 0. 0. 0. 0. 0. 1. 0. 1. 0. 0. 0.],4.0,best,10000,100000,100,0.9,0.5,0.9,0.5,0.9,1,0.97,1,4,,problem_solving,10
2600,0.00911878068744078,0.04813,0.009405137098252372,0.604,0.7724522777202627,0.7644451024464254,[0.         0.         0.         0.         0.01469459 0.         0.         0.         0.         0.         0.         0.         0.         0.         0.         0.         0.         0.         0.01469459 0.         0.         0.         0.         0.         0.         0.94388561 0.         0.02672522 0.         0.         0.        ],[0. 0. 0. 0. 1. 0. 0. 0. 0. 0. 0. 0. 0. 0. 0. 0. 0. 0. 1. 0. 0. 0. 0. 0. 0. 1. 0. 1. 0. 0. 0.],4.0,best,10000,100000,100,0.9,0.5,0.9,0.5,0.9,1,0.97,1,4,,problem_solving,10
2700,0.00911878068744078,0.04813,0.009405137098252372,0.608,0.7679252239820602,-0.6820327179990194,[0.         0.         0.         0.         0.01469459 0.         0.         0.         0.         0.         0.         0.         0.         0.         0.         0.         0.         0.         0.01469459 0.         0.         0.         0.         0.         0.         0.94388561 0.         0.02672522 0.         0.         0.        ],[0. 0. 0. 0. 1. 0. 0. 0. 0. 0. 0. 0. 0. 0. 0. 0. 0. 0. 1. 0. 0. 0. 0. 0. 0. 1. 0. 1. 0. 0. 0.],4.0,best,10000,100000,100,0.9,0.5,0.9,0.5,0.9,1,0.97,1,4,,problem_solving,10
2800,0.00911878068744078,0.04813,0.009405137098252372,0.612,0.7634247016117359,-0.38542828653589956,[0.         0.         0.         0.         0.01469459 0.         0.         0.         0.         0.         0.         0.         0.         0.         0.         0.         0.         0.         0.01469459 0.         0.         0.         0.         0.         0.         0.94388561 0.         0.02672522 0.         0.         0.        ],[0. 0. 0. 0. 1. 0. 0. 0. 0. 0. 0. 0. 0. 0. 0. 0. 0. 0. 1. 0. 0. 0. 0. 0. 0. 1. 0. 1. 0. 0. 0.],4.0,best,10000,100000,100,0.9,0.5,0.9,0.5,0.9,1,0.97,1,4,,problem_solving,10
2900,0.00911878068744078,0.04813,0.009405137098252372,0.616,0.758950555118871,0.25016831666949285,[0.         0.         0.         0.         0.01469459 0.         0.         0.         0.         0.         0.         0.         0.         0.         0.         0.         0.         0.         0.01469459 0.         0.         0.         0.         0.         0.         0.94388561 0.         0.02672522 0.         0.         0.        ],[0. 0. 0. 0. 1. 0. 0. 0. 0. 0. 0. 0. 0. 0. 0. 0. 0. 0. 1. 0. 0. 0. 0. 0. 0. 1. 0. 1. 0. 0. 0.],4.0,best,10000,100000,100,0.9,0.5,0.9,0.5,0.9,1,0.97,1,4,,problem_solving,10
3000,0.00911878068744078,0.04813,0.009405137098252372,0.62,0.754502629924318,-1.106941997391812,[0.         0.         0.         0.         0.01469459 0.         0.         0.         0.         0.         0.         0.         0.         0.         0.         0.         0.         0.         0.01469459 0.         0.         0.         0.         0.         0.         0.94388561 0.         0.02672522 0.         0.         0.        ],[0. 0. 0. 0. 1. 0. 0. 0. 0. 0. 0. 0. 0. 0. 0. 0. 0. 0. 1. 0. 0. 0. 0. 0. 0. 1. 0. 1. 0. 0. 0.],4.0,best,10000,100000,100,0.9,0.5,0.9,0.5,0.9,1,0.97,1,4,,problem_solving,10
3100,0.00911878068744078,0.04813,0.009405137098252372,0.624,0.7500807723548599,-0.597330789249675,[0.         0.         0.         0.         0.01469459 0.         0.         0.         0.         0.         0.         0.         0.         0.         0.         0.         0.         0.         0.01469459 0.         0.         0.         0.         0.         0.         0.94388561 0.         0.02672522 0.         0.         0.        ],[0. 0. 0. 0. 1. 0. 0. 0. 0. 0. 0. 0. 0. 0. 0. 0. 0. 0. 1. 0. 0. 0. 0. 0. 0. 1. 0. 1. 0. 0. 0.],4.0,best,10000,100000,100,0.9,0.5,0.9,0.5,0.9,1,0.97,1,4,,problem_solving,10
3200,0.00911878068744078,0.04813,0.009405137098252372,0.628,0.7456848296379007,0.221564202727693,[0.         0.         0.         0.         0.01469459 0.         0.         0.         0.         0.         0.         0.         0.         0.         0.         0.         0.         0.         0.01469459 0.         0.         0.         0.         0.         0.         0.94388561 0.         0.02672522 0.         0.         0.        ],[0. 0. 0. 0. 1. 0. 0. 0. 0. 0. 0. 0. 0. 0. 0. 0. 0. 0. 1. 0. 0. 0. 0. 0. 0. 1. 0. 1. 0. 0. 0.],4.0,best,10000,100000,100,0.9,0.5,0.9,0.5,0.9,1,0.97,1,4,,problem_solving,10
3300,0.00911878068744078,0.04813,0.009405137098252372,0.632,0.7413146498961878,1.0962781893597984,[0.         0.         0.         0.         0.01469459 0.         0.         0.         0.         0.         0.         0.         0.         0.         0.         0.         0.         0.         0.01469459 0.         0.         0.         0.         0.         0.         0.94388561 0.         0.02672522 0.         0.         0.        ],[0. 0. 0. 0. 1. 0. 0. 0. 0. 0. 0. 0. 0. 0. 0. 0. 0. 0. 1. 0. 0. 0. 0. 0. 0. 1. 0. 1. 0. 0. 0.],4.0,best,10000,100000,100,0.9,0.5,0.9,0.5,0.9,1,0.97,1,4,,problem_solving,10
3400,0.00911878068744078,0.04813,0.009405137098252372,0.636,0.7369700821425638,0.31993820390520833,[0.         0.         0.         0.         0.01469459 0.         0.         0.         0.         0.         0.         0.         0.         0.         0.         0.         0.         0.         0.01469459 0.         0.         0.         0.         0.         0.         0.94388561 0.         0.02672522 0.         0.         0.        ],[0. 0. 0. 0. 1. 0. 0. 0. 0. 0. 0. 0. 0. 0. 0. 0. 0. 0. 1. 0. 0. 0. 0. 0. 0. 1. 0. 1. 0. 0. 0.],4.0,best,10000,100000,100,0.9,0.5,0.9,0.5,0.9,1,0.97,1,4,,problem_solving,10
3500,0.00911878068744078,0.04813,0.009405137098252372,0.64,0.7326509762747511,-1.3906924044994646,[0.         0.         0.         0.         0.01469459 0.         0.         0.         0.         0.         0.         0.         0.         0.         0.         0.         0.         0.         0.01469459 0.         0.         0.         0.         0.         0.         0.94388561 0.         0.02672522 0.         0.         0.        ],[0. 0. 0. 0. 1. 0. 0. 0. 0. 0. 0. 0. 0. 0. 0. 0. 0. 0. 1. 0. 0. 0. 0. 0. 0. 1. 0. 1. 0. 0. 0.],4.0,best,10000,100000,100,0.9,0.5,0.9,0.5,0.9,1,0.97,1,4,,problem_solving,10
3600,0.00911878068744078,0.04813,0.009405137098252372,0.644,0.7283571830701648,-0.32225708360590427,[0.         0.         0.         0.         0.01469459 0.         0.         0.         0.         0.         0.         0.         0.         0.         0.         0.         0.         0.         0.01469459 0.         0.         0.         0.         0.         0.         0.94388561 0.         0.02672522 0.         0.         0.        ],[0. 0. 0. 0. 1. 0. 0. 0. 0. 0. 0. 0. 0. 0. 0. 0. 0. 0. 1. 0. 0. 0. 0. 0. 0. 1. 0. 1. 0. 0. 0.],4.0,best,10000,100000,100,0.9,0.5,0.9,0.5,0.9,1,0.97,1,4,,problem_solving,10
3700,0.00911878068744078,0.04813,0.009405137098252372,0.648,0.7240885541807586,0.6581718430728968,[0.         0.         0.         0.         0.01469459 0.         0.         0.         0.         0.         0.         0.         0.         0.         0.         0.         0.         0.         0.01469459 0.         0.         0.         0.         0.         0.         0.94388561 0.         0.02672522 0.         0.         0.        ],[0. 0. 0. 0. 1. 0. 0. 0. 0. 0. 0. 0. 0. 0. 0. 0. 0. 0. 1. 0. 0. 0. 0. 0. 0. 1. 0. 1. 0. 0. 0.],4.0,best,10000,100000,100,0.9,0.5,0.9,0.5,0.9,1,0.97,1,4,,problem_solving,10
3800,0.00911878068744078,0.04813,0.009405137098252372,0.652,0.7198449421278975,0.7013635238020907,[0.         0.         0.         0.         0.01469459 0.         0.         0.         0.         0.         0.         0.         0.         0.         0.         0.         0.         0.         0.01469459 0.         0.         0.         0.         0.         0.         0.94388561 0.         0.02672522 0.         0.         0.        ],[0. 0. 0. 0. 1. 0. 0. 0. 0. 0. 0. 0. 0. 0. 0. 0. 0. 0. 1. 0. 0. 0. 0. 0. 0. 1. 0. 1. 0. 0. 0.],4.0,best,10000,100000,100,0.9,0.5,0.9,0.5,0.9,1,0.97,1,4,,problem_solving,10
3900,0.00911878068744078,0.04813,0.009405137098252372,0.656,0.7156262002972644,0.0012985130970167998,[0.         0.         0.         0.         0.01469459 0.         0.         0.         0.         0.         0.         0.         0.         0.         0.         0.         0.         0.         0.01469459 0.         0.         0.         0.         0.         0.         0.94388561 0.         0.02672522 0.         0.         0.        ],[0. 0. 0. 0. 1. 0. 0. 0. 0. 0. 0. 0. 0. 0. 0. 0. 0. 0. 1. 0. 0. 0. 0. 0. 0. 1. 0. 1. 0. 0. 0.],4.0,best,10000,100000,100,0.9,0.5,0.9,0.5,0.9,1,0.97,1,4,,problem_solving,10
4000,0.00911878068744078,0.04813,0.009405137098252372,0.66,0.7114321829337936,0.22673081688658397,[0.         0.         0.         0.         0.01469459 0.         0.         0.         0.         0.         0.         0.         0.         0.         0.         0.         0.         0.         0.01469459 0.         0.         0.         0.         0.         0.         0.94388561 0.         0.02672522 0.         0.         0.        ],[0. 0. 0. 0. 1. 0. 0. 0. 0. 0. 0. 0. 0. 0. 0. 0. 0. 0. 1. 0. 0. 0. 0. 0. 0. 1. 0. 1. 0. 0. 0.],4.0,best,10000,100000,100,0.9,0.5,0.9,0.5,0.9,1,0.97,1,4,,problem_solving,10
4100,0.00911878068744078,0.04813,0.009405137098252372,0.664,0.707262745136635,-1.3574506307270962,[0.         0.         0.         0.         0.01469459 0.         0.         0.         0.         0.         0.         0.         0.         0.         0.         0.         0.         0.         0.01469459 0.         0.         0.         0.         0.         0.         0.94388561 0.         0.02672522 0.         0.         0.        ],[0. 0. 0. 0. 1. 0. 0. 0. 0. 0. 0. 0. 0. 0. 0. 0. 0. 0. 1. 0. 0. 0. 0. 0. 0. 1. 0. 1. 0. 0. 0.],4.0,best,10000,100000,100,0.9,0.5,0.9,0.5,0.9,1,0.97,1,4,,problem_solving,10
4200,0.00911878068744078,0.04813,0.009405137098252372,0.668,0.7031177428541489,-0.0011617837998745158,[0.         0.         0.         0.         0.01469459 0.         0.         0.         0.         0.         0.         0.         0.         0.         0.         0.         0.         0.         0.01469459 0.         0.         0.         0.         0.         0.         0.94388561 0.         0.02672522 0.         0.         0.        ],[0. 0. 0. 0. 1. 0. 0. 0. 0. 0. 0. 0. 0. 0. 0. 0. 0. 0. 1. 0. 0. 0. 0. 0. 0. 1. 0. 1. 0. 0. 0.],4.0,best,10000,100000,100,0.9,0.5,0.9,0.5,0.9,1,0.97,1,4,,problem_solving,10
4300,0.00911878068744078,0.04813,0.009405137098252372,0.672,0.6989970328789274,-0.6708208532171639,[0.         0.         0.         0.         0.01469459 0.         0.         0.         0.         0.         0.         0.         0.         0.         0.         0.         0.         0.         0.01469459 0.         0.         0.         0.         0.         0.         0.94388561 0.         0.02672522 0.         0.         0.        ],[0. 0. 0. 0. 1. 0. 0. 0. 0. 0. 0. 0. 0. 0. 0. 0. 0. 0. 1. 0. 0. 0. 0. 0. 0. 1. 0. 1. 0. 0. 0.],4.0,best,10000,100000,100,0.9,0.5,0.9,0.5,0.9,1,0.97,1,4,,problem_solving,10
4400,0.00911878068744078,0.04813,0.009405137098252372,0.676,0.6949004728428485,0.3190775132093143,[0.         0.         0.         0.         0.01469459 0.         0.         0.         0.         0.         0.         0.         0.         0.         0.         0.         0.         0.         0.01469459 0.         0.         0.         0.         0.         0.         0.94388561 0.         0.02672522 0.         0.         0.        ],[0. 0. 0. 0. 1. 0. 0. 0. 0. 0. 0. 0. 0. 0. 0. 0. 0. 0. 1. 0. 0. 0. 0. 0. 0. 1. 0. 1. 0. 0. 0.],4.0,best,10000,100000,100,0.9,0.5,0.9,0.5,0.9,1,0.97,1,4,,problem_solving,10
4500,0.00911878068744078,0.04813,0.009405137098252372,0.68,0.6908279212121557,-0.954739931147507,[0.         0.         0.         0.         0.01469459 0.         0.         0.         0.         0.         0.         0.         0.         0.         0.         0.         0.         0.         0.01469459 0.         0.         0.         0.         0.         0.         0.94388561 0.         0.02672522 0.         0.         0.        ],[0. 0. 0. 0. 1. 0. 0. 0. 0. 0. 0. 0. 0. 0. 0. 0. 0. 0. 1. 0. 0. 0. 0. 0. 0. 1. 0. 1. 0. 0. 0.],4.0,best,10000,100000,100,0.9,0.5,0.9,0.5,0.9,1,0.97,1,4,,problem_solving,10
4600,0.00911878068744078,0.04813,0.009405137098252372,0.684,0.6867792372825697,0.9761712453839326,[0.         0.         0.         0.         0.01469459 0.         0.         0.         0.         0.         0.         0.         0.         0.         0.         0.         0.         0.         0.01469459 0.         0.         0.         0.         0.         0.         0.94388561 0.         0.02672522 0.         0.         0.        ],[0. 0. 0. 0. 1. 0. 0. 0. 0. 0. 0. 0. 0. 0. 0. 0. 0. 0. 1. 0. 0. 0. 0. 0. 0. 1. 0. 1. 0. 0. 0.],4.0,best,10000,100000,100,0.9,0.5,0.9,0.5,0.9,1,0.97,1,4,,problem_solving,10
4700,0.00911878068744078,0.04813,0.009405137098252372,0.6880000000000001,0.6827542811744257,0.8691583859581871,[0.         0.         0.         0.         0.01469459 0.         0.         0.         0.         0.         0.         0.         0.         0.         0.         0.         0.         0.         0.01469459 0.         0.         0.         0.         0.         0.         0.94388561 0.         0.02672522 0.         0.         0.        ],[0. 0. 0. 0. 1. 0. 0. 0. 0. 0. 0. 0. 0. 0. 0. 0. 0. 0. 1. 0. 0. 0. 0. 0. 0. 1. 0. 1. 0. 0. 0.],4.0,best,10000,100000,100,0.9,0.5,0.9,0.5,0.9,1,0.97,1,4,,problem_solving,10
4800,0.00911878068744078,0.04813,0.009405137098252372,0.692,0.6787529138278414,-0.22212081222997798,[0.         0.         0.         0.         0.01469459 0.         0.         0.         0.         0.         0.         0.         0.         0.         0.         0.         0.         0.         0.01469459 0.         0.         0.         0.         0.         0.         0.94388561 0.         0.02672522 0.         0.         0.        ],[0. 0. 0. 0. 1. 0. 0. 0. 0. 0. 0. 0. 0. 0. 0. 0. 0. 0. 1. 0. 0. 0. 0. 0. 0. 1. 0. 1. 0. 0. 0.],4.0,best,10000,100000,100,0.9,0.5,0.9,0.5,0.9,1,0.97,1,4,,problem_solving,10
4900,0.00911878068744078,0.04813,0.009405137098252372,0.696,0.6747749969979128,0.11941485913948657,[0.         0.         0.         0.         0.01469459 0.         0.         0.         0.         0.         0.         0.         0.         0.         0.         0.         0.         0.         0.01469459 0.         0.         0.         0.         0.         0.         0.94388561 0.         0.02672522 0.         0.         0.        ],[0. 0. 0. 0. 1. 0. 0. 0. 0. 0. 0. 0. 0. 0. 0. 0. 0. 0. 1. 0. 0. 0. 0. 0. 0. 1. 0. 1. 0. 0. 0.],4.0,best,10000,100000,100,0.9,0.5,0.9,0.5,0.9,1,0.97,1,4,,problem_solving,10
5000,0.00911878068744078,0.04813,0.009405137098252372,0.7,0.6708203932499369,0.9562405794454758,[0.         0.         0.         0.         0.01469459 0.         0.         0.         0.         0.         0.         0.         0.         0.         0.         0.         0.         0.         0.01469459 0.         0.         0.         0.         0.         0.         0.94388561 0.         0.02672522 0.         0.         0.        ],[0. 0. 0. 0. 1. 0. 0. 0. 0. 0. 0. 0. 0. 0. 0. 0. 0. 0. 1. 0. 0. 0. 0. 0. 0. 1. 0. 1. 0. 0. 0.],4.0,best,10000,100000,100,0.9,0.5,0.9,0.5,0.9,1,0.97,1,4,,problem_solving,10
5100,0.00911878068744078,0.04813,0.009405137098252372,0.704,0.6668889659546647,0.08847586469333243,[0.         0.         0.         0.         0.01469459 0.         0.         0.         0.         0.         0.         0.         0.         0.         0.         0.         0.         0.         0.01469459 0.         0.         0.         0.         0.         0.         0.94388561 0.         0.02672522 0.         0.         0.        ],[0. 0. 0. 0. 1. 0. 0. 0. 0. 0. 0. 0. 0. 0. 0. 0. 0. 0. 1. 0. 0. 0. 0. 0. 0. 1. 0. 1. 0. 0. 0.],4.0,best,10000,100000,100,0.9,0.5,0.9,0.5,0.9,1,0.97,1,4,,problem_solving,10
5200,0.00911878068744078,0.04813,0.009405137098252372,0.708,0.6629805792835798,0.8817843281581964,[0.         0.         0.         0.         0.01469459 0.         0.         0.         0.         0.         0.         0.         0.         0.         0.         0.         0.         0.         0.01469459 0.         0.         0.         0.         0.         0.         0.94388561 0.         0.02672522 0.         0.         0.        ],[0. 0. 0. 0. 1. 0. 0. 0. 0. 0. 0. 0. 0. 0. 0. 0. 0. 0. 1. 0. 0. 0. 0. 0. 0. 1. 0. 1. 0. 0. 0.],4.0,best,10000,100000,100,0.9,0.5,0.9,0.5,0.9,1,0.97,1,4,,problem_solving,10
5300,0.00911878068744078,0.04813,0.009405137098252372,0.712,0.6590950982042058,-0.39872309175152276,[0.         0.         0.         0.         0.01469459 0.         0.         0.         0.         0.         0.         0.         0.         0.         0.         0.         0.         0.         0.01469459 0.         0.         0.         0.         0.         0.         0.94388561 0.         0.02672522 0.         0.         0.        ],[0. 0. 0. 0. 1. 0. 0. 0. 0. 0. 0. 0. 0. 0. 0. 0. 0. 0. 1. 0. 0. 0. 0. 0. 0. 1. 0. 1. 0. 0. 0.],4.0,best,10000,100000,100,0.9,0.5,0.9,0.5,0.9,1,0.97,1,4,,problem_solving,10
5400,0.00911878068744078,0.04813,0.009405137098252372,0.716,0.6552323884754414,0.1355839948498807,[0.         0.         0.         0.         0.01469459 0.         0.         0.         0.         0.         0.         0.         0.         0.         0.         0.         0.         0.         0.01469459 0.         0.         0.         0.         0.         0.         0.94388561 0.         0.02672522 0.         0.         0.        ],[0. 0. 0. 0. 1. 0. 0. 0. 0. 0. 0. 0. 0. 0. 0. 0. 0. 0. 1. 0. 0. 0. 0. 0. 0. 1. 0. 1. 0. 0. 0.],4.0,best,10000,100000,100,0.9,0.5,0.9,0.5,0.9,1,0.97,1,4,,problem_solving,10
5500,0.00911878068744078,0.04813,0.009405137098252372,0.72,0.651392316642922,-0.6233503708983791,[0.         0.         0.         0.         0.01469459 0.         0.         0.         0.         0.         0.         0.         0.         0.         0.         0.         0.         0.         0.01469459 0.         0.         0.         0.         0.         0.         0.94388561 0.         0.02672522 0.         0.         0.        ],[0. 0. 0. 0. 1. 0. 0. 0. 0. 0. 0. 0. 0. 0. 0. 0. 0. 0. 1. 0. 0. 0. 0. 0. 0. 1. 0. 1. 0. 0. 0.],4.0,best,10000,100000,100,0.9,0.5,0.9,0.5,0.9,1,0.97,1,4,,problem_solving,10
5600,0.00911878068744078,0.04813,0.009405137098252372,0.724,0.6475747500344088,0.35193740112301647,[0.         0.         0.         0.         0.01469459 0.         0.         0.         0.         0.         0.         0.         0.         0.         0.         0.         0.         0.         0.01469459 0.         0.         0.         0.         0.         0.         0.94388561 0.         0.02672522 0.         0.         0.        ],[0. 0. 0. 0. 1. 0. 0. 0. 0. 0. 0. 0. 0. 0. 0. 0. 0. 0. 1. 0. 0. 0. 0. 0. 0. 1. 0. 1. 0. 0. 0.],4.0,best,10000,100000,100,0.9,0.5,0.9,0.5,0.9,1,0.97,1,4,,problem_solving,10
5700,0.00911878068744078,0.04813,0.009405137098252372,0.728,0.643779556755206,-0.8752559593145167,[0.         0.         0.         0.         0.01469459 0.         0.         0.         0.         0.         0.         0.         0.         0.         0.         0.         0.         0.         0.01469459 0.         0.         0.         0.         0.         0.         0.94388561 0.         0.02672522 0.         0.         0.        ],[0. 0. 0. 0. 1. 0. 0. 0. 0. 0. 0. 0. 0. 0. 0. 0. 0. 0. 1. 0. 0. 0. 0. 0. 0. 1. 0. 1. 0. 0. 0.],4.0,best,10000,100000,100,0.9,0.5,0.9,0.5,0.9,1,0.97,1,4,,problem_solving,10
5800,0.00911878068744078,0.04813,0.009405137098252372,0.732,0.6400066056836028,0.7575937288933706,[0.         0.         0.         0.         0.01469459 0.         0.         0.         0.         0.         0.         0.         0.         0.         0.         0.         0.         0.         0.01469459 0.         0.         0.         0.         0.         0.         0.94388561 0.         0.02672522 0.         0.         0.        ],[0. 0. 0. 0. 1. 0. 0. 0. 0. 0. 0. 0. 0. 0. 0. 0. 0. 0. 1. 0. 0. 0. 0. 0. 0. 1. 0. 1. 0. 0. 0.],4.0,best,10000,100000,100,0.9,0.5,0.9,0.5,0.9,1,0.97,1,4,,problem_solving,10
5900,0.00911878068744078,0.04813,0.009405137098252372,0.736,0.6362557664663436,0.03445766598007384,[0.         0.         0.         0.         0.01469459 0.         0.         0.         0.         0.         0.         0.         0.         0.         0.         0.         0.         0.         0.01469459 0.         0.         0.         0.         0.         0.         0.94388561 0.         0.02672522 0.         0.         0.        ],[0. 0. 0. 0. 1. 0. 0. 0. 0. 0. 0. 0. 0. 0. 0. 0. 0. 0. 1. 0. 0. 0. 0. 0. 0. 1. 0. 1. 0. 0. 0.],4.0,best,10000,100000,100,0.9,0.5,0.9,0.5,0.9,1,0.97,1,4,,problem_solving,10
6000,0.00911878068744078,0.04813,0.009405137098252372,0.74,0.6325269095141249,0.4277457017833779,[0.         0.         0.         0.         0.01469459 0.         0.         0.         0.         0.         0.         0.         0.         0.         0.         0.         0.         0.         0.01469459 0.         0.         0.         0.         0.         0.         0.94388561 0.         0.02672522 0.         0.         0.        ],[0. 0. 0. 0. 1. 0. 0. 0. 0. 0. 0. 0. 0. 0. 0. 0. 0. 0. 1. 0. 0. 0. 0. 0. 0. 1. 0. 1. 0. 0. 0.],4.0,best,10000,100000,100,0.9,0.5,0.9,0.5,0.9,1,0.97,1,4,,problem_solving,10
6100,0.00911878068744078,0.04813,0.009405137098252372,0.744,0.6288199059971172,0.543176715139764,[0.         0.         0.         0.         0.01469459 0.         0.         0.         0.         0.         0.         0.         0.         0.         0.         0.         0.         0.         0.01469459 0.         0.         0.         0.         0.         0.         0.94388561 0.         0.02672522 0.         0.         0.        ],[0. 0. 0. 0. 1. 0. 0. 0. 0. 0. 0. 0. 0. 0. 0. 0. 0. 0. 1. 0. 0. 0. 0. 0. 0. 1. 0. 1. 0. 0. 0.],4.0,best,10000,100000,100,0.9,0.5,0.9,0.5,0.9,1,0.97,1,4,,problem_solving,10
6200,0.00911878068744078,0.04813,0.009405137098252372,0.748,0.6251346278405147,0.3971398683213788,[0.         0.         0.         0.         0.01469459 0.         0.         0.         0.         0.         0.         0.         0.         0.         0.         0.         0.         0.         0.01469459 0.         0.         0.         0.         0.         0.         0.94388561 0.         0.02672522 0.         0.         0.        ],[0. 0. 0. 0. 1. 0. 0. 0. 0. 0. 0. 0. 0. 0. 0. 0. 0. 0. 1. 0. 0. 0. 0. 0. 0. 1. 0. 1. 0. 0. 0.],4.0,best,10000,100000,100,0.9,0.5,0.9,0.5,0.9,1,0.97,1,4,,problem_solving,10
6300,0.00911878068744078,0.04813,0.009405137098252372,0.752,0.6214709477201097,-0.249576747564723,[0.         0.         0.         0.         0.01469459 0.         0.         0.         0.         0.         0.         0.         0.         0.         0.         0.         0.         0.         0.01469459 0.         0.         0.         0.         0.         0.         0.94388561 0.         0.02672522 0.         0.         0.        ],[0. 0. 0. 0. 1. 0. 0. 0. 0. 0. 0. 0. 0. 0. 0. 0. 0. 0. 1. 0. 0. 0. 0. 0. 0. 1. 0. 1. 0. 0. 0.],4.0,best,10000,100000,100,0.9,0.5,0.9,0.5,0.9,1,0.97,1,4,,problem_solving,10
6400,0.00911878068744078,0.04813,0.009405137098252372,0.756,0.6178287390578946,-0.060113138262486925,[0.         0.         0.         0.         0.01469459 0.         0.         0.         0.         0.         0.         0.         0.         0.         0.         0.         0.         0.         0.01469459 0.         0.         0.         0.         0.         0.         0.94388561 0.         0.02672522 0.         0.         0.        ],[0. 0. 0. 0. 1. 0. 0. 0. 0. 0. 0. 0. 0. 0. 0. 0. 0. 0. 1. 0. 0. 0. 0. 0. 0. 1. 0. 1. 0. 0. 0.],4.0,best,10000,100000,100,0.9,0.5,0.9,0.5,0.9,1,0.97,1,4,,problem_solving,10
6500,0.00911878068744078,0.04813,0.009405137098252372,0.76,0.6142078760176876,-0.6553666229797733,[0.         0.         0.         0.         0.01469459 0.         0.         0.         0.         0.         0.         0.         0.         0.         0.         0.         0.         0.         0.01469459 0.         0.         0.         0.         0.         0.         0.94388561 0.         0.02672522 0.         0.         0.        ],[0. 0. 0. 0. 1. 0. 0. 0. 0. 0. 0. 0. 0. 0. 0. 0. 0. 0. 1. 0. 0. 0. 0. 0. 0. 1. 0. 1. 0. 0. 0.],4.0,best,10000,100000,100,0.9,0.5,0.9,0.5,0.9,1,0.97,1,4,,problem_solving,10
6600,0.00911878068744078,0.04813,0.009405137098252372,0.764,0.6106082335007861,0.4246099087876116,[0.         0.         0.         0.         0.01469459 0.         0.         0.         0.         0.         0.         0.         0.         0.         0.         0.         0.         0.         0.01469459 0.         0.         0.         0.         0.         0.         0.94388561 0.         0.02672522 0.         0.         0.        ],[0. 0. 0. 0. 1. 0. 0. 0. 0. 0. 0. 0. 0. 0. 0. 0. 0. 0. 1. 0. 0. 0. 0. 0. 0. 1. 0. 1. 0. 0. 0.],4.0,best,10000,100000,100,0.9,0.5,0.9,0.5,0.9,1,0.97,1,4,,problem_solving,10
6700,0.00911878068744078,0.04813,0.009405137098252372,0.768,0.6070296871416437,0.8278950439567906,[0.         0.         0.         0.         0.01469459 0.         0.         0.         0.         0.         0.         0.         0.         0.         0.         0.         0.         0.         0.01469459 0.         0.         0.         0.         0.         0.         0.94388561 0.         0.02672522 0.         0.         0.        ],[0. 0. 0. 0. 1. 0. 0. 0. 0. 0. 0. 0. 0. 0. 0. 0. 0. 0. 1. 0. 0. 0. 0. 0. 0. 1. 0. 1. 0. 0. 0.],4.0,best,10000,100000,100,0.9,0.5,0.9,0.5,0.9,1,0.97,1,4,,problem_solving,10
6800,0.00907013724866973,0.057834,0.004436681529142156,0.772,0.6034721133035746,0.041974183992416904,[0.         0.         0.         0.         0.01633997 0.         0.         0.         0.         0.         0.         0.         0.         0.         0.01633997 0.         0.         0.         0.         0.         0.         0.         0.         0.         0.         0.94701588 0.         0.02030417 0.         0.         0.        ],[0. 0. 0. 0. 1. 0. 0. 0. 0. 0. 0. 0. 0. 0. 1. 0. 0. 0. 0. 0. 0. 0. 0. 0. 0. 1. 0. 1. 0. 0. 0.],4.0,best,10000,100000,100,0.9,0.5,0.9,0.5,0.9,1,0.97,1,4,,problem_solving,10
6900,0.00907013724866973,0.057834,0.004436681529142156,0.776,0.5999353890744809,-0.18754061220427395,[0.         0.         0.         0.         0.01633997 0.         0.         0.         0.         0.         0.         0.         0.         0.         0.01633997 0.         0.         0.         0.         0.         0.         0.         0.         0.         0.         0.94701588 0.         0.02030417 0.         0.         0.        ],[0. 0. 0. 0. 1. 0. 0. 0. 0. 0. 0. 0. 0. 0. 1. 0. 0. 0. 0. 0. 0. 0. 0. 0. 0. 1. 0. 1. 0. 0. 0.],4.0,best,10000,100000,100,0.9,0.5,0.9,0.5,0.9,1,0.97,1,4,,problem_solving,10
7000,0.00907013724866973,0.057834,0.004436681529142156,0.78,0.5964193922626064,0.8049982061345038,[0.         0.         0.         0.         0.01633997 0.         0.         0.         0.         0.         0.         0.         0.         0.         0.01633997 0.         0.         0.         0.         0.         0.         0.         0.         0.         0.         0.94701588 0.         0.02030417 0.         0.         0.        ],[0. 0. 0. 0. 1. 0. 0. 0. 0. 0. 0. 0. 0. 0. 1. 0. 0. 0. 0. 0. 0. 0. 0. 0. 0. 1. 0. 1. 0. 0. 0.],4.0,best,10000,100000,100,0.9,0.5,0.9,0.5,0.9,1,0.97,1,4,,problem_solving,10
7100,0.00907013724866973,0.057834,0.004436681529142156,0.784,0.5929240013923155,-0.3141167514555526,[0.         0.         0.         0.         0.01633997 0.         0.         0.         0.         0.         0.         0.         0.         0.         0.01633997 0.         0.         0.         0.         0.         0.         0.         0.         0.         0.         0.94701588 0.         0.02030417 0.         0.         0.        ],[0. 0. 0. 0. 1. 0. 0. 0. 0. 0. 0. 0. 0. 0. 1. 0. 0. 0. 0. 0. 0. 0. 0. 0. 0. 1. 0. 1. 0. 0. 0.],4.0,best,10000,100000,100,0.9,0.5,0.9,0.5,0.9,1,0.97,1,4,,problem_solving,10
7200,0.00907013724866973,0.057834,0.004436681529142156,0.788,0.5894490956998952,0.5247130961506505,[0.         0.         0.         0.         0.01633997 0.         0.         0.         0.         0.         0.         0.         0.         0.         0.01633997 0.         0.         0.         0.         0.         0.         0.         0.         0.         0.         0.94701588 0.         0.02030417 0.         0.         0.        ],[0. 0. 0. 0. 1. 0. 0. 0. 0. 0. 0. 0. 0. 0. 1. 0. 0. 0. 0. 0. 0. 0. 0. 0. 0. 1. 0. 1. 0. 0. 0.],4.0,best,10000,100000,100,0.9,0.5,0.9,0.5,0.9,1,0.97,1,4,,problem_solving,10
7300,0.00907013724866973,0.057834,0.004436681529142156,0.792,0.5859945551293843,0.01538770798157216,[0.         0.         0.         0.         0.01633997 0.         0.         0.         0.         0.         0.         0.         0.         0.         0.01633997 0.         0.         0.         0.         0.         0.         0.         0.         0.         0.         0.94701588 0.         0.02030417 0.         0.         0.        ],[0. 0. 0. 0. 1. 0. 0. 0. 0. 0. 0. 0. 0. 0. 1. 0. 0. 0. 0. 0. 0. 0. 0. 0. 0. 1. 0. 1. 0. 0. 0.],4.0,best,10000,100000,100,0.9,0.5,0.9,0.5,0.9,1,0.97,1,4,,problem_solving,10
7400,0.00907013724866973,0.057834,0.004436681529142156,0.796,0.5825602603284237,0.41442291703511497,[0.         0.         0.         0.         0.01633997 0.         0.         0.         0.         0.         0.         0.         0.         0.         0.01633997 0.         0.         0.         0.         0.         0.         0.         0.         0.         0.         0.94701588 0.         0.02030417 0.         0.         0.        ],[0. 0. 0. 0. 1. 0. 0. 0. 0. 0. 0. 0. 0. 0. 1. 0. 0. 0. 0. 0. 0. 0. 0. 0. 0. 1. 0. 1. 0. 0. 0.],4.0,best,10000,100000,100,0.9,0.5,0.9,0.5,0.9,1,0.97,1,4,,problem_solving,10
7500,0.00907013724866973,0.057834,0.004436681529142156,0.8,0.5791460926441345,-0.46746330097625166,[0.         0.         0.         0.         0.01633997 0.         0.         0.         0.         0.         0.         0.         0.         0.         0.01633997 0.         0.         0.         0.         0.         0.         0.         0.         0.         0.         0.94701588 0.         0.02030417 0.         0.         0.        ],[0. 0. 0. 0. 1. 0. 0. 0. 0. 0. 0. 0. 0. 0. 1. 0. 0. 0. 0. 0. 0. 0. 0. 0. 0. 1. 0. 1. 0. 0. 0.],4.0,best,10000,100000,100,0.9,0.5,0.9,0.5,0.9,1,0.97,1,4,,problem_solving,10
7600,0.00907013724866973,0.057834,0.004436681529142156,0.804,0.5757519341190179,0.7391914140378452,[0.         0.         0.         0.         0.01633997 0.         0.         0.         0.         0.         0.         0.         0.         0.         0.01633997 0.         0.         0.         0.         0.         0.         0.         0.         0.         0.         0.94701588 0.         0.02030417 0.         0.         0.        ],[0. 0. 0. 0. 1. 0. 0. 0. 0. 0. 0. 0. 0. 0. 1. 0. 0. 0. 0. 0. 0. 0. 0. 0. 0. 1. 0. 1. 0. 0. 0.],4.0,best,10000,100000,100,0.9,0.5,0.9,0.5,0.9,1,0.97,1,4,,problem_solving,10
7700,0.00907013724866973,0.057834,0.004436681529142156,0.808,0.5723776674868795,-0.4662093228328168,[0.         0.         0.         0.         0.01633997 0.         0.         0.         0.         0.         0.         0.         0.         0.         0.01633997 0.         0.         0.         0.         0.         0.         0.         0.         0.         0.         0.94701588 0.         0.02030417 0.         0.         0.        ],[0. 0. 0. 0. 1. 0. 0. 0. 0. 0. 0. 0. 0. 0. 1. 0. 0. 0. 0. 0. 0. 0. 0. 0. 0. 1. 0. 1. 0. 0. 0.],4.0,best,10000,100000,100,0.9,0.5,0.9,0.5,0.9,1,0.97,1,4,,problem_solving,10
7800,0.00907013724866973,0.057834,0.004436681529142156,0.812,0.5690231761687783,0.6581919424326318,[0.         0.         0.         0.         0.01633997 0.         0.         0.         0.         0.         0.         0.         0.         0.         0.01633997 0.         0.         0.         0.         0.         0.         0.         0.         0.         0.         0.94701588 0.         0.02030417 0.         0.         0.        ],[0. 0. 0. 0. 1. 0. 0. 0. 0. 0. 0. 0. 0. 0. 1. 0. 0. 0. 0. 0. 0. 0. 0. 0. 0. 1. 0. 1. 0. 0. 0.],4.0,best,10000,100000,100,0.9,0.5,0.9,0.5,0.9,1,0.97,1,4,,problem_solving,10
7900,0.00907013724866973,0.057834,0.004436681529142156,0.8160000000000001,0.5656883442689989,-0.08785900606530915,[0.         0.         0.         0.         0.01633997 0.         0.         0.         0.         0.         0.         0.         0.         0.         0.01633997 0.         0.         0.         0.         0.         0.         0.         0.         0.         0.         0.94701588 0.         0.02030417 0.         0.         0.        ],[0. 0. 0. 0. 1. 0. 0. 0. 0. 0. 0. 0. 0. 0. 1. 0. 0. 0. 0. 0. 0. 0. 0. 0. 0. 1. 0. 1. 0. 0. 0.],4.0,best,10000,100000,100,0.9,0.5,0.9,0.5,0.9,1,0.97,1,4,,problem_solving,10
8000,0.00907013724866973,0.057834,0.004436681529142156,0.8200000000000001,0.5623730565710474,0.01687171967326795,[0.         0.         0.         0.         0.01633997 0.         0.         0.         0.         0.         0.         0.         0.         0.         0.01633997 0.         0.         0.         0.         0.         0.         0.         0.         0.         0.         0.94701588 0.         0.02030417 0.         0.         0.        ],[0. 0. 0. 0. 1. 0. 0. 0. 0. 0. 0. 0. 0. 0. 1. 0. 0. 0. 0. 0. 0. 0. 0. 0. 0. 1. 0. 1. 0. 0. 0.],4.0,best,10000,100000,100,0.9,0.5,0.9,0.5,0.9,1,0.97,1,4,,problem_solving,10
8100,0.00907013724866973,0.057834,0.004436681529142156,0.8240000000000001,0.5590771985336705,-0.6063373179930494,[0.         0.         0.         0.         0.01633997 0.         0.         0.         0.         0.         0.         0.         0.         0.         0.01633997 0.         0.         0.         0.         0.         0.         0.         0.         0.         0.         0.94701588 0.         0.02030417 0.         0.         0.        ],[0. 0. 0. 0. 1. 0. 0. 0. 0. 0. 0. 0. 0. 0. 1. 0. 0. 0. 0. 0. 0. 0. 0. 0. 0. 1. 0. 1. 0. 0. 0.],4.0,best,10000,100000,100,0.9,0.5,0.9,0.5,0.9,1,0.97,1,4,,problem_solving,10
8200,0.00907013724866973,0.057834,0.004436681529142156,0.8280000000000001,0.5558006562868987,-0.6438044104119642,[0.         0.         0.         0.         0.01633997 0.         0.         0.         0.         0.         0.         0.         0.         0.         0.01633997 0.         0.         0.         0.         0.         0.         0.         0.         0.         0.         0.94701588 0.         0.02030417 0.         0.         0.        ],[0. 0. 0. 0. 1. 0. 0. 0. 0. 0. 0. 0. 0. 0. 1. 0. 0. 0. 0. 0. 0. 0. 0. 0. 0. 1. 0. 1. 0. 0. 0.],4.0,best,10000,100000,100,0.9,0.5,0.9,0.5,0.9,1,0.97,1,4,,problem_solving,10
8300,0.00907013724866973,0.057834,0.004436681529142156,0.8320000000000001,0.5525433166281111,-0.3455820315945558,[0.         0.         0.         0.         0.01633997 0.         0.         0.         0.         0.         0.         0.         0.         0.         0.01633997 0.         0.         0.         0.         0.         0.         0.         0.         0.         0.         0.94701588 0.         0.02030417 0.         0.         0.        ],[0. 0. 0. 0. 1. 0. 0. 0. 0. 0. 0. 0. 0. 0. 1. 0. 0. 0. 0. 0. 0. 0. 0. 0. 0. 1. 0. 1. 0. 0. 0.],4.0,best,10000,100000,100,0.9,0.5,0.9,0.5,0.9,1,0.97,1,4,,problem_solving,10
8400,0.00907013724866973,0.057834,0.004436681529142156,0.8360000000000001,0.5493050670181255,-0.889073811287871,[0.         0.         0.         0.         0.01633997 0.         0.         0.         0.         0.         0.         0.         0.         0.         0.01633997 0.         0.         0.         0.         0.         0.         0.         0.         0.         0.         0.94701588 0.         0.02030417 0.         0.         0.        ],[0. 0. 0. 0. 1. 0. 0. 0. 0. 0. 0. 0. 0. 0. 1. 0. 0. 0. 0. 0. 0. 0. 0. 0. 0. 1. 0. 1. 0. 0. 0.],4.0,best,10000,100000,100,0.9,0.5,0.9,0.5,0.9,1,0.97,1,4,,problem_solving,10
8500,0.00907013724866973,0.057834,0.004436681529142156,0.8400000000000001,0.5460857955773097,-0.2408983770360417,[0.         0.         0.         0.         0.01633997 0.         0.         0.         0.         0.         0.         0.         0.         0.         0.01633997 0.         0.         0.         0.         0.         0.         0.         0.         0.         0.         0.94701588 0.         0.02030417 0.         0.         0.        ],[0. 0. 0. 0. 1. 0. 0. 0. 0. 0. 0. 0. 0. 0. 1. 0. 0. 0. 0. 0. 0. 0. 0. 0. 0. 1. 0. 1. 0. 0. 0.],4.0,best,10000,100000,100,0.9,0.5,0.9,0.5,0.9,1,0.97,1,4,,problem_solving,10
8600,0.00907013724866973,0.057834,0.004436681529142156,0.8440000000000001,0.542885391081716,-0.14072442534872295,[0.         0.         0.         0.         0.01633997 0.         0.         0.         0.         0.         0.         0.         0.         0.         0.01633997 0.         0.         0.         0.         0.         0.         0.         0.         0.         0.         0.94701588 0.         0.02030417 0.         0.         0.        ],[0. 0. 0. 0. 1. 0. 0. 0. 0. 0. 0. 0. 0. 0. 1. 0. 0. 0. 0. 0. 0. 0. 0. 0. 0. 1. 0. 1. 0. 0. 0.],4.0,best,10000,100000,100,0.9,0.5,0.9,0.5,0.9,1,0.97,1,4,,problem_solving,10
8700,0.00907013724866973,0.057834,0.004436681529142156,0.8480000000000001,0.5397037429592386,0.09228664858316117,[0.         0.         0.         0.         0.01633997 0.         0.         0.         0.         0.         0.         0.         0.         0.         0.01633997 0.         0.         0.         0.         0.         0.         0.         0.         0.         0.         0.94701588 0.         0.02030417 0.         0.         0.        ],[0. 0. 0. 0. 1. 0. 0. 0. 0. 0. 0. 0. 0. 0. 1. 0. 0. 0. 0. 0. 0. 0. 0. 0. 0. 1. 0. 1. 0. 0. 0.],4.0,best,10000,100000,100,0.9,0.5,0.9,0.5,0.9,1,0.97,1,4,,problem_solving,10
8800,0.00907013724866973,0.057834,0.004436681529142156,0.8520000000000001,0.5365407412857937,-0.8574240344182131,[0.         0.         0.         0.         0.01633997 0.         0.         0.         0.         0.         0.         0.         0.         0.         0.01633997 0.         0.         0.         0.         0.         0.         0.         0.         0.         0.         0.94701588 0.         0.02030417 0.         0.         0.        ],[0. 0. 0. 0. 1. 0. 0. 0. 0. 0. 0. 0. 0. 0. 1. 0. 0. 0. 0. 0. 0. 0. 0. 0. 0. 1. 0. 1. 0. 0. 0.],4.0,best,10000,100000,100,0.9,0.5,0.9,0.5,0.9,1,0.97,1,4,,problem_solving,10
8900,0.00907013724866973,0.057834,0.004436681529142156,0.8560000000000001,0.5333962767815211,-0.8766484063020573,[0.         0.         0.         0.         0.01633997 0.         0.         0.         0.         0.         0.         0.         0.         0.         0.01633997 0.         0.         0.         0.         0.         0.         0.         0.         0.         0.         0.94701588 0.         0.02030417 0.         0.         0.        ],[0. 0. 0. 0. 1. 0. 0. 0. 0. 0. 0. 0. 0. 0. 1. 0. 0. 0. 0. 0. 0. 0. 0. 0. 0. 1. 0. 1. 0. 0. 0.],4.0,best,10000,100000,100,0.9,0.5,0.9,0.5,0.9,1,0.97,1,4,,problem_solving,10
9000,0.00907013724866973,0.057834,0.004436681529142156,0.8600000000000001,0.5302702408070095,0.4512718826819984,[0.         0.         0.         0.         0.01633997 0.         0.         0.         0.         0.         0.         0.         0.         0.         0.01633997 0.         0.         0.         0.         0.         0.         0.         0.         0.         0.         0.94701588 0.         0.02030417 0.         0.         0.        ],[0. 0. 0. 0. 1. 0. 0. 0. 0. 0. 0. 0. 0. 0. 1. 0. 0. 0. 0. 0. 0. 0. 0. 0. 0. 1. 0. 1. 0. 0. 0.],4.0,best,10000,100000,100,0.9,0.5,0.9,0.5,0.9,1,0.97,1,4,,problem_solving,10
9100,0.00907013724866973,0.057834,0.004436681529142156,0.8640000000000001,0.5271625253595416,-0.3086202224164808,[0.         0.         0.         0.         0.01633997 0.         0.         0.         0.         0.         0.         0.         0.         0.         0.01633997 0.         0.         0.         0.         0.         0.         0.         0.         0.         0.         0.94701588 0.         0.02030417 0.         0.         0.        ],[0. 0. 0. 0. 1. 0. 0. 0. 0. 0. 0. 0. 0. 0. 1. 0. 0. 0. 0. 0. 0. 0. 0. 0. 0. 1. 0. 1. 0. 0. 0.],4.0,best,10000,100000,100,0.9,0.5,0.9,0.5,0.9,1,0.97,1,4,,problem_solving,10
9200,0.00907013724866973,0.057834,0.004436681529142156,0.8680000000000001,0.5240730230693647,0.20032977233019056,[0.         0.         0.         0.         0.01633997 0.         0.         0.         0.         0.         0.         0.         0.         0.         0.01633997 0.         0.         0.         0.         0.         0.         0.         0.         0.         0.         0.94701588 0.         0.02030417 0.         0.         0.        ],[0. 0. 0. 0. 1. 0. 0. 0. 0. 0. 0. 0. 0. 0. 1. 0. 0. 0. 0. 0. 0. 0. 0. 0. 0. 1. 0. 1. 0. 0. 0.],4.0,best,10000,100000,100,0.9,0.5,0.9,0.5,0.9,1,0.97,1,4,,problem_solving,10
9300,0.00907013724866973,0.057834,0.004436681529142156,0.8720000000000001,0.5210016271959791,-0.10054144920657317,[0.         0.         0.         0.         0.01633997 0.         0.         0.         0.         0.         0.         0.         0.         0.         0.01633997 0.         0.         0.         0.         0.         0.         0.         0.         0.         0.         0.94701588 0.         0.02030417 0.         0.         0.        ],[0. 0. 0. 0. 1. 0. 0. 0. 0. 0. 0. 0. 0. 0. 1. 0. 0. 0. 0. 0. 0. 0. 0. 0. 0. 1. 0. 1. 0. 0. 0.],4.0,best,10000,100000,100,0.9,0.5,0.9,0.5,0.9,1,0.97,1,4,,problem_solving,10
9400,0.00907013724866973,0.057834,0.004436681529142156,0.8760000000000001,0.5179482316244518,-0.16104597728424538,[0.         0.         0.         0.         0.01633997 0.         0.         0.         0.         0.         0.         0.         0.         0.         0.01633997 0.         0.         0.         0.         0.         0.         0.         0.         0.         0.         0.94701588 0.         0.02030417 0.         0.         0.        ],[0. 0. 0. 0. 1. 0. 0. 0. 0. 0. 0. 0. 0. 0. 1. 0. 0. 0. 0. 0. 0. 0. 0. 0. 0. 1. 0. 1. 0. 0. 0.],4.0,best,10000,100000,100,0.9,0.5,0.9,0.5,0.9,1,0.97,1,4,,problem_solving,10
9500,0.008651565892080198,0.060431,0.003960087341880961,0.88,0.5149127308617497,-0.8763590035003059,[0.         0.         0.         0.         0.01475799 0.         0.         0.         0.01475799 0.         0.         0.         0.         0.         0.         0.         0.         0.         0.         0.         0.         0.         0.         0.         0.         0.94139714 0.         0.02908688 0.         0.         0.        ],[0. 0. 0. 0. 1. 0. 0. 0. 1. 0. 0. 0. 0. 0. 0. 0. 0. 0. 0. 0. 0. 0. 0. 0. 0. 1. 0. 1. 0. 0. 0.],4.0,best,10000,100000,100,0.9,0.5,0.9,0.5,0.9,1,0.97,1,4,,problem_solving,10
9600,0.008651565892080198,0.060431,0.003960087341880961,0.884,0.5118950200330946,-0.740979140839497,[0.         0.         0.         0.         0.01475799 0.         0.         0.         0.01475799 0.         0.         0.         0.         0.         0.         0.         0.         0.         0.         0.         0.         0.         0.         0.         0.         0.94139714 0.         0.02908688 0.         0.         0.        ],[0. 0. 0. 0. 1. 0. 0. 0. 1. 0. 0. 0. 0. 0. 0. 0. 0. 0. 0. 0. 0. 0. 0. 0. 0. 1. 0. 1. 0. 0. 0.],4.0,best,10000,100000,100,0.9,0.5,0.9,0.5,0.9,1,0.97,1,4,,problem_solving,10
9700,0.008651565892080198,0.060431,0.003960087341880961,0.888,0.5088949948783402,0.5930570491268679,[0.         0.         0.         0.         0.01475799 0.         0.         0.         0.01475799 0.         0.         0.         0.         0.         0.         0.         0.         0.         0.         0.         0.         0.         0.         0.         0.         0.94139714 0.         0.02908688 0.         0.         0.        ],[0. 0. 0. 0. 1. 0. 0. 0. 1. 0. 0. 0. 0. 0. 0. 0. 0. 0. 0. 0. 0. 0. 0. 0. 0. 1. 0. 1. 0. 0. 0.],4.0,best,10000,100000,100,0.9,0.5,0.9,0.5,0.9,1,0.97,1,4,,problem_solving,10
9800,0.008651565892080198,0.060431,0.003960087341880961,0.892,0.5059125517483702,0.2975513283478888,[0.         0.         0.         0.         0.01475799 0.         0.         0.         0.01475799 0.         0.         0.         0.         0.         0.         0.         0.         0.         0.         0.         0.         0.         0.         0.         0.         0.94139714 0.         0.02908688 0.         0.         0.        ],[0. 0. 0. 0. 1. 0. 0. 0. 1. 0. 0. 0. 0. 0. 0. 0. 0. 0. 0. 0. 0. 0. 0. 0. 0. 1. 0. 1. 0. 0. 0.],4.0,best,10000,100000,100,0.9,0.5,0.9,0.5,0.9,1,0.97,1,4,,problem_solving,10
9900,0.008651565892080198,0.060431,0.003960087341880961,0.896,0.5029475876015165,-0.41440614302623857,[0.         0.         0.         0.         0.01475799 0.         0.         0.         0.01475799 0.         0.         0.         0.         0.         0.         0.         0.         0.         0.         0.         0.         0.         0.         0.         0.         0.94139714 0.         0.02908688 0.         0.         0.        ],[0. 0. 0. 0. 1. 0. 0. 0. 1. 0. 0. 0. 0. 0. 0. 0. 0. 0. 0. 0. 0. 0. 0. 0. 0. 1. 0. 1. 0. 0. 0.],4.0,best,10000,100000,100,0.9,0.5,0.9,0.5,0.9,1,0.97,1,4,,problem_solving,10
9999,0.008651565892080198,0.060431,0.003960087341880961,0.8999600000000001,0.500029390196995,0.8211804403052335,[0.         0.         0.         0.         0.01475799 0.         0.         0.         0.01475799 0.         0.         0.         0.         0.         0.         0.         0.         0.         0.         0.         0.         0.         0.         0.         0.         0.94139714 0.         0.02908688 0.         0.         0.        ],[0. 0. 0. 0. 1. 0. 0. 0. 1. 0. 0. 0. 0. 0. 0. 0. 0. 0. 0. 0. 0. 0. 0. 0. 0. 1. 0. 1. 0. 0. 0.],4.0,best,10000,100000,100,0.9,0.5,0.9,0.5,0.9,1,0.97,1,4,,problem_solving,10
