iter,cost,risk,return,par,bw,move,X,Z,Q,pop_init,max_iter,pop_size,mem_size,mem_consider,par_min,par_max,bw_min,bw_max,sigma,lambda,port_n,k,seed,tag,local_search
1,-0.0007278786518157545,0.057848,0.0035190925770922123,0.50004,0.8999471007548476,1.8931900058930275,[0.         0.         0.         0.         0.95611979 0.         0.         0.         0.         0.         0.         0.         0.         0.         0.         0.         0.         0.         0.         0.01462674 0.         0.01462674 0.         0.         0.         0.01462674 0.         0.         0.         0.         0.        ],[0. 0. 0. 0. 1. 0. 0. 0. 0. 0. 0. 0. 0. 0. 0. 0. 0. 0. 0. 1. 0. 1. 0. 0. 0. 1. 0. 0. 0. 0. 0.],4.0,best,10000,100000,100,0.9,0.5,0.9,0.5,0.9,3,0.19,1,4,,problem_solving,10
100,-0.006091045882828064,0.067294,0.005887487945169484,0.504,0.894725436791504,-1.9233844996895826,[0.         0.         0.         0.         0.95735371 0.         0.         0.         0.         0.         0.01421543 0.         0.         0.         0.         0.         0.         0.         0.         0.         0.01421543 0.         0.         0.01421543 0.         0.         0.         0.         0.         0.         0.        ],[0. 0. 0. 0. 1. 0. 0. 0. 0. 0. 1. 0. 0. 0. 0. 0. 0. 0. 0. 0. 1. 0. 0. 1. 0. 0. 0. 0. 0. 0. 0.],4.0,best,10000,100000,100,0.9,0.5,0.9,0.5,0.9,3,0.19,1,4,,problem_solving,10
200,-0.006091045882828064,0.067294,0.005887487945169484,0.508,0.8894817858241639,4.337232963836814,[0.         0.         0.         0.         0.95735371 0.         0.         0.         0.         0.         0.01421543 0.         0.         0.         0.         0.         0.         0.         0.         0.         0.01421543 0.         0.         0.01421543 0.         0.         0.         0.         0.         0.         0.        ],[0. 0. 0. 0. 1. 0. 0. 0. 0. 0. 1. 0. 0. 0. 0. 0. 0. 0. 0. 0. 1. 0. 0. 1. 0. 0. 0. 0. 0. 0. 0.],4.0,best,10000,100000,100,0.9,0.5,0.9,0.5,0.9,3,0.19,1,4,,problem_solving,10
300,-0.006374117850155505,0.064719,0.007230842628687683,0.512,0.8842688659329022,1.5394794159234149,[0.01451217 0.         0.         0.         0.95646349 0.         0.         0.         0.         0.         0.         0.         0.         0.         0.         0.01451217 0.         0.         0.         0.         0.         0.         0.         0.         0.         0.         0.         0.01451217 0.         0.         0.        ],[1. 0. 0. 0. 1. 0. 0. 0. 0. 0. 0. 0. 0. 0. 0. 1. 0. 0. 0. 0. 0. 0. 0. 0. 0. 0. 0. 1. 0. 0. 0.],4.0,best,10000,100000,100,0.9,0.5,0.9,0.5,0.9,3,0.19,1,4,,problem_solving,10
400,-0.006374117850155505,0.064719,0.007230842628687683,0.516,0.879086497014382,5.187754881966308,[0.01451217 0.         0.         0.         0.95646349 0.         0.         0.         0.         0.         0.         0.         0.         0.         0.         0.01451217 0.         0.         0.         0.         0.         0.         0.         0.         0.         0.         0.         0.01451217 0.         0.         0.        ],[1. 0. 0. 0. 1. 0. 0. 0. 0. 0. 0. 0. 0. 0. 0. 1. 0. 0. 0. 0. 0. 0. 0. 0. 0. 0. 0. 1. 0. 0. 0.],4.0,best,10000,100000,100,0.9,0.5,0.9,0.5,0.9,3,0.19,1,4,,problem_solving,10
500,-0.006374117850155505,0.064719,0.007230842628687683,0.52,0.8739345000207845,-2.336413425043608,[0.01451217 0.         0.         0.         0.95646349 0.         0.         0.         0.         0.         0.         0.         0.         0.         0.         0.01451217 0.         0.         0.         0.         0.         0.         0.         0.         0.         0.         0.         0.01451217 0.         0.         0.        ],[1. 0. 0. 0. 1. 0. 0. 0. 0. 0. 0. 0. 0. 0. 0. 1. 0. 0. 0. 0. 0. 0. 0. 0. 0. 0. 0. 1. 0. 0. 0.],4.0,best,10000,100000,100,0.9,0.5,0.9,0.5,0.9,3,0.19,1,4,,problem_solving,10
600,-0.006374117850155505,0.064719,0.007230842628687683,0.524,0.8688126969536234,2.904572159513,[0.01451217 0.         0.         0.         0.95646349 0.         0.         0.         0.         0.         0.         0.         0.         0.         0.         0.01451217 0.         0.         0.         0.         0.         0.         0.         0.         0.         0.         0.         0.01451217 0.         0.         0.        ],[1. 0. 0. 0. 1. 0. 0. 0. 0. 0. 0. 0. 0. 0. 0. 1. 0. 0. 0. 0. 0. 0. 0. 0. 0. 0. 0. 1. 0. 0. 0.],4.0,best,10000,100000,100,0.9,0.5,0.9,0.5,0.9,3,0.19,1,4,,problem_solving,10
700,-0.006495030128227839,0.052528,0.0032343003402830134,0.528,0.8637209108575947,-3.2662235454645048,[0.         0.         0.         0.         0.96184448 0.         0.         0.         0.         0.         0.01164675 0.         0.         0.         0.         0.         0.         0.         0.         0.         0.         0.01164675 0.         0.         0.         0.         0.         0.         0.         0.01486201 0.        ],[0. 0. 0. 0. 1. 0. 0. 0. 0. 0. 1. 0. 0. 0. 0. 0. 0. 0. 0. 0. 0. 1. 0. 0. 0. 0. 0. 0. 0. 1. 0.],4.0,best,10000,100000,100,0.9,0.5,0.9,0.5,0.9,3,0.19,1,4,,problem_solving,10
800,-0.006771586860335237,0.055855,0.0042085425288799615,0.532,0.8586589658144633,-2.6246349209241315,[0.         0.         0.         0.         0.96005797 0.         0.         0.         0.         0.         0.         0.         0.         0.         0.         0.01340735 0.         0.         0.         0.         0.         0.01170802 0.         0.         0.         0.01482666 0.         0.         0.         0.         0.        ],[0. 0. 0. 0. 1. 0. 0. 0. 0. 0. 0. 0. 0. 0. 0. 1. 0. 0. 0. 0. 0. 1. 0. 0. 0. 1. 0. 0. 0. 0. 0.],4.0,best,10000,100000,100,0.9,0.5,0.9,0.5,0.9,3,0.19,1,4,,problem_solving,10
900,-0.006771586860335237,0.055855,0.0042085425288799615,0.536,0.8536266869369854,0.10885673340661998,[0.         0.         0.         0.         0.96005797 0.         0.         0.         0.         0.         0.         0.         0.         0.         0.         0.01340735 0.         0.         0.         0.         0.         0.01170802 0.         0.         0.         0.01482666 0.         0.         0.         0.         0.        ],[0. 0. 0. 0. 1. 0. 0. 0. 0. 0. 0. 0. 0. 0. 0. 1. 0. 0. 0. 0. 0. 1. 0. 0. 0. 1. 0. 0. 0. 0. 0.],4.0,best,10000,100000,100,0.9,0.5,0.9,0.5,0.9,3,0.19,1,4,,problem_solving,10
1000,-0.006771586860335237,0.055855,0.0042085425288799615,0.54,0.8486239003628652,-1.0803017519825127,[0.         0.         0.         0.         0.96005797 0.         0.         0.         0.         0.         0.         0.         0.         0.         0.         0.01340735 0.         0.         0.         0.         0.         0.01170802 0.         0.         0.         0.01482666 0.         0.         0.         0.         0.        ],[0. 0. 0. 0. 1. 0. 0. 0. 0. 0. 0. 0. 0. 0. 0. 1. 0. 0. 0. 0. 0. 1. 0. 0. 0. 1. 0. 0. 0. 0. 0.],4.0,best,10000,100000,100,0.9,0.5,0.9,0.5,0.9,3,0.19,1,4,,problem_solving,10
1100,-0.006771586860335237,0.055855,0.0042085425288799615,0.544,0.8436504332487491,-1.0661730951601163,[0.         0.         0.         0.         0.96005797 0.         0.         0.         0.         0.         0.         0.         0.         0.         0.         0.01340735 0.         0.         0.         0.         0.         0.01170802 0.         0.         0.         0.01482666 0.         0.         0.         0.         0.        ],[0. 0. 0. 0. 1. 0. 0. 0. 0. 0. 0. 0. 0. 0. 0. 1. 0. 0. 0. 0. 0. 1. 0. 0. 0. 1. 0. 0. 0. 0. 0.],4.0,best,10000,100000,100,0.9,0.5,0.9,0.5,0.9,3,0.19,1,4,,problem_solving,10
1200,-0.006771586860335237,0.055855,0.0042085425288799615,0.548,0.838706113764254,-1.0328303711714486,[0.         0.         0.         0.         0.96005797 0.         0.         0.         0.         0.         0.         0.         0.         0.         0.         0.01340735 0.         0.         0.         0.         0.         0.01170802 0.         0.         0.         0.01482666 0.         0.         0.         0.         0.        ],[0. 0. 0. 0. 1. 0. 0. 0. 0. 0. 0. 0. 0. 0. 0. 1. 0. 0. 0. 0. 0. 1. 0. 0. 0. 1. 0. 0. 0. 0. 0.],4.0,best,10000,100000,100,0.9,0.5,0.9,0.5,0.9,3,0.19,1,4,,problem_solving,10
1300,-0.006771586860335237,0.055855,0.0042085425288799615,0.552,0.83379077108603,1.0667320021124314,[0.         0.         0.         0.         0.96005797 0.         0.         0.         0.         0.         0.         0.         0.         0.         0.         0.01340735 0.         0.         0.         0.         0.         0.01170802 0.         0.         0.         0.01482666 0.         0.         0.         0.         0.        ],[0. 0. 0. 0. 1. 0. 0. 0. 0. 0. 0. 0. 0. 0. 0. 1. 0. 0. 0. 0. 0. 1. 0. 0. 0. 1. 0. 0. 0. 0. 0.],4.0,best,10000,100000,100,0.9,0.5,0.9,0.5,0.9,3,0.19,1,4,,problem_solving,10
1400,-0.006771586860335237,0.055855,0.0042085425288799615,0.556,0.828904235391859,-0.3401452909110934,[0.         0.         0.         0.         0.96005797 0.         0.         0.         0.         0.         0.         0.         0.         0.         0.         0.01340735 0.         0.         0.         0.         0.         0.01170802 0.         0.         0.         0.01482666 0.         0.         0.         0.         0.        ],[0. 0. 0. 0. 1. 0. 0. 0. 0. 0. 0. 0. 0. 0. 0. 1. 0. 0. 0. 0. 0. 1. 0. 0. 0. 1. 0. 0. 0. 0. 0.],4.0,best,10000,100000,100,0.9,0.5,0.9,0.5,0.9,3,0.19,1,4,,problem_solving,10
1500,-0.006771586860335237,0.055855,0.0042085425288799615,0.56,0.8240463378547873,-1.0868384081039892,[0.         0.         0.         0.         0.96005797 0.         0.         0.         0.         0.         0.         0.         0.         0.         0.         0.01340735 0.         0.         0.         0.         0.         0.01170802 0.         0.         0.         0.01482666 0.         0.         0.         0.         0.        ],[0. 0. 0. 0. 1. 0. 0. 0. 0. 0. 0. 0. 0. 0. 0. 1. 0. 0. 0. 0. 0. 1. 0. 0. 0. 1. 0. 0. 0. 0. 0.],4.0,best,10000,100000,100,0.9,0.5,0.9,0.5,0.9,3,0.19,1,4,,problem_solving,10
1600,-0.006771586860335237,0.055855,0.0042085425288799615,0.5640000000000001,0.8192169106372932,1.6286274925005455,[0.         0.         0.         0.         0.96005797 0.         0.         0.         0.         0.         0.         0.         0.         0.         0.         0.01340735 0.         0.         0.         0.         0.         0.01170802 0.         0.         0.         0.01482666 0.         0.         0.         0.         0.        ],[0. 0. 0. 0. 1. 0. 0. 0. 0. 0. 0. 0. 0. 0. 0. 1. 0. 0. 0. 0. 0. 1. 0. 0. 0. 1. 0. 0. 0. 0. 0.],4.0,best,10000,100000,100,0.9,0.5,0.9,0.5,0.9,3,0.19,1,4,,problem_solving,10
1700,-0.006771586860335237,0.055855,0.0042085425288799615,0.5680000000000001,0.8144157868854872,-3.198453411622084,[0.         0.         0.         0.         0.96005797 0.         0.         0.         0.         0.         0.         0.         0.         0.         0.         0.01340735 0.         0.         0.         0.         0.         0.01170802 0.         0.         0.         0.01482666 0.         0.         0.         0.         0.        ],[0. 0. 0. 0. 1. 0. 0. 0. 0. 0. 0. 0. 0. 0. 0. 1. 0. 0. 0. 0. 0. 1. 0. 0. 0. 1. 0. 0. 0. 0. 0.],4.0,best,10000,100000,100,0.9,0.5,0.9,0.5,0.9,3,0.19,1,4,,problem_solving,10
1800,-0.006771586860335237,0.055855,0.0042085425288799615,0.5720000000000001,0.8096428007233489,-0.6082680654614245,[0.         0.         0.         0.         0.96005797 0.         0.         0.         0.         0.         0.         0.         0.         0.         0.         0.01340735 0.         0.         0.         0.         0.         0.01170802 0.         0.         0.         0.01482666 0.         0.         0.         0.         0.        ],[0. 0. 0. 0. 1. 0. 0. 0. 0. 0. 0. 0. 0. 0. 0. 1. 0. 0. 0. 0. 0. 1. 0. 0. 0. 1. 0. 0. 0. 0. 0.],4.0,best,10000,100000,100,0.9,0.5,0.9,0.5,0.9,3,0.19,1,4,,problem_solving,10
1900,-0.006771586860335237,0.055855,0.0042085425288799615,0.5760000000000001,0.8048977872469943,2.8597465854024264,[0.         0.         0.         0.         0.96005797 0.         0.         0.         0.         0.         0.         0.         0.         0.         0.         0.01340735 0.         0.         0.         0.         0.         0.01170802 0.         0.         0.         0.01482666 0.         0.         0.         0.         0.        ],[0. 0. 0. 0. 1. 0. 0. 0. 0. 0. 0. 0. 0. 0. 0. 1. 0. 0. 0. 0. 0. 1. 0. 0. 0. 1. 0. 0. 0. 0. 0.],4.0,best,10000,100000,100,0.9,0.5,0.9,0.5,0.9,3,0.19,1,4,,problem_solving,10
2000,-0.006771586860335237,0.055855,0.0042085425288799615,0.58,0.80018058251898,-2.7090101957335477,[0.         0.         0.         0.         0.96005797 0.         0.         0.         0.         0.         0.         0.         0.         0.         0.         0.01340735 0.         0.         0.         0.         0.         0.01170802 0.         0.         0.         0.01482666 0.         0.         0.         0.         0.        ],[0. 0. 0. 0. 1. 0. 0. 0. 0. 0. 0. 0. 0. 0. 0. 1. 0. 0. 0. 0. 0. 1. 0. 0. 0. 1. 0. 0. 0. 0. 0.],4.0,best,10000,100000,100,0.9,0.5,0.9,0.5,0.9,3,0.19,1,4,,problem_solving,10
2100,-0.006771586860335237,0.055855,0.0042085425288799615,0.584,0.7954910235626383,-3.6611969947583245,[0.         0.         0.         0.         0.96005797 0.         0.         0.         0.         0.         0.         0.         0.         0.         0.         0.01340735 0.         0.         0.         0.         0.         0.01170802 0.         0.         0.         0.01482666 0.         0.         0.         0.         0.        ],[0. 0. 0. 0. 1. 0. 0. 0. 0. 0. 0. 0. 0. 0. 0. 1. 0. 0. 0. 0. 0. 1. 0. 0. 0. 1. 0. 0. 0. 0. 0.],4.0,best,10000,100000,100,0.9,0.5,0.9,0.5,0.9,3,0.19,1,4,,problem_solving,10
2200,-0.006771586860335237,0.055855,0.0042085425288799615,0.588,0.7908289483564468,0.5721334379269515,[0.         0.         0.         0.         0.96005797 0.         0.         0.         0.         0.         0.         0.         0.         0.         0.         0.01340735 0.         0.         0.         0.         0.         0.01170802 0.         0.         0.         0.01482666 0.         0.         0.         0.         0.        ],[0. 0. 0. 0. 1. 0. 0. 0. 0. 0. 0. 0. 0. 0. 0. 1. 0. 0. 0. 0. 0. 1. 0. 0. 0. 1. 0. 0. 0. 0. 0.],4.0,best,10000,100000,100,0.9,0.5,0.9,0.5,0.9,3,0.19,1,4,,problem_solving,10
2300,-0.006771586860335237,0.055855,0.0042085425288799615,0.592,0.7861941958284306,-1.289644043898194,[0.         0.         0.         0.         0.96005797 0.         0.         0.         0.         0.         0.         0.         0.         0.         0.         0.01340735 0.         0.         0.         0.         0.         0.01170802 0.         0.         0.         0.01482666 0.         0.         0.         0.         0.        ],[0. 0. 0. 0. 1. 0. 0. 0. 0. 0. 0. 0. 0. 0. 0. 1. 0. 0. 0. 0. 0. 1. 0. 0. 0. 1. 0. 0. 0. 0. 0.],4.0,best,10000,100000,100,0.9,0.5,0.9,0.5,0.9,3,0.19,1,4,,problem_solving,10
2400,-0.006771586860335237,0.055855,0.0042085425288799615,0.596,0.7815866058505976,-2.8976190367787367,[0.         0.         0.         0.         0.96005797 0.         0.         0.         0.         0.         0.         0.         0.         0.         0.         0.01340735 0.         0.         0.         0.         0.         0.01170802 0.         0.         0.         0.01482666 0.         0.         0.         0.         0.        ],[0. 0. 0. 0. 1. 0. 0. 0. 0. 0. 0. 0. 0. 0. 0. 1. 0. 0. 0. 0. 0. 1. 0. 0. 0. 1. 0. 0. 0. 0. 0.],4.0,best,10000,100000,100,0.9,0.5,0.9,0.5,0.9,3,0.19,1,4,,problem_solving,10
2500,-0.006771586860335237,0.055855,0.0042085425288799615,0.6,0.7770060192334055,-0.5977437751162932,[0.         0.         0.         0.         0.96005797 0.         0.         0.         0.         0.         0.         0.         0.         0.         0.         0.01340735 0.         0.         0.         0.         0.         0.01170802 0.         0.         0.         0.01482666 0.         0.         0.         0.         0.        ],[0. 0. 0. 0. 1. 0. 0. 0. 0. 0. 0. 0. 0. 0. 0. 1. 0. 0. 0. 0. 0. 1. 0. 0. 0. 1. 0. 0. 0. 0. 0.],4.0,best,10000,100000,100,0.9,0.5,0.9,0.5,0.9,3,0.19,1,4,,problem_solving,10
2600,-0.006771586860335237,0.055855,0.0042085425288799615,0.604,0.7724522777202627,1.5035331774653697,[0.         0.         0.         0.         0.96005797 0.         0.         0.         0.         0.         0.         0.         0.         0.         0.         0.01340735 0.         0.         0.         0.         0.         0.01170802 0.         0.         0.         0.01482666 0.         0.         0.         0.         0.        ],[0. 0. 0. 0. 1. 0. 0. 0. 0. 0. 0. 0. 0. 0. 0. 1. 0. 0. 0. 0. 0. 1. 0. 0. 0. 1. 0. 0. 0. 0. 0.],4.0,best,10000,100000,100,0.9,0.5,0.9,0.5,0.9,3,0.19,1,4,,problem_solving,10
2700,-0.006771586860335237,0.055855,0.0042085425288799615,0.608,0.7679252239820602,-4.5030423863051015,[0.         0.         0.         0.         0.96005797 0.         0.         0.         0.         0.         0.         0.         0.         0.         0.         0.01340735 0.         0.         0.         0.         0.         0.01170802 0.         0.         0.         0.01482666 0.         0.         0.         0.         0.        ],[0. 0. 0. 0. 1. 0. 0. 0. 0. 0. 0. 0. 0. 0. 0. 1. 0. 0. 0. 0. 0. 1. 0. 0. 0. 1. 0. 0. 0. 0. 0.],4.0,best,10000,100000,100,0.9,0.5,0.9,0.5,0.9,3,0.19,1,4,,problem_solving,10
2800,-0.006771586860335237,0.055855,0.0042085425288799615,0.612,0.7634247016117359,1.9877762162198098,[0.         0.         0.         0.         0.96005797 0.         0.         0.         0.         0.         0.         0.         0.         0.         0.         0.01340735 0.         0.         0.         0.         0.         0.01170802 0.         0.         0.         0.01482666 0.         0.         0.         0.         0.        ],[0. 0. 0. 0. 1. 0. 0. 0. 0. 0. 0. 0. 0. 0. 0. 1. 0. 0. 0. 0. 0. 1. 0. 0. 0. 1. 0. 0. 0. 0. 0.],4.0,best,10000,100000,100,0.9,0.5,0.9,0.5,0.9,3,0.19,1,4,,problem_solving,10
2900,-0.006771586860335237,0.055855,0.0042085425288799615,0.616,0.758950555118871,0.9420810443670856,[0.         0.         0.         0.         0.96005797 0.         0.         0.         0.         0.         0.         0.         0.         0.         0.         0.01340735 0.         0.         0.         0.         0.         0.01170802 0.         0.         0.         0.01482666 0.         0.         0.         0.         0.        ],[0. 0. 0. 0. 1. 0. 0. 0. 0. 0. 0. 0. 0. 0. 0. 1. 0. 0. 0. 0. 0. 1. 0. 0. 0. 1. 0. 0. 0. 0. 0.],4.0,best,10000,100000,100,0.9,0.5,0.9,0.5,0.9,3,0.19,1,4,,problem_solving,10
3000,-0.006771586860335237,0.055855,0.0042085425288799615,0.62,0.754502629924318,1.5082397923762907,[0.         0.         0.         0.         0.96005797 0.         0.         0.         0.         0.         0.         0.         0.         0.         0.         0.01340735 0.         0.         0.         0.         0.         0.01170802 0.         0.         0.         0.01482666 0.         0.         0.         0.         0.        ],[0. 0. 0. 0. 1. 0. 0. 0. 0. 0. 0. 0. 0. 0. 0. 1. 0. 0. 0. 0. 0. 1. 0. 0. 0. 1. 0. 0. 0. 0. 0.],4.0,best,10000,100000,100,0.9,0.5,0.9,0.5,0.9,3,0.19,1,4,,problem_solving,10
3100,-0.006771586860335237,0.055855,0.0042085425288799615,0.624,0.7500807723548599,-1.4663402495914661,[0.         0.         0.         0.         0.96005797 0.         0.         0.         0.         0.         0.         0.         0.         0.         0.         0.01340735 0.         0.         0.         0.         0.         0.01170802 0.         0.         0.         0.01482666 0.         0.         0.         0.         0.        ],[0. 0. 0. 0. 1. 0. 0. 0. 0. 0. 0. 0. 0. 0. 0. 1. 0. 0. 0. 0. 0. 1. 0. 0. 0. 1. 0. 0. 0. 0. 0.],4.0,best,10000,100000,100,0.9,0.5,0.9,0.5,0.9,3,0.19,1,4,,problem_solving,10
3200,-0.006771586860335237,0.055855,0.0042085425288799615,0.628,0.7456848296379007,-0.2799732819901385,[0.         0.         0.         0.         0.96005797 0.         0.         0.         0.         0.         0.         0.         0.         0.         0.         0.01340735 0.         0.         0.         0.         0.         0.01170802 0.         0.         0.         0.01482666 0.         0.         0.         0.         0.        ],[0. 0. 0. 0. 1. 0. 0. 0. 0. 0. 0. 0. 0. 0. 0. 1. 0. 0. 0. 0. 0. 1. 0. 0. 0. 1. 0. 0. 0. 0. 0.],4.0,best,10000,100000,100,0.9,0.5,0.9,0.5,0.9,3,0.19,1,4,,problem_solving,10
3300,-0.006771586860335237,0.055855,0.0042085425288799615,0.632,0.7413146498961878,-2.81790142391129,[0.         0.         0.         0.         0.96005797 0.         0.         0.         0.         0.         0.         0.         0.         0.         0.         0.01340735 0.         0.         0.         0.         0.         0.01170802 0.         0.         0.         0.01482666 0.         0.         0.         0.         0.        ],[0. 0. 0. 0. 1. 0. 0. 0. 0. 0. 0. 0. 0. 0. 0. 1. 0. 0. 0. 0. 0. 1. 0. 0. 0. 1. 0. 0. 0. 0. 0.],4.0,best,10000,100000,100,0.9,0.5,0.9,0.5,0.9,3,0.19,1,4,,problem_solving,10
3400,-0.006771586860335237,0.055855,0.0042085425288799615,0.636,0.7369700821425638,0.6558163556717458,[0.         0.         0.         0.         0.96005797 0.         0.         0.         0.         0.         0.         0.         0.         0.         0.         0.01340735 0.         0.         0.         0.         0.         0.01170802 0.         0.         0.         0.01482666 0.         0.         0.         0.         0.        ],[0. 0. 0. 0. 1. 0. 0. 0. 0. 0. 0. 0. 0. 0. 0. 1. 0. 0. 0. 0. 0. 1. 0. 0. 0. 1. 0. 0. 0. 0. 0.],4.0,best,10000,100000,100,0.9,0.5,0.9,0.5,0.9,3,0.19,1,4,,problem_solving,10
3500,-0.006771586860335237,0.055855,0.0042085425288799615,0.64,0.7326509762747511,1.004245936067842,[0.         0.         0.         0.         0.96005797 0.         0.         0.         0.         0.         0.         0.         0.         0.         0.         0.01340735 0.         0.         0.         0.         0.         0.01170802 0.         0.         0.         0.01482666 0.         0.         0.         0.         0.        ],[0. 0. 0. 0. 1. 0. 0. 0. 0. 0. 0. 0. 0. 0. 0. 1. 0. 0. 0. 0. 0. 1. 0. 0. 0. 1. 0. 0. 0. 0. 0.],4.0,best,10000,100000,100,0.9,0.5,0.9,0.5,0.9,3,0.19,1,4,,problem_solving,10
3600,-0.006771586860335237,0.055855,0.0042085425288799615,0.644,0.7283571830701648,-1.8428789854349648,[0.         0.         0.         0.         0.96005797 0.         0.         0.         0.         0.         0.         0.         0.         0.         0.         0.01340735 0.         0.         0.         0.         0.         0.01170802 0.         0.         0.         0.01482666 0.         0.         0.         0.         0.        ],[0. 0. 0. 0. 1. 0. 0. 0. 0. 0. 0. 0. 0. 0. 0. 1. 0. 0. 0. 0. 0. 1. 0. 0. 0. 1. 0. 0. 0. 0. 0.],4.0,best,10000,100000,100,0.9,0.5,0.9,0.5,0.9,3,0.19,1,4,,problem_solving,10
3700,-0.006771586860335237,0.055855,0.0042085425288799615,0.648,0.7240885541807586,0.3443303577416838,[0.         0.         0.         0.         0.96005797 0.         0.         0.         0.         0.         0.         0.         0.         0.         0.         0.01340735 0.         0.         0.         0.         0.         0.01170802 0.         0.         0.         0.01482666 0.         0.         0.         0.         0.        ],[0. 0. 0. 0. 1. 0. 0. 0. 0. 0. 0. 0. 0. 0. 0. 1. 0. 0. 0. 0. 0. 1. 0. 0. 0. 1. 0. 0. 0. 0. 0.],4.0,best,10000,100000,100,0.9,0.5,0.9,0.5,0.9,3,0.19,1,4,,problem_solving,10
3800,-0.006771586860335237,0.055855,0.0042085425288799615,0.652,0.7198449421278975,2.1240278459801814,[0.         0.         0.         0.         0.96005797 0.         0.         0.         0.         0.         0.         0.         0.         0.         0.         0.01340735 0.         0.         0.         0.         0.         0.01170802 0.         0.         0.         0.01482666 0.         0.         0.         0.         0.        ],[0. 0. 0. 0. 1. 0. 0. 0. 0. 0. 0. 0. 0. 0. 0. 1. 0. 0. 0. 0. 0. 1. 0. 0. 0. 1. 0. 0. 0. 0. 0.],4.0,best,10000,100000,100,0.9,0.5,0.9,0.5,0.9,3,0.19,1,4,,problem_solving,10
3900,-0.006771586860335237,0.055855,0.0042085425288799615,0.656,0.7156262002972644,-0.7441281990141689,[0.         0.         0.         0.         0.96005797 0.         0.         0.         0.         0.         0.         0.         0.         0.         0.         0.01340735 0.         0.         0.         0.         0.         0.01170802 0.         0.         0.         0.01482666 0.         0.         0.         0.         0.        ],[0. 0. 0. 0. 1. 0. 0. 0. 0. 0. 0. 0. 0. 0. 0. 1. 0. 0. 0. 0. 0. 1. 0. 0. 0. 1. 0. 0. 0. 0. 0.],4.0,best,10000,100000,100,0.9,0.5,0.9,0.5,0.9,3,0.19,1,4,,problem_solving,10
4000,-0.007030447508552826,0.076177,0.008110143681074275,0.66,0.7114321829337936,-0.2594997804150695,[0.         0.         0.         0.         0.95640819 0.         0.         0.         0.         0.         0.         0.         0.         0.         0.         0.         0.         0.         0.         0.         0.         0.         0.         0.         0.         0.01755297 0.         0.01441373 0.         0.         0.0116251 ],[0. 0. 0. 0. 1. 0. 0. 0. 0. 0. 0. 0. 0. 0. 0. 0. 0. 0. 0. 0. 0. 0. 0. 0. 0. 1. 0. 1. 0. 0. 1.],4.0,best,10000,100000,100,0.9,0.5,0.9,0.5,0.9,3,0.19,1,4,,problem_solving,10
4100,-0.007030447508552826,0.076177,0.008110143681074275,0.664,0.707262745136635,-3.0288472947160185,[0.         0.         0.         0.         0.95640819 0.         0.         0.         0.         0.         0.         0.         0.         0.         0.         0.         0.         0.         0.         0.         0.         0.         0.         0.         0.         0.01755297 0.         0.01441373 0.         0.         0.0116251 ],[0. 0. 0. 0. 1. 0. 0. 0. 0. 0. 0. 0. 0. 0. 0. 0. 0. 0. 0. 0. 0. 0. 0. 0. 0. 1. 0. 1. 0. 0. 1.],4.0,best,10000,100000,100,0.9,0.5,0.9,0.5,0.9,3,0.19,1,4,,problem_solving,10
4200,-0.007030447508552826,0.076177,0.008110143681074275,0.668,0.7031177428541489,-4.468360782914612,[0.         0.         0.         0.         0.95640819 0.         0.         0.         0.         0.         0.         0.         0.         0.         0.         0.         0.         0.         0.         0.         0.         0.         0.         0.         0.         0.01755297 0.         0.01441373 0.         0.         0.0116251 ],[0. 0. 0. 0. 1. 0. 0. 0. 0. 0. 0. 0. 0. 0. 0. 0. 0. 0. 0. 0. 0. 0. 0. 0. 0. 1. 0. 1. 0. 0. 1.],4.0,best,10000,100000,100,0.9,0.5,0.9,0.5,0.9,3,0.19,1,4,,problem_solving,10
4300,-0.007030447508552826,0.076177,0.008110143681074275,0.672,0.6989970328789274,0.3973360344783199,[0.         0.         0.         0.         0.95640819 0.         0.         0.         0.         0.         0.         0.         0.         0.         0.         0.         0.         0.         0.         0.         0.         0.         0.         0.         0.         0.01755297 0.         0.01441373 0.         0.         0.0116251 ],[0. 0. 0. 0. 1. 0. 0. 0. 0. 0. 0. 0. 0. 0. 0. 0. 0. 0. 0. 0. 0. 0. 0. 0. 0. 1. 0. 1. 0. 0. 1.],4.0,best,10000,100000,100,0.9,0.5,0.9,0.5,0.9,3,0.19,1,4,,problem_solving,10
4400,-0.007030447508552826,0.076177,0.008110143681074275,0.676,0.6949004728428485,-1.5194515671755247,[0.         0.         0.         0.         0.95640819 0.         0.         0.         0.         0.         0.         0.         0.         0.         0.         0.         0.         0.         0.         0.         0.         0.         0.         0.         0.         0.01755297 0.         0.01441373 0.         0.         0.0116251 ],[0. 0. 0. 0. 1. 0. 0. 0. 0. 0. 0. 0. 0. 0. 0. 0. 0. 0. 0. 0. 0. 0. 0. 0. 0. 1. 0. 1. 0. 0. 1.],4.0,best,10000,100000,100,0.9,0.5,0.9,0.5,0.9,3,0.19,1,4,,problem_solving,10
4500,-0.007030447508552826,0.076177,0.008110143681074275,0.68,0.6908279212121557,2.3900595438330208,[0.         0.         0.         0.         0.95640819 0.         0.         0.         0.         0.         0.         0.         0.         0.         0.         0.         0.         0.         0.         0.         0.         0.         0.         0.         0.         0.01755297 0.         0.01441373 0.         0.         0.0116251 ],[0. 0. 0. 0. 1. 0. 0. 0. 0. 0. 0. 0. 0. 0. 0. 0. 0. 0. 0. 0. 0. 0. 0. 0. 0. 1. 0. 1. 0. 0. 1.],4.0,best,10000,100000,100,0.9,0.5,0.9,0.5,0.9,3,0.19,1,4,,problem_solving,10
4600,-0.007030447508552826,0.076177,0.008110143681074275,0.684,0.6867792372825697,-1.6644721214347888,[0.         0.         0.         0.         0.95640819 0.         0.         0.         0.         0.         0.         0.         0.         0.         0.         0.         0.         0.         0.         0.         0.         0.         0.         0.         0.         0.01755297 0.         0.01441373 0.         0.         0.0116251 ],[0. 0. 0. 0. 1. 0. 0. 0. 0. 0. 0. 0. 0. 0. 0. 0. 0. 0. 0. 0. 0. 0. 0. 0. 0. 1. 0. 1. 0. 0. 1.],4.0,best,10000,100000,100,0.9,0.5,0.9,0.5,0.9,3,0.19,1,4,,problem_solving,10
4700,-0.007030447508552826,0.076177,0.008110143681074275,0.6880000000000001,0.6827542811744257,-1.061964037620814,[0.         0.         0.         0.         0.95640819 0.         0.         0.         0.         0.         0.         0.         0.         0.         0.         0.         0.         0.         0.         0.         0.         0.         0.         0.         0.         0.01755297 0.         0.01441373 0.         0.         0.0116251 ],[0. 0. 0. 0. 1. 0. 0. 0. 0. 0. 0. 0. 0. 0. 0. 0. 0. 0. 0. 0. 0. 0. 0. 0. 0. 1. 0. 1. 0. 0. 1.],4.0,best,10000,100000,100,0.9,0.5,0.9,0.5,0.9,3,0.19,1,4,,problem_solving,10
4800,-0.007030447508552826,0.076177,0.008110143681074275,0.692,0.6787529138278414,0.5562125008513131,[0.         0.         0.         0.         0.95640819 0.         0.         0.         0.         0.         0.         0.         0.         0.         0.         0.         0.         0.         0.         0.         0.         0.         0.         0.         0.         0.01755297 0.         0.01441373 0.         0.         0.0116251 ],[0. 0. 0. 0. 1. 0. 0. 0. 0. 0. 0. 0. 0. 0. 0. 0. 0. 0. 0. 0. 0. 0. 0. 0. 0. 1. 0. 1. 0. 0. 1.],4.0,best,10000,100000,100,0.9,0.5,0.9,0.5,0.9,3,0.19,1,4,,problem_solving,10
4900,-0.007030447508552826,0.076177,0.008110143681074275,0.696,0.6747749969979128,-3.5723535348834083,[0.         0.         0.         0.         0.95640819 0.         0.         0.         0.         0.         0.         0.         0.         0.         0.         0.         0.         0.         0.         0.         0.         0.         0.         0.         0.         0.01755297 0.         0.01441373 0.         0.         0.0116251 ],[0. 0. 0. 0. 1. 0. 0. 0. 0. 0. 0. 0. 0. 0. 0. 0. 0. 0. 0. 0. 0. 0. 0. 0. 0. 1. 0. 1. 0. 0. 1.],4.0,best,10000,100000,100,0.9,0.5,0.9,0.5,0.9,3,0.19,1,4,,problem_solving,10
5000,-0.007030447508552826,0.076177,0.008110143681074275,0.7,0.6708203932499369,1.4914646734488204,[0.         0.         0.         0.         0.95640819 0.         0.         0.         0.         0.         0.         0.         0.         0.         0.         0.         0.         0.         0.         0.         0.         0.         0.         0.         0.         0.01755297 0.         0.01441373 0.         0.         0.0116251 ],[0. 0. 0. 0. 1. 0. 0. 0. 0. 0. 0. 0. 0. 0. 0. 0. 0. 0. 0. 0. 0. 0. 0. 0. 0. 1. 0. 1. 0. 0. 1.],4.0,best,10000,100000,100,0.9,0.5,0.9,0.5,0.9,3,0.19,1,4,,problem_solving,10
5100,-0.007030447508552826,0.076177,0.008110143681074275,0.704,0.6668889659546647,-0.49064261386957103,[0.         0.         0.         0.         0.95640819 0.         0.         0.         0.         0.         0.         0.         0.         0.         0.         0.         0.         0.         0.         0.         0.         0.         0.         0.         0.         0.01755297 0.         0.01441373 0.         0.         0.0116251 ],[0. 0. 0. 0. 1. 0. 0. 0. 0. 0. 0. 0. 0. 0. 0. 0. 0. 0. 0. 0. 0. 0. 0. 0. 0. 1. 0. 1. 0. 0. 1.],4.0,best,10000,100000,100,0.9,0.5,0.9,0.5,0.9,3,0.19,1,4,,problem_solving,10
5200,-0.007030447508552826,0.076177,0.008110143681074275,0.708,0.6629805792835798,2.185597351376717,[0.         0.         0.         0.         0.95640819 0.         0.         0.         0.         0.         0.         0.         0.         0.         0.         0.         0.         0.         0.         0.         0.         0.         0.         0.         0.         0.01755297 0.         0.01441373 0.         0.         0.0116251 ],[0. 0. 0. 0. 1. 0. 0. 0. 0. 0. 0. 0. 0. 0. 0. 0. 0. 0. 0. 0. 0. 0. 0. 0. 0. 1. 0. 1. 0. 0. 1.],4.0,best,10000,100000,100,0.9,0.5,0.9,0.5,0.9,3,0.19,1,4,,problem_solving,10
5300,-0.007030447508552826,0.076177,0.008110143681074275,0.712,0.6590950982042058,-0.520089392458213,[0.         0.         0.         0.         0.95640819 0.         0.         0.         0.         0.         0.         0.         0.         0.         0.         0.         0.         0.         0.         0.         0.         0.         0.         0.         0.         0.01755297 0.         0.01441373 0.         0.         0.0116251 ],[0. 0. 0. 0. 1. 0. 0. 0. 0. 0. 0. 0. 0. 0. 0. 0. 0. 0. 0. 0. 0. 0. 0. 0. 0. 1. 0. 1. 0. 0. 1.],4.0,best,10000,100000,100,0.9,0.5,0.9,0.5,0.9,3,0.19,1,4,,problem_solving,10
5400,-0.007030447508552826,0.076177,0.008110143681074275,0.716,0.6552323884754414,1.8292708551910892,[0.         0.         0.         0.         0.95640819 0.         0.         0.         0.         0.         0.         0.         0.         0.         0.         0.         0.         0.         0.         0.         0.         0.         0.         0.         0.         0.01755297 0.         0.01441373 0.         0.         0.0116251 ],[0. 0. 0. 0. 1. 0. 0. 0. 0. 0. 0. 0. 0. 0. 0. 0. 0. 0. 0. 0. 0. 0. 0. 0. 0. 1. 0. 1. 0. 0. 1.],4.0,best,10000,100000,100,0.9,0.5,0.9,0.5,0.9,3,0.19,1,4,,problem_solving,10
5500,-0.007030447508552826,0.076177,0.008110143681074275,0.72,0.651392316642922,-1.1745096965085582,[0.         0.         0.         0.         0.95640819 0.         0.         0.         0.         0.         0.         0.         0.         0.         0.         0.         0.         0.         0.         0.         0.         0.         0.         0.         0.         0.01755297 0.         0.01441373 0.         0.         0.0116251 ],[0. 0. 0. 0. 1. 0. 0. 0. 0. 0. 0. 0. 0. 0. 0. 0. 0. 0. 0. 0. 0. 0. 0. 0. 0. 1. 0. 1. 0. 0. 1.],4.0,best,10000,100000,100,0.9,0.5,0.9,0.5,0.9,3,0.19,1,4,,problem_solving,10
5600,-0.007030447508552826,0.076177,0.008110143681074275,0.724,0.6475747500344088,1.1245214985462204,[0.         0.         0.         0.         0.95640819 0.         0.         0.         0.         0.         0.         0.         0.         0.         0.         0.         0.         0.         0.         0.         0.         0.         0.         0.         0.         0.01755297 0.         0.01441373 0.         0.         0.0116251 ],[0. 0. 0. 0. 1. 0. 0. 0. 0. 0. 0. 0. 0. 0. 0. 0. 0. 0. 0. 0. 0. 0. 0. 0. 0. 1. 0. 1. 0. 0. 1.],4.0,best,10000,100000,100,0.9,0.5,0.9,0.5,0.9,3,0.19,1,4,,problem_solving,10
5700,-0.007030447508552826,0.076177,0.008110143681074275,0.728,0.643779556755206,-1.4010716920220467,[0.         0.         0.         0.         0.95640819 0.         0.         0.         0.         0.         0.         0.         0.         0.         0.         0.         0.         0.         0.         0.         0.         0.         0.         0.         0.         0.01755297 0.         0.01441373 0.         0.         0.0116251 ],[0. 0. 0. 0. 1. 0. 0. 0. 0. 0. 0. 0. 0. 0. 0. 0. 0. 0. 0. 0. 0. 0. 0. 0. 0. 1. 0. 1. 0. 0. 1.],4.0,best,10000,100000,100,0.9,0.5,0.9,0.5,0.9,3,0.19,1,4,,problem_solving,10
5800,-0.007030447508552826,0.076177,0.008110143681074275,0.732,0.6400066056836028,2.0720584777806113,[0.         0.         0.         0.         0.95640819 0.         0.         0.         0.         0.         0.         0.         0.         0.         0.         0.         0.         0.         0.         0.         0.         0.         0.         0.         0.         0.01755297 0.         0.01441373 0.         0.         0.0116251 ],[0. 0. 0. 0. 1. 0. 0. 0. 0. 0. 0. 0. 0. 0. 0. 0. 0. 0. 0. 0. 0. 0. 0. 0. 0. 1. 0. 1. 0. 0. 1.],4.0,best,10000,100000,100,0.9,0.5,0.9,0.5,0.9,3,0.19,1,4,,problem_solving,10
5900,-0.007030447508552826,0.076177,0.008110143681074275,0.736,0.6362557664663436,-3.5655797108657783,[0.         0.         0.         0.         0.95640819 0.         0.         0.         0.         0.         0.         0.         0.         0.         0.         0.         0.         0.         0.         0.         0.         0.         0.         0.         0.         0.01755297 0.         0.01441373 0.         0.         0.0116251 ],[0. 0. 0. 0. 1. 0. 0. 0. 0. 0. 0. 0. 0. 0. 0. 0. 0. 0. 0. 0. 0. 0. 0. 0. 0. 1. 0. 1. 0. 0. 1.],4.0,best,10000,100000,100,0.9,0.5,0.9,0.5,0.9,3,0.19,1,4,,problem_solving,10
6000,-0.007030447508552826,0.076177,0.008110143681074275,0.74,0.6325269095141249,-0.4221732741600691,[0.         0.         0.         0.         0.95640819 0.         0.         0.         0.         0.         0.         0.         0.         0.         0.         0.         0.         0.         0.         0.         0.         0.         0.         0.         0.         0.01755297 0.         0.01441373 0.         0.         0.0116251 ],[0. 0. 0. 0. 1. 0. 0. 0. 0. 0. 0. 0. 0. 0. 0. 0. 0. 0. 0. 0. 0. 0. 0. 0. 0. 1. 0. 1. 0. 0. 1.],4.0,best,10000,100000,100,0.9,0.5,0.9,0.5,0.9,3,0.19,1,4,,problem_solving,10
6100,-0.007030447508552826,0.076177,0.008110143681074275,0.744,0.6288199059971172,-1.0134193234463718,[0.         0.         0.         0.         0.95640819 0.         0.         0.         0.         0.         0.         0.         0.         0.         0.         0.         0.         0.         0.         0.         0.         0.         0.         0.         0.         0.01755297 0.         0.01441373 0.         0.         0.0116251 ],[0. 0. 0. 0. 1. 0. 0. 0. 0. 0. 0. 0. 0. 0. 0. 0. 0. 0. 0. 0. 0. 0. 0. 0. 0. 1. 0. 1. 0. 0. 1.],4.0,best,10000,100000,100,0.9,0.5,0.9,0.5,0.9,3,0.19,1,4,,problem_solving,10
6200,-0.007030447508552826,0.076177,0.008110143681074275,0.748,0.6251346278405147,-1.6171446380885213,[0.         0.         0.         0.         0.95640819 0.         0.         0.         0.         0.         0.         0.         0.         0.         0.         0.         0.         0.         0.         0.         0.         0.         0.         0.         0.         0.01755297 0.         0.01441373 0.         0.         0.0116251 ],[0. 0. 0. 0. 1. 0. 0. 0. 0. 0. 0. 0. 0. 0. 0. 0. 0. 0. 0. 0. 0. 0. 0. 0. 0. 1. 0. 1. 0. 0. 1.],4.0,best,10000,100000,100,0.9,0.5,0.9,0.5,0.9,3,0.19,1,4,,problem_solving,10
6300,-0.007030447508552826,0.076177,0.008110143681074275,0.752,0.6214709477201097,-0.2833216546592929,[0.         0.         0.         0.         0.95640819 0.         0.         0.         0.         0.         0.         0.         0.         0.         0.         0.         0.         0.         0.         0.         0.         0.         0.         0.         0.         0.01755297 0.         0.01441373 0.         0.         0.0116251 ],[0. 0. 0. 0. 1. 0. 0. 0. 0. 0. 0. 0. 0. 0. 0. 0. 0. 0. 0. 0. 0. 0. 0. 0. 0. 1. 0. 1. 0. 0. 1.],4.0,best,10000,100000,100,0.9,0.5,0.9,0.5,0.9,3,0.19,1,4,,problem_solving,10
6400,-0.007030447508552826,0.076177,0.008110143681074275,0.756,0.6178287390578946,-3.1323214895154465,[0.         0.         0.         0.         0.95640819 0.         0.         0.         0.         0.         0.         0.         0.         0.         0.         0.         0.         0.         0.         0.         0.         0.         0.         0.         0.         0.01755297 0.         0.01441373 0.         0.         0.0116251 ],[0. 0. 0. 0. 1. 0. 0. 0. 0. 0. 0. 0. 0. 0. 0. 0. 0. 0. 0. 0. 0. 0. 0. 0. 0. 1. 0. 1. 0. 0. 1.],4.0,best,10000,100000,100,0.9,0.5,0.9,0.5,0.9,3,0.19,1,4,,problem_solving,10
6500,-0.007030447508552826,0.076177,0.008110143681074275,0.76,0.6142078760176876,-2.6965285505419345,[0.         0.         0.         0.         0.95640819 0.         0.         0.         0.         0.         0.         0.         0.         0.         0.         0.         0.         0.         0.         0.         0.         0.         0.         0.         0.         0.01755297 0.         0.01441373 0.         0.         0.0116251 ],[0. 0. 0. 0. 1. 0. 0. 0. 0. 0. 0. 0. 0. 0. 0. 0. 0. 0. 0. 0. 0. 0. 0. 0. 0. 1. 0. 1. 0. 0. 1.],4.0,best,10000,100000,100,0.9,0.5,0.9,0.5,0.9,3,0.19,1,4,,problem_solving,10
6600,-0.007030447508552826,0.076177,0.008110143681074275,0.764,0.6106082335007861,1.9978915121741754,[0.         0.         0.         0.         0.95640819 0.         0.         0.         0.         0.         0.         0.         0.         0.         0.         0.         0.         0.         0.         0.         0.         0.         0.         0.         0.         0.01755297 0.         0.01441373 0.         0.         0.0116251 ],[0. 0. 0. 0. 1. 0. 0. 0. 0. 0. 0. 0. 0. 0. 0. 0. 0. 0. 0. 0. 0. 0. 0. 0. 0. 1. 0. 1. 0. 0. 1.],4.0,best,10000,100000,100,0.9,0.5,0.9,0.5,0.9,3,0.19,1,4,,problem_solving,10
6700,-0.007030447508552826,0.076177,0.008110143681074275,0.768,0.6070296871416437,1.5656712254757141,[0.         0.         0.         0.         0.95640819 0.         0.         0.         0.         0.         0.         0.         0.         0.         0.         0.         0.         0.         0.         0.         0.         0.         0.         0.         0.         0.01755297 0.         0.01441373 0.         0.         0.0116251 ],[0. 0. 0. 0. 1. 0. 0. 0. 0. 0. 0. 0. 0. 0. 0. 0. 0. 0. 0. 0. 0. 0. 0. 0. 0. 1. 0. 1. 0. 0. 1.],4.0,best,10000,100000,100,0.9,0.5,0.9,0.5,0.9,3,0.19,1,4,,problem_solving,10
6800,-0.007030447508552826,0.076177,0.008110143681074275,0.772,0.6034721133035746,0.37036120733767564,[0.         0.         0.         0.         0.95640819 0.         0.         0.         0.         0.         0.         0.         0.         0.         0.         0.         0.         0.         0.         0.         0.         0.         0.         0.         0.         0.01755297 0.         0.01441373 0.         0.         0.0116251 ],[0. 0. 0. 0. 1. 0. 0. 0. 0. 0. 0. 0. 0. 0. 0. 0. 0. 0. 0. 0. 0. 0. 0. 0. 0. 1. 0. 1. 0. 0. 1.],4.0,best,10000,100000,100,0.9,0.5,0.9,0.5,0.9,3,0.19,1,4,,problem_solving,10
6900,-0.007030447508552826,0.076177,0.008110143681074275,0.776,0.5999353890744809,0.3396925783603852,[0.         0.         0.         0.         0.95640819 0.         0.         0.         0.         0.         0.         0.         0.         0.         0.         0.         0.         0.         0.         0.         0.         0.         0.         0.         0.         0.01755297 0.         0.01441373 0.         0.         0.0116251 ],[0. 0. 0. 0. 1. 0. 0. 0. 0. 0. 0. 0. 0. 0. 0. 0. 0. 0. 0. 0. 0. 0. 0. 0. 0. 1. 0. 1. 0. 0. 1.],4.0,best,10000,100000,100,0.9,0.5,0.9,0.5,0.9,3,0.19,1,4,,problem_solving,10
7000,-0.007030447508552826,0.076177,0.008110143681074275,0.78,0.5964193922626064,-4.488080865425123,[0.         0.         0.         0.         0.95640819 0.         0.         0.         0.         0.         0.         0.         0.         0.         0.         0.         0.         0.         0.         0.         0.         0.         0.         0.         0.         0.01755297 0.         0.01441373 0.         0.         0.0116251 ],[0. 0. 0. 0. 1. 0. 0. 0. 0. 0. 0. 0. 0. 0. 0. 0. 0. 0. 0. 0. 0. 0. 0. 0. 0. 1. 0. 1. 0. 0. 1.],4.0,best,10000,100000,100,0.9,0.5,0.9,0.5,0.9,3,0.19,1,4,,problem_solving,10
7100,-0.007030447508552826,0.076177,0.008110143681074275,0.784,0.5929240013923155,0.020069259142716622,[0.         0.         0.         0.         0.95640819 0.         0.         0.         0.         0.         0.         0.         0.         0.         0.         0.         0.         0.         0.         0.         0.         0.         0.         0.         0.         0.01755297 0.         0.01441373 0.         0.         0.0116251 ],[0. 0. 0. 0. 1. 0. 0. 0. 0. 0. 0. 0. 0. 0. 0. 0. 0. 0. 0. 0. 0. 0. 0. 0. 0. 1. 0. 1. 0. 0. 1.],4.0,best,10000,100000,100,0.9,0.5,0.9,0.5,0.9,3,0.19,1,4,,problem_solving,10
7200,-0.007030447508552826,0.076177,0.008110143681074275,0.788,0.5894490956998952,-0.26416114530639995,[0.         0.         0.         0.         0.95640819 0.         0.         0.         0.         0.         0.         0.         0.         0.         0.         0.         0.         0.         0.         0.         0.         0.         0.         0.         0.         0.01755297 0.         0.01441373 0.         0.         0.0116251 ],[0. 0. 0. 0. 1. 0. 0. 0. 0. 0. 0. 0. 0. 0. 0. 0. 0. 0. 0. 0. 0. 0. 0. 0. 0. 1. 0. 1. 0. 0. 1.],4.0,best,10000,100000,100,0.9,0.5,0.9,0.5,0.9,3,0.19,1,4,,problem_solving,10
7300,-0.007030447508552826,0.076177,0.008110143681074275,0.792,0.5859945551293843,0.38404355167404863,[0.         0.         0.         0.         0.95640819 0.         0.         0.         0.         0.         0.         0.         0.         0.         0.         0.         0.         0.         0.         0.         0.         0.         0.         0.         0.         0.01755297 0.         0.01441373 0.         0.         0.0116251 ],[0. 0. 0. 0. 1. 0. 0. 0. 0. 0. 0. 0. 0. 0. 0. 0. 0. 0. 0. 0. 0. 0. 0. 0. 0. 1. 0. 1. 0. 0. 1.],4.0,best,10000,100000,100,0.9,0.5,0.9,0.5,0.9,3,0.19,1,4,,problem_solving,10
7400,-0.007030447508552826,0.076177,0.008110143681074275,0.796,0.5825602603284237,0.29786398641951756,[0.         0.         0.         0.         0.95640819 0.         0.         0.         0.         0.         0.         0.         0.         0.         0.         0.         0.         0.         0.         0.         0.         0.         0.         0.         0.         0.01755297 0.         0.01441373 0.         0.         0.0116251 ],[0. 0. 0. 0. 1. 0. 0. 0. 0. 0. 0. 0. 0. 0. 0. 0. 0. 0. 0. 0. 0. 0. 0. 0. 0. 1. 0. 1. 0. 0. 1.],4.0,best,10000,100000,100,0.9,0.5,0.9,0.5,0.9,3,0.19,1,4,,problem_solving,10
7500,-0.007030447508552826,0.076177,0.008110143681074275,0.8,0.5791460926441345,0.4600603060477225,[0.         0.         0.         0.         0.95640819 0.         0.         0.         0.         0.         0.         0.         0.         0.         0.         0.         0.         0.         0.         0.         0.         0.         0.         0.         0.         0.01755297 0.         0.01441373 0.         0.         0.0116251 ],[0. 0. 0. 0. 1. 0. 0. 0. 0. 0. 0. 0. 0. 0. 0. 0. 0. 0. 0. 0. 0. 0. 0. 0. 0. 1. 0. 1. 0. 0. 1.],4.0,best,10000,100000,100,0.9,0.5,0.9,0.5,0.9,3,0.19,1,4,,problem_solving,10
7600,-0.007030447508552826,0.076177,0.008110143681074275,0.804,0.5757519341190179,4.333670697955649,[0.         0.         0.         0.         0.95640819 0.         0.         0.         0.         0.         0.         0.         0.         0.         0.         0.         0.         0.         0.         0.         0.         0.         0.         0.         0.         0.01755297 0.         0.01441373 0.         0.         0.0116251 ],[0. 0. 0. 0. 1. 0. 0. 0. 0. 0. 0. 0. 0. 0. 0. 0. 0. 0. 0. 0. 0. 0. 0. 0. 0. 1. 0. 1. 0. 0. 1.],4.0,best,10000,100000,100,0.9,0.5,0.9,0.5,0.9,3,0.19,1,4,,problem_solving,10
7700,-0.007030447508552826,0.076177,0.008110143681074275,0.808,0.5723776674868795,1.7232499420236829,[0.         0.         0.         0.         0.95640819 0.         0.         0.         0.         0.         0.         0.         0.         0.         0.         0.         0.         0.         0.         0.         0.         0.         0.         0.         0.         0.01755297 0.         0.01441373 0.         0.         0.0116251 ],[0. 0. 0. 0. 1. 0. 0. 0. 0. 0. 0. 0. 0. 0. 0. 0. 0. 0. 0. 0. 0. 0. 0. 0. 0. 1. 0. 1. 0. 0. 1.],4.0,best,10000,100000,100,0.9,0.5,0.9,0.5,0.9,3,0.19,1,4,,problem_solving,10
7800,-0.007030447508552826,0.076177,0.008110143681074275,0.812,0.5690231761687783,-1.3964184273018267,[0.         0.         0.         0.         0.95640819 0.         0.         0.         0.         0.         0.         0.         0.         0.         0.         0.         0.         0.         0.         0.         0.         0.         0.         0.         0.         0.01755297 0.         0.01441373 0.         0.         0.0116251 ],[0. 0. 0. 0. 1. 0. 0. 0. 0. 0. 0. 0. 0. 0. 0. 0. 0. 0. 0. 0. 0. 0. 0. 0. 0. 1. 0. 1. 0. 0. 1.],4.0,best,10000,100000,100,0.9,0.5,0.9,0.5,0.9,3,0.19,1,4,,problem_solving,10
7900,-0.007030447508552826,0.076177,0.008110143681074275,0.8160000000000001,0.5656883442689989,1.8491458483162035,[0.         0.         0.         0.         0.95640819 0.         0.         0.         0.         0.         0.         0.         0.         0.         0.         0.         0.         0.         0.         0.         0.         0.         0.         0.         0.         0.01755297 0.         0.01441373 0.         0.         0.0116251 ],[0. 0. 0. 0. 1. 0. 0. 0. 0. 0. 0. 0. 0. 0. 0. 0. 0. 0. 0. 0. 0. 0. 0. 0. 0. 1. 0. 1. 0. 0. 1.],4.0,best,10000,100000,100,0.9,0.5,0.9,0.5,0.9,3,0.19,1,4,,problem_solving,10
8000,-0.007030447508552826,0.076177,0.008110143681074275,0.8200000000000001,0.5623730565710474,-0.5213583523330277,[0.         0.         0.         0.         0.95640819 0.         0.         0.         0.         0.         0.         0.         0.         0.         0.         0.         0.         0.         0.         0.         0.         0.         0.         0.         0.         0.01755297 0.         0.01441373 0.         0.         0.0116251 ],[0. 0. 0. 0. 1. 0. 0. 0. 0. 0. 0. 0. 0. 0. 0. 0. 0. 0. 0. 0. 0. 0. 0. 0. 0. 1. 0. 1. 0. 0. 1.],4.0,best,10000,100000,100,0.9,0.5,0.9,0.5,0.9,3,0.19,1,4,,problem_solving,10
8100,-0.007030447508552826,0.076177,0.008110143681074275,0.8240000000000001,0.5590771985336705,-1.0042103586587434,[0.         0.         0.         0.         0.95640819 0.         0.         0.         0.         0.         0.         0.         0.         0.         0.         0.         0.         0.         0.         0.         0.         0.         0.         0.         0.         0.01755297 0.         0.01441373 0.         0.         0.0116251 ],[0. 0. 0. 0. 1. 0. 0. 0. 0. 0. 0. 0. 0. 0. 0. 0. 0. 0. 0. 0. 0. 0. 0. 0. 0. 1. 0. 1. 0. 0. 1.],4.0,best,10000,100000,100,0.9,0.5,0.9,0.5,0.9,3,0.19,1,4,,problem_solving,10
8200,-0.007030447508552826,0.076177,0.008110143681074275,0.8280000000000001,0.5558006562868987,2.235875201885182,[0.         0.         0.         0.         0.95640819 0.         0.         0.         0.         0.         0.         0.         0.         0.         0.         0.         0.         0.         0.         0.         0.         0.         0.         0.         0.         0.01755297 0.         0.01441373 0.         0.         0.0116251 ],[0. 0. 0. 0. 1. 0. 0. 0. 0. 0. 0. 0. 0. 0. 0. 0. 0. 0. 0. 0. 0. 0. 0. 0. 0. 1. 0. 1. 0. 0. 1.],4.0,best,10000,100000,100,0.9,0.5,0.9,0.5,0.9,3,0.19,1,4,,problem_solving,10
8300,-0.007030447508552826,0.076177,0.008110143681074275,0.8320000000000001,0.5525433166281111,-0.1992550572116937,[0.         0.         0.         0.         0.95640819 0.         0.         0.         0.         0.         0.         0.         0.         0.         0.         0.         0.         0.         0.         0.         0.         0.         0.         0.         0.         0.01755297 0.         0.01441373 0.         0.         0.0116251 ],[0. 0. 0. 0. 1. 0. 0. 0. 0. 0. 0. 0. 0. 0. 0. 0. 0. 0. 0. 0. 0. 0. 0. 0. 0. 1. 0. 1. 0. 0. 1.],4.0,best,10000,100000,100,0.9,0.5,0.9,0.5,0.9,3,0.19,1,4,,problem_solving,10
8400,-0.007030447508552826,0.076177,0.008110143681074275,0.8360000000000001,0.5493050670181255,0.07640635831915832,[0.         0.         0.         0.         0.95640819 0.         0.         0.         0.         0.         0.         0.         0.         0.         0.         0.         0.         0.         0.         0.         0.         0.         0.         0.         0.         0.01755297 0.         0.01441373 0.         0.         0.0116251 ],[0. 0. 0. 0. 1. 0. 0. 0. 0. 0. 0. 0. 0. 0. 0. 0. 0. 0. 0. 0. 0. 0. 0. 0. 0. 1. 0. 1. 0. 0. 1.],4.0,best,10000,100000,100,0.9,0.5,0.9,0.5,0.9,3,0.19,1,4,,problem_solving,10
8500,-0.007030447508552826,0.076177,0.008110143681074275,0.8400000000000001,0.5460857955773097,-0.7636611782024744,[0.         0.         0.         0.         0.95640819 0.         0.         0.         0.         0.         0.         0.         0.         0.         0.         0.         0.         0.         0.         0.         0.         0.         0.         0.         0.         0.01755297 0.         0.01441373 0.         0.         0.0116251 ],[0. 0. 0. 0. 1. 0. 0. 0. 0. 0. 0. 0. 0. 0. 0. 0. 0. 0. 0. 0. 0. 0. 0. 0. 0. 1. 0. 1. 0. 0. 1.],4.0,best,10000,100000,100,0.9,0.5,0.9,0.5,0.9,3,0.19,1,4,,problem_solving,10
8600,-0.007030447508552826,0.076177,0.008110143681074275,0.8440000000000001,0.542885391081716,-1.710868851925375,[0.         0.         0.         0.         0.95640819 0.         0.         0.         0.         0.         0.         0.         0.         0.         0.         0.         0.         0.         0.         0.         0.         0.         0.         0.         0.         0.01755297 0.         0.01441373 0.         0.         0.0116251 ],[0. 0. 0. 0. 1. 0. 0. 0. 0. 0. 0. 0. 0. 0. 0. 0. 0. 0. 0. 0. 0. 0. 0. 0. 0. 1. 0. 1. 0. 0. 1.],4.0,best,10000,100000,100,0.9,0.5,0.9,0.5,0.9,3,0.19,1,4,,problem_solving,10
8700,-0.007030447508552826,0.076177,0.008110143681074275,0.8480000000000001,0.5397037429592386,1.2125987576109678,[0.         0.         0.         0.         0.95640819 0.         0.         0.         0.         0.         0.         0.         0.         0.         0.         0.         0.         0.         0.         0.         0.         0.         0.         0.         0.         0.01755297 0.         0.01441373 0.         0.         0.0116251 ],[0. 0. 0. 0. 1. 0. 0. 0. 0. 0. 0. 0. 0. 0. 0. 0. 0. 0. 0. 0. 0. 0. 0. 0. 0. 1. 0. 1. 0. 0. 1.],4.0,best,10000,100000,100,0.9,0.5,0.9,0.5,0.9,3,0.19,1,4,,problem_solving,10
8800,-0.007030447508552826,0.076177,0.008110143681074275,0.8520000000000001,0.5365407412857937,1.751944628554885,[0.         0.         0.         0.         0.95640819 0.         0.         0.         0.         0.         0.         0.         0.         0.         0.         0.         0.         0.         0.         0.         0.         0.         0.         0.         0.         0.01755297 0.         0.01441373 0.         0.         0.0116251 ],[0. 0. 0. 0. 1. 0. 0. 0. 0. 0. 0. 0. 0. 0. 0. 0. 0. 0. 0. 0. 0. 0. 0. 0. 0. 1. 0. 1. 0. 0. 1.],4.0,best,10000,100000,100,0.9,0.5,0.9,0.5,0.9,3,0.19,1,4,,problem_solving,10
8900,-0.007030447508552826,0.076177,0.008110143681074275,0.8560000000000001,0.5333962767815211,1.2428633269027245,[0.         0.         0.         0.         0.95640819 0.         0.         0.         0.         0.         0.         0.         0.         0.         0.         0.         0.         0.         0.         0.         0.         0.         0.         0.         0.         0.01755297 0.         0.01441373 0.         0.         0.0116251 ],[0. 0. 0. 0. 1. 0. 0. 0. 0. 0. 0. 0. 0. 0. 0. 0. 0. 0. 0. 0. 0. 0. 0. 0. 0. 1. 0. 1. 0. 0. 1.],4.0,best,10000,100000,100,0.9,0.5,0.9,0.5,0.9,3,0.19,1,4,,problem_solving,10
9000,-0.007030447508552826,0.076177,0.008110143681074275,0.8600000000000001,0.5302702408070095,1.187464147249952,[0.         0.         0.         0.         0.95640819 0.         0.         0.         0.         0.         0.         0.         0.         0.         0.         0.         0.         0.         0.         0.         0.         0.         0.         0.         0.         0.01755297 0.         0.01441373 0.         0.         0.0116251 ],[0. 0. 0. 0. 1. 0. 0. 0. 0. 0. 0. 0. 0. 0. 0. 0. 0. 0. 0. 0. 0. 0. 0. 0. 0. 1. 0. 1. 0. 0. 1.],4.0,best,10000,100000,100,0.9,0.5,0.9,0.5,0.9,3,0.19,1,4,,problem_solving,10
9100,-0.007030447508552826,0.076177,0.008110143681074275,0.8640000000000001,0.5271625253595416,-0.7865158485436553,[0.         0.         0.         0.         0.95640819 0.         0.         0.         0.         0.         0.         0.         0.         0.         0.         0.         0.         0.         0.         0.         0.         0.         0.         0.         0.         0.01755297 0.         0.01441373 0.         0.         0.0116251 ],[0. 0. 0. 0. 1. 0. 0. 0. 0. 0. 0. 0. 0. 0. 0. 0. 0. 0. 0. 0. 0. 0. 0. 0. 0. 1. 0. 1. 0. 0. 1.],4.0,best,10000,100000,100,0.9,0.5,0.9,0.5,0.9,3,0.19,1,4,,problem_solving,10
9200,-0.007030447508552826,0.076177,0.008110143681074275,0.8680000000000001,0.5240730230693647,-0.7897460012870018,[0.         0.         0.         0.         0.95640819 0.         0.         0.         0.         0.         0.         0.         0.         0.         0.         0.         0.         0.         0.         0.         0.         0.         0.         0.         0.         0.01755297 0.         0.01441373 0.         0.         0.0116251 ],[0. 0. 0. 0. 1. 0. 0. 0. 0. 0. 0. 0. 0. 0. 0. 0. 0. 0. 0. 0. 0. 0. 0. 0. 0. 1. 0. 1. 0. 0. 1.],4.0,best,10000,100000,100,0.9,0.5,0.9,0.5,0.9,3,0.19,1,4,,problem_solving,10
9300,-0.007030447508552826,0.076177,0.008110143681074275,0.8720000000000001,0.5210016271959791,-1.515803371905934,[0.         0.         0.         0.         0.95640819 0.         0.         0.         0.         0.         0.         0.         0.         0.         0.         0.         0.         0.         0.         0.         0.         0.         0.         0.         0.         0.01755297 0.         0.01441373 0.         0.         0.0116251 ],[0. 0. 0. 0. 1. 0. 0. 0. 0. 0. 0. 0. 0. 0. 0. 0. 0. 0. 0. 0. 0. 0. 0. 0. 0. 1. 0. 1. 0. 0. 1.],4.0,best,10000,100000,100,0.9,0.5,0.9,0.5,0.9,3,0.19,1,4,,problem_solving,10
9400,-0.007030447508552826,0.076177,0.008110143681074275,0.8760000000000001,0.5179482316244518,3.3046261214723405,[0.         0.         0.         0.         0.95640819 0.         0.         0.         0.         0.         0.         0.         0.         0.         0.         0.         0.         0.         0.         0.         0.         0.         0.         0.         0.         0.01755297 0.         0.01441373 0.         0.         0.0116251 ],[0. 0. 0. 0. 1. 0. 0. 0. 0. 0. 0. 0. 0. 0. 0. 0. 0. 0. 0. 0. 0. 0. 0. 0. 0. 1. 0. 1. 0. 0. 1.],4.0,best,10000,100000,100,0.9,0.5,0.9,0.5,0.9,3,0.19,1,4,,problem_solving,10
9500,-0.007030447508552826,0.076177,0.008110143681074275,0.88,0.5149127308617497,-3.288929043324787,[0.         0.         0.         0.         0.95640819 0.         0.         0.         0.         0.         0.         0.         0.         0.         0.         0.         0.         0.         0.         0.         0.         0.         0.         0.         0.         0.01755297 0.         0.01441373 0.         0.         0.0116251 ],[0. 0. 0. 0. 1. 0. 0. 0. 0. 0. 0. 0. 0. 0. 0. 0. 0. 0. 0. 0. 0. 0. 0. 0. 0. 1. 0. 1. 0. 0. 1.],4.0,best,10000,100000,100,0.9,0.5,0.9,0.5,0.9,3,0.19,1,4,,problem_solving,10
9600,-0.007030447508552826,0.076177,0.008110143681074275,0.884,0.5118950200330946,0.39800158856425893,[0.         0.         0.         0.         0.95640819 0.         0.         0.         0.         0.         0.         0.         0.         0.         0.         0.         0.         0.         0.         0.         0.         0.         0.         0.         0.         0.01755297 0.         0.01441373 0.         0.         0.0116251 ],[0. 0. 0. 0. 1. 0. 0. 0. 0. 0. 0. 0. 0. 0. 0. 0. 0. 0. 0. 0. 0. 0. 0. 0. 0. 1. 0. 1. 0. 0. 1.],4.0,best,10000,100000,100,0.9,0.5,0.9,0.5,0.9,3,0.19,1,4,,problem_solving,10
9700,-0.007030447508552826,0.076177,0.008110143681074275,0.888,0.5088949948783402,-0.7585041926724531,[0.         0.         0.         0.         0.95640819 0.         0.         0.         0.         0.         0.         0.         0.         0.         0.         0.         0.         0.         0.         0.         0.         0.         0.         0.         0.         0.01755297 0.         0.01441373 0.         0.         0.0116251 ],[0. 0. 0. 0. 1. 0. 0. 0. 0. 0. 0. 0. 0. 0. 0. 0. 0. 0. 0. 0. 0. 0. 0. 0. 0. 1. 0. 1. 0. 0. 1.],4.0,best,10000,100000,100,0.9,0.5,0.9,0.5,0.9,3,0.19,1,4,,problem_solving,10
9800,-0.007030447508552826,0.076177,0.008110143681074275,0.892,0.5059125517483702,-0.5577966252906209,[0.         0.         0.         0.         0.95640819 0.         0.         0.         0.         0.         0.         0.         0.         0.         0.         0.         0.         0.         0.         0.         0.         0.         0.         0.         0.         0.01755297 0.         0.01441373 0.         0.         0.0116251 ],[0. 0. 0. 0. 1. 0. 0. 0. 0. 0. 0. 0. 0. 0. 0. 0. 0. 0. 0. 0. 0. 0. 0. 0. 0. 1. 0. 1. 0. 0. 1.],4.0,best,10000,100000,100,0.9,0.5,0.9,0.5,0.9,3,0.19,1,4,,problem_solving,10
9900,-0.007030447508552826,0.076177,0.008110143681074275,0.896,0.5029475876015165,2.280244545334655,[0.         0.         0.         0.         0.95640819 0.         0.         0.         0.         0.         0.         0.         0.         0.         0.         0.         0.         0.         0.         0.         0.         0.         0.         0.         0.         0.01755297 0.         0.01441373 0.         0.         0.0116251 ],[0. 0. 0. 0. 1. 0. 0. 0. 0. 0. 0. 0. 0. 0. 0. 0. 0. 0. 0. 0. 0. 0. 0. 0. 0. 1. 0. 1. 0. 0. 1.],4.0,best,10000,100000,100,0.9,0.5,0.9,0.5,0.9,3,0.19,1,4,,problem_solving,10
9999,-0.007030447508552826,0.076177,0.008110143681074275,0.8999600000000001,0.500029390196995,3.344933984520002,[0.         0.         0.         0.         0.95640819 0.         0.         0.         0.         0.         0.         0.         0.         0.         0.         0.         0.         0.         0.         0.         0.         0.         0.         0.         0.         0.01755297 0.         0.01441373 0.         0.         0.0116251 ],[0. 0. 0. 0. 1. 0. 0. 0. 0. 0. 0. 0. 0. 0. 0. 0. 0. 0. 0. 0. 0. 0. 0. 0. 0. 1. 0. 1. 0. 0. 1.],4.0,best,10000,100000,100,0.9,0.5,0.9,0.5,0.9,3,0.19,1,4,,problem_solving,10
