iter,cost,risk,return,par,bw,move,X,Z,Q,pop_init,max_iter,pop_size,mem_size,mem_consider,par_min,par_max,bw_min,bw_max,sigma,lambda,port_n,k,seed,tag,local_search
1,0.012417252485111014,0.131254,0.0032270964259443705,0.50004,0.8999471007548476,-1.1664305287717205,[0.         0.         0.         0.         0.89145618 0.         0.         0.         0.         0.         0.         0.         0.         0.         0.         0.01320691 0.         0.         0.01589541 0.         0.         0.01320691 0.         0.         0.01320691 0.01320691 0.         0.01445942 0.         0.         0.02536135],[0. 0. 0. 0. 1. 0. 0. 0. 0. 0. 0. 0. 0. 0. 0. 1. 0. 0. 1. 0. 0. 1. 0. 0. 1. 1. 0. 1. 0. 0. 1.],8.0,best,10000,100000,100,0.9,0.5,0.9,0.5,0.9,3,0.41,1,8,,problem_solving,10
100,0.004958970870782196,0.125571,0.004440515105158696,0.504,0.894725436791504,-3.1419684789333457,[0.01315454 0.         0.         0.         0.89474408 0.         0.         0.         0.         0.         0.02691132 0.         0.         0.         0.         0.01337288 0.01315454 0.01357729 0.         0.         0.         0.         0.         0.         0.         0.01358386 0.         0.         0.         0.         0.01150148],[1. 0. 0. 0. 1. 0. 0. 0. 0. 0. 1. 0. 0. 0. 0. 1. 1. 1. 0. 0. 0. 0. 0. 0. 0. 1. 0. 0. 0. 0. 1.],8.0,best,10000,100000,100,0.9,0.5,0.9,0.5,0.9,3,0.41,1,8,,problem_solving,10
200,0.004958970870782196,0.125571,0.004440515105158696,0.508,0.8894817858241639,-0.619063913934205,[0.01315454 0.         0.         0.         0.89474408 0.         0.         0.         0.         0.         0.02691132 0.         0.         0.         0.         0.01337288 0.01315454 0.01357729 0.         0.         0.         0.         0.         0.         0.         0.01358386 0.         0.         0.         0.         0.01150148],[1. 0. 0. 0. 1. 0. 0. 0. 0. 0. 1. 0. 0. 0. 0. 1. 1. 1. 0. 0. 0. 0. 0. 0. 0. 1. 0. 0. 0. 0. 1.],8.0,best,10000,100000,100,0.9,0.5,0.9,0.5,0.9,3,0.41,1,8,,problem_solving,10
300,0.004958970870782196,0.125571,0.004440515105158696,0.512,0.8842688659329022,-1.4944246448309237,[0.01315454 0.         0.         0.         0.89474408 0.         0.         0.         0.         0.         0.02691132 0.         0.         0.         0.         0.01337288 0.01315454 0.01357729 0.         0.         0.         0.         0.         0.         0.         0.01358386 0.         0.         0.         0.         0.01150148],[1. 0. 0. 0. 1. 0. 0. 0. 0. 0. 1. 0. 0. 0. 0. 1. 1. 1. 0. 0. 0. 0. 0. 0. 0. 1. 0. 0. 0. 0. 1.],8.0,best,10000,100000,100,0.9,0.5,0.9,0.5,0.9,3,0.41,1,8,,problem_solving,10
400,0.004958970870782196,0.125571,0.004440515105158696,0.516,0.879086497014382,-4.284877111915869,[0.01315454 0.         0.         0.         0.89474408 0.         0.         0.         0.         0.         0.02691132 0.         0.         0.         0.         0.01337288 0.01315454 0.01357729 0.         0.         0.         0.         0.         0.         0.         0.01358386 0.         0.         0.         0.         0.01150148],[1. 0. 0. 0. 1. 0. 0. 0. 0. 0. 1. 0. 0. 0. 0. 1. 1. 1. 0. 0. 0. 0. 0. 0. 0. 1. 0. 0. 0. 0. 1.],8.0,best,10000,100000,100,0.9,0.5,0.9,0.5,0.9,3,0.41,1,8,,problem_solving,10
500,0.004958970870782196,0.125571,0.004440515105158696,0.52,0.8739345000207845,-0.3557793851886684,[0.01315454 0.         0.         0.         0.89474408 0.         0.         0.         0.         0.         0.02691132 0.         0.         0.         0.         0.01337288 0.01315454 0.01357729 0.         0.         0.         0.         0.         0.         0.         0.01358386 0.         0.         0.         0.         0.01150148],[1. 0. 0. 0. 1. 0. 0. 0. 0. 0. 1. 0. 0. 0. 0. 1. 1. 1. 0. 0. 0. 0. 0. 0. 0. 1. 0. 0. 0. 0. 1.],8.0,best,10000,100000,100,0.9,0.5,0.9,0.5,0.9,3,0.41,1,8,,problem_solving,10
600,0.004958970870782196,0.125571,0.004440515105158696,0.524,0.8688126969536234,-1.9978822478137506,[0.01315454 0.         0.         0.         0.89474408 0.         0.         0.         0.         0.         0.02691132 0.         0.         0.         0.         0.01337288 0.01315454 0.01357729 0.         0.         0.         0.         0.         0.         0.         0.01358386 0.         0.         0.         0.         0.01150148],[1. 0. 0. 0. 1. 0. 0. 0. 0. 0. 1. 0. 0. 0. 0. 1. 1. 1. 0. 0. 0. 0. 0. 0. 0. 1. 0. 0. 0. 0. 1.],8.0,best,10000,100000,100,0.9,0.5,0.9,0.5,0.9,3,0.41,1,8,,problem_solving,10
700,0.004958970870782196,0.125571,0.004440515105158696,0.528,0.8637209108575947,-2.7231393404514463,[0.01315454 0.         0.         0.         0.89474408 0.         0.         0.         0.         0.         0.02691132 0.         0.         0.         0.         0.01337288 0.01315454 0.01357729 0.         0.         0.         0.         0.         0.         0.         0.01358386 0.         0.         0.         0.         0.01150148],[1. 0. 0. 0. 1. 0. 0. 0. 0. 0. 1. 0. 0. 0. 0. 1. 1. 1. 0. 0. 0. 0. 0. 0. 0. 1. 0. 0. 0. 0. 1.],8.0,best,10000,100000,100,0.9,0.5,0.9,0.5,0.9,3,0.41,1,8,,problem_solving,10
800,0.004545542045242082,0.130909,0.00428975626241405,0.532,0.8586589658144633,-2.1519796023102926,[0.         0.         0.01407302 0.         0.90514965 0.         0.         0.         0.         0.         0.         0.01451366 0.         0.         0.         0.01354425 0.         0.         0.         0.         0.         0.01175225 0.         0.         0.         0.0156707  0.         0.01175225 0.         0.         0.01354425],[0. 0. 1. 0. 1. 0. 0. 0. 0. 0. 0. 1. 0. 0. 0. 1. 0. 0. 0. 0. 0. 1. 0. 0. 0. 1. 0. 1. 0. 0. 1.],8.0,best,10000,100000,100,0.9,0.5,0.9,0.5,0.9,3,0.41,1,8,,problem_solving,10
900,0.004545542045242082,0.130909,0.00428975626241405,0.536,0.8536266869369854,-3.0330050647669045,[0.         0.         0.01407302 0.         0.90514965 0.         0.         0.         0.         0.         0.         0.01451366 0.         0.         0.         0.01354425 0.         0.         0.         0.         0.         0.01175225 0.         0.         0.         0.0156707  0.         0.01175225 0.         0.         0.01354425],[0. 0. 1. 0. 1. 0. 0. 0. 0. 0. 0. 1. 0. 0. 0. 1. 0. 0. 0. 0. 0. 1. 0. 0. 0. 1. 0. 1. 0. 0. 1.],8.0,best,10000,100000,100,0.9,0.5,0.9,0.5,0.9,3,0.41,1,8,,problem_solving,10
1000,0.004545542045242082,0.130909,0.00428975626241405,0.54,0.8486239003628652,-5.070739720580198,[0.         0.         0.01407302 0.         0.90514965 0.         0.         0.         0.         0.         0.         0.01451366 0.         0.         0.         0.01354425 0.         0.         0.         0.         0.         0.01175225 0.         0.         0.         0.0156707  0.         0.01175225 0.         0.         0.01354425],[0. 0. 1. 0. 1. 0. 0. 0. 0. 0. 0. 1. 0. 0. 0. 1. 0. 0. 0. 0. 0. 1. 0. 0. 0. 1. 0. 1. 0. 0. 1.],8.0,best,10000,100000,100,0.9,0.5,0.9,0.5,0.9,3,0.41,1,8,,problem_solving,10
1100,0.004545542045242082,0.130909,0.00428975626241405,0.544,0.8436504332487491,-1.119065081793797,[0.         0.         0.01407302 0.         0.90514965 0.         0.         0.         0.         0.         0.         0.01451366 0.         0.         0.         0.01354425 0.         0.         0.         0.         0.         0.01175225 0.         0.         0.         0.0156707  0.         0.01175225 0.         0.         0.01354425],[0. 0. 1. 0. 1. 0. 0. 0. 0. 0. 0. 1. 0. 0. 0. 1. 0. 0. 0. 0. 0. 1. 0. 0. 0. 1. 0. 1. 0. 0. 1.],8.0,best,10000,100000,100,0.9,0.5,0.9,0.5,0.9,3,0.41,1,8,,problem_solving,10
1200,0.004545542045242082,0.130909,0.00428975626241405,0.548,0.838706113764254,-2.674681364562023,[0.         0.         0.01407302 0.         0.90514965 0.         0.         0.         0.         0.         0.         0.01451366 0.         0.         0.         0.01354425 0.         0.         0.         0.         0.         0.01175225 0.         0.         0.         0.0156707  0.         0.01175225 0.         0.         0.01354425],[0. 0. 1. 0. 1. 0. 0. 0. 0. 0. 0. 1. 0. 0. 0. 1. 0. 0. 0. 0. 0. 1. 0. 0. 0. 1. 0. 1. 0. 0. 1.],8.0,best,10000,100000,100,0.9,0.5,0.9,0.5,0.9,3,0.41,1,8,,problem_solving,10
1300,0.004545542045242082,0.130909,0.00428975626241405,0.552,0.83379077108603,-0.5360557568303516,[0.         0.         0.01407302 0.         0.90514965 0.         0.         0.         0.         0.         0.         0.01451366 0.         0.         0.         0.01354425 0.         0.         0.         0.         0.         0.01175225 0.         0.         0.         0.0156707  0.         0.01175225 0.         0.         0.01354425],[0. 0. 1. 0. 1. 0. 0. 0. 0. 0. 0. 1. 0. 0. 0. 1. 0. 0. 0. 0. 0. 1. 0. 0. 0. 1. 0. 1. 0. 0. 1.],8.0,best,10000,100000,100,0.9,0.5,0.9,0.5,0.9,3,0.41,1,8,,problem_solving,10
1400,0.004545542045242082,0.130909,0.00428975626241405,0.556,0.828904235391859,2.8251676085856396,[0.         0.         0.01407302 0.         0.90514965 0.         0.         0.         0.         0.         0.         0.01451366 0.         0.         0.         0.01354425 0.         0.         0.         0.         0.         0.01175225 0.         0.         0.         0.0156707  0.         0.01175225 0.         0.         0.01354425],[0. 0. 1. 0. 1. 0. 0. 0. 0. 0. 0. 1. 0. 0. 0. 1. 0. 0. 0. 0. 0. 1. 0. 0. 0. 1. 0. 1. 0. 0. 1.],8.0,best,10000,100000,100,0.9,0.5,0.9,0.5,0.9,3,0.41,1,8,,problem_solving,10
1500,0.004545542045242082,0.130909,0.00428975626241405,0.56,0.8240463378547873,-0.607200007410138,[0.         0.         0.01407302 0.         0.90514965 0.         0.         0.         0.         0.         0.         0.01451366 0.         0.         0.         0.01354425 0.         0.         0.         0.         0.         0.01175225 0.         0.         0.         0.0156707  0.         0.01175225 0.         0.         0.01354425],[0. 0. 1. 0. 1. 0. 0. 0. 0. 0. 0. 1. 0. 0. 0. 1. 0. 0. 0. 0. 0. 1. 0. 0. 0. 1. 0. 1. 0. 0. 1.],8.0,best,10000,100000,100,0.9,0.5,0.9,0.5,0.9,3,0.41,1,8,,problem_solving,10
1600,0.004545542045242082,0.130909,0.00428975626241405,0.5640000000000001,0.8192169106372932,1.485973352323089,[0.         0.         0.01407302 0.         0.90514965 0.         0.         0.         0.         0.         0.         0.01451366 0.         0.         0.         0.01354425 0.         0.         0.         0.         0.         0.01175225 0.         0.         0.         0.0156707  0.         0.01175225 0.         0.         0.01354425],[0. 0. 1. 0. 1. 0. 0. 0. 0. 0. 0. 1. 0. 0. 0. 1. 0. 0. 0. 0. 0. 1. 0. 0. 0. 1. 0. 1. 0. 0. 1.],8.0,best,10000,100000,100,0.9,0.5,0.9,0.5,0.9,3,0.41,1,8,,problem_solving,10
1700,0.004545542045242082,0.130909,0.00428975626241405,0.5680000000000001,0.8144157868854872,3.8001248488699026,[0.         0.         0.01407302 0.         0.90514965 0.         0.         0.         0.         0.         0.         0.01451366 0.         0.         0.         0.01354425 0.         0.         0.         0.         0.         0.01175225 0.         0.         0.         0.0156707  0.         0.01175225 0.         0.         0.01354425],[0. 0. 1. 0. 1. 0. 0. 0. 0. 0. 0. 1. 0. 0. 0. 1. 0. 0. 0. 0. 0. 1. 0. 0. 0. 1. 0. 1. 0. 0. 1.],8.0,best,10000,100000,100,0.9,0.5,0.9,0.5,0.9,3,0.41,1,8,,problem_solving,10
1800,0.004545542045242082,0.130909,0.00428975626241405,0.5720000000000001,0.8096428007233489,-4.338045090062554,[0.         0.         0.01407302 0.         0.90514965 0.         0.         0.         0.         0.         0.         0.01451366 0.         0.         0.         0.01354425 0.         0.         0.         0.         0.         0.01175225 0.         0.         0.         0.0156707  0.         0.01175225 0.         0.         0.01354425],[0. 0. 1. 0. 1. 0. 0. 0. 0. 0. 0. 1. 0. 0. 0. 1. 0. 0. 0. 0. 0. 1. 0. 0. 0. 1. 0. 1. 0. 0. 1.],8.0,best,10000,100000,100,0.9,0.5,0.9,0.5,0.9,3,0.41,1,8,,problem_solving,10
1900,0.004545542045242082,0.130909,0.00428975626241405,0.5760000000000001,0.8048977872469943,1.2456084440378785,[0.         0.         0.01407302 0.         0.90514965 0.         0.         0.         0.         0.         0.         0.01451366 0.         0.         0.         0.01354425 0.         0.         0.         0.         0.         0.01175225 0.         0.         0.         0.0156707  0.         0.01175225 0.         0.         0.01354425],[0. 0. 1. 0. 1. 0. 0. 0. 0. 0. 0. 1. 0. 0. 0. 1. 0. 0. 0. 0. 0. 1. 0. 0. 0. 1. 0. 1. 0. 0. 1.],8.0,best,10000,100000,100,0.9,0.5,0.9,0.5,0.9,3,0.41,1,8,,problem_solving,10
2000,0.004545542045242082,0.130909,0.00428975626241405,0.58,0.80018058251898,2.744458423624487,[0.         0.         0.01407302 0.         0.90514965 0.         0.         0.         0.         0.         0.         0.01451366 0.         0.         0.         0.01354425 0.         0.         0.         0.         0.         0.01175225 0.         0.         0.         0.0156707  0.         0.01175225 0.         0.         0.01354425],[0. 0. 1. 0. 1. 0. 0. 0. 0. 0. 0. 1. 0. 0. 0. 1. 0. 0. 0. 0. 0. 1. 0. 0. 0. 1. 0. 1. 0. 0. 1.],8.0,best,10000,100000,100,0.9,0.5,0.9,0.5,0.9,3,0.41,1,8,,problem_solving,10
2100,0.004545542045242082,0.130909,0.00428975626241405,0.584,0.7954910235626383,0.6911911631449444,[0.         0.         0.01407302 0.         0.90514965 0.         0.         0.         0.         0.         0.         0.01451366 0.         0.         0.         0.01354425 0.         0.         0.         0.         0.         0.01175225 0.         0.         0.         0.0156707  0.         0.01175225 0.         0.         0.01354425],[0. 0. 1. 0. 1. 0. 0. 0. 0. 0. 0. 1. 0. 0. 0. 1. 0. 0. 0. 0. 0. 1. 0. 0. 0. 1. 0. 1. 0. 0. 1.],8.0,best,10000,100000,100,0.9,0.5,0.9,0.5,0.9,3,0.41,1,8,,problem_solving,10
2200,0.004545542045242082,0.130909,0.00428975626241405,0.588,0.7908289483564468,0.2346411495532739,[0.         0.         0.01407302 0.         0.90514965 0.         0.         0.         0.         0.         0.         0.01451366 0.         0.         0.         0.01354425 0.         0.         0.         0.         0.         0.01175225 0.         0.         0.         0.0156707  0.         0.01175225 0.         0.         0.01354425],[0. 0. 1. 0. 1. 0. 0. 0. 0. 0. 0. 1. 0. 0. 0. 1. 0. 0. 0. 0. 0. 1. 0. 0. 0. 1. 0. 1. 0. 0. 1.],8.0,best,10000,100000,100,0.9,0.5,0.9,0.5,0.9,3,0.41,1,8,,problem_solving,10
2300,0.004545542045242082,0.130909,0.00428975626241405,0.592,0.7861941958284306,-1.0350793518965247,[0.         0.         0.01407302 0.         0.90514965 0.         0.         0.         0.         0.         0.         0.01451366 0.         0.         0.         0.01354425 0.         0.         0.         0.         0.         0.01175225 0.         0.         0.         0.0156707  0.         0.01175225 0.         0.         0.01354425],[0. 0. 1. 0. 1. 0. 0. 0. 0. 0. 0. 1. 0. 0. 0. 1. 0. 0. 0. 0. 0. 1. 0. 0. 0. 1. 0. 1. 0. 0. 1.],8.0,best,10000,100000,100,0.9,0.5,0.9,0.5,0.9,3,0.41,1,8,,problem_solving,10
2400,0.004545542045242082,0.130909,0.00428975626241405,0.596,0.7815866058505976,-3.5259101378170516,[0.         0.         0.01407302 0.         0.90514965 0.         0.         0.         0.         0.         0.         0.01451366 0.         0.         0.         0.01354425 0.         0.         0.         0.         0.         0.01175225 0.         0.         0.         0.0156707  0.         0.01175225 0.         0.         0.01354425],[0. 0. 1. 0. 1. 0. 0. 0. 0. 0. 0. 1. 0. 0. 0. 1. 0. 0. 0. 0. 0. 1. 0. 0. 0. 1. 0. 1. 0. 0. 1.],8.0,best,10000,100000,100,0.9,0.5,0.9,0.5,0.9,3,0.41,1,8,,problem_solving,10
2500,0.004545542045242082,0.130909,0.00428975626241405,0.6,0.7770060192334055,0.7292348325945558,[0.         0.         0.01407302 0.         0.90514965 0.         0.         0.         0.         0.         0.         0.01451366 0.         0.         0.         0.01354425 0.         0.         0.         0.         0.         0.01175225 0.         0.         0.         0.0156707  0.         0.01175225 0.         0.         0.01354425],[0. 0. 1. 0. 1. 0. 0. 0. 0. 0. 0. 1. 0. 0. 0. 1. 0. 0. 0. 0. 0. 1. 0. 0. 0. 1. 0. 1. 0. 0. 1.],8.0,best,10000,100000,100,0.9,0.5,0.9,0.5,0.9,3,0.41,1,8,,problem_solving,10
2600,0.004545542045242082,0.130909,0.00428975626241405,0.604,0.7724522777202627,0.8166155214719595,[0.         0.         0.01407302 0.         0.90514965 0.         0.         0.         0.         0.         0.         0.01451366 0.         0.         0.         0.01354425 0.         0.         0.         0.         0.         0.01175225 0.         0.         0.         0.0156707  0.         0.01175225 0.         0.         0.01354425],[0. 0. 1. 0. 1. 0. 0. 0. 0. 0. 0. 1. 0. 0. 0. 1. 0. 0. 0. 0. 0. 1. 0. 0. 0. 1. 0. 1. 0. 0. 1.],8.0,best,10000,100000,100,0.9,0.5,0.9,0.5,0.9,3,0.41,1,8,,problem_solving,10
2700,0.004545542045242082,0.130909,0.00428975626241405,0.608,0.7679252239820602,-1.2367917242800957,[0.         0.         0.01407302 0.         0.90514965 0.         0.         0.         0.         0.         0.         0.01451366 0.         0.         0.         0.01354425 0.         0.         0.         0.         0.         0.01175225 0.         0.         0.         0.0156707  0.         0.01175225 0.         0.         0.01354425],[0. 0. 1. 0. 1. 0. 0. 0. 0. 0. 0. 1. 0. 0. 0. 1. 0. 0. 0. 0. 0. 1. 0. 0. 0. 1. 0. 1. 0. 0. 1.],8.0,best,10000,100000,100,0.9,0.5,0.9,0.5,0.9,3,0.41,1,8,,problem_solving,10
2800,0.004545542045242082,0.130909,0.00428975626241405,0.612,0.7634247016117359,2.4514117781934304,[0.         0.         0.01407302 0.         0.90514965 0.         0.         0.         0.         0.         0.         0.01451366 0.         0.         0.         0.01354425 0.         0.         0.         0.         0.         0.01175225 0.         0.         0.         0.0156707  0.         0.01175225 0.         0.         0.01354425],[0. 0. 1. 0. 1. 0. 0. 0. 0. 0. 0. 1. 0. 0. 0. 1. 0. 0. 0. 0. 0. 1. 0. 0. 0. 1. 0. 1. 0. 0. 1.],8.0,best,10000,100000,100,0.9,0.5,0.9,0.5,0.9,3,0.41,1,8,,problem_solving,10
2900,0.004545542045242082,0.130909,0.00428975626241405,0.616,0.758950555118871,0.5731863189044044,[0.         0.         0.01407302 0.         0.90514965 0.         0.         0.         0.         0.         0.         0.01451366 0.         0.         0.         0.01354425 0.         0.         0.         0.         0.         0.01175225 0.         0.         0.         0.0156707  0.         0.01175225 0.         0.         0.01354425],[0. 0. 1. 0. 1. 0. 0. 0. 0. 0. 0. 1. 0. 0. 0. 1. 0. 0. 0. 0. 0. 1. 0. 0. 0. 1. 0. 1. 0. 0. 1.],8.0,best,10000,100000,100,0.9,0.5,0.9,0.5,0.9,3,0.41,1,8,,problem_solving,10
3000,0.004545542045242082,0.130909,0.00428975626241405,0.62,0.754502629924318,1.5487876878985554,[0.         0.         0.01407302 0.         0.90514965 0.         0.         0.         0.         0.         0.         0.01451366 0.         0.         0.         0.01354425 0.         0.         0.         0.         0.         0.01175225 0.         0.         0.         0.0156707  0.         0.01175225 0.         0.         0.01354425],[0. 0. 1. 0. 1. 0. 0. 0. 0. 0. 0. 1. 0. 0. 0. 1. 0. 0. 0. 0. 0. 1. 0. 0. 0. 1. 0. 1. 0. 0. 1.],8.0,best,10000,100000,100,0.9,0.5,0.9,0.5,0.9,3,0.41,1,8,,problem_solving,10
3100,0.004545542045242082,0.130909,0.00428975626241405,0.624,0.7500807723548599,0.6475267200596336,[0.         0.         0.01407302 0.         0.90514965 0.         0.         0.         0.         0.         0.         0.01451366 0.         0.         0.         0.01354425 0.         0.         0.         0.         0.         0.01175225 0.         0.         0.         0.0156707  0.         0.01175225 0.         0.         0.01354425],[0. 0. 1. 0. 1. 0. 0. 0. 0. 0. 0. 1. 0. 0. 0. 1. 0. 0. 0. 0. 0. 1. 0. 0. 0. 1. 0. 1. 0. 0. 1.],8.0,best,10000,100000,100,0.9,0.5,0.9,0.5,0.9,3,0.41,1,8,,problem_solving,10
3200,0.003411728178484612,0.128808,0.005748194471409529,0.628,0.7456848296379007,-3.8192039589583975,[0.         0.         0.         0.         0.90929986 0.01325608 0.         0.         0.01222984 0.         0.0132039  0.         0.         0.         0.         0.01222984 0.01222984 0.         0.         0.         0.         0.         0.         0.         0.         0.01222984 0.         0.         0.         0.         0.01532081],[0. 0. 0. 0. 1. 1. 0. 0. 1. 0. 1. 0. 0. 0. 0. 1. 1. 0. 0. 0. 0. 0. 0. 0. 0. 1. 0. 0. 0. 0. 1.],8.0,best,10000,100000,100,0.9,0.5,0.9,0.5,0.9,3,0.41,1,8,,problem_solving,10
3300,0.003411728178484612,0.128808,0.005748194471409529,0.632,0.7413146498961878,2.584757878591415,[0.         0.         0.         0.         0.90929986 0.01325608 0.         0.         0.01222984 0.         0.0132039  0.         0.         0.         0.         0.01222984 0.01222984 0.         0.         0.         0.         0.         0.         0.         0.         0.01222984 0.         0.         0.         0.         0.01532081],[0. 0. 0. 0. 1. 1. 0. 0. 1. 0. 1. 0. 0. 0. 0. 1. 1. 0. 0. 0. 0. 0. 0. 0. 0. 1. 0. 0. 0. 0. 1.],8.0,best,10000,100000,100,0.9,0.5,0.9,0.5,0.9,3,0.41,1,8,,problem_solving,10
3400,0.003411728178484612,0.128808,0.005748194471409529,0.636,0.7369700821425638,1.2356444660001913,[0.         0.         0.         0.         0.90929986 0.01325608 0.         0.         0.01222984 0.         0.0132039  0.         0.         0.         0.         0.01222984 0.01222984 0.         0.         0.         0.         0.         0.         0.         0.         0.01222984 0.         0.         0.         0.         0.01532081],[0. 0. 0. 0. 1. 1. 0. 0. 1. 0. 1. 0. 0. 0. 0. 1. 1. 0. 0. 0. 0. 0. 0. 0. 0. 1. 0. 0. 0. 0. 1.],8.0,best,10000,100000,100,0.9,0.5,0.9,0.5,0.9,3,0.41,1,8,,problem_solving,10
3500,0.003411728178484612,0.128808,0.005748194471409529,0.64,0.7326509762747511,2.2659450947059367,[0.         0.         0.         0.         0.90929986 0.01325608 0.         0.         0.01222984 0.         0.0132039  0.         0.         0.         0.         0.01222984 0.01222984 0.         0.         0.         0.         0.         0.         0.         0.         0.01222984 0.         0.         0.         0.         0.01532081],[0. 0. 0. 0. 1. 1. 0. 0. 1. 0. 1. 0. 0. 0. 0. 1. 1. 0. 0. 0. 0. 0. 0. 0. 0. 1. 0. 0. 0. 0. 1.],8.0,best,10000,100000,100,0.9,0.5,0.9,0.5,0.9,3,0.41,1,8,,problem_solving,10
3600,0.003411728178484612,0.128808,0.005748194471409529,0.644,0.7283571830701648,-1.4498125041159406,[0.         0.         0.         0.         0.90929986 0.01325608 0.         0.         0.01222984 0.         0.0132039  0.         0.         0.         0.         0.01222984 0.01222984 0.         0.         0.         0.         0.         0.         0.         0.         0.01222984 0.         0.         0.         0.         0.01532081],[0. 0. 0. 0. 1. 1. 0. 0. 1. 0. 1. 0. 0. 0. 0. 1. 1. 0. 0. 0. 0. 0. 0. 0. 0. 1. 0. 0. 0. 0. 1.],8.0,best,10000,100000,100,0.9,0.5,0.9,0.5,0.9,3,0.41,1,8,,problem_solving,10
3700,0.003411728178484612,0.128808,0.005748194471409529,0.648,0.7240885541807586,0.3165795698835518,[0.         0.         0.         0.         0.90929986 0.01325608 0.         0.         0.01222984 0.         0.0132039  0.         0.         0.         0.         0.01222984 0.01222984 0.         0.         0.         0.         0.         0.         0.         0.         0.01222984 0.         0.         0.         0.         0.01532081],[0. 0. 0. 0. 1. 1. 0. 0. 1. 0. 1. 0. 0. 0. 0. 1. 1. 0. 0. 0. 0. 0. 0. 0. 0. 1. 0. 0. 0. 0. 1.],8.0,best,10000,100000,100,0.9,0.5,0.9,0.5,0.9,3,0.41,1,8,,problem_solving,10
3800,0.003411728178484612,0.128808,0.005748194471409529,0.652,0.7198449421278975,-0.7315377852894849,[0.         0.         0.         0.         0.90929986 0.01325608 0.         0.         0.01222984 0.         0.0132039  0.         0.         0.         0.         0.01222984 0.01222984 0.         0.         0.         0.         0.         0.         0.         0.         0.01222984 0.         0.         0.         0.         0.01532081],[0. 0. 0. 0. 1. 1. 0. 0. 1. 0. 1. 0. 0. 0. 0. 1. 1. 0. 0. 0. 0. 0. 0. 0. 0. 1. 0. 0. 0. 0. 1.],8.0,best,10000,100000,100,0.9,0.5,0.9,0.5,0.9,3,0.41,1,8,,problem_solving,10
3900,0.003411728178484612,0.128808,0.005748194471409529,0.656,0.7156262002972644,0.056208328159044516,[0.         0.         0.         0.         0.90929986 0.01325608 0.         0.         0.01222984 0.         0.0132039  0.         0.         0.         0.         0.01222984 0.01222984 0.         0.         0.         0.         0.         0.         0.         0.         0.01222984 0.         0.         0.         0.         0.01532081],[0. 0. 0. 0. 1. 1. 0. 0. 1. 0. 1. 0. 0. 0. 0. 1. 1. 0. 0. 0. 0. 0. 0. 0. 0. 1. 0. 0. 0. 0. 1.],8.0,best,10000,100000,100,0.9,0.5,0.9,0.5,0.9,3,0.41,1,8,,problem_solving,10
4000,0.003411728178484612,0.128808,0.005748194471409529,0.66,0.7114321829337936,5.021285954483291,[0.         0.         0.         0.         0.90929986 0.01325608 0.         0.         0.01222984 0.         0.0132039  0.         0.         0.         0.         0.01222984 0.01222984 0.         0.         0.         0.         0.         0.         0.         0.         0.01222984 0.         0.         0.         0.         0.01532081],[0. 0. 0. 0. 1. 1. 0. 0. 1. 0. 1. 0. 0. 0. 0. 1. 1. 0. 0. 0. 0. 0. 0. 0. 0. 1. 0. 0. 0. 0. 1.],8.0,best,10000,100000,100,0.9,0.5,0.9,0.5,0.9,3,0.41,1,8,,problem_solving,10
4100,0.003411728178484612,0.128808,0.005748194471409529,0.664,0.707262745136635,-5.050084694285901,[0.         0.         0.         0.         0.90929986 0.01325608 0.         0.         0.01222984 0.         0.0132039  0.         0.         0.         0.         0.01222984 0.01222984 0.         0.         0.         0.         0.         0.         0.         0.         0.01222984 0.         0.         0.         0.         0.01532081],[0. 0. 0. 0. 1. 1. 0. 0. 1. 0. 1. 0. 0. 0. 0. 1. 1. 0. 0. 0. 0. 0. 0. 0. 0. 1. 0. 0. 0. 0. 1.],8.0,best,10000,100000,100,0.9,0.5,0.9,0.5,0.9,3,0.41,1,8,,problem_solving,10
4200,0.003411728178484612,0.128808,0.005748194471409529,0.668,0.7031177428541489,-0.943015737588279,[0.         0.         0.         0.         0.90929986 0.01325608 0.         0.         0.01222984 0.         0.0132039  0.         0.         0.         0.         0.01222984 0.01222984 0.         0.         0.         0.         0.         0.         0.         0.         0.01222984 0.         0.         0.         0.         0.01532081],[0. 0. 0. 0. 1. 1. 0. 0. 1. 0. 1. 0. 0. 0. 0. 1. 1. 0. 0. 0. 0. 0. 0. 0. 0. 1. 0. 0. 0. 0. 1.],8.0,best,10000,100000,100,0.9,0.5,0.9,0.5,0.9,3,0.41,1,8,,problem_solving,10
4300,0.003411728178484612,0.128808,0.005748194471409529,0.672,0.6989970328789274,-0.15549328544818314,[0.         0.         0.         0.         0.90929986 0.01325608 0.         0.         0.01222984 0.         0.0132039  0.         0.         0.         0.         0.01222984 0.01222984 0.         0.         0.         0.         0.         0.         0.         0.         0.01222984 0.         0.         0.         0.         0.01532081],[0. 0. 0. 0. 1. 1. 0. 0. 1. 0. 1. 0. 0. 0. 0. 1. 1. 0. 0. 0. 0. 0. 0. 0. 0. 1. 0. 0. 0. 0. 1.],8.0,best,10000,100000,100,0.9,0.5,0.9,0.5,0.9,3,0.41,1,8,,problem_solving,10
4400,0.003411728178484612,0.128808,0.005748194471409529,0.676,0.6949004728428485,1.1413597976903405,[0.         0.         0.         0.         0.90929986 0.01325608 0.         0.         0.01222984 0.         0.0132039  0.         0.         0.         0.         0.01222984 0.01222984 0.         0.         0.         0.         0.         0.         0.         0.         0.01222984 0.         0.         0.         0.         0.01532081],[0. 0. 0. 0. 1. 1. 0. 0. 1. 0. 1. 0. 0. 0. 0. 1. 1. 0. 0. 0. 0. 0. 0. 0. 0. 1. 0. 0. 0. 0. 1.],8.0,best,10000,100000,100,0.9,0.5,0.9,0.5,0.9,3,0.41,1,8,,problem_solving,10
4500,0.003411728178484612,0.128808,0.005748194471409529,0.68,0.6908279212121557,2.7164406638417424,[0.         0.         0.         0.         0.90929986 0.01325608 0.         0.         0.01222984 0.         0.0132039  0.         0.         0.         0.         0.01222984 0.01222984 0.         0.         0.         0.         0.         0.         0.         0.         0.01222984 0.         0.         0.         0.         0.01532081],[0. 0. 0. 0. 1. 1. 0. 0. 1. 0. 1. 0. 0. 0. 0. 1. 1. 0. 0. 0. 0. 0. 0. 0. 0. 1. 0. 0. 0. 0. 1.],8.0,best,10000,100000,100,0.9,0.5,0.9,0.5,0.9,3,0.41,1,8,,problem_solving,10
4600,0.003411728178484612,0.128808,0.005748194471409529,0.684,0.6867792372825697,1.408850488909274,[0.         0.         0.         0.         0.90929986 0.01325608 0.         0.         0.01222984 0.         0.0132039  0.         0.         0.         0.         0.01222984 0.01222984 0.         0.         0.         0.         0.         0.         0.         0.         0.01222984 0.         0.         0.         0.         0.01532081],[0. 0. 0. 0. 1. 1. 0. 0. 1. 0. 1. 0. 0. 0. 0. 1. 1. 0. 0. 0. 0. 0. 0. 0. 0. 1. 0. 0. 0. 0. 1.],8.0,best,10000,100000,100,0.9,0.5,0.9,0.5,0.9,3,0.41,1,8,,problem_solving,10
4700,0.003411728178484612,0.128808,0.005748194471409529,0.6880000000000001,0.6827542811744257,-2.608088945392658,[0.         0.         0.         0.         0.90929986 0.01325608 0.         0.         0.01222984 0.         0.0132039  0.         0.         0.         0.         0.01222984 0.01222984 0.         0.         0.         0.         0.         0.         0.         0.         0.01222984 0.         0.         0.         0.         0.01532081],[0. 0. 0. 0. 1. 1. 0. 0. 1. 0. 1. 0. 0. 0. 0. 1. 1. 0. 0. 0. 0. 0. 0. 0. 0. 1. 0. 0. 0. 0. 1.],8.0,best,10000,100000,100,0.9,0.5,0.9,0.5,0.9,3,0.41,1,8,,problem_solving,10
4800,0.003411728178484612,0.128808,0.005748194471409529,0.692,0.6787529138278414,-0.7527666278611208,[0.         0.         0.         0.         0.90929986 0.01325608 0.         0.         0.01222984 0.         0.0132039  0.         0.         0.         0.         0.01222984 0.01222984 0.         0.         0.         0.         0.         0.         0.         0.         0.01222984 0.         0.         0.         0.         0.01532081],[0. 0. 0. 0. 1. 1. 0. 0. 1. 0. 1. 0. 0. 0. 0. 1. 1. 0. 0. 0. 0. 0. 0. 0. 0. 1. 0. 0. 0. 0. 1.],8.0,best,10000,100000,100,0.9,0.5,0.9,0.5,0.9,3,0.41,1,8,,problem_solving,10
4900,0.003411728178484612,0.128808,0.005748194471409529,0.696,0.6747749969979128,-0.2422676171487039,[0.         0.         0.         0.         0.90929986 0.01325608 0.         0.         0.01222984 0.         0.0132039  0.         0.         0.         0.         0.01222984 0.01222984 0.         0.         0.         0.         0.         0.         0.         0.         0.01222984 0.         0.         0.         0.         0.01532081],[0. 0. 0. 0. 1. 1. 0. 0. 1. 0. 1. 0. 0. 0. 0. 1. 1. 0. 0. 0. 0. 0. 0. 0. 0. 1. 0. 0. 0. 0. 1.],8.0,best,10000,100000,100,0.9,0.5,0.9,0.5,0.9,3,0.41,1,8,,problem_solving,10
5000,0.003411728178484612,0.128808,0.005748194471409529,0.7,0.6708203932499369,4.622069451955574,[0.         0.         0.         0.         0.90929986 0.01325608 0.         0.         0.01222984 0.         0.0132039  0.         0.         0.         0.         0.01222984 0.01222984 0.         0.         0.         0.         0.         0.         0.         0.         0.01222984 0.         0.         0.         0.         0.01532081],[0. 0. 0. 0. 1. 1. 0. 0. 1. 0. 1. 0. 0. 0. 0. 1. 1. 0. 0. 0. 0. 0. 0. 0. 0. 1. 0. 0. 0. 0. 1.],8.0,best,10000,100000,100,0.9,0.5,0.9,0.5,0.9,3,0.41,1,8,,problem_solving,10
5100,0.003411728178484612,0.128808,0.005748194471409529,0.704,0.6668889659546647,1.46492483269604,[0.         0.         0.         0.         0.90929986 0.01325608 0.         0.         0.01222984 0.         0.0132039  0.         0.         0.         0.         0.01222984 0.01222984 0.         0.         0.         0.         0.         0.         0.         0.         0.01222984 0.         0.         0.         0.         0.01532081],[0. 0. 0. 0. 1. 1. 0. 0. 1. 0. 1. 0. 0. 0. 0. 1. 1. 0. 0. 0. 0. 0. 0. 0. 0. 1. 0. 0. 0. 0. 1.],8.0,best,10000,100000,100,0.9,0.5,0.9,0.5,0.9,3,0.41,1,8,,problem_solving,10
5200,0.003411728178484612,0.128808,0.005748194471409529,0.708,0.6629805792835798,2.6977524531206214,[0.         0.         0.         0.         0.90929986 0.01325608 0.         0.         0.01222984 0.         0.0132039  0.         0.         0.         0.         0.01222984 0.01222984 0.         0.         0.         0.         0.         0.         0.         0.         0.01222984 0.         0.         0.         0.         0.01532081],[0. 0. 0. 0. 1. 1. 0. 0. 1. 0. 1. 0. 0. 0. 0. 1. 1. 0. 0. 0. 0. 0. 0. 0. 0. 1. 0. 0. 0. 0. 1.],8.0,best,10000,100000,100,0.9,0.5,0.9,0.5,0.9,3,0.41,1,8,,problem_solving,10
5300,0.003411728178484612,0.128808,0.005748194471409529,0.712,0.6590950982042058,0.4849643920067729,[0.         0.         0.         0.         0.90929986 0.01325608 0.         0.         0.01222984 0.         0.0132039  0.         0.         0.         0.         0.01222984 0.01222984 0.         0.         0.         0.         0.         0.         0.         0.         0.01222984 0.         0.         0.         0.         0.01532081],[0. 0. 0. 0. 1. 1. 0. 0. 1. 0. 1. 0. 0. 0. 0. 1. 1. 0. 0. 0. 0. 0. 0. 0. 0. 1. 0. 0. 0. 0. 1.],8.0,best,10000,100000,100,0.9,0.5,0.9,0.5,0.9,3,0.41,1,8,,problem_solving,10
5400,0.003411728178484612,0.128808,0.005748194471409529,0.716,0.6552323884754414,-0.6968983142007988,[0.         0.         0.         0.         0.90929986 0.01325608 0.         0.         0.01222984 0.         0.0132039  0.         0.         0.         0.         0.01222984 0.01222984 0.         0.         0.         0.         0.         0.         0.         0.         0.01222984 0.         0.         0.         0.         0.01532081],[0. 0. 0. 0. 1. 1. 0. 0. 1. 0. 1. 0. 0. 0. 0. 1. 1. 0. 0. 0. 0. 0. 0. 0. 0. 1. 0. 0. 0. 0. 1.],8.0,best,10000,100000,100,0.9,0.5,0.9,0.5,0.9,3,0.41,1,8,,problem_solving,10
5500,0.003411728178484612,0.128808,0.005748194471409529,0.72,0.651392316642922,-0.8547968234084333,[0.         0.         0.         0.         0.90929986 0.01325608 0.         0.         0.01222984 0.         0.0132039  0.         0.         0.         0.         0.01222984 0.01222984 0.         0.         0.         0.         0.         0.         0.         0.         0.01222984 0.         0.         0.         0.         0.01532081],[0. 0. 0. 0. 1. 1. 0. 0. 1. 0. 1. 0. 0. 0. 0. 1. 1. 0. 0. 0. 0. 0. 0. 0. 0. 1. 0. 0. 0. 0. 1.],8.0,best,10000,100000,100,0.9,0.5,0.9,0.5,0.9,3,0.41,1,8,,problem_solving,10
5600,0.003411728178484612,0.128808,0.005748194471409529,0.724,0.6475747500344088,1.8715273511679305,[0.         0.         0.         0.         0.90929986 0.01325608 0.         0.         0.01222984 0.         0.0132039  0.         0.         0.         0.         0.01222984 0.01222984 0.         0.         0.         0.         0.         0.         0.         0.         0.01222984 0.         0.         0.         0.         0.01532081],[0. 0. 0. 0. 1. 1. 0. 0. 1. 0. 1. 0. 0. 0. 0. 1. 1. 0. 0. 0. 0. 0. 0. 0. 0. 1. 0. 0. 0. 0. 1.],8.0,best,10000,100000,100,0.9,0.5,0.9,0.5,0.9,3,0.41,1,8,,problem_solving,10
5700,0.003411728178484612,0.128808,0.005748194471409529,0.728,0.643779556755206,-2.442406208423784,[0.         0.         0.         0.         0.90929986 0.01325608 0.         0.         0.01222984 0.         0.0132039  0.         0.         0.         0.         0.01222984 0.01222984 0.         0.         0.         0.         0.         0.         0.         0.         0.01222984 0.         0.         0.         0.         0.01532081],[0. 0. 0. 0. 1. 1. 0. 0. 1. 0. 1. 0. 0. 0. 0. 1. 1. 0. 0. 0. 0. 0. 0. 0. 0. 1. 0. 0. 0. 0. 1.],8.0,best,10000,100000,100,0.9,0.5,0.9,0.5,0.9,3,0.41,1,8,,problem_solving,10
5800,0.003411728178484612,0.128808,0.005748194471409529,0.732,0.6400066056836028,1.9870269706131332,[0.         0.         0.         0.         0.90929986 0.01325608 0.         0.         0.01222984 0.         0.0132039  0.         0.         0.         0.         0.01222984 0.01222984 0.         0.         0.         0.         0.         0.         0.         0.         0.01222984 0.         0.         0.         0.         0.01532081],[0. 0. 0. 0. 1. 1. 0. 0. 1. 0. 1. 0. 0. 0. 0. 1. 1. 0. 0. 0. 0. 0. 0. 0. 0. 1. 0. 0. 0. 0. 1.],8.0,best,10000,100000,100,0.9,0.5,0.9,0.5,0.9,3,0.41,1,8,,problem_solving,10
5900,0.003411728178484612,0.128808,0.005748194471409529,0.736,0.6362557664663436,-1.585488638856965,[0.         0.         0.         0.         0.90929986 0.01325608 0.         0.         0.01222984 0.         0.0132039  0.         0.         0.         0.         0.01222984 0.01222984 0.         0.         0.         0.         0.         0.         0.         0.         0.01222984 0.         0.         0.         0.         0.01532081],[0. 0. 0. 0. 1. 1. 0. 0. 1. 0. 1. 0. 0. 0. 0. 1. 1. 0. 0. 0. 0. 0. 0. 0. 0. 1. 0. 0. 0. 0. 1.],8.0,best,10000,100000,100,0.9,0.5,0.9,0.5,0.9,3,0.41,1,8,,problem_solving,10
6000,0.003411728178484612,0.128808,0.005748194471409529,0.74,0.6325269095141249,-1.839326961726537,[0.         0.         0.         0.         0.90929986 0.01325608 0.         0.         0.01222984 0.         0.0132039  0.         0.         0.         0.         0.01222984 0.01222984 0.         0.         0.         0.         0.         0.         0.         0.         0.01222984 0.         0.         0.         0.         0.01532081],[0. 0. 0. 0. 1. 1. 0. 0. 1. 0. 1. 0. 0. 0. 0. 1. 1. 0. 0. 0. 0. 0. 0. 0. 0. 1. 0. 0. 0. 0. 1.],8.0,best,10000,100000,100,0.9,0.5,0.9,0.5,0.9,3,0.41,1,8,,problem_solving,10
6100,0.003411728178484612,0.128808,0.005748194471409529,0.744,0.6288199059971172,-0.1485128983527653,[0.         0.         0.         0.         0.90929986 0.01325608 0.         0.         0.01222984 0.         0.0132039  0.         0.         0.         0.         0.01222984 0.01222984 0.         0.         0.         0.         0.         0.         0.         0.         0.01222984 0.         0.         0.         0.         0.01532081],[0. 0. 0. 0. 1. 1. 0. 0. 1. 0. 1. 0. 0. 0. 0. 1. 1. 0. 0. 0. 0. 0. 0. 0. 0. 1. 0. 0. 0. 0. 1.],8.0,best,10000,100000,100,0.9,0.5,0.9,0.5,0.9,3,0.41,1,8,,problem_solving,10
6200,0.003411728178484612,0.128808,0.005748194471409529,0.748,0.6251346278405147,-3.7985143109987685,[0.         0.         0.         0.         0.90929986 0.01325608 0.         0.         0.01222984 0.         0.0132039  0.         0.         0.         0.         0.01222984 0.01222984 0.         0.         0.         0.         0.         0.         0.         0.         0.01222984 0.         0.         0.         0.         0.01532081],[0. 0. 0. 0. 1. 1. 0. 0. 1. 0. 1. 0. 0. 0. 0. 1. 1. 0. 0. 0. 0. 0. 0. 0. 0. 1. 0. 0. 0. 0. 1.],8.0,best,10000,100000,100,0.9,0.5,0.9,0.5,0.9,3,0.41,1,8,,problem_solving,10
6300,0.003411728178484612,0.128808,0.005748194471409529,0.752,0.6214709477201097,3.541841229289153,[0.         0.         0.         0.         0.90929986 0.01325608 0.         0.         0.01222984 0.         0.0132039  0.         0.         0.         0.         0.01222984 0.01222984 0.         0.         0.         0.         0.         0.         0.         0.         0.01222984 0.         0.         0.         0.         0.01532081],[0. 0. 0. 0. 1. 1. 0. 0. 1. 0. 1. 0. 0. 0. 0. 1. 1. 0. 0. 0. 0. 0. 0. 0. 0. 1. 0. 0. 0. 0. 1.],8.0,best,10000,100000,100,0.9,0.5,0.9,0.5,0.9,3,0.41,1,8,,problem_solving,10
6400,0.003411728178484612,0.128808,0.005748194471409529,0.756,0.6178287390578946,1.4286702745871591,[0.         0.         0.         0.         0.90929986 0.01325608 0.         0.         0.01222984 0.         0.0132039  0.         0.         0.         0.         0.01222984 0.01222984 0.         0.         0.         0.         0.         0.         0.         0.         0.01222984 0.         0.         0.         0.         0.01532081],[0. 0. 0. 0. 1. 1. 0. 0. 1. 0. 1. 0. 0. 0. 0. 1. 1. 0. 0. 0. 0. 0. 0. 0. 0. 1. 0. 0. 0. 0. 1.],8.0,best,10000,100000,100,0.9,0.5,0.9,0.5,0.9,3,0.41,1,8,,problem_solving,10
6500,0.003411728178484612,0.128808,0.005748194471409529,0.76,0.6142078760176876,-1.8928434178638216,[0.         0.         0.         0.         0.90929986 0.01325608 0.         0.         0.01222984 0.         0.0132039  0.         0.         0.         0.         0.01222984 0.01222984 0.         0.         0.         0.         0.         0.         0.         0.         0.01222984 0.         0.         0.         0.         0.01532081],[0. 0. 0. 0. 1. 1. 0. 0. 1. 0. 1. 0. 0. 0. 0. 1. 1. 0. 0. 0. 0. 0. 0. 0. 0. 1. 0. 0. 0. 0. 1.],8.0,best,10000,100000,100,0.9,0.5,0.9,0.5,0.9,3,0.41,1,8,,problem_solving,10
6600,0.003411728178484612,0.128808,0.005748194471409529,0.764,0.6106082335007861,-0.002429624182028623,[0.         0.         0.         0.         0.90929986 0.01325608 0.         0.         0.01222984 0.         0.0132039  0.         0.         0.         0.         0.01222984 0.01222984 0.         0.         0.         0.         0.         0.         0.         0.         0.01222984 0.         0.         0.         0.         0.01532081],[0. 0. 0. 0. 1. 1. 0. 0. 1. 0. 1. 0. 0. 0. 0. 1. 1. 0. 0. 0. 0. 0. 0. 0. 0. 1. 0. 0. 0. 0. 1.],8.0,best,10000,100000,100,0.9,0.5,0.9,0.5,0.9,3,0.41,1,8,,problem_solving,10
6700,0.003411728178484612,0.128808,0.005748194471409529,0.768,0.6070296871416437,0.05316507480906207,[0.         0.         0.         0.         0.90929986 0.01325608 0.         0.         0.01222984 0.         0.0132039  0.         0.         0.         0.         0.01222984 0.01222984 0.         0.         0.         0.         0.         0.         0.         0.         0.01222984 0.         0.         0.         0.         0.01532081],[0. 0. 0. 0. 1. 1. 0. 0. 1. 0. 1. 0. 0. 0. 0. 1. 1. 0. 0. 0. 0. 0. 0. 0. 0. 1. 0. 0. 0. 0. 1.],8.0,best,10000,100000,100,0.9,0.5,0.9,0.5,0.9,3,0.41,1,8,,problem_solving,10
6800,0.003411728178484612,0.128808,0.005748194471409529,0.772,0.6034721133035746,2.3992515417422537,[0.         0.         0.         0.         0.90929986 0.01325608 0.         0.         0.01222984 0.         0.0132039  0.         0.         0.         0.         0.01222984 0.01222984 0.         0.         0.         0.         0.         0.         0.         0.         0.01222984 0.         0.         0.         0.         0.01532081],[0. 0. 0. 0. 1. 1. 0. 0. 1. 0. 1. 0. 0. 0. 0. 1. 1. 0. 0. 0. 0. 0. 0. 0. 0. 1. 0. 0. 0. 0. 1.],8.0,best,10000,100000,100,0.9,0.5,0.9,0.5,0.9,3,0.41,1,8,,problem_solving,10
6900,0.003411728178484612,0.128808,0.005748194471409529,0.776,0.5999353890744809,-1.4256553986212583,[0.         0.         0.         0.         0.90929986 0.01325608 0.         0.         0.01222984 0.         0.0132039  0.         0.         0.         0.         0.01222984 0.01222984 0.         0.         0.         0.         0.         0.         0.         0.         0.01222984 0.         0.         0.         0.         0.01532081],[0. 0. 0. 0. 1. 1. 0. 0. 1. 0. 1. 0. 0. 0. 0. 1. 1. 0. 0. 0. 0. 0. 0. 0. 0. 1. 0. 0. 0. 0. 1.],8.0,best,10000,100000,100,0.9,0.5,0.9,0.5,0.9,3,0.41,1,8,,problem_solving,10
7000,0.003411728178484612,0.128808,0.005748194471409529,0.78,0.5964193922626064,-2.5182817141921534,[0.         0.         0.         0.         0.90929986 0.01325608 0.         0.         0.01222984 0.         0.0132039  0.         0.         0.         0.         0.01222984 0.01222984 0.         0.         0.         0.         0.         0.         0.         0.         0.01222984 0.         0.         0.         0.         0.01532081],[0. 0. 0. 0. 1. 1. 0. 0. 1. 0. 1. 0. 0. 0. 0. 1. 1. 0. 0. 0. 0. 0. 0. 0. 0. 1. 0. 0. 0. 0. 1.],8.0,best,10000,100000,100,0.9,0.5,0.9,0.5,0.9,3,0.41,1,8,,problem_solving,10
7100,0.003411728178484612,0.128808,0.005748194471409529,0.784,0.5929240013923155,0.3244568851114769,[0.         0.         0.         0.         0.90929986 0.01325608 0.         0.         0.01222984 0.         0.0132039  0.         0.         0.         0.         0.01222984 0.01222984 0.         0.         0.         0.         0.         0.         0.         0.         0.01222984 0.         0.         0.         0.         0.01532081],[0. 0. 0. 0. 1. 1. 0. 0. 1. 0. 1. 0. 0. 0. 0. 1. 1. 0. 0. 0. 0. 0. 0. 0. 0. 1. 0. 0. 0. 0. 1.],8.0,best,10000,100000,100,0.9,0.5,0.9,0.5,0.9,3,0.41,1,8,,problem_solving,10
7200,0.003411728178484612,0.128808,0.005748194471409529,0.788,0.5894490956998952,2.7383313338183957,[0.         0.         0.         0.         0.90929986 0.01325608 0.         0.         0.01222984 0.         0.0132039  0.         0.         0.         0.         0.01222984 0.01222984 0.         0.         0.         0.         0.         0.         0.         0.         0.01222984 0.         0.         0.         0.         0.01532081],[0. 0. 0. 0. 1. 1. 0. 0. 1. 0. 1. 0. 0. 0. 0. 1. 1. 0. 0. 0. 0. 0. 0. 0. 0. 1. 0. 0. 0. 0. 1.],8.0,best,10000,100000,100,0.9,0.5,0.9,0.5,0.9,3,0.41,1,8,,problem_solving,10
7300,0.003411728178484612,0.128808,0.005748194471409529,0.792,0.5859945551293843,1.0623626937015431,[0.         0.         0.         0.         0.90929986 0.01325608 0.         0.         0.01222984 0.         0.0132039  0.         0.         0.         0.         0.01222984 0.01222984 0.         0.         0.         0.         0.         0.         0.         0.         0.01222984 0.         0.         0.         0.         0.01532081],[0. 0. 0. 0. 1. 1. 0. 0. 1. 0. 1. 0. 0. 0. 0. 1. 1. 0. 0. 0. 0. 0. 0. 0. 0. 1. 0. 0. 0. 0. 1.],8.0,best,10000,100000,100,0.9,0.5,0.9,0.5,0.9,3,0.41,1,8,,problem_solving,10
7400,0.003411728178484612,0.128808,0.005748194471409529,0.796,0.5825602603284237,-1.343763171515018,[0.         0.         0.         0.         0.90929986 0.01325608 0.         0.         0.01222984 0.         0.0132039  0.         0.         0.         0.         0.01222984 0.01222984 0.         0.         0.         0.         0.         0.         0.         0.         0.01222984 0.         0.         0.         0.         0.01532081],[0. 0. 0. 0. 1. 1. 0. 0. 1. 0. 1. 0. 0. 0. 0. 1. 1. 0. 0. 0. 0. 0. 0. 0. 0. 1. 0. 0. 0. 0. 1.],8.0,best,10000,100000,100,0.9,0.5,0.9,0.5,0.9,3,0.41,1,8,,problem_solving,10
7500,0.003411728178484612,0.128808,0.005748194471409529,0.8,0.5791460926441345,0.4131170084938795,[0.         0.         0.         0.         0.90929986 0.01325608 0.         0.         0.01222984 0.         0.0132039  0.         0.         0.         0.         0.01222984 0.01222984 0.         0.         0.         0.         0.         0.         0.         0.         0.01222984 0.         0.         0.         0.         0.01532081],[0. 0. 0. 0. 1. 1. 0. 0. 1. 0. 1. 0. 0. 0. 0. 1. 1. 0. 0. 0. 0. 0. 0. 0. 0. 1. 0. 0. 0. 0. 1.],8.0,best,10000,100000,100,0.9,0.5,0.9,0.5,0.9,3,0.41,1,8,,problem_solving,10
7600,0.003411728178484612,0.128808,0.005748194471409529,0.804,0.5757519341190179,0.5733767520205421,[0.         0.         0.         0.         0.90929986 0.01325608 0.         0.         0.01222984 0.         0.0132039  0.         0.         0.         0.         0.01222984 0.01222984 0.         0.         0.         0.         0.         0.         0.         0.         0.01222984 0.         0.         0.         0.         0.01532081],[0. 0. 0. 0. 1. 1. 0. 0. 1. 0. 1. 0. 0. 0. 0. 1. 1. 0. 0. 0. 0. 0. 0. 0. 0. 1. 0. 0. 0. 0. 1.],8.0,best,10000,100000,100,0.9,0.5,0.9,0.5,0.9,3,0.41,1,8,,problem_solving,10
7700,0.003411728178484612,0.128808,0.005748194471409529,0.808,0.5723776674868795,-0.4069166697618972,[0.         0.         0.         0.         0.90929986 0.01325608 0.         0.         0.01222984 0.         0.0132039  0.         0.         0.         0.         0.01222984 0.01222984 0.         0.         0.         0.         0.         0.         0.         0.         0.01222984 0.         0.         0.         0.         0.01532081],[0. 0. 0. 0. 1. 1. 0. 0. 1. 0. 1. 0. 0. 0. 0. 1. 1. 0. 0. 0. 0. 0. 0. 0. 0. 1. 0. 0. 0. 0. 1.],8.0,best,10000,100000,100,0.9,0.5,0.9,0.5,0.9,3,0.41,1,8,,problem_solving,10
7800,0.003411728178484612,0.128808,0.005748194471409529,0.812,0.5690231761687783,0.727491208138705,[0.         0.         0.         0.         0.90929986 0.01325608 0.         0.         0.01222984 0.         0.0132039  0.         0.         0.         0.         0.01222984 0.01222984 0.         0.         0.         0.         0.         0.         0.         0.         0.01222984 0.         0.         0.         0.         0.01532081],[0. 0. 0. 0. 1. 1. 0. 0. 1. 0. 1. 0. 0. 0. 0. 1. 1. 0. 0. 0. 0. 0. 0. 0. 0. 1. 0. 0. 0. 0. 1.],8.0,best,10000,100000,100,0.9,0.5,0.9,0.5,0.9,3,0.41,1,8,,problem_solving,10
7900,0.003411728178484612,0.128808,0.005748194471409529,0.8160000000000001,0.5656883442689989,-1.7367829921286007,[0.         0.         0.         0.         0.90929986 0.01325608 0.         0.         0.01222984 0.         0.0132039  0.         0.         0.         0.         0.01222984 0.01222984 0.         0.         0.         0.         0.         0.         0.         0.         0.01222984 0.         0.         0.         0.         0.01532081],[0. 0. 0. 0. 1. 1. 0. 0. 1. 0. 1. 0. 0. 0. 0. 1. 1. 0. 0. 0. 0. 0. 0. 0. 0. 1. 0. 0. 0. 0. 1.],8.0,best,10000,100000,100,0.9,0.5,0.9,0.5,0.9,3,0.41,1,8,,problem_solving,10
8000,0.003411728178484612,0.128808,0.005748194471409529,0.8200000000000001,0.5623730565710474,0.6902431778182567,[0.         0.         0.         0.         0.90929986 0.01325608 0.         0.         0.01222984 0.         0.0132039  0.         0.         0.         0.         0.01222984 0.01222984 0.         0.         0.         0.         0.         0.         0.         0.         0.01222984 0.         0.         0.         0.         0.01532081],[0. 0. 0. 0. 1. 1. 0. 0. 1. 0. 1. 0. 0. 0. 0. 1. 1. 0. 0. 0. 0. 0. 0. 0. 0. 1. 0. 0. 0. 0. 1.],8.0,best,10000,100000,100,0.9,0.5,0.9,0.5,0.9,3,0.41,1,8,,problem_solving,10
8100,0.003411728178484612,0.128808,0.005748194471409529,0.8240000000000001,0.5590771985336705,0.0127646419263351,[0.         0.         0.         0.         0.90929986 0.01325608 0.         0.         0.01222984 0.         0.0132039  0.         0.         0.         0.         0.01222984 0.01222984 0.         0.         0.         0.         0.         0.         0.         0.         0.01222984 0.         0.         0.         0.         0.01532081],[0. 0. 0. 0. 1. 1. 0. 0. 1. 0. 1. 0. 0. 0. 0. 1. 1. 0. 0. 0. 0. 0. 0. 0. 0. 1. 0. 0. 0. 0. 1.],8.0,best,10000,100000,100,0.9,0.5,0.9,0.5,0.9,3,0.41,1,8,,problem_solving,10
8200,0.003411728178484612,0.128808,0.005748194471409529,0.8280000000000001,0.5558006562868987,-1.5441875180237958,[0.         0.         0.         0.         0.90929986 0.01325608 0.         0.         0.01222984 0.         0.0132039  0.         0.         0.         0.         0.01222984 0.01222984 0.         0.         0.         0.         0.         0.         0.         0.         0.01222984 0.         0.         0.         0.         0.01532081],[0. 0. 0. 0. 1. 1. 0. 0. 1. 0. 1. 0. 0. 0. 0. 1. 1. 0. 0. 0. 0. 0. 0. 0. 0. 1. 0. 0. 0. 0. 1.],8.0,best,10000,100000,100,0.9,0.5,0.9,0.5,0.9,3,0.41,1,8,,problem_solving,10
8300,0.003411728178484612,0.128808,0.005748194471409529,0.8320000000000001,0.5525433166281111,-0.6877307824202112,[0.         0.         0.         0.         0.90929986 0.01325608 0.         0.         0.01222984 0.         0.0132039  0.         0.         0.         0.         0.01222984 0.01222984 0.         0.         0.         0.         0.         0.         0.         0.         0.01222984 0.         0.         0.         0.         0.01532081],[0. 0. 0. 0. 1. 1. 0. 0. 1. 0. 1. 0. 0. 0. 0. 1. 1. 0. 0. 0. 0. 0. 0. 0. 0. 1. 0. 0. 0. 0. 1.],8.0,best,10000,100000,100,0.9,0.5,0.9,0.5,0.9,3,0.41,1,8,,problem_solving,10
8400,0.003411728178484612,0.128808,0.005748194471409529,0.8360000000000001,0.5493050670181255,0.9101339902348217,[0.         0.         0.         0.         0.90929986 0.01325608 0.         0.         0.01222984 0.         0.0132039  0.         0.         0.         0.         0.01222984 0.01222984 0.         0.         0.         0.         0.         0.         0.         0.         0.01222984 0.         0.         0.         0.         0.01532081],[0. 0. 0. 0. 1. 1. 0. 0. 1. 0. 1. 0. 0. 0. 0. 1. 1. 0. 0. 0. 0. 0. 0. 0. 0. 1. 0. 0. 0. 0. 1.],8.0,best,10000,100000,100,0.9,0.5,0.9,0.5,0.9,3,0.41,1,8,,problem_solving,10
8500,0.003411728178484612,0.128808,0.005748194471409529,0.8400000000000001,0.5460857955773097,-3.457042024475794,[0.         0.         0.         0.         0.90929986 0.01325608 0.         0.         0.01222984 0.         0.0132039  0.         0.         0.         0.         0.01222984 0.01222984 0.         0.         0.         0.         0.         0.         0.         0.         0.01222984 0.         0.         0.         0.         0.01532081],[0. 0. 0. 0. 1. 1. 0. 0. 1. 0. 1. 0. 0. 0. 0. 1. 1. 0. 0. 0. 0. 0. 0. 0. 0. 1. 0. 0. 0. 0. 1.],8.0,best,10000,100000,100,0.9,0.5,0.9,0.5,0.9,3,0.41,1,8,,problem_solving,10
8600,0.003411728178484612,0.128808,0.005748194471409529,0.8440000000000001,0.542885391081716,2.382170179860248,[0.         0.         0.         0.         0.90929986 0.01325608 0.         0.         0.01222984 0.         0.0132039  0.         0.         0.         0.         0.01222984 0.01222984 0.         0.         0.         0.         0.         0.         0.         0.         0.01222984 0.         0.         0.         0.         0.01532081],[0. 0. 0. 0. 1. 1. 0. 0. 1. 0. 1. 0. 0. 0. 0. 1. 1. 0. 0. 0. 0. 0. 0. 0. 0. 1. 0. 0. 0. 0. 1.],8.0,best,10000,100000,100,0.9,0.5,0.9,0.5,0.9,3,0.41,1,8,,problem_solving,10
8700,0.003411728178484612,0.128808,0.005748194471409529,0.8480000000000001,0.5397037429592386,-0.7723569368181282,[0.         0.         0.         0.         0.90929986 0.01325608 0.         0.         0.01222984 0.         0.0132039  0.         0.         0.         0.         0.01222984 0.01222984 0.         0.         0.         0.         0.         0.         0.         0.         0.01222984 0.         0.         0.         0.         0.01532081],[0. 0. 0. 0. 1. 1. 0. 0. 1. 0. 1. 0. 0. 0. 0. 1. 1. 0. 0. 0. 0. 0. 0. 0. 0. 1. 0. 0. 0. 0. 1.],8.0,best,10000,100000,100,0.9,0.5,0.9,0.5,0.9,3,0.41,1,8,,problem_solving,10
8800,0.003411728178484612,0.128808,0.005748194471409529,0.8520000000000001,0.5365407412857937,-0.620132390461538,[0.         0.         0.         0.         0.90929986 0.01325608 0.         0.         0.01222984 0.         0.0132039  0.         0.         0.         0.         0.01222984 0.01222984 0.         0.         0.         0.         0.         0.         0.         0.         0.01222984 0.         0.         0.         0.         0.01532081],[0. 0. 0. 0. 1. 1. 0. 0. 1. 0. 1. 0. 0. 0. 0. 1. 1. 0. 0. 0. 0. 0. 0. 0. 0. 1. 0. 0. 0. 0. 1.],8.0,best,10000,100000,100,0.9,0.5,0.9,0.5,0.9,3,0.41,1,8,,problem_solving,10
8900,0.003411728178484612,0.128808,0.005748194471409529,0.8560000000000001,0.5333962767815211,0.5784992892218019,[0.         0.         0.         0.         0.90929986 0.01325608 0.         0.         0.01222984 0.         0.0132039  0.         0.         0.         0.         0.01222984 0.01222984 0.         0.         0.         0.         0.         0.         0.         0.         0.01222984 0.         0.         0.         0.         0.01532081],[0. 0. 0. 0. 1. 1. 0. 0. 1. 0. 1. 0. 0. 0. 0. 1. 1. 0. 0. 0. 0. 0. 0. 0. 0. 1. 0. 0. 0. 0. 1.],8.0,best,10000,100000,100,0.9,0.5,0.9,0.5,0.9,3,0.41,1,8,,problem_solving,10
9000,0.003411728178484612,0.128808,0.005748194471409529,0.8600000000000001,0.5302702408070095,3.2736464960484124,[0.         0.         0.         0.         0.90929986 0.01325608 0.         0.         0.01222984 0.         0.0132039  0.         0.         0.         0.         0.01222984 0.01222984 0.         0.         0.         0.         0.         0.         0.         0.         0.01222984 0.         0.         0.         0.         0.01532081],[0. 0. 0. 0. 1. 1. 0. 0. 1. 0. 1. 0. 0. 0. 0. 1. 1. 0. 0. 0. 0. 0. 0. 0. 0. 1. 0. 0. 0. 0. 1.],8.0,best,10000,100000,100,0.9,0.5,0.9,0.5,0.9,3,0.41,1,8,,problem_solving,10
9100,0.003411728178484612,0.128808,0.005748194471409529,0.8640000000000001,0.5271625253595416,2.340963673654547,[0.         0.         0.         0.         0.90929986 0.01325608 0.         0.         0.01222984 0.         0.0132039  0.         0.         0.         0.         0.01222984 0.01222984 0.         0.         0.         0.         0.         0.         0.         0.         0.01222984 0.         0.         0.         0.         0.01532081],[0. 0. 0. 0. 1. 1. 0. 0. 1. 0. 1. 0. 0. 0. 0. 1. 1. 0. 0. 0. 0. 0. 0. 0. 0. 1. 0. 0. 0. 0. 1.],8.0,best,10000,100000,100,0.9,0.5,0.9,0.5,0.9,3,0.41,1,8,,problem_solving,10
9200,0.003411728178484612,0.128808,0.005748194471409529,0.8680000000000001,0.5240730230693647,-0.18053878445511945,[0.         0.         0.         0.         0.90929986 0.01325608 0.         0.         0.01222984 0.         0.0132039  0.         0.         0.         0.         0.01222984 0.01222984 0.         0.         0.         0.         0.         0.         0.         0.         0.01222984 0.         0.         0.         0.         0.01532081],[0. 0. 0. 0. 1. 1. 0. 0. 1. 0. 1. 0. 0. 0. 0. 1. 1. 0. 0. 0. 0. 0. 0. 0. 0. 1. 0. 0. 0. 0. 1.],8.0,best,10000,100000,100,0.9,0.5,0.9,0.5,0.9,3,0.41,1,8,,problem_solving,10
9300,0.003411728178484612,0.128808,0.005748194471409529,0.8720000000000001,0.5210016271959791,-1.3480152676990629,[0.         0.         0.         0.         0.90929986 0.01325608 0.         0.         0.01222984 0.         0.0132039  0.         0.         0.         0.         0.01222984 0.01222984 0.         0.         0.         0.         0.         0.         0.         0.         0.01222984 0.         0.         0.         0.         0.01532081],[0. 0. 0. 0. 1. 1. 0. 0. 1. 0. 1. 0. 0. 0. 0. 1. 1. 0. 0. 0. 0. 0. 0. 0. 0. 1. 0. 0. 0. 0. 1.],8.0,best,10000,100000,100,0.9,0.5,0.9,0.5,0.9,3,0.41,1,8,,problem_solving,10
9400,0.003411728178484612,0.128808,0.005748194471409529,0.8760000000000001,0.5179482316244518,0.1374734545430898,[0.         0.         0.         0.         0.90929986 0.01325608 0.         0.         0.01222984 0.         0.0132039  0.         0.         0.         0.         0.01222984 0.01222984 0.         0.         0.         0.         0.         0.         0.         0.         0.01222984 0.         0.         0.         0.         0.01532081],[0. 0. 0. 0. 1. 1. 0. 0. 1. 0. 1. 0. 0. 0. 0. 1. 1. 0. 0. 0. 0. 0. 0. 0. 0. 1. 0. 0. 0. 0. 1.],8.0,best,10000,100000,100,0.9,0.5,0.9,0.5,0.9,3,0.41,1,8,,problem_solving,10
9500,0.003411728178484612,0.128808,0.005748194471409529,0.88,0.5149127308617497,0.7681946755525851,[0.         0.         0.         0.         0.90929986 0.01325608 0.         0.         0.01222984 0.         0.0132039  0.         0.         0.         0.         0.01222984 0.01222984 0.         0.         0.         0.         0.         0.         0.         0.         0.01222984 0.         0.         0.         0.         0.01532081],[0. 0. 0. 0. 1. 1. 0. 0. 1. 0. 1. 0. 0. 0. 0. 1. 1. 0. 0. 0. 0. 0. 0. 0. 0. 1. 0. 0. 0. 0. 1.],8.0,best,10000,100000,100,0.9,0.5,0.9,0.5,0.9,3,0.41,1,8,,problem_solving,10
9600,0.003411728178484612,0.128808,0.005748194471409529,0.884,0.5118950200330946,0.7037878889616782,[0.         0.         0.         0.         0.90929986 0.01325608 0.         0.         0.01222984 0.         0.0132039  0.         0.         0.         0.         0.01222984 0.01222984 0.         0.         0.         0.         0.         0.         0.         0.         0.01222984 0.         0.         0.         0.         0.01532081],[0. 0. 0. 0. 1. 1. 0. 0. 1. 0. 1. 0. 0. 0. 0. 1. 1. 0. 0. 0. 0. 0. 0. 0. 0. 1. 0. 0. 0. 0. 1.],8.0,best,10000,100000,100,0.9,0.5,0.9,0.5,0.9,3,0.41,1,8,,problem_solving,10
9700,0.003411728178484612,0.128808,0.005748194471409529,0.888,0.5088949948783402,-0.16276216664298873,[0.         0.         0.         0.         0.90929986 0.01325608 0.         0.         0.01222984 0.         0.0132039  0.         0.         0.         0.         0.01222984 0.01222984 0.         0.         0.         0.         0.         0.         0.         0.         0.01222984 0.         0.         0.         0.         0.01532081],[0. 0. 0. 0. 1. 1. 0. 0. 1. 0. 1. 0. 0. 0. 0. 1. 1. 0. 0. 0. 0. 0. 0. 0. 0. 1. 0. 0. 0. 0. 1.],8.0,best,10000,100000,100,0.9,0.5,0.9,0.5,0.9,3,0.41,1,8,,problem_solving,10
9800,0.003411728178484612,0.128808,0.005748194471409529,0.892,0.5059125517483702,-0.12598036605570875,[0.         0.         0.         0.         0.90929986 0.01325608 0.         0.         0.01222984 0.         0.0132039  0.         0.         0.         0.         0.01222984 0.01222984 0.         0.         0.         0.         0.         0.         0.         0.         0.01222984 0.         0.         0.         0.         0.01532081],[0. 0. 0. 0. 1. 1. 0. 0. 1. 0. 1. 0. 0. 0. 0. 1. 1. 0. 0. 0. 0. 0. 0. 0. 0. 1. 0. 0. 0. 0. 1.],8.0,best,10000,100000,100,0.9,0.5,0.9,0.5,0.9,3,0.41,1,8,,problem_solving,10
9900,0.003411728178484612,0.128808,0.005748194471409529,0.896,0.5029475876015165,1.759957417785821,[0.         0.         0.         0.         0.90929986 0.01325608 0.         0.         0.01222984 0.         0.0132039  0.         0.         0.         0.         0.01222984 0.01222984 0.         0.         0.         0.         0.         0.         0.         0.         0.01222984 0.         0.         0.         0.         0.01532081],[0. 0. 0. 0. 1. 1. 0. 0. 1. 0. 1. 0. 0. 0. 0. 1. 1. 0. 0. 0. 0. 0. 0. 0. 0. 1. 0. 0. 0. 0. 1.],8.0,best,10000,100000,100,0.9,0.5,0.9,0.5,0.9,3,0.41,1,8,,problem_solving,10
9999,0.003411728178484612,0.128808,0.005748194471409529,0.8999600000000001,0.500029390196995,1.6454227793088703,[0.         0.         0.         0.         0.90929986 0.01325608 0.         0.         0.01222984 0.         0.0132039  0.         0.         0.         0.         0.01222984 0.01222984 0.         0.         0.         0.         0.         0.         0.         0.         0.01222984 0.         0.         0.         0.         0.01532081],[0. 0. 0. 0. 1. 1. 0. 0. 1. 0. 1. 0. 0. 0. 0. 1. 1. 0. 0. 0. 0. 0. 0. 0. 0. 1. 0. 0. 0. 0. 1.],8.0,best,10000,100000,100,0.9,0.5,0.9,0.5,0.9,3,0.41,1,8,,problem_solving,10
