iter,cost,risk,return,par,bw,move,X,Z,Q,pop_init,max_iter,pop_size,mem_size,mem_consider,par_min,par_max,bw_min,bw_max,sigma,lambda,port_n,k,seed,tag,local_search
1,-0.0015201820269863933,0.102869,0.004584435605582508,0.50004,0.8999471007548476,0.4146405796866001,[0.         0.         0.         0.         0.93336134 0.         0.         0.         0.         0.         0.01230734 0.         0.         0.         0.         0.         0.         0.         0.01293164 0.         0.         0.01230734 0.         0.         0.         0.0142666  0.         0.01482575 0.         0.         0.        ],[0. 0. 0. 0. 1. 0. 0. 0. 0. 0. 1. 0. 0. 0. 0. 0. 0. 0. 1. 0. 0. 1. 0. 0. 0. 1. 0. 1. 0. 0. 0.],6.0,best,10000,100000,100,0.9,0.5,0.9,0.5,0.9,3,0.16,1,6,,problem_solving,10
100,-0.005138233428314366,0.099596,0.004059484667509717,0.504,0.894725436791504,-2.802284495252031,[0.01122836 0.         0.         0.         0.92314393 0.         0.         0.         0.02907905 0.         0.         0.         0.         0.         0.         0.         0.         0.         0.         0.         0.         0.01207748 0.         0.         0.         0.01188027 0.01259091 0.         0.         0.         0.        ],[1. 0. 0. 0. 1. 0. 0. 0. 1. 0. 0. 0. 0. 0. 0. 0. 0. 0. 0. 0. 0. 1. 0. 0. 0. 1. 1. 0. 0. 0. 0.],6.0,best,10000,100000,100,0.9,0.5,0.9,0.5,0.9,3,0.16,1,6,,problem_solving,10
200,-0.005505268295896464,0.076093,0.004121225083180457,0.508,0.8894817858241639,-1.5700603395905675,[0.         0.         0.         0.         0.9276735  0.         0.         0.         0.         0.01409121 0.         0.         0.         0.         0.01264952 0.01530291 0.01666835 0.         0.         0.         0.         0.         0.         0.         0.         0.0136145  0.         0.         0.         0.         0.        ],[0. 0. 0. 0. 1. 0. 0. 0. 0. 1. 0. 0. 0. 0. 1. 1. 1. 0. 0. 0. 0. 0. 0. 0. 0. 1. 0. 0. 0. 0. 0.],6.0,best,10000,100000,100,0.9,0.5,0.9,0.5,0.9,3,0.16,1,6,,problem_solving,10
300,-0.005505268295896464,0.076093,0.004121225083180457,0.512,0.8842688659329022,-1.733856999043318,[0.         0.         0.         0.         0.9276735  0.         0.         0.         0.         0.01409121 0.         0.         0.         0.         0.01264952 0.01530291 0.01666835 0.         0.         0.         0.         0.         0.         0.         0.         0.0136145  0.         0.         0.         0.         0.        ],[0. 0. 0. 0. 1. 0. 0. 0. 0. 1. 0. 0. 0. 0. 1. 1. 1. 0. 0. 0. 0. 0. 0. 0. 0. 1. 0. 0. 0. 0. 0.],6.0,best,10000,100000,100,0.9,0.5,0.9,0.5,0.9,3,0.16,1,6,,problem_solving,10
400,-0.005505268295896464,0.076093,0.004121225083180457,0.516,0.879086497014382,1.2946778557751022,[0.         0.         0.         0.         0.9276735  0.         0.         0.         0.         0.01409121 0.         0.         0.         0.         0.01264952 0.01530291 0.01666835 0.         0.         0.         0.         0.         0.         0.         0.         0.0136145  0.         0.         0.         0.         0.        ],[0. 0. 0. 0. 1. 0. 0. 0. 0. 1. 0. 0. 0. 0. 1. 1. 1. 0. 0. 0. 0. 0. 0. 0. 0. 1. 0. 0. 0. 0. 0.],6.0,best,10000,100000,100,0.9,0.5,0.9,0.5,0.9,3,0.16,1,6,,problem_solving,10
500,-0.00565542936924769,0.107136,0.005667946488306778,0.52,0.8739345000207845,1.7918599712750802,[0.         0.0139374  0.         0.         0.92922618 0.         0.         0.         0.0139374  0.         0.         0.         0.         0.         0.         0.         0.         0.         0.         0.         0.         0.         0.         0.         0.         0.01787511 0.         0.         0.0139374  0.         0.0110865 ],[0. 1. 0. 0. 1. 0. 0. 0. 1. 0. 0. 0. 0. 0. 0. 0. 0. 0. 0. 0. 0. 0. 0. 0. 0. 1. 0. 0. 1. 0. 1.],6.0,best,10000,100000,100,0.9,0.5,0.9,0.5,0.9,3,0.16,1,6,,problem_solving,10
600,-0.00565542936924769,0.107136,0.005667946488306778,0.524,0.8688126969536234,-1.106405754553881,[0.         0.0139374  0.         0.         0.92922618 0.         0.         0.         0.0139374  0.         0.         0.         0.         0.         0.         0.         0.         0.         0.         0.         0.         0.         0.         0.         0.         0.01787511 0.         0.         0.0139374  0.         0.0110865 ],[0. 1. 0. 0. 1. 0. 0. 0. 1. 0. 0. 0. 0. 0. 0. 0. 0. 0. 0. 0. 0. 0. 0. 0. 0. 1. 0. 0. 1. 0. 1.],6.0,best,10000,100000,100,0.9,0.5,0.9,0.5,0.9,3,0.16,1,6,,problem_solving,10
700,-0.00565542936924769,0.107136,0.005667946488306778,0.528,0.8637209108575947,-4.3867029534501105,[0.         0.0139374  0.         0.         0.92922618 0.         0.         0.         0.0139374  0.         0.         0.         0.         0.         0.         0.         0.         0.         0.         0.         0.         0.         0.         0.         0.         0.01787511 0.         0.         0.0139374  0.         0.0110865 ],[0. 1. 0. 0. 1. 0. 0. 0. 1. 0. 0. 0. 0. 0. 0. 0. 0. 0. 0. 0. 0. 0. 0. 0. 0. 1. 0. 0. 1. 0. 1.],6.0,best,10000,100000,100,0.9,0.5,0.9,0.5,0.9,3,0.16,1,6,,problem_solving,10
800,-0.00565542936924769,0.107136,0.005667946488306778,0.532,0.8586589658144633,-2.0800337293833597,[0.         0.0139374  0.         0.         0.92922618 0.         0.         0.         0.0139374  0.         0.         0.         0.         0.         0.         0.         0.         0.         0.         0.         0.         0.         0.         0.         0.         0.01787511 0.         0.         0.0139374  0.         0.0110865 ],[0. 1. 0. 0. 1. 0. 0. 0. 1. 0. 0. 0. 0. 0. 0. 0. 0. 0. 0. 0. 0. 0. 0. 0. 0. 1. 0. 0. 1. 0. 1.],6.0,best,10000,100000,100,0.9,0.5,0.9,0.5,0.9,3,0.16,1,6,,problem_solving,10
900,-0.00565542936924769,0.107136,0.005667946488306778,0.536,0.8536266869369854,-1.496568543241398,[0.         0.0139374  0.         0.         0.92922618 0.         0.         0.         0.0139374  0.         0.         0.         0.         0.         0.         0.         0.         0.         0.         0.         0.         0.         0.         0.         0.         0.01787511 0.         0.         0.0139374  0.         0.0110865 ],[0. 1. 0. 0. 1. 0. 0. 0. 1. 0. 0. 0. 0. 0. 0. 0. 0. 0. 0. 0. 0. 0. 0. 0. 0. 1. 0. 0. 1. 0. 1.],6.0,best,10000,100000,100,0.9,0.5,0.9,0.5,0.9,3,0.16,1,6,,problem_solving,10
1000,-0.00565542936924769,0.107136,0.005667946488306778,0.54,0.8486239003628652,0.4974388896388268,[0.         0.0139374  0.         0.         0.92922618 0.         0.         0.         0.0139374  0.         0.         0.         0.         0.         0.         0.         0.         0.         0.         0.         0.         0.         0.         0.         0.         0.01787511 0.         0.         0.0139374  0.         0.0110865 ],[0. 1. 0. 0. 1. 0. 0. 0. 1. 0. 0. 0. 0. 0. 0. 0. 0. 0. 0. 0. 0. 0. 0. 0. 0. 1. 0. 0. 1. 0. 1.],6.0,best,10000,100000,100,0.9,0.5,0.9,0.5,0.9,3,0.16,1,6,,problem_solving,10
1100,-0.00565542936924769,0.107136,0.005667946488306778,0.544,0.8436504332487491,-0.43220662979646995,[0.         0.0139374  0.         0.         0.92922618 0.         0.         0.         0.0139374  0.         0.         0.         0.         0.         0.         0.         0.         0.         0.         0.         0.         0.         0.         0.         0.         0.01787511 0.         0.         0.0139374  0.         0.0110865 ],[0. 1. 0. 0. 1. 0. 0. 0. 1. 0. 0. 0. 0. 0. 0. 0. 0. 0. 0. 0. 0. 0. 0. 0. 0. 1. 0. 0. 1. 0. 1.],6.0,best,10000,100000,100,0.9,0.5,0.9,0.5,0.9,3,0.16,1,6,,problem_solving,10
1200,-0.00565542936924769,0.107136,0.005667946488306778,0.548,0.838706113764254,-0.13078334389195376,[0.         0.0139374  0.         0.         0.92922618 0.         0.         0.         0.0139374  0.         0.         0.         0.         0.         0.         0.         0.         0.         0.         0.         0.         0.         0.         0.         0.         0.01787511 0.         0.         0.0139374  0.         0.0110865 ],[0. 1. 0. 0. 1. 0. 0. 0. 1. 0. 0. 0. 0. 0. 0. 0. 0. 0. 0. 0. 0. 0. 0. 0. 0. 1. 0. 0. 1. 0. 1.],6.0,best,10000,100000,100,0.9,0.5,0.9,0.5,0.9,3,0.16,1,6,,problem_solving,10
1300,-0.00565542936924769,0.107136,0.005667946488306778,0.552,0.83379077108603,1.559634729638047,[0.         0.0139374  0.         0.         0.92922618 0.         0.         0.         0.0139374  0.         0.         0.         0.         0.         0.         0.         0.         0.         0.         0.         0.         0.         0.         0.         0.         0.01787511 0.         0.         0.0139374  0.         0.0110865 ],[0. 1. 0. 0. 1. 0. 0. 0. 1. 0. 0. 0. 0. 0. 0. 0. 0. 0. 0. 0. 0. 0. 0. 0. 0. 1. 0. 0. 1. 0. 1.],6.0,best,10000,100000,100,0.9,0.5,0.9,0.5,0.9,3,0.16,1,6,,problem_solving,10
1400,-0.00565542936924769,0.107136,0.005667946488306778,0.556,0.828904235391859,3.0671114636855474,[0.         0.0139374  0.         0.         0.92922618 0.         0.         0.         0.0139374  0.         0.         0.         0.         0.         0.         0.         0.         0.         0.         0.         0.         0.         0.         0.         0.         0.01787511 0.         0.         0.0139374  0.         0.0110865 ],[0. 1. 0. 0. 1. 0. 0. 0. 1. 0. 0. 0. 0. 0. 0. 0. 0. 0. 0. 0. 0. 0. 0. 0. 0. 1. 0. 0. 1. 0. 1.],6.0,best,10000,100000,100,0.9,0.5,0.9,0.5,0.9,3,0.16,1,6,,problem_solving,10
1500,-0.00565542936924769,0.107136,0.005667946488306778,0.56,0.8240463378547873,2.347119492674881,[0.         0.0139374  0.         0.         0.92922618 0.         0.         0.         0.0139374  0.         0.         0.         0.         0.         0.         0.         0.         0.         0.         0.         0.         0.         0.         0.         0.         0.01787511 0.         0.         0.0139374  0.         0.0110865 ],[0. 1. 0. 0. 1. 0. 0. 0. 1. 0. 0. 0. 0. 0. 0. 0. 0. 0. 0. 0. 0. 0. 0. 0. 0. 1. 0. 0. 1. 0. 1.],6.0,best,10000,100000,100,0.9,0.5,0.9,0.5,0.9,3,0.16,1,6,,problem_solving,10
1600,-0.00565542936924769,0.107136,0.005667946488306778,0.5640000000000001,0.8192169106372932,-2.5935187905008177,[0.         0.0139374  0.         0.         0.92922618 0.         0.         0.         0.0139374  0.         0.         0.         0.         0.         0.         0.         0.         0.         0.         0.         0.         0.         0.         0.         0.         0.01787511 0.         0.         0.0139374  0.         0.0110865 ],[0. 1. 0. 0. 1. 0. 0. 0. 1. 0. 0. 0. 0. 0. 0. 0. 0. 0. 0. 0. 0. 0. 0. 0. 0. 1. 0. 0. 1. 0. 1.],6.0,best,10000,100000,100,0.9,0.5,0.9,0.5,0.9,3,0.16,1,6,,problem_solving,10
1700,-0.00565542936924769,0.107136,0.005667946488306778,0.5680000000000001,0.8144157868854872,-0.6352601402554566,[0.         0.0139374  0.         0.         0.92922618 0.         0.         0.         0.0139374  0.         0.         0.         0.         0.         0.         0.         0.         0.         0.         0.         0.         0.         0.         0.         0.         0.01787511 0.         0.         0.0139374  0.         0.0110865 ],[0. 1. 0. 0. 1. 0. 0. 0. 1. 0. 0. 0. 0. 0. 0. 0. 0. 0. 0. 0. 0. 0. 0. 0. 0. 1. 0. 0. 1. 0. 1.],6.0,best,10000,100000,100,0.9,0.5,0.9,0.5,0.9,3,0.16,1,6,,problem_solving,10
1800,-0.00565542936924769,0.107136,0.005667946488306778,0.5720000000000001,0.8096428007233489,-0.8529872128892029,[0.         0.0139374  0.         0.         0.92922618 0.         0.         0.         0.0139374  0.         0.         0.         0.         0.         0.         0.         0.         0.         0.         0.         0.         0.         0.         0.         0.         0.01787511 0.         0.         0.0139374  0.         0.0110865 ],[0. 1. 0. 0. 1. 0. 0. 0. 1. 0. 0. 0. 0. 0. 0. 0. 0. 0. 0. 0. 0. 0. 0. 0. 0. 1. 0. 0. 1. 0. 1.],6.0,best,10000,100000,100,0.9,0.5,0.9,0.5,0.9,3,0.16,1,6,,problem_solving,10
1900,-0.00565542936924769,0.107136,0.005667946488306778,0.5760000000000001,0.8048977872469943,-3.92165208576789,[0.         0.0139374  0.         0.         0.92922618 0.         0.         0.         0.0139374  0.         0.         0.         0.         0.         0.         0.         0.         0.         0.         0.         0.         0.         0.         0.         0.         0.01787511 0.         0.         0.0139374  0.         0.0110865 ],[0. 1. 0. 0. 1. 0. 0. 0. 1. 0. 0. 0. 0. 0. 0. 0. 0. 0. 0. 0. 0. 0. 0. 0. 0. 1. 0. 0. 1. 0. 1.],6.0,best,10000,100000,100,0.9,0.5,0.9,0.5,0.9,3,0.16,1,6,,problem_solving,10
2000,-0.00565542936924769,0.107136,0.005667946488306778,0.58,0.80018058251898,0.06779816151019459,[0.         0.0139374  0.         0.         0.92922618 0.         0.         0.         0.0139374  0.         0.         0.         0.         0.         0.         0.         0.         0.         0.         0.         0.         0.         0.         0.         0.         0.01787511 0.         0.         0.0139374  0.         0.0110865 ],[0. 1. 0. 0. 1. 0. 0. 0. 1. 0. 0. 0. 0. 0. 0. 0. 0. 0. 0. 0. 0. 0. 0. 0. 0. 1. 0. 0. 1. 0. 1.],6.0,best,10000,100000,100,0.9,0.5,0.9,0.5,0.9,3,0.16,1,6,,problem_solving,10
2100,-0.00565542936924769,0.107136,0.005667946488306778,0.584,0.7954910235626383,-2.2227092025651114,[0.         0.0139374  0.         0.         0.92922618 0.         0.         0.         0.0139374  0.         0.         0.         0.         0.         0.         0.         0.         0.         0.         0.         0.         0.         0.         0.         0.         0.01787511 0.         0.         0.0139374  0.         0.0110865 ],[0. 1. 0. 0. 1. 0. 0. 0. 1. 0. 0. 0. 0. 0. 0. 0. 0. 0. 0. 0. 0. 0. 0. 0. 0. 1. 0. 0. 1. 0. 1.],6.0,best,10000,100000,100,0.9,0.5,0.9,0.5,0.9,3,0.16,1,6,,problem_solving,10
2200,-0.00565542936924769,0.107136,0.005667946488306778,0.588,0.7908289483564468,2.2493268581588834,[0.         0.0139374  0.         0.         0.92922618 0.         0.         0.         0.0139374  0.         0.         0.         0.         0.         0.         0.         0.         0.         0.         0.         0.         0.         0.         0.         0.         0.01787511 0.         0.         0.0139374  0.         0.0110865 ],[0. 1. 0. 0. 1. 0. 0. 0. 1. 0. 0. 0. 0. 0. 0. 0. 0. 0. 0. 0. 0. 0. 0. 0. 0. 1. 0. 0. 1. 0. 1.],6.0,best,10000,100000,100,0.9,0.5,0.9,0.5,0.9,3,0.16,1,6,,problem_solving,10
2300,-0.00565542936924769,0.107136,0.005667946488306778,0.592,0.7861941958284306,-0.3675653377830221,[0.         0.0139374  0.         0.         0.92922618 0.         0.         0.         0.0139374  0.         0.         0.         0.         0.         0.         0.         0.         0.         0.         0.         0.         0.         0.         0.         0.         0.01787511 0.         0.         0.0139374  0.         0.0110865 ],[0. 1. 0. 0. 1. 0. 0. 0. 1. 0. 0. 0. 0. 0. 0. 0. 0. 0. 0. 0. 0. 0. 0. 0. 0. 1. 0. 0. 1. 0. 1.],6.0,best,10000,100000,100,0.9,0.5,0.9,0.5,0.9,3,0.16,1,6,,problem_solving,10
2400,-0.00565542936924769,0.107136,0.005667946488306778,0.596,0.7815866058505976,-3.3017281286784765,[0.         0.0139374  0.         0.         0.92922618 0.         0.         0.         0.0139374  0.         0.         0.         0.         0.         0.         0.         0.         0.         0.         0.         0.         0.         0.         0.         0.         0.01787511 0.         0.         0.0139374  0.         0.0110865 ],[0. 1. 0. 0. 1. 0. 0. 0. 1. 0. 0. 0. 0. 0. 0. 0. 0. 0. 0. 0. 0. 0. 0. 0. 0. 1. 0. 0. 1. 0. 1.],6.0,best,10000,100000,100,0.9,0.5,0.9,0.5,0.9,3,0.16,1,6,,problem_solving,10
2500,-0.00565542936924769,0.107136,0.005667946488306778,0.6,0.7770060192334055,2.1801798637178607,[0.         0.0139374  0.         0.         0.92922618 0.         0.         0.         0.0139374  0.         0.         0.         0.         0.         0.         0.         0.         0.         0.         0.         0.         0.         0.         0.         0.         0.01787511 0.         0.         0.0139374  0.         0.0110865 ],[0. 1. 0. 0. 1. 0. 0. 0. 1. 0. 0. 0. 0. 0. 0. 0. 0. 0. 0. 0. 0. 0. 0. 0. 0. 1. 0. 0. 1. 0. 1.],6.0,best,10000,100000,100,0.9,0.5,0.9,0.5,0.9,3,0.16,1,6,,problem_solving,10
2600,-0.00565542936924769,0.107136,0.005667946488306778,0.604,0.7724522777202627,-1.141812121966918,[0.         0.0139374  0.         0.         0.92922618 0.         0.         0.         0.0139374  0.         0.         0.         0.         0.         0.         0.         0.         0.         0.         0.         0.         0.         0.         0.         0.         0.01787511 0.         0.         0.0139374  0.         0.0110865 ],[0. 1. 0. 0. 1. 0. 0. 0. 1. 0. 0. 0. 0. 0. 0. 0. 0. 0. 0. 0. 0. 0. 0. 0. 0. 1. 0. 0. 1. 0. 1.],6.0,best,10000,100000,100,0.9,0.5,0.9,0.5,0.9,3,0.16,1,6,,problem_solving,10
2700,-0.005894059586854143,0.102437,0.005151415865017903,0.608,0.7679252239820602,-4.16433984044361,[0.         0.         0.         0.         0.93523676 0.         0.         0.01413811 0.01322001 0.         0.         0.         0.         0.         0.         0.         0.         0.         0.         0.         0.         0.         0.01230885 0.         0.         0.01230885 0.         0.01278741 0.         0.         0.        ],[0. 0. 0. 0. 1. 0. 0. 1. 1. 0. 0. 0. 0. 0. 0. 0. 0. 0. 0. 0. 0. 0. 1. 0. 0. 1. 0. 1. 0. 0. 0.],6.0,best,10000,100000,100,0.9,0.5,0.9,0.5,0.9,3,0.16,1,6,,problem_solving,10
2800,-0.005894059586854143,0.102437,0.005151415865017903,0.612,0.7634247016117359,3.121161138410775,[0.         0.         0.         0.         0.93523676 0.         0.         0.01413811 0.01322001 0.         0.         0.         0.         0.         0.         0.         0.         0.         0.         0.         0.         0.         0.01230885 0.         0.         0.01230885 0.         0.01278741 0.         0.         0.        ],[0. 0. 0. 0. 1. 0. 0. 1. 1. 0. 0. 0. 0. 0. 0. 0. 0. 0. 0. 0. 0. 0. 1. 0. 0. 1. 0. 1. 0. 0. 0.],6.0,best,10000,100000,100,0.9,0.5,0.9,0.5,0.9,3,0.16,1,6,,problem_solving,10
2900,-0.005894059586854143,0.102437,0.005151415865017903,0.616,0.758950555118871,1.5906859999081135,[0.         0.         0.         0.         0.93523676 0.         0.         0.01413811 0.01322001 0.         0.         0.         0.         0.         0.         0.         0.         0.         0.         0.         0.         0.         0.01230885 0.         0.         0.01230885 0.         0.01278741 0.         0.         0.        ],[0. 0. 0. 0. 1. 0. 0. 1. 1. 0. 0. 0. 0. 0. 0. 0. 0. 0. 0. 0. 0. 0. 1. 0. 0. 1. 0. 1. 0. 0. 0.],6.0,best,10000,100000,100,0.9,0.5,0.9,0.5,0.9,3,0.16,1,6,,problem_solving,10
3000,-0.005894059586854143,0.102437,0.005151415865017903,0.62,0.754502629924318,1.568681593525628,[0.         0.         0.         0.         0.93523676 0.         0.         0.01413811 0.01322001 0.         0.         0.         0.         0.         0.         0.         0.         0.         0.         0.         0.         0.         0.01230885 0.         0.         0.01230885 0.         0.01278741 0.         0.         0.        ],[0. 0. 0. 0. 1. 0. 0. 1. 1. 0. 0. 0. 0. 0. 0. 0. 0. 0. 0. 0. 0. 0. 1. 0. 0. 1. 0. 1. 0. 0. 0.],6.0,best,10000,100000,100,0.9,0.5,0.9,0.5,0.9,3,0.16,1,6,,problem_solving,10
3100,-0.005894059586854143,0.102437,0.005151415865017903,0.624,0.7500807723548599,0.8326824975553567,[0.         0.         0.         0.         0.93523676 0.         0.         0.01413811 0.01322001 0.         0.         0.         0.         0.         0.         0.         0.         0.         0.         0.         0.         0.         0.01230885 0.         0.         0.01230885 0.         0.01278741 0.         0.         0.        ],[0. 0. 0. 0. 1. 0. 0. 1. 1. 0. 0. 0. 0. 0. 0. 0. 0. 0. 0. 0. 0. 0. 1. 0. 0. 1. 0. 1. 0. 0. 0.],6.0,best,10000,100000,100,0.9,0.5,0.9,0.5,0.9,3,0.16,1,6,,problem_solving,10
3200,-0.005894059586854143,0.102437,0.005151415865017903,0.628,0.7456848296379007,-1.3916986789566548,[0.         0.         0.         0.         0.93523676 0.         0.         0.01413811 0.01322001 0.         0.         0.         0.         0.         0.         0.         0.         0.         0.         0.         0.         0.         0.01230885 0.         0.         0.01230885 0.         0.01278741 0.         0.         0.        ],[0. 0. 0. 0. 1. 0. 0. 1. 1. 0. 0. 0. 0. 0. 0. 0. 0. 0. 0. 0. 0. 0. 1. 0. 0. 1. 0. 1. 0. 0. 0.],6.0,best,10000,100000,100,0.9,0.5,0.9,0.5,0.9,3,0.16,1,6,,problem_solving,10
3300,-0.005894059586854143,0.102437,0.005151415865017903,0.632,0.7413146498961878,0.7228667894817918,[0.         0.         0.         0.         0.93523676 0.         0.         0.01413811 0.01322001 0.         0.         0.         0.         0.         0.         0.         0.         0.         0.         0.         0.         0.         0.01230885 0.         0.         0.01230885 0.         0.01278741 0.         0.         0.        ],[0. 0. 0. 0. 1. 0. 0. 1. 1. 0. 0. 0. 0. 0. 0. 0. 0. 0. 0. 0. 0. 0. 1. 0. 0. 1. 0. 1. 0. 0. 0.],6.0,best,10000,100000,100,0.9,0.5,0.9,0.5,0.9,3,0.16,1,6,,problem_solving,10
3400,-0.005894059586854143,0.102437,0.005151415865017903,0.636,0.7369700821425638,-0.2142321174369188,[0.         0.         0.         0.         0.93523676 0.         0.         0.01413811 0.01322001 0.         0.         0.         0.         0.         0.         0.         0.         0.         0.         0.         0.         0.         0.01230885 0.         0.         0.01230885 0.         0.01278741 0.         0.         0.        ],[0. 0. 0. 0. 1. 0. 0. 1. 1. 0. 0. 0. 0. 0. 0. 0. 0. 0. 0. 0. 0. 0. 1. 0. 0. 1. 0. 1. 0. 0. 0.],6.0,best,10000,100000,100,0.9,0.5,0.9,0.5,0.9,3,0.16,1,6,,problem_solving,10
3500,-0.005894059586854143,0.102437,0.005151415865017903,0.64,0.7326509762747511,1.4692305065490159,[0.         0.         0.         0.         0.93523676 0.         0.         0.01413811 0.01322001 0.         0.         0.         0.         0.         0.         0.         0.         0.         0.         0.         0.         0.         0.01230885 0.         0.         0.01230885 0.         0.01278741 0.         0.         0.        ],[0. 0. 0. 0. 1. 0. 0. 1. 1. 0. 0. 0. 0. 0. 0. 0. 0. 0. 0. 0. 0. 0. 1. 0. 0. 1. 0. 1. 0. 0. 0.],6.0,best,10000,100000,100,0.9,0.5,0.9,0.5,0.9,3,0.16,1,6,,problem_solving,10
3600,-0.005894059586854143,0.102437,0.005151415865017903,0.644,0.7283571830701648,3.0098286626915245,[0.         0.         0.         0.         0.93523676 0.         0.         0.01413811 0.01322001 0.         0.         0.         0.         0.         0.         0.         0.         0.         0.         0.         0.         0.         0.01230885 0.         0.         0.01230885 0.         0.01278741 0.         0.         0.        ],[0. 0. 0. 0. 1. 0. 0. 1. 1. 0. 0. 0. 0. 0. 0. 0. 0. 0. 0. 0. 0. 0. 1. 0. 0. 1. 0. 1. 0. 0. 0.],6.0,best,10000,100000,100,0.9,0.5,0.9,0.5,0.9,3,0.16,1,6,,problem_solving,10
3700,-0.005894059586854143,0.102437,0.005151415865017903,0.648,0.7240885541807586,1.0032005046847776,[0.         0.         0.         0.         0.93523676 0.         0.         0.01413811 0.01322001 0.         0.         0.         0.         0.         0.         0.         0.         0.         0.         0.         0.         0.         0.01230885 0.         0.         0.01230885 0.         0.01278741 0.         0.         0.        ],[0. 0. 0. 0. 1. 0. 0. 1. 1. 0. 0. 0. 0. 0. 0. 0. 0. 0. 0. 0. 0. 0. 1. 0. 0. 1. 0. 1. 0. 0. 0.],6.0,best,10000,100000,100,0.9,0.5,0.9,0.5,0.9,3,0.16,1,6,,problem_solving,10
3800,-0.005894059586854143,0.102437,0.005151415865017903,0.652,0.7198449421278975,-1.0860427160161816,[0.         0.         0.         0.         0.93523676 0.         0.         0.01413811 0.01322001 0.         0.         0.         0.         0.         0.         0.         0.         0.         0.         0.         0.         0.         0.01230885 0.         0.         0.01230885 0.         0.01278741 0.         0.         0.        ],[0. 0. 0. 0. 1. 0. 0. 1. 1. 0. 0. 0. 0. 0. 0. 0. 0. 0. 0. 0. 0. 0. 1. 0. 0. 1. 0. 1. 0. 0. 0.],6.0,best,10000,100000,100,0.9,0.5,0.9,0.5,0.9,3,0.16,1,6,,problem_solving,10
3900,-0.005894059586854143,0.102437,0.005151415865017903,0.656,0.7156262002972644,2.156046031619519,[0.         0.         0.         0.         0.93523676 0.         0.         0.01413811 0.01322001 0.         0.         0.         0.         0.         0.         0.         0.         0.         0.         0.         0.         0.         0.01230885 0.         0.         0.01230885 0.         0.01278741 0.         0.         0.        ],[0. 0. 0. 0. 1. 0. 0. 1. 1. 0. 0. 0. 0. 0. 0. 0. 0. 0. 0. 0. 0. 0. 1. 0. 0. 1. 0. 1. 0. 0. 0.],6.0,best,10000,100000,100,0.9,0.5,0.9,0.5,0.9,3,0.16,1,6,,problem_solving,10
4000,-0.005894059586854143,0.102437,0.005151415865017903,0.66,0.7114321829337936,0.10543340550525963,[0.         0.         0.         0.         0.93523676 0.         0.         0.01413811 0.01322001 0.         0.         0.         0.         0.         0.         0.         0.         0.         0.         0.         0.         0.         0.01230885 0.         0.         0.01230885 0.         0.01278741 0.         0.         0.        ],[0. 0. 0. 0. 1. 0. 0. 1. 1. 0. 0. 0. 0. 0. 0. 0. 0. 0. 0. 0. 0. 0. 1. 0. 0. 1. 0. 1. 0. 0. 0.],6.0,best,10000,100000,100,0.9,0.5,0.9,0.5,0.9,3,0.16,1,6,,problem_solving,10
4100,-0.005894059586854143,0.102437,0.005151415865017903,0.664,0.707262745136635,-2.918183869700028,[0.         0.         0.         0.         0.93523676 0.         0.         0.01413811 0.01322001 0.         0.         0.         0.         0.         0.         0.         0.         0.         0.         0.         0.         0.         0.01230885 0.         0.         0.01230885 0.         0.01278741 0.         0.         0.        ],[0. 0. 0. 0. 1. 0. 0. 1. 1. 0. 0. 0. 0. 0. 0. 0. 0. 0. 0. 0. 0. 0. 1. 0. 0. 1. 0. 1. 0. 0. 0.],6.0,best,10000,100000,100,0.9,0.5,0.9,0.5,0.9,3,0.16,1,6,,problem_solving,10
4200,-0.005894059586854143,0.102437,0.005151415865017903,0.668,0.7031177428541489,-2.0914528310706064,[0.         0.         0.         0.         0.93523676 0.         0.         0.01413811 0.01322001 0.         0.         0.         0.         0.         0.         0.         0.         0.         0.         0.         0.         0.         0.01230885 0.         0.         0.01230885 0.         0.01278741 0.         0.         0.        ],[0. 0. 0. 0. 1. 0. 0. 1. 1. 0. 0. 0. 0. 0. 0. 0. 0. 0. 0. 0. 0. 0. 1. 0. 0. 1. 0. 1. 0. 0. 0.],6.0,best,10000,100000,100,0.9,0.5,0.9,0.5,0.9,3,0.16,1,6,,problem_solving,10
4300,-0.005894059586854143,0.102437,0.005151415865017903,0.672,0.6989970328789274,-1.1711779990888336,[0.         0.         0.         0.         0.93523676 0.         0.         0.01413811 0.01322001 0.         0.         0.         0.         0.         0.         0.         0.         0.         0.         0.         0.         0.         0.01230885 0.         0.         0.01230885 0.         0.01278741 0.         0.         0.        ],[0. 0. 0. 0. 1. 0. 0. 1. 1. 0. 0. 0. 0. 0. 0. 0. 0. 0. 0. 0. 0. 0. 1. 0. 0. 1. 0. 1. 0. 0. 0.],6.0,best,10000,100000,100,0.9,0.5,0.9,0.5,0.9,3,0.16,1,6,,problem_solving,10
4400,-0.005894059586854143,0.102437,0.005151415865017903,0.676,0.6949004728428485,1.9510281193275685,[0.         0.         0.         0.         0.93523676 0.         0.         0.01413811 0.01322001 0.         0.         0.         0.         0.         0.         0.         0.         0.         0.         0.         0.         0.         0.01230885 0.         0.         0.01230885 0.         0.01278741 0.         0.         0.        ],[0. 0. 0. 0. 1. 0. 0. 1. 1. 0. 0. 0. 0. 0. 0. 0. 0. 0. 0. 0. 0. 0. 1. 0. 0. 1. 0. 1. 0. 0. 0.],6.0,best,10000,100000,100,0.9,0.5,0.9,0.5,0.9,3,0.16,1,6,,problem_solving,10
4500,-0.005894059586854143,0.102437,0.005151415865017903,0.68,0.6908279212121557,1.6657419581215922,[0.         0.         0.         0.         0.93523676 0.         0.         0.01413811 0.01322001 0.         0.         0.         0.         0.         0.         0.         0.         0.         0.         0.         0.         0.         0.01230885 0.         0.         0.01230885 0.         0.01278741 0.         0.         0.        ],[0. 0. 0. 0. 1. 0. 0. 1. 1. 0. 0. 0. 0. 0. 0. 0. 0. 0. 0. 0. 0. 0. 1. 0. 0. 1. 0. 1. 0. 0. 0.],6.0,best,10000,100000,100,0.9,0.5,0.9,0.5,0.9,3,0.16,1,6,,problem_solving,10
4600,-0.005894059586854143,0.102437,0.005151415865017903,0.684,0.6867792372825697,-0.5264091417993811,[0.         0.         0.         0.         0.93523676 0.         0.         0.01413811 0.01322001 0.         0.         0.         0.         0.         0.         0.         0.         0.         0.         0.         0.         0.         0.01230885 0.         0.         0.01230885 0.         0.01278741 0.         0.         0.        ],[0. 0. 0. 0. 1. 0. 0. 1. 1. 0. 0. 0. 0. 0. 0. 0. 0. 0. 0. 0. 0. 0. 1. 0. 0. 1. 0. 1. 0. 0. 0.],6.0,best,10000,100000,100,0.9,0.5,0.9,0.5,0.9,3,0.16,1,6,,problem_solving,10
4700,-0.005894059586854143,0.102437,0.005151415865017903,0.6880000000000001,0.6827542811744257,-1.0644997995602759,[0.         0.         0.         0.         0.93523676 0.         0.         0.01413811 0.01322001 0.         0.         0.         0.         0.         0.         0.         0.         0.         0.         0.         0.         0.         0.01230885 0.         0.         0.01230885 0.         0.01278741 0.         0.         0.        ],[0. 0. 0. 0. 1. 0. 0. 1. 1. 0. 0. 0. 0. 0. 0. 0. 0. 0. 0. 0. 0. 0. 1. 0. 0. 1. 0. 1. 0. 0. 0.],6.0,best,10000,100000,100,0.9,0.5,0.9,0.5,0.9,3,0.16,1,6,,problem_solving,10
4800,-0.005894059586854143,0.102437,0.005151415865017903,0.692,0.6787529138278414,4.276503859510572,[0.         0.         0.         0.         0.93523676 0.         0.         0.01413811 0.01322001 0.         0.         0.         0.         0.         0.         0.         0.         0.         0.         0.         0.         0.         0.01230885 0.         0.         0.01230885 0.         0.01278741 0.         0.         0.        ],[0. 0. 0. 0. 1. 0. 0. 1. 1. 0. 0. 0. 0. 0. 0. 0. 0. 0. 0. 0. 0. 0. 1. 0. 0. 1. 0. 1. 0. 0. 0.],6.0,best,10000,100000,100,0.9,0.5,0.9,0.5,0.9,3,0.16,1,6,,problem_solving,10
4900,-0.005894059586854143,0.102437,0.005151415865017903,0.696,0.6747749969979128,-2.5896121082210217,[0.         0.         0.         0.         0.93523676 0.         0.         0.01413811 0.01322001 0.         0.         0.         0.         0.         0.         0.         0.         0.         0.         0.         0.         0.         0.01230885 0.         0.         0.01230885 0.         0.01278741 0.         0.         0.        ],[0. 0. 0. 0. 1. 0. 0. 1. 1. 0. 0. 0. 0. 0. 0. 0. 0. 0. 0. 0. 0. 0. 1. 0. 0. 1. 0. 1. 0. 0. 0.],6.0,best,10000,100000,100,0.9,0.5,0.9,0.5,0.9,3,0.16,1,6,,problem_solving,10
5000,-0.005894059586854143,0.102437,0.005151415865017903,0.7,0.6708203932499369,-0.34186751250550673,[0.         0.         0.         0.         0.93523676 0.         0.         0.01413811 0.01322001 0.         0.         0.         0.         0.         0.         0.         0.         0.         0.         0.         0.         0.         0.01230885 0.         0.         0.01230885 0.         0.01278741 0.         0.         0.        ],[0. 0. 0. 0. 1. 0. 0. 1. 1. 0. 0. 0. 0. 0. 0. 0. 0. 0. 0. 0. 0. 0. 1. 0. 0. 1. 0. 1. 0. 0. 0.],6.0,best,10000,100000,100,0.9,0.5,0.9,0.5,0.9,3,0.16,1,6,,problem_solving,10
5100,-0.005894059586854143,0.102437,0.005151415865017903,0.704,0.6668889659546647,-0.17088393793729292,[0.         0.         0.         0.         0.93523676 0.         0.         0.01413811 0.01322001 0.         0.         0.         0.         0.         0.         0.         0.         0.         0.         0.         0.         0.         0.01230885 0.         0.         0.01230885 0.         0.01278741 0.         0.         0.        ],[0. 0. 0. 0. 1. 0. 0. 1. 1. 0. 0. 0. 0. 0. 0. 0. 0. 0. 0. 0. 0. 0. 1. 0. 0. 1. 0. 1. 0. 0. 0.],6.0,best,10000,100000,100,0.9,0.5,0.9,0.5,0.9,3,0.16,1,6,,problem_solving,10
5200,-0.00599009392981017,0.09692,0.004782639439546365,0.708,0.6629805792835798,1.1359044338287858,[0.         0.         0.         0.         0.9373701  0.         0.         0.         0.         0.         0.         0.         0.         0.         0.         0.         0.01181924 0.01358609 0.         0.         0.         0.         0.         0.         0.         0.01181924 0.01358609 0.01181924 0.         0.         0.        ],[0. 0. 0. 0. 1. 0. 0. 0. 0. 0. 0. 0. 0. 0. 0. 0. 1. 1. 0. 0. 0. 0. 0. 0. 0. 1. 1. 1. 0. 0. 0.],6.0,best,10000,100000,100,0.9,0.5,0.9,0.5,0.9,3,0.16,1,6,,problem_solving,10
5300,-0.00599009392981017,0.09692,0.004782639439546365,0.712,0.6590950982042058,0.009671071302828842,[0.         0.         0.         0.         0.9373701  0.         0.         0.         0.         0.         0.         0.         0.         0.         0.         0.         0.01181924 0.01358609 0.         0.         0.         0.         0.         0.         0.         0.01181924 0.01358609 0.01181924 0.         0.         0.        ],[0. 0. 0. 0. 1. 0. 0. 0. 0. 0. 0. 0. 0. 0. 0. 0. 1. 1. 0. 0. 0. 0. 0. 0. 0. 1. 1. 1. 0. 0. 0.],6.0,best,10000,100000,100,0.9,0.5,0.9,0.5,0.9,3,0.16,1,6,,problem_solving,10
5400,-0.00599009392981017,0.09692,0.004782639439546365,0.716,0.6552323884754414,-1.1633770350994153,[0.         0.         0.         0.         0.9373701  0.         0.         0.         0.         0.         0.         0.         0.         0.         0.         0.         0.01181924 0.01358609 0.         0.         0.         0.         0.         0.         0.         0.01181924 0.01358609 0.01181924 0.         0.         0.        ],[0. 0. 0. 0. 1. 0. 0. 0. 0. 0. 0. 0. 0. 0. 0. 0. 1. 1. 0. 0. 0. 0. 0. 0. 0. 1. 1. 1. 0. 0. 0.],6.0,best,10000,100000,100,0.9,0.5,0.9,0.5,0.9,3,0.16,1,6,,problem_solving,10
5500,-0.00599009392981017,0.09692,0.004782639439546365,0.72,0.651392316642922,0.979137494065232,[0.         0.         0.         0.         0.9373701  0.         0.         0.         0.         0.         0.         0.         0.         0.         0.         0.         0.01181924 0.01358609 0.         0.         0.         0.         0.         0.         0.         0.01181924 0.01358609 0.01181924 0.         0.         0.        ],[0. 0. 0. 0. 1. 0. 0. 0. 0. 0. 0. 0. 0. 0. 0. 0. 1. 1. 0. 0. 0. 0. 0. 0. 0. 1. 1. 1. 0. 0. 0.],6.0,best,10000,100000,100,0.9,0.5,0.9,0.5,0.9,3,0.16,1,6,,problem_solving,10
5600,-0.00599009392981017,0.09692,0.004782639439546365,0.724,0.6475747500344088,1.3810069867937655,[0.         0.         0.         0.         0.9373701  0.         0.         0.         0.         0.         0.         0.         0.         0.         0.         0.         0.01181924 0.01358609 0.         0.         0.         0.         0.         0.         0.         0.01181924 0.01358609 0.01181924 0.         0.         0.        ],[0. 0. 0. 0. 1. 0. 0. 0. 0. 0. 0. 0. 0. 0. 0. 0. 1. 1. 0. 0. 0. 0. 0. 0. 0. 1. 1. 1. 0. 0. 0.],6.0,best,10000,100000,100,0.9,0.5,0.9,0.5,0.9,3,0.16,1,6,,problem_solving,10
5700,-0.00599009392981017,0.09692,0.004782639439546365,0.728,0.643779556755206,-1.3003046178050492,[0.         0.         0.         0.         0.9373701  0.         0.         0.         0.         0.         0.         0.         0.         0.         0.         0.         0.01181924 0.01358609 0.         0.         0.         0.         0.         0.         0.         0.01181924 0.01358609 0.01181924 0.         0.         0.        ],[0. 0. 0. 0. 1. 0. 0. 0. 0. 0. 0. 0. 0. 0. 0. 0. 1. 1. 0. 0. 0. 0. 0. 0. 0. 1. 1. 1. 0. 0. 0.],6.0,best,10000,100000,100,0.9,0.5,0.9,0.5,0.9,3,0.16,1,6,,problem_solving,10
5800,-0.00599009392981017,0.09692,0.004782639439546365,0.732,0.6400066056836028,2.8328083121964043,[0.         0.         0.         0.         0.9373701  0.         0.         0.         0.         0.         0.         0.         0.         0.         0.         0.         0.01181924 0.01358609 0.         0.         0.         0.         0.         0.         0.         0.01181924 0.01358609 0.01181924 0.         0.         0.        ],[0. 0. 0. 0. 1. 0. 0. 0. 0. 0. 0. 0. 0. 0. 0. 0. 1. 1. 0. 0. 0. 0. 0. 0. 0. 1. 1. 1. 0. 0. 0.],6.0,best,10000,100000,100,0.9,0.5,0.9,0.5,0.9,3,0.16,1,6,,problem_solving,10
5900,-0.00599009392981017,0.09692,0.004782639439546365,0.736,0.6362557664663436,1.3656263579100976,[0.         0.         0.         0.         0.9373701  0.         0.         0.         0.         0.         0.         0.         0.         0.         0.         0.         0.01181924 0.01358609 0.         0.         0.         0.         0.         0.         0.         0.01181924 0.01358609 0.01181924 0.         0.         0.        ],[0. 0. 0. 0. 1. 0. 0. 0. 0. 0. 0. 0. 0. 0. 0. 0. 1. 1. 0. 0. 0. 0. 0. 0. 0. 1. 1. 1. 0. 0. 0.],6.0,best,10000,100000,100,0.9,0.5,0.9,0.5,0.9,3,0.16,1,6,,problem_solving,10
6000,-0.00599009392981017,0.09692,0.004782639439546365,0.74,0.6325269095141249,0.4038584508035343,[0.         0.         0.         0.         0.9373701  0.         0.         0.         0.         0.         0.         0.         0.         0.         0.         0.         0.01181924 0.01358609 0.         0.         0.         0.         0.         0.         0.         0.01181924 0.01358609 0.01181924 0.         0.         0.        ],[0. 0. 0. 0. 1. 0. 0. 0. 0. 0. 0. 0. 0. 0. 0. 0. 1. 1. 0. 0. 0. 0. 0. 0. 0. 1. 1. 1. 0. 0. 0.],6.0,best,10000,100000,100,0.9,0.5,0.9,0.5,0.9,3,0.16,1,6,,problem_solving,10
6100,-0.00599009392981017,0.09692,0.004782639439546365,0.744,0.6288199059971172,0.0990136767602248,[0.         0.         0.         0.         0.9373701  0.         0.         0.         0.         0.         0.         0.         0.         0.         0.         0.         0.01181924 0.01358609 0.         0.         0.         0.         0.         0.         0.         0.01181924 0.01358609 0.01181924 0.         0.         0.        ],[0. 0. 0. 0. 1. 0. 0. 0. 0. 0. 0. 0. 0. 0. 0. 0. 1. 1. 0. 0. 0. 0. 0. 0. 0. 1. 1. 1. 0. 0. 0.],6.0,best,10000,100000,100,0.9,0.5,0.9,0.5,0.9,3,0.16,1,6,,problem_solving,10
6200,-0.00599009392981017,0.09692,0.004782639439546365,0.748,0.6251346278405147,-0.24529338780586124,[0.         0.         0.         0.         0.9373701  0.         0.         0.         0.         0.         0.         0.         0.         0.         0.         0.         0.01181924 0.01358609 0.         0.         0.         0.         0.         0.         0.         0.01181924 0.01358609 0.01181924 0.         0.         0.        ],[0. 0. 0. 0. 1. 0. 0. 0. 0. 0. 0. 0. 0. 0. 0. 0. 1. 1. 0. 0. 0. 0. 0. 0. 0. 1. 1. 1. 0. 0. 0.],6.0,best,10000,100000,100,0.9,0.5,0.9,0.5,0.9,3,0.16,1,6,,problem_solving,10
6300,-0.0059901930977806,0.089449,0.00438907321652424,0.752,0.6214709477201097,2.9768006731015304,[0.         0.         0.         0.         0.93639973 0.         0.         0.         0.01250125 0.         0.         0.01216555 0.         0.         0.         0.01288403 0.         0.         0.         0.         0.         0.         0.         0.         0.         0.01216555 0.         0.0138839  0.         0.         0.        ],[0. 0. 0. 0. 1. 0. 0. 0. 1. 0. 0. 1. 0. 0. 0. 1. 0. 0. 0. 0. 0. 0. 0. 0. 0. 1. 0. 1. 0. 0. 0.],6.0,best,10000,100000,100,0.9,0.5,0.9,0.5,0.9,3,0.16,1,6,,problem_solving,10
6400,-0.0059901930977806,0.089449,0.00438907321652424,0.756,0.6178287390578946,0.359165119717056,[0.         0.         0.         0.         0.93639973 0.         0.         0.         0.01250125 0.         0.         0.01216555 0.         0.         0.         0.01288403 0.         0.         0.         0.         0.         0.         0.         0.         0.         0.01216555 0.         0.0138839  0.         0.         0.        ],[0. 0. 0. 0. 1. 0. 0. 0. 1. 0. 0. 1. 0. 0. 0. 1. 0. 0. 0. 0. 0. 0. 0. 0. 0. 1. 0. 1. 0. 0. 0.],6.0,best,10000,100000,100,0.9,0.5,0.9,0.5,0.9,3,0.16,1,6,,problem_solving,10
6500,-0.0059901930977806,0.089449,0.00438907321652424,0.76,0.6142078760176876,0.041983534202158716,[0.         0.         0.         0.         0.93639973 0.         0.         0.         0.01250125 0.         0.         0.01216555 0.         0.         0.         0.01288403 0.         0.         0.         0.         0.         0.         0.         0.         0.         0.01216555 0.         0.0138839  0.         0.         0.        ],[0. 0. 0. 0. 1. 0. 0. 0. 1. 0. 0. 1. 0. 0. 0. 1. 0. 0. 0. 0. 0. 0. 0. 0. 0. 1. 0. 1. 0. 0. 0.],6.0,best,10000,100000,100,0.9,0.5,0.9,0.5,0.9,3,0.16,1,6,,problem_solving,10
6600,-0.0059901930977806,0.089449,0.00438907321652424,0.764,0.6106082335007861,-1.2706022770408383,[0.         0.         0.         0.         0.93639973 0.         0.         0.         0.01250125 0.         0.         0.01216555 0.         0.         0.         0.01288403 0.         0.         0.         0.         0.         0.         0.         0.         0.         0.01216555 0.         0.0138839  0.         0.         0.        ],[0. 0. 0. 0. 1. 0. 0. 0. 1. 0. 0. 1. 0. 0. 0. 1. 0. 0. 0. 0. 0. 0. 0. 0. 0. 1. 0. 1. 0. 0. 0.],6.0,best,10000,100000,100,0.9,0.5,0.9,0.5,0.9,3,0.16,1,6,,problem_solving,10
6700,-0.0059901930977806,0.089449,0.00438907321652424,0.768,0.6070296871416437,2.299742847760767,[0.         0.         0.         0.         0.93639973 0.         0.         0.         0.01250125 0.         0.         0.01216555 0.         0.         0.         0.01288403 0.         0.         0.         0.         0.         0.         0.         0.         0.         0.01216555 0.         0.0138839  0.         0.         0.        ],[0. 0. 0. 0. 1. 0. 0. 0. 1. 0. 0. 1. 0. 0. 0. 1. 0. 0. 0. 0. 0. 0. 0. 0. 0. 1. 0. 1. 0. 0. 0.],6.0,best,10000,100000,100,0.9,0.5,0.9,0.5,0.9,3,0.16,1,6,,problem_solving,10
6800,-0.0059901930977806,0.089449,0.00438907321652424,0.772,0.6034721133035746,-0.21491243971612348,[0.         0.         0.         0.         0.93639973 0.         0.         0.         0.01250125 0.         0.         0.01216555 0.         0.         0.         0.01288403 0.         0.         0.         0.         0.         0.         0.         0.         0.         0.01216555 0.         0.0138839  0.         0.         0.        ],[0. 0. 0. 0. 1. 0. 0. 0. 1. 0. 0. 1. 0. 0. 0. 1. 0. 0. 0. 0. 0. 0. 0. 0. 0. 1. 0. 1. 0. 0. 0.],6.0,best,10000,100000,100,0.9,0.5,0.9,0.5,0.9,3,0.16,1,6,,problem_solving,10
6900,-0.0059901930977806,0.089449,0.00438907321652424,0.776,0.5999353890744809,0.6964144473485376,[0.         0.         0.         0.         0.93639973 0.         0.         0.         0.01250125 0.         0.         0.01216555 0.         0.         0.         0.01288403 0.         0.         0.         0.         0.         0.         0.         0.         0.         0.01216555 0.         0.0138839  0.         0.         0.        ],[0. 0. 0. 0. 1. 0. 0. 0. 1. 0. 0. 1. 0. 0. 0. 1. 0. 0. 0. 0. 0. 0. 0. 0. 0. 1. 0. 1. 0. 0. 0.],6.0,best,10000,100000,100,0.9,0.5,0.9,0.5,0.9,3,0.16,1,6,,problem_solving,10
7000,-0.0059901930977806,0.089449,0.00438907321652424,0.78,0.5964193922626064,-2.905282166894551,[0.         0.         0.         0.         0.93639973 0.         0.         0.         0.01250125 0.         0.         0.01216555 0.         0.         0.         0.01288403 0.         0.         0.         0.         0.         0.         0.         0.         0.         0.01216555 0.         0.0138839  0.         0.         0.        ],[0. 0. 0. 0. 1. 0. 0. 0. 1. 0. 0. 1. 0. 0. 0. 1. 0. 0. 0. 0. 0. 0. 0. 0. 0. 1. 0. 1. 0. 0. 0.],6.0,best,10000,100000,100,0.9,0.5,0.9,0.5,0.9,3,0.16,1,6,,problem_solving,10
7100,-0.0059901930977806,0.089449,0.00438907321652424,0.784,0.5929240013923155,1.0438885001719904,[0.         0.         0.         0.         0.93639973 0.         0.         0.         0.01250125 0.         0.         0.01216555 0.         0.         0.         0.01288403 0.         0.         0.         0.         0.         0.         0.         0.         0.         0.01216555 0.         0.0138839  0.         0.         0.        ],[0. 0. 0. 0. 1. 0. 0. 0. 1. 0. 0. 1. 0. 0. 0. 1. 0. 0. 0. 0. 0. 0. 0. 0. 0. 1. 0. 1. 0. 0. 0.],6.0,best,10000,100000,100,0.9,0.5,0.9,0.5,0.9,3,0.16,1,6,,problem_solving,10
7200,-0.0059901930977806,0.089449,0.00438907321652424,0.788,0.5894490956998952,-1.7633884148651875,[0.         0.         0.         0.         0.93639973 0.         0.         0.         0.01250125 0.         0.         0.01216555 0.         0.         0.         0.01288403 0.         0.         0.         0.         0.         0.         0.         0.         0.         0.01216555 0.         0.0138839  0.         0.         0.        ],[0. 0. 0. 0. 1. 0. 0. 0. 1. 0. 0. 1. 0. 0. 0. 1. 0. 0. 0. 0. 0. 0. 0. 0. 0. 1. 0. 1. 0. 0. 0.],6.0,best,10000,100000,100,0.9,0.5,0.9,0.5,0.9,3,0.16,1,6,,problem_solving,10
7300,-0.0059901930977806,0.089449,0.00438907321652424,0.792,0.5859945551293843,0.1765761547536431,[0.         0.         0.         0.         0.93639973 0.         0.         0.         0.01250125 0.         0.         0.01216555 0.         0.         0.         0.01288403 0.         0.         0.         0.         0.         0.         0.         0.         0.         0.01216555 0.         0.0138839  0.         0.         0.        ],[0. 0. 0. 0. 1. 0. 0. 0. 1. 0. 0. 1. 0. 0. 0. 1. 0. 0. 0. 0. 0. 0. 0. 0. 0. 1. 0. 1. 0. 0. 0.],6.0,best,10000,100000,100,0.9,0.5,0.9,0.5,0.9,3,0.16,1,6,,problem_solving,10
7400,-0.0059901930977806,0.089449,0.00438907321652424,0.796,0.5825602603284237,-3.1599476030247433,[0.         0.         0.         0.         0.93639973 0.         0.         0.         0.01250125 0.         0.         0.01216555 0.         0.         0.         0.01288403 0.         0.         0.         0.         0.         0.         0.         0.         0.         0.01216555 0.         0.0138839  0.         0.         0.        ],[0. 0. 0. 0. 1. 0. 0. 0. 1. 0. 0. 1. 0. 0. 0. 1. 0. 0. 0. 0. 0. 0. 0. 0. 0. 1. 0. 1. 0. 0. 0.],6.0,best,10000,100000,100,0.9,0.5,0.9,0.5,0.9,3,0.16,1,6,,problem_solving,10
7500,-0.0059901930977806,0.089449,0.00438907321652424,0.8,0.5791460926441345,2.8824687540035008,[0.         0.         0.         0.         0.93639973 0.         0.         0.         0.01250125 0.         0.         0.01216555 0.         0.         0.         0.01288403 0.         0.         0.         0.         0.         0.         0.         0.         0.         0.01216555 0.         0.0138839  0.         0.         0.        ],[0. 0. 0. 0. 1. 0. 0. 0. 1. 0. 0. 1. 0. 0. 0. 1. 0. 0. 0. 0. 0. 0. 0. 0. 0. 1. 0. 1. 0. 0. 0.],6.0,best,10000,100000,100,0.9,0.5,0.9,0.5,0.9,3,0.16,1,6,,problem_solving,10
7600,-0.0059901930977806,0.089449,0.00438907321652424,0.804,0.5757519341190179,1.243009915389454,[0.         0.         0.         0.         0.93639973 0.         0.         0.         0.01250125 0.         0.         0.01216555 0.         0.         0.         0.01288403 0.         0.         0.         0.         0.         0.         0.         0.         0.         0.01216555 0.         0.0138839  0.         0.         0.        ],[0. 0. 0. 0. 1. 0. 0. 0. 1. 0. 0. 1. 0. 0. 0. 1. 0. 0. 0. 0. 0. 0. 0. 0. 0. 1. 0. 1. 0. 0. 0.],6.0,best,10000,100000,100,0.9,0.5,0.9,0.5,0.9,3,0.16,1,6,,problem_solving,10
7700,-0.0059901930977806,0.089449,0.00438907321652424,0.808,0.5723776674868795,1.8033930271781147,[0.         0.         0.         0.         0.93639973 0.         0.         0.         0.01250125 0.         0.         0.01216555 0.         0.         0.         0.01288403 0.         0.         0.         0.         0.         0.         0.         0.         0.         0.01216555 0.         0.0138839  0.         0.         0.        ],[0. 0. 0. 0. 1. 0. 0. 0. 1. 0. 0. 1. 0. 0. 0. 1. 0. 0. 0. 0. 0. 0. 0. 0. 0. 1. 0. 1. 0. 0. 0.],6.0,best,10000,100000,100,0.9,0.5,0.9,0.5,0.9,3,0.16,1,6,,problem_solving,10
7800,-0.0059901930977806,0.089449,0.00438907321652424,0.812,0.5690231761687783,-1.622119742868542,[0.         0.         0.         0.         0.93639973 0.         0.         0.         0.01250125 0.         0.         0.01216555 0.         0.         0.         0.01288403 0.         0.         0.         0.         0.         0.         0.         0.         0.         0.01216555 0.         0.0138839  0.         0.         0.        ],[0. 0. 0. 0. 1. 0. 0. 0. 1. 0. 0. 1. 0. 0. 0. 1. 0. 0. 0. 0. 0. 0. 0. 0. 0. 1. 0. 1. 0. 0. 0.],6.0,best,10000,100000,100,0.9,0.5,0.9,0.5,0.9,3,0.16,1,6,,problem_solving,10
7900,-0.005997466089551712,0.094158,0.007371547538053039,0.8160000000000001,0.5656883442689989,2.045495447296241,[0.         0.         0.         0.         0.93036199 0.         0.         0.         0.01335395 0.         0.         0.         0.         0.         0.         0.         0.         0.01335395 0.         0.         0.         0.01335395 0.         0.         0.         0.01622219 0.         0.01335395 0.         0.         0.        ],[0. 0. 0. 0. 1. 0. 0. 0. 1. 0. 0. 0. 0. 0. 0. 0. 0. 1. 0. 0. 0. 1. 0. 0. 0. 1. 0. 1. 0. 0. 0.],6.0,best,10000,100000,100,0.9,0.5,0.9,0.5,0.9,3,0.16,1,6,,problem_solving,10
8000,-0.005997466089551712,0.094158,0.007371547538053039,0.8200000000000001,0.5623730565710474,2.1106235643998867,[0.         0.         0.         0.         0.93036199 0.         0.         0.         0.01335395 0.         0.         0.         0.         0.         0.         0.         0.         0.01335395 0.         0.         0.         0.01335395 0.         0.         0.         0.01622219 0.         0.01335395 0.         0.         0.        ],[0. 0. 0. 0. 1. 0. 0. 0. 1. 0. 0. 0. 0. 0. 0. 0. 0. 1. 0. 0. 0. 1. 0. 0. 0. 1. 0. 1. 0. 0. 0.],6.0,best,10000,100000,100,0.9,0.5,0.9,0.5,0.9,3,0.16,1,6,,problem_solving,10
8100,-0.005997466089551712,0.094158,0.007371547538053039,0.8240000000000001,0.5590771985336705,0.8365015610051983,[0.         0.         0.         0.         0.93036199 0.         0.         0.         0.01335395 0.         0.         0.         0.         0.         0.         0.         0.         0.01335395 0.         0.         0.         0.01335395 0.         0.         0.         0.01622219 0.         0.01335395 0.         0.         0.        ],[0. 0. 0. 0. 1. 0. 0. 0. 1. 0. 0. 0. 0. 0. 0. 0. 0. 1. 0. 0. 0. 1. 0. 0. 0. 1. 0. 1. 0. 0. 0.],6.0,best,10000,100000,100,0.9,0.5,0.9,0.5,0.9,3,0.16,1,6,,problem_solving,10
8200,-0.005997466089551712,0.094158,0.007371547538053039,0.8280000000000001,0.5558006562868987,1.239470834169558,[0.         0.         0.         0.         0.93036199 0.         0.         0.         0.01335395 0.         0.         0.         0.         0.         0.         0.         0.         0.01335395 0.         0.         0.         0.01335395 0.         0.         0.         0.01622219 0.         0.01335395 0.         0.         0.        ],[0. 0. 0. 0. 1. 0. 0. 0. 1. 0. 0. 0. 0. 0. 0. 0. 0. 1. 0. 0. 0. 1. 0. 0. 0. 1. 0. 1. 0. 0. 0.],6.0,best,10000,100000,100,0.9,0.5,0.9,0.5,0.9,3,0.16,1,6,,problem_solving,10
8300,-0.005997466089551712,0.094158,0.007371547538053039,0.8320000000000001,0.5525433166281111,-0.27811222003402297,[0.         0.         0.         0.         0.93036199 0.         0.         0.         0.01335395 0.         0.         0.         0.         0.         0.         0.         0.         0.01335395 0.         0.         0.         0.01335395 0.         0.         0.         0.01622219 0.         0.01335395 0.         0.         0.        ],[0. 0. 0. 0. 1. 0. 0. 0. 1. 0. 0. 0. 0. 0. 0. 0. 0. 1. 0. 0. 0. 1. 0. 0. 0. 1. 0. 1. 0. 0. 0.],6.0,best,10000,100000,100,0.9,0.5,0.9,0.5,0.9,3,0.16,1,6,,problem_solving,10
8400,-0.005997466089551712,0.094158,0.007371547538053039,0.8360000000000001,0.5493050670181255,0.06647086343766115,[0.         0.         0.         0.         0.93036199 0.         0.         0.         0.01335395 0.         0.         0.         0.         0.         0.         0.         0.         0.01335395 0.         0.         0.         0.01335395 0.         0.         0.         0.01622219 0.         0.01335395 0.         0.         0.        ],[0. 0. 0. 0. 1. 0. 0. 0. 1. 0. 0. 0. 0. 0. 0. 0. 0. 1. 0. 0. 0. 1. 0. 0. 0. 1. 0. 1. 0. 0. 0.],6.0,best,10000,100000,100,0.9,0.5,0.9,0.5,0.9,3,0.16,1,6,,problem_solving,10
8500,-0.005997466089551712,0.094158,0.007371547538053039,0.8400000000000001,0.5460857955773097,3.2250748787328702,[0.         0.         0.         0.         0.93036199 0.         0.         0.         0.01335395 0.         0.         0.         0.         0.         0.         0.         0.         0.01335395 0.         0.         0.         0.01335395 0.         0.         0.         0.01622219 0.         0.01335395 0.         0.         0.        ],[0. 0. 0. 0. 1. 0. 0. 0. 1. 0. 0. 0. 0. 0. 0. 0. 0. 1. 0. 0. 0. 1. 0. 0. 0. 1. 0. 1. 0. 0. 0.],6.0,best,10000,100000,100,0.9,0.5,0.9,0.5,0.9,3,0.16,1,6,,problem_solving,10
8600,-0.005997466089551712,0.094158,0.007371547538053039,0.8440000000000001,0.542885391081716,1.6424387604098198,[0.         0.         0.         0.         0.93036199 0.         0.         0.         0.01335395 0.         0.         0.         0.         0.         0.         0.         0.         0.01335395 0.         0.         0.         0.01335395 0.         0.         0.         0.01622219 0.         0.01335395 0.         0.         0.        ],[0. 0. 0. 0. 1. 0. 0. 0. 1. 0. 0. 0. 0. 0. 0. 0. 0. 1. 0. 0. 0. 1. 0. 0. 0. 1. 0. 1. 0. 0. 0.],6.0,best,10000,100000,100,0.9,0.5,0.9,0.5,0.9,3,0.16,1,6,,problem_solving,10
8700,-0.005997466089551712,0.094158,0.007371547538053039,0.8480000000000001,0.5397037429592386,-0.8983889811739254,[0.         0.         0.         0.         0.93036199 0.         0.         0.         0.01335395 0.         0.         0.         0.         0.         0.         0.         0.         0.01335395 0.         0.         0.         0.01335395 0.         0.         0.         0.01622219 0.         0.01335395 0.         0.         0.        ],[0. 0. 0. 0. 1. 0. 0. 0. 1. 0. 0. 0. 0. 0. 0. 0. 0. 1. 0. 0. 0. 1. 0. 0. 0. 1. 0. 1. 0. 0. 0.],6.0,best,10000,100000,100,0.9,0.5,0.9,0.5,0.9,3,0.16,1,6,,problem_solving,10
8800,-0.005997466089551712,0.094158,0.007371547538053039,0.8520000000000001,0.5365407412857937,1.4949798486444843,[0.         0.         0.         0.         0.93036199 0.         0.         0.         0.01335395 0.         0.         0.         0.         0.         0.         0.         0.         0.01335395 0.         0.         0.         0.01335395 0.         0.         0.         0.01622219 0.         0.01335395 0.         0.         0.        ],[0. 0. 0. 0. 1. 0. 0. 0. 1. 0. 0. 0. 0. 0. 0. 0. 0. 1. 0. 0. 0. 1. 0. 0. 0. 1. 0. 1. 0. 0. 0.],6.0,best,10000,100000,100,0.9,0.5,0.9,0.5,0.9,3,0.16,1,6,,problem_solving,10
8900,-0.005997466089551712,0.094158,0.007371547538053039,0.8560000000000001,0.5333962767815211,2.0859280498380306,[0.         0.         0.         0.         0.93036199 0.         0.         0.         0.01335395 0.         0.         0.         0.         0.         0.         0.         0.         0.01335395 0.         0.         0.         0.01335395 0.         0.         0.         0.01622219 0.         0.01335395 0.         0.         0.        ],[0. 0. 0. 0. 1. 0. 0. 0. 1. 0. 0. 0. 0. 0. 0. 0. 0. 1. 0. 0. 0. 1. 0. 0. 0. 1. 0. 1. 0. 0. 0.],6.0,best,10000,100000,100,0.9,0.5,0.9,0.5,0.9,3,0.16,1,6,,problem_solving,10
9000,-0.005997466089551712,0.094158,0.007371547538053039,0.8600000000000001,0.5302702408070095,1.8376528961358236,[0.         0.         0.         0.         0.93036199 0.         0.         0.         0.01335395 0.         0.         0.         0.         0.         0.         0.         0.         0.01335395 0.         0.         0.         0.01335395 0.         0.         0.         0.01622219 0.         0.01335395 0.         0.         0.        ],[0. 0. 0. 0. 1. 0. 0. 0. 1. 0. 0. 0. 0. 0. 0. 0. 0. 1. 0. 0. 0. 1. 0. 0. 0. 1. 0. 1. 0. 0. 0.],6.0,best,10000,100000,100,0.9,0.5,0.9,0.5,0.9,3,0.16,1,6,,problem_solving,10
9100,-0.005997466089551712,0.094158,0.007371547538053039,0.8640000000000001,0.5271625253595416,-0.30369239165523654,[0.         0.         0.         0.         0.93036199 0.         0.         0.         0.01335395 0.         0.         0.         0.         0.         0.         0.         0.         0.01335395 0.         0.         0.         0.01335395 0.         0.         0.         0.01622219 0.         0.01335395 0.         0.         0.        ],[0. 0. 0. 0. 1. 0. 0. 0. 1. 0. 0. 0. 0. 0. 0. 0. 0. 1. 0. 0. 0. 1. 0. 0. 0. 1. 0. 1. 0. 0. 0.],6.0,best,10000,100000,100,0.9,0.5,0.9,0.5,0.9,3,0.16,1,6,,problem_solving,10
9200,-0.005997466089551712,0.094158,0.007371547538053039,0.8680000000000001,0.5240730230693647,0.19576179196813775,[0.         0.         0.         0.         0.93036199 0.         0.         0.         0.01335395 0.         0.         0.         0.         0.         0.         0.         0.         0.01335395 0.         0.         0.         0.01335395 0.         0.         0.         0.01622219 0.         0.01335395 0.         0.         0.        ],[0. 0. 0. 0. 1. 0. 0. 0. 1. 0. 0. 0. 0. 0. 0. 0. 0. 1. 0. 0. 0. 1. 0. 0. 0. 1. 0. 1. 0. 0. 0.],6.0,best,10000,100000,100,0.9,0.5,0.9,0.5,0.9,3,0.16,1,6,,problem_solving,10
9300,-0.005997466089551712,0.094158,0.007371547538053039,0.8720000000000001,0.5210016271959791,-0.34345552209976343,[0.         0.         0.         0.         0.93036199 0.         0.         0.         0.01335395 0.         0.         0.         0.         0.         0.         0.         0.         0.01335395 0.         0.         0.         0.01335395 0.         0.         0.         0.01622219 0.         0.01335395 0.         0.         0.        ],[0. 0. 0. 0. 1. 0. 0. 0. 1. 0. 0. 0. 0. 0. 0. 0. 0. 1. 0. 0. 0. 1. 0. 0. 0. 1. 0. 1. 0. 0. 0.],6.0,best,10000,100000,100,0.9,0.5,0.9,0.5,0.9,3,0.16,1,6,,problem_solving,10
9400,-0.006062637048769142,0.088588,0.00364956746387657,0.8760000000000001,0.5179482316244518,-1.0589605826428756,[0.         0.         0.         0.01230433 0.93128731 0.         0.         0.         0.         0.         0.         0.         0.         0.         0.         0.         0.         0.         0.         0.01230433 0.         0.         0.         0.         0.         0.01417165 0.         0.01230433 0.         0.         0.01762804],[0. 0. 0. 1. 1. 0. 0. 0. 0. 0. 0. 0. 0. 0. 0. 0. 0. 0. 0. 1. 0. 0. 0. 0. 0. 1. 0. 1. 0. 0. 1.],6.0,best,10000,100000,100,0.9,0.5,0.9,0.5,0.9,3,0.16,1,6,,problem_solving,10
9500,-0.006062637048769142,0.088588,0.00364956746387657,0.88,0.5149127308617497,0.30814021013520315,[0.         0.         0.         0.01230433 0.93128731 0.         0.         0.         0.         0.         0.         0.         0.         0.         0.         0.         0.         0.         0.         0.01230433 0.         0.         0.         0.         0.         0.01417165 0.         0.01230433 0.         0.         0.01762804],[0. 0. 0. 1. 1. 0. 0. 0. 0. 0. 0. 0. 0. 0. 0. 0. 0. 0. 0. 1. 0. 0. 0. 0. 0. 1. 0. 1. 0. 0. 1.],6.0,best,10000,100000,100,0.9,0.5,0.9,0.5,0.9,3,0.16,1,6,,problem_solving,10
9600,-0.006062637048769142,0.088588,0.00364956746387657,0.884,0.5118950200330946,0.6018733248836001,[0.         0.         0.         0.01230433 0.93128731 0.         0.         0.         0.         0.         0.         0.         0.         0.         0.         0.         0.         0.         0.         0.01230433 0.         0.         0.         0.         0.         0.01417165 0.         0.01230433 0.         0.         0.01762804],[0. 0. 0. 1. 1. 0. 0. 0. 0. 0. 0. 0. 0. 0. 0. 0. 0. 0. 0. 1. 0. 0. 0. 0. 0. 1. 0. 1. 0. 0. 1.],6.0,best,10000,100000,100,0.9,0.5,0.9,0.5,0.9,3,0.16,1,6,,problem_solving,10
9700,-0.006062637048769142,0.088588,0.00364956746387657,0.888,0.5088949948783402,1.4088345493601042,[0.         0.         0.         0.01230433 0.93128731 0.         0.         0.         0.         0.         0.         0.         0.         0.         0.         0.         0.         0.         0.         0.01230433 0.         0.         0.         0.         0.         0.01417165 0.         0.01230433 0.         0.         0.01762804],[0. 0. 0. 1. 1. 0. 0. 0. 0. 0. 0. 0. 0. 0. 0. 0. 0. 0. 0. 1. 0. 0. 0. 0. 0. 1. 0. 1. 0. 0. 1.],6.0,best,10000,100000,100,0.9,0.5,0.9,0.5,0.9,3,0.16,1,6,,problem_solving,10
9800,-0.006062637048769142,0.088588,0.00364956746387657,0.892,0.5059125517483702,-2.296346048538576,[0.         0.         0.         0.01230433 0.93128731 0.         0.         0.         0.         0.         0.         0.         0.         0.         0.         0.         0.         0.         0.         0.01230433 0.         0.         0.         0.         0.         0.01417165 0.         0.01230433 0.         0.         0.01762804],[0. 0. 0. 1. 1. 0. 0. 0. 0. 0. 0. 0. 0. 0. 0. 0. 0. 0. 0. 1. 0. 0. 0. 0. 0. 1. 0. 1. 0. 0. 1.],6.0,best,10000,100000,100,0.9,0.5,0.9,0.5,0.9,3,0.16,1,6,,problem_solving,10
9900,-0.006062637048769142,0.088588,0.00364956746387657,0.896,0.5029475876015165,-2.461877835343428,[0.         0.         0.         0.01230433 0.93128731 0.         0.         0.         0.         0.         0.         0.         0.         0.         0.         0.         0.         0.         0.         0.01230433 0.         0.         0.         0.         0.         0.01417165 0.         0.01230433 0.         0.         0.01762804],[0. 0. 0. 1. 1. 0. 0. 0. 0. 0. 0. 0. 0. 0. 0. 0. 0. 0. 0. 1. 0. 0. 0. 0. 0. 1. 0. 1. 0. 0. 1.],6.0,best,10000,100000,100,0.9,0.5,0.9,0.5,0.9,3,0.16,1,6,,problem_solving,10
9999,-0.006062637048769142,0.088588,0.00364956746387657,0.8999600000000001,0.500029390196995,0.3400777152387506,[0.         0.         0.         0.01230433 0.93128731 0.         0.         0.         0.         0.         0.         0.         0.         0.         0.         0.         0.         0.         0.         0.01230433 0.         0.         0.         0.         0.         0.01417165 0.         0.01230433 0.         0.         0.01762804],[0. 0. 0. 1. 1. 0. 0. 0. 0. 0. 0. 0. 0. 0. 0. 0. 0. 0. 0. 1. 0. 0. 0. 0. 0. 1. 0. 1. 0. 0. 1.],6.0,best,10000,100000,100,0.9,0.5,0.9,0.5,0.9,3,0.16,1,6,,problem_solving,10
