iter,cost,risk,return,par,bw,move,X,Z,Q,pop_init,max_iter,pop_size,mem_size,mem_consider,par_min,par_max,bw_min,bw_max,sigma,lambda,port_n,k,seed,tag,local_search
1,0.009525097842591557,0.118596,0.0024672335329052534,0.50004,0.8999471007548476,1.7138042279839858,[0.01126075 0.         0.         0.01259164 0.92874217 0.         0.         0.         0.         0.         0.         0.         0.         0.         0.         0.         0.         0.         0.         0.         0.01243078 0.         0.         0.         0.         0.01126075 0.         0.         0.0116199  0.01209402 0.        ],[1. 0. 0. 1. 1. 0. 0. 0. 0. 0. 0. 0. 0. 0. 0. 0. 0. 0. 0. 0. 1. 0. 0. 0. 0. 1. 0. 0. 1. 1. 0.],7.0,best,10000,100000,100,0.9,0.5,0.9,0.5,0.9,5,0.48,1,7,,problem_solving,10
100,0.007591193936183635,0.111536,0.0050366558640076555,0.504,0.894725436791504,-2.4803450018791717,[0.         0.         0.         0.         0.91716125 0.         0.         0.01234034 0.         0.01181097 0.         0.         0.         0.         0.         0.         0.         0.         0.         0.         0.02265957 0.         0.         0.         0.         0.01181097 0.         0.01240593 0.         0.01181097 0.        ],[0. 0. 0. 0. 1. 0. 0. 1. 0. 1. 0. 0. 0. 0. 0. 0. 0. 0. 0. 0. 1. 0. 0. 0. 0. 1. 0. 1. 0. 1. 0.],7.0,best,10000,100000,100,0.9,0.5,0.9,0.5,0.9,5,0.48,1,7,,problem_solving,10
200,0.007591193936183635,0.111536,0.0050366558640076555,0.508,0.8894817858241639,0.8149934553039397,[0.         0.         0.         0.         0.91716125 0.         0.         0.01234034 0.         0.01181097 0.         0.         0.         0.         0.         0.         0.         0.         0.         0.         0.02265957 0.         0.         0.         0.         0.01181097 0.         0.01240593 0.         0.01181097 0.        ],[0. 0. 0. 0. 1. 0. 0. 1. 0. 1. 0. 0. 0. 0. 0. 0. 0. 0. 0. 0. 1. 0. 0. 0. 0. 1. 0. 1. 0. 1. 0.],7.0,best,10000,100000,100,0.9,0.5,0.9,0.5,0.9,5,0.48,1,7,,problem_solving,10
300,0.003760525332235836,0.107376,0.005157627847818106,0.512,0.8842688659329022,0.8244016825848018,[0.         0.         0.         0.         0.93179632 0.         0.         0.         0.         0.         0.         0.         0.01102894 0.         0.         0.         0.         0.         0.         0.0113972  0.         0.01163973 0.         0.         0.         0.01134077 0.01140033 0.01139671 0.         0.         0.        ],[0. 0. 0. 0. 1. 0. 0. 0. 0. 0. 0. 0. 1. 0. 0. 0. 0. 0. 0. 1. 0. 1. 0. 0. 0. 1. 1. 1. 0. 0. 0.],7.0,best,10000,100000,100,0.9,0.5,0.9,0.5,0.9,5,0.48,1,7,,problem_solving,10
400,0.003760525332235836,0.107376,0.005157627847818106,0.516,0.879086497014382,-6.082629680913359,[0.         0.         0.         0.         0.93179632 0.         0.         0.         0.         0.         0.         0.         0.01102894 0.         0.         0.         0.         0.         0.         0.0113972  0.         0.01163973 0.         0.         0.         0.01134077 0.01140033 0.01139671 0.         0.         0.        ],[0. 0. 0. 0. 1. 0. 0. 0. 0. 0. 0. 0. 1. 0. 0. 0. 0. 0. 0. 1. 0. 1. 0. 0. 0. 1. 1. 1. 0. 0. 0.],7.0,best,10000,100000,100,0.9,0.5,0.9,0.5,0.9,5,0.48,1,7,,problem_solving,10
500,0.003760525332235836,0.107376,0.005157627847818106,0.52,0.8739345000207845,-0.23317707956265055,[0.         0.         0.         0.         0.93179632 0.         0.         0.         0.         0.         0.         0.         0.01102894 0.         0.         0.         0.         0.         0.         0.0113972  0.         0.01163973 0.         0.         0.         0.01134077 0.01140033 0.01139671 0.         0.         0.        ],[0. 0. 0. 0. 1. 0. 0. 0. 0. 0. 0. 0. 1. 0. 0. 0. 0. 0. 0. 1. 0. 1. 0. 0. 0. 1. 1. 1. 0. 0. 0.],7.0,best,10000,100000,100,0.9,0.5,0.9,0.5,0.9,5,0.48,1,7,,problem_solving,10
600,0.003760525332235836,0.107376,0.005157627847818106,0.524,0.8688126969536234,4.074286632632206,[0.         0.         0.         0.         0.93179632 0.         0.         0.         0.         0.         0.         0.         0.01102894 0.         0.         0.         0.         0.         0.         0.0113972  0.         0.01163973 0.         0.         0.         0.01134077 0.01140033 0.01139671 0.         0.         0.        ],[0. 0. 0. 0. 1. 0. 0. 0. 0. 0. 0. 0. 1. 0. 0. 0. 0. 0. 0. 1. 0. 1. 0. 0. 0. 1. 1. 1. 0. 0. 0.],7.0,best,10000,100000,100,0.9,0.5,0.9,0.5,0.9,5,0.48,1,7,,problem_solving,10
700,0.003760525332235836,0.107376,0.005157627847818106,0.528,0.8637209108575947,-1.732934381889049,[0.         0.         0.         0.         0.93179632 0.         0.         0.         0.         0.         0.         0.         0.01102894 0.         0.         0.         0.         0.         0.         0.0113972  0.         0.01163973 0.         0.         0.         0.01134077 0.01140033 0.01139671 0.         0.         0.        ],[0. 0. 0. 0. 1. 0. 0. 0. 0. 0. 0. 0. 1. 0. 0. 0. 0. 0. 0. 1. 0. 1. 0. 0. 0. 1. 1. 1. 0. 0. 0.],7.0,best,10000,100000,100,0.9,0.5,0.9,0.5,0.9,5,0.48,1,7,,problem_solving,10
800,0.002892481002509579,0.116187,0.0029615377916354293,0.532,0.8586589658144633,5.226525467984749,[0.         0.01095654 0.         0.         0.9289987  0.         0.         0.         0.         0.         0.01620376 0.         0.         0.         0.         0.         0.         0.         0.         0.         0.         0.         0.         0.         0.         0.01095498 0.         0.01110277 0.01095967 0.         0.01082359],[0. 1. 0. 0. 1. 0. 0. 0. 0. 0. 1. 0. 0. 0. 0. 0. 0. 0. 0. 0. 0. 0. 0. 0. 0. 1. 0. 1. 1. 0. 1.],7.0,best,10000,100000,100,0.9,0.5,0.9,0.5,0.9,5,0.48,1,7,,problem_solving,10
900,0.002892481002509579,0.116187,0.0029615377916354293,0.536,0.8536266869369854,0.6555567114070482,[0.         0.01095654 0.         0.         0.9289987  0.         0.         0.         0.         0.         0.01620376 0.         0.         0.         0.         0.         0.         0.         0.         0.         0.         0.         0.         0.         0.         0.01095498 0.         0.01110277 0.01095967 0.         0.01082359],[0. 1. 0. 0. 1. 0. 0. 0. 0. 0. 1. 0. 0. 0. 0. 0. 0. 0. 0. 0. 0. 0. 0. 0. 0. 1. 0. 1. 1. 0. 1.],7.0,best,10000,100000,100,0.9,0.5,0.9,0.5,0.9,5,0.48,1,7,,problem_solving,10
1000,0.002892481002509579,0.116187,0.0029615377916354293,0.54,0.8486239003628652,9.099526064786847,[0.         0.01095654 0.         0.         0.9289987  0.         0.         0.         0.         0.         0.01620376 0.         0.         0.         0.         0.         0.         0.         0.         0.         0.         0.         0.         0.         0.         0.01095498 0.         0.01110277 0.01095967 0.         0.01082359],[0. 1. 0. 0. 1. 0. 0. 0. 0. 0. 1. 0. 0. 0. 0. 0. 0. 0. 0. 0. 0. 0. 0. 0. 0. 1. 0. 1. 1. 0. 1.],7.0,best,10000,100000,100,0.9,0.5,0.9,0.5,0.9,5,0.48,1,7,,problem_solving,10
1100,0.002892481002509579,0.116187,0.0029615377916354293,0.544,0.8436504332487491,-1.071543516180491,[0.         0.01095654 0.         0.         0.9289987  0.         0.         0.         0.         0.         0.01620376 0.         0.         0.         0.         0.         0.         0.         0.         0.         0.         0.         0.         0.         0.         0.01095498 0.         0.01110277 0.01095967 0.         0.01082359],[0. 1. 0. 0. 1. 0. 0. 0. 0. 0. 1. 0. 0. 0. 0. 0. 0. 0. 0. 0. 0. 0. 0. 0. 0. 1. 0. 1. 1. 0. 1.],7.0,best,10000,100000,100,0.9,0.5,0.9,0.5,0.9,5,0.48,1,7,,problem_solving,10
1200,0.002892481002509579,0.116187,0.0029615377916354293,0.548,0.838706113764254,6.742278031567093,[0.         0.01095654 0.         0.         0.9289987  0.         0.         0.         0.         0.         0.01620376 0.         0.         0.         0.         0.         0.         0.         0.         0.         0.         0.         0.         0.         0.         0.01095498 0.         0.01110277 0.01095967 0.         0.01082359],[0. 1. 0. 0. 1. 0. 0. 0. 0. 0. 1. 0. 0. 0. 0. 0. 0. 0. 0. 0. 0. 0. 0. 0. 0. 1. 0. 1. 1. 0. 1.],7.0,best,10000,100000,100,0.9,0.5,0.9,0.5,0.9,5,0.48,1,7,,problem_solving,10
1300,0.002892481002509579,0.116187,0.0029615377916354293,0.552,0.83379077108603,-2.5938801425323113,[0.         0.01095654 0.         0.         0.9289987  0.         0.         0.         0.         0.         0.01620376 0.         0.         0.         0.         0.         0.         0.         0.         0.         0.         0.         0.         0.         0.         0.01095498 0.         0.01110277 0.01095967 0.         0.01082359],[0. 1. 0. 0. 1. 0. 0. 0. 0. 0. 1. 0. 0. 0. 0. 0. 0. 0. 0. 0. 0. 0. 0. 0. 0. 1. 0. 1. 1. 0. 1.],7.0,best,10000,100000,100,0.9,0.5,0.9,0.5,0.9,5,0.48,1,7,,problem_solving,10
1400,0.002892481002509579,0.116187,0.0029615377916354293,0.556,0.828904235391859,2.305695389860218,[0.         0.01095654 0.         0.         0.9289987  0.         0.         0.         0.         0.         0.01620376 0.         0.         0.         0.         0.         0.         0.         0.         0.         0.         0.         0.         0.         0.         0.01095498 0.         0.01110277 0.01095967 0.         0.01082359],[0. 1. 0. 0. 1. 0. 0. 0. 0. 0. 1. 0. 0. 0. 0. 0. 0. 0. 0. 0. 0. 0. 0. 0. 0. 1. 0. 1. 1. 0. 1.],7.0,best,10000,100000,100,0.9,0.5,0.9,0.5,0.9,5,0.48,1,7,,problem_solving,10
1500,0.002892481002509579,0.116187,0.0029615377916354293,0.56,0.8240463378547873,2.99874642106626,[0.         0.01095654 0.         0.         0.9289987  0.         0.         0.         0.         0.         0.01620376 0.         0.         0.         0.         0.         0.         0.         0.         0.         0.         0.         0.         0.         0.         0.01095498 0.         0.01110277 0.01095967 0.         0.01082359],[0. 1. 0. 0. 1. 0. 0. 0. 0. 0. 1. 0. 0. 0. 0. 0. 0. 0. 0. 0. 0. 0. 0. 0. 0. 1. 0. 1. 1. 0. 1.],7.0,best,10000,100000,100,0.9,0.5,0.9,0.5,0.9,5,0.48,1,7,,problem_solving,10
1600,0.002892481002509579,0.116187,0.0029615377916354293,0.5640000000000001,0.8192169106372932,3.398355473787088,[0.         0.01095654 0.         0.         0.9289987  0.         0.         0.         0.         0.         0.01620376 0.         0.         0.         0.         0.         0.         0.         0.         0.         0.         0.         0.         0.         0.         0.01095498 0.         0.01110277 0.01095967 0.         0.01082359],[0. 1. 0. 0. 1. 0. 0. 0. 0. 0. 1. 0. 0. 0. 0. 0. 0. 0. 0. 0. 0. 0. 0. 0. 0. 1. 0. 1. 1. 0. 1.],7.0,best,10000,100000,100,0.9,0.5,0.9,0.5,0.9,5,0.48,1,7,,problem_solving,10
1700,0.002892481002509579,0.116187,0.0029615377916354293,0.5680000000000001,0.8144157868854872,2.068179846363145,[0.         0.01095654 0.         0.         0.9289987  0.         0.         0.         0.         0.         0.01620376 0.         0.         0.         0.         0.         0.         0.         0.         0.         0.         0.         0.         0.         0.         0.01095498 0.         0.01110277 0.01095967 0.         0.01082359],[0. 1. 0. 0. 1. 0. 0. 0. 0. 0. 1. 0. 0. 0. 0. 0. 0. 0. 0. 0. 0. 0. 0. 0. 0. 1. 0. 1. 1. 0. 1.],7.0,best,10000,100000,100,0.9,0.5,0.9,0.5,0.9,5,0.48,1,7,,problem_solving,10
1800,0.002892481002509579,0.116187,0.0029615377916354293,0.5720000000000001,0.8096428007233489,0.8753609546055265,[0.         0.01095654 0.         0.         0.9289987  0.         0.         0.         0.         0.         0.01620376 0.         0.         0.         0.         0.         0.         0.         0.         0.         0.         0.         0.         0.         0.         0.01095498 0.         0.01110277 0.01095967 0.         0.01082359],[0. 1. 0. 0. 1. 0. 0. 0. 0. 0. 1. 0. 0. 0. 0. 0. 0. 0. 0. 0. 0. 0. 0. 0. 0. 1. 0. 1. 1. 0. 1.],7.0,best,10000,100000,100,0.9,0.5,0.9,0.5,0.9,5,0.48,1,7,,problem_solving,10
1900,0.002892481002509579,0.116187,0.0029615377916354293,0.5760000000000001,0.8048977872469943,1.0823612684152148,[0.         0.01095654 0.         0.         0.9289987  0.         0.         0.         0.         0.         0.01620376 0.         0.         0.         0.         0.         0.         0.         0.         0.         0.         0.         0.         0.         0.         0.01095498 0.         0.01110277 0.01095967 0.         0.01082359],[0. 1. 0. 0. 1. 0. 0. 0. 0. 0. 1. 0. 0. 0. 0. 0. 0. 0. 0. 0. 0. 0. 0. 0. 0. 1. 0. 1. 1. 0. 1.],7.0,best,10000,100000,100,0.9,0.5,0.9,0.5,0.9,5,0.48,1,7,,problem_solving,10
2000,0.002892481002509579,0.116187,0.0029615377916354293,0.58,0.80018058251898,-2.5682471747041973,[0.         0.01095654 0.         0.         0.9289987  0.         0.         0.         0.         0.         0.01620376 0.         0.         0.         0.         0.         0.         0.         0.         0.         0.         0.         0.         0.         0.         0.01095498 0.         0.01110277 0.01095967 0.         0.01082359],[0. 1. 0. 0. 1. 0. 0. 0. 0. 0. 1. 0. 0. 0. 0. 0. 0. 0. 0. 0. 0. 0. 0. 0. 0. 1. 0. 1. 1. 0. 1.],7.0,best,10000,100000,100,0.9,0.5,0.9,0.5,0.9,5,0.48,1,7,,problem_solving,10
2100,0.002892481002509579,0.116187,0.0029615377916354293,0.584,0.7954910235626383,-1.4597180885855958,[0.         0.01095654 0.         0.         0.9289987  0.         0.         0.         0.         0.         0.01620376 0.         0.         0.         0.         0.         0.         0.         0.         0.         0.         0.         0.         0.         0.         0.01095498 0.         0.01110277 0.01095967 0.         0.01082359],[0. 1. 0. 0. 1. 0. 0. 0. 0. 0. 1. 0. 0. 0. 0. 0. 0. 0. 0. 0. 0. 0. 0. 0. 0. 1. 0. 1. 1. 0. 1.],7.0,best,10000,100000,100,0.9,0.5,0.9,0.5,0.9,5,0.48,1,7,,problem_solving,10
2200,0.002892481002509579,0.116187,0.0029615377916354293,0.588,0.7908289483564468,3.0889373538887255,[0.         0.01095654 0.         0.         0.9289987  0.         0.         0.         0.         0.         0.01620376 0.         0.         0.         0.         0.         0.         0.         0.         0.         0.         0.         0.         0.         0.         0.01095498 0.         0.01110277 0.01095967 0.         0.01082359],[0. 1. 0. 0. 1. 0. 0. 0. 0. 0. 1. 0. 0. 0. 0. 0. 0. 0. 0. 0. 0. 0. 0. 0. 0. 1. 0. 1. 1. 0. 1.],7.0,best,10000,100000,100,0.9,0.5,0.9,0.5,0.9,5,0.48,1,7,,problem_solving,10
2300,0.002892481002509579,0.116187,0.0029615377916354293,0.592,0.7861941958284306,-7.951936250046396,[0.         0.01095654 0.         0.         0.9289987  0.         0.         0.         0.         0.         0.01620376 0.         0.         0.         0.         0.         0.         0.         0.         0.         0.         0.         0.         0.         0.         0.01095498 0.         0.01110277 0.01095967 0.         0.01082359],[0. 1. 0. 0. 1. 0. 0. 0. 0. 0. 1. 0. 0. 0. 0. 0. 0. 0. 0. 0. 0. 0. 0. 0. 0. 1. 0. 1. 1. 0. 1.],7.0,best,10000,100000,100,0.9,0.5,0.9,0.5,0.9,5,0.48,1,7,,problem_solving,10
2400,0.002892481002509579,0.116187,0.0029615377916354293,0.596,0.7815866058505976,4.2535444437842225,[0.         0.01095654 0.         0.         0.9289987  0.         0.         0.         0.         0.         0.01620376 0.         0.         0.         0.         0.         0.         0.         0.         0.         0.         0.         0.         0.         0.         0.01095498 0.         0.01110277 0.01095967 0.         0.01082359],[0. 1. 0. 0. 1. 0. 0. 0. 0. 0. 1. 0. 0. 0. 0. 0. 0. 0. 0. 0. 0. 0. 0. 0. 0. 1. 0. 1. 1. 0. 1.],7.0,best,10000,100000,100,0.9,0.5,0.9,0.5,0.9,5,0.48,1,7,,problem_solving,10
2500,0.002892481002509579,0.116187,0.0029615377916354293,0.6,0.7770060192334055,1.1028903714775278,[0.         0.01095654 0.         0.         0.9289987  0.         0.         0.         0.         0.         0.01620376 0.         0.         0.         0.         0.         0.         0.         0.         0.         0.         0.         0.         0.         0.         0.01095498 0.         0.01110277 0.01095967 0.         0.01082359],[0. 1. 0. 0. 1. 0. 0. 0. 0. 0. 1. 0. 0. 0. 0. 0. 0. 0. 0. 0. 0. 0. 0. 0. 0. 1. 0. 1. 1. 0. 1.],7.0,best,10000,100000,100,0.9,0.5,0.9,0.5,0.9,5,0.48,1,7,,problem_solving,10
2600,0.002892481002509579,0.116187,0.0029615377916354293,0.604,0.7724522777202627,-1.4573237775850316,[0.         0.01095654 0.         0.         0.9289987  0.         0.         0.         0.         0.         0.01620376 0.         0.         0.         0.         0.         0.         0.         0.         0.         0.         0.         0.         0.         0.         0.01095498 0.         0.01110277 0.01095967 0.         0.01082359],[0. 1. 0. 0. 1. 0. 0. 0. 0. 0. 1. 0. 0. 0. 0. 0. 0. 0. 0. 0. 0. 0. 0. 0. 0. 1. 0. 1. 1. 0. 1.],7.0,best,10000,100000,100,0.9,0.5,0.9,0.5,0.9,5,0.48,1,7,,problem_solving,10
2700,0.002892481002509579,0.116187,0.0029615377916354293,0.608,0.7679252239820602,8.15334866406267,[0.         0.01095654 0.         0.         0.9289987  0.         0.         0.         0.         0.         0.01620376 0.         0.         0.         0.         0.         0.         0.         0.         0.         0.         0.         0.         0.         0.         0.01095498 0.         0.01110277 0.01095967 0.         0.01082359],[0. 1. 0. 0. 1. 0. 0. 0. 0. 0. 1. 0. 0. 0. 0. 0. 0. 0. 0. 0. 0. 0. 0. 0. 0. 1. 0. 1. 1. 0. 1.],7.0,best,10000,100000,100,0.9,0.5,0.9,0.5,0.9,5,0.48,1,7,,problem_solving,10
2800,0.002892481002509579,0.116187,0.0029615377916354293,0.612,0.7634247016117359,-7.790724164356661,[0.         0.01095654 0.         0.         0.9289987  0.         0.         0.         0.         0.         0.01620376 0.         0.         0.         0.         0.         0.         0.         0.         0.         0.         0.         0.         0.         0.         0.01095498 0.         0.01110277 0.01095967 0.         0.01082359],[0. 1. 0. 0. 1. 0. 0. 0. 0. 0. 1. 0. 0. 0. 0. 0. 0. 0. 0. 0. 0. 0. 0. 0. 0. 1. 0. 1. 1. 0. 1.],7.0,best,10000,100000,100,0.9,0.5,0.9,0.5,0.9,5,0.48,1,7,,problem_solving,10
2900,0.002892481002509579,0.116187,0.0029615377916354293,0.616,0.758950555118871,3.612115187056688,[0.         0.01095654 0.         0.         0.9289987  0.         0.         0.         0.         0.         0.01620376 0.         0.         0.         0.         0.         0.         0.         0.         0.         0.         0.         0.         0.         0.         0.01095498 0.         0.01110277 0.01095967 0.         0.01082359],[0. 1. 0. 0. 1. 0. 0. 0. 0. 0. 1. 0. 0. 0. 0. 0. 0. 0. 0. 0. 0. 0. 0. 0. 0. 1. 0. 1. 1. 0. 1.],7.0,best,10000,100000,100,0.9,0.5,0.9,0.5,0.9,5,0.48,1,7,,problem_solving,10
3000,0.002892481002509579,0.116187,0.0029615377916354293,0.62,0.754502629924318,-1.090322369995072,[0.         0.01095654 0.         0.         0.9289987  0.         0.         0.         0.         0.         0.01620376 0.         0.         0.         0.         0.         0.         0.         0.         0.         0.         0.         0.         0.         0.         0.01095498 0.         0.01110277 0.01095967 0.         0.01082359],[0. 1. 0. 0. 1. 0. 0. 0. 0. 0. 1. 0. 0. 0. 0. 0. 0. 0. 0. 0. 0. 0. 0. 0. 0. 1. 0. 1. 1. 0. 1.],7.0,best,10000,100000,100,0.9,0.5,0.9,0.5,0.9,5,0.48,1,7,,problem_solving,10
3100,0.002892481002509579,0.116187,0.0029615377916354293,0.624,0.7500807723548599,2.7918118946732338,[0.         0.01095654 0.         0.         0.9289987  0.         0.         0.         0.         0.         0.01620376 0.         0.         0.         0.         0.         0.         0.         0.         0.         0.         0.         0.         0.         0.         0.01095498 0.         0.01110277 0.01095967 0.         0.01082359],[0. 1. 0. 0. 1. 0. 0. 0. 0. 0. 1. 0. 0. 0. 0. 0. 0. 0. 0. 0. 0. 0. 0. 0. 0. 1. 0. 1. 1. 0. 1.],7.0,best,10000,100000,100,0.9,0.5,0.9,0.5,0.9,5,0.48,1,7,,problem_solving,10
3200,0.002892481002509579,0.116187,0.0029615377916354293,0.628,0.7456848296379007,-1.527249255791145,[0.         0.01095654 0.         0.         0.9289987  0.         0.         0.         0.         0.         0.01620376 0.         0.         0.         0.         0.         0.         0.         0.         0.         0.         0.         0.         0.         0.         0.01095498 0.         0.01110277 0.01095967 0.         0.01082359],[0. 1. 0. 0. 1. 0. 0. 0. 0. 0. 1. 0. 0. 0. 0. 0. 0. 0. 0. 0. 0. 0. 0. 0. 0. 1. 0. 1. 1. 0. 1.],7.0,best,10000,100000,100,0.9,0.5,0.9,0.5,0.9,5,0.48,1,7,,problem_solving,10
3300,0.002892481002509579,0.116187,0.0029615377916354293,0.632,0.7413146498961878,3.052472027504043,[0.         0.01095654 0.         0.         0.9289987  0.         0.         0.         0.         0.         0.01620376 0.         0.         0.         0.         0.         0.         0.         0.         0.         0.         0.         0.         0.         0.         0.01095498 0.         0.01110277 0.01095967 0.         0.01082359],[0. 1. 0. 0. 1. 0. 0. 0. 0. 0. 1. 0. 0. 0. 0. 0. 0. 0. 0. 0. 0. 0. 0. 0. 0. 1. 0. 1. 1. 0. 1.],7.0,best,10000,100000,100,0.9,0.5,0.9,0.5,0.9,5,0.48,1,7,,problem_solving,10
3400,0.002892481002509579,0.116187,0.0029615377916354293,0.636,0.7369700821425638,1.8836882473860483,[0.         0.01095654 0.         0.         0.9289987  0.         0.         0.         0.         0.         0.01620376 0.         0.         0.         0.         0.         0.         0.         0.         0.         0.         0.         0.         0.         0.         0.01095498 0.         0.01110277 0.01095967 0.         0.01082359],[0. 1. 0. 0. 1. 0. 0. 0. 0. 0. 1. 0. 0. 0. 0. 0. 0. 0. 0. 0. 0. 0. 0. 0. 0. 1. 0. 1. 1. 0. 1.],7.0,best,10000,100000,100,0.9,0.5,0.9,0.5,0.9,5,0.48,1,7,,problem_solving,10
3500,0.002892481002509579,0.116187,0.0029615377916354293,0.64,0.7326509762747511,2.1114405664705163,[0.         0.01095654 0.         0.         0.9289987  0.         0.         0.         0.         0.         0.01620376 0.         0.         0.         0.         0.         0.         0.         0.         0.         0.         0.         0.         0.         0.         0.01095498 0.         0.01110277 0.01095967 0.         0.01082359],[0. 1. 0. 0. 1. 0. 0. 0. 0. 0. 1. 0. 0. 0. 0. 0. 0. 0. 0. 0. 0. 0. 0. 0. 0. 1. 0. 1. 1. 0. 1.],7.0,best,10000,100000,100,0.9,0.5,0.9,0.5,0.9,5,0.48,1,7,,problem_solving,10
3600,0.002892481002509579,0.116187,0.0029615377916354293,0.644,0.7283571830701648,5.788847460627511,[0.         0.01095654 0.         0.         0.9289987  0.         0.         0.         0.         0.         0.01620376 0.         0.         0.         0.         0.         0.         0.         0.         0.         0.         0.         0.         0.         0.         0.01095498 0.         0.01110277 0.01095967 0.         0.01082359],[0. 1. 0. 0. 1. 0. 0. 0. 0. 0. 1. 0. 0. 0. 0. 0. 0. 0. 0. 0. 0. 0. 0. 0. 0. 1. 0. 1. 1. 0. 1.],7.0,best,10000,100000,100,0.9,0.5,0.9,0.5,0.9,5,0.48,1,7,,problem_solving,10
3700,0.002892481002509579,0.116187,0.0029615377916354293,0.648,0.7240885541807586,-0.14437737148344296,[0.         0.01095654 0.         0.         0.9289987  0.         0.         0.         0.         0.         0.01620376 0.         0.         0.         0.         0.         0.         0.         0.         0.         0.         0.         0.         0.         0.         0.01095498 0.         0.01110277 0.01095967 0.         0.01082359],[0. 1. 0. 0. 1. 0. 0. 0. 0. 0. 1. 0. 0. 0. 0. 0. 0. 0. 0. 0. 0. 0. 0. 0. 0. 1. 0. 1. 1. 0. 1.],7.0,best,10000,100000,100,0.9,0.5,0.9,0.5,0.9,5,0.48,1,7,,problem_solving,10
3800,0.002892481002509579,0.116187,0.0029615377916354293,0.652,0.7198449421278975,4.044623708853092,[0.         0.01095654 0.         0.         0.9289987  0.         0.         0.         0.         0.         0.01620376 0.         0.         0.         0.         0.         0.         0.         0.         0.         0.         0.         0.         0.         0.         0.01095498 0.         0.01110277 0.01095967 0.         0.01082359],[0. 1. 0. 0. 1. 0. 0. 0. 0. 0. 1. 0. 0. 0. 0. 0. 0. 0. 0. 0. 0. 0. 0. 0. 0. 1. 0. 1. 1. 0. 1.],7.0,best,10000,100000,100,0.9,0.5,0.9,0.5,0.9,5,0.48,1,7,,problem_solving,10
3900,0.002892481002509579,0.116187,0.0029615377916354293,0.656,0.7156262002972644,1.5878086087940766,[0.         0.01095654 0.         0.         0.9289987  0.         0.         0.         0.         0.         0.01620376 0.         0.         0.         0.         0.         0.         0.         0.         0.         0.         0.         0.         0.         0.         0.01095498 0.         0.01110277 0.01095967 0.         0.01082359],[0. 1. 0. 0. 1. 0. 0. 0. 0. 0. 1. 0. 0. 0. 0. 0. 0. 0. 0. 0. 0. 0. 0. 0. 0. 1. 0. 1. 1. 0. 1.],7.0,best,10000,100000,100,0.9,0.5,0.9,0.5,0.9,5,0.48,1,7,,problem_solving,10
4000,0.002892481002509579,0.116187,0.0029615377916354293,0.66,0.7114321829337936,-0.5914186346203241,[0.         0.01095654 0.         0.         0.9289987  0.         0.         0.         0.         0.         0.01620376 0.         0.         0.         0.         0.         0.         0.         0.         0.         0.         0.         0.         0.         0.         0.01095498 0.         0.01110277 0.01095967 0.         0.01082359],[0. 1. 0. 0. 1. 0. 0. 0. 0. 0. 1. 0. 0. 0. 0. 0. 0. 0. 0. 0. 0. 0. 0. 0. 0. 1. 0. 1. 1. 0. 1.],7.0,best,10000,100000,100,0.9,0.5,0.9,0.5,0.9,5,0.48,1,7,,problem_solving,10
4100,0.002892481002509579,0.116187,0.0029615377916354293,0.664,0.707262745136635,0.6645218378825605,[0.         0.01095654 0.         0.         0.9289987  0.         0.         0.         0.         0.         0.01620376 0.         0.         0.         0.         0.         0.         0.         0.         0.         0.         0.         0.         0.         0.         0.01095498 0.         0.01110277 0.01095967 0.         0.01082359],[0. 1. 0. 0. 1. 0. 0. 0. 0. 0. 1. 0. 0. 0. 0. 0. 0. 0. 0. 0. 0. 0. 0. 0. 0. 1. 0. 1. 1. 0. 1.],7.0,best,10000,100000,100,0.9,0.5,0.9,0.5,0.9,5,0.48,1,7,,problem_solving,10
4200,0.002892481002509579,0.116187,0.0029615377916354293,0.668,0.7031177428541489,-5.322390757061684,[0.         0.01095654 0.         0.         0.9289987  0.         0.         0.         0.         0.         0.01620376 0.         0.         0.         0.         0.         0.         0.         0.         0.         0.         0.         0.         0.         0.         0.01095498 0.         0.01110277 0.01095967 0.         0.01082359],[0. 1. 0. 0. 1. 0. 0. 0. 0. 0. 1. 0. 0. 0. 0. 0. 0. 0. 0. 0. 0. 0. 0. 0. 0. 1. 0. 1. 1. 0. 1.],7.0,best,10000,100000,100,0.9,0.5,0.9,0.5,0.9,5,0.48,1,7,,problem_solving,10
4300,0.002892481002509579,0.116187,0.0029615377916354293,0.672,0.6989970328789274,0.18598917013632355,[0.         0.01095654 0.         0.         0.9289987  0.         0.         0.         0.         0.         0.01620376 0.         0.         0.         0.         0.         0.         0.         0.         0.         0.         0.         0.         0.         0.         0.01095498 0.         0.01110277 0.01095967 0.         0.01082359],[0. 1. 0. 0. 1. 0. 0. 0. 0. 0. 1. 0. 0. 0. 0. 0. 0. 0. 0. 0. 0. 0. 0. 0. 0. 1. 0. 1. 1. 0. 1.],7.0,best,10000,100000,100,0.9,0.5,0.9,0.5,0.9,5,0.48,1,7,,problem_solving,10
4400,0.002892481002509579,0.116187,0.0029615377916354293,0.676,0.6949004728428485,3.095144059454289,[0.         0.01095654 0.         0.         0.9289987  0.         0.         0.         0.         0.         0.01620376 0.         0.         0.         0.         0.         0.         0.         0.         0.         0.         0.         0.         0.         0.         0.01095498 0.         0.01110277 0.01095967 0.         0.01082359],[0. 1. 0. 0. 1. 0. 0. 0. 0. 0. 1. 0. 0. 0. 0. 0. 0. 0. 0. 0. 0. 0. 0. 0. 0. 1. 0. 1. 1. 0. 1.],7.0,best,10000,100000,100,0.9,0.5,0.9,0.5,0.9,5,0.48,1,7,,problem_solving,10
4500,0.002892481002509579,0.116187,0.0029615377916354293,0.68,0.6908279212121557,-1.4144081418041032,[0.         0.01095654 0.         0.         0.9289987  0.         0.         0.         0.         0.         0.01620376 0.         0.         0.         0.         0.         0.         0.         0.         0.         0.         0.         0.         0.         0.         0.01095498 0.         0.01110277 0.01095967 0.         0.01082359],[0. 1. 0. 0. 1. 0. 0. 0. 0. 0. 1. 0. 0. 0. 0. 0. 0. 0. 0. 0. 0. 0. 0. 0. 0. 1. 0. 1. 1. 0. 1.],7.0,best,10000,100000,100,0.9,0.5,0.9,0.5,0.9,5,0.48,1,7,,problem_solving,10
4600,0.002892481002509579,0.116187,0.0029615377916354293,0.684,0.6867792372825697,-2.9371742780077126,[0.         0.01095654 0.         0.         0.9289987  0.         0.         0.         0.         0.         0.01620376 0.         0.         0.         0.         0.         0.         0.         0.         0.         0.         0.         0.         0.         0.         0.01095498 0.         0.01110277 0.01095967 0.         0.01082359],[0. 1. 0. 0. 1. 0. 0. 0. 0. 0. 1. 0. 0. 0. 0. 0. 0. 0. 0. 0. 0. 0. 0. 0. 0. 1. 0. 1. 1. 0. 1.],7.0,best,10000,100000,100,0.9,0.5,0.9,0.5,0.9,5,0.48,1,7,,problem_solving,10
4700,0.002892481002509579,0.116187,0.0029615377916354293,0.6880000000000001,0.6827542811744257,2.053420645965894,[0.         0.01095654 0.         0.         0.9289987  0.         0.         0.         0.         0.         0.01620376 0.         0.         0.         0.         0.         0.         0.         0.         0.         0.         0.         0.         0.         0.         0.01095498 0.         0.01110277 0.01095967 0.         0.01082359],[0. 1. 0. 0. 1. 0. 0. 0. 0. 0. 1. 0. 0. 0. 0. 0. 0. 0. 0. 0. 0. 0. 0. 0. 0. 1. 0. 1. 1. 0. 1.],7.0,best,10000,100000,100,0.9,0.5,0.9,0.5,0.9,5,0.48,1,7,,problem_solving,10
4800,0.002892481002509579,0.116187,0.0029615377916354293,0.692,0.6787529138278414,3.279224244716538,[0.         0.01095654 0.         0.         0.9289987  0.         0.         0.         0.         0.         0.01620376 0.         0.         0.         0.         0.         0.         0.         0.         0.         0.         0.         0.         0.         0.         0.01095498 0.         0.01110277 0.01095967 0.         0.01082359],[0. 1. 0. 0. 1. 0. 0. 0. 0. 0. 1. 0. 0. 0. 0. 0. 0. 0. 0. 0. 0. 0. 0. 0. 0. 1. 0. 1. 1. 0. 1.],7.0,best,10000,100000,100,0.9,0.5,0.9,0.5,0.9,5,0.48,1,7,,problem_solving,10
4900,0.002892481002509579,0.116187,0.0029615377916354293,0.696,0.6747749969979128,-8.126860547213816,[0.         0.01095654 0.         0.         0.9289987  0.         0.         0.         0.         0.         0.01620376 0.         0.         0.         0.         0.         0.         0.         0.         0.         0.         0.         0.         0.         0.         0.01095498 0.         0.01110277 0.01095967 0.         0.01082359],[0. 1. 0. 0. 1. 0. 0. 0. 0. 0. 1. 0. 0. 0. 0. 0. 0. 0. 0. 0. 0. 0. 0. 0. 0. 1. 0. 1. 1. 0. 1.],7.0,best,10000,100000,100,0.9,0.5,0.9,0.5,0.9,5,0.48,1,7,,problem_solving,10
5000,0.002892481002509579,0.116187,0.0029615377916354293,0.7,0.6708203932499369,0.42096990023657926,[0.         0.01095654 0.         0.         0.9289987  0.         0.         0.         0.         0.         0.01620376 0.         0.         0.         0.         0.         0.         0.         0.         0.         0.         0.         0.         0.         0.         0.01095498 0.         0.01110277 0.01095967 0.         0.01082359],[0. 1. 0. 0. 1. 0. 0. 0. 0. 0. 1. 0. 0. 0. 0. 0. 0. 0. 0. 0. 0. 0. 0. 0. 0. 1. 0. 1. 1. 0. 1.],7.0,best,10000,100000,100,0.9,0.5,0.9,0.5,0.9,5,0.48,1,7,,problem_solving,10
5100,0.002892481002509579,0.116187,0.0029615377916354293,0.704,0.6668889659546647,6.536576912023922,[0.         0.01095654 0.         0.         0.9289987  0.         0.         0.         0.         0.         0.01620376 0.         0.         0.         0.         0.         0.         0.         0.         0.         0.         0.         0.         0.         0.         0.01095498 0.         0.01110277 0.01095967 0.         0.01082359],[0. 1. 0. 0. 1. 0. 0. 0. 0. 0. 1. 0. 0. 0. 0. 0. 0. 0. 0. 0. 0. 0. 0. 0. 0. 1. 0. 1. 1. 0. 1.],7.0,best,10000,100000,100,0.9,0.5,0.9,0.5,0.9,5,0.48,1,7,,problem_solving,10
5200,0.002892481002509579,0.116187,0.0029615377916354293,0.708,0.6629805792835798,1.3695956891767274,[0.         0.01095654 0.         0.         0.9289987  0.         0.         0.         0.         0.         0.01620376 0.         0.         0.         0.         0.         0.         0.         0.         0.         0.         0.         0.         0.         0.         0.01095498 0.         0.01110277 0.01095967 0.         0.01082359],[0. 1. 0. 0. 1. 0. 0. 0. 0. 0. 1. 0. 0. 0. 0. 0. 0. 0. 0. 0. 0. 0. 0. 0. 0. 1. 0. 1. 1. 0. 1.],7.0,best,10000,100000,100,0.9,0.5,0.9,0.5,0.9,5,0.48,1,7,,problem_solving,10
5300,0.002892481002509579,0.116187,0.0029615377916354293,0.712,0.6590950982042058,-2.213523180140231,[0.         0.01095654 0.         0.         0.9289987  0.         0.         0.         0.         0.         0.01620376 0.         0.         0.         0.         0.         0.         0.         0.         0.         0.         0.         0.         0.         0.         0.01095498 0.         0.01110277 0.01095967 0.         0.01082359],[0. 1. 0. 0. 1. 0. 0. 0. 0. 0. 1. 0. 0. 0. 0. 0. 0. 0. 0. 0. 0. 0. 0. 0. 0. 1. 0. 1. 1. 0. 1.],7.0,best,10000,100000,100,0.9,0.5,0.9,0.5,0.9,5,0.48,1,7,,problem_solving,10
5400,0.002892481002509579,0.116187,0.0029615377916354293,0.716,0.6552323884754414,4.6527994649488695,[0.         0.01095654 0.         0.         0.9289987  0.         0.         0.         0.         0.         0.01620376 0.         0.         0.         0.         0.         0.         0.         0.         0.         0.         0.         0.         0.         0.         0.01095498 0.         0.01110277 0.01095967 0.         0.01082359],[0. 1. 0. 0. 1. 0. 0. 0. 0. 0. 1. 0. 0. 0. 0. 0. 0. 0. 0. 0. 0. 0. 0. 0. 0. 1. 0. 1. 1. 0. 1.],7.0,best,10000,100000,100,0.9,0.5,0.9,0.5,0.9,5,0.48,1,7,,problem_solving,10
5500,0.002892481002509579,0.116187,0.0029615377916354293,0.72,0.651392316642922,0.1890650269900063,[0.         0.01095654 0.         0.         0.9289987  0.         0.         0.         0.         0.         0.01620376 0.         0.         0.         0.         0.         0.         0.         0.         0.         0.         0.         0.         0.         0.         0.01095498 0.         0.01110277 0.01095967 0.         0.01082359],[0. 1. 0. 0. 1. 0. 0. 0. 0. 0. 1. 0. 0. 0. 0. 0. 0. 0. 0. 0. 0. 0. 0. 0. 0. 1. 0. 1. 1. 0. 1.],7.0,best,10000,100000,100,0.9,0.5,0.9,0.5,0.9,5,0.48,1,7,,problem_solving,10
5600,0.002892481002509579,0.116187,0.0029615377916354293,0.724,0.6475747500344088,0.49960105947436184,[0.         0.01095654 0.         0.         0.9289987  0.         0.         0.         0.         0.         0.01620376 0.         0.         0.         0.         0.         0.         0.         0.         0.         0.         0.         0.         0.         0.         0.01095498 0.         0.01110277 0.01095967 0.         0.01082359],[0. 1. 0. 0. 1. 0. 0. 0. 0. 0. 1. 0. 0. 0. 0. 0. 0. 0. 0. 0. 0. 0. 0. 0. 0. 1. 0. 1. 1. 0. 1.],7.0,best,10000,100000,100,0.9,0.5,0.9,0.5,0.9,5,0.48,1,7,,problem_solving,10
5700,0.002892481002509579,0.116187,0.0029615377916354293,0.728,0.643779556755206,-3.494580768125285,[0.         0.01095654 0.         0.         0.9289987  0.         0.         0.         0.         0.         0.01620376 0.         0.         0.         0.         0.         0.         0.         0.         0.         0.         0.         0.         0.         0.         0.01095498 0.         0.01110277 0.01095967 0.         0.01082359],[0. 1. 0. 0. 1. 0. 0. 0. 0. 0. 1. 0. 0. 0. 0. 0. 0. 0. 0. 0. 0. 0. 0. 0. 0. 1. 0. 1. 1. 0. 1.],7.0,best,10000,100000,100,0.9,0.5,0.9,0.5,0.9,5,0.48,1,7,,problem_solving,10
5800,0.002892481002509579,0.116187,0.0029615377916354293,0.732,0.6400066056836028,0.6474339564601141,[0.         0.01095654 0.         0.         0.9289987  0.         0.         0.         0.         0.         0.01620376 0.         0.         0.         0.         0.         0.         0.         0.         0.         0.         0.         0.         0.         0.         0.01095498 0.         0.01110277 0.01095967 0.         0.01082359],[0. 1. 0. 0. 1. 0. 0. 0. 0. 0. 1. 0. 0. 0. 0. 0. 0. 0. 0. 0. 0. 0. 0. 0. 0. 1. 0. 1. 1. 0. 1.],7.0,best,10000,100000,100,0.9,0.5,0.9,0.5,0.9,5,0.48,1,7,,problem_solving,10
5900,0.002892481002509579,0.116187,0.0029615377916354293,0.736,0.6362557664663436,0.22050875687710203,[0.         0.01095654 0.         0.         0.9289987  0.         0.         0.         0.         0.         0.01620376 0.         0.         0.         0.         0.         0.         0.         0.         0.         0.         0.         0.         0.         0.         0.01095498 0.         0.01110277 0.01095967 0.         0.01082359],[0. 1. 0. 0. 1. 0. 0. 0. 0. 0. 1. 0. 0. 0. 0. 0. 0. 0. 0. 0. 0. 0. 0. 0. 0. 1. 0. 1. 1. 0. 1.],7.0,best,10000,100000,100,0.9,0.5,0.9,0.5,0.9,5,0.48,1,7,,problem_solving,10
6000,0.002892481002509579,0.116187,0.0029615377916354293,0.74,0.6325269095141249,-2.636684416023641,[0.         0.01095654 0.         0.         0.9289987  0.         0.         0.         0.         0.         0.01620376 0.         0.         0.         0.         0.         0.         0.         0.         0.         0.         0.         0.         0.         0.         0.01095498 0.         0.01110277 0.01095967 0.         0.01082359],[0. 1. 0. 0. 1. 0. 0. 0. 0. 0. 1. 0. 0. 0. 0. 0. 0. 0. 0. 0. 0. 0. 0. 0. 0. 1. 0. 1. 1. 0. 1.],7.0,best,10000,100000,100,0.9,0.5,0.9,0.5,0.9,5,0.48,1,7,,problem_solving,10
6100,0.002892481002509579,0.116187,0.0029615377916354293,0.744,0.6288199059971172,-1.2889705504501243,[0.         0.01095654 0.         0.         0.9289987  0.         0.         0.         0.         0.         0.01620376 0.         0.         0.         0.         0.         0.         0.         0.         0.         0.         0.         0.         0.         0.         0.01095498 0.         0.01110277 0.01095967 0.         0.01082359],[0. 1. 0. 0. 1. 0. 0. 0. 0. 0. 1. 0. 0. 0. 0. 0. 0. 0. 0. 0. 0. 0. 0. 0. 0. 1. 0. 1. 1. 0. 1.],7.0,best,10000,100000,100,0.9,0.5,0.9,0.5,0.9,5,0.48,1,7,,problem_solving,10
6200,0.002892481002509579,0.116187,0.0029615377916354293,0.748,0.6251346278405147,4.082393914902078,[0.         0.01095654 0.         0.         0.9289987  0.         0.         0.         0.         0.         0.01620376 0.         0.         0.         0.         0.         0.         0.         0.         0.         0.         0.         0.         0.         0.         0.01095498 0.         0.01110277 0.01095967 0.         0.01082359],[0. 1. 0. 0. 1. 0. 0. 0. 0. 0. 1. 0. 0. 0. 0. 0. 0. 0. 0. 0. 0. 0. 0. 0. 0. 1. 0. 1. 1. 0. 1.],7.0,best,10000,100000,100,0.9,0.5,0.9,0.5,0.9,5,0.48,1,7,,problem_solving,10
6300,0.002892481002509579,0.116187,0.0029615377916354293,0.752,0.6214709477201097,1.4078953602020068,[0.         0.01095654 0.         0.         0.9289987  0.         0.         0.         0.         0.         0.01620376 0.         0.         0.         0.         0.         0.         0.         0.         0.         0.         0.         0.         0.         0.         0.01095498 0.         0.01110277 0.01095967 0.         0.01082359],[0. 1. 0. 0. 1. 0. 0. 0. 0. 0. 1. 0. 0. 0. 0. 0. 0. 0. 0. 0. 0. 0. 0. 0. 0. 1. 0. 1. 1. 0. 1.],7.0,best,10000,100000,100,0.9,0.5,0.9,0.5,0.9,5,0.48,1,7,,problem_solving,10
6400,0.002892481002509579,0.116187,0.0029615377916354293,0.756,0.6178287390578946,-4.612854015922137,[0.         0.01095654 0.         0.         0.9289987  0.         0.         0.         0.         0.         0.01620376 0.         0.         0.         0.         0.         0.         0.         0.         0.         0.         0.         0.         0.         0.         0.01095498 0.         0.01110277 0.01095967 0.         0.01082359],[0. 1. 0. 0. 1. 0. 0. 0. 0. 0. 1. 0. 0. 0. 0. 0. 0. 0. 0. 0. 0. 0. 0. 0. 0. 1. 0. 1. 1. 0. 1.],7.0,best,10000,100000,100,0.9,0.5,0.9,0.5,0.9,5,0.48,1,7,,problem_solving,10
6500,0.002892481002509579,0.116187,0.0029615377916354293,0.76,0.6142078760176876,-4.129404040936741,[0.         0.01095654 0.         0.         0.9289987  0.         0.         0.         0.         0.         0.01620376 0.         0.         0.         0.         0.         0.         0.         0.         0.         0.         0.         0.         0.         0.         0.01095498 0.         0.01110277 0.01095967 0.         0.01082359],[0. 1. 0. 0. 1. 0. 0. 0. 0. 0. 1. 0. 0. 0. 0. 0. 0. 0. 0. 0. 0. 0. 0. 0. 0. 1. 0. 1. 1. 0. 1.],7.0,best,10000,100000,100,0.9,0.5,0.9,0.5,0.9,5,0.48,1,7,,problem_solving,10
6600,0.002892481002509579,0.116187,0.0029615377916354293,0.764,0.6106082335007861,0.1475044633693456,[0.         0.01095654 0.         0.         0.9289987  0.         0.         0.         0.         0.         0.01620376 0.         0.         0.         0.         0.         0.         0.         0.         0.         0.         0.         0.         0.         0.         0.01095498 0.         0.01110277 0.01095967 0.         0.01082359],[0. 1. 0. 0. 1. 0. 0. 0. 0. 0. 1. 0. 0. 0. 0. 0. 0. 0. 0. 0. 0. 0. 0. 0. 0. 1. 0. 1. 1. 0. 1.],7.0,best,10000,100000,100,0.9,0.5,0.9,0.5,0.9,5,0.48,1,7,,problem_solving,10
6700,0.002892481002509579,0.116187,0.0029615377916354293,0.768,0.6070296871416437,-2.446539871499651,[0.         0.01095654 0.         0.         0.9289987  0.         0.         0.         0.         0.         0.01620376 0.         0.         0.         0.         0.         0.         0.         0.         0.         0.         0.         0.         0.         0.         0.01095498 0.         0.01110277 0.01095967 0.         0.01082359],[0. 1. 0. 0. 1. 0. 0. 0. 0. 0. 1. 0. 0. 0. 0. 0. 0. 0. 0. 0. 0. 0. 0. 0. 0. 1. 0. 1. 1. 0. 1.],7.0,best,10000,100000,100,0.9,0.5,0.9,0.5,0.9,5,0.48,1,7,,problem_solving,10
6800,0.002892481002509579,0.116187,0.0029615377916354293,0.772,0.6034721133035746,3.961779274912046,[0.         0.01095654 0.         0.         0.9289987  0.         0.         0.         0.         0.         0.01620376 0.         0.         0.         0.         0.         0.         0.         0.         0.         0.         0.         0.         0.         0.         0.01095498 0.         0.01110277 0.01095967 0.         0.01082359],[0. 1. 0. 0. 1. 0. 0. 0. 0. 0. 1. 0. 0. 0. 0. 0. 0. 0. 0. 0. 0. 0. 0. 0. 0. 1. 0. 1. 1. 0. 1.],7.0,best,10000,100000,100,0.9,0.5,0.9,0.5,0.9,5,0.48,1,7,,problem_solving,10
6900,0.002892481002509579,0.116187,0.0029615377916354293,0.776,0.5999353890744809,-0.2810367436571936,[0.         0.01095654 0.         0.         0.9289987  0.         0.         0.         0.         0.         0.01620376 0.         0.         0.         0.         0.         0.         0.         0.         0.         0.         0.         0.         0.         0.         0.01095498 0.         0.01110277 0.01095967 0.         0.01082359],[0. 1. 0. 0. 1. 0. 0. 0. 0. 0. 1. 0. 0. 0. 0. 0. 0. 0. 0. 0. 0. 0. 0. 0. 0. 1. 0. 1. 1. 0. 1.],7.0,best,10000,100000,100,0.9,0.5,0.9,0.5,0.9,5,0.48,1,7,,problem_solving,10
7000,0.002892481002509579,0.116187,0.0029615377916354293,0.78,0.5964193922626064,3.0483021296723525,[0.         0.01095654 0.         0.         0.9289987  0.         0.         0.         0.         0.         0.01620376 0.         0.         0.         0.         0.         0.         0.         0.         0.         0.         0.         0.         0.         0.         0.01095498 0.         0.01110277 0.01095967 0.         0.01082359],[0. 1. 0. 0. 1. 0. 0. 0. 0. 0. 1. 0. 0. 0. 0. 0. 0. 0. 0. 0. 0. 0. 0. 0. 0. 1. 0. 1. 1. 0. 1.],7.0,best,10000,100000,100,0.9,0.5,0.9,0.5,0.9,5,0.48,1,7,,problem_solving,10
7100,0.002892481002509579,0.116187,0.0029615377916354293,0.784,0.5929240013923155,-1.7626461019912953,[0.         0.01095654 0.         0.         0.9289987  0.         0.         0.         0.         0.         0.01620376 0.         0.         0.         0.         0.         0.         0.         0.         0.         0.         0.         0.         0.         0.         0.01095498 0.         0.01110277 0.01095967 0.         0.01082359],[0. 1. 0. 0. 1. 0. 0. 0. 0. 0. 1. 0. 0. 0. 0. 0. 0. 0. 0. 0. 0. 0. 0. 0. 0. 1. 0. 1. 1. 0. 1.],7.0,best,10000,100000,100,0.9,0.5,0.9,0.5,0.9,5,0.48,1,7,,problem_solving,10
7200,0.002892481002509579,0.116187,0.0029615377916354293,0.788,0.5894490956998952,-2.027070992892537,[0.         0.01095654 0.         0.         0.9289987  0.         0.         0.         0.         0.         0.01620376 0.         0.         0.         0.         0.         0.         0.         0.         0.         0.         0.         0.         0.         0.         0.01095498 0.         0.01110277 0.01095967 0.         0.01082359],[0. 1. 0. 0. 1. 0. 0. 0. 0. 0. 1. 0. 0. 0. 0. 0. 0. 0. 0. 0. 0. 0. 0. 0. 0. 1. 0. 1. 1. 0. 1.],7.0,best,10000,100000,100,0.9,0.5,0.9,0.5,0.9,5,0.48,1,7,,problem_solving,10
7300,0.002892481002509579,0.116187,0.0029615377916354293,0.792,0.5859945551293843,5.059272109770187,[0.         0.01095654 0.         0.         0.9289987  0.         0.         0.         0.         0.         0.01620376 0.         0.         0.         0.         0.         0.         0.         0.         0.         0.         0.         0.         0.         0.         0.01095498 0.         0.01110277 0.01095967 0.         0.01082359],[0. 1. 0. 0. 1. 0. 0. 0. 0. 0. 1. 0. 0. 0. 0. 0. 0. 0. 0. 0. 0. 0. 0. 0. 0. 1. 0. 1. 1. 0. 1.],7.0,best,10000,100000,100,0.9,0.5,0.9,0.5,0.9,5,0.48,1,7,,problem_solving,10
7400,0.002892481002509579,0.116187,0.0029615377916354293,0.796,0.5825602603284237,-0.26225079058728895,[0.         0.01095654 0.         0.         0.9289987  0.         0.         0.         0.         0.         0.01620376 0.         0.         0.         0.         0.         0.         0.         0.         0.         0.         0.         0.         0.         0.         0.01095498 0.         0.01110277 0.01095967 0.         0.01082359],[0. 1. 0. 0. 1. 0. 0. 0. 0. 0. 1. 0. 0. 0. 0. 0. 0. 0. 0. 0. 0. 0. 0. 0. 0. 1. 0. 1. 1. 0. 1.],7.0,best,10000,100000,100,0.9,0.5,0.9,0.5,0.9,5,0.48,1,7,,problem_solving,10
7500,0.002892481002509579,0.116187,0.0029615377916354293,0.8,0.5791460926441345,-1.7554790092821055,[0.         0.01095654 0.         0.         0.9289987  0.         0.         0.         0.         0.         0.01620376 0.         0.         0.         0.         0.         0.         0.         0.         0.         0.         0.         0.         0.         0.         0.01095498 0.         0.01110277 0.01095967 0.         0.01082359],[0. 1. 0. 0. 1. 0. 0. 0. 0. 0. 1. 0. 0. 0. 0. 0. 0. 0. 0. 0. 0. 0. 0. 0. 0. 1. 0. 1. 1. 0. 1.],7.0,best,10000,100000,100,0.9,0.5,0.9,0.5,0.9,5,0.48,1,7,,problem_solving,10
7600,0.002892481002509579,0.116187,0.0029615377916354293,0.804,0.5757519341190179,6.1523833483580495,[0.         0.01095654 0.         0.         0.9289987  0.         0.         0.         0.         0.         0.01620376 0.         0.         0.         0.         0.         0.         0.         0.         0.         0.         0.         0.         0.         0.         0.01095498 0.         0.01110277 0.01095967 0.         0.01082359],[0. 1. 0. 0. 1. 0. 0. 0. 0. 0. 1. 0. 0. 0. 0. 0. 0. 0. 0. 0. 0. 0. 0. 0. 0. 1. 0. 1. 1. 0. 1.],7.0,best,10000,100000,100,0.9,0.5,0.9,0.5,0.9,5,0.48,1,7,,problem_solving,10
7700,0.002892481002509579,0.116187,0.0029615377916354293,0.808,0.5723776674868795,1.3024605481628904,[0.         0.01095654 0.         0.         0.9289987  0.         0.         0.         0.         0.         0.01620376 0.         0.         0.         0.         0.         0.         0.         0.         0.         0.         0.         0.         0.         0.         0.01095498 0.         0.01110277 0.01095967 0.         0.01082359],[0. 1. 0. 0. 1. 0. 0. 0. 0. 0. 1. 0. 0. 0. 0. 0. 0. 0. 0. 0. 0. 0. 0. 0. 0. 1. 0. 1. 1. 0. 1.],7.0,best,10000,100000,100,0.9,0.5,0.9,0.5,0.9,5,0.48,1,7,,problem_solving,10
7800,0.002892481002509579,0.116187,0.0029615377916354293,0.812,0.5690231761687783,0.6245249132306104,[0.         0.01095654 0.         0.         0.9289987  0.         0.         0.         0.         0.         0.01620376 0.         0.         0.         0.         0.         0.         0.         0.         0.         0.         0.         0.         0.         0.         0.01095498 0.         0.01110277 0.01095967 0.         0.01082359],[0. 1. 0. 0. 1. 0. 0. 0. 0. 0. 1. 0. 0. 0. 0. 0. 0. 0. 0. 0. 0. 0. 0. 0. 0. 1. 0. 1. 1. 0. 1.],7.0,best,10000,100000,100,0.9,0.5,0.9,0.5,0.9,5,0.48,1,7,,problem_solving,10
7900,0.002892481002509579,0.116187,0.0029615377916354293,0.8160000000000001,0.5656883442689989,1.3995297889837335,[0.         0.01095654 0.         0.         0.9289987  0.         0.         0.         0.         0.         0.01620376 0.         0.         0.         0.         0.         0.         0.         0.         0.         0.         0.         0.         0.         0.         0.01095498 0.         0.01110277 0.01095967 0.         0.01082359],[0. 1. 0. 0. 1. 0. 0. 0. 0. 0. 1. 0. 0. 0. 0. 0. 0. 0. 0. 0. 0. 0. 0. 0. 0. 1. 0. 1. 1. 0. 1.],7.0,best,10000,100000,100,0.9,0.5,0.9,0.5,0.9,5,0.48,1,7,,problem_solving,10
8000,0.002892481002509579,0.116187,0.0029615377916354293,0.8200000000000001,0.5623730565710474,-0.5737649218544053,[0.         0.01095654 0.         0.         0.9289987  0.         0.         0.         0.         0.         0.01620376 0.         0.         0.         0.         0.         0.         0.         0.         0.         0.         0.         0.         0.         0.         0.01095498 0.         0.01110277 0.01095967 0.         0.01082359],[0. 1. 0. 0. 1. 0. 0. 0. 0. 0. 1. 0. 0. 0. 0. 0. 0. 0. 0. 0. 0. 0. 0. 0. 0. 1. 0. 1. 1. 0. 1.],7.0,best,10000,100000,100,0.9,0.5,0.9,0.5,0.9,5,0.48,1,7,,problem_solving,10
8100,0.002892481002509579,0.116187,0.0029615377916354293,0.8240000000000001,0.5590771985336705,-4.698171613588007,[0.         0.01095654 0.         0.         0.9289987  0.         0.         0.         0.         0.         0.01620376 0.         0.         0.         0.         0.         0.         0.         0.         0.         0.         0.         0.         0.         0.         0.01095498 0.         0.01110277 0.01095967 0.         0.01082359],[0. 1. 0. 0. 1. 0. 0. 0. 0. 0. 1. 0. 0. 0. 0. 0. 0. 0. 0. 0. 0. 0. 0. 0. 0. 1. 0. 1. 1. 0. 1.],7.0,best,10000,100000,100,0.9,0.5,0.9,0.5,0.9,5,0.48,1,7,,problem_solving,10
8200,0.002892481002509579,0.116187,0.0029615377916354293,0.8280000000000001,0.5558006562868987,-0.8754409888667185,[0.         0.01095654 0.         0.         0.9289987  0.         0.         0.         0.         0.         0.01620376 0.         0.         0.         0.         0.         0.         0.         0.         0.         0.         0.         0.         0.         0.         0.01095498 0.         0.01110277 0.01095967 0.         0.01082359],[0. 1. 0. 0. 1. 0. 0. 0. 0. 0. 1. 0. 0. 0. 0. 0. 0. 0. 0. 0. 0. 0. 0. 0. 0. 1. 0. 1. 1. 0. 1.],7.0,best,10000,100000,100,0.9,0.5,0.9,0.5,0.9,5,0.48,1,7,,problem_solving,10
8300,0.002892481002509579,0.116187,0.0029615377916354293,0.8320000000000001,0.5525433166281111,7.718347262349133,[0.         0.01095654 0.         0.         0.9289987  0.         0.         0.         0.         0.         0.01620376 0.         0.         0.         0.         0.         0.         0.         0.         0.         0.         0.         0.         0.         0.         0.01095498 0.         0.01110277 0.01095967 0.         0.01082359],[0. 1. 0. 0. 1. 0. 0. 0. 0. 0. 1. 0. 0. 0. 0. 0. 0. 0. 0. 0. 0. 0. 0. 0. 0. 1. 0. 1. 1. 0. 1.],7.0,best,10000,100000,100,0.9,0.5,0.9,0.5,0.9,5,0.48,1,7,,problem_solving,10
8400,0.002892481002509579,0.116187,0.0029615377916354293,0.8360000000000001,0.5493050670181255,-4.319005654181986,[0.         0.01095654 0.         0.         0.9289987  0.         0.         0.         0.         0.         0.01620376 0.         0.         0.         0.         0.         0.         0.         0.         0.         0.         0.         0.         0.         0.         0.01095498 0.         0.01110277 0.01095967 0.         0.01082359],[0. 1. 0. 0. 1. 0. 0. 0. 0. 0. 1. 0. 0. 0. 0. 0. 0. 0. 0. 0. 0. 0. 0. 0. 0. 1. 0. 1. 1. 0. 1.],7.0,best,10000,100000,100,0.9,0.5,0.9,0.5,0.9,5,0.48,1,7,,problem_solving,10
8500,0.002892481002509579,0.116187,0.0029615377916354293,0.8400000000000001,0.5460857955773097,-0.34395008953163486,[0.         0.01095654 0.         0.         0.9289987  0.         0.         0.         0.         0.         0.01620376 0.         0.         0.         0.         0.         0.         0.         0.         0.         0.         0.         0.         0.         0.         0.01095498 0.         0.01110277 0.01095967 0.         0.01082359],[0. 1. 0. 0. 1. 0. 0. 0. 0. 0. 1. 0. 0. 0. 0. 0. 0. 0. 0. 0. 0. 0. 0. 0. 0. 1. 0. 1. 1. 0. 1.],7.0,best,10000,100000,100,0.9,0.5,0.9,0.5,0.9,5,0.48,1,7,,problem_solving,10
8600,0.002892481002509579,0.116187,0.0029615377916354293,0.8440000000000001,0.542885391081716,-1.1235449876587011,[0.         0.01095654 0.         0.         0.9289987  0.         0.         0.         0.         0.         0.01620376 0.         0.         0.         0.         0.         0.         0.         0.         0.         0.         0.         0.         0.         0.         0.01095498 0.         0.01110277 0.01095967 0.         0.01082359],[0. 1. 0. 0. 1. 0. 0. 0. 0. 0. 1. 0. 0. 0. 0. 0. 0. 0. 0. 0. 0. 0. 0. 0. 0. 1. 0. 1. 1. 0. 1.],7.0,best,10000,100000,100,0.9,0.5,0.9,0.5,0.9,5,0.48,1,7,,problem_solving,10
8700,0.002892481002509579,0.116187,0.0029615377916354293,0.8480000000000001,0.5397037429592386,3.888631996343533,[0.         0.01095654 0.         0.         0.9289987  0.         0.         0.         0.         0.         0.01620376 0.         0.         0.         0.         0.         0.         0.         0.         0.         0.         0.         0.         0.         0.         0.01095498 0.         0.01110277 0.01095967 0.         0.01082359],[0. 1. 0. 0. 1. 0. 0. 0. 0. 0. 1. 0. 0. 0. 0. 0. 0. 0. 0. 0. 0. 0. 0. 0. 0. 1. 0. 1. 1. 0. 1.],7.0,best,10000,100000,100,0.9,0.5,0.9,0.5,0.9,5,0.48,1,7,,problem_solving,10
8800,0.002892481002509579,0.116187,0.0029615377916354293,0.8520000000000001,0.5365407412857937,-2.135086229115772,[0.         0.01095654 0.         0.         0.9289987  0.         0.         0.         0.         0.         0.01620376 0.         0.         0.         0.         0.         0.         0.         0.         0.         0.         0.         0.         0.         0.         0.01095498 0.         0.01110277 0.01095967 0.         0.01082359],[0. 1. 0. 0. 1. 0. 0. 0. 0. 0. 1. 0. 0. 0. 0. 0. 0. 0. 0. 0. 0. 0. 0. 0. 0. 1. 0. 1. 1. 0. 1.],7.0,best,10000,100000,100,0.9,0.5,0.9,0.5,0.9,5,0.48,1,7,,problem_solving,10
8900,0.002892481002509579,0.116187,0.0029615377916354293,0.8560000000000001,0.5333962767815211,-2.500459324817829,[0.         0.01095654 0.         0.         0.9289987  0.         0.         0.         0.         0.         0.01620376 0.         0.         0.         0.         0.         0.         0.         0.         0.         0.         0.         0.         0.         0.         0.01095498 0.         0.01110277 0.01095967 0.         0.01082359],[0. 1. 0. 0. 1. 0. 0. 0. 0. 0. 1. 0. 0. 0. 0. 0. 0. 0. 0. 0. 0. 0. 0. 0. 0. 1. 0. 1. 1. 0. 1.],7.0,best,10000,100000,100,0.9,0.5,0.9,0.5,0.9,5,0.48,1,7,,problem_solving,10
9000,0.002892481002509579,0.116187,0.0029615377916354293,0.8600000000000001,0.5302702408070095,2.3221411949936783,[0.         0.01095654 0.         0.         0.9289987  0.         0.         0.         0.         0.         0.01620376 0.         0.         0.         0.         0.         0.         0.         0.         0.         0.         0.         0.         0.         0.         0.01095498 0.         0.01110277 0.01095967 0.         0.01082359],[0. 1. 0. 0. 1. 0. 0. 0. 0. 0. 1. 0. 0. 0. 0. 0. 0. 0. 0. 0. 0. 0. 0. 0. 0. 1. 0. 1. 1. 0. 1.],7.0,best,10000,100000,100,0.9,0.5,0.9,0.5,0.9,5,0.48,1,7,,problem_solving,10
9100,0.002892481002509579,0.116187,0.0029615377916354293,0.8640000000000001,0.5271625253595416,1.721757511236885,[0.         0.01095654 0.         0.         0.9289987  0.         0.         0.         0.         0.         0.01620376 0.         0.         0.         0.         0.         0.         0.         0.         0.         0.         0.         0.         0.         0.         0.01095498 0.         0.01110277 0.01095967 0.         0.01082359],[0. 1. 0. 0. 1. 0. 0. 0. 0. 0. 1. 0. 0. 0. 0. 0. 0. 0. 0. 0. 0. 0. 0. 0. 0. 1. 0. 1. 1. 0. 1.],7.0,best,10000,100000,100,0.9,0.5,0.9,0.5,0.9,5,0.48,1,7,,problem_solving,10
9200,0.002892481002509579,0.116187,0.0029615377916354293,0.8680000000000001,0.5240730230693647,0.9028466458480527,[0.         0.01095654 0.         0.         0.9289987  0.         0.         0.         0.         0.         0.01620376 0.         0.         0.         0.         0.         0.         0.         0.         0.         0.         0.         0.         0.         0.         0.01095498 0.         0.01110277 0.01095967 0.         0.01082359],[0. 1. 0. 0. 1. 0. 0. 0. 0. 0. 1. 0. 0. 0. 0. 0. 0. 0. 0. 0. 0. 0. 0. 0. 0. 1. 0. 1. 1. 0. 1.],7.0,best,10000,100000,100,0.9,0.5,0.9,0.5,0.9,5,0.48,1,7,,problem_solving,10
9300,0.002892481002509579,0.116187,0.0029615377916354293,0.8720000000000001,0.5210016271959791,1.8768588846625072,[0.         0.01095654 0.         0.         0.9289987  0.         0.         0.         0.         0.         0.01620376 0.         0.         0.         0.         0.         0.         0.         0.         0.         0.         0.         0.         0.         0.         0.01095498 0.         0.01110277 0.01095967 0.         0.01082359],[0. 1. 0. 0. 1. 0. 0. 0. 0. 0. 1. 0. 0. 0. 0. 0. 0. 0. 0. 0. 0. 0. 0. 0. 0. 1. 0. 1. 1. 0. 1.],7.0,best,10000,100000,100,0.9,0.5,0.9,0.5,0.9,5,0.48,1,7,,problem_solving,10
9400,0.002892481002509579,0.116187,0.0029615377916354293,0.8760000000000001,0.5179482316244518,-1.396304483857877,[0.         0.01095654 0.         0.         0.9289987  0.         0.         0.         0.         0.         0.01620376 0.         0.         0.         0.         0.         0.         0.         0.         0.         0.         0.         0.         0.         0.         0.01095498 0.         0.01110277 0.01095967 0.         0.01082359],[0. 1. 0. 0. 1. 0. 0. 0. 0. 0. 1. 0. 0. 0. 0. 0. 0. 0. 0. 0. 0. 0. 0. 0. 0. 1. 0. 1. 1. 0. 1.],7.0,best,10000,100000,100,0.9,0.5,0.9,0.5,0.9,5,0.48,1,7,,problem_solving,10
9500,0.002892481002509579,0.116187,0.0029615377916354293,0.88,0.5149127308617497,0.17119178296933404,[0.         0.01095654 0.         0.         0.9289987  0.         0.         0.         0.         0.         0.01620376 0.         0.         0.         0.         0.         0.         0.         0.         0.         0.         0.         0.         0.         0.         0.01095498 0.         0.01110277 0.01095967 0.         0.01082359],[0. 1. 0. 0. 1. 0. 0. 0. 0. 0. 1. 0. 0. 0. 0. 0. 0. 0. 0. 0. 0. 0. 0. 0. 0. 1. 0. 1. 1. 0. 1.],7.0,best,10000,100000,100,0.9,0.5,0.9,0.5,0.9,5,0.48,1,7,,problem_solving,10
9600,0.002892481002509579,0.116187,0.0029615377916354293,0.884,0.5118950200330946,-2.792556751361479,[0.         0.01095654 0.         0.         0.9289987  0.         0.         0.         0.         0.         0.01620376 0.         0.         0.         0.         0.         0.         0.         0.         0.         0.         0.         0.         0.         0.         0.01095498 0.         0.01110277 0.01095967 0.         0.01082359],[0. 1. 0. 0. 1. 0. 0. 0. 0. 0. 1. 0. 0. 0. 0. 0. 0. 0. 0. 0. 0. 0. 0. 0. 0. 1. 0. 1. 1. 0. 1.],7.0,best,10000,100000,100,0.9,0.5,0.9,0.5,0.9,5,0.48,1,7,,problem_solving,10
9700,0.002892481002509579,0.116187,0.0029615377916354293,0.888,0.5088949948783402,-0.02359357314816229,[0.         0.01095654 0.         0.         0.9289987  0.         0.         0.         0.         0.         0.01620376 0.         0.         0.         0.         0.         0.         0.         0.         0.         0.         0.         0.         0.         0.         0.01095498 0.         0.01110277 0.01095967 0.         0.01082359],[0. 1. 0. 0. 1. 0. 0. 0. 0. 0. 1. 0. 0. 0. 0. 0. 0. 0. 0. 0. 0. 0. 0. 0. 0. 1. 0. 1. 1. 0. 1.],7.0,best,10000,100000,100,0.9,0.5,0.9,0.5,0.9,5,0.48,1,7,,problem_solving,10
9800,0.002892481002509579,0.116187,0.0029615377916354293,0.892,0.5059125517483702,-0.32914442342653283,[0.         0.01095654 0.         0.         0.9289987  0.         0.         0.         0.         0.         0.01620376 0.         0.         0.         0.         0.         0.         0.         0.         0.         0.         0.         0.         0.         0.         0.01095498 0.         0.01110277 0.01095967 0.         0.01082359],[0. 1. 0. 0. 1. 0. 0. 0. 0. 0. 1. 0. 0. 0. 0. 0. 0. 0. 0. 0. 0. 0. 0. 0. 0. 1. 0. 1. 1. 0. 1.],7.0,best,10000,100000,100,0.9,0.5,0.9,0.5,0.9,5,0.48,1,7,,problem_solving,10
9900,0.002892481002509579,0.116187,0.0029615377916354293,0.896,0.5029475876015165,-2.359476212905386,[0.         0.01095654 0.         0.         0.9289987  0.         0.         0.         0.         0.         0.01620376 0.         0.         0.         0.         0.         0.         0.         0.         0.         0.         0.         0.         0.         0.         0.01095498 0.         0.01110277 0.01095967 0.         0.01082359],[0. 1. 0. 0. 1. 0. 0. 0. 0. 0. 1. 0. 0. 0. 0. 0. 0. 0. 0. 0. 0. 0. 0. 0. 0. 1. 0. 1. 1. 0. 1.],7.0,best,10000,100000,100,0.9,0.5,0.9,0.5,0.9,5,0.48,1,7,,problem_solving,10
9999,0.002892481002509579,0.116187,0.0029615377916354293,0.8999600000000001,0.500029390196995,1.774552119889774,[0.         0.01095654 0.         0.         0.9289987  0.         0.         0.         0.         0.         0.01620376 0.         0.         0.         0.         0.         0.         0.         0.         0.         0.         0.         0.         0.         0.         0.01095498 0.         0.01110277 0.01095967 0.         0.01082359],[0. 1. 0. 0. 1. 0. 0. 0. 0. 0. 1. 0. 0. 0. 0. 0. 0. 0. 0. 0. 0. 0. 0. 0. 0. 1. 0. 1. 1. 0. 1.],7.0,best,10000,100000,100,0.9,0.5,0.9,0.5,0.9,5,0.48,1,7,,problem_solving,10
