iter,cost,risk,return,par,bw,move,X,Z,Q,pop_init,max_iter,pop_size,mem_size,mem_consider,par_min,par_max,bw_min,bw_max,sigma,lambda,port_n,k,seed,tag
1,0.024455973046375888,0.052198,0.004418381538008398,0.1004,0.69863918733465,-0.03293306417603439,[0.         0.         0.         0.         0.02923055 0.         0.         0.         0.         0.         0.         0.         0.02811946 0.         0.         0.         0.         0.         0.         0.         0.         0.         0.         0.         0.         0.         0.         0.94264999 0.         0.         0.        ],[0. 0. 0. 0. 1. 0. 0. 0. 0. 0. 0. 0. 1. 0. 0. 0. 0. 0. 0. 0. 0. 0. 0. 0. 0. 0. 0. 1. 0. 0. 0.],3.0,best,1000,100,10,0.9,0.1,0.5,0.1,0.7,0.03,0.51,1,3,,problem_solving
10,0.024455973046375888,0.052198,0.004418381538008398,0.10400000000000001,0.6865103033060405,0.007143878630668519,[0.         0.         0.         0.         0.02923055 0.         0.         0.         0.         0.         0.         0.         0.02811946 0.         0.         0.         0.         0.         0.         0.         0.         0.         0.         0.         0.         0.         0.         0.94264999 0.         0.         0.        ],[0. 0. 0. 0. 1. 0. 0. 0. 0. 0. 0. 0. 1. 0. 0. 0. 0. 0. 0. 0. 0. 0. 0. 0. 0. 0. 0. 1. 0. 0. 0.],3.0,best,1000,100,10,0.9,0.1,0.5,0.1,0.7,0.03,0.51,1,3,,problem_solving
20,0.024455973046375888,0.052198,0.004418381538008398,0.10800000000000001,0.6732805664933595,-0.02497357669460319,[0.         0.         0.         0.         0.02923055 0.         0.         0.         0.         0.         0.         0.         0.02811946 0.         0.         0.         0.         0.         0.         0.         0.         0.         0.         0.         0.         0.         0.         0.94264999 0.         0.         0.        ],[0. 0. 0. 0. 1. 0. 0. 0. 0. 0. 0. 0. 1. 0. 0. 0. 0. 0. 0. 0. 0. 0. 0. 0. 0. 0. 0. 1. 0. 0. 0.],3.0,best,1000,100,10,0.9,0.1,0.5,0.1,0.7,0.03,0.51,1,3,,problem_solving
30,0.024147156579654223,0.080033,0.00210614160876295,0.112,0.6603057798763129,0.025402413428376396,[0.         0.         0.         0.         0.02046361 0.         0.         0.         0.         0.         0.         0.         0.         0.         0.         0.         0.         0.         0.         0.         0.         0.         0.02046361 0.         0.         0.         0.         0.95907278 0.         0.         0.        ],[0. 0. 0. 0. 1. 0. 0. 0. 0. 0. 0. 0. 0. 0. 0. 0. 0. 0. 0. 0. 0. 0. 1. 0. 0. 0. 0. 1. 0. 0. 0.],3.0,best,1000,100,10,0.9,0.1,0.5,0.1,0.7,0.03,0.51,1,3,,problem_solving
40,0.024147156579654223,0.080033,0.00210614160876295,0.116,0.6475810303108847,0.009207241868995639,[0.         0.         0.         0.         0.02046361 0.         0.         0.         0.         0.         0.         0.         0.         0.         0.         0.         0.         0.         0.         0.         0.         0.         0.02046361 0.         0.         0.         0.         0.95907278 0.         0.         0.        ],[0. 0. 0. 0. 1. 0. 0. 0. 0. 0. 0. 0. 0. 0. 0. 0. 0. 0. 0. 0. 0. 0. 1. 0. 0. 0. 0. 1. 0. 0. 0.],3.0,best,1000,100,10,0.9,0.1,0.5,0.1,0.7,0.03,0.51,1,3,,problem_solving
50,0.024147156579654223,0.080033,0.00210614160876295,0.12000000000000001,0.6351014993342337,-0.02988642907753374,[0.         0.         0.         0.         0.02046361 0.         0.         0.         0.         0.         0.         0.         0.         0.         0.         0.         0.         0.         0.         0.         0.         0.         0.02046361 0.         0.         0.         0.         0.95907278 0.         0.         0.        ],[0. 0. 0. 0. 1. 0. 0. 0. 0. 0. 0. 0. 0. 0. 0. 0. 0. 0. 0. 0. 0. 0. 1. 0. 0. 0. 0. 1. 0. 0. 0.],3.0,best,1000,100,10,0.9,0.1,0.5,0.1,0.7,0.03,0.51,1,3,,problem_solving
60,0.024147156579654223,0.080033,0.00210614160876295,0.124,0.622862461340094,0.0015192353202690425,[0.         0.         0.         0.         0.02046361 0.         0.         0.         0.         0.         0.         0.         0.         0.         0.         0.         0.         0.         0.         0.         0.         0.         0.02046361 0.         0.         0.         0.         0.95907278 0.         0.         0.        ],[0. 0. 0. 0. 1. 0. 0. 0. 0. 0. 0. 0. 0. 0. 0. 0. 0. 0. 0. 0. 0. 0. 1. 0. 0. 0. 0. 1. 0. 0. 0.],3.0,best,1000,100,10,0.9,0.1,0.5,0.1,0.7,0.03,0.51,1,3,,problem_solving
70,0.024147156579654223,0.080033,0.00210614160876295,0.128,0.6108592817893356,0.028564867762896348,[0.         0.         0.         0.         0.02046361 0.         0.         0.         0.         0.         0.         0.         0.         0.         0.         0.         0.         0.         0.         0.         0.         0.         0.02046361 0.         0.         0.         0.         0.95907278 0.         0.         0.        ],[0. 0. 0. 0. 1. 0. 0. 0. 0. 0. 0. 0. 0. 0. 0. 0. 0. 0. 0. 0. 0. 0. 1. 0. 0. 0. 0. 1. 0. 0. 0.],3.0,best,1000,100,10,0.9,0.1,0.5,0.1,0.7,0.03,0.51,1,3,,problem_solving
80,0.019383850562251326,0.088861,0.0037470023744058363,0.132,0.5990874154550098,-0.030027339083252867,[0.         0.         0.         0.         0.02996928 0.         0.         0.         0.         0.         0.         0.         0.         0.         0.         0.         0.         0.02304031 0.         0.         0.         0.         0.         0.         0.         0.         0.         0.94699042 0.         0.         0.        ],[0. 0. 0. 0. 1. 0. 0. 0. 0. 0. 0. 0. 0. 0. 0. 0. 0. 1. 0. 0. 0. 0. 0. 0. 0. 0. 0. 1. 0. 0. 0.],3.0,best,1000,100,10,0.9,0.1,0.5,0.1,0.7,0.03,0.51,1,3,,problem_solving
90,0.018384791892511666,0.098892,0.003203188563968299,0.136,0.5875424047012152,0.019331150415314774,[0.         0.         0.         0.         0.         0.         0.         0.         0.         0.         0.         0.         0.01994504 0.         0.         0.         0.         0.01994504 0.         0.         0.         0.         0.         0.         0.         0.         0.         0.96010992 0.         0.         0.        ],[0. 0. 0. 0. 0. 0. 0. 0. 0. 0. 0. 0. 1. 0. 0. 0. 0. 1. 0. 0. 0. 0. 0. 0. 0. 0. 0. 1. 0. 0. 0.],3.0,best,1000,100,10,0.9,0.1,0.5,0.1,0.7,0.03,0.51,1,3,,problem_solving
100,0.018384791892511666,0.098892,0.003203188563968299,0.14,0.576219877795131,0.008171685921657467,[0.         0.         0.         0.         0.         0.         0.         0.         0.         0.         0.         0.         0.01994504 0.         0.         0.         0.         0.01994504 0.         0.         0.         0.         0.         0.         0.         0.         0.         0.96010992 0.         0.         0.        ],[0. 0. 0. 0. 0. 0. 0. 0. 0. 0. 0. 0. 1. 0. 0. 0. 0. 1. 0. 0. 0. 0. 0. 0. 0. 0. 0. 1. 0. 0. 0.],3.0,best,1000,100,10,0.9,0.1,0.5,0.1,0.7,0.03,0.51,1,3,,problem_solving
110,0.018384791892511666,0.098892,0.003203188563968299,0.14400000000000002,0.5651155472515784,0.012002213524311847,[0.         0.         0.         0.         0.         0.         0.         0.         0.         0.         0.         0.         0.01994504 0.         0.         0.         0.         0.01994504 0.         0.         0.         0.         0.         0.         0.         0.         0.         0.96010992 0.         0.         0.        ],[0. 0. 0. 0. 0. 0. 0. 0. 0. 0. 0. 0. 1. 0. 0. 0. 0. 1. 0. 0. 0. 0. 0. 0. 0. 0. 0. 1. 0. 0. 0.],3.0,best,1000,100,10,0.9,0.1,0.5,0.1,0.7,0.03,0.51,1,3,,problem_solving
120,0.012458503809463516,0.076117,0.0028159348235615553,0.14800000000000002,0.554225208209486,-0.01317804097170986,[0.         0.         0.         0.         0.         0.         0.         0.         0.         0.         0.         0.         0.         0.         0.         0.         0.         0.         0.01985705 0.         0.         0.03047068 0.         0.         0.         0.         0.         0.94967228 0.         0.         0.        ],[0. 0. 0. 0. 0. 0. 0. 0. 0. 0. 0. 0. 0. 0. 0. 0. 0. 0. 1. 0. 0. 1. 0. 0. 0. 0. 0. 1. 0. 0. 0.],3.0,best,1000,100,10,0.9,0.1,0.5,0.1,0.7,0.03,0.51,1,3,,problem_solving
130,0.012458503809463516,0.076117,0.0028159348235615553,0.15200000000000002,0.5435447368396396,-0.027638408122884924,[0.         0.         0.         0.         0.         0.         0.         0.         0.         0.         0.         0.         0.         0.         0.         0.         0.         0.         0.01985705 0.         0.         0.03047068 0.         0.         0.         0.         0.         0.94967228 0.         0.         0.        ],[0. 0. 0. 0. 0. 0. 0. 0. 0. 0. 0. 0. 0. 0. 0. 0. 0. 0. 1. 0. 0. 1. 0. 0. 0. 0. 0. 1. 0. 0. 0.],3.0,best,1000,100,10,0.9,0.1,0.5,0.1,0.7,0.03,0.51,1,3,,problem_solving
140,0.012458503809463516,0.076117,0.0028159348235615553,0.156,0.5330700887831185,0.0049232811756673945,[0.         0.         0.         0.         0.         0.         0.         0.         0.         0.         0.         0.         0.         0.         0.         0.         0.         0.         0.01985705 0.         0.         0.03047068 0.         0.         0.         0.         0.         0.94967228 0.         0.         0.        ],[0. 0. 0. 0. 0. 0. 0. 0. 0. 0. 0. 0. 0. 0. 0. 0. 0. 0. 1. 0. 0. 1. 0. 0. 0. 0. 0. 1. 0. 0. 0.],3.0,best,1000,100,10,0.9,0.1,0.5,0.1,0.7,0.03,0.51,1,3,,problem_solving
150,0.012458503809463516,0.076117,0.0028159348235615553,0.16,0.5227972976198237,-0.0003586318391619181,[0.         0.         0.         0.         0.         0.         0.         0.         0.         0.         0.         0.         0.         0.         0.         0.         0.         0.         0.01985705 0.         0.         0.03047068 0.         0.         0.         0.         0.         0.94967228 0.         0.         0.        ],[0. 0. 0. 0. 0. 0. 0. 0. 0. 0. 0. 0. 0. 0. 0. 0. 0. 0. 1. 0. 0. 1. 0. 0. 0. 0. 0. 1. 0. 0. 0.],3.0,best,1000,100,10,0.9,0.1,0.5,0.1,0.7,0.03,0.51,1,3,,problem_solving
160,0.007948018325720058,0.052198,0.004418381538008398,0.164,0.5127224733665192,0.018095552947929115,[0.         0.         0.         0.         0.02923055 0.         0.         0.         0.         0.         0.         0.         0.02811946 0.         0.         0.         0.         0.         0.         0.         0.         0.         0.         0.         0.         0.         0.         0.94264999 0.         0.         0.        ],[0. 0. 0. 0. 1. 0. 0. 0. 0. 0. 0. 0. 1. 0. 0. 0. 0. 0. 0. 0. 0. 0. 0. 0. 0. 0. 0. 1. 0. 0. 0.],3.0,best,1000,100,10,0.9,0.1,0.5,0.1,0.7,0.03,0.51,1,3,,problem_solving
170,0.007948018325720058,0.052198,0.004418381538008398,0.168,0.5028418010038177,-0.006762541360130123,[0.         0.         0.         0.         0.02923055 0.         0.         0.         0.         0.         0.         0.         0.02811946 0.         0.         0.         0.         0.         0.         0.         0.         0.         0.         0.         0.         0.         0.         0.94264999 0.         0.         0.        ],[0. 0. 0. 0. 1. 0. 0. 0. 0. 0. 0. 0. 1. 0. 0. 0. 0. 0. 0. 0. 0. 0. 0. 0. 0. 0. 0. 1. 0. 0. 0.],3.0,best,1000,100,10,0.9,0.1,0.5,0.1,0.7,0.03,0.51,1,3,,problem_solving
180,0.007948018325720058,0.052198,0.004418381538008398,0.17200000000000001,0.4931515390315523,-0.012797442880328328,[0.         0.         0.         0.         0.02923055 0.         0.         0.         0.         0.         0.         0.         0.02811946 0.         0.         0.         0.         0.         0.         0.         0.         0.         0.         0.         0.         0.         0.         0.94264999 0.         0.         0.        ],[0. 0. 0. 0. 1. 0. 0. 0. 0. 0. 0. 0. 1. 0. 0. 0. 0. 0. 0. 0. 0. 0. 0. 0. 0. 0. 0. 1. 0. 0. 0.],3.0,best,1000,100,10,0.9,0.1,0.5,0.1,0.7,0.03,0.51,1,3,,problem_solving
190,0.007948018325720058,0.052198,0.004418381538008398,0.176,0.48364801805198804,0.008972131997568508,[0.         0.         0.         0.         0.02923055 0.         0.         0.         0.         0.         0.         0.         0.02811946 0.         0.         0.         0.         0.         0.         0.         0.         0.         0.         0.         0.         0.         0.         0.94264999 0.         0.         0.        ],[0. 0. 0. 0. 1. 0. 0. 0. 0. 0. 0. 0. 1. 0. 0. 0. 0. 0. 0. 0. 0. 0. 0. 0. 0. 0. 0. 1. 0. 0. 0.],3.0,best,1000,100,10,0.9,0.1,0.5,0.1,0.7,0.03,0.51,1,3,,problem_solving
200,0.007948018325720058,0.052198,0.004418381538008398,0.18,0.4743276393803366,0.02736293880007397,[0.         0.         0.         0.         0.02923055 0.         0.         0.         0.         0.         0.         0.         0.02811946 0.         0.         0.         0.         0.         0.         0.         0.         0.         0.         0.         0.         0.         0.         0.94264999 0.         0.         0.        ],[0. 0. 0. 0. 1. 0. 0. 0. 0. 0. 0. 0. 1. 0. 0. 0. 0. 0. 0. 0. 0. 0. 0. 0. 0. 0. 0. 1. 0. 0. 0.],3.0,best,1000,100,10,0.9,0.1,0.5,0.1,0.7,0.03,0.51,1,3,,problem_solving
210,0.007948018325720058,0.052198,0.004418381538008398,0.184,0.4651868736820473,-0.013424287871724862,[0.         0.         0.         0.         0.02923055 0.         0.         0.         0.         0.         0.         0.         0.02811946 0.         0.         0.         0.         0.         0.         0.         0.         0.         0.         0.         0.         0.         0.         0.94264999 0.         0.         0.        ],[0. 0. 0. 0. 1. 0. 0. 0. 0. 0. 0. 0. 1. 0. 0. 0. 0. 0. 0. 0. 0. 0. 0. 0. 0. 0. 0. 1. 0. 0. 0.],3.0,best,1000,100,10,0.9,0.1,0.5,0.1,0.7,0.03,0.51,1,3,,problem_solving
220,0.007948018325720058,0.052198,0.004418381538008398,0.188,0.4562222596363586,6.194614376127641e-05,[0.         0.         0.         0.         0.02923055 0.         0.         0.         0.         0.         0.         0.         0.02811946 0.         0.         0.         0.         0.         0.         0.         0.         0.         0.         0.         0.         0.         0.         0.94264999 0.         0.         0.        ],[0. 0. 0. 0. 1. 0. 0. 0. 0. 0. 0. 0. 1. 0. 0. 0. 0. 0. 0. 0. 0. 0. 0. 0. 0. 0. 0. 1. 0. 0. 0.],3.0,best,1000,100,10,0.9,0.1,0.5,0.1,0.7,0.03,0.51,1,3,,problem_solving
230,0.007948018325720058,0.052198,0.004418381538008398,0.192,0.44743040262560535,0.0061782700156766054,[0.         0.         0.         0.         0.02923055 0.         0.         0.         0.         0.         0.         0.         0.02811946 0.         0.         0.         0.         0.         0.         0.         0.         0.         0.         0.         0.         0.         0.         0.94264999 0.         0.         0.        ],[0. 0. 0. 0. 1. 0. 0. 0. 0. 0. 0. 0. 1. 0. 0. 0. 0. 0. 0. 0. 0. 0. 0. 0. 0. 0. 0. 1. 0. 0. 0.],3.0,best,1000,100,10,0.9,0.1,0.5,0.1,0.7,0.03,0.51,1,3,,problem_solving
240,0.007948018325720058,0.052198,0.004418381538008398,0.196,0.438807973449783,-0.00502395174751495,[0.         0.         0.         0.         0.02923055 0.         0.         0.         0.         0.         0.         0.         0.02811946 0.         0.         0.         0.         0.         0.         0.         0.         0.         0.         0.         0.         0.         0.         0.94264999 0.         0.         0.        ],[0. 0. 0. 0. 1. 0. 0. 0. 0. 0. 0. 0. 1. 0. 0. 0. 0. 0. 0. 0. 0. 0. 0. 0. 0. 0. 0. 1. 0. 0. 0.],3.0,best,1000,100,10,0.9,0.1,0.5,0.1,0.7,0.03,0.51,1,3,,problem_solving
250,0.007948018325720058,0.052198,0.004418381538008398,0.2,0.430351707065885,-0.014131991900501083,[0.         0.         0.         0.         0.02923055 0.         0.         0.         0.         0.         0.         0.         0.02811946 0.         0.         0.         0.         0.         0.         0.         0.         0.         0.         0.         0.         0.         0.         0.94264999 0.         0.         0.        ],[0. 0. 0. 0. 1. 0. 0. 0. 0. 0. 0. 0. 1. 0. 0. 0. 0. 0. 0. 0. 0. 0. 0. 0. 0. 0. 0. 1. 0. 0. 0.],3.0,best,1000,100,10,0.9,0.1,0.5,0.1,0.7,0.03,0.51,1,3,,problem_solving
260,0.007948018325720058,0.052198,0.004418381538008398,0.20400000000000001,0.4220584013515329,0.003959400193889984,[0.         0.         0.         0.         0.02923055 0.         0.         0.         0.         0.         0.         0.         0.02811946 0.         0.         0.         0.         0.         0.         0.         0.         0.         0.         0.         0.         0.         0.         0.94264999 0.         0.         0.        ],[0. 0. 0. 0. 1. 0. 0. 0. 0. 0. 0. 0. 1. 0. 0. 0. 0. 0. 0. 0. 0. 0. 0. 0. 0. 0. 0. 1. 0. 0. 0.],3.0,best,1000,100,10,0.9,0.1,0.5,0.1,0.7,0.03,0.51,1,3,,problem_solving
270,0.007948018325720058,0.052198,0.004418381538008398,0.20800000000000002,0.4139249158924335,0.02229935652265198,[0.         0.         0.         0.         0.02923055 0.         0.         0.         0.         0.         0.         0.         0.02811946 0.         0.         0.         0.         0.         0.         0.         0.         0.         0.         0.         0.         0.         0.         0.94264999 0.         0.         0.        ],[0. 0. 0. 0. 1. 0. 0. 0. 0. 0. 0. 0. 1. 0. 0. 0. 0. 0. 0. 0. 0. 0. 0. 0. 0. 0. 0. 1. 0. 0. 0.],3.0,best,1000,100,10,0.9,0.1,0.5,0.1,0.7,0.03,0.51,1,3,,problem_solving
280,0.007948018325720058,0.052198,0.004418381538008398,0.21200000000000002,0.40594817079320256,-0.01788435876889302,[0.         0.         0.         0.         0.02923055 0.         0.         0.         0.         0.         0.         0.         0.02811946 0.         0.         0.         0.         0.         0.         0.         0.         0.         0.         0.         0.         0.         0.         0.94264999 0.         0.         0.        ],[0. 0. 0. 0. 1. 0. 0. 0. 0. 0. 0. 0. 1. 0. 0. 0. 0. 0. 0. 0. 0. 0. 0. 0. 0. 0. 0. 1. 0. 0. 0.],3.0,best,1000,100,10,0.9,0.1,0.5,0.1,0.7,0.03,0.51,1,3,,problem_solving
290,0.007948018325720058,0.052198,0.004418381538008398,0.21600000000000003,0.3981251455111055,-0.0052147306815404125,[0.         0.         0.         0.         0.02923055 0.         0.         0.         0.         0.         0.         0.         0.02811946 0.         0.         0.         0.         0.         0.         0.         0.         0.         0.         0.         0.         0.         0.         0.94264999 0.         0.         0.        ],[0. 0. 0. 0. 1. 0. 0. 0. 0. 0. 0. 0. 1. 0. 0. 0. 0. 0. 0. 0. 0. 0. 0. 0. 0. 0. 0. 1. 0. 0. 0.],3.0,best,1000,100,10,0.9,0.1,0.5,0.1,0.7,0.03,0.51,1,3,,problem_solving
300,0.007948018325720058,0.052198,0.004418381538008398,0.22000000000000003,0.3904528777122722,0.010612563178248097,[0.         0.         0.         0.         0.02923055 0.         0.         0.         0.         0.         0.         0.         0.02811946 0.         0.         0.         0.         0.         0.         0.         0.         0.         0.         0.         0.         0.         0.         0.94264999 0.         0.         0.        ],[0. 0. 0. 0. 1. 0. 0. 0. 0. 0. 0. 0. 1. 0. 0. 0. 0. 0. 0. 0. 0. 0. 0. 0. 0. 0. 0. 1. 0. 0. 0.],3.0,best,1000,100,10,0.9,0.1,0.5,0.1,0.7,0.03,0.51,1,3,,problem_solving
310,0.007948018325720058,0.052198,0.004418381538008398,0.224,0.3829284621499548,0.013070895223469698,[0.         0.         0.         0.         0.02923055 0.         0.         0.         0.         0.         0.         0.         0.02811946 0.         0.         0.         0.         0.         0.         0.         0.         0.         0.         0.         0.         0.         0.         0.94264999 0.         0.         0.        ],[0. 0. 0. 0. 1. 0. 0. 0. 0. 0. 0. 0. 1. 0. 0. 0. 0. 0. 0. 0. 0. 0. 0. 0. 0. 0. 0. 1. 0. 0. 0.],3.0,best,1000,100,10,0.9,0.1,0.5,0.1,0.7,0.03,0.51,1,3,,problem_solving
320,0.007948018325720058,0.052198,0.004418381538008398,0.228,0.3755490495644016,0.00883122688451272,[0.         0.         0.         0.         0.02923055 0.         0.         0.         0.         0.         0.         0.         0.02811946 0.         0.         0.         0.         0.         0.         0.         0.         0.         0.         0.         0.         0.         0.         0.94264999 0.         0.         0.        ],[0. 0. 0. 0. 1. 0. 0. 0. 0. 0. 0. 0. 1. 0. 0. 0. 0. 0. 0. 0. 0. 0. 0. 0. 0. 0. 0. 1. 0. 0. 0.],3.0,best,1000,100,10,0.9,0.1,0.5,0.1,0.7,0.03,0.51,1,3,,problem_solving
330,0.00425884353088025,0.084252,0.0026689726668709937,0.232,0.3683118456039322,-0.028114368052155055,[0.         0.         0.         0.         0.         0.         0.         0.         0.         0.         0.         0.         0.         0.         0.         0.         0.         0.02076756 0.         0.         0.         0.02076756 0.         0.         0.         0.         0.         0.95846488 0.         0.         0.        ],[0. 0. 0. 0. 0. 0. 0. 0. 0. 0. 0. 0. 0. 0. 0. 0. 0. 1. 0. 0. 0. 1. 0. 0. 0. 0. 0. 1. 0. 0. 0.],3.0,best,1000,100,10,0.9,0.1,0.5,0.1,0.7,0.03,0.51,1,3,,problem_solving
340,0.00425884353088025,0.084252,0.0026689726668709937,0.23600000000000002,0.3612141097668044,-0.0067813685077829115,[0.         0.         0.         0.         0.         0.         0.         0.         0.         0.         0.         0.         0.         0.         0.         0.         0.         0.02076756 0.         0.         0.         0.02076756 0.         0.         0.         0.         0.         0.95846488 0.         0.         0.        ],[0. 0. 0. 0. 0. 0. 0. 0. 0. 0. 0. 0. 0. 0. 0. 0. 0. 1. 0. 0. 0. 1. 0. 0. 0. 0. 0. 1. 0. 0. 0.],3.0,best,1000,100,10,0.9,0.1,0.5,0.1,0.7,0.03,0.51,1,3,,problem_solving
350,0.0035212753559085135,0.080033,0.00210614160876295,0.24000000000000002,0.3542531543634719,0.0016825119512040524,[0.         0.         0.         0.         0.02046361 0.         0.         0.         0.         0.         0.         0.         0.         0.         0.         0.         0.         0.         0.         0.         0.         0.         0.02046361 0.         0.         0.         0.         0.95907278 0.         0.         0.        ],[0. 0. 0. 0. 1. 0. 0. 0. 0. 0. 0. 0. 0. 0. 0. 0. 0. 0. 0. 0. 0. 0. 1. 0. 0. 0. 0. 1. 0. 0. 0.],3.0,best,1000,100,10,0.9,0.1,0.5,0.1,0.7,0.03,0.51,1,3,,problem_solving
360,0.0035212753559085135,0.080033,0.00210614160876295,0.24400000000000002,0.3474263434988409,-0.032168234621135126,[0.         0.         0.         0.         0.02046361 0.         0.         0.         0.         0.         0.         0.         0.         0.         0.         0.         0.         0.         0.         0.         0.         0.         0.02046361 0.         0.         0.         0.         0.95907278 0.         0.         0.        ],[0. 0. 0. 0. 1. 0. 0. 0. 0. 0. 0. 0. 0. 0. 0. 0. 0. 0. 0. 0. 0. 0. 1. 0. 0. 0. 0. 1. 0. 0. 0.],3.0,best,1000,100,10,0.9,0.1,0.5,0.1,0.7,0.03,0.51,1,3,,problem_solving
370,0.0035212753559085135,0.080033,0.00210614160876295,0.24800000000000003,0.3407310920741399,-0.003999619955936821,[0.         0.         0.         0.         0.02046361 0.         0.         0.         0.         0.         0.         0.         0.         0.         0.         0.         0.         0.         0.         0.         0.         0.         0.02046361 0.         0.         0.         0.         0.95907278 0.         0.         0.        ],[0. 0. 0. 0. 1. 0. 0. 0. 0. 0. 0. 0. 0. 0. 0. 0. 0. 0. 0. 0. 0. 0. 1. 0. 0. 0. 0. 1. 0. 0. 0.],3.0,best,1000,100,10,0.9,0.1,0.5,0.1,0.7,0.03,0.51,1,3,,problem_solving
380,0.0035212753559085135,0.080033,0.00210614160876295,0.252,0.33416486480802304,-0.011751071984142044,[0.         0.         0.         0.         0.02046361 0.         0.         0.         0.         0.         0.         0.         0.         0.         0.         0.         0.         0.         0.         0.         0.         0.         0.02046361 0.         0.         0.         0.         0.95907278 0.         0.         0.        ],[0. 0. 0. 0. 1. 0. 0. 0. 0. 0. 0. 0. 0. 0. 0. 0. 0. 0. 0. 0. 0. 0. 1. 0. 0. 0. 0. 1. 0. 0. 0.],3.0,best,1000,100,10,0.9,0.1,0.5,0.1,0.7,0.03,0.51,1,3,,problem_solving
390,0.0035212753559085135,0.080033,0.00210614160876295,0.256,0.3277251752765399,0.014920852761046145,[0.         0.         0.         0.         0.02046361 0.         0.         0.         0.         0.         0.         0.         0.         0.         0.         0.         0.         0.         0.         0.         0.         0.         0.02046361 0.         0.         0.         0.         0.95907278 0.         0.         0.        ],[0. 0. 0. 0. 1. 0. 0. 0. 0. 0. 0. 0. 0. 0. 0. 0. 0. 0. 0. 0. 0. 0. 1. 0. 0. 0. 0. 1. 0. 0. 0.],3.0,best,1000,100,10,0.9,0.1,0.5,0.1,0.7,0.03,0.51,1,3,,problem_solving
400,0.0035212753559085135,0.080033,0.00210614160876295,0.26,0.3214095849716039,0.0032980312292734872,[0.         0.         0.         0.         0.02046361 0.         0.         0.         0.         0.         0.         0.         0.         0.         0.         0.         0.         0.         0.         0.         0.         0.         0.02046361 0.         0.         0.         0.         0.95907278 0.         0.         0.        ],[0. 0. 0. 0. 1. 0. 0. 0. 0. 0. 0. 0. 0. 0. 0. 0. 0. 0. 0. 0. 0. 0. 1. 0. 0. 0. 0. 1. 0. 0. 0.],3.0,best,1000,100,10,0.9,0.1,0.5,0.1,0.7,0.03,0.51,1,3,,problem_solving
410,0.0035212753559085135,0.080033,0.00210614160876295,0.264,0.31521570237760627,0.003955829595757224,[0.         0.         0.         0.         0.02046361 0.         0.         0.         0.         0.         0.         0.         0.         0.         0.         0.         0.         0.         0.         0.         0.         0.         0.02046361 0.         0.         0.         0.         0.95907278 0.         0.         0.        ],[0. 0. 0. 0. 1. 0. 0. 0. 0. 0. 0. 0. 0. 0. 0. 0. 0. 0. 0. 0. 0. 0. 1. 0. 0. 0. 0. 1. 0. 0. 0.],3.0,best,1000,100,10,0.9,0.1,0.5,0.1,0.7,0.03,0.51,1,3,,problem_solving
420,0.0035212753559085135,0.080033,0.00210614160876295,0.268,0.30914118206582436,0.009101881185546513,[0.         0.         0.         0.         0.02046361 0.         0.         0.         0.         0.         0.         0.         0.         0.         0.         0.         0.         0.         0.         0.         0.         0.         0.02046361 0.         0.         0.         0.         0.95907278 0.         0.         0.        ],[0. 0. 0. 0. 1. 0. 0. 0. 0. 0. 0. 0. 0. 0. 0. 0. 0. 0. 0. 0. 0. 0. 1. 0. 0. 0. 0. 1. 0. 0. 0.],3.0,best,1000,100,10,0.9,0.1,0.5,0.1,0.7,0.03,0.51,1,3,,problem_solving
430,0.0035212753559085135,0.080033,0.00210614160876295,0.272,0.3031837238062814,-0.0028359914232739926,[0.         0.         0.         0.         0.02046361 0.         0.         0.         0.         0.         0.         0.         0.         0.         0.         0.         0.         0.         0.         0.         0.         0.         0.02046361 0.         0.         0.         0.         0.95907278 0.         0.         0.        ],[0. 0. 0. 0. 1. 0. 0. 0. 0. 0. 0. 0. 0. 0. 0. 0. 0. 0. 0. 0. 0. 0. 1. 0. 0. 0. 0. 1. 0. 0. 0.],3.0,best,1000,100,10,0.9,0.1,0.5,0.1,0.7,0.03,0.51,1,3,,problem_solving
440,0.0035212753559085135,0.080033,0.00210614160876295,0.276,0.29734107169672147,0.016485268194102825,[0.         0.         0.         0.         0.02046361 0.         0.         0.         0.         0.         0.         0.         0.         0.         0.         0.         0.         0.         0.         0.         0.         0.         0.02046361 0.         0.         0.         0.         0.95907278 0.         0.         0.        ],[0. 0. 0. 0. 1. 0. 0. 0. 0. 0. 0. 0. 0. 0. 0. 0. 0. 0. 0. 0. 0. 0. 1. 0. 0. 0. 0. 1. 0. 0. 0.],3.0,best,1000,100,10,0.9,0.1,0.5,0.1,0.7,0.03,0.51,1,3,,problem_solving
450,0.0035212753559085135,0.080033,0.00210614160876295,0.28,0.2916110133083706,-0.0020858504663992463,[0.         0.         0.         0.         0.02046361 0.         0.         0.         0.         0.         0.         0.         0.         0.         0.         0.         0.         0.         0.         0.         0.         0.         0.02046361 0.         0.         0.         0.         0.95907278 0.         0.         0.        ],[0. 0. 0. 0. 1. 0. 0. 0. 0. 0. 0. 0. 0. 0. 0. 0. 0. 0. 0. 0. 0. 0. 1. 0. 0. 0. 0. 1. 0. 0. 0.],3.0,best,1000,100,10,0.9,0.1,0.5,0.1,0.7,0.03,0.51,1,3,,problem_solving
460,0.0035212753559085135,0.080033,0.00210614160876295,0.28400000000000003,0.285991378848159,-0.0034595516413315932,[0.         0.         0.         0.         0.02046361 0.         0.         0.         0.         0.         0.         0.         0.         0.         0.         0.         0.         0.         0.         0.         0.         0.         0.02046361 0.         0.         0.         0.         0.95907278 0.         0.         0.        ],[0. 0. 0. 0. 1. 0. 0. 0. 0. 0. 0. 0. 0. 0. 0. 0. 0. 0. 0. 0. 0. 0. 1. 0. 0. 0. 0. 1. 0. 0. 0.],3.0,best,1000,100,10,0.9,0.1,0.5,0.1,0.7,0.03,0.51,1,3,,problem_solving
470,0.0035212753559085135,0.080033,0.00210614160876295,0.28800000000000003,0.2804800403370891,0.0011603242698274862,[0.         0.         0.         0.         0.02046361 0.         0.         0.         0.         0.         0.         0.         0.         0.         0.         0.         0.         0.         0.         0.         0.         0.         0.02046361 0.         0.         0.         0.         0.95907278 0.         0.         0.        ],[0. 0. 0. 0. 1. 0. 0. 0. 0. 0. 0. 0. 0. 0. 0. 0. 0. 0. 0. 0. 0. 0. 1. 0. 0. 0. 0. 1. 0. 0. 0.],3.0,best,1000,100,10,0.9,0.1,0.5,0.1,0.7,0.03,0.51,1,3,,problem_solving
480,0.0035212753559085135,0.080033,0.00210614160876295,0.29200000000000004,0.27507491080443647,0.003280396158924413,[0.         0.         0.         0.         0.02046361 0.         0.         0.         0.         0.         0.         0.         0.         0.         0.         0.         0.         0.         0.         0.         0.         0.         0.02046361 0.         0.         0.         0.         0.95907278 0.         0.         0.        ],[0. 0. 0. 0. 1. 0. 0. 0. 0. 0. 0. 0. 0. 0. 0. 0. 0. 0. 0. 0. 0. 0. 1. 0. 0. 0. 0. 1. 0. 0. 0.],3.0,best,1000,100,10,0.9,0.1,0.5,0.1,0.7,0.03,0.51,1,3,,problem_solving
490,0.0035212753559085135,0.080033,0.00210614160876295,0.29600000000000004,0.2697739434974796,-0.007334205859727628,[0.         0.         0.         0.         0.02046361 0.         0.         0.         0.         0.         0.         0.         0.         0.         0.         0.         0.         0.         0.         0.         0.         0.         0.02046361 0.         0.         0.         0.         0.95907278 0.         0.         0.        ],[0. 0. 0. 0. 1. 0. 0. 0. 0. 0. 0. 0. 0. 0. 0. 0. 0. 0. 0. 0. 0. 0. 1. 0. 0. 0. 0. 1. 0. 0. 0.],3.0,best,1000,100,10,0.9,0.1,0.5,0.1,0.7,0.03,0.51,1,3,,problem_solving
500,0.0035212753559085135,0.080033,0.00210614160876295,0.30000000000000004,0.2645751311064591,-0.00852184995935847,[0.         0.         0.         0.         0.02046361 0.         0.         0.         0.         0.         0.         0.         0.         0.         0.         0.         0.         0.         0.         0.         0.         0.         0.02046361 0.         0.         0.         0.         0.95907278 0.         0.         0.        ],[0. 0. 0. 0. 1. 0. 0. 0. 0. 0. 0. 0. 0. 0. 0. 0. 0. 0. 0. 0. 0. 0. 1. 0. 0. 0. 0. 1. 0. 0. 0.],3.0,best,1000,100,10,0.9,0.1,0.5,0.1,0.7,0.03,0.51,1,3,,problem_solving
510,0.0035212753559085135,0.080033,0.00210614160876295,0.30400000000000005,0.25947650500447234,0.00218767493668198,[0.         0.         0.         0.         0.02046361 0.         0.         0.         0.         0.         0.         0.         0.         0.         0.         0.         0.         0.         0.         0.         0.         0.         0.02046361 0.         0.         0.         0.         0.95907278 0.         0.         0.        ],[0. 0. 0. 0. 1. 0. 0. 0. 0. 0. 0. 0. 0. 0. 0. 0. 0. 0. 0. 0. 0. 0. 1. 0. 0. 0. 0. 1. 0. 0. 0.],3.0,best,1000,100,10,0.9,0.1,0.5,0.1,0.7,0.03,0.51,1,3,,problem_solving
520,0.0035212753559085135,0.080033,0.00210614160876295,0.30800000000000005,0.2544761345020166,-0.003453609639063819,[0.         0.         0.         0.         0.02046361 0.         0.         0.         0.         0.         0.         0.         0.         0.         0.         0.         0.         0.         0.         0.         0.         0.         0.02046361 0.         0.         0.         0.         0.95907278 0.         0.         0.        ],[0. 0. 0. 0. 1. 0. 0. 0. 0. 0. 0. 0. 0. 0. 0. 0. 0. 0. 0. 0. 0. 0. 1. 0. 0. 0. 0. 1. 0. 0. 0.],3.0,best,1000,100,10,0.9,0.1,0.5,0.1,0.7,0.03,0.51,1,3,,problem_solving
530,0.0035212753559085135,0.080033,0.00210614160876295,0.31200000000000006,0.24957212611589738,0.0018197992909715472,[0.         0.         0.         0.         0.02046361 0.         0.         0.         0.         0.         0.         0.         0.         0.         0.         0.         0.         0.         0.         0.         0.         0.         0.02046361 0.         0.         0.         0.         0.95907278 0.         0.         0.        ],[0. 0. 0. 0. 1. 0. 0. 0. 0. 0. 0. 0. 0. 0. 0. 0. 0. 0. 0. 0. 0. 0. 1. 0. 0. 0. 0. 1. 0. 0. 0.],3.0,best,1000,100,10,0.9,0.1,0.5,0.1,0.7,0.03,0.51,1,3,,problem_solving
540,0.0035212753559085135,0.080033,0.00210614160876295,0.316,0.24476262285222591,0.005453690015307215,[0.         0.         0.         0.         0.02046361 0.         0.         0.         0.         0.         0.         0.         0.         0.         0.         0.         0.         0.         0.         0.         0.         0.         0.02046361 0.         0.         0.         0.         0.95907278 0.         0.         0.        ],[0. 0. 0. 0. 1. 0. 0. 0. 0. 0. 0. 0. 0. 0. 0. 0. 0. 0. 0. 0. 0. 0. 1. 0. 0. 0. 0. 1. 0. 0. 0.],3.0,best,1000,100,10,0.9,0.1,0.5,0.1,0.7,0.03,0.51,1,3,,problem_solving
550,0.0035212753559085135,0.080033,0.00210614160876295,0.32,0.24004580350323373,0.00013553726956828623,[0.         0.         0.         0.         0.02046361 0.         0.         0.         0.         0.         0.         0.         0.         0.         0.         0.         0.         0.         0.         0.         0.         0.         0.02046361 0.         0.         0.         0.         0.95907278 0.         0.         0.        ],[0. 0. 0. 0. 1. 0. 0. 0. 0. 0. 0. 0. 0. 0. 0. 0. 0. 0. 0. 0. 0. 0. 1. 0. 0. 0. 0. 1. 0. 0. 0.],3.0,best,1000,100,10,0.9,0.1,0.5,0.1,0.7,0.03,0.51,1,3,,problem_solving
560,0.0035212753559085135,0.080033,0.00210614160876295,0.324,0.23541988195763883,0.007624690172379028,[0.         0.         0.         0.         0.02046361 0.         0.         0.         0.         0.         0.         0.         0.         0.         0.         0.         0.         0.         0.         0.         0.         0.         0.02046361 0.         0.         0.         0.         0.95907278 0.         0.         0.        ],[0. 0. 0. 0. 1. 0. 0. 0. 0. 0. 0. 0. 0. 0. 0. 0. 0. 0. 0. 0. 0. 0. 1. 0. 0. 0. 0. 1. 0. 0. 0.],3.0,best,1000,100,10,0.9,0.1,0.5,0.1,0.7,0.03,0.51,1,3,,problem_solving
570,0.0035212753559085135,0.080033,0.00210614160876295,0.328,0.23088310652430125,0.007872261411825942,[0.         0.         0.         0.         0.02046361 0.         0.         0.         0.         0.         0.         0.         0.         0.         0.         0.         0.         0.         0.         0.         0.         0.         0.02046361 0.         0.         0.         0.         0.95907278 0.         0.         0.        ],[0. 0. 0. 0. 1. 0. 0. 0. 0. 0. 0. 0. 0. 0. 0. 0. 0. 0. 0. 0. 0. 0. 1. 0. 0. 0. 0. 1. 0. 0. 0.],3.0,best,1000,100,10,0.9,0.1,0.5,0.1,0.7,0.03,0.51,1,3,,problem_solving
580,0.0035212753559085135,0.080033,0.00210614160876295,0.332,0.22643375926891277,-0.0006104645110723279,[0.         0.         0.         0.         0.02046361 0.         0.         0.         0.         0.         0.         0.         0.         0.         0.         0.         0.         0.         0.         0.         0.         0.         0.02046361 0.         0.         0.         0.         0.95907278 0.         0.         0.        ],[0. 0. 0. 0. 1. 0. 0. 0. 0. 0. 0. 0. 0. 0. 0. 0. 0. 0. 0. 0. 0. 0. 1. 0. 0. 0. 0. 1. 0. 0. 0.],3.0,best,1000,100,10,0.9,0.1,0.5,0.1,0.7,0.03,0.51,1,3,,problem_solving
590,0.0035212753559085135,0.080033,0.00210614160876295,0.336,0.22207015536346894,-9.403090318482338e-05,[0.         0.         0.         0.         0.02046361 0.         0.         0.         0.         0.         0.         0.         0.         0.         0.         0.         0.         0.         0.         0.         0.         0.         0.02046361 0.         0.         0.         0.         0.95907278 0.         0.         0.        ],[0. 0. 0. 0. 1. 0. 0. 0. 0. 0. 0. 0. 0. 0. 0. 0. 0. 0. 0. 0. 0. 0. 1. 0. 0. 0. 0. 1. 0. 0. 0.],3.0,best,1000,100,10,0.9,0.1,0.5,0.1,0.7,0.03,0.51,1,3,,problem_solving
600,0.0035212753559085135,0.080033,0.00210614160876295,0.34,0.21779064244827798,-0.005876820373856174,[0.         0.         0.         0.         0.02046361 0.         0.         0.         0.         0.         0.         0.         0.         0.         0.         0.         0.         0.         0.         0.         0.         0.         0.02046361 0.         0.         0.         0.         0.95907278 0.         0.         0.        ],[0. 0. 0. 0. 1. 0. 0. 0. 0. 0. 0. 0. 0. 0. 0. 0. 0. 0. 0. 0. 0. 0. 1. 0. 0. 0. 0. 1. 0. 0. 0.],3.0,best,1000,100,10,0.9,0.1,0.5,0.1,0.7,0.03,0.51,1,3,,problem_solving
610,0.0035212753559085135,0.080033,0.00210614160876295,0.34400000000000003,0.2135936000062639,0.0010265631989956122,[0.         0.         0.         0.         0.02046361 0.         0.         0.         0.         0.         0.         0.         0.         0.         0.         0.         0.         0.         0.         0.         0.         0.         0.02046361 0.         0.         0.         0.         0.95907278 0.         0.         0.        ],[0. 0. 0. 0. 1. 0. 0. 0. 0. 0. 0. 0. 0. 0. 0. 0. 0. 0. 0. 0. 0. 0. 1. 0. 0. 0. 0. 1. 0. 0. 0.],3.0,best,1000,100,10,0.9,0.1,0.5,0.1,0.7,0.03,0.51,1,3,,problem_solving
620,0.0035212753559085135,0.080033,0.00210614160876295,0.348,0.20947743874932764,-0.014899378297273615,[0.         0.         0.         0.         0.02046361 0.         0.         0.         0.         0.         0.         0.         0.         0.         0.         0.         0.         0.         0.         0.         0.         0.         0.02046361 0.         0.         0.         0.         0.95907278 0.         0.         0.        ],[0. 0. 0. 0. 1. 0. 0. 0. 0. 0. 0. 0. 0. 0. 0. 0. 0. 0. 0. 0. 0. 0. 1. 0. 0. 0. 0. 1. 0. 0. 0.],3.0,best,1000,100,10,0.9,0.1,0.5,0.1,0.7,0.03,0.51,1,3,,problem_solving
630,0.0035212753559085135,0.080033,0.00210614160876295,0.352,0.20544060001653347,-0.0003781582257927086,[0.         0.         0.         0.         0.02046361 0.         0.         0.         0.         0.         0.         0.         0.         0.         0.         0.         0.         0.         0.         0.         0.         0.         0.02046361 0.         0.         0.         0.         0.95907278 0.         0.         0.        ],[0. 0. 0. 0. 1. 0. 0. 0. 0. 0. 0. 0. 0. 0. 0. 0. 0. 0. 0. 0. 0. 0. 1. 0. 0. 0. 0. 1. 0. 0. 0.],3.0,best,1000,100,10,0.9,0.1,0.5,0.1,0.7,0.03,0.51,1,3,,problem_solving
640,0.0035212753559085135,0.080033,0.00210614160876295,0.356,0.20148155518389335,0.0015893084409254105,[0.         0.         0.         0.         0.02046361 0.         0.         0.         0.         0.         0.         0.         0.         0.         0.         0.         0.         0.         0.         0.         0.         0.         0.02046361 0.         0.         0.         0.         0.95907278 0.         0.         0.        ],[0. 0. 0. 0. 1. 0. 0. 0. 0. 0. 0. 0. 0. 0. 0. 0. 0. 0. 0. 0. 0. 0. 1. 0. 0. 0. 0. 1. 0. 0. 0.],3.0,best,1000,100,10,0.9,0.1,0.5,0.1,0.7,0.03,0.51,1,3,,problem_solving
650,0.0035212753559085135,0.080033,0.00210614160876295,0.36,0.19759880508552483,-0.009243585525670638,[0.         0.         0.         0.         0.02046361 0.         0.         0.         0.         0.         0.         0.         0.         0.         0.         0.         0.         0.         0.         0.         0.         0.         0.02046361 0.         0.         0.         0.         0.95907278 0.         0.         0.        ],[0. 0. 0. 0. 1. 0. 0. 0. 0. 0. 0. 0. 0. 0. 0. 0. 0. 0. 0. 0. 0. 0. 1. 0. 0. 0. 0. 1. 0. 0. 0.],3.0,best,1000,100,10,0.9,0.1,0.5,0.1,0.7,0.03,0.51,1,3,,problem_solving
660,0.0035212753559085135,0.080033,0.00210614160876295,0.364,0.19379087944596401,0.012072651672751438,[0.         0.         0.         0.         0.02046361 0.         0.         0.         0.         0.         0.         0.         0.         0.         0.         0.         0.         0.         0.         0.         0.         0.         0.02046361 0.         0.         0.         0.         0.95907278 0.         0.         0.        ],[0. 0. 0. 0. 1. 0. 0. 0. 0. 0. 0. 0. 0. 0. 0. 0. 0. 0. 0. 0. 0. 0. 1. 0. 0. 0. 0. 1. 0. 0. 0.],3.0,best,1000,100,10,0.9,0.1,0.5,0.1,0.7,0.03,0.51,1,3,,problem_solving
670,0.0035212753559085135,0.080033,0.00210614160876295,0.368,0.1900563363234187,-0.008969607209431532,[0.         0.         0.         0.         0.02046361 0.         0.         0.         0.         0.         0.         0.         0.         0.         0.         0.         0.         0.         0.         0.         0.         0.         0.02046361 0.         0.         0.         0.         0.95907278 0.         0.         0.        ],[0. 0. 0. 0. 1. 0. 0. 0. 0. 0. 0. 0. 0. 0. 0. 0. 0. 0. 0. 0. 0. 0. 1. 0. 0. 0. 0. 1. 0. 0. 0.],3.0,best,1000,100,10,0.9,0.1,0.5,0.1,0.7,0.03,0.51,1,3,,problem_solving
680,0.0035212753559085135,0.080033,0.00210614160876295,0.372,0.18639376156374998,-0.0015810344998395624,[0.         0.         0.         0.         0.02046361 0.         0.         0.         0.         0.         0.         0.         0.         0.         0.         0.         0.         0.         0.         0.         0.         0.         0.02046361 0.         0.         0.         0.         0.95907278 0.         0.         0.        ],[0. 0. 0. 0. 1. 0. 0. 0. 0. 0. 0. 0. 0. 0. 0. 0. 0. 0. 0. 0. 0. 0. 1. 0. 0. 0. 0. 1. 0. 0. 0.],3.0,best,1000,100,10,0.9,0.1,0.5,0.1,0.7,0.03,0.51,1,3,,problem_solving
690,0.0035212753559085135,0.080033,0.00210614160876295,0.376,0.1828017682649769,-0.0073661882356319,[0.         0.         0.         0.         0.02046361 0.         0.         0.         0.         0.         0.         0.         0.         0.         0.         0.         0.         0.         0.         0.         0.         0.         0.02046361 0.         0.         0.         0.         0.95907278 0.         0.         0.        ],[0. 0. 0. 0. 1. 0. 0. 0. 0. 0. 0. 0. 0. 0. 0. 0. 0. 0. 0. 0. 0. 0. 1. 0. 0. 0. 0. 1. 0. 0. 0.],3.0,best,1000,100,10,0.9,0.1,0.5,0.1,0.7,0.03,0.51,1,3,,problem_solving
700,0.0035212753559085135,0.080033,0.00210614160876295,0.38,0.17927899625209975,0.005753715884227308,[0.         0.         0.         0.         0.02046361 0.         0.         0.         0.         0.         0.         0.         0.         0.         0.         0.         0.         0.         0.         0.         0.         0.         0.02046361 0.         0.         0.         0.         0.95907278 0.         0.         0.        ],[0. 0. 0. 0. 1. 0. 0. 0. 0. 0. 0. 0. 0. 0. 0. 0. 0. 0. 0. 0. 0. 0. 1. 0. 0. 0. 0. 1. 0. 0. 0.],3.0,best,1000,100,10,0.9,0.1,0.5,0.1,0.7,0.03,0.51,1,3,,problem_solving
710,0.0035212753559085135,0.080033,0.00210614160876295,0.384,0.17582411156204497,-0.013430012978252305,[0.         0.         0.         0.         0.02046361 0.         0.         0.         0.         0.         0.         0.         0.         0.         0.         0.         0.         0.         0.         0.         0.         0.         0.02046361 0.         0.         0.         0.         0.95907278 0.         0.         0.        ],[0. 0. 0. 0. 1. 0. 0. 0. 0. 0. 0. 0. 0. 0. 0. 0. 0. 0. 0. 0. 0. 0. 1. 0. 0. 0. 0. 1. 0. 0. 0.],3.0,best,1000,100,10,0.9,0.1,0.5,0.1,0.7,0.03,0.51,1,3,,problem_solving
720,0.0035212753559085135,0.080033,0.00210614160876295,0.388,0.17243580593853514,0.005674585015200354,[0.         0.         0.         0.         0.02046361 0.         0.         0.         0.         0.         0.         0.         0.         0.         0.         0.         0.         0.         0.         0.         0.         0.         0.02046361 0.         0.         0.         0.         0.95907278 0.         0.         0.        ],[0. 0. 0. 0. 1. 0. 0. 0. 0. 0. 0. 0. 0. 0. 0. 0. 0. 0. 0. 0. 0. 0. 1. 0. 0. 0. 0. 1. 0. 0. 0.],3.0,best,1000,100,10,0.9,0.1,0.5,0.1,0.7,0.03,0.51,1,3,,problem_solving
730,0.0035212753559085135,0.080033,0.00210614160876295,0.392,0.16911279633669332,0.00798568686559398,[0.         0.         0.         0.         0.02046361 0.         0.         0.         0.         0.         0.         0.         0.         0.         0.         0.         0.         0.         0.         0.         0.         0.         0.02046361 0.         0.         0.         0.         0.95907278 0.         0.         0.        ],[0. 0. 0. 0. 1. 0. 0. 0. 0. 0. 0. 0. 0. 0. 0. 0. 0. 0. 0. 0. 0. 0. 1. 0. 0. 0. 0. 1. 0. 0. 0.],3.0,best,1000,100,10,0.9,0.1,0.5,0.1,0.7,0.03,0.51,1,3,,problem_solving
740,0.0035212753559085135,0.080033,0.00210614160876295,0.396,0.16585382443719424,0.0031602582535552076,[0.         0.         0.         0.         0.02046361 0.         0.         0.         0.         0.         0.         0.         0.         0.         0.         0.         0.         0.         0.         0.         0.         0.         0.02046361 0.         0.         0.         0.         0.95907278 0.         0.         0.        ],[0. 0. 0. 0. 1. 0. 0. 0. 0. 0. 0. 0. 0. 0. 0. 0. 0. 0. 0. 0. 0. 0. 1. 0. 0. 0. 0. 1. 0. 0. 0.],3.0,best,1000,100,10,0.9,0.1,0.5,0.1,0.7,0.03,0.51,1,3,,problem_solving
750,0.0035212753559085135,0.080033,0.00210614160876295,0.4,0.1626576561697786,-0.0016465975677309218,[0.         0.         0.         0.         0.02046361 0.         0.         0.         0.         0.         0.         0.         0.         0.         0.         0.         0.         0.         0.         0.         0.         0.         0.02046361 0.         0.         0.         0.         0.95907278 0.         0.         0.        ],[0. 0. 0. 0. 1. 0. 0. 0. 0. 0. 0. 0. 0. 0. 0. 0. 0. 0. 0. 0. 0. 0. 1. 0. 0. 0. 0. 1. 0. 0. 0.],3.0,best,1000,100,10,0.9,0.1,0.5,0.1,0.7,0.03,0.51,1,3,,problem_solving
760,0.0035212753559085135,0.080033,0.00210614160876295,0.404,0.15952308124594905,-0.00231373370697152,[0.         0.         0.         0.         0.02046361 0.         0.         0.         0.         0.         0.         0.         0.         0.         0.         0.         0.         0.         0.         0.         0.         0.         0.02046361 0.         0.         0.         0.         0.95907278 0.         0.         0.        ],[0. 0. 0. 0. 1. 0. 0. 0. 0. 0. 0. 0. 0. 0. 0. 0. 0. 0. 0. 0. 0. 0. 1. 0. 0. 0. 0. 1. 0. 0. 0.],3.0,best,1000,100,10,0.9,0.1,0.5,0.1,0.7,0.03,0.51,1,3,,problem_solving
770,0.0035212753559085135,0.080033,0.00210614160876295,0.40800000000000003,0.15644891270067235,-0.002149826770471564,[0.         0.         0.         0.         0.02046361 0.         0.         0.         0.         0.         0.         0.         0.         0.         0.         0.         0.         0.         0.         0.         0.         0.         0.02046361 0.         0.         0.         0.         0.95907278 0.         0.         0.        ],[0. 0. 0. 0. 1. 0. 0. 0. 0. 0. 0. 0. 0. 0. 0. 0. 0. 0. 0. 0. 0. 0. 1. 0. 0. 0. 0. 1. 0. 0. 0.],3.0,best,1000,100,10,0.9,0.1,0.5,0.1,0.7,0.03,0.51,1,3,,problem_solving
780,0.0035212753559085135,0.080033,0.00210614160876295,0.41200000000000003,0.15343398644291262,0.0007990287435377957,[0.         0.         0.         0.         0.02046361 0.         0.         0.         0.         0.         0.         0.         0.         0.         0.         0.         0.         0.         0.         0.         0.         0.         0.02046361 0.         0.         0.         0.         0.95907278 0.         0.         0.        ],[0. 0. 0. 0. 1. 0. 0. 0. 0. 0. 0. 0. 0. 0. 0. 0. 0. 0. 0. 0. 0. 0. 1. 0. 0. 0. 0. 1. 0. 0. 0.],3.0,best,1000,100,10,0.9,0.1,0.5,0.1,0.7,0.03,0.51,1,3,,problem_solving
790,0.0035212753559085135,0.080033,0.00210614160876295,0.41600000000000004,0.1504771608148269,-0.0005489336592216222,[0.         0.         0.         0.         0.02046361 0.         0.         0.         0.         0.         0.         0.         0.         0.         0.         0.         0.         0.         0.         0.         0.         0.         0.02046361 0.         0.         0.         0.         0.95907278 0.         0.         0.        ],[0. 0. 0. 0. 1. 0. 0. 0. 0. 0. 0. 0. 0. 0. 0. 0. 0. 0. 0. 0. 0. 0. 1. 0. 0. 0. 0. 1. 0. 0. 0.],3.0,best,1000,100,10,0.9,0.1,0.5,0.1,0.7,0.03,0.51,1,3,,problem_solving
800,0.0035212753559085135,0.080033,0.00210614160876295,0.42000000000000004,0.1475773161594552,-0.004688505587954424,[0.         0.         0.         0.         0.02046361 0.         0.         0.         0.         0.         0.         0.         0.         0.         0.         0.         0.         0.         0.         0.         0.         0.         0.02046361 0.         0.         0.         0.         0.95907278 0.         0.         0.        ],[0. 0. 0. 0. 1. 0. 0. 0. 0. 0. 0. 0. 0. 0. 0. 0. 0. 0. 0. 0. 0. 0. 1. 0. 0. 0. 0. 1. 0. 0. 0.],3.0,best,1000,100,10,0.9,0.1,0.5,0.1,0.7,0.03,0.51,1,3,,problem_solving
810,0.0035212753559085135,0.080033,0.00210614160876295,0.42400000000000004,0.1447333543967415,-0.0068008897712323645,[0.         0.         0.         0.         0.02046361 0.         0.         0.         0.         0.         0.         0.         0.         0.         0.         0.         0.         0.         0.         0.         0.         0.         0.02046361 0.         0.         0.         0.         0.95907278 0.         0.         0.        ],[0. 0. 0. 0. 1. 0. 0. 0. 0. 0. 0. 0. 0. 0. 0. 0. 0. 0. 0. 0. 0. 0. 1. 0. 0. 0. 0. 1. 0. 0. 0.],3.0,best,1000,100,10,0.9,0.1,0.5,0.1,0.7,0.03,0.51,1,3,,problem_solving
820,0.0035212753559085135,0.080033,0.00210614160876295,0.42800000000000005,0.1419441986077252,0.008066731014092126,[0.         0.         0.         0.         0.02046361 0.         0.         0.         0.         0.         0.         0.         0.         0.         0.         0.         0.         0.         0.         0.         0.         0.         0.02046361 0.         0.         0.         0.         0.95907278 0.         0.         0.        ],[0. 0. 0. 0. 1. 0. 0. 0. 0. 0. 0. 0. 0. 0. 0. 0. 0. 0. 0. 0. 0. 0. 1. 0. 0. 0. 0. 1. 0. 0. 0.],3.0,best,1000,100,10,0.9,0.1,0.5,0.1,0.7,0.03,0.51,1,3,,problem_solving
830,0.0035212753559085135,0.080033,0.00210614160876295,0.43200000000000005,0.13920879262674613,0.00018932969672609442,[0.         0.         0.         0.         0.02046361 0.         0.         0.         0.         0.         0.         0.         0.         0.         0.         0.         0.         0.         0.         0.         0.         0.         0.02046361 0.         0.         0.         0.         0.95907278 0.         0.         0.        ],[0. 0. 0. 0. 1. 0. 0. 0. 0. 0. 0. 0. 0. 0. 0. 0. 0. 0. 0. 0. 0. 0. 1. 0. 0. 0. 0. 1. 0. 0. 0.],3.0,best,1000,100,10,0.9,0.1,0.5,0.1,0.7,0.03,0.51,1,3,,problem_solving
840,0.0035212753559085135,0.080033,0.00210614160876295,0.43600000000000005,0.1365261006415074,-0.004875831855296482,[0.         0.         0.         0.         0.02046361 0.         0.         0.         0.         0.         0.         0.         0.         0.         0.         0.         0.         0.         0.         0.         0.         0.         0.02046361 0.         0.         0.         0.         0.95907278 0.         0.         0.        ],[0. 0. 0. 0. 1. 0. 0. 0. 0. 0. 0. 0. 0. 0. 0. 0. 0. 0. 0. 0. 0. 0. 1. 0. 0. 0. 0. 1. 0. 0. 0.],3.0,best,1000,100,10,0.9,0.1,0.5,0.1,0.7,0.03,0.51,1,3,,problem_solving
850,0.0035212753559085135,0.080033,0.00210614160876295,0.44000000000000006,0.1338951068008461,-0.0011813648400673812,[0.         0.         0.         0.         0.02046361 0.         0.         0.         0.         0.         0.         0.         0.         0.         0.         0.         0.         0.         0.         0.         0.         0.         0.02046361 0.         0.         0.         0.         0.95907278 0.         0.         0.        ],[0. 0. 0. 0. 1. 0. 0. 0. 0. 0. 0. 0. 0. 0. 0. 0. 0. 0. 0. 0. 0. 0. 1. 0. 0. 0. 0. 1. 0. 0. 0.],3.0,best,1000,100,10,0.9,0.1,0.5,0.1,0.7,0.03,0.51,1,3,,problem_solving
860,0.0035212753559085135,0.080033,0.00210614160876295,0.44400000000000006,0.1313148148300622,-0.003478543330852557,[0.         0.         0.         0.         0.02046361 0.         0.         0.         0.         0.         0.         0.         0.         0.         0.         0.         0.         0.         0.         0.         0.         0.         0.02046361 0.         0.         0.         0.         0.95907278 0.         0.         0.        ],[0. 0. 0. 0. 1. 0. 0. 0. 0. 0. 0. 0. 0. 0. 0. 0. 0. 0. 0. 0. 0. 0. 1. 0. 0. 0. 0. 1. 0. 0. 0.],3.0,best,1000,100,10,0.9,0.1,0.5,0.1,0.7,0.03,0.51,1,3,,problem_solving
870,0.0035212753559085135,0.080033,0.00210614160876295,0.44800000000000006,0.12878424765366075,-0.0034452836449429644,[0.         0.         0.         0.         0.02046361 0.         0.         0.         0.         0.         0.         0.         0.         0.         0.         0.         0.         0.         0.         0.         0.         0.         0.02046361 0.         0.         0.         0.         0.95907278 0.         0.         0.        ],[0. 0. 0. 0. 1. 0. 0. 0. 0. 0. 0. 0. 0. 0. 0. 0. 0. 0. 0. 0. 0. 0. 1. 0. 0. 0. 0. 1. 0. 0. 0.],3.0,best,1000,100,10,0.9,0.1,0.5,0.1,0.7,0.03,0.51,1,3,,problem_solving
880,0.0035212753559085135,0.080033,0.00210614160876295,0.45200000000000007,0.12630244702536408,0.0016265902917643835,[0.         0.         0.         0.         0.02046361 0.         0.         0.         0.         0.         0.         0.         0.         0.         0.         0.         0.         0.         0.         0.         0.         0.         0.02046361 0.         0.         0.         0.         0.95907278 0.         0.         0.        ],[0. 0. 0. 0. 1. 0. 0. 0. 0. 0. 0. 0. 0. 0. 0. 0. 0. 0. 0. 0. 0. 0. 1. 0. 0. 0. 0. 1. 0. 0. 0.],3.0,best,1000,100,10,0.9,0.1,0.5,0.1,0.7,0.03,0.51,1,3,,problem_solving
890,0.0035212753559085135,0.080033,0.00210614160876295,0.45600000000000007,0.12386847316525405,0.002330767288870608,[0.         0.         0.         0.         0.02046361 0.         0.         0.         0.         0.         0.         0.         0.         0.         0.         0.         0.         0.         0.         0.         0.         0.         0.02046361 0.         0.         0.         0.         0.95907278 0.         0.         0.        ],[0. 0. 0. 0. 1. 0. 0. 0. 0. 0. 0. 0. 0. 0. 0. 0. 0. 0. 0. 0. 0. 0. 1. 0. 0. 0. 0. 1. 0. 0. 0.],3.0,best,1000,100,10,0.9,0.1,0.5,0.1,0.7,0.03,0.51,1,3,,problem_solving
900,0.0035212753559085135,0.080033,0.00210614160876295,0.4600000000000001,0.12148140440390671,0.000513412550738337,[0.         0.         0.         0.         0.02046361 0.         0.         0.         0.         0.         0.         0.         0.         0.         0.         0.         0.         0.         0.         0.         0.         0.         0.02046361 0.         0.         0.         0.         0.95907278 0.         0.         0.        ],[0. 0. 0. 0. 1. 0. 0. 0. 0. 0. 0. 0. 0. 0. 0. 0. 0. 0. 0. 0. 0. 0. 1. 0. 0. 0. 0. 1. 0. 0. 0.],3.0,best,1000,100,10,0.9,0.1,0.5,0.1,0.7,0.03,0.51,1,3,,problem_solving
910,0.0035212753559085135,0.080033,0.00210614160876295,0.46399999999999997,0.11914033683338536,-0.0018034330295119087,[0.         0.         0.         0.         0.02046361 0.         0.         0.         0.         0.         0.         0.         0.         0.         0.         0.         0.         0.         0.         0.         0.         0.         0.02046361 0.         0.         0.         0.         0.95907278 0.         0.         0.        ],[0. 0. 0. 0. 1. 0. 0. 0. 0. 0. 0. 0. 0. 0. 0. 0. 0. 0. 0. 0. 0. 0. 1. 0. 0. 0. 0. 1. 0. 0. 0.],3.0,best,1000,100,10,0.9,0.1,0.5,0.1,0.7,0.03,0.51,1,3,,problem_solving
920,0.0035212753559085135,0.080033,0.00210614160876295,0.46799999999999997,0.11684438396495887,-0.0015676322709918832,[0.         0.         0.         0.         0.02046361 0.         0.         0.         0.         0.         0.         0.         0.         0.         0.         0.         0.         0.         0.         0.         0.         0.         0.02046361 0.         0.         0.         0.         0.95907278 0.         0.         0.        ],[0. 0. 0. 0. 1. 0. 0. 0. 0. 0. 0. 0. 0. 0. 0. 0. 0. 0. 0. 0. 0. 0. 1. 0. 0. 0. 0. 1. 0. 0. 0.],3.0,best,1000,100,10,0.9,0.1,0.5,0.1,0.7,0.03,0.51,1,3,,problem_solving
930,0.0035066720858949385,0.089881,0.008300974483540701,0.472,0.11459267639341625,0.001421892298915756,[0.         0.         0.         0.         0.01979831 0.         0.         0.         0.         0.         0.         0.         0.         0.         0.         0.         0.         0.         0.02945654 0.         0.         0.         0.         0.         0.         0.         0.         0.95074515 0.         0.         0.        ],[0. 0. 0. 0. 1. 0. 0. 0. 0. 0. 0. 0. 0. 0. 0. 0. 0. 0. 1. 0. 0. 0. 0. 0. 0. 0. 0. 1. 0. 0. 0.],3.0,best,1000,100,10,0.9,0.1,0.5,0.1,0.7,0.03,0.51,1,3,,problem_solving
940,0.0035066720858949385,0.089881,0.008300974483540701,0.476,0.11238436146785019,0.004249530066763872,[0.         0.         0.         0.         0.01979831 0.         0.         0.         0.         0.         0.         0.         0.         0.         0.         0.         0.         0.         0.02945654 0.         0.         0.         0.         0.         0.         0.         0.         0.95074515 0.         0.         0.        ],[0. 0. 0. 0. 1. 0. 0. 0. 0. 0. 0. 0. 0. 0. 0. 0. 0. 0. 1. 0. 0. 0. 0. 0. 0. 0. 0. 1. 0. 0. 0.],3.0,best,1000,100,10,0.9,0.1,0.5,0.1,0.7,0.03,0.51,1,3,,problem_solving
950,0.0035066720858949385,0.089881,0.008300974483540701,0.48,0.11021860296878504,0.0021282425205683816,[0.         0.         0.         0.         0.01979831 0.         0.         0.         0.         0.         0.         0.         0.         0.         0.         0.         0.         0.         0.02945654 0.         0.         0.         0.         0.         0.         0.         0.         0.95074515 0.         0.         0.        ],[0. 0. 0. 0. 1. 0. 0. 0. 0. 0. 0. 0. 0. 0. 0. 0. 0. 0. 1. 0. 0. 0. 0. 0. 0. 0. 0. 1. 0. 0. 0.],3.0,best,1000,100,10,0.9,0.1,0.5,0.1,0.7,0.03,0.51,1,3,,problem_solving
960,0.0035066720858949385,0.089881,0.008300974483540701,0.484,0.10809458079152667,-0.0040995856692125875,[0.         0.         0.         0.         0.01979831 0.         0.         0.         0.         0.         0.         0.         0.         0.         0.         0.         0.         0.         0.02945654 0.         0.         0.         0.         0.         0.         0.         0.         0.95074515 0.         0.         0.        ],[0. 0. 0. 0. 1. 0. 0. 0. 0. 0. 0. 0. 0. 0. 0. 0. 0. 0. 1. 0. 0. 0. 0. 0. 0. 0. 0. 1. 0. 0. 0.],3.0,best,1000,100,10,0.9,0.1,0.5,0.1,0.7,0.03,0.51,1,3,,problem_solving
970,0.0035066720858949385,0.089881,0.008300974483540701,0.488,0.10601149063561469,5.338472851422294e-05,[0.         0.         0.         0.         0.01979831 0.         0.         0.         0.         0.         0.         0.         0.         0.         0.         0.         0.         0.         0.02945654 0.         0.         0.         0.         0.         0.         0.         0.         0.95074515 0.         0.         0.        ],[0. 0. 0. 0. 1. 0. 0. 0. 0. 0. 0. 0. 0. 0. 0. 0. 0. 0. 1. 0. 0. 0. 0. 0. 0. 0. 0. 1. 0. 0. 0.],3.0,best,1000,100,10,0.9,0.1,0.5,0.1,0.7,0.03,0.51,1,3,,problem_solving
980,0.0035066720858949385,0.089881,0.008300974483540701,0.492,0.10396854370025903,-0.0013154937830175766,[0.         0.         0.         0.         0.01979831 0.         0.         0.         0.         0.         0.         0.         0.         0.         0.         0.         0.         0.         0.02945654 0.         0.         0.         0.         0.         0.         0.         0.         0.95074515 0.         0.         0.        ],[0. 0. 0. 0. 1. 0. 0. 0. 0. 0. 0. 0. 0. 0. 0. 0. 0. 0. 1. 0. 0. 0. 0. 0. 0. 0. 0. 1. 0. 0. 0.],3.0,best,1000,100,10,0.9,0.1,0.5,0.1,0.7,0.03,0.51,1,3,,problem_solving
990,0.0035066720858949385,0.089881,0.008300974483540701,0.496,0.10196496638564592,-0.0030306863722657823,[0.         0.         0.         0.         0.01979831 0.         0.         0.         0.         0.         0.         0.         0.         0.         0.         0.         0.         0.         0.02945654 0.         0.         0.         0.         0.         0.         0.         0.         0.95074515 0.         0.         0.        ],[0. 0. 0. 0. 1. 0. 0. 0. 0. 0. 0. 0. 0. 0. 0. 0. 0. 0. 1. 0. 0. 0. 0. 0. 0. 0. 0. 1. 0. 0. 0.],3.0,best,1000,100,10,0.9,0.1,0.5,0.1,0.7,0.03,0.51,1,3,,problem_solving
999,0.0035066720858949385,0.089881,0.008300974483540701,0.49960000000000004,0.100194780466086,-0.0009616930539460985,[0.         0.         0.         0.         0.01979831 0.         0.         0.         0.         0.         0.         0.         0.         0.         0.         0.         0.         0.         0.02945654 0.         0.         0.         0.         0.         0.         0.         0.         0.95074515 0.         0.         0.        ],[0. 0. 0. 0. 1. 0. 0. 0. 0. 0. 0. 0. 0. 0. 0. 0. 0. 0. 1. 0. 0. 0. 0. 0. 0. 0. 0. 1. 0. 0. 0.],3.0,best,1000,100,10,0.9,0.1,0.5,0.1,0.7,0.03,0.51,1,3,,problem_solving
