iter,cost,risk,return,par,bw,move,X,Z,Q,pop_init,max_iter,pop_size,mem_size,mem_consider,par_min,par_max,bw_min,bw_max,sigma,lambda,port_n,k,seed,tag,local_search
1,0.0012029825248481762,0.143747,0.003230907577427397,0.504,0.894725436791504,2.554031274440317,[0.012472   0.         0.         0.         0.         0.         0.         0.         0.         0.         0.         0.         0.         0.         0.         0.         0.         0.         0.94852984 0.         0.         0.         0.         0.         0.         0.01527355 0.         0.         0.         0.01125262 0.012472  ],[1. 0. 0. 0. 0. 0. 0. 0. 0. 0. 0. 0. 0. 0. 0. 0. 0. 0. 1. 0. 0. 0. 0. 0. 0. 1. 0. 0. 0. 1. 1.],5.0,best,100,1000,100,0.9,0.5,0.9,0.5,0.9,5,0.26,1,5,,problem_solving,10
2,0.0012029825248481762,0.143747,0.003230907577427397,0.508,0.8894817858241639,-0.031236242250230636,[0.012472   0.         0.         0.         0.         0.         0.         0.         0.         0.         0.         0.         0.         0.         0.         0.         0.         0.         0.94852984 0.         0.         0.         0.         0.         0.         0.01527355 0.         0.         0.         0.01125262 0.012472  ],[1. 0. 0. 0. 0. 0. 0. 0. 0. 0. 0. 0. 0. 0. 0. 0. 0. 0. 1. 0. 0. 0. 0. 0. 0. 1. 0. 0. 0. 1. 1.],5.0,best,100,1000,100,0.9,0.5,0.9,0.5,0.9,5,0.26,1,5,,problem_solving,10
3,0.0012029825248481762,0.143747,0.003230907577427397,0.512,0.8842688659329022,3.7641742524879422,[0.012472   0.         0.         0.         0.         0.         0.         0.         0.         0.         0.         0.         0.         0.         0.         0.         0.         0.         0.94852984 0.         0.         0.         0.         0.         0.         0.01527355 0.         0.         0.         0.01125262 0.012472  ],[1. 0. 0. 0. 0. 0. 0. 0. 0. 0. 0. 0. 0. 0. 0. 0. 0. 0. 1. 0. 0. 0. 0. 0. 0. 1. 0. 0. 0. 1. 1.],5.0,best,100,1000,100,0.9,0.5,0.9,0.5,0.9,5,0.26,1,5,,problem_solving,10
4,0.0012029825248481762,0.143747,0.003230907577427397,0.516,0.879086497014382,-0.9915712311746893,[0.012472   0.         0.         0.         0.         0.         0.         0.         0.         0.         0.         0.         0.         0.         0.         0.         0.         0.         0.94852984 0.         0.         0.         0.         0.         0.         0.01527355 0.         0.         0.         0.01125262 0.012472  ],[1. 0. 0. 0. 0. 0. 0. 0. 0. 0. 0. 0. 0. 0. 0. 0. 0. 0. 1. 0. 0. 0. 0. 0. 0. 1. 0. 0. 0. 1. 1.],5.0,best,100,1000,100,0.9,0.5,0.9,0.5,0.9,5,0.26,1,5,,problem_solving,10
5,0.0012029825248481762,0.143747,0.003230907577427397,0.52,0.8739345000207845,-3.5004620478453052,[0.012472   0.         0.         0.         0.         0.         0.         0.         0.         0.         0.         0.         0.         0.         0.         0.         0.         0.         0.94852984 0.         0.         0.         0.         0.         0.         0.01527355 0.         0.         0.         0.01125262 0.012472  ],[1. 0. 0. 0. 0. 0. 0. 0. 0. 0. 0. 0. 0. 0. 0. 0. 0. 0. 1. 0. 0. 0. 0. 0. 0. 1. 0. 0. 0. 1. 1.],5.0,best,100,1000,100,0.9,0.5,0.9,0.5,0.9,5,0.26,1,5,,problem_solving,10
6,0.0007223755772375329,0.13873,0.002048391669579412,0.524,0.8688126969536234,3.1686280938356943,[0.         0.         0.         0.         0.01298771 0.         0.         0.         0.94181074 0.         0.         0.         0.         0.         0.         0.         0.         0.01638361 0.         0.         0.         0.         0.         0.         0.         0.         0.01298771 0.         0.         0.         0.01583023],[0. 0. 0. 0. 1. 0. 0. 0. 1. 0. 0. 0. 0. 0. 0. 0. 0. 1. 0. 0. 0. 0. 0. 0. 0. 0. 1. 0. 0. 0. 1.],5.0,best,100,1000,100,0.9,0.5,0.9,0.5,0.9,5,0.26,1,5,,problem_solving,10
7,0.0007223755772375329,0.13873,0.002048391669579412,0.528,0.8637209108575947,-4.192914198255855,[0.         0.         0.         0.         0.01298771 0.         0.         0.         0.94181074 0.         0.         0.         0.         0.         0.         0.         0.         0.01638361 0.         0.         0.         0.         0.         0.         0.         0.         0.01298771 0.         0.         0.         0.01583023],[0. 0. 0. 0. 1. 0. 0. 0. 1. 0. 0. 0. 0. 0. 0. 0. 0. 1. 0. 0. 0. 0. 0. 0. 0. 0. 1. 0. 0. 0. 1.],5.0,best,100,1000,100,0.9,0.5,0.9,0.5,0.9,5,0.26,1,5,,problem_solving,10
8,0.0007223755772375329,0.13873,0.002048391669579412,0.532,0.8586589658144633,3.1457120558357685,[0.         0.         0.         0.         0.01298771 0.         0.         0.         0.94181074 0.         0.         0.         0.         0.         0.         0.         0.         0.01638361 0.         0.         0.         0.         0.         0.         0.         0.         0.01298771 0.         0.         0.         0.01583023],[0. 0. 0. 0. 1. 0. 0. 0. 1. 0. 0. 0. 0. 0. 0. 0. 0. 1. 0. 0. 0. 0. 0. 0. 0. 0. 1. 0. 0. 0. 1.],5.0,best,100,1000,100,0.9,0.5,0.9,0.5,0.9,5,0.26,1,5,,problem_solving,10
9,0.0007223755772375329,0.13873,0.002048391669579412,0.536,0.8536266869369854,1.3153988899504567,[0.         0.         0.         0.         0.01298771 0.         0.         0.         0.94181074 0.         0.         0.         0.         0.         0.         0.         0.         0.01638361 0.         0.         0.         0.         0.         0.         0.         0.         0.01298771 0.         0.         0.         0.01583023],[0. 0. 0. 0. 1. 0. 0. 0. 1. 0. 0. 0. 0. 0. 0. 0. 0. 1. 0. 0. 0. 0. 0. 0. 0. 0. 1. 0. 0. 0. 1.],5.0,best,100,1000,100,0.9,0.5,0.9,0.5,0.9,5,0.26,1,5,,problem_solving,10
10,0.0007223755772375329,0.13873,0.002048391669579412,0.54,0.8486239003628652,5.7177092596764485,[0.         0.         0.         0.         0.01298771 0.         0.         0.         0.94181074 0.         0.         0.         0.         0.         0.         0.         0.         0.01638361 0.         0.         0.         0.         0.         0.         0.         0.         0.01298771 0.         0.         0.         0.01583023],[0. 0. 0. 0. 1. 0. 0. 0. 1. 0. 0. 0. 0. 0. 0. 0. 0. 1. 0. 0. 0. 0. 0. 0. 0. 0. 1. 0. 0. 0. 1.],5.0,best,100,1000,100,0.9,0.5,0.9,0.5,0.9,5,0.26,1,5,,problem_solving,10
11,0.0007223755772375329,0.13873,0.002048391669579412,0.544,0.8436504332487491,-1.328198926448021,[0.         0.         0.         0.         0.01298771 0.         0.         0.         0.94181074 0.         0.         0.         0.         0.         0.         0.         0.         0.01638361 0.         0.         0.         0.         0.         0.         0.         0.         0.01298771 0.         0.         0.         0.01583023],[0. 0. 0. 0. 1. 0. 0. 0. 1. 0. 0. 0. 0. 0. 0. 0. 0. 1. 0. 0. 0. 0. 0. 0. 0. 0. 1. 0. 0. 0. 1.],5.0,best,100,1000,100,0.9,0.5,0.9,0.5,0.9,5,0.26,1,5,,problem_solving,10
12,0.0007223755772375329,0.13873,0.002048391669579412,0.548,0.838706113764254,-3.942558136973176,[0.         0.         0.         0.         0.01298771 0.         0.         0.         0.94181074 0.         0.         0.         0.         0.         0.         0.         0.         0.01638361 0.         0.         0.         0.         0.         0.         0.         0.         0.01298771 0.         0.         0.         0.01583023],[0. 0. 0. 0. 1. 0. 0. 0. 1. 0. 0. 0. 0. 0. 0. 0. 0. 1. 0. 0. 0. 0. 0. 0. 0. 0. 1. 0. 0. 0. 1.],5.0,best,100,1000,100,0.9,0.5,0.9,0.5,0.9,5,0.26,1,5,,problem_solving,10
13,0.0007223755772375329,0.13873,0.002048391669579412,0.552,0.83379077108603,-7.916080920256474,[0.         0.         0.         0.         0.01298771 0.         0.         0.         0.94181074 0.         0.         0.         0.         0.         0.         0.         0.         0.01638361 0.         0.         0.         0.         0.         0.         0.         0.         0.01298771 0.         0.         0.         0.01583023],[0. 0. 0. 0. 1. 0. 0. 0. 1. 0. 0. 0. 0. 0. 0. 0. 0. 1. 0. 0. 0. 0. 0. 0. 0. 0. 1. 0. 0. 0. 1.],5.0,best,100,1000,100,0.9,0.5,0.9,0.5,0.9,5,0.26,1,5,,problem_solving,10
14,0.0007223755772375329,0.13873,0.002048391669579412,0.556,0.828904235391859,6.934331959198907,[0.         0.         0.         0.         0.01298771 0.         0.         0.         0.94181074 0.         0.         0.         0.         0.         0.         0.         0.         0.01638361 0.         0.         0.         0.         0.         0.         0.         0.         0.01298771 0.         0.         0.         0.01583023],[0. 0. 0. 0. 1. 0. 0. 0. 1. 0. 0. 0. 0. 0. 0. 0. 0. 1. 0. 0. 0. 0. 0. 0. 0. 0. 1. 0. 0. 0. 1.],5.0,best,100,1000,100,0.9,0.5,0.9,0.5,0.9,5,0.26,1,5,,problem_solving,10
15,-0.00020707554252484507,0.138415,0.0027717778121843593,0.56,0.8240463378547873,-1.629489546402974,[0.         0.         0.         0.         0.         0.         0.         0.         0.         0.01105476 0.         0.         0.         0.01281496 0.         0.         0.01693163 0.         0.         0.         0.         0.         0.         0.         0.         0.94814389 0.         0.01105476 0.         0.         0.        ],[0. 0. 0. 0. 0. 0. 0. 0. 0. 1. 0. 0. 0. 1. 0. 0. 1. 0. 0. 0. 0. 0. 0. 0. 0. 1. 0. 1. 0. 0. 0.],5.0,best,100,1000,100,0.9,0.5,0.9,0.5,0.9,5,0.26,1,5,,problem_solving,10
16,-0.00020707554252484507,0.138415,0.0027717778121843593,0.5640000000000001,0.8192169106372932,3.2797608798176965,[0.         0.         0.         0.         0.         0.         0.         0.         0.         0.01105476 0.         0.         0.         0.01281496 0.         0.         0.01693163 0.         0.         0.         0.         0.         0.         0.         0.         0.94814389 0.         0.01105476 0.         0.         0.        ],[0. 0. 0. 0. 0. 0. 0. 0. 0. 1. 0. 0. 0. 1. 0. 0. 1. 0. 0. 0. 0. 0. 0. 0. 0. 1. 0. 1. 0. 0. 0.],5.0,best,100,1000,100,0.9,0.5,0.9,0.5,0.9,5,0.26,1,5,,problem_solving,10
17,-0.00020707554252484507,0.138415,0.0027717778121843593,0.5680000000000001,0.8144157868854872,-2.7748399460226856,[0.         0.         0.         0.         0.         0.         0.         0.         0.         0.01105476 0.         0.         0.         0.01281496 0.         0.         0.01693163 0.         0.         0.         0.         0.         0.         0.         0.         0.94814389 0.         0.01105476 0.         0.         0.        ],[0. 0. 0. 0. 0. 0. 0. 0. 0. 1. 0. 0. 0. 1. 0. 0. 1. 0. 0. 0. 0. 0. 0. 0. 0. 1. 0. 1. 0. 0. 0.],5.0,best,100,1000,100,0.9,0.5,0.9,0.5,0.9,5,0.26,1,5,,problem_solving,10
18,-0.00020707554252484507,0.138415,0.0027717778121843593,0.5720000000000001,0.8096428007233489,-2.0430577506032126,[0.         0.         0.         0.         0.         0.         0.         0.         0.         0.01105476 0.         0.         0.         0.01281496 0.         0.         0.01693163 0.         0.         0.         0.         0.         0.         0.         0.         0.94814389 0.         0.01105476 0.         0.         0.        ],[0. 0. 0. 0. 0. 0. 0. 0. 0. 1. 0. 0. 0. 1. 0. 0. 1. 0. 0. 0. 0. 0. 0. 0. 0. 1. 0. 1. 0. 0. 0.],5.0,best,100,1000,100,0.9,0.5,0.9,0.5,0.9,5,0.26,1,5,,problem_solving,10
19,-0.00020707554252484507,0.138415,0.0027717778121843593,0.576,0.8048977872469943,-6.22276103046824,[0.         0.         0.         0.         0.         0.         0.         0.         0.         0.01105476 0.         0.         0.         0.01281496 0.         0.         0.01693163 0.         0.         0.         0.         0.         0.         0.         0.         0.94814389 0.         0.01105476 0.         0.         0.        ],[0. 0. 0. 0. 0. 0. 0. 0. 0. 1. 0. 0. 0. 1. 0. 0. 1. 0. 0. 0. 0. 0. 0. 0. 0. 1. 0. 1. 0. 0. 0.],5.0,best,100,1000,100,0.9,0.5,0.9,0.5,0.9,5,0.26,1,5,,problem_solving,10
20,-0.00020707554252484507,0.138415,0.0027717778121843593,0.58,0.80018058251898,-0.3861410498455558,[0.         0.         0.         0.         0.         0.         0.         0.         0.         0.01105476 0.         0.         0.         0.01281496 0.         0.         0.01693163 0.         0.         0.         0.         0.         0.         0.         0.         0.94814389 0.         0.01105476 0.         0.         0.        ],[0. 0. 0. 0. 0. 0. 0. 0. 0. 1. 0. 0. 0. 1. 0. 0. 1. 0. 0. 0. 0. 0. 0. 0. 0. 1. 0. 1. 0. 0. 0.],5.0,best,100,1000,100,0.9,0.5,0.9,0.5,0.9,5,0.26,1,5,,problem_solving,10
21,-0.00020707554252484507,0.138415,0.0027717778121843593,0.584,0.7954910235626382,8.580200491065293,[0.         0.         0.         0.         0.         0.         0.         0.         0.         0.01105476 0.         0.         0.         0.01281496 0.         0.         0.01693163 0.         0.         0.         0.         0.         0.         0.         0.         0.94814389 0.         0.01105476 0.         0.         0.        ],[0. 0. 0. 0. 0. 0. 0. 0. 0. 1. 0. 0. 0. 1. 0. 0. 1. 0. 0. 0. 0. 0. 0. 0. 0. 1. 0. 1. 0. 0. 0.],5.0,best,100,1000,100,0.9,0.5,0.9,0.5,0.9,5,0.26,1,5,,problem_solving,10
22,-0.00020707554252484507,0.138415,0.0027717778121843593,0.588,0.7908289483564468,2.839426047995067,[0.         0.         0.         0.         0.         0.         0.         0.         0.         0.01105476 0.         0.         0.         0.01281496 0.         0.         0.01693163 0.         0.         0.         0.         0.         0.         0.         0.         0.94814389 0.         0.01105476 0.         0.         0.        ],[0. 0. 0. 0. 0. 0. 0. 0. 0. 1. 0. 0. 0. 1. 0. 0. 1. 0. 0. 0. 0. 0. 0. 0. 0. 1. 0. 1. 0. 0. 0.],5.0,best,100,1000,100,0.9,0.5,0.9,0.5,0.9,5,0.26,1,5,,problem_solving,10
23,-0.00020707554252484507,0.138415,0.0027717778121843593,0.592,0.7861941958284306,10.782606785508355,[0.         0.         0.         0.         0.         0.         0.         0.         0.         0.01105476 0.         0.         0.         0.01281496 0.         0.         0.01693163 0.         0.         0.         0.         0.         0.         0.         0.         0.94814389 0.         0.01105476 0.         0.         0.        ],[0. 0. 0. 0. 0. 0. 0. 0. 0. 1. 0. 0. 0. 1. 0. 0. 1. 0. 0. 0. 0. 0. 0. 0. 0. 1. 0. 1. 0. 0. 0.],5.0,best,100,1000,100,0.9,0.5,0.9,0.5,0.9,5,0.26,1,5,,problem_solving,10
24,-0.00020707554252484507,0.138415,0.0027717778121843593,0.596,0.7815866058505976,-0.843862265667014,[0.         0.         0.         0.         0.         0.         0.         0.         0.         0.01105476 0.         0.         0.         0.01281496 0.         0.         0.01693163 0.         0.         0.         0.         0.         0.         0.         0.         0.94814389 0.         0.01105476 0.         0.         0.        ],[0. 0. 0. 0. 0. 0. 0. 0. 0. 1. 0. 0. 0. 1. 0. 0. 1. 0. 0. 0. 0. 0. 0. 0. 0. 1. 0. 1. 0. 0. 0.],5.0,best,100,1000,100,0.9,0.5,0.9,0.5,0.9,5,0.26,1,5,,problem_solving,10
25,-0.00020707554252484507,0.138415,0.0027717778121843593,0.6,0.7770060192334055,2.6602335056418243,[0.         0.         0.         0.         0.         0.         0.         0.         0.         0.01105476 0.         0.         0.         0.01281496 0.         0.         0.01693163 0.         0.         0.         0.         0.         0.         0.         0.         0.94814389 0.         0.01105476 0.         0.         0.        ],[0. 0. 0. 0. 0. 0. 0. 0. 0. 1. 0. 0. 0. 1. 0. 0. 1. 0. 0. 0. 0. 0. 0. 0. 0. 1. 0. 1. 0. 0. 0.],5.0,best,100,1000,100,0.9,0.5,0.9,0.5,0.9,5,0.26,1,5,,problem_solving,10
26,-0.00020707554252484507,0.138415,0.0027717778121843593,0.604,0.7724522777202626,0.34423821155076306,[0.         0.         0.         0.         0.         0.         0.         0.         0.         0.01105476 0.         0.         0.         0.01281496 0.         0.         0.01693163 0.         0.         0.         0.         0.         0.         0.         0.         0.94814389 0.         0.01105476 0.         0.         0.        ],[0. 0. 0. 0. 0. 0. 0. 0. 0. 1. 0. 0. 0. 1. 0. 0. 1. 0. 0. 0. 0. 0. 0. 0. 0. 1. 0. 1. 0. 0. 0.],5.0,best,100,1000,100,0.9,0.5,0.9,0.5,0.9,5,0.26,1,5,,problem_solving,10
27,-0.00020707554252484507,0.138415,0.0027717778121843593,0.608,0.7679252239820602,-4.172816061720544,[0.         0.         0.         0.         0.         0.         0.         0.         0.         0.01105476 0.         0.         0.         0.01281496 0.         0.         0.01693163 0.         0.         0.         0.         0.         0.         0.         0.         0.94814389 0.         0.01105476 0.         0.         0.        ],[0. 0. 0. 0. 0. 0. 0. 0. 0. 1. 0. 0. 0. 1. 0. 0. 1. 0. 0. 0. 0. 0. 0. 0. 0. 1. 0. 1. 0. 0. 0.],5.0,best,100,1000,100,0.9,0.5,0.9,0.5,0.9,5,0.26,1,5,,problem_solving,10
28,-0.00020707554252484507,0.138415,0.0027717778121843593,0.612,0.7634247016117359,-0.36414181193701156,[0.         0.         0.         0.         0.         0.         0.         0.         0.         0.01105476 0.         0.         0.         0.01281496 0.         0.         0.01693163 0.         0.         0.         0.         0.         0.         0.         0.         0.94814389 0.         0.01105476 0.         0.         0.        ],[0. 0. 0. 0. 0. 0. 0. 0. 0. 1. 0. 0. 0. 1. 0. 0. 1. 0. 0. 0. 0. 0. 0. 0. 0. 1. 0. 1. 0. 0. 0.],5.0,best,100,1000,100,0.9,0.5,0.9,0.5,0.9,5,0.26,1,5,,problem_solving,10
29,-0.00020707554252484507,0.138415,0.0027717778121843593,0.616,0.758950555118871,2.083620398392783,[0.         0.         0.         0.         0.         0.         0.         0.         0.         0.01105476 0.         0.         0.         0.01281496 0.         0.         0.01693163 0.         0.         0.         0.         0.         0.         0.         0.         0.94814389 0.         0.01105476 0.         0.         0.        ],[0. 0. 0. 0. 0. 0. 0. 0. 0. 1. 0. 0. 0. 1. 0. 0. 1. 0. 0. 0. 0. 0. 0. 0. 0. 1. 0. 1. 0. 0. 0.],5.0,best,100,1000,100,0.9,0.5,0.9,0.5,0.9,5,0.26,1,5,,problem_solving,10
30,-0.00020707554252484507,0.138415,0.0027717778121843593,0.62,0.754502629924318,-2.8111307038681237,[0.         0.         0.         0.         0.         0.         0.         0.         0.         0.01105476 0.         0.         0.         0.01281496 0.         0.         0.01693163 0.         0.         0.         0.         0.         0.         0.         0.         0.94814389 0.         0.01105476 0.         0.         0.        ],[0. 0. 0. 0. 0. 0. 0. 0. 0. 1. 0. 0. 0. 1. 0. 0. 1. 0. 0. 0. 0. 0. 0. 0. 0. 1. 0. 1. 0. 0. 0.],5.0,best,100,1000,100,0.9,0.5,0.9,0.5,0.9,5,0.26,1,5,,problem_solving,10
31,-0.00020707554252484507,0.138415,0.0027717778121843593,0.624,0.7500807723548599,-0.6254955319772516,[0.         0.         0.         0.         0.         0.         0.         0.         0.         0.01105476 0.         0.         0.         0.01281496 0.         0.         0.01693163 0.         0.         0.         0.         0.         0.         0.         0.         0.94814389 0.         0.01105476 0.         0.         0.        ],[0. 0. 0. 0. 0. 0. 0. 0. 0. 1. 0. 0. 0. 1. 0. 0. 1. 0. 0. 0. 0. 0. 0. 0. 0. 1. 0. 1. 0. 0. 0.],5.0,best,100,1000,100,0.9,0.5,0.9,0.5,0.9,5,0.26,1,5,,problem_solving,10
32,-0.00020707554252484507,0.138415,0.0027717778121843593,0.628,0.7456848296379007,0.9001946281095593,[0.         0.         0.         0.         0.         0.         0.         0.         0.         0.01105476 0.         0.         0.         0.01281496 0.         0.         0.01693163 0.         0.         0.         0.         0.         0.         0.         0.         0.94814389 0.         0.01105476 0.         0.         0.        ],[0. 0. 0. 0. 0. 0. 0. 0. 0. 1. 0. 0. 0. 1. 0. 0. 1. 0. 0. 0. 0. 0. 0. 0. 0. 1. 0. 1. 0. 0. 0.],5.0,best,100,1000,100,0.9,0.5,0.9,0.5,0.9,5,0.26,1,5,,problem_solving,10
33,-0.00020707554252484507,0.138415,0.0027717778121843593,0.632,0.7413146498961878,-5.0186697724468585,[0.         0.         0.         0.         0.         0.         0.         0.         0.         0.01105476 0.         0.         0.         0.01281496 0.         0.         0.01693163 0.         0.         0.         0.         0.         0.         0.         0.         0.94814389 0.         0.01105476 0.         0.         0.        ],[0. 0. 0. 0. 0. 0. 0. 0. 0. 1. 0. 0. 0. 1. 0. 0. 1. 0. 0. 0. 0. 0. 0. 0. 0. 1. 0. 1. 0. 0. 0.],5.0,best,100,1000,100,0.9,0.5,0.9,0.5,0.9,5,0.26,1,5,,problem_solving,10
34,-0.00020707554252484507,0.138415,0.0027717778121843593,0.636,0.7369700821425638,3.5360648865491946,[0.         0.         0.         0.         0.         0.         0.         0.         0.         0.01105476 0.         0.         0.         0.01281496 0.         0.         0.01693163 0.         0.         0.         0.         0.         0.         0.         0.         0.94814389 0.         0.01105476 0.         0.         0.        ],[0. 0. 0. 0. 0. 0. 0. 0. 0. 1. 0. 0. 0. 1. 0. 0. 1. 0. 0. 0. 0. 0. 0. 0. 0. 1. 0. 1. 0. 0. 0.],5.0,best,100,1000,100,0.9,0.5,0.9,0.5,0.9,5,0.26,1,5,,problem_solving,10
35,-0.00020707554252484507,0.138415,0.0027717778121843593,0.64,0.7326509762747511,-3.3548764940642175,[0.         0.         0.         0.         0.         0.         0.         0.         0.         0.01105476 0.         0.         0.         0.01281496 0.         0.         0.01693163 0.         0.         0.         0.         0.         0.         0.         0.         0.94814389 0.         0.01105476 0.         0.         0.        ],[0. 0. 0. 0. 0. 0. 0. 0. 0. 1. 0. 0. 0. 1. 0. 0. 1. 0. 0. 0. 0. 0. 0. 0. 0. 1. 0. 1. 0. 0. 0.],5.0,best,100,1000,100,0.9,0.5,0.9,0.5,0.9,5,0.26,1,5,,problem_solving,10
36,-0.00020707554252484507,0.138415,0.0027717778121843593,0.644,0.7283571830701648,0.3647431849763072,[0.         0.         0.         0.         0.         0.         0.         0.         0.         0.01105476 0.         0.         0.         0.01281496 0.         0.         0.01693163 0.         0.         0.         0.         0.         0.         0.         0.         0.94814389 0.         0.01105476 0.         0.         0.        ],[0. 0. 0. 0. 0. 0. 0. 0. 0. 1. 0. 0. 0. 1. 0. 0. 1. 0. 0. 0. 0. 0. 0. 0. 0. 1. 0. 1. 0. 0. 0.],5.0,best,100,1000,100,0.9,0.5,0.9,0.5,0.9,5,0.26,1,5,,problem_solving,10
37,-0.00020707554252484507,0.138415,0.0027717778121843593,0.648,0.7240885541807586,3.017972183896807,[0.         0.         0.         0.         0.         0.         0.         0.         0.         0.01105476 0.         0.         0.         0.01281496 0.         0.         0.01693163 0.         0.         0.         0.         0.         0.         0.         0.         0.94814389 0.         0.01105476 0.         0.         0.        ],[0. 0. 0. 0. 0. 0. 0. 0. 0. 1. 0. 0. 0. 1. 0. 0. 1. 0. 0. 0. 0. 0. 0. 0. 0. 1. 0. 1. 0. 0. 0.],5.0,best,100,1000,100,0.9,0.5,0.9,0.5,0.9,5,0.26,1,5,,problem_solving,10
38,-0.00020707554252484507,0.138415,0.0027717778121843593,0.652,0.7198449421278975,-3.467830290126356,[0.         0.         0.         0.         0.         0.         0.         0.         0.         0.01105476 0.         0.         0.         0.01281496 0.         0.         0.01693163 0.         0.         0.         0.         0.         0.         0.         0.         0.94814389 0.         0.01105476 0.         0.         0.        ],[0. 0. 0. 0. 0. 0. 0. 0. 0. 1. 0. 0. 0. 1. 0. 0. 1. 0. 0. 0. 0. 0. 0. 0. 0. 1. 0. 1. 0. 0. 0.],5.0,best,100,1000,100,0.9,0.5,0.9,0.5,0.9,5,0.26,1,5,,problem_solving,10
39,-0.00020707554252484507,0.138415,0.0027717778121843593,0.656,0.7156262002972644,3.2631830024898303,[0.         0.         0.         0.         0.         0.         0.         0.         0.         0.01105476 0.         0.         0.         0.01281496 0.         0.         0.01693163 0.         0.         0.         0.         0.         0.         0.         0.         0.94814389 0.         0.01105476 0.         0.         0.        ],[0. 0. 0. 0. 0. 0. 0. 0. 0. 1. 0. 0. 0. 1. 0. 0. 1. 0. 0. 0. 0. 0. 0. 0. 0. 1. 0. 1. 0. 0. 0.],5.0,best,100,1000,100,0.9,0.5,0.9,0.5,0.9,5,0.26,1,5,,problem_solving,10
40,-0.00020707554252484507,0.138415,0.0027717778121843593,0.66,0.7114321829337936,-1.259653917534475,[0.         0.         0.         0.         0.         0.         0.         0.         0.         0.01105476 0.         0.         0.         0.01281496 0.         0.         0.01693163 0.         0.         0.         0.         0.         0.         0.         0.         0.94814389 0.         0.01105476 0.         0.         0.        ],[0. 0. 0. 0. 0. 0. 0. 0. 0. 1. 0. 0. 0. 1. 0. 0. 1. 0. 0. 0. 0. 0. 0. 0. 0. 1. 0. 1. 0. 0. 0.],5.0,best,100,1000,100,0.9,0.5,0.9,0.5,0.9,5,0.26,1,5,,problem_solving,10
41,-0.00020707554252484507,0.138415,0.0027717778121843593,0.664,0.707262745136635,0.5647256527818572,[0.         0.         0.         0.         0.         0.         0.         0.         0.         0.01105476 0.         0.         0.         0.01281496 0.         0.         0.01693163 0.         0.         0.         0.         0.         0.         0.         0.         0.94814389 0.         0.01105476 0.         0.         0.        ],[0. 0. 0. 0. 0. 0. 0. 0. 0. 1. 0. 0. 0. 1. 0. 0. 1. 0. 0. 0. 0. 0. 0. 0. 0. 1. 0. 1. 0. 0. 0.],5.0,best,100,1000,100,0.9,0.5,0.9,0.5,0.9,5,0.26,1,5,,problem_solving,10
42,-0.00020707554252484507,0.138415,0.0027717778121843593,0.668,0.7031177428541489,-5.89251707937107,[0.         0.         0.         0.         0.         0.         0.         0.         0.         0.01105476 0.         0.         0.         0.01281496 0.         0.         0.01693163 0.         0.         0.         0.         0.         0.         0.         0.         0.94814389 0.         0.01105476 0.         0.         0.        ],[0. 0. 0. 0. 0. 0. 0. 0. 0. 1. 0. 0. 0. 1. 0. 0. 1. 0. 0. 0. 0. 0. 0. 0. 0. 1. 0. 1. 0. 0. 0.],5.0,best,100,1000,100,0.9,0.5,0.9,0.5,0.9,5,0.26,1,5,,problem_solving,10
43,-0.00020707554252484507,0.138415,0.0027717778121843593,0.672,0.6989970328789274,-4.0401914782668795,[0.         0.         0.         0.         0.         0.         0.         0.         0.         0.01105476 0.         0.         0.         0.01281496 0.         0.         0.01693163 0.         0.         0.         0.         0.         0.         0.         0.         0.94814389 0.         0.01105476 0.         0.         0.        ],[0. 0. 0. 0. 0. 0. 0. 0. 0. 1. 0. 0. 0. 1. 0. 0. 1. 0. 0. 0. 0. 0. 0. 0. 0. 1. 0. 1. 0. 0. 0.],5.0,best,100,1000,100,0.9,0.5,0.9,0.5,0.9,5,0.26,1,5,,problem_solving,10
44,-0.00020707554252484507,0.138415,0.0027717778121843593,0.6759999999999999,0.6949004728428485,-1.4527721705970247,[0.         0.         0.         0.         0.         0.         0.         0.         0.         0.01105476 0.         0.         0.         0.01281496 0.         0.         0.01693163 0.         0.         0.         0.         0.         0.         0.         0.         0.94814389 0.         0.01105476 0.         0.         0.        ],[0. 0. 0. 0. 0. 0. 0. 0. 0. 1. 0. 0. 0. 1. 0. 0. 1. 0. 0. 0. 0. 0. 0. 0. 0. 1. 0. 1. 0. 0. 0.],5.0,best,100,1000,100,0.9,0.5,0.9,0.5,0.9,5,0.26,1,5,,problem_solving,10
45,-0.00020707554252484507,0.138415,0.0027717778121843593,0.6799999999999999,0.6908279212121557,-0.3625238522415058,[0.         0.         0.         0.         0.         0.         0.         0.         0.         0.01105476 0.         0.         0.         0.01281496 0.         0.         0.01693163 0.         0.         0.         0.         0.         0.         0.         0.         0.94814389 0.         0.01105476 0.         0.         0.        ],[0. 0. 0. 0. 0. 0. 0. 0. 0. 1. 0. 0. 0. 1. 0. 0. 1. 0. 0. 0. 0. 0. 0. 0. 0. 1. 0. 1. 0. 0. 0.],5.0,best,100,1000,100,0.9,0.5,0.9,0.5,0.9,5,0.26,1,5,,problem_solving,10
46,-0.00020707554252484507,0.138415,0.0027717778121843593,0.6839999999999999,0.6867792372825696,2.4478135269198353,[0.         0.         0.         0.         0.         0.         0.         0.         0.         0.01105476 0.         0.         0.         0.01281496 0.         0.         0.01693163 0.         0.         0.         0.         0.         0.         0.         0.         0.94814389 0.         0.01105476 0.         0.         0.        ],[0. 0. 0. 0. 0. 0. 0. 0. 0. 1. 0. 0. 0. 1. 0. 0. 1. 0. 0. 0. 0. 0. 0. 0. 0. 1. 0. 1. 0. 0. 0.],5.0,best,100,1000,100,0.9,0.5,0.9,0.5,0.9,5,0.26,1,5,,problem_solving,10
47,-0.00020707554252484507,0.138415,0.0027717778121843593,0.688,0.6827542811744257,1.083925575203443,[0.         0.         0.         0.         0.         0.         0.         0.         0.         0.01105476 0.         0.         0.         0.01281496 0.         0.         0.01693163 0.         0.         0.         0.         0.         0.         0.         0.         0.94814389 0.         0.01105476 0.         0.         0.        ],[0. 0. 0. 0. 0. 0. 0. 0. 0. 1. 0. 0. 0. 1. 0. 0. 1. 0. 0. 0. 0. 0. 0. 0. 0. 1. 0. 1. 0. 0. 0.],5.0,best,100,1000,100,0.9,0.5,0.9,0.5,0.9,5,0.26,1,5,,problem_solving,10
48,-0.00020707554252484507,0.138415,0.0027717778121843593,0.692,0.6787529138278414,0.7195000100318159,[0.         0.         0.         0.         0.         0.         0.         0.         0.         0.01105476 0.         0.         0.         0.01281496 0.         0.         0.01693163 0.         0.         0.         0.         0.         0.         0.         0.         0.94814389 0.         0.01105476 0.         0.         0.        ],[0. 0. 0. 0. 0. 0. 0. 0. 0. 1. 0. 0. 0. 1. 0. 0. 1. 0. 0. 0. 0. 0. 0. 0. 0. 1. 0. 1. 0. 0. 0.],5.0,best,100,1000,100,0.9,0.5,0.9,0.5,0.9,5,0.26,1,5,,problem_solving,10
49,-0.00020707554252484507,0.138415,0.0027717778121843593,0.696,0.6747749969979128,-3.2710457967034734,[0.         0.         0.         0.         0.         0.         0.         0.         0.         0.01105476 0.         0.         0.         0.01281496 0.         0.         0.01693163 0.         0.         0.         0.         0.         0.         0.         0.         0.94814389 0.         0.01105476 0.         0.         0.        ],[0. 0. 0. 0. 0. 0. 0. 0. 0. 1. 0. 0. 0. 1. 0. 0. 1. 0. 0. 0. 0. 0. 0. 0. 0. 1. 0. 1. 0. 0. 0.],5.0,best,100,1000,100,0.9,0.5,0.9,0.5,0.9,5,0.26,1,5,,problem_solving,10
50,-0.00020707554252484507,0.138415,0.0027717778121843593,0.7,0.6708203932499369,4.74080399700816,[0.         0.         0.         0.         0.         0.         0.         0.         0.         0.01105476 0.         0.         0.         0.01281496 0.         0.         0.01693163 0.         0.         0.         0.         0.         0.         0.         0.         0.94814389 0.         0.01105476 0.         0.         0.        ],[0. 0. 0. 0. 0. 0. 0. 0. 0. 1. 0. 0. 0. 1. 0. 0. 1. 0. 0. 0. 0. 0. 0. 0. 0. 1. 0. 1. 0. 0. 0.],5.0,best,100,1000,100,0.9,0.5,0.9,0.5,0.9,5,0.26,1,5,,problem_solving,10
51,-0.00020707554252484507,0.138415,0.0027717778121843593,0.704,0.6668889659546647,-3.2207122450106644,[0.         0.         0.         0.         0.         0.         0.         0.         0.         0.01105476 0.         0.         0.         0.01281496 0.         0.         0.01693163 0.         0.         0.         0.         0.         0.         0.         0.         0.94814389 0.         0.01105476 0.         0.         0.        ],[0. 0. 0. 0. 0. 0. 0. 0. 0. 1. 0. 0. 0. 1. 0. 0. 1. 0. 0. 0. 0. 0. 0. 0. 0. 1. 0. 1. 0. 0. 0.],5.0,best,100,1000,100,0.9,0.5,0.9,0.5,0.9,5,0.26,1,5,,problem_solving,10
52,-0.00020707554252484507,0.138415,0.0027717778121843593,0.708,0.6629805792835798,4.993236333093792,[0.         0.         0.         0.         0.         0.         0.         0.         0.         0.01105476 0.         0.         0.         0.01281496 0.         0.         0.01693163 0.         0.         0.         0.         0.         0.         0.         0.         0.94814389 0.         0.01105476 0.         0.         0.        ],[0. 0. 0. 0. 0. 0. 0. 0. 0. 1. 0. 0. 0. 1. 0. 0. 1. 0. 0. 0. 0. 0. 0. 0. 0. 1. 0. 1. 0. 0. 0.],5.0,best,100,1000,100,0.9,0.5,0.9,0.5,0.9,5,0.26,1,5,,problem_solving,10
53,-0.00020707554252484507,0.138415,0.0027717778121843593,0.712,0.6590950982042058,-0.7195761222788781,[0.         0.         0.         0.         0.         0.         0.         0.         0.         0.01105476 0.         0.         0.         0.01281496 0.         0.         0.01693163 0.         0.         0.         0.         0.         0.         0.         0.         0.94814389 0.         0.01105476 0.         0.         0.        ],[0. 0. 0. 0. 0. 0. 0. 0. 0. 1. 0. 0. 0. 1. 0. 0. 1. 0. 0. 0. 0. 0. 0. 0. 0. 1. 0. 1. 0. 0. 0.],5.0,best,100,1000,100,0.9,0.5,0.9,0.5,0.9,5,0.26,1,5,,problem_solving,10
54,-0.00020707554252484507,0.138415,0.0027717778121843593,0.716,0.6552323884754414,-2.122788949588036,[0.         0.         0.         0.         0.         0.         0.         0.         0.         0.01105476 0.         0.         0.         0.01281496 0.         0.         0.01693163 0.         0.         0.         0.         0.         0.         0.         0.         0.94814389 0.         0.01105476 0.         0.         0.        ],[0. 0. 0. 0. 0. 0. 0. 0. 0. 1. 0. 0. 0. 1. 0. 0. 1. 0. 0. 0. 0. 0. 0. 0. 0. 1. 0. 1. 0. 0. 0.],5.0,best,100,1000,100,0.9,0.5,0.9,0.5,0.9,5,0.26,1,5,,problem_solving,10
55,-0.00020707554252484507,0.138415,0.0027717778121843593,0.72,0.651392316642922,-0.43794126375531794,[0.         0.         0.         0.         0.         0.         0.         0.         0.         0.01105476 0.         0.         0.         0.01281496 0.         0.         0.01693163 0.         0.         0.         0.         0.         0.         0.         0.         0.94814389 0.         0.01105476 0.         0.         0.        ],[0. 0. 0. 0. 0. 0. 0. 0. 0. 1. 0. 0. 0. 1. 0. 0. 1. 0. 0. 0. 0. 0. 0. 0. 0. 1. 0. 1. 0. 0. 0.],5.0,best,100,1000,100,0.9,0.5,0.9,0.5,0.9,5,0.26,1,5,,problem_solving,10
56,-0.00020707554252484507,0.138415,0.0027717778121843593,0.724,0.6475747500344088,2.30081633736508,[0.         0.         0.         0.         0.         0.         0.         0.         0.         0.01105476 0.         0.         0.         0.01281496 0.         0.         0.01693163 0.         0.         0.         0.         0.         0.         0.         0.         0.94814389 0.         0.01105476 0.         0.         0.        ],[0. 0. 0. 0. 0. 0. 0. 0. 0. 1. 0. 0. 0. 1. 0. 0. 1. 0. 0. 0. 0. 0. 0. 0. 0. 1. 0. 1. 0. 0. 0.],5.0,best,100,1000,100,0.9,0.5,0.9,0.5,0.9,5,0.26,1,5,,problem_solving,10
57,-0.00020707554252484507,0.138415,0.0027717778121843593,0.728,0.6437795567552059,-2.709680657116296,[0.         0.         0.         0.         0.         0.         0.         0.         0.         0.01105476 0.         0.         0.         0.01281496 0.         0.         0.01693163 0.         0.         0.         0.         0.         0.         0.         0.         0.94814389 0.         0.01105476 0.         0.         0.        ],[0. 0. 0. 0. 0. 0. 0. 0. 0. 1. 0. 0. 0. 1. 0. 0. 1. 0. 0. 0. 0. 0. 0. 0. 0. 1. 0. 1. 0. 0. 0.],5.0,best,100,1000,100,0.9,0.5,0.9,0.5,0.9,5,0.26,1,5,,problem_solving,10
58,-0.00020707554252484507,0.138415,0.0027717778121843593,0.732,0.6400066056836028,2.562628734497439,[0.         0.         0.         0.         0.         0.         0.         0.         0.         0.01105476 0.         0.         0.         0.01281496 0.         0.         0.01693163 0.         0.         0.         0.         0.         0.         0.         0.         0.94814389 0.         0.01105476 0.         0.         0.        ],[0. 0. 0. 0. 0. 0. 0. 0. 0. 1. 0. 0. 0. 1. 0. 0. 1. 0. 0. 0. 0. 0. 0. 0. 0. 1. 0. 1. 0. 0. 0.],5.0,best,100,1000,100,0.9,0.5,0.9,0.5,0.9,5,0.26,1,5,,problem_solving,10
59,-0.00020707554252484507,0.138415,0.0027717778121843593,0.736,0.6362557664663436,-0.22653325246096243,[0.         0.         0.         0.         0.         0.         0.         0.         0.         0.01105476 0.         0.         0.         0.01281496 0.         0.         0.01693163 0.         0.         0.         0.         0.         0.         0.         0.         0.94814389 0.         0.01105476 0.         0.         0.        ],[0. 0. 0. 0. 0. 0. 0. 0. 0. 1. 0. 0. 0. 1. 0. 0. 1. 0. 0. 0. 0. 0. 0. 0. 0. 1. 0. 1. 0. 0. 0.],5.0,best,100,1000,100,0.9,0.5,0.9,0.5,0.9,5,0.26,1,5,,problem_solving,10
60,-0.00020707554252484507,0.138415,0.0027717778121843593,0.74,0.6325269095141249,-1.4605770264634816,[0.         0.         0.         0.         0.         0.         0.         0.         0.         0.01105476 0.         0.         0.         0.01281496 0.         0.         0.01693163 0.         0.         0.         0.         0.         0.         0.         0.         0.94814389 0.         0.01105476 0.         0.         0.        ],[0. 0. 0. 0. 0. 0. 0. 0. 0. 1. 0. 0. 0. 1. 0. 0. 1. 0. 0. 0. 0. 0. 0. 0. 0. 1. 0. 1. 0. 0. 0.],5.0,best,100,1000,100,0.9,0.5,0.9,0.5,0.9,5,0.26,1,5,,problem_solving,10
61,-0.00020707554252484507,0.138415,0.0027717778121843593,0.744,0.6288199059971172,4.4906438727849345,[0.         0.         0.         0.         0.         0.         0.         0.         0.         0.01105476 0.         0.         0.         0.01281496 0.         0.         0.01693163 0.         0.         0.         0.         0.         0.         0.         0.         0.94814389 0.         0.01105476 0.         0.         0.        ],[0. 0. 0. 0. 0. 0. 0. 0. 0. 1. 0. 0. 0. 1. 0. 0. 1. 0. 0. 0. 0. 0. 0. 0. 0. 1. 0. 1. 0. 0. 0.],5.0,best,100,1000,100,0.9,0.5,0.9,0.5,0.9,5,0.26,1,5,,problem_solving,10
62,-0.00020707554252484507,0.138415,0.0027717778121843593,0.748,0.6251346278405147,3.5595214679008333,[0.         0.         0.         0.         0.         0.         0.         0.         0.         0.01105476 0.         0.         0.         0.01281496 0.         0.         0.01693163 0.         0.         0.         0.         0.         0.         0.         0.         0.94814389 0.         0.01105476 0.         0.         0.        ],[0. 0. 0. 0. 0. 0. 0. 0. 0. 1. 0. 0. 0. 1. 0. 0. 1. 0. 0. 0. 0. 0. 0. 0. 0. 1. 0. 1. 0. 0. 0.],5.0,best,100,1000,100,0.9,0.5,0.9,0.5,0.9,5,0.26,1,5,,problem_solving,10
63,-0.00020707554252484507,0.138415,0.0027717778121843593,0.752,0.6214709477201097,4.753044339731546,[0.         0.         0.         0.         0.         0.         0.         0.         0.         0.01105476 0.         0.         0.         0.01281496 0.         0.         0.01693163 0.         0.         0.         0.         0.         0.         0.         0.         0.94814389 0.         0.01105476 0.         0.         0.        ],[0. 0. 0. 0. 0. 0. 0. 0. 0. 1. 0. 0. 0. 1. 0. 0. 1. 0. 0. 0. 0. 0. 0. 0. 0. 1. 0. 1. 0. 0. 0.],5.0,best,100,1000,100,0.9,0.5,0.9,0.5,0.9,5,0.26,1,5,,problem_solving,10
64,-0.00020707554252484507,0.138415,0.0027717778121843593,0.756,0.6178287390578946,-5.2071225809339445,[0.         0.         0.         0.         0.         0.         0.         0.         0.         0.01105476 0.         0.         0.         0.01281496 0.         0.         0.01693163 0.         0.         0.         0.         0.         0.         0.         0.         0.94814389 0.         0.01105476 0.         0.         0.        ],[0. 0. 0. 0. 0. 0. 0. 0. 0. 1. 0. 0. 0. 1. 0. 0. 1. 0. 0. 0. 0. 0. 0. 0. 0. 1. 0. 1. 0. 0. 0.],5.0,best,100,1000,100,0.9,0.5,0.9,0.5,0.9,5,0.26,1,5,,problem_solving,10
65,-0.00020707554252484507,0.138415,0.0027717778121843593,0.76,0.6142078760176876,0.4650259263025279,[0.         0.         0.         0.         0.         0.         0.         0.         0.         0.01105476 0.         0.         0.         0.01281496 0.         0.         0.01693163 0.         0.         0.         0.         0.         0.         0.         0.         0.94814389 0.         0.01105476 0.         0.         0.        ],[0. 0. 0. 0. 0. 0. 0. 0. 0. 1. 0. 0. 0. 1. 0. 0. 1. 0. 0. 0. 0. 0. 0. 0. 0. 1. 0. 1. 0. 0. 0.],5.0,best,100,1000,100,0.9,0.5,0.9,0.5,0.9,5,0.26,1,5,,problem_solving,10
66,-0.00020707554252484507,0.138415,0.0027717778121843593,0.764,0.6106082335007861,0.888549259419568,[0.         0.         0.         0.         0.         0.         0.         0.         0.         0.01105476 0.         0.         0.         0.01281496 0.         0.         0.01693163 0.         0.         0.         0.         0.         0.         0.         0.         0.94814389 0.         0.01105476 0.         0.         0.        ],[0. 0. 0. 0. 0. 0. 0. 0. 0. 1. 0. 0. 0. 1. 0. 0. 1. 0. 0. 0. 0. 0. 0. 0. 0. 1. 0. 1. 0. 0. 0.],5.0,best,100,1000,100,0.9,0.5,0.9,0.5,0.9,5,0.26,1,5,,problem_solving,10
67,-0.00020707554252484507,0.138415,0.0027717778121843593,0.768,0.6070296871416437,4.5660098252434365,[0.         0.         0.         0.         0.         0.         0.         0.         0.         0.01105476 0.         0.         0.         0.01281496 0.         0.         0.01693163 0.         0.         0.         0.         0.         0.         0.         0.         0.94814389 0.         0.01105476 0.         0.         0.        ],[0. 0. 0. 0. 0. 0. 0. 0. 0. 1. 0. 0. 0. 1. 0. 0. 1. 0. 0. 0. 0. 0. 0. 0. 0. 1. 0. 1. 0. 0. 0.],5.0,best,100,1000,100,0.9,0.5,0.9,0.5,0.9,5,0.26,1,5,,problem_solving,10
68,-0.00020707554252484507,0.138415,0.0027717778121843593,0.772,0.6034721133035746,5.876797615313012,[0.         0.         0.         0.         0.         0.         0.         0.         0.         0.01105476 0.         0.         0.         0.01281496 0.         0.         0.01693163 0.         0.         0.         0.         0.         0.         0.         0.         0.94814389 0.         0.01105476 0.         0.         0.        ],[0. 0. 0. 0. 0. 0. 0. 0. 0. 1. 0. 0. 0. 1. 0. 0. 1. 0. 0. 0. 0. 0. 0. 0. 0. 1. 0. 1. 0. 0. 0.],5.0,best,100,1000,100,0.9,0.5,0.9,0.5,0.9,5,0.26,1,5,,problem_solving,10
69,-0.00020707554252484507,0.138415,0.0027717778121843593,0.776,0.5999353890744809,1.5876146839870422,[0.         0.         0.         0.         0.         0.         0.         0.         0.         0.01105476 0.         0.         0.         0.01281496 0.         0.         0.01693163 0.         0.         0.         0.         0.         0.         0.         0.         0.94814389 0.         0.01105476 0.         0.         0.        ],[0. 0. 0. 0. 0. 0. 0. 0. 0. 1. 0. 0. 0. 1. 0. 0. 1. 0. 0. 0. 0. 0. 0. 0. 0. 1. 0. 1. 0. 0. 0.],5.0,best,100,1000,100,0.9,0.5,0.9,0.5,0.9,5,0.26,1,5,,problem_solving,10
70,-0.00020707554252484507,0.138415,0.0027717778121843593,0.78,0.5964193922626064,-5.089492576545595,[0.         0.         0.         0.         0.         0.         0.         0.         0.         0.01105476 0.         0.         0.         0.01281496 0.         0.         0.01693163 0.         0.         0.         0.         0.         0.         0.         0.         0.94814389 0.         0.01105476 0.         0.         0.        ],[0. 0. 0. 0. 0. 0. 0. 0. 0. 1. 0. 0. 0. 1. 0. 0. 1. 0. 0. 0. 0. 0. 0. 0. 0. 1. 0. 1. 0. 0. 0.],5.0,best,100,1000,100,0.9,0.5,0.9,0.5,0.9,5,0.26,1,5,,problem_solving,10
71,-0.00020707554252484507,0.138415,0.0027717778121843593,0.784,0.5929240013923155,-0.7784802007215218,[0.         0.         0.         0.         0.         0.         0.         0.         0.         0.01105476 0.         0.         0.         0.01281496 0.         0.         0.01693163 0.         0.         0.         0.         0.         0.         0.         0.         0.94814389 0.         0.01105476 0.         0.         0.        ],[0. 0. 0. 0. 0. 0. 0. 0. 0. 1. 0. 0. 0. 1. 0. 0. 1. 0. 0. 0. 0. 0. 0. 0. 0. 1. 0. 1. 0. 0. 0.],5.0,best,100,1000,100,0.9,0.5,0.9,0.5,0.9,5,0.26,1,5,,problem_solving,10
72,-0.00020707554252484507,0.138415,0.0027717778121843593,0.788,0.5894490956998952,-1.2008841291809278,[0.         0.         0.         0.         0.         0.         0.         0.         0.         0.01105476 0.         0.         0.         0.01281496 0.         0.         0.01693163 0.         0.         0.         0.         0.         0.         0.         0.         0.94814389 0.         0.01105476 0.         0.         0.        ],[0. 0. 0. 0. 0. 0. 0. 0. 0. 1. 0. 0. 0. 1. 0. 0. 1. 0. 0. 0. 0. 0. 0. 0. 0. 1. 0. 1. 0. 0. 0.],5.0,best,100,1000,100,0.9,0.5,0.9,0.5,0.9,5,0.26,1,5,,problem_solving,10
73,-0.00020707554252484507,0.138415,0.0027717778121843593,0.792,0.5859945551293841,2.3064072958141257,[0.         0.         0.         0.         0.         0.         0.         0.         0.         0.01105476 0.         0.         0.         0.01281496 0.         0.         0.01693163 0.         0.         0.         0.         0.         0.         0.         0.         0.94814389 0.         0.01105476 0.         0.         0.        ],[0. 0. 0. 0. 0. 0. 0. 0. 0. 1. 0. 0. 0. 1. 0. 0. 1. 0. 0. 0. 0. 0. 0. 0. 0. 1. 0. 1. 0. 0. 0.],5.0,best,100,1000,100,0.9,0.5,0.9,0.5,0.9,5,0.26,1,5,,problem_solving,10
74,-0.00020707554252484507,0.138415,0.0027717778121843593,0.796,0.5825602603284237,-0.7151199063686763,[0.         0.         0.         0.         0.         0.         0.         0.         0.         0.01105476 0.         0.         0.         0.01281496 0.         0.         0.01693163 0.         0.         0.         0.         0.         0.         0.         0.         0.94814389 0.         0.01105476 0.         0.         0.        ],[0. 0. 0. 0. 0. 0. 0. 0. 0. 1. 0. 0. 0. 1. 0. 0. 1. 0. 0. 0. 0. 0. 0. 0. 0. 1. 0. 1. 0. 0. 0.],5.0,best,100,1000,100,0.9,0.5,0.9,0.5,0.9,5,0.26,1,5,,problem_solving,10
75,-0.00020707554252484507,0.138415,0.0027717778121843593,0.8,0.5791460926441345,-4.488933156494603,[0.         0.         0.         0.         0.         0.         0.         0.         0.         0.01105476 0.         0.         0.         0.01281496 0.         0.         0.01693163 0.         0.         0.         0.         0.         0.         0.         0.         0.94814389 0.         0.01105476 0.         0.         0.        ],[0. 0. 0. 0. 0. 0. 0. 0. 0. 1. 0. 0. 0. 1. 0. 0. 1. 0. 0. 0. 0. 0. 0. 0. 0. 1. 0. 1. 0. 0. 0.],5.0,best,100,1000,100,0.9,0.5,0.9,0.5,0.9,5,0.26,1,5,,problem_solving,10
76,-0.00020707554252484507,0.138415,0.0027717778121843593,0.804,0.5757519341190179,-0.6820151253322225,[0.         0.         0.         0.         0.         0.         0.         0.         0.         0.01105476 0.         0.         0.         0.01281496 0.         0.         0.01693163 0.         0.         0.         0.         0.         0.         0.         0.         0.94814389 0.         0.01105476 0.         0.         0.        ],[0. 0. 0. 0. 0. 0. 0. 0. 0. 1. 0. 0. 0. 1. 0. 0. 1. 0. 0. 0. 0. 0. 0. 0. 0. 1. 0. 1. 0. 0. 0.],5.0,best,100,1000,100,0.9,0.5,0.9,0.5,0.9,5,0.26,1,5,,problem_solving,10
77,-0.00020707554252484507,0.138415,0.0027717778121843593,0.808,0.5723776674868795,-0.9166213206435514,[0.         0.         0.         0.         0.         0.         0.         0.         0.         0.01105476 0.         0.         0.         0.01281496 0.         0.         0.01693163 0.         0.         0.         0.         0.         0.         0.         0.         0.94814389 0.         0.01105476 0.         0.         0.        ],[0. 0. 0. 0. 0. 0. 0. 0. 0. 1. 0. 0. 0. 1. 0. 0. 1. 0. 0. 0. 0. 0. 0. 0. 0. 1. 0. 1. 0. 0. 0.],5.0,best,100,1000,100,0.9,0.5,0.9,0.5,0.9,5,0.26,1,5,,problem_solving,10
78,-0.00020707554252484507,0.138415,0.0027717778121843593,0.812,0.5690231761687783,0.7424643452993199,[0.         0.         0.         0.         0.         0.         0.         0.         0.         0.01105476 0.         0.         0.         0.01281496 0.         0.         0.01693163 0.         0.         0.         0.         0.         0.         0.         0.         0.94814389 0.         0.01105476 0.         0.         0.        ],[0. 0. 0. 0. 0. 0. 0. 0. 0. 1. 0. 0. 0. 1. 0. 0. 1. 0. 0. 0. 0. 0. 0. 0. 0. 1. 0. 1. 0. 0. 0.],5.0,best,100,1000,100,0.9,0.5,0.9,0.5,0.9,5,0.26,1,5,,problem_solving,10
79,-0.00020707554252484507,0.138415,0.0027717778121843593,0.8160000000000001,0.5656883442689988,-0.48417515075362255,[0.         0.         0.         0.         0.         0.         0.         0.         0.         0.01105476 0.         0.         0.         0.01281496 0.         0.         0.01693163 0.         0.         0.         0.         0.         0.         0.         0.         0.94814389 0.         0.01105476 0.         0.         0.        ],[0. 0. 0. 0. 0. 0. 0. 0. 0. 1. 0. 0. 0. 1. 0. 0. 1. 0. 0. 0. 0. 0. 0. 0. 0. 1. 0. 1. 0. 0. 0.],5.0,best,100,1000,100,0.9,0.5,0.9,0.5,0.9,5,0.26,1,5,,problem_solving,10
80,-0.00020707554252484507,0.138415,0.0027717778121843593,0.8200000000000001,0.5623730565710474,2.5176032595835154,[0.         0.         0.         0.         0.         0.         0.         0.         0.         0.01105476 0.         0.         0.         0.01281496 0.         0.         0.01693163 0.         0.         0.         0.         0.         0.         0.         0.         0.94814389 0.         0.01105476 0.         0.         0.        ],[0. 0. 0. 0. 0. 0. 0. 0. 0. 1. 0. 0. 0. 1. 0. 0. 1. 0. 0. 0. 0. 0. 0. 0. 0. 1. 0. 1. 0. 0. 0.],5.0,best,100,1000,100,0.9,0.5,0.9,0.5,0.9,5,0.26,1,5,,problem_solving,10
81,-0.00020707554252484507,0.138415,0.0027717778121843593,0.8240000000000001,0.5590771985336705,3.4747449267439383,[0.         0.         0.         0.         0.         0.         0.         0.         0.         0.01105476 0.         0.         0.         0.01281496 0.         0.         0.01693163 0.         0.         0.         0.         0.         0.         0.         0.         0.94814389 0.         0.01105476 0.         0.         0.        ],[0. 0. 0. 0. 0. 0. 0. 0. 0. 1. 0. 0. 0. 1. 0. 0. 1. 0. 0. 0. 0. 0. 0. 0. 0. 1. 0. 1. 0. 0. 0.],5.0,best,100,1000,100,0.9,0.5,0.9,0.5,0.9,5,0.26,1,5,,problem_solving,10
82,-0.00020707554252484507,0.138415,0.0027717778121843593,0.8280000000000001,0.5558006562868987,-1.5742967531640009,[0.         0.         0.         0.         0.         0.         0.         0.         0.         0.01105476 0.         0.         0.         0.01281496 0.         0.         0.01693163 0.         0.         0.         0.         0.         0.         0.         0.         0.94814389 0.         0.01105476 0.         0.         0.        ],[0. 0. 0. 0. 0. 0. 0. 0. 0. 1. 0. 0. 0. 1. 0. 0. 1. 0. 0. 0. 0. 0. 0. 0. 0. 1. 0. 1. 0. 0. 0.],5.0,best,100,1000,100,0.9,0.5,0.9,0.5,0.9,5,0.26,1,5,,problem_solving,10
83,-0.00020707554252484507,0.138415,0.0027717778121843593,0.8320000000000001,0.5525433166281111,-1.8642512985225757,[0.         0.         0.         0.         0.         0.         0.         0.         0.         0.01105476 0.         0.         0.         0.01281496 0.         0.         0.01693163 0.         0.         0.         0.         0.         0.         0.         0.         0.94814389 0.         0.01105476 0.         0.         0.        ],[0. 0. 0. 0. 0. 0. 0. 0. 0. 1. 0. 0. 0. 1. 0. 0. 1. 0. 0. 0. 0. 0. 0. 0. 0. 1. 0. 1. 0. 0. 0.],5.0,best,100,1000,100,0.9,0.5,0.9,0.5,0.9,5,0.26,1,5,,problem_solving,10
84,-0.00020707554252484507,0.138415,0.0027717778121843593,0.8360000000000001,0.5493050670181254,-0.32391211157290684,[0.         0.         0.         0.         0.         0.         0.         0.         0.         0.01105476 0.         0.         0.         0.01281496 0.         0.         0.01693163 0.         0.         0.         0.         0.         0.         0.         0.         0.94814389 0.         0.01105476 0.         0.         0.        ],[0. 0. 0. 0. 0. 0. 0. 0. 0. 1. 0. 0. 0. 1. 0. 0. 1. 0. 0. 0. 0. 0. 0. 0. 0. 1. 0. 1. 0. 0. 0.],5.0,best,100,1000,100,0.9,0.5,0.9,0.5,0.9,5,0.26,1,5,,problem_solving,10
85,-0.00020707554252484507,0.138415,0.0027717778121843593,0.8400000000000001,0.5460857955773096,2.106653282210936,[0.         0.         0.         0.         0.         0.         0.         0.         0.         0.01105476 0.         0.         0.         0.01281496 0.         0.         0.01693163 0.         0.         0.         0.         0.         0.         0.         0.         0.94814389 0.         0.01105476 0.         0.         0.        ],[0. 0. 0. 0. 0. 0. 0. 0. 0. 1. 0. 0. 0. 1. 0. 0. 1. 0. 0. 0. 0. 0. 0. 0. 0. 1. 0. 1. 0. 0. 0.],5.0,best,100,1000,100,0.9,0.5,0.9,0.5,0.9,5,0.26,1,5,,problem_solving,10
86,-0.00020707554252484507,0.138415,0.0027717778121843593,0.8440000000000001,0.542885391081716,1.878849853929267,[0.         0.         0.         0.         0.         0.         0.         0.         0.         0.01105476 0.         0.         0.         0.01281496 0.         0.         0.01693163 0.         0.         0.         0.         0.         0.         0.         0.         0.94814389 0.         0.01105476 0.         0.         0.        ],[0. 0. 0. 0. 0. 0. 0. 0. 0. 1. 0. 0. 0. 1. 0. 0. 1. 0. 0. 0. 0. 0. 0. 0. 0. 1. 0. 1. 0. 0. 0.],5.0,best,100,1000,100,0.9,0.5,0.9,0.5,0.9,5,0.26,1,5,,problem_solving,10
87,-0.00020707554252484507,0.138415,0.0027717778121843593,0.8480000000000001,0.5397037429592386,1.057040814356428,[0.         0.         0.         0.         0.         0.         0.         0.         0.         0.01105476 0.         0.         0.         0.01281496 0.         0.         0.01693163 0.         0.         0.         0.         0.         0.         0.         0.         0.94814389 0.         0.01105476 0.         0.         0.        ],[0. 0. 0. 0. 0. 0. 0. 0. 0. 1. 0. 0. 0. 1. 0. 0. 1. 0. 0. 0. 0. 0. 0. 0. 0. 1. 0. 1. 0. 0. 0.],5.0,best,100,1000,100,0.9,0.5,0.9,0.5,0.9,5,0.26,1,5,,problem_solving,10
88,-0.00020707554252484507,0.138415,0.0027717778121843593,0.852,0.5365407412857937,-5.48710184393732,[0.         0.         0.         0.         0.         0.         0.         0.         0.         0.01105476 0.         0.         0.         0.01281496 0.         0.         0.01693163 0.         0.         0.         0.         0.         0.         0.         0.         0.94814389 0.         0.01105476 0.         0.         0.        ],[0. 0. 0. 0. 0. 0. 0. 0. 0. 1. 0. 0. 0. 1. 0. 0. 1. 0. 0. 0. 0. 0. 0. 0. 0. 1. 0. 1. 0. 0. 0.],5.0,best,100,1000,100,0.9,0.5,0.9,0.5,0.9,5,0.26,1,5,,problem_solving,10
89,-0.00020707554252484507,0.138415,0.0027717778121843593,0.856,0.5333962767815211,-0.07925730249377207,[0.         0.         0.         0.         0.         0.         0.         0.         0.         0.01105476 0.         0.         0.         0.01281496 0.         0.         0.01693163 0.         0.         0.         0.         0.         0.         0.         0.         0.94814389 0.         0.01105476 0.         0.         0.        ],[0. 0. 0. 0. 0. 0. 0. 0. 0. 1. 0. 0. 0. 1. 0. 0. 1. 0. 0. 0. 0. 0. 0. 0. 0. 1. 0. 1. 0. 0. 0.],5.0,best,100,1000,100,0.9,0.5,0.9,0.5,0.9,5,0.26,1,5,,problem_solving,10
90,-0.00020707554252484507,0.138415,0.0027717778121843593,0.86,0.5302702408070095,-1.634236160752049,[0.         0.         0.         0.         0.         0.         0.         0.         0.         0.01105476 0.         0.         0.         0.01281496 0.         0.         0.01693163 0.         0.         0.         0.         0.         0.         0.         0.         0.94814389 0.         0.01105476 0.         0.         0.        ],[0. 0. 0. 0. 0. 0. 0. 0. 0. 1. 0. 0. 0. 1. 0. 0. 1. 0. 0. 0. 0. 0. 0. 0. 0. 1. 0. 1. 0. 0. 0.],5.0,best,100,1000,100,0.9,0.5,0.9,0.5,0.9,5,0.26,1,5,,problem_solving,10
91,-0.0026536111631294762,0.10481,0.003912860997089086,0.864,0.5271625253595416,-5.58102943978315,[0.         0.         0.         0.         0.93476503 0.         0.         0.         0.         0.         0.         0.         0.         0.         0.01294667 0.         0.         0.         0.         0.         0.         0.         0.         0.         0.02021754 0.         0.         0.         0.01912409 0.         0.01294667],[0. 0. 0. 0. 1. 0. 0. 0. 0. 0. 0. 0. 0. 0. 1. 0. 0. 0. 0. 0. 0. 0. 0. 0. 1. 0. 0. 0. 1. 0. 1.],5.0,best,100,1000,100,0.9,0.5,0.9,0.5,0.9,5,0.26,1,5,,problem_solving,10
92,-0.0026536111631294762,0.10481,0.003912860997089086,0.868,0.5240730230693645,4.869527289100295,[0.         0.         0.         0.         0.93476503 0.         0.         0.         0.         0.         0.         0.         0.         0.         0.01294667 0.         0.         0.         0.         0.         0.         0.         0.         0.         0.02021754 0.         0.         0.         0.01912409 0.         0.01294667],[0. 0. 0. 0. 1. 0. 0. 0. 0. 0. 0. 0. 0. 0. 1. 0. 0. 0. 0. 0. 0. 0. 0. 0. 1. 0. 0. 0. 1. 0. 1.],5.0,best,100,1000,100,0.9,0.5,0.9,0.5,0.9,5,0.26,1,5,,problem_solving,10
93,-0.0026536111631294762,0.10481,0.003912860997089086,0.872,0.5210016271959791,-2.90014142756217,[0.         0.         0.         0.         0.93476503 0.         0.         0.         0.         0.         0.         0.         0.         0.         0.01294667 0.         0.         0.         0.         0.         0.         0.         0.         0.         0.02021754 0.         0.         0.         0.01912409 0.         0.01294667],[0. 0. 0. 0. 1. 0. 0. 0. 0. 0. 0. 0. 0. 0. 1. 0. 0. 0. 0. 0. 0. 0. 0. 0. 1. 0. 0. 0. 1. 0. 1.],5.0,best,100,1000,100,0.9,0.5,0.9,0.5,0.9,5,0.26,1,5,,problem_solving,10
94,-0.0026536111631294762,0.10481,0.003912860997089086,0.876,0.5179482316244518,-1.8592343586520657,[0.         0.         0.         0.         0.93476503 0.         0.         0.         0.         0.         0.         0.         0.         0.         0.01294667 0.         0.         0.         0.         0.         0.         0.         0.         0.         0.02021754 0.         0.         0.         0.01912409 0.         0.01294667],[0. 0. 0. 0. 1. 0. 0. 0. 0. 0. 0. 0. 0. 0. 1. 0. 0. 0. 0. 0. 0. 0. 0. 0. 1. 0. 0. 0. 1. 0. 1.],5.0,best,100,1000,100,0.9,0.5,0.9,0.5,0.9,5,0.26,1,5,,problem_solving,10
95,-0.0026536111631294762,0.10481,0.003912860997089086,0.88,0.5149127308617497,-2.011522838362952,[0.         0.         0.         0.         0.93476503 0.         0.         0.         0.         0.         0.         0.         0.         0.         0.01294667 0.         0.         0.         0.         0.         0.         0.         0.         0.         0.02021754 0.         0.         0.         0.01912409 0.         0.01294667],[0. 0. 0. 0. 1. 0. 0. 0. 0. 0. 0. 0. 0. 0. 1. 0. 0. 0. 0. 0. 0. 0. 0. 0. 1. 0. 0. 0. 1. 0. 1.],5.0,best,100,1000,100,0.9,0.5,0.9,0.5,0.9,5,0.26,1,5,,problem_solving,10
96,-0.0026536111631294762,0.10481,0.003912860997089086,0.884,0.5118950200330946,0.8271123386739886,[0.         0.         0.         0.         0.93476503 0.         0.         0.         0.         0.         0.         0.         0.         0.         0.01294667 0.         0.         0.         0.         0.         0.         0.         0.         0.         0.02021754 0.         0.         0.         0.01912409 0.         0.01294667],[0. 0. 0. 0. 1. 0. 0. 0. 0. 0. 0. 0. 0. 0. 1. 0. 0. 0. 0. 0. 0. 0. 0. 0. 1. 0. 0. 0. 1. 0. 1.],5.0,best,100,1000,100,0.9,0.5,0.9,0.5,0.9,5,0.26,1,5,,problem_solving,10
97,-0.0026536111631294762,0.10481,0.003912860997089086,0.888,0.5088949948783402,1.69184358275466,[0.         0.         0.         0.         0.93476503 0.         0.         0.         0.         0.         0.         0.         0.         0.         0.01294667 0.         0.         0.         0.         0.         0.         0.         0.         0.         0.02021754 0.         0.         0.         0.01912409 0.         0.01294667],[0. 0. 0. 0. 1. 0. 0. 0. 0. 0. 0. 0. 0. 0. 1. 0. 0. 0. 0. 0. 0. 0. 0. 0. 1. 0. 0. 0. 1. 0. 1.],5.0,best,100,1000,100,0.9,0.5,0.9,0.5,0.9,5,0.26,1,5,,problem_solving,10
98,-0.002679038121653727,0.137972,0.005857357092871881,0.892,0.5059125517483702,0.45072910382853104,[0.         0.         0.         0.         0.94777196 0.         0.         0.         0.         0.         0.         0.01329562 0.         0.         0.         0.         0.         0.         0.01340367 0.         0.         0.         0.         0.         0.         0.         0.         0.         0.01276438 0.         0.01276438],[0. 0. 0. 0. 1. 0. 0. 0. 0. 0. 0. 1. 0. 0. 0. 0. 0. 0. 1. 0. 0. 0. 0. 0. 0. 0. 0. 0. 1. 0. 1.],5.0,best,100,1000,100,0.9,0.5,0.9,0.5,0.9,5,0.26,1,5,,problem_solving,10
99,-0.002679038121653727,0.137972,0.005857357092871881,0.896,0.5029475876015165,2.332233918390839,[0.         0.         0.         0.         0.94777196 0.         0.         0.         0.         0.         0.         0.01329562 0.         0.         0.         0.         0.         0.         0.01340367 0.         0.         0.         0.         0.         0.         0.         0.         0.         0.01276438 0.         0.01276438],[0. 0. 0. 0. 1. 0. 0. 0. 0. 0. 0. 1. 0. 0. 0. 0. 0. 0. 1. 0. 0. 0. 0. 0. 0. 0. 0. 0. 1. 0. 1.],5.0,best,100,1000,100,0.9,0.5,0.9,0.5,0.9,5,0.26,1,5,,problem_solving,10
