iter,cost,risk,return,par,bw,move,X,Z,Q,pop_init,max_iter,pop_size,mem_size,mem_consider,par_min,par_max,bw_min,bw_max,sigma,lambda,port_n,k,seed,tag,local_search
1,0.034506564558903746,0.189428,0.0033792301401256004,0.5004,0.8994711474430547,-0.5659169619311818,[0.         0.         0.01154944 0.01120171 0.         0.         0.01159911 0.         0.90255914 0.01688198 0.         0.         0.         0.         0.         0.         0.         0.         0.01159911 0.01142006 0.         0.         0.         0.         0.         0.         0.         0.01164001 0.         0.         0.01154944],[0. 0. 1. 1. 0. 0. 1. 0. 1. 1. 0. 0. 0. 0. 0. 0. 0. 0. 1. 1. 0. 0. 0. 0. 0. 0. 0. 1. 0. 0. 1.],9.0,best,1000,1000,100,0.9,0.5,0.9,0.5,0.9,5,0.53,1,9,,run_04,10
10,0.014333454025608434,0.187382,0.002569981866520296,0.504,0.894725436791504,-5.204024763183929,[0.         0.         0.         0.         0.01220159 0.         0.02990718 0.         0.         0.         0.01220159 0.         0.         0.         0.         0.         0.         0.         0.01245016 0.01253299 0.         0.         0.         0.         0.         0.01220159 0.         0.8832113  0.         0.01309201 0.01220159],[0. 0. 0. 0. 1. 0. 1. 0. 0. 0. 1. 0. 0. 0. 0. 0. 0. 0. 1. 1. 0. 0. 0. 0. 0. 1. 0. 1. 0. 1. 1.],9.0,best,1000,1000,100,0.9,0.5,0.9,0.5,0.9,5,0.53,1,9,,run_04,10
20,0.014333454025608434,0.187382,0.002569981866520296,0.508,0.8894817858241639,-0.6560902171127159,[0.         0.         0.         0.         0.01220159 0.         0.02990718 0.         0.         0.         0.01220159 0.         0.         0.         0.         0.         0.         0.         0.01245016 0.01253299 0.         0.         0.         0.         0.         0.01220159 0.         0.8832113  0.         0.01309201 0.01220159],[0. 0. 0. 0. 1. 0. 1. 0. 0. 0. 1. 0. 0. 0. 0. 0. 0. 0. 1. 1. 0. 0. 0. 0. 0. 1. 0. 1. 0. 1. 1.],9.0,best,1000,1000,100,0.9,0.5,0.9,0.5,0.9,5,0.53,1,9,,run_04,10
30,0.014333454025608434,0.187382,0.002569981866520296,0.512,0.8842688659329022,2.3150465118960795,[0.         0.         0.         0.         0.01220159 0.         0.02990718 0.         0.         0.         0.01220159 0.         0.         0.         0.         0.         0.         0.         0.01245016 0.01253299 0.         0.         0.         0.         0.         0.01220159 0.         0.8832113  0.         0.01309201 0.01220159],[0. 0. 0. 0. 1. 0. 1. 0. 0. 0. 1. 0. 0. 0. 0. 0. 0. 0. 1. 1. 0. 0. 0. 0. 0. 1. 0. 1. 0. 1. 1.],9.0,best,1000,1000,100,0.9,0.5,0.9,0.5,0.9,5,0.53,1,9,,run_04,10
40,0.014333454025608434,0.187382,0.002569981866520296,0.516,0.879086497014382,3.4926117212842795,[0.         0.         0.         0.         0.01220159 0.         0.02990718 0.         0.         0.         0.01220159 0.         0.         0.         0.         0.         0.         0.         0.01245016 0.01253299 0.         0.         0.         0.         0.         0.01220159 0.         0.8832113  0.         0.01309201 0.01220159],[0. 0. 0. 0. 1. 0. 1. 0. 0. 0. 1. 0. 0. 0. 0. 0. 0. 0. 1. 1. 0. 0. 0. 0. 0. 1. 0. 1. 0. 1. 1.],9.0,best,1000,1000,100,0.9,0.5,0.9,0.5,0.9,5,0.53,1,9,,run_04,10
50,0.014333454025608434,0.187382,0.002569981866520296,0.52,0.8739345000207845,1.3111563432384872,[0.         0.         0.         0.         0.01220159 0.         0.02990718 0.         0.         0.         0.01220159 0.         0.         0.         0.         0.         0.         0.         0.01245016 0.01253299 0.         0.         0.         0.         0.         0.01220159 0.         0.8832113  0.         0.01309201 0.01220159],[0. 0. 0. 0. 1. 0. 1. 0. 0. 0. 1. 0. 0. 0. 0. 0. 0. 0. 1. 1. 0. 0. 0. 0. 0. 1. 0. 1. 0. 1. 1.],9.0,best,1000,1000,100,0.9,0.5,0.9,0.5,0.9,5,0.53,1,9,,run_04,10
60,0.014333454025608434,0.187382,0.002569981866520296,0.524,0.8688126969536234,-0.3926181219377167,[0.         0.         0.         0.         0.01220159 0.         0.02990718 0.         0.         0.         0.01220159 0.         0.         0.         0.         0.         0.         0.         0.01245016 0.01253299 0.         0.         0.         0.         0.         0.01220159 0.         0.8832113  0.         0.01309201 0.01220159],[0. 0. 0. 0. 1. 0. 1. 0. 0. 0. 1. 0. 0. 0. 0. 0. 0. 0. 1. 1. 0. 0. 0. 0. 0. 1. 0. 1. 0. 1. 1.],9.0,best,1000,1000,100,0.9,0.5,0.9,0.5,0.9,5,0.53,1,9,,run_04,10
70,0.014333454025608434,0.187382,0.002569981866520296,0.528,0.8637209108575947,-6.685299748814176,[0.         0.         0.         0.         0.01220159 0.         0.02990718 0.         0.         0.         0.01220159 0.         0.         0.         0.         0.         0.         0.         0.01245016 0.01253299 0.         0.         0.         0.         0.         0.01220159 0.         0.8832113  0.         0.01309201 0.01220159],[0. 0. 0. 0. 1. 0. 1. 0. 0. 0. 1. 0. 0. 0. 0. 0. 0. 0. 1. 1. 0. 0. 0. 0. 0. 1. 0. 1. 0. 1. 1.],9.0,best,1000,1000,100,0.9,0.5,0.9,0.5,0.9,5,0.53,1,9,,run_04,10
80,0.014333454025608434,0.187382,0.002569981866520296,0.532,0.8586589658144633,-5.934859165177109,[0.         0.         0.         0.         0.01220159 0.         0.02990718 0.         0.         0.         0.01220159 0.         0.         0.         0.         0.         0.         0.         0.01245016 0.01253299 0.         0.         0.         0.         0.         0.01220159 0.         0.8832113  0.         0.01309201 0.01220159],[0. 0. 0. 0. 1. 0. 1. 0. 0. 0. 1. 0. 0. 0. 0. 0. 0. 0. 1. 1. 0. 0. 0. 0. 0. 1. 0. 1. 0. 1. 1.],9.0,best,1000,1000,100,0.9,0.5,0.9,0.5,0.9,5,0.53,1,9,,run_04,10
90,0.014333454025608434,0.187382,0.002569981866520296,0.536,0.8536266869369854,-1.858564668830177,[0.         0.         0.         0.         0.01220159 0.         0.02990718 0.         0.         0.         0.01220159 0.         0.         0.         0.         0.         0.         0.         0.01245016 0.01253299 0.         0.         0.         0.         0.         0.01220159 0.         0.8832113  0.         0.01309201 0.01220159],[0. 0. 0. 0. 1. 0. 1. 0. 0. 0. 1. 0. 0. 0. 0. 0. 0. 0. 1. 1. 0. 0. 0. 0. 0. 1. 0. 1. 0. 1. 1.],9.0,best,1000,1000,100,0.9,0.5,0.9,0.5,0.9,5,0.53,1,9,,run_04,10
100,0.014333454025608434,0.187382,0.002569981866520296,0.54,0.8486239003628652,-2.5981190952948867,[0.         0.         0.         0.         0.01220159 0.         0.02990718 0.         0.         0.         0.01220159 0.         0.         0.         0.         0.         0.         0.         0.01245016 0.01253299 0.         0.         0.         0.         0.         0.01220159 0.         0.8832113  0.         0.01309201 0.01220159],[0. 0. 0. 0. 1. 0. 1. 0. 0. 0. 1. 0. 0. 0. 0. 0. 0. 0. 1. 1. 0. 0. 0. 0. 0. 1. 0. 1. 0. 1. 1.],9.0,best,1000,1000,100,0.9,0.5,0.9,0.5,0.9,5,0.53,1,9,,run_04,10
110,0.014333454025608434,0.187382,0.002569981866520296,0.544,0.8436504332487491,2.224824321402069,[0.         0.         0.         0.         0.01220159 0.         0.02990718 0.         0.         0.         0.01220159 0.         0.         0.         0.         0.         0.         0.         0.01245016 0.01253299 0.         0.         0.         0.         0.         0.01220159 0.         0.8832113  0.         0.01309201 0.01220159],[0. 0. 0. 0. 1. 0. 1. 0. 0. 0. 1. 0. 0. 0. 0. 0. 0. 0. 1. 1. 0. 0. 0. 0. 0. 1. 0. 1. 0. 1. 1.],9.0,best,1000,1000,100,0.9,0.5,0.9,0.5,0.9,5,0.53,1,9,,run_04,10
120,0.013691780202174372,0.188053,0.0048656562857079064,0.548,0.8387061137642541,0.1957258060992632,[0.         0.01172757 0.         0.         0.88680051 0.         0.         0.         0.03233473 0.         0.         0.         0.01133341 0.         0.01166742 0.         0.         0.01173478 0.         0.         0.01173478 0.         0.         0.         0.         0.         0.         0.01133341 0.         0.         0.01133341],[0. 1. 0. 0. 1. 0. 0. 0. 1. 0. 0. 0. 1. 0. 1. 0. 0. 1. 0. 0. 1. 0. 0. 0. 0. 0. 0. 1. 0. 0. 1.],9.0,best,1000,1000,100,0.9,0.5,0.9,0.5,0.9,5,0.53,1,9,,run_04,10
130,0.013691780202174372,0.188053,0.0048656562857079064,0.552,0.83379077108603,0.8409662822452736,[0.         0.01172757 0.         0.         0.88680051 0.         0.         0.         0.03233473 0.         0.         0.         0.01133341 0.         0.01166742 0.         0.         0.01173478 0.         0.         0.01173478 0.         0.         0.         0.         0.         0.         0.01133341 0.         0.         0.01133341],[0. 1. 0. 0. 1. 0. 0. 0. 1. 0. 0. 0. 1. 0. 1. 0. 0. 1. 0. 0. 1. 0. 0. 0. 0. 0. 0. 1. 0. 0. 1.],9.0,best,1000,1000,100,0.9,0.5,0.9,0.5,0.9,5,0.53,1,9,,run_04,10
140,0.013691780202174372,0.188053,0.0048656562857079064,0.556,0.828904235391859,-0.6215536154197138,[0.         0.01172757 0.         0.         0.88680051 0.         0.         0.         0.03233473 0.         0.         0.         0.01133341 0.         0.01166742 0.         0.         0.01173478 0.         0.         0.01173478 0.         0.         0.         0.         0.         0.         0.01133341 0.         0.         0.01133341],[0. 1. 0. 0. 1. 0. 0. 0. 1. 0. 0. 0. 1. 0. 1. 0. 0. 1. 0. 0. 1. 0. 0. 0. 0. 0. 0. 1. 0. 0. 1.],9.0,best,1000,1000,100,0.9,0.5,0.9,0.5,0.9,5,0.53,1,9,,run_04,10
150,0.013691780202174372,0.188053,0.0048656562857079064,0.56,0.8240463378547874,4.183734436972971,[0.         0.01172757 0.         0.         0.88680051 0.         0.         0.         0.03233473 0.         0.         0.         0.01133341 0.         0.01166742 0.         0.         0.01173478 0.         0.         0.01173478 0.         0.         0.         0.         0.         0.         0.01133341 0.         0.         0.01133341],[0. 1. 0. 0. 1. 0. 0. 0. 1. 0. 0. 0. 1. 0. 1. 0. 0. 1. 0. 0. 1. 0. 0. 0. 0. 0. 0. 1. 0. 0. 1.],9.0,best,1000,1000,100,0.9,0.5,0.9,0.5,0.9,5,0.53,1,9,,run_04,10
160,0.013417107715944815,0.185759,0.004703207106160876,0.5640000000000001,0.8192169106372932,-6.928012126348354,[0.         0.         0.         0.         0.88302963 0.         0.         0.         0.         0.         0.         0.         0.         0.02273841 0.01136003 0.         0.01265877 0.         0.01202629 0.         0.         0.         0.01363871 0.         0.         0.01269228 0.         0.01982959 0.         0.         0.01202629],[0. 0. 0. 0. 1. 0. 0. 0. 0. 0. 0. 0. 0. 1. 1. 0. 1. 0. 1. 0. 0. 0. 1. 0. 0. 1. 0. 1. 0. 0. 1.],9.0,best,1000,1000,100,0.9,0.5,0.9,0.5,0.9,5,0.53,1,9,,run_04,10
170,0.013417107715944815,0.185759,0.004703207106160876,0.5680000000000001,0.8144157868854872,-6.484716716931171,[0.         0.         0.         0.         0.88302963 0.         0.         0.         0.         0.         0.         0.         0.         0.02273841 0.01136003 0.         0.01265877 0.         0.01202629 0.         0.         0.         0.01363871 0.         0.         0.01269228 0.         0.01982959 0.         0.         0.01202629],[0. 0. 0. 0. 1. 0. 0. 0. 0. 0. 0. 0. 0. 1. 1. 0. 1. 0. 1. 0. 0. 0. 1. 0. 0. 1. 0. 1. 0. 0. 1.],9.0,best,1000,1000,100,0.9,0.5,0.9,0.5,0.9,5,0.53,1,9,,run_04,10
180,0.013417107715944815,0.185759,0.004703207106160876,0.5720000000000001,0.8096428007233489,-0.8465347601334489,[0.         0.         0.         0.         0.88302963 0.         0.         0.         0.         0.         0.         0.         0.         0.02273841 0.01136003 0.         0.01265877 0.         0.01202629 0.         0.         0.         0.01363871 0.         0.         0.01269228 0.         0.01982959 0.         0.         0.01202629],[0. 0. 0. 0. 1. 0. 0. 0. 0. 0. 0. 0. 0. 1. 1. 0. 1. 0. 1. 0. 0. 0. 1. 0. 0. 1. 0. 1. 0. 0. 1.],9.0,best,1000,1000,100,0.9,0.5,0.9,0.5,0.9,5,0.53,1,9,,run_04,10
190,0.013417107715944815,0.185759,0.004703207106160876,0.576,0.8048977872469943,-3.6462740507680476,[0.         0.         0.         0.         0.88302963 0.         0.         0.         0.         0.         0.         0.         0.         0.02273841 0.01136003 0.         0.01265877 0.         0.01202629 0.         0.         0.         0.01363871 0.         0.         0.01269228 0.         0.01982959 0.         0.         0.01202629],[0. 0. 0. 0. 1. 0. 0. 0. 0. 0. 0. 0. 0. 1. 1. 0. 1. 0. 1. 0. 0. 0. 1. 0. 0. 1. 0. 1. 0. 0. 1.],9.0,best,1000,1000,100,0.9,0.5,0.9,0.5,0.9,5,0.53,1,9,,run_04,10
200,0.013417107715944815,0.185759,0.004703207106160876,0.58,0.80018058251898,-2.2663953782812416,[0.         0.         0.         0.         0.88302963 0.         0.         0.         0.         0.         0.         0.         0.         0.02273841 0.01136003 0.         0.01265877 0.         0.01202629 0.         0.         0.         0.01363871 0.         0.         0.01269228 0.         0.01982959 0.         0.         0.01202629],[0. 0. 0. 0. 1. 0. 0. 0. 0. 0. 0. 0. 0. 1. 1. 0. 1. 0. 1. 0. 0. 0. 1. 0. 0. 1. 0. 1. 0. 0. 1.],9.0,best,1000,1000,100,0.9,0.5,0.9,0.5,0.9,5,0.53,1,9,,run_04,10
210,0.013417107715944815,0.185759,0.004703207106160876,0.584,0.7954910235626383,-4.8327834148023046,[0.         0.         0.         0.         0.88302963 0.         0.         0.         0.         0.         0.         0.         0.         0.02273841 0.01136003 0.         0.01265877 0.         0.01202629 0.         0.         0.         0.01363871 0.         0.         0.01269228 0.         0.01982959 0.         0.         0.01202629],[0. 0. 0. 0. 1. 0. 0. 0. 0. 0. 0. 0. 0. 1. 1. 0. 1. 0. 1. 0. 0. 0. 1. 0. 0. 1. 0. 1. 0. 0. 1.],9.0,best,1000,1000,100,0.9,0.5,0.9,0.5,0.9,5,0.53,1,9,,run_04,10
220,0.013417107715944815,0.185759,0.004703207106160876,0.588,0.7908289483564468,6.490555181420671,[0.         0.         0.         0.         0.88302963 0.         0.         0.         0.         0.         0.         0.         0.         0.02273841 0.01136003 0.         0.01265877 0.         0.01202629 0.         0.         0.         0.01363871 0.         0.         0.01269228 0.         0.01982959 0.         0.         0.01202629],[0. 0. 0. 0. 1. 0. 0. 0. 0. 0. 0. 0. 0. 1. 1. 0. 1. 0. 1. 0. 0. 0. 1. 0. 0. 1. 0. 1. 0. 0. 1.],9.0,best,1000,1000,100,0.9,0.5,0.9,0.5,0.9,5,0.53,1,9,,run_04,10
230,0.013417107715944815,0.185759,0.004703207106160876,0.592,0.7861941958284306,0.18362313984758113,[0.         0.         0.         0.         0.88302963 0.         0.         0.         0.         0.         0.         0.         0.         0.02273841 0.01136003 0.         0.01265877 0.         0.01202629 0.         0.         0.         0.01363871 0.         0.         0.01269228 0.         0.01982959 0.         0.         0.01202629],[0. 0. 0. 0. 1. 0. 0. 0. 0. 0. 0. 0. 0. 1. 1. 0. 1. 0. 1. 0. 0. 0. 1. 0. 0. 1. 0. 1. 0. 0. 1.],9.0,best,1000,1000,100,0.9,0.5,0.9,0.5,0.9,5,0.53,1,9,,run_04,10
240,0.013417107715944815,0.185759,0.004703207106160876,0.596,0.7815866058505976,0.8121145123467656,[0.         0.         0.         0.         0.88302963 0.         0.         0.         0.         0.         0.         0.         0.         0.02273841 0.01136003 0.         0.01265877 0.         0.01202629 0.         0.         0.         0.01363871 0.         0.         0.01269228 0.         0.01982959 0.         0.         0.01202629],[0. 0. 0. 0. 1. 0. 0. 0. 0. 0. 0. 0. 0. 1. 1. 0. 1. 0. 1. 0. 0. 0. 1. 0. 0. 1. 0. 1. 0. 0. 1.],9.0,best,1000,1000,100,0.9,0.5,0.9,0.5,0.9,5,0.53,1,9,,run_04,10
250,0.013417107715944815,0.185759,0.004703207106160876,0.6,0.7770060192334055,-7.66409020176009,[0.         0.         0.         0.         0.88302963 0.         0.         0.         0.         0.         0.         0.         0.         0.02273841 0.01136003 0.         0.01265877 0.         0.01202629 0.         0.         0.         0.01363871 0.         0.         0.01269228 0.         0.01982959 0.         0.         0.01202629],[0. 0. 0. 0. 1. 0. 0. 0. 0. 0. 0. 0. 0. 1. 1. 0. 1. 0. 1. 0. 0. 0. 1. 0. 0. 1. 0. 1. 0. 0. 1.],9.0,best,1000,1000,100,0.9,0.5,0.9,0.5,0.9,5,0.53,1,9,,run_04,10
260,0.013417107715944815,0.185759,0.004703207106160876,0.604,0.7724522777202627,-1.735819559062316,[0.         0.         0.         0.         0.88302963 0.         0.         0.         0.         0.         0.         0.         0.         0.02273841 0.01136003 0.         0.01265877 0.         0.01202629 0.         0.         0.         0.01363871 0.         0.         0.01269228 0.         0.01982959 0.         0.         0.01202629],[0. 0. 0. 0. 1. 0. 0. 0. 0. 0. 0. 0. 0. 1. 1. 0. 1. 0. 1. 0. 0. 0. 1. 0. 0. 1. 0. 1. 0. 0. 1.],9.0,best,1000,1000,100,0.9,0.5,0.9,0.5,0.9,5,0.53,1,9,,run_04,10
270,0.011476328481843795,0.181843,0.006308320695129505,0.608,0.7679252239820602,-7.01099069644901,[0.         0.         0.         0.         0.01089771 0.         0.         0.         0.03162418 0.0116971  0.         0.         0.         0.         0.         0.01089771 0.01361231 0.         0.         0.         0.         0.         0.01089771 0.         0.         0.88591275 0.01190915 0.01255137 0.         0.         0.        ],[0. 0. 0. 0. 1. 0. 0. 0. 1. 1. 0. 0. 0. 0. 0. 1. 1. 0. 0. 0. 0. 0. 1. 0. 0. 1. 1. 1. 0. 0. 0.],9.0,best,1000,1000,100,0.9,0.5,0.9,0.5,0.9,5,0.53,1,9,,run_04,10
280,0.011476328481843795,0.181843,0.006308320695129505,0.612,0.7634247016117359,-2.8602731165798327,[0.         0.         0.         0.         0.01089771 0.         0.         0.         0.03162418 0.0116971  0.         0.         0.         0.         0.         0.01089771 0.01361231 0.         0.         0.         0.         0.         0.01089771 0.         0.         0.88591275 0.01190915 0.01255137 0.         0.         0.        ],[0. 0. 0. 0. 1. 0. 0. 0. 1. 1. 0. 0. 0. 0. 0. 1. 1. 0. 0. 0. 0. 0. 1. 0. 0. 1. 1. 1. 0. 0. 0.],9.0,best,1000,1000,100,0.9,0.5,0.9,0.5,0.9,5,0.53,1,9,,run_04,10
290,0.011476328481843795,0.181843,0.006308320695129505,0.616,0.758950555118871,-3.3274762736331205,[0.         0.         0.         0.         0.01089771 0.         0.         0.         0.03162418 0.0116971  0.         0.         0.         0.         0.         0.01089771 0.01361231 0.         0.         0.         0.         0.         0.01089771 0.         0.         0.88591275 0.01190915 0.01255137 0.         0.         0.        ],[0. 0. 0. 0. 1. 0. 0. 0. 1. 1. 0. 0. 0. 0. 0. 1. 1. 0. 0. 0. 0. 0. 1. 0. 0. 1. 1. 1. 0. 0. 0.],9.0,best,1000,1000,100,0.9,0.5,0.9,0.5,0.9,5,0.53,1,9,,run_04,10
300,0.011476328481843795,0.181843,0.006308320695129505,0.62,0.754502629924318,-1.0528567696633337,[0.         0.         0.         0.         0.01089771 0.         0.         0.         0.03162418 0.0116971  0.         0.         0.         0.         0.         0.01089771 0.01361231 0.         0.         0.         0.         0.         0.01089771 0.         0.         0.88591275 0.01190915 0.01255137 0.         0.         0.        ],[0. 0. 0. 0. 1. 0. 0. 0. 1. 1. 0. 0. 0. 0. 0. 1. 1. 0. 0. 0. 0. 0. 1. 0. 0. 1. 1. 1. 0. 0. 0.],9.0,best,1000,1000,100,0.9,0.5,0.9,0.5,0.9,5,0.53,1,9,,run_04,10
310,0.011476328481843795,0.181843,0.006308320695129505,0.624,0.7500807723548599,8.17786950286292,[0.         0.         0.         0.         0.01089771 0.         0.         0.         0.03162418 0.0116971  0.         0.         0.         0.         0.         0.01089771 0.01361231 0.         0.         0.         0.         0.         0.01089771 0.         0.         0.88591275 0.01190915 0.01255137 0.         0.         0.        ],[0. 0. 0. 0. 1. 0. 0. 0. 1. 1. 0. 0. 0. 0. 0. 1. 1. 0. 0. 0. 0. 0. 1. 0. 0. 1. 1. 1. 0. 0. 0.],9.0,best,1000,1000,100,0.9,0.5,0.9,0.5,0.9,5,0.53,1,9,,run_04,10
320,0.011476328481843795,0.181843,0.006308320695129505,0.628,0.7456848296379008,1.0190262970404504,[0.         0.         0.         0.         0.01089771 0.         0.         0.         0.03162418 0.0116971  0.         0.         0.         0.         0.         0.01089771 0.01361231 0.         0.         0.         0.         0.         0.01089771 0.         0.         0.88591275 0.01190915 0.01255137 0.         0.         0.        ],[0. 0. 0. 0. 1. 0. 0. 0. 1. 1. 0. 0. 0. 0. 0. 1. 1. 0. 0. 0. 0. 0. 1. 0. 0. 1. 1. 1. 0. 0. 0.],9.0,best,1000,1000,100,0.9,0.5,0.9,0.5,0.9,5,0.53,1,9,,run_04,10
330,0.011476328481843795,0.181843,0.006308320695129505,0.632,0.7413146498961878,-7.359293935901859,[0.         0.         0.         0.         0.01089771 0.         0.         0.         0.03162418 0.0116971  0.         0.         0.         0.         0.         0.01089771 0.01361231 0.         0.         0.         0.         0.         0.01089771 0.         0.         0.88591275 0.01190915 0.01255137 0.         0.         0.        ],[0. 0. 0. 0. 1. 0. 0. 0. 1. 1. 0. 0. 0. 0. 0. 1. 1. 0. 0. 0. 0. 0. 1. 0. 0. 1. 1. 1. 0. 0. 0.],9.0,best,1000,1000,100,0.9,0.5,0.9,0.5,0.9,5,0.53,1,9,,run_04,10
340,0.011476328481843795,0.181843,0.006308320695129505,0.636,0.7369700821425638,-1.2733556555883612,[0.         0.         0.         0.         0.01089771 0.         0.         0.         0.03162418 0.0116971  0.         0.         0.         0.         0.         0.01089771 0.01361231 0.         0.         0.         0.         0.         0.01089771 0.         0.         0.88591275 0.01190915 0.01255137 0.         0.         0.        ],[0. 0. 0. 0. 1. 0. 0. 0. 1. 1. 0. 0. 0. 0. 0. 1. 1. 0. 0. 0. 0. 0. 1. 0. 0. 1. 1. 1. 0. 0. 0.],9.0,best,1000,1000,100,0.9,0.5,0.9,0.5,0.9,5,0.53,1,9,,run_04,10
350,0.011381818288629829,0.16843,0.0036502851189804454,0.64,0.7326509762747511,2.7947694171832427,[0.         0.         0.         0.         0.86685928 0.01356141 0.         0.         0.01200779 0.         0.01200779 0.         0.         0.         0.         0.01413199 0.         0.         0.         0.01365785 0.         0.01252137 0.         0.         0.         0.01200779 0.         0.04324476 0.         0.         0.        ],[0. 0. 0. 0. 1. 1. 0. 0. 1. 0. 1. 0. 0. 0. 0. 1. 0. 0. 0. 1. 0. 1. 0. 0. 0. 1. 0. 1. 0. 0. 0.],9.0,best,1000,1000,100,0.9,0.5,0.9,0.5,0.9,5,0.53,1,9,,run_04,10
360,0.011381818288629829,0.16843,0.0036502851189804454,0.644,0.7283571830701648,3.2824722792119925,[0.         0.         0.         0.         0.86685928 0.01356141 0.         0.         0.01200779 0.         0.01200779 0.         0.         0.         0.         0.01413199 0.         0.         0.         0.01365785 0.         0.01252137 0.         0.         0.         0.01200779 0.         0.04324476 0.         0.         0.        ],[0. 0. 0. 0. 1. 1. 0. 0. 1. 0. 1. 0. 0. 0. 0. 1. 0. 0. 0. 1. 0. 1. 0. 0. 0. 1. 0. 1. 0. 0. 0.],9.0,best,1000,1000,100,0.9,0.5,0.9,0.5,0.9,5,0.53,1,9,,run_04,10
370,0.011381818288629829,0.16843,0.0036502851189804454,0.648,0.7240885541807586,1.8062952948891913,[0.         0.         0.         0.         0.86685928 0.01356141 0.         0.         0.01200779 0.         0.01200779 0.         0.         0.         0.         0.01413199 0.         0.         0.         0.01365785 0.         0.01252137 0.         0.         0.         0.01200779 0.         0.04324476 0.         0.         0.        ],[0. 0. 0. 0. 1. 1. 0. 0. 1. 0. 1. 0. 0. 0. 0. 1. 0. 0. 0. 1. 0. 1. 0. 0. 0. 1. 0. 1. 0. 0. 0.],9.0,best,1000,1000,100,0.9,0.5,0.9,0.5,0.9,5,0.53,1,9,,run_04,10
380,0.011381818288629829,0.16843,0.0036502851189804454,0.652,0.7198449421278975,5.402478410996867,[0.         0.         0.         0.         0.86685928 0.01356141 0.         0.         0.01200779 0.         0.01200779 0.         0.         0.         0.         0.01413199 0.         0.         0.         0.01365785 0.         0.01252137 0.         0.         0.         0.01200779 0.         0.04324476 0.         0.         0.        ],[0. 0. 0. 0. 1. 1. 0. 0. 1. 0. 1. 0. 0. 0. 0. 1. 0. 0. 0. 1. 0. 1. 0. 0. 0. 1. 0. 1. 0. 0. 0.],9.0,best,1000,1000,100,0.9,0.5,0.9,0.5,0.9,5,0.53,1,9,,run_04,10
390,0.011381818288629829,0.16843,0.0036502851189804454,0.656,0.7156262002972644,-4.2925199646855,[0.         0.         0.         0.         0.86685928 0.01356141 0.         0.         0.01200779 0.         0.01200779 0.         0.         0.         0.         0.01413199 0.         0.         0.         0.01365785 0.         0.01252137 0.         0.         0.         0.01200779 0.         0.04324476 0.         0.         0.        ],[0. 0. 0. 0. 1. 1. 0. 0. 1. 0. 1. 0. 0. 0. 0. 1. 0. 0. 0. 1. 0. 1. 0. 0. 0. 1. 0. 1. 0. 0. 0.],9.0,best,1000,1000,100,0.9,0.5,0.9,0.5,0.9,5,0.53,1,9,,run_04,10
400,0.011381818288629829,0.16843,0.0036502851189804454,0.66,0.7114321829337936,1.4451914215946042,[0.         0.         0.         0.         0.86685928 0.01356141 0.         0.         0.01200779 0.         0.01200779 0.         0.         0.         0.         0.01413199 0.         0.         0.         0.01365785 0.         0.01252137 0.         0.         0.         0.01200779 0.         0.04324476 0.         0.         0.        ],[0. 0. 0. 0. 1. 1. 0. 0. 1. 0. 1. 0. 0. 0. 0. 1. 0. 0. 0. 1. 0. 1. 0. 0. 0. 1. 0. 1. 0. 0. 0.],9.0,best,1000,1000,100,0.9,0.5,0.9,0.5,0.9,5,0.53,1,9,,run_04,10
410,0.011381818288629829,0.16843,0.0036502851189804454,0.664,0.7072627451366351,1.9183400121708967,[0.         0.         0.         0.         0.86685928 0.01356141 0.         0.         0.01200779 0.         0.01200779 0.         0.         0.         0.         0.01413199 0.         0.         0.         0.01365785 0.         0.01252137 0.         0.         0.         0.01200779 0.         0.04324476 0.         0.         0.        ],[0. 0. 0. 0. 1. 1. 0. 0. 1. 0. 1. 0. 0. 0. 0. 1. 0. 0. 0. 1. 0. 1. 0. 0. 0. 1. 0. 1. 0. 0. 0.],9.0,best,1000,1000,100,0.9,0.5,0.9,0.5,0.9,5,0.53,1,9,,run_04,10
420,0.011381818288629829,0.16843,0.0036502851189804454,0.668,0.7031177428541489,-1.3815900005426904,[0.         0.         0.         0.         0.86685928 0.01356141 0.         0.         0.01200779 0.         0.01200779 0.         0.         0.         0.         0.01413199 0.         0.         0.         0.01365785 0.         0.01252137 0.         0.         0.         0.01200779 0.         0.04324476 0.         0.         0.        ],[0. 0. 0. 0. 1. 1. 0. 0. 1. 0. 1. 0. 0. 0. 0. 1. 0. 0. 0. 1. 0. 1. 0. 0. 0. 1. 0. 1. 0. 0. 0.],9.0,best,1000,1000,100,0.9,0.5,0.9,0.5,0.9,5,0.53,1,9,,run_04,10
430,0.011381818288629829,0.16843,0.0036502851189804454,0.672,0.6989970328789274,0.2792562628098209,[0.         0.         0.         0.         0.86685928 0.01356141 0.         0.         0.01200779 0.         0.01200779 0.         0.         0.         0.         0.01413199 0.         0.         0.         0.01365785 0.         0.01252137 0.         0.         0.         0.01200779 0.         0.04324476 0.         0.         0.        ],[0. 0. 0. 0. 1. 1. 0. 0. 1. 0. 1. 0. 0. 0. 0. 1. 0. 0. 0. 1. 0. 1. 0. 0. 0. 1. 0. 1. 0. 0. 0.],9.0,best,1000,1000,100,0.9,0.5,0.9,0.5,0.9,5,0.53,1,9,,run_04,10
440,0.011381818288629829,0.16843,0.0036502851189804454,0.676,0.6949004728428485,-6.976407831649117,[0.         0.         0.         0.         0.86685928 0.01356141 0.         0.         0.01200779 0.         0.01200779 0.         0.         0.         0.         0.01413199 0.         0.         0.         0.01365785 0.         0.01252137 0.         0.         0.         0.01200779 0.         0.04324476 0.         0.         0.        ],[0. 0. 0. 0. 1. 1. 0. 0. 1. 0. 1. 0. 0. 0. 0. 1. 0. 0. 0. 1. 0. 1. 0. 0. 0. 1. 0. 1. 0. 0. 0.],9.0,best,1000,1000,100,0.9,0.5,0.9,0.5,0.9,5,0.53,1,9,,run_04,10
450,0.011381818288629829,0.16843,0.0036502851189804454,0.68,0.6908279212121557,7.44649554888819,[0.         0.         0.         0.         0.86685928 0.01356141 0.         0.         0.01200779 0.         0.01200779 0.         0.         0.         0.         0.01413199 0.         0.         0.         0.01365785 0.         0.01252137 0.         0.         0.         0.01200779 0.         0.04324476 0.         0.         0.        ],[0. 0. 0. 0. 1. 1. 0. 0. 1. 0. 1. 0. 0. 0. 0. 1. 0. 0. 0. 1. 0. 1. 0. 0. 0. 1. 0. 1. 0. 0. 0.],9.0,best,1000,1000,100,0.9,0.5,0.9,0.5,0.9,5,0.53,1,9,,run_04,10
460,0.011381818288629829,0.16843,0.0036502851189804454,0.6839999999999999,0.6867792372825697,-4.670801997405344,[0.         0.         0.         0.         0.86685928 0.01356141 0.         0.         0.01200779 0.         0.01200779 0.         0.         0.         0.         0.01413199 0.         0.         0.         0.01365785 0.         0.01252137 0.         0.         0.         0.01200779 0.         0.04324476 0.         0.         0.        ],[0. 0. 0. 0. 1. 1. 0. 0. 1. 0. 1. 0. 0. 0. 0. 1. 0. 0. 0. 1. 0. 1. 0. 0. 0. 1. 0. 1. 0. 0. 0.],9.0,best,1000,1000,100,0.9,0.5,0.9,0.5,0.9,5,0.53,1,9,,run_04,10
470,0.011381818288629829,0.16843,0.0036502851189804454,0.688,0.6827542811744257,-0.23355956209727713,[0.         0.         0.         0.         0.86685928 0.01356141 0.         0.         0.01200779 0.         0.01200779 0.         0.         0.         0.         0.01413199 0.         0.         0.         0.01365785 0.         0.01252137 0.         0.         0.         0.01200779 0.         0.04324476 0.         0.         0.        ],[0. 0. 0. 0. 1. 1. 0. 0. 1. 0. 1. 0. 0. 0. 0. 1. 0. 0. 0. 1. 0. 1. 0. 0. 0. 1. 0. 1. 0. 0. 0.],9.0,best,1000,1000,100,0.9,0.5,0.9,0.5,0.9,5,0.53,1,9,,run_04,10
480,0.011381818288629829,0.16843,0.0036502851189804454,0.692,0.6787529138278415,-0.2805944313583805,[0.         0.         0.         0.         0.86685928 0.01356141 0.         0.         0.01200779 0.         0.01200779 0.         0.         0.         0.         0.01413199 0.         0.         0.         0.01365785 0.         0.01252137 0.         0.         0.         0.01200779 0.         0.04324476 0.         0.         0.        ],[0. 0. 0. 0. 1. 1. 0. 0. 1. 0. 1. 0. 0. 0. 0. 1. 0. 0. 0. 1. 0. 1. 0. 0. 0. 1. 0. 1. 0. 0. 0.],9.0,best,1000,1000,100,0.9,0.5,0.9,0.5,0.9,5,0.53,1,9,,run_04,10
490,0.011381818288629829,0.16843,0.0036502851189804454,0.696,0.6747749969979128,5.497542105230634,[0.         0.         0.         0.         0.86685928 0.01356141 0.         0.         0.01200779 0.         0.01200779 0.         0.         0.         0.         0.01413199 0.         0.         0.         0.01365785 0.         0.01252137 0.         0.         0.         0.01200779 0.         0.04324476 0.         0.         0.        ],[0. 0. 0. 0. 1. 1. 0. 0. 1. 0. 1. 0. 0. 0. 0. 1. 0. 0. 0. 1. 0. 1. 0. 0. 0. 1. 0. 1. 0. 0. 0.],9.0,best,1000,1000,100,0.9,0.5,0.9,0.5,0.9,5,0.53,1,9,,run_04,10
500,0.011381818288629829,0.16843,0.0036502851189804454,0.7,0.6708203932499369,-2.623657042321196,[0.         0.         0.         0.         0.86685928 0.01356141 0.         0.         0.01200779 0.         0.01200779 0.         0.         0.         0.         0.01413199 0.         0.         0.         0.01365785 0.         0.01252137 0.         0.         0.         0.01200779 0.         0.04324476 0.         0.         0.        ],[0. 0. 0. 0. 1. 1. 0. 0. 1. 0. 1. 0. 0. 0. 0. 1. 0. 0. 0. 1. 0. 1. 0. 0. 0. 1. 0. 1. 0. 0. 0.],9.0,best,1000,1000,100,0.9,0.5,0.9,0.5,0.9,5,0.53,1,9,,run_04,10
510,0.011381818288629829,0.16843,0.0036502851189804454,0.704,0.6668889659546647,5.496860791863227,[0.         0.         0.         0.         0.86685928 0.01356141 0.         0.         0.01200779 0.         0.01200779 0.         0.         0.         0.         0.01413199 0.         0.         0.         0.01365785 0.         0.01252137 0.         0.         0.         0.01200779 0.         0.04324476 0.         0.         0.        ],[0. 0. 0. 0. 1. 1. 0. 0. 1. 0. 1. 0. 0. 0. 0. 1. 0. 0. 0. 1. 0. 1. 0. 0. 0. 1. 0. 1. 0. 0. 0.],9.0,best,1000,1000,100,0.9,0.5,0.9,0.5,0.9,5,0.53,1,9,,run_04,10
520,0.011381818288629829,0.16843,0.0036502851189804454,0.708,0.6629805792835798,3.6491956837879562,[0.         0.         0.         0.         0.86685928 0.01356141 0.         0.         0.01200779 0.         0.01200779 0.         0.         0.         0.         0.01413199 0.         0.         0.         0.01365785 0.         0.01252137 0.         0.         0.         0.01200779 0.         0.04324476 0.         0.         0.        ],[0. 0. 0. 0. 1. 1. 0. 0. 1. 0. 1. 0. 0. 0. 0. 1. 0. 0. 0. 1. 0. 1. 0. 0. 0. 1. 0. 1. 0. 0. 0.],9.0,best,1000,1000,100,0.9,0.5,0.9,0.5,0.9,5,0.53,1,9,,run_04,10
530,0.011381818288629829,0.16843,0.0036502851189804454,0.712,0.6590950982042059,2.627335079171543,[0.         0.         0.         0.         0.86685928 0.01356141 0.         0.         0.01200779 0.         0.01200779 0.         0.         0.         0.         0.01413199 0.         0.         0.         0.01365785 0.         0.01252137 0.         0.         0.         0.01200779 0.         0.04324476 0.         0.         0.        ],[0. 0. 0. 0. 1. 1. 0. 0. 1. 0. 1. 0. 0. 0. 0. 1. 0. 0. 0. 1. 0. 1. 0. 0. 0. 1. 0. 1. 0. 0. 0.],9.0,best,1000,1000,100,0.9,0.5,0.9,0.5,0.9,5,0.53,1,9,,run_04,10
540,0.011381818288629829,0.16843,0.0036502851189804454,0.716,0.6552323884754414,0.7225465771830704,[0.         0.         0.         0.         0.86685928 0.01356141 0.         0.         0.01200779 0.         0.01200779 0.         0.         0.         0.         0.01413199 0.         0.         0.         0.01365785 0.         0.01252137 0.         0.         0.         0.01200779 0.         0.04324476 0.         0.         0.        ],[0. 0. 0. 0. 1. 1. 0. 0. 1. 0. 1. 0. 0. 0. 0. 1. 0. 0. 0. 1. 0. 1. 0. 0. 0. 1. 0. 1. 0. 0. 0.],9.0,best,1000,1000,100,0.9,0.5,0.9,0.5,0.9,5,0.53,1,9,,run_04,10
550,0.011381818288629829,0.16843,0.0036502851189804454,0.72,0.651392316642922,-3.5400622715442855,[0.         0.         0.         0.         0.86685928 0.01356141 0.         0.         0.01200779 0.         0.01200779 0.         0.         0.         0.         0.01413199 0.         0.         0.         0.01365785 0.         0.01252137 0.         0.         0.         0.01200779 0.         0.04324476 0.         0.         0.        ],[0. 0. 0. 0. 1. 1. 0. 0. 1. 0. 1. 0. 0. 0. 0. 1. 0. 0. 0. 1. 0. 1. 0. 0. 0. 1. 0. 1. 0. 0. 0.],9.0,best,1000,1000,100,0.9,0.5,0.9,0.5,0.9,5,0.53,1,9,,run_04,10
560,0.011381818288629829,0.16843,0.0036502851189804454,0.724,0.6475747500344088,-3.584894859326518,[0.         0.         0.         0.         0.86685928 0.01356141 0.         0.         0.01200779 0.         0.01200779 0.         0.         0.         0.         0.01413199 0.         0.         0.         0.01365785 0.         0.01252137 0.         0.         0.         0.01200779 0.         0.04324476 0.         0.         0.        ],[0. 0. 0. 0. 1. 1. 0. 0. 1. 0. 1. 0. 0. 0. 0. 1. 0. 0. 0. 1. 0. 1. 0. 0. 0. 1. 0. 1. 0. 0. 0.],9.0,best,1000,1000,100,0.9,0.5,0.9,0.5,0.9,5,0.53,1,9,,run_04,10
570,0.011381818288629829,0.16843,0.0036502851189804454,0.728,0.643779556755206,6.4684711409806726,[0.         0.         0.         0.         0.86685928 0.01356141 0.         0.         0.01200779 0.         0.01200779 0.         0.         0.         0.         0.01413199 0.         0.         0.         0.01365785 0.         0.01252137 0.         0.         0.         0.01200779 0.         0.04324476 0.         0.         0.        ],[0. 0. 0. 0. 1. 1. 0. 0. 1. 0. 1. 0. 0. 0. 0. 1. 0. 0. 0. 1. 0. 1. 0. 0. 0. 1. 0. 1. 0. 0. 0.],9.0,best,1000,1000,100,0.9,0.5,0.9,0.5,0.9,5,0.53,1,9,,run_04,10
580,0.011381818288629829,0.16843,0.0036502851189804454,0.732,0.6400066056836028,4.860907098022472,[0.         0.         0.         0.         0.86685928 0.01356141 0.         0.         0.01200779 0.         0.01200779 0.         0.         0.         0.         0.01413199 0.         0.         0.         0.01365785 0.         0.01252137 0.         0.         0.         0.01200779 0.         0.04324476 0.         0.         0.        ],[0. 0. 0. 0. 1. 1. 0. 0. 1. 0. 1. 0. 0. 0. 0. 1. 0. 0. 0. 1. 0. 1. 0. 0. 0. 1. 0. 1. 0. 0. 0.],9.0,best,1000,1000,100,0.9,0.5,0.9,0.5,0.9,5,0.53,1,9,,run_04,10
590,0.011381818288629829,0.16843,0.0036502851189804454,0.736,0.6362557664663436,0.8633770557550613,[0.         0.         0.         0.         0.86685928 0.01356141 0.         0.         0.01200779 0.         0.01200779 0.         0.         0.         0.         0.01413199 0.         0.         0.         0.01365785 0.         0.01252137 0.         0.         0.         0.01200779 0.         0.04324476 0.         0.         0.        ],[0. 0. 0. 0. 1. 1. 0. 0. 1. 0. 1. 0. 0. 0. 0. 1. 0. 0. 0. 1. 0. 1. 0. 0. 0. 1. 0. 1. 0. 0. 0.],9.0,best,1000,1000,100,0.9,0.5,0.9,0.5,0.9,5,0.53,1,9,,run_04,10
600,0.011381818288629829,0.16843,0.0036502851189804454,0.74,0.632526909514125,-4.445536063911663,[0.         0.         0.         0.         0.86685928 0.01356141 0.         0.         0.01200779 0.         0.01200779 0.         0.         0.         0.         0.01413199 0.         0.         0.         0.01365785 0.         0.01252137 0.         0.         0.         0.01200779 0.         0.04324476 0.         0.         0.        ],[0. 0. 0. 0. 1. 1. 0. 0. 1. 0. 1. 0. 0. 0. 0. 1. 0. 0. 0. 1. 0. 1. 0. 0. 0. 1. 0. 1. 0. 0. 0.],9.0,best,1000,1000,100,0.9,0.5,0.9,0.5,0.9,5,0.53,1,9,,run_04,10
610,0.011381818288629829,0.16843,0.0036502851189804454,0.744,0.6288199059971173,-1.5255916054467773,[0.         0.         0.         0.         0.86685928 0.01356141 0.         0.         0.01200779 0.         0.01200779 0.         0.         0.         0.         0.01413199 0.         0.         0.         0.01365785 0.         0.01252137 0.         0.         0.         0.01200779 0.         0.04324476 0.         0.         0.        ],[0. 0. 0. 0. 1. 1. 0. 0. 1. 0. 1. 0. 0. 0. 0. 1. 0. 0. 0. 1. 0. 1. 0. 0. 0. 1. 0. 1. 0. 0. 0.],9.0,best,1000,1000,100,0.9,0.5,0.9,0.5,0.9,5,0.53,1,9,,run_04,10
620,0.011381818288629829,0.16843,0.0036502851189804454,0.748,0.6251346278405147,5.372437552224509,[0.         0.         0.         0.         0.86685928 0.01356141 0.         0.         0.01200779 0.         0.01200779 0.         0.         0.         0.         0.01413199 0.         0.         0.         0.01365785 0.         0.01252137 0.         0.         0.         0.01200779 0.         0.04324476 0.         0.         0.        ],[0. 0. 0. 0. 1. 1. 0. 0. 1. 0. 1. 0. 0. 0. 0. 1. 0. 0. 0. 1. 0. 1. 0. 0. 0. 1. 0. 1. 0. 0. 0.],9.0,best,1000,1000,100,0.9,0.5,0.9,0.5,0.9,5,0.53,1,9,,run_04,10
630,0.011381818288629829,0.16843,0.0036502851189804454,0.752,0.6214709477201097,1.4943184867641657,[0.         0.         0.         0.         0.86685928 0.01356141 0.         0.         0.01200779 0.         0.01200779 0.         0.         0.         0.         0.01413199 0.         0.         0.         0.01365785 0.         0.01252137 0.         0.         0.         0.01200779 0.         0.04324476 0.         0.         0.        ],[0. 0. 0. 0. 1. 1. 0. 0. 1. 0. 1. 0. 0. 0. 0. 1. 0. 0. 0. 1. 0. 1. 0. 0. 0. 1. 0. 1. 0. 0. 0.],9.0,best,1000,1000,100,0.9,0.5,0.9,0.5,0.9,5,0.53,1,9,,run_04,10
640,0.011381818288629829,0.16843,0.0036502851189804454,0.756,0.6178287390578946,0.08467377093729422,[0.         0.         0.         0.         0.86685928 0.01356141 0.         0.         0.01200779 0.         0.01200779 0.         0.         0.         0.         0.01413199 0.         0.         0.         0.01365785 0.         0.01252137 0.         0.         0.         0.01200779 0.         0.04324476 0.         0.         0.        ],[0. 0. 0. 0. 1. 1. 0. 0. 1. 0. 1. 0. 0. 0. 0. 1. 0. 0. 0. 1. 0. 1. 0. 0. 0. 1. 0. 1. 0. 0. 0.],9.0,best,1000,1000,100,0.9,0.5,0.9,0.5,0.9,5,0.53,1,9,,run_04,10
650,0.011381818288629829,0.16843,0.0036502851189804454,0.76,0.6142078760176877,1.9951137425879284,[0.         0.         0.         0.         0.86685928 0.01356141 0.         0.         0.01200779 0.         0.01200779 0.         0.         0.         0.         0.01413199 0.         0.         0.         0.01365785 0.         0.01252137 0.         0.         0.         0.01200779 0.         0.04324476 0.         0.         0.        ],[0. 0. 0. 0. 1. 1. 0. 0. 1. 0. 1. 0. 0. 0. 0. 1. 0. 0. 0. 1. 0. 1. 0. 0. 0. 1. 0. 1. 0. 0. 0.],9.0,best,1000,1000,100,0.9,0.5,0.9,0.5,0.9,5,0.53,1,9,,run_04,10
660,0.011381818288629829,0.16843,0.0036502851189804454,0.764,0.6106082335007861,-2.4389818422263088,[0.         0.         0.         0.         0.86685928 0.01356141 0.         0.         0.01200779 0.         0.01200779 0.         0.         0.         0.         0.01413199 0.         0.         0.         0.01365785 0.         0.01252137 0.         0.         0.         0.01200779 0.         0.04324476 0.         0.         0.        ],[0. 0. 0. 0. 1. 1. 0. 0. 1. 0. 1. 0. 0. 0. 0. 1. 0. 0. 0. 1. 0. 1. 0. 0. 0. 1. 0. 1. 0. 0. 0.],9.0,best,1000,1000,100,0.9,0.5,0.9,0.5,0.9,5,0.53,1,9,,run_04,10
670,0.011381818288629829,0.16843,0.0036502851189804454,0.768,0.6070296871416437,-0.8429609398616795,[0.         0.         0.         0.         0.86685928 0.01356141 0.         0.         0.01200779 0.         0.01200779 0.         0.         0.         0.         0.01413199 0.         0.         0.         0.01365785 0.         0.01252137 0.         0.         0.         0.01200779 0.         0.04324476 0.         0.         0.        ],[0. 0. 0. 0. 1. 1. 0. 0. 1. 0. 1. 0. 0. 0. 0. 1. 0. 0. 0. 1. 0. 1. 0. 0. 0. 1. 0. 1. 0. 0. 0.],9.0,best,1000,1000,100,0.9,0.5,0.9,0.5,0.9,5,0.53,1,9,,run_04,10
680,0.011362989899794994,0.187133,0.004316853107638194,0.772,0.6034721133035746,-1.4166746346198456,[0.         0.         0.         0.         0.01113165 0.         0.         0.         0.01113165 0.         0.         0.         0.         0.01113165 0.         0.01113165 0.         0.         0.01134818 0.         0.         0.         0.         0.         0.01133854 0.01113165 0.         0.89374387 0.         0.         0.02791118],[0. 0. 0. 0. 1. 0. 0. 0. 1. 0. 0. 0. 0. 1. 0. 1. 0. 0. 1. 0. 0. 0. 0. 0. 1. 1. 0. 1. 0. 0. 1.],9.0,best,1000,1000,100,0.9,0.5,0.9,0.5,0.9,5,0.53,1,9,,run_04,10
690,0.011362989899794994,0.187133,0.004316853107638194,0.776,0.5999353890744809,-1.0142518697180434,[0.         0.         0.         0.         0.01113165 0.         0.         0.         0.01113165 0.         0.         0.         0.         0.01113165 0.         0.01113165 0.         0.         0.01134818 0.         0.         0.         0.         0.         0.01133854 0.01113165 0.         0.89374387 0.         0.         0.02791118],[0. 0. 0. 0. 1. 0. 0. 0. 1. 0. 0. 0. 0. 1. 0. 1. 0. 0. 1. 0. 0. 0. 0. 0. 1. 1. 0. 1. 0. 0. 1.],9.0,best,1000,1000,100,0.9,0.5,0.9,0.5,0.9,5,0.53,1,9,,run_04,10
700,0.011362989899794994,0.187133,0.004316853107638194,0.78,0.5964193922626065,-0.17201513639338958,[0.         0.         0.         0.         0.01113165 0.         0.         0.         0.01113165 0.         0.         0.         0.         0.01113165 0.         0.01113165 0.         0.         0.01134818 0.         0.         0.         0.         0.         0.01133854 0.01113165 0.         0.89374387 0.         0.         0.02791118],[0. 0. 0. 0. 1. 0. 0. 0. 1. 0. 0. 0. 0. 1. 0. 1. 0. 0. 1. 0. 0. 0. 0. 0. 1. 1. 0. 1. 0. 0. 1.],9.0,best,1000,1000,100,0.9,0.5,0.9,0.5,0.9,5,0.53,1,9,,run_04,10
710,0.011362989899794994,0.187133,0.004316853107638194,0.784,0.5929240013923155,2.509137805723375,[0.         0.         0.         0.         0.01113165 0.         0.         0.         0.01113165 0.         0.         0.         0.         0.01113165 0.         0.01113165 0.         0.         0.01134818 0.         0.         0.         0.         0.         0.01133854 0.01113165 0.         0.89374387 0.         0.         0.02791118],[0. 0. 0. 0. 1. 0. 0. 0. 1. 0. 0. 0. 0. 1. 0. 1. 0. 0. 1. 0. 0. 0. 0. 0. 1. 1. 0. 1. 0. 0. 1.],9.0,best,1000,1000,100,0.9,0.5,0.9,0.5,0.9,5,0.53,1,9,,run_04,10
720,0.011362989899794994,0.187133,0.004316853107638194,0.788,0.5894490956998952,1.99696235501948,[0.         0.         0.         0.         0.01113165 0.         0.         0.         0.01113165 0.         0.         0.         0.         0.01113165 0.         0.01113165 0.         0.         0.01134818 0.         0.         0.         0.         0.         0.01133854 0.01113165 0.         0.89374387 0.         0.         0.02791118],[0. 0. 0. 0. 1. 0. 0. 0. 1. 0. 0. 0. 0. 1. 0. 1. 0. 0. 1. 0. 0. 0. 0. 0. 1. 1. 0. 1. 0. 0. 1.],9.0,best,1000,1000,100,0.9,0.5,0.9,0.5,0.9,5,0.53,1,9,,run_04,10
730,0.011362989899794994,0.187133,0.004316853107638194,0.792,0.5859945551293843,0.3443802773721959,[0.         0.         0.         0.         0.01113165 0.         0.         0.         0.01113165 0.         0.         0.         0.         0.01113165 0.         0.01113165 0.         0.         0.01134818 0.         0.         0.         0.         0.         0.01133854 0.01113165 0.         0.89374387 0.         0.         0.02791118],[0. 0. 0. 0. 1. 0. 0. 0. 1. 0. 0. 0. 0. 1. 0. 1. 0. 0. 1. 0. 0. 0. 0. 0. 1. 1. 0. 1. 0. 0. 1.],9.0,best,1000,1000,100,0.9,0.5,0.9,0.5,0.9,5,0.53,1,9,,run_04,10
740,0.011362989899794994,0.187133,0.004316853107638194,0.796,0.5825602603284237,0.9257359313577685,[0.         0.         0.         0.         0.01113165 0.         0.         0.         0.01113165 0.         0.         0.         0.         0.01113165 0.         0.01113165 0.         0.         0.01134818 0.         0.         0.         0.         0.         0.01133854 0.01113165 0.         0.89374387 0.         0.         0.02791118],[0. 0. 0. 0. 1. 0. 0. 0. 1. 0. 0. 0. 0. 1. 0. 1. 0. 0. 1. 0. 0. 0. 0. 0. 1. 1. 0. 1. 0. 0. 1.],9.0,best,1000,1000,100,0.9,0.5,0.9,0.5,0.9,5,0.53,1,9,,run_04,10
750,0.011362989899794994,0.187133,0.004316853107638194,0.8,0.5791460926441346,-1.094581145258184,[0.         0.         0.         0.         0.01113165 0.         0.         0.         0.01113165 0.         0.         0.         0.         0.01113165 0.         0.01113165 0.         0.         0.01134818 0.         0.         0.         0.         0.         0.01133854 0.01113165 0.         0.89374387 0.         0.         0.02791118],[0. 0. 0. 0. 1. 0. 0. 0. 1. 0. 0. 0. 0. 1. 0. 1. 0. 0. 1. 0. 0. 0. 0. 0. 1. 1. 0. 1. 0. 0. 1.],9.0,best,1000,1000,100,0.9,0.5,0.9,0.5,0.9,5,0.53,1,9,,run_04,10
760,0.011362989899794994,0.187133,0.004316853107638194,0.804,0.5757519341190179,-4.8427955572899,[0.         0.         0.         0.         0.01113165 0.         0.         0.         0.01113165 0.         0.         0.         0.         0.01113165 0.         0.01113165 0.         0.         0.01134818 0.         0.         0.         0.         0.         0.01133854 0.01113165 0.         0.89374387 0.         0.         0.02791118],[0. 0. 0. 0. 1. 0. 0. 0. 1. 0. 0. 0. 0. 1. 0. 1. 0. 0. 1. 0. 0. 0. 0. 0. 1. 1. 0. 1. 0. 0. 1.],9.0,best,1000,1000,100,0.9,0.5,0.9,0.5,0.9,5,0.53,1,9,,run_04,10
770,0.011362989899794994,0.187133,0.004316853107638194,0.808,0.5723776674868795,2.0399345726306395,[0.         0.         0.         0.         0.01113165 0.         0.         0.         0.01113165 0.         0.         0.         0.         0.01113165 0.         0.01113165 0.         0.         0.01134818 0.         0.         0.         0.         0.         0.01133854 0.01113165 0.         0.89374387 0.         0.         0.02791118],[0. 0. 0. 0. 1. 0. 0. 0. 1. 0. 0. 0. 0. 1. 0. 1. 0. 0. 1. 0. 0. 0. 0. 0. 1. 1. 0. 1. 0. 0. 1.],9.0,best,1000,1000,100,0.9,0.5,0.9,0.5,0.9,5,0.53,1,9,,run_04,10
780,0.011362989899794994,0.187133,0.004316853107638194,0.812,0.5690231761687783,-4.446233634569519,[0.         0.         0.         0.         0.01113165 0.         0.         0.         0.01113165 0.         0.         0.         0.         0.01113165 0.         0.01113165 0.         0.         0.01134818 0.         0.         0.         0.         0.         0.01133854 0.01113165 0.         0.89374387 0.         0.         0.02791118],[0. 0. 0. 0. 1. 0. 0. 0. 1. 0. 0. 0. 0. 1. 0. 1. 0. 0. 1. 0. 0. 0. 0. 0. 1. 1. 0. 1. 0. 0. 1.],9.0,best,1000,1000,100,0.9,0.5,0.9,0.5,0.9,5,0.53,1,9,,run_04,10
790,0.011362989899794994,0.187133,0.004316853107638194,0.8160000000000001,0.5656883442689989,4.074395142622797,[0.         0.         0.         0.         0.01113165 0.         0.         0.         0.01113165 0.         0.         0.         0.         0.01113165 0.         0.01113165 0.         0.         0.01134818 0.         0.         0.         0.         0.         0.01133854 0.01113165 0.         0.89374387 0.         0.         0.02791118],[0. 0. 0. 0. 1. 0. 0. 0. 1. 0. 0. 0. 0. 1. 0. 1. 0. 0. 1. 0. 0. 0. 0. 0. 1. 1. 0. 1. 0. 0. 1.],9.0,best,1000,1000,100,0.9,0.5,0.9,0.5,0.9,5,0.53,1,9,,run_04,10
800,0.011362989899794994,0.187133,0.004316853107638194,0.8200000000000001,0.5623730565710474,4.288080785613654,[0.         0.         0.         0.         0.01113165 0.         0.         0.         0.01113165 0.         0.         0.         0.         0.01113165 0.         0.01113165 0.         0.         0.01134818 0.         0.         0.         0.         0.         0.01133854 0.01113165 0.         0.89374387 0.         0.         0.02791118],[0. 0. 0. 0. 1. 0. 0. 0. 1. 0. 0. 0. 0. 1. 0. 1. 0. 0. 1. 0. 0. 0. 0. 0. 1. 1. 0. 1. 0. 0. 1.],9.0,best,1000,1000,100,0.9,0.5,0.9,0.5,0.9,5,0.53,1,9,,run_04,10
810,0.011362989899794994,0.187133,0.004316853107638194,0.8240000000000001,0.5590771985336707,2.5137038736783426,[0.         0.         0.         0.         0.01113165 0.         0.         0.         0.01113165 0.         0.         0.         0.         0.01113165 0.         0.01113165 0.         0.         0.01134818 0.         0.         0.         0.         0.         0.01133854 0.01113165 0.         0.89374387 0.         0.         0.02791118],[0. 0. 0. 0. 1. 0. 0. 0. 1. 0. 0. 0. 0. 1. 0. 1. 0. 0. 1. 0. 0. 0. 0. 0. 1. 1. 0. 1. 0. 0. 1.],9.0,best,1000,1000,100,0.9,0.5,0.9,0.5,0.9,5,0.53,1,9,,run_04,10
820,0.011362989899794994,0.187133,0.004316853107638194,0.8280000000000001,0.5558006562868987,-0.16986127571214096,[0.         0.         0.         0.         0.01113165 0.         0.         0.         0.01113165 0.         0.         0.         0.         0.01113165 0.         0.01113165 0.         0.         0.01134818 0.         0.         0.         0.         0.         0.01133854 0.01113165 0.         0.89374387 0.         0.         0.02791118],[0. 0. 0. 0. 1. 0. 0. 0. 1. 0. 0. 0. 0. 1. 0. 1. 0. 0. 1. 0. 0. 0. 0. 0. 1. 1. 0. 1. 0. 0. 1.],9.0,best,1000,1000,100,0.9,0.5,0.9,0.5,0.9,5,0.53,1,9,,run_04,10
830,0.011362989899794994,0.187133,0.004316853107638194,0.8320000000000001,0.5525433166281112,-4.905776052587331,[0.         0.         0.         0.         0.01113165 0.         0.         0.         0.01113165 0.         0.         0.         0.         0.01113165 0.         0.01113165 0.         0.         0.01134818 0.         0.         0.         0.         0.         0.01133854 0.01113165 0.         0.89374387 0.         0.         0.02791118],[0. 0. 0. 0. 1. 0. 0. 0. 1. 0. 0. 0. 0. 1. 0. 1. 0. 0. 1. 0. 0. 0. 0. 0. 1. 1. 0. 1. 0. 0. 1.],9.0,best,1000,1000,100,0.9,0.5,0.9,0.5,0.9,5,0.53,1,9,,run_04,10
840,0.011362989899794994,0.187133,0.004316853107638194,0.8360000000000001,0.5493050670181255,-4.926470287050952,[0.         0.         0.         0.         0.01113165 0.         0.         0.         0.01113165 0.         0.         0.         0.         0.01113165 0.         0.01113165 0.         0.         0.01134818 0.         0.         0.         0.         0.         0.01133854 0.01113165 0.         0.89374387 0.         0.         0.02791118],[0. 0. 0. 0. 1. 0. 0. 0. 1. 0. 0. 0. 0. 1. 0. 1. 0. 0. 1. 0. 0. 0. 0. 0. 1. 1. 0. 1. 0. 0. 1.],9.0,best,1000,1000,100,0.9,0.5,0.9,0.5,0.9,5,0.53,1,9,,run_04,10
850,0.011362989899794994,0.187133,0.004316853107638194,0.8400000000000001,0.5460857955773097,1.5762801449657051,[0.         0.         0.         0.         0.01113165 0.         0.         0.         0.01113165 0.         0.         0.         0.         0.01113165 0.         0.01113165 0.         0.         0.01134818 0.         0.         0.         0.         0.         0.01133854 0.01113165 0.         0.89374387 0.         0.         0.02791118],[0. 0. 0. 0. 1. 0. 0. 0. 1. 0. 0. 0. 0. 1. 0. 1. 0. 0. 1. 0. 0. 0. 0. 0. 1. 1. 0. 1. 0. 0. 1.],9.0,best,1000,1000,100,0.9,0.5,0.9,0.5,0.9,5,0.53,1,9,,run_04,10
860,0.011362989899794994,0.187133,0.004316853107638194,0.8440000000000001,0.542885391081716,1.4416848494402406,[0.         0.         0.         0.         0.01113165 0.         0.         0.         0.01113165 0.         0.         0.         0.         0.01113165 0.         0.01113165 0.         0.         0.01134818 0.         0.         0.         0.         0.         0.01133854 0.01113165 0.         0.89374387 0.         0.         0.02791118],[0. 0. 0. 0. 1. 0. 0. 0. 1. 0. 0. 0. 0. 1. 0. 1. 0. 0. 1. 0. 0. 0. 0. 0. 1. 1. 0. 1. 0. 0. 1.],9.0,best,1000,1000,100,0.9,0.5,0.9,0.5,0.9,5,0.53,1,9,,run_04,10
870,0.011362989899794994,0.187133,0.004316853107638194,0.8480000000000001,0.5397037429592386,1.3414126688274697,[0.         0.         0.         0.         0.01113165 0.         0.         0.         0.01113165 0.         0.         0.         0.         0.01113165 0.         0.01113165 0.         0.         0.01134818 0.         0.         0.         0.         0.         0.01133854 0.01113165 0.         0.89374387 0.         0.         0.02791118],[0. 0. 0. 0. 1. 0. 0. 0. 1. 0. 0. 0. 0. 1. 0. 1. 0. 0. 1. 0. 0. 0. 0. 0. 1. 1. 0. 1. 0. 0. 1.],9.0,best,1000,1000,100,0.9,0.5,0.9,0.5,0.9,5,0.53,1,9,,run_04,10
880,0.011362989899794994,0.187133,0.004316853107638194,0.8520000000000001,0.5365407412857937,0.009428839221191336,[0.         0.         0.         0.         0.01113165 0.         0.         0.         0.01113165 0.         0.         0.         0.         0.01113165 0.         0.01113165 0.         0.         0.01134818 0.         0.         0.         0.         0.         0.01133854 0.01113165 0.         0.89374387 0.         0.         0.02791118],[0. 0. 0. 0. 1. 0. 0. 0. 1. 0. 0. 0. 0. 1. 0. 1. 0. 0. 1. 0. 0. 0. 0. 0. 1. 1. 0. 1. 0. 0. 1.],9.0,best,1000,1000,100,0.9,0.5,0.9,0.5,0.9,5,0.53,1,9,,run_04,10
890,0.011362989899794994,0.187133,0.004316853107638194,0.8560000000000001,0.5333962767815212,5.682070211649589,[0.         0.         0.         0.         0.01113165 0.         0.         0.         0.01113165 0.         0.         0.         0.         0.01113165 0.         0.01113165 0.         0.         0.01134818 0.         0.         0.         0.         0.         0.01133854 0.01113165 0.         0.89374387 0.         0.         0.02791118],[0. 0. 0. 0. 1. 0. 0. 0. 1. 0. 0. 0. 0. 1. 0. 1. 0. 0. 1. 0. 0. 0. 0. 0. 1. 1. 0. 1. 0. 0. 1.],9.0,best,1000,1000,100,0.9,0.5,0.9,0.5,0.9,5,0.53,1,9,,run_04,10
900,0.011362989899794994,0.187133,0.004316853107638194,0.8600000000000001,0.5302702408070095,-1.5185028378243741,[0.         0.         0.         0.         0.01113165 0.         0.         0.         0.01113165 0.         0.         0.         0.         0.01113165 0.         0.01113165 0.         0.         0.01134818 0.         0.         0.         0.         0.         0.01133854 0.01113165 0.         0.89374387 0.         0.         0.02791118],[0. 0. 0. 0. 1. 0. 0. 0. 1. 0. 0. 0. 0. 1. 0. 1. 0. 0. 1. 0. 0. 0. 0. 0. 1. 1. 0. 1. 0. 0. 1.],9.0,best,1000,1000,100,0.9,0.5,0.9,0.5,0.9,5,0.53,1,9,,run_04,10
910,0.011362989899794994,0.187133,0.004316853107638194,0.864,0.5271625253595417,-2.61520508931701,[0.         0.         0.         0.         0.01113165 0.         0.         0.         0.01113165 0.         0.         0.         0.         0.01113165 0.         0.01113165 0.         0.         0.01134818 0.         0.         0.         0.         0.         0.01133854 0.01113165 0.         0.89374387 0.         0.         0.02791118],[0. 0. 0. 0. 1. 0. 0. 0. 1. 0. 0. 0. 0. 1. 0. 1. 0. 0. 1. 0. 0. 0. 0. 0. 1. 1. 0. 1. 0. 0. 1.],9.0,best,1000,1000,100,0.9,0.5,0.9,0.5,0.9,5,0.53,1,9,,run_04,10
920,0.011362989899794994,0.187133,0.004316853107638194,0.868,0.5240730230693647,-1.8754840648495192,[0.         0.         0.         0.         0.01113165 0.         0.         0.         0.01113165 0.         0.         0.         0.         0.01113165 0.         0.01113165 0.         0.         0.01134818 0.         0.         0.         0.         0.         0.01133854 0.01113165 0.         0.89374387 0.         0.         0.02791118],[0. 0. 0. 0. 1. 0. 0. 0. 1. 0. 0. 0. 0. 1. 0. 1. 0. 0. 1. 0. 0. 0. 0. 0. 1. 1. 0. 1. 0. 0. 1.],9.0,best,1000,1000,100,0.9,0.5,0.9,0.5,0.9,5,0.53,1,9,,run_04,10
930,0.011362989899794994,0.187133,0.004316853107638194,0.872,0.5210016271959792,-3.0525836147843557,[0.         0.         0.         0.         0.01113165 0.         0.         0.         0.01113165 0.         0.         0.         0.         0.01113165 0.         0.01113165 0.         0.         0.01134818 0.         0.         0.         0.         0.         0.01133854 0.01113165 0.         0.89374387 0.         0.         0.02791118],[0. 0. 0. 0. 1. 0. 0. 0. 1. 0. 0. 0. 0. 1. 0. 1. 0. 0. 1. 0. 0. 0. 0. 0. 1. 1. 0. 1. 0. 0. 1.],9.0,best,1000,1000,100,0.9,0.5,0.9,0.5,0.9,5,0.53,1,9,,run_04,10
940,0.011362989899794994,0.187133,0.004316853107638194,0.876,0.5179482316244519,2.0940374170529568,[0.         0.         0.         0.         0.01113165 0.         0.         0.         0.01113165 0.         0.         0.         0.         0.01113165 0.         0.01113165 0.         0.         0.01134818 0.         0.         0.         0.         0.         0.01133854 0.01113165 0.         0.89374387 0.         0.         0.02791118],[0. 0. 0. 0. 1. 0. 0. 0. 1. 0. 0. 0. 0. 1. 0. 1. 0. 0. 1. 0. 0. 0. 0. 0. 1. 1. 0. 1. 0. 0. 1.],9.0,best,1000,1000,100,0.9,0.5,0.9,0.5,0.9,5,0.53,1,9,,run_04,10
950,0.011362989899794994,0.187133,0.004316853107638194,0.88,0.5149127308617497,0.6518412647639459,[0.         0.         0.         0.         0.01113165 0.         0.         0.         0.01113165 0.         0.         0.         0.         0.01113165 0.         0.01113165 0.         0.         0.01134818 0.         0.         0.         0.         0.         0.01133854 0.01113165 0.         0.89374387 0.         0.         0.02791118],[0. 0. 0. 0. 1. 0. 0. 0. 1. 0. 0. 0. 0. 1. 0. 1. 0. 0. 1. 0. 0. 0. 0. 0. 1. 1. 0. 1. 0. 0. 1.],9.0,best,1000,1000,100,0.9,0.5,0.9,0.5,0.9,5,0.53,1,9,,run_04,10
960,0.011362989899794994,0.187133,0.004316853107638194,0.884,0.5118950200330946,-5.082973277204524,[0.         0.         0.         0.         0.01113165 0.         0.         0.         0.01113165 0.         0.         0.         0.         0.01113165 0.         0.01113165 0.         0.         0.01134818 0.         0.         0.         0.         0.         0.01133854 0.01113165 0.         0.89374387 0.         0.         0.02791118],[0. 0. 0. 0. 1. 0. 0. 0. 1. 0. 0. 0. 0. 1. 0. 1. 0. 0. 1. 0. 0. 0. 0. 0. 1. 1. 0. 1. 0. 0. 1.],9.0,best,1000,1000,100,0.9,0.5,0.9,0.5,0.9,5,0.53,1,9,,run_04,10
970,0.011362989899794994,0.187133,0.004316853107638194,0.888,0.5088949948783402,3.4973792905173506,[0.         0.         0.         0.         0.01113165 0.         0.         0.         0.01113165 0.         0.         0.         0.         0.01113165 0.         0.01113165 0.         0.         0.01134818 0.         0.         0.         0.         0.         0.01133854 0.01113165 0.         0.89374387 0.         0.         0.02791118],[0. 0. 0. 0. 1. 0. 0. 0. 1. 0. 0. 0. 0. 1. 0. 1. 0. 0. 1. 0. 0. 0. 0. 0. 1. 1. 0. 1. 0. 0. 1.],9.0,best,1000,1000,100,0.9,0.5,0.9,0.5,0.9,5,0.53,1,9,,run_04,10
980,0.011362989899794994,0.187133,0.004316853107638194,0.892,0.5059125517483702,1.3284268755302422,[0.         0.         0.         0.         0.01113165 0.         0.         0.         0.01113165 0.         0.         0.         0.         0.01113165 0.         0.01113165 0.         0.         0.01134818 0.         0.         0.         0.         0.         0.01133854 0.01113165 0.         0.89374387 0.         0.         0.02791118],[0. 0. 0. 0. 1. 0. 0. 0. 1. 0. 0. 0. 0. 1. 0. 1. 0. 0. 1. 0. 0. 0. 0. 0. 1. 1. 0. 1. 0. 0. 1.],9.0,best,1000,1000,100,0.9,0.5,0.9,0.5,0.9,5,0.53,1,9,,run_04,10
990,0.011362989899794994,0.187133,0.004316853107638194,0.896,0.5029475876015165,-1.531781633187467,[0.         0.         0.         0.         0.01113165 0.         0.         0.         0.01113165 0.         0.         0.         0.         0.01113165 0.         0.01113165 0.         0.         0.01134818 0.         0.         0.         0.         0.         0.01133854 0.01113165 0.         0.89374387 0.         0.         0.02791118],[0. 0. 0. 0. 1. 0. 0. 0. 1. 0. 0. 0. 0. 1. 0. 1. 0. 0. 1. 0. 0. 0. 0. 0. 1. 1. 0. 1. 0. 0. 1.],9.0,best,1000,1000,100,0.9,0.5,0.9,0.5,0.9,5,0.53,1,9,,run_04,10
999,0.011362989899794994,0.187133,0.004316853107638194,0.8996,0.5002939797226674,-1.0113587592619406,[0.         0.         0.         0.         0.01113165 0.         0.         0.         0.01113165 0.         0.         0.         0.         0.01113165 0.         0.01113165 0.         0.         0.01134818 0.         0.         0.         0.         0.         0.01133854 0.01113165 0.         0.89374387 0.         0.         0.02791118],[0. 0. 0. 0. 1. 0. 0. 0. 1. 0. 0. 0. 0. 1. 0. 1. 0. 0. 1. 0. 0. 0. 0. 0. 1. 1. 0. 1. 0. 0. 1.],9.0,best,1000,1000,100,0.9,0.5,0.9,0.5,0.9,5,0.53,1,9,,run_04,10
