iter,cost,risk,return,par,bw,move,X,Z,Q,pop_init,max_iter,pop_size,mem_size,mem_consider,par_min,par_max,bw_min,bw_max,sigma,lambda,port_n,k,seed,tag,local_search
1,0.028546338627206354,0.171748,0.0029741570087325696,0.5004,0.8994711474430547,-0.2745025155231537,[0.         0.         0.         0.         0.         0.         0.         0.         0.         0.         0.         0.         0.         0.01271129 0.         0.01246689 0.         0.         0.         0.         0.         0.         0.         0.         0.         0.91663842 0.01246689 0.01539957 0.         0.01743611 0.01288082],[0. 0. 0. 0. 0. 0. 0. 0. 0. 0. 0. 0. 0. 1. 0. 1. 0. 0. 0. 0. 0. 0. 0. 0. 0. 1. 1. 1. 0. 1. 1.],7.0,best,1000,1000,100,0.9,0.5,0.9,0.5,0.9,5,0.67,1,7,,run_03,10
10,0.011721585415749684,0.170464,0.002903285199575144,0.504,0.894725436791504,3.581696436704141,[0.01633519 0.01144517 0.         0.         0.         0.         0.         0.         0.         0.         0.         0.         0.         0.         0.         0.         0.         0.         0.011126   0.0131113  0.011126   0.         0.         0.         0.         0.92573033 0.         0.011126   0.         0.         0.        ],[1. 1. 0. 0. 0. 0. 0. 0. 0. 0. 0. 0. 0. 0. 0. 0. 0. 0. 1. 1. 1. 0. 0. 0. 0. 1. 0. 1. 0. 0. 0.],7.0,best,1000,1000,100,0.9,0.5,0.9,0.5,0.9,5,0.67,1,7,,run_03,10
20,0.011721585415749684,0.170464,0.002903285199575144,0.508,0.8894817858241639,3.0532949865841057,[0.01633519 0.01144517 0.         0.         0.         0.         0.         0.         0.         0.         0.         0.         0.         0.         0.         0.         0.         0.         0.011126   0.0131113  0.011126   0.         0.         0.         0.         0.92573033 0.         0.011126   0.         0.         0.        ],[1. 1. 0. 0. 0. 0. 0. 0. 0. 0. 0. 0. 0. 0. 0. 0. 0. 0. 1. 1. 1. 0. 0. 0. 0. 1. 0. 1. 0. 0. 0.],7.0,best,1000,1000,100,0.9,0.5,0.9,0.5,0.9,5,0.67,1,7,,run_03,10
30,0.011721585415749684,0.170464,0.002903285199575144,0.512,0.8842688659329022,-4.6253912464153535,[0.01633519 0.01144517 0.         0.         0.         0.         0.         0.         0.         0.         0.         0.         0.         0.         0.         0.         0.         0.         0.011126   0.0131113  0.011126   0.         0.         0.         0.         0.92573033 0.         0.011126   0.         0.         0.        ],[1. 1. 0. 0. 0. 0. 0. 0. 0. 0. 0. 0. 0. 0. 0. 0. 0. 0. 1. 1. 1. 0. 0. 0. 0. 1. 0. 1. 0. 0. 0.],7.0,best,1000,1000,100,0.9,0.5,0.9,0.5,0.9,5,0.67,1,7,,run_03,10
40,0.011721585415749684,0.170464,0.002903285199575144,0.516,0.879086497014382,1.139346183999632,[0.01633519 0.01144517 0.         0.         0.         0.         0.         0.         0.         0.         0.         0.         0.         0.         0.         0.         0.         0.         0.011126   0.0131113  0.011126   0.         0.         0.         0.         0.92573033 0.         0.011126   0.         0.         0.        ],[1. 1. 0. 0. 0. 0. 0. 0. 0. 0. 0. 0. 0. 0. 0. 0. 0. 0. 1. 1. 1. 0. 0. 0. 0. 1. 0. 1. 0. 0. 0.],7.0,best,1000,1000,100,0.9,0.5,0.9,0.5,0.9,5,0.67,1,7,,run_03,10
50,0.011721585415749684,0.170464,0.002903285199575144,0.52,0.8739345000207845,0.05352106283391202,[0.01633519 0.01144517 0.         0.         0.         0.         0.         0.         0.         0.         0.         0.         0.         0.         0.         0.         0.         0.         0.011126   0.0131113  0.011126   0.         0.         0.         0.         0.92573033 0.         0.011126   0.         0.         0.        ],[1. 1. 0. 0. 0. 0. 0. 0. 0. 0. 0. 0. 0. 0. 0. 0. 0. 0. 1. 1. 1. 0. 0. 0. 0. 1. 0. 1. 0. 0. 0.],7.0,best,1000,1000,100,0.9,0.5,0.9,0.5,0.9,5,0.67,1,7,,run_03,10
60,0.011721585415749684,0.170464,0.002903285199575144,0.524,0.8688126969536234,-10.573264412041151,[0.01633519 0.01144517 0.         0.         0.         0.         0.         0.         0.         0.         0.         0.         0.         0.         0.         0.         0.         0.         0.011126   0.0131113  0.011126   0.         0.         0.         0.         0.92573033 0.         0.011126   0.         0.         0.        ],[1. 1. 0. 0. 0. 0. 0. 0. 0. 0. 0. 0. 0. 0. 0. 0. 0. 0. 1. 1. 1. 0. 0. 0. 0. 1. 0. 1. 0. 0. 0.],7.0,best,1000,1000,100,0.9,0.5,0.9,0.5,0.9,5,0.67,1,7,,run_03,10
70,0.011721585415749684,0.170464,0.002903285199575144,0.528,0.8637209108575947,1.0770346879432873,[0.01633519 0.01144517 0.         0.         0.         0.         0.         0.         0.         0.         0.         0.         0.         0.         0.         0.         0.         0.         0.011126   0.0131113  0.011126   0.         0.         0.         0.         0.92573033 0.         0.011126   0.         0.         0.        ],[1. 1. 0. 0. 0. 0. 0. 0. 0. 0. 0. 0. 0. 0. 0. 0. 0. 0. 1. 1. 1. 0. 0. 0. 0. 1. 0. 1. 0. 0. 0.],7.0,best,1000,1000,100,0.9,0.5,0.9,0.5,0.9,5,0.67,1,7,,run_03,10
80,0.011721585415749684,0.170464,0.002903285199575144,0.532,0.8586589658144633,1.5950539651174196,[0.01633519 0.01144517 0.         0.         0.         0.         0.         0.         0.         0.         0.         0.         0.         0.         0.         0.         0.         0.         0.011126   0.0131113  0.011126   0.         0.         0.         0.         0.92573033 0.         0.011126   0.         0.         0.        ],[1. 1. 0. 0. 0. 0. 0. 0. 0. 0. 0. 0. 0. 0. 0. 0. 0. 0. 1. 1. 1. 0. 0. 0. 0. 1. 0. 1. 0. 0. 0.],7.0,best,1000,1000,100,0.9,0.5,0.9,0.5,0.9,5,0.67,1,7,,run_03,10
90,0.011721585415749684,0.170464,0.002903285199575144,0.536,0.8536266869369854,3.224760910875204,[0.01633519 0.01144517 0.         0.         0.         0.         0.         0.         0.         0.         0.         0.         0.         0.         0.         0.         0.         0.         0.011126   0.0131113  0.011126   0.         0.         0.         0.         0.92573033 0.         0.011126   0.         0.         0.        ],[1. 1. 0. 0. 0. 0. 0. 0. 0. 0. 0. 0. 0. 0. 0. 0. 0. 0. 1. 1. 1. 0. 0. 0. 0. 1. 0. 1. 0. 0. 0.],7.0,best,1000,1000,100,0.9,0.5,0.9,0.5,0.9,5,0.67,1,7,,run_03,10
100,0.011721585415749684,0.170464,0.002903285199575144,0.54,0.8486239003628652,0.8619480898684339,[0.01633519 0.01144517 0.         0.         0.         0.         0.         0.         0.         0.         0.         0.         0.         0.         0.         0.         0.         0.         0.011126   0.0131113  0.011126   0.         0.         0.         0.         0.92573033 0.         0.011126   0.         0.         0.        ],[1. 1. 0. 0. 0. 0. 0. 0. 0. 0. 0. 0. 0. 0. 0. 0. 0. 0. 1. 1. 1. 0. 0. 0. 0. 1. 0. 1. 0. 0. 0.],7.0,best,1000,1000,100,0.9,0.5,0.9,0.5,0.9,5,0.67,1,7,,run_03,10
110,0.011721585415749684,0.170464,0.002903285199575144,0.544,0.8436504332487491,0.5573306055604421,[0.01633519 0.01144517 0.         0.         0.         0.         0.         0.         0.         0.         0.         0.         0.         0.         0.         0.         0.         0.         0.011126   0.0131113  0.011126   0.         0.         0.         0.         0.92573033 0.         0.011126   0.         0.         0.        ],[1. 1. 0. 0. 0. 0. 0. 0. 0. 0. 0. 0. 0. 0. 0. 0. 0. 0. 1. 1. 1. 0. 0. 0. 0. 1. 0. 1. 0. 0. 0.],7.0,best,1000,1000,100,0.9,0.5,0.9,0.5,0.9,5,0.67,1,7,,run_03,10
120,0.011721585415749684,0.170464,0.002903285199575144,0.548,0.8387061137642541,-4.800466756312706,[0.01633519 0.01144517 0.         0.         0.         0.         0.         0.         0.         0.         0.         0.         0.         0.         0.         0.         0.         0.         0.011126   0.0131113  0.011126   0.         0.         0.         0.         0.92573033 0.         0.011126   0.         0.         0.        ],[1. 1. 0. 0. 0. 0. 0. 0. 0. 0. 0. 0. 0. 0. 0. 0. 0. 0. 1. 1. 1. 0. 0. 0. 0. 1. 0. 1. 0. 0. 0.],7.0,best,1000,1000,100,0.9,0.5,0.9,0.5,0.9,5,0.67,1,7,,run_03,10
130,0.011721585415749684,0.170464,0.002903285199575144,0.552,0.83379077108603,1.3781518610363896,[0.01633519 0.01144517 0.         0.         0.         0.         0.         0.         0.         0.         0.         0.         0.         0.         0.         0.         0.         0.         0.011126   0.0131113  0.011126   0.         0.         0.         0.         0.92573033 0.         0.011126   0.         0.         0.        ],[1. 1. 0. 0. 0. 0. 0. 0. 0. 0. 0. 0. 0. 0. 0. 0. 0. 0. 1. 1. 1. 0. 0. 0. 0. 1. 0. 1. 0. 0. 0.],7.0,best,1000,1000,100,0.9,0.5,0.9,0.5,0.9,5,0.67,1,7,,run_03,10
140,0.011721585415749684,0.170464,0.002903285199575144,0.556,0.828904235391859,-0.3960708218389978,[0.01633519 0.01144517 0.         0.         0.         0.         0.         0.         0.         0.         0.         0.         0.         0.         0.         0.         0.         0.         0.011126   0.0131113  0.011126   0.         0.         0.         0.         0.92573033 0.         0.011126   0.         0.         0.        ],[1. 1. 0. 0. 0. 0. 0. 0. 0. 0. 0. 0. 0. 0. 0. 0. 0. 0. 1. 1. 1. 0. 0. 0. 0. 1. 0. 1. 0. 0. 0.],7.0,best,1000,1000,100,0.9,0.5,0.9,0.5,0.9,5,0.67,1,7,,run_03,10
150,0.011721585415749684,0.170464,0.002903285199575144,0.56,0.8240463378547874,4.535904064354497,[0.01633519 0.01144517 0.         0.         0.         0.         0.         0.         0.         0.         0.         0.         0.         0.         0.         0.         0.         0.         0.011126   0.0131113  0.011126   0.         0.         0.         0.         0.92573033 0.         0.011126   0.         0.         0.        ],[1. 1. 0. 0. 0. 0. 0. 0. 0. 0. 0. 0. 0. 0. 0. 0. 0. 0. 1. 1. 1. 0. 0. 0. 0. 1. 0. 1. 0. 0. 0.],7.0,best,1000,1000,100,0.9,0.5,0.9,0.5,0.9,5,0.67,1,7,,run_03,10
160,0.011721585415749684,0.170464,0.002903285199575144,0.5640000000000001,0.8192169106372932,0.5998209093085246,[0.01633519 0.01144517 0.         0.         0.         0.         0.         0.         0.         0.         0.         0.         0.         0.         0.         0.         0.         0.         0.011126   0.0131113  0.011126   0.         0.         0.         0.         0.92573033 0.         0.011126   0.         0.         0.        ],[1. 1. 0. 0. 0. 0. 0. 0. 0. 0. 0. 0. 0. 0. 0. 0. 0. 0. 1. 1. 1. 0. 0. 0. 0. 1. 0. 1. 0. 0. 0.],7.0,best,1000,1000,100,0.9,0.5,0.9,0.5,0.9,5,0.67,1,7,,run_03,10
170,0.011721585415749684,0.170464,0.002903285199575144,0.5680000000000001,0.8144157868854872,0.405515024916446,[0.01633519 0.01144517 0.         0.         0.         0.         0.         0.         0.         0.         0.         0.         0.         0.         0.         0.         0.         0.         0.011126   0.0131113  0.011126   0.         0.         0.         0.         0.92573033 0.         0.011126   0.         0.         0.        ],[1. 1. 0. 0. 0. 0. 0. 0. 0. 0. 0. 0. 0. 0. 0. 0. 0. 0. 1. 1. 1. 0. 0. 0. 0. 1. 0. 1. 0. 0. 0.],7.0,best,1000,1000,100,0.9,0.5,0.9,0.5,0.9,5,0.67,1,7,,run_03,10
180,0.011721585415749684,0.170464,0.002903285199575144,0.5720000000000001,0.8096428007233489,-1.3270225070413966,[0.01633519 0.01144517 0.         0.         0.         0.         0.         0.         0.         0.         0.         0.         0.         0.         0.         0.         0.         0.         0.011126   0.0131113  0.011126   0.         0.         0.         0.         0.92573033 0.         0.011126   0.         0.         0.        ],[1. 1. 0. 0. 0. 0. 0. 0. 0. 0. 0. 0. 0. 0. 0. 0. 0. 0. 1. 1. 1. 0. 0. 0. 0. 1. 0. 1. 0. 0. 0.],7.0,best,1000,1000,100,0.9,0.5,0.9,0.5,0.9,5,0.67,1,7,,run_03,10
190,0.011721585415749684,0.170464,0.002903285199575144,0.576,0.8048977872469943,-0.044726048982571036,[0.01633519 0.01144517 0.         0.         0.         0.         0.         0.         0.         0.         0.         0.         0.         0.         0.         0.         0.         0.         0.011126   0.0131113  0.011126   0.         0.         0.         0.         0.92573033 0.         0.011126   0.         0.         0.        ],[1. 1. 0. 0. 0. 0. 0. 0. 0. 0. 0. 0. 0. 0. 0. 0. 0. 0. 1. 1. 1. 0. 0. 0. 0. 1. 0. 1. 0. 0. 0.],7.0,best,1000,1000,100,0.9,0.5,0.9,0.5,0.9,5,0.67,1,7,,run_03,10
200,0.011721585415749684,0.170464,0.002903285199575144,0.58,0.80018058251898,-1.3414851929976916,[0.01633519 0.01144517 0.         0.         0.         0.         0.         0.         0.         0.         0.         0.         0.         0.         0.         0.         0.         0.         0.011126   0.0131113  0.011126   0.         0.         0.         0.         0.92573033 0.         0.011126   0.         0.         0.        ],[1. 1. 0. 0. 0. 0. 0. 0. 0. 0. 0. 0. 0. 0. 0. 0. 0. 0. 1. 1. 1. 0. 0. 0. 0. 1. 0. 1. 0. 0. 0.],7.0,best,1000,1000,100,0.9,0.5,0.9,0.5,0.9,5,0.67,1,7,,run_03,10
210,0.011721585415749684,0.170464,0.002903285199575144,0.584,0.7954910235626383,-1.9889269044843731,[0.01633519 0.01144517 0.         0.         0.         0.         0.         0.         0.         0.         0.         0.         0.         0.         0.         0.         0.         0.         0.011126   0.0131113  0.011126   0.         0.         0.         0.         0.92573033 0.         0.011126   0.         0.         0.        ],[1. 1. 0. 0. 0. 0. 0. 0. 0. 0. 0. 0. 0. 0. 0. 0. 0. 0. 1. 1. 1. 0. 0. 0. 0. 1. 0. 1. 0. 0. 0.],7.0,best,1000,1000,100,0.9,0.5,0.9,0.5,0.9,5,0.67,1,7,,run_03,10
220,0.011721585415749684,0.170464,0.002903285199575144,0.588,0.7908289483564468,-5.584367499065394,[0.01633519 0.01144517 0.         0.         0.         0.         0.         0.         0.         0.         0.         0.         0.         0.         0.         0.         0.         0.         0.011126   0.0131113  0.011126   0.         0.         0.         0.         0.92573033 0.         0.011126   0.         0.         0.        ],[1. 1. 0. 0. 0. 0. 0. 0. 0. 0. 0. 0. 0. 0. 0. 0. 0. 0. 1. 1. 1. 0. 0. 0. 0. 1. 0. 1. 0. 0. 0.],7.0,best,1000,1000,100,0.9,0.5,0.9,0.5,0.9,5,0.67,1,7,,run_03,10
230,0.011721585415749684,0.170464,0.002903285199575144,0.592,0.7861941958284306,-2.0036310132976936,[0.01633519 0.01144517 0.         0.         0.         0.         0.         0.         0.         0.         0.         0.         0.         0.         0.         0.         0.         0.         0.011126   0.0131113  0.011126   0.         0.         0.         0.         0.92573033 0.         0.011126   0.         0.         0.        ],[1. 1. 0. 0. 0. 0. 0. 0. 0. 0. 0. 0. 0. 0. 0. 0. 0. 0. 1. 1. 1. 0. 0. 0. 0. 1. 0. 1. 0. 0. 0.],7.0,best,1000,1000,100,0.9,0.5,0.9,0.5,0.9,5,0.67,1,7,,run_03,10
240,0.011721585415749684,0.170464,0.002903285199575144,0.596,0.7815866058505976,-2.7113377093111066,[0.01633519 0.01144517 0.         0.         0.         0.         0.         0.         0.         0.         0.         0.         0.         0.         0.         0.         0.         0.         0.011126   0.0131113  0.011126   0.         0.         0.         0.         0.92573033 0.         0.011126   0.         0.         0.        ],[1. 1. 0. 0. 0. 0. 0. 0. 0. 0. 0. 0. 0. 0. 0. 0. 0. 0. 1. 1. 1. 0. 0. 0. 0. 1. 0. 1. 0. 0. 0.],7.0,best,1000,1000,100,0.9,0.5,0.9,0.5,0.9,5,0.67,1,7,,run_03,10
250,0.011721585415749684,0.170464,0.002903285199575144,0.6,0.7770060192334055,3.5506611645776043,[0.01633519 0.01144517 0.         0.         0.         0.         0.         0.         0.         0.         0.         0.         0.         0.         0.         0.         0.         0.         0.011126   0.0131113  0.011126   0.         0.         0.         0.         0.92573033 0.         0.011126   0.         0.         0.        ],[1. 1. 0. 0. 0. 0. 0. 0. 0. 0. 0. 0. 0. 0. 0. 0. 0. 0. 1. 1. 1. 0. 0. 0. 0. 1. 0. 1. 0. 0. 0.],7.0,best,1000,1000,100,0.9,0.5,0.9,0.5,0.9,5,0.67,1,7,,run_03,10
260,0.011721585415749684,0.170464,0.002903285199575144,0.604,0.7724522777202627,2.9928496337112582,[0.01633519 0.01144517 0.         0.         0.         0.         0.         0.         0.         0.         0.         0.         0.         0.         0.         0.         0.         0.         0.011126   0.0131113  0.011126   0.         0.         0.         0.         0.92573033 0.         0.011126   0.         0.         0.        ],[1. 1. 0. 0. 0. 0. 0. 0. 0. 0. 0. 0. 0. 0. 0. 0. 0. 0. 1. 1. 1. 0. 0. 0. 0. 1. 0. 1. 0. 0. 0.],7.0,best,1000,1000,100,0.9,0.5,0.9,0.5,0.9,5,0.67,1,7,,run_03,10
270,0.011721585415749684,0.170464,0.002903285199575144,0.608,0.7679252239820602,-0.932738084175239,[0.01633519 0.01144517 0.         0.         0.         0.         0.         0.         0.         0.         0.         0.         0.         0.         0.         0.         0.         0.         0.011126   0.0131113  0.011126   0.         0.         0.         0.         0.92573033 0.         0.011126   0.         0.         0.        ],[1. 1. 0. 0. 0. 0. 0. 0. 0. 0. 0. 0. 0. 0. 0. 0. 0. 0. 1. 1. 1. 0. 0. 0. 0. 1. 0. 1. 0. 0. 0.],7.0,best,1000,1000,100,0.9,0.5,0.9,0.5,0.9,5,0.67,1,7,,run_03,10
280,0.011721585415749684,0.170464,0.002903285199575144,0.612,0.7634247016117359,0.05692914583252108,[0.01633519 0.01144517 0.         0.         0.         0.         0.         0.         0.         0.         0.         0.         0.         0.         0.         0.         0.         0.         0.011126   0.0131113  0.011126   0.         0.         0.         0.         0.92573033 0.         0.011126   0.         0.         0.        ],[1. 1. 0. 0. 0. 0. 0. 0. 0. 0. 0. 0. 0. 0. 0. 0. 0. 0. 1. 1. 1. 0. 0. 0. 0. 1. 0. 1. 0. 0. 0.],7.0,best,1000,1000,100,0.9,0.5,0.9,0.5,0.9,5,0.67,1,7,,run_03,10
290,0.008689229226672597,0.159869,0.002461081503791085,0.616,0.758950555118871,1.2142949164928216,[0.         0.01201543 0.         0.         0.93107471 0.         0.         0.         0.01101062 0.         0.         0.         0.         0.         0.         0.         0.01117544 0.         0.         0.         0.         0.         0.         0.         0.         0.01270257 0.         0.01101062 0.         0.         0.01101062],[0. 1. 0. 0. 1. 0. 0. 0. 1. 0. 0. 0. 0. 0. 0. 0. 1. 0. 0. 0. 0. 0. 0. 0. 0. 1. 0. 1. 0. 0. 1.],7.0,best,1000,1000,100,0.9,0.5,0.9,0.5,0.9,5,0.67,1,7,,run_03,10
300,0.008689229226672597,0.159869,0.002461081503791085,0.62,0.754502629924318,-1.5916381336139622,[0.         0.01201543 0.         0.         0.93107471 0.         0.         0.         0.01101062 0.         0.         0.         0.         0.         0.         0.         0.01117544 0.         0.         0.         0.         0.         0.         0.         0.         0.01270257 0.         0.01101062 0.         0.         0.01101062],[0. 1. 0. 0. 1. 0. 0. 0. 1. 0. 0. 0. 0. 0. 0. 0. 1. 0. 0. 0. 0. 0. 0. 0. 0. 1. 0. 1. 0. 0. 1.],7.0,best,1000,1000,100,0.9,0.5,0.9,0.5,0.9,5,0.67,1,7,,run_03,10
310,0.008689229226672597,0.159869,0.002461081503791085,0.624,0.7500807723548599,-0.2681866966527085,[0.         0.01201543 0.         0.         0.93107471 0.         0.         0.         0.01101062 0.         0.         0.         0.         0.         0.         0.         0.01117544 0.         0.         0.         0.         0.         0.         0.         0.         0.01270257 0.         0.01101062 0.         0.         0.01101062],[0. 1. 0. 0. 1. 0. 0. 0. 1. 0. 0. 0. 0. 0. 0. 0. 1. 0. 0. 0. 0. 0. 0. 0. 0. 1. 0. 1. 0. 0. 1.],7.0,best,1000,1000,100,0.9,0.5,0.9,0.5,0.9,5,0.67,1,7,,run_03,10
320,0.008689229226672597,0.159869,0.002461081503791085,0.628,0.7456848296379008,-1.870955460281488,[0.         0.01201543 0.         0.         0.93107471 0.         0.         0.         0.01101062 0.         0.         0.         0.         0.         0.         0.         0.01117544 0.         0.         0.         0.         0.         0.         0.         0.         0.01270257 0.         0.01101062 0.         0.         0.01101062],[0. 1. 0. 0. 1. 0. 0. 0. 1. 0. 0. 0. 0. 0. 0. 0. 1. 0. 0. 0. 0. 0. 0. 0. 0. 1. 0. 1. 0. 0. 1.],7.0,best,1000,1000,100,0.9,0.5,0.9,0.5,0.9,5,0.67,1,7,,run_03,10
330,0.008689229226672597,0.159869,0.002461081503791085,0.632,0.7413146498961878,1.6394854406755766,[0.         0.01201543 0.         0.         0.93107471 0.         0.         0.         0.01101062 0.         0.         0.         0.         0.         0.         0.         0.01117544 0.         0.         0.         0.         0.         0.         0.         0.         0.01270257 0.         0.01101062 0.         0.         0.01101062],[0. 1. 0. 0. 1. 0. 0. 0. 1. 0. 0. 0. 0. 0. 0. 0. 1. 0. 0. 0. 0. 0. 0. 0. 0. 1. 0. 1. 0. 0. 1.],7.0,best,1000,1000,100,0.9,0.5,0.9,0.5,0.9,5,0.67,1,7,,run_03,10
340,0.008689229226672597,0.159869,0.002461081503791085,0.636,0.7369700821425638,-1.2446199487285594,[0.         0.01201543 0.         0.         0.93107471 0.         0.         0.         0.01101062 0.         0.         0.         0.         0.         0.         0.         0.01117544 0.         0.         0.         0.         0.         0.         0.         0.         0.01270257 0.         0.01101062 0.         0.         0.01101062],[0. 1. 0. 0. 1. 0. 0. 0. 1. 0. 0. 0. 0. 0. 0. 0. 1. 0. 0. 0. 0. 0. 0. 0. 0. 1. 0. 1. 0. 0. 1.],7.0,best,1000,1000,100,0.9,0.5,0.9,0.5,0.9,5,0.67,1,7,,run_03,10
350,0.008689229226672597,0.159869,0.002461081503791085,0.64,0.7326509762747511,4.4885609165047695,[0.         0.01201543 0.         0.         0.93107471 0.         0.         0.         0.01101062 0.         0.         0.         0.         0.         0.         0.         0.01117544 0.         0.         0.         0.         0.         0.         0.         0.         0.01270257 0.         0.01101062 0.         0.         0.01101062],[0. 1. 0. 0. 1. 0. 0. 0. 1. 0. 0. 0. 0. 0. 0. 0. 1. 0. 0. 0. 0. 0. 0. 0. 0. 1. 0. 1. 0. 0. 1.],7.0,best,1000,1000,100,0.9,0.5,0.9,0.5,0.9,5,0.67,1,7,,run_03,10
360,0.008689229226672597,0.159869,0.002461081503791085,0.644,0.7283571830701648,2.548044723968561,[0.         0.01201543 0.         0.         0.93107471 0.         0.         0.         0.01101062 0.         0.         0.         0.         0.         0.         0.         0.01117544 0.         0.         0.         0.         0.         0.         0.         0.         0.01270257 0.         0.01101062 0.         0.         0.01101062],[0. 1. 0. 0. 1. 0. 0. 0. 1. 0. 0. 0. 0. 0. 0. 0. 1. 0. 0. 0. 0. 0. 0. 0. 0. 1. 0. 1. 0. 0. 1.],7.0,best,1000,1000,100,0.9,0.5,0.9,0.5,0.9,5,0.67,1,7,,run_03,10
370,0.008689229226672597,0.159869,0.002461081503791085,0.648,0.7240885541807586,-1.3814696225781486,[0.         0.01201543 0.         0.         0.93107471 0.         0.         0.         0.01101062 0.         0.         0.         0.         0.         0.         0.         0.01117544 0.         0.         0.         0.         0.         0.         0.         0.         0.01270257 0.         0.01101062 0.         0.         0.01101062],[0. 1. 0. 0. 1. 0. 0. 0. 1. 0. 0. 0. 0. 0. 0. 0. 1. 0. 0. 0. 0. 0. 0. 0. 0. 1. 0. 1. 0. 0. 1.],7.0,best,1000,1000,100,0.9,0.5,0.9,0.5,0.9,5,0.67,1,7,,run_03,10
380,0.008689229226672597,0.159869,0.002461081503791085,0.652,0.7198449421278975,4.886121677617901,[0.         0.01201543 0.         0.         0.93107471 0.         0.         0.         0.01101062 0.         0.         0.         0.         0.         0.         0.         0.01117544 0.         0.         0.         0.         0.         0.         0.         0.         0.01270257 0.         0.01101062 0.         0.         0.01101062],[0. 1. 0. 0. 1. 0. 0. 0. 1. 0. 0. 0. 0. 0. 0. 0. 1. 0. 0. 0. 0. 0. 0. 0. 0. 1. 0. 1. 0. 0. 1.],7.0,best,1000,1000,100,0.9,0.5,0.9,0.5,0.9,5,0.67,1,7,,run_03,10
390,0.008689229226672597,0.159869,0.002461081503791085,0.656,0.7156262002972644,3.5192150755201714,[0.         0.01201543 0.         0.         0.93107471 0.         0.         0.         0.01101062 0.         0.         0.         0.         0.         0.         0.         0.01117544 0.         0.         0.         0.         0.         0.         0.         0.         0.01270257 0.         0.01101062 0.         0.         0.01101062],[0. 1. 0. 0. 1. 0. 0. 0. 1. 0. 0. 0. 0. 0. 0. 0. 1. 0. 0. 0. 0. 0. 0. 0. 0. 1. 0. 1. 0. 0. 1.],7.0,best,1000,1000,100,0.9,0.5,0.9,0.5,0.9,5,0.67,1,7,,run_03,10
400,0.008689229226672597,0.159869,0.002461081503791085,0.66,0.7114321829337936,1.6966181944210963,[0.         0.01201543 0.         0.         0.93107471 0.         0.         0.         0.01101062 0.         0.         0.         0.         0.         0.         0.         0.01117544 0.         0.         0.         0.         0.         0.         0.         0.         0.01270257 0.         0.01101062 0.         0.         0.01101062],[0. 1. 0. 0. 1. 0. 0. 0. 1. 0. 0. 0. 0. 0. 0. 0. 1. 0. 0. 0. 0. 0. 0. 0. 0. 1. 0. 1. 0. 0. 1.],7.0,best,1000,1000,100,0.9,0.5,0.9,0.5,0.9,5,0.67,1,7,,run_03,10
410,0.008689229226672597,0.159869,0.002461081503791085,0.664,0.7072627451366351,0.37345030235250964,[0.         0.01201543 0.         0.         0.93107471 0.         0.         0.         0.01101062 0.         0.         0.         0.         0.         0.         0.         0.01117544 0.         0.         0.         0.         0.         0.         0.         0.         0.01270257 0.         0.01101062 0.         0.         0.01101062],[0. 1. 0. 0. 1. 0. 0. 0. 1. 0. 0. 0. 0. 0. 0. 0. 1. 0. 0. 0. 0. 0. 0. 0. 0. 1. 0. 1. 0. 0. 1.],7.0,best,1000,1000,100,0.9,0.5,0.9,0.5,0.9,5,0.67,1,7,,run_03,10
420,0.008689229226672597,0.159869,0.002461081503791085,0.668,0.7031177428541489,2.1996751466169897,[0.         0.01201543 0.         0.         0.93107471 0.         0.         0.         0.01101062 0.         0.         0.         0.         0.         0.         0.         0.01117544 0.         0.         0.         0.         0.         0.         0.         0.         0.01270257 0.         0.01101062 0.         0.         0.01101062],[0. 1. 0. 0. 1. 0. 0. 0. 1. 0. 0. 0. 0. 0. 0. 0. 1. 0. 0. 0. 0. 0. 0. 0. 0. 1. 0. 1. 0. 0. 1.],7.0,best,1000,1000,100,0.9,0.5,0.9,0.5,0.9,5,0.67,1,7,,run_03,10
430,0.008689229226672597,0.159869,0.002461081503791085,0.672,0.6989970328789274,-2.695122473598901,[0.         0.01201543 0.         0.         0.93107471 0.         0.         0.         0.01101062 0.         0.         0.         0.         0.         0.         0.         0.01117544 0.         0.         0.         0.         0.         0.         0.         0.         0.01270257 0.         0.01101062 0.         0.         0.01101062],[0. 1. 0. 0. 1. 0. 0. 0. 1. 0. 0. 0. 0. 0. 0. 0. 1. 0. 0. 0. 0. 0. 0. 0. 0. 1. 0. 1. 0. 0. 1.],7.0,best,1000,1000,100,0.9,0.5,0.9,0.5,0.9,5,0.67,1,7,,run_03,10
440,0.008689229226672597,0.159869,0.002461081503791085,0.676,0.6949004728428485,1.3332908348108046,[0.         0.01201543 0.         0.         0.93107471 0.         0.         0.         0.01101062 0.         0.         0.         0.         0.         0.         0.         0.01117544 0.         0.         0.         0.         0.         0.         0.         0.         0.01270257 0.         0.01101062 0.         0.         0.01101062],[0. 1. 0. 0. 1. 0. 0. 0. 1. 0. 0. 0. 0. 0. 0. 0. 1. 0. 0. 0. 0. 0. 0. 0. 0. 1. 0. 1. 0. 0. 1.],7.0,best,1000,1000,100,0.9,0.5,0.9,0.5,0.9,5,0.67,1,7,,run_03,10
450,0.008689229226672597,0.159869,0.002461081503791085,0.68,0.6908279212121557,0.05354118440115768,[0.         0.01201543 0.         0.         0.93107471 0.         0.         0.         0.01101062 0.         0.         0.         0.         0.         0.         0.         0.01117544 0.         0.         0.         0.         0.         0.         0.         0.         0.01270257 0.         0.01101062 0.         0.         0.01101062],[0. 1. 0. 0. 1. 0. 0. 0. 1. 0. 0. 0. 0. 0. 0. 0. 1. 0. 0. 0. 0. 0. 0. 0. 0. 1. 0. 1. 0. 0. 1.],7.0,best,1000,1000,100,0.9,0.5,0.9,0.5,0.9,5,0.67,1,7,,run_03,10
460,0.008689229226672597,0.159869,0.002461081503791085,0.6839999999999999,0.6867792372825697,0.3407326806075543,[0.         0.01201543 0.         0.         0.93107471 0.         0.         0.         0.01101062 0.         0.         0.         0.         0.         0.         0.         0.01117544 0.         0.         0.         0.         0.         0.         0.         0.         0.01270257 0.         0.01101062 0.         0.         0.01101062],[0. 1. 0. 0. 1. 0. 0. 0. 1. 0. 0. 0. 0. 0. 0. 0. 1. 0. 0. 0. 0. 0. 0. 0. 0. 1. 0. 1. 0. 0. 1.],7.0,best,1000,1000,100,0.9,0.5,0.9,0.5,0.9,5,0.67,1,7,,run_03,10
470,0.008689229226672597,0.159869,0.002461081503791085,0.688,0.6827542811744257,2.768437291007398,[0.         0.01201543 0.         0.         0.93107471 0.         0.         0.         0.01101062 0.         0.         0.         0.         0.         0.         0.         0.01117544 0.         0.         0.         0.         0.         0.         0.         0.         0.01270257 0.         0.01101062 0.         0.         0.01101062],[0. 1. 0. 0. 1. 0. 0. 0. 1. 0. 0. 0. 0. 0. 0. 0. 1. 0. 0. 0. 0. 0. 0. 0. 0. 1. 0. 1. 0. 0. 1.],7.0,best,1000,1000,100,0.9,0.5,0.9,0.5,0.9,5,0.67,1,7,,run_03,10
480,0.008689229226672597,0.159869,0.002461081503791085,0.692,0.6787529138278415,3.9116165117599913,[0.         0.01201543 0.         0.         0.93107471 0.         0.         0.         0.01101062 0.         0.         0.         0.         0.         0.         0.         0.01117544 0.         0.         0.         0.         0.         0.         0.         0.         0.01270257 0.         0.01101062 0.         0.         0.01101062],[0. 1. 0. 0. 1. 0. 0. 0. 1. 0. 0. 0. 0. 0. 0. 0. 1. 0. 0. 0. 0. 0. 0. 0. 0. 1. 0. 1. 0. 0. 1.],7.0,best,1000,1000,100,0.9,0.5,0.9,0.5,0.9,5,0.67,1,7,,run_03,10
490,0.008689229226672597,0.159869,0.002461081503791085,0.696,0.6747749969979128,7.029190111314821,[0.         0.01201543 0.         0.         0.93107471 0.         0.         0.         0.01101062 0.         0.         0.         0.         0.         0.         0.         0.01117544 0.         0.         0.         0.         0.         0.         0.         0.         0.01270257 0.         0.01101062 0.         0.         0.01101062],[0. 1. 0. 0. 1. 0. 0. 0. 1. 0. 0. 0. 0. 0. 0. 0. 1. 0. 0. 0. 0. 0. 0. 0. 0. 1. 0. 1. 0. 0. 1.],7.0,best,1000,1000,100,0.9,0.5,0.9,0.5,0.9,5,0.67,1,7,,run_03,10
500,0.008689229226672597,0.159869,0.002461081503791085,0.7,0.6708203932499369,0.17512952759468192,[0.         0.01201543 0.         0.         0.93107471 0.         0.         0.         0.01101062 0.         0.         0.         0.         0.         0.         0.         0.01117544 0.         0.         0.         0.         0.         0.         0.         0.         0.01270257 0.         0.01101062 0.         0.         0.01101062],[0. 1. 0. 0. 1. 0. 0. 0. 1. 0. 0. 0. 0. 0. 0. 0. 1. 0. 0. 0. 0. 0. 0. 0. 0. 1. 0. 1. 0. 0. 1.],7.0,best,1000,1000,100,0.9,0.5,0.9,0.5,0.9,5,0.67,1,7,,run_03,10
510,0.008689229226672597,0.159869,0.002461081503791085,0.704,0.6668889659546647,0.14335665286789673,[0.         0.01201543 0.         0.         0.93107471 0.         0.         0.         0.01101062 0.         0.         0.         0.         0.         0.         0.         0.01117544 0.         0.         0.         0.         0.         0.         0.         0.         0.01270257 0.         0.01101062 0.         0.         0.01101062],[0. 1. 0. 0. 1. 0. 0. 0. 1. 0. 0. 0. 0. 0. 0. 0. 1. 0. 0. 0. 0. 0. 0. 0. 0. 1. 0. 1. 0. 0. 1.],7.0,best,1000,1000,100,0.9,0.5,0.9,0.5,0.9,5,0.67,1,7,,run_03,10
520,0.008689229226672597,0.159869,0.002461081503791085,0.708,0.6629805792835798,-0.11552653340381273,[0.         0.01201543 0.         0.         0.93107471 0.         0.         0.         0.01101062 0.         0.         0.         0.         0.         0.         0.         0.01117544 0.         0.         0.         0.         0.         0.         0.         0.         0.01270257 0.         0.01101062 0.         0.         0.01101062],[0. 1. 0. 0. 1. 0. 0. 0. 1. 0. 0. 0. 0. 0. 0. 0. 1. 0. 0. 0. 0. 0. 0. 0. 0. 1. 0. 1. 0. 0. 1.],7.0,best,1000,1000,100,0.9,0.5,0.9,0.5,0.9,5,0.67,1,7,,run_03,10
530,0.008689229226672597,0.159869,0.002461081503791085,0.712,0.6590950982042059,0.018024308536190685,[0.         0.01201543 0.         0.         0.93107471 0.         0.         0.         0.01101062 0.         0.         0.         0.         0.         0.         0.         0.01117544 0.         0.         0.         0.         0.         0.         0.         0.         0.01270257 0.         0.01101062 0.         0.         0.01101062],[0. 1. 0. 0. 1. 0. 0. 0. 1. 0. 0. 0. 0. 0. 0. 0. 1. 0. 0. 0. 0. 0. 0. 0. 0. 1. 0. 1. 0. 0. 1.],7.0,best,1000,1000,100,0.9,0.5,0.9,0.5,0.9,5,0.67,1,7,,run_03,10
540,0.008689229226672597,0.159869,0.002461081503791085,0.716,0.6552323884754414,0.7348689066045284,[0.         0.01201543 0.         0.         0.93107471 0.         0.         0.         0.01101062 0.         0.         0.         0.         0.         0.         0.         0.01117544 0.         0.         0.         0.         0.         0.         0.         0.         0.01270257 0.         0.01101062 0.         0.         0.01101062],[0. 1. 0. 0. 1. 0. 0. 0. 1. 0. 0. 0. 0. 0. 0. 0. 1. 0. 0. 0. 0. 0. 0. 0. 0. 1. 0. 1. 0. 0. 1.],7.0,best,1000,1000,100,0.9,0.5,0.9,0.5,0.9,5,0.67,1,7,,run_03,10
550,0.008689229226672597,0.159869,0.002461081503791085,0.72,0.651392316642922,-1.7085568966310074,[0.         0.01201543 0.         0.         0.93107471 0.         0.         0.         0.01101062 0.         0.         0.         0.         0.         0.         0.         0.01117544 0.         0.         0.         0.         0.         0.         0.         0.         0.01270257 0.         0.01101062 0.         0.         0.01101062],[0. 1. 0. 0. 1. 0. 0. 0. 1. 0. 0. 0. 0. 0. 0. 0. 1. 0. 0. 0. 0. 0. 0. 0. 0. 1. 0. 1. 0. 0. 1.],7.0,best,1000,1000,100,0.9,0.5,0.9,0.5,0.9,5,0.67,1,7,,run_03,10
560,0.008689229226672597,0.159869,0.002461081503791085,0.724,0.6475747500344088,0.5891701784286215,[0.         0.01201543 0.         0.         0.93107471 0.         0.         0.         0.01101062 0.         0.         0.         0.         0.         0.         0.         0.01117544 0.         0.         0.         0.         0.         0.         0.         0.         0.01270257 0.         0.01101062 0.         0.         0.01101062],[0. 1. 0. 0. 1. 0. 0. 0. 1. 0. 0. 0. 0. 0. 0. 0. 1. 0. 0. 0. 0. 0. 0. 0. 0. 1. 0. 1. 0. 0. 1.],7.0,best,1000,1000,100,0.9,0.5,0.9,0.5,0.9,5,0.67,1,7,,run_03,10
570,0.008689229226672597,0.159869,0.002461081503791085,0.728,0.643779556755206,-2.03988294687045,[0.         0.01201543 0.         0.         0.93107471 0.         0.         0.         0.01101062 0.         0.         0.         0.         0.         0.         0.         0.01117544 0.         0.         0.         0.         0.         0.         0.         0.         0.01270257 0.         0.01101062 0.         0.         0.01101062],[0. 1. 0. 0. 1. 0. 0. 0. 1. 0. 0. 0. 0. 0. 0. 0. 1. 0. 0. 0. 0. 0. 0. 0. 0. 1. 0. 1. 0. 0. 1.],7.0,best,1000,1000,100,0.9,0.5,0.9,0.5,0.9,5,0.67,1,7,,run_03,10
580,0.008689229226672597,0.159869,0.002461081503791085,0.732,0.6400066056836028,-1.017537422872108,[0.         0.01201543 0.         0.         0.93107471 0.         0.         0.         0.01101062 0.         0.         0.         0.         0.         0.         0.         0.01117544 0.         0.         0.         0.         0.         0.         0.         0.         0.01270257 0.         0.01101062 0.         0.         0.01101062],[0. 1. 0. 0. 1. 0. 0. 0. 1. 0. 0. 0. 0. 0. 0. 0. 1. 0. 0. 0. 0. 0. 0. 0. 0. 1. 0. 1. 0. 0. 1.],7.0,best,1000,1000,100,0.9,0.5,0.9,0.5,0.9,5,0.67,1,7,,run_03,10
590,0.008689229226672597,0.159869,0.002461081503791085,0.736,0.6362557664663436,0.5481509307784308,[0.         0.01201543 0.         0.         0.93107471 0.         0.         0.         0.01101062 0.         0.         0.         0.         0.         0.         0.         0.01117544 0.         0.         0.         0.         0.         0.         0.         0.         0.01270257 0.         0.01101062 0.         0.         0.01101062],[0. 1. 0. 0. 1. 0. 0. 0. 1. 0. 0. 0. 0. 0. 0. 0. 1. 0. 0. 0. 0. 0. 0. 0. 0. 1. 0. 1. 0. 0. 1.],7.0,best,1000,1000,100,0.9,0.5,0.9,0.5,0.9,5,0.67,1,7,,run_03,10
600,0.008689229226672597,0.159869,0.002461081503791085,0.74,0.632526909514125,-0.7028716811722772,[0.         0.01201543 0.         0.         0.93107471 0.         0.         0.         0.01101062 0.         0.         0.         0.         0.         0.         0.         0.01117544 0.         0.         0.         0.         0.         0.         0.         0.         0.01270257 0.         0.01101062 0.         0.         0.01101062],[0. 1. 0. 0. 1. 0. 0. 0. 1. 0. 0. 0. 0. 0. 0. 0. 1. 0. 0. 0. 0. 0. 0. 0. 0. 1. 0. 1. 0. 0. 1.],7.0,best,1000,1000,100,0.9,0.5,0.9,0.5,0.9,5,0.67,1,7,,run_03,10
610,0.008689229226672597,0.159869,0.002461081503791085,0.744,0.6288199059971173,-0.3320539932075393,[0.         0.01201543 0.         0.         0.93107471 0.         0.         0.         0.01101062 0.         0.         0.         0.         0.         0.         0.         0.01117544 0.         0.         0.         0.         0.         0.         0.         0.         0.01270257 0.         0.01101062 0.         0.         0.01101062],[0. 1. 0. 0. 1. 0. 0. 0. 1. 0. 0. 0. 0. 0. 0. 0. 1. 0. 0. 0. 0. 0. 0. 0. 0. 1. 0. 1. 0. 0. 1.],7.0,best,1000,1000,100,0.9,0.5,0.9,0.5,0.9,5,0.67,1,7,,run_03,10
620,0.008689229226672597,0.159869,0.002461081503791085,0.748,0.6251346278405147,-2.237189518412333,[0.         0.01201543 0.         0.         0.93107471 0.         0.         0.         0.01101062 0.         0.         0.         0.         0.         0.         0.         0.01117544 0.         0.         0.         0.         0.         0.         0.         0.         0.01270257 0.         0.01101062 0.         0.         0.01101062],[0. 1. 0. 0. 1. 0. 0. 0. 1. 0. 0. 0. 0. 0. 0. 0. 1. 0. 0. 0. 0. 0. 0. 0. 0. 1. 0. 1. 0. 0. 1.],7.0,best,1000,1000,100,0.9,0.5,0.9,0.5,0.9,5,0.67,1,7,,run_03,10
630,0.008689229226672597,0.159869,0.002461081503791085,0.752,0.6214709477201097,2.5929751880770624,[0.         0.01201543 0.         0.         0.93107471 0.         0.         0.         0.01101062 0.         0.         0.         0.         0.         0.         0.         0.01117544 0.         0.         0.         0.         0.         0.         0.         0.         0.01270257 0.         0.01101062 0.         0.         0.01101062],[0. 1. 0. 0. 1. 0. 0. 0. 1. 0. 0. 0. 0. 0. 0. 0. 1. 0. 0. 0. 0. 0. 0. 0. 0. 1. 0. 1. 0. 0. 1.],7.0,best,1000,1000,100,0.9,0.5,0.9,0.5,0.9,5,0.67,1,7,,run_03,10
640,0.008689229226672597,0.159869,0.002461081503791085,0.756,0.6178287390578946,0.8793920782455779,[0.         0.01201543 0.         0.         0.93107471 0.         0.         0.         0.01101062 0.         0.         0.         0.         0.         0.         0.         0.01117544 0.         0.         0.         0.         0.         0.         0.         0.         0.01270257 0.         0.01101062 0.         0.         0.01101062],[0. 1. 0. 0. 1. 0. 0. 0. 1. 0. 0. 0. 0. 0. 0. 0. 1. 0. 0. 0. 0. 0. 0. 0. 0. 1. 0. 1. 0. 0. 1.],7.0,best,1000,1000,100,0.9,0.5,0.9,0.5,0.9,5,0.67,1,7,,run_03,10
650,0.008689229226672597,0.159869,0.002461081503791085,0.76,0.6142078760176877,4.735968582021004,[0.         0.01201543 0.         0.         0.93107471 0.         0.         0.         0.01101062 0.         0.         0.         0.         0.         0.         0.         0.01117544 0.         0.         0.         0.         0.         0.         0.         0.         0.01270257 0.         0.01101062 0.         0.         0.01101062],[0. 1. 0. 0. 1. 0. 0. 0. 1. 0. 0. 0. 0. 0. 0. 0. 1. 0. 0. 0. 0. 0. 0. 0. 0. 1. 0. 1. 0. 0. 1.],7.0,best,1000,1000,100,0.9,0.5,0.9,0.5,0.9,5,0.67,1,7,,run_03,10
660,0.008689229226672597,0.159869,0.002461081503791085,0.764,0.6106082335007861,-3.9500395096283962,[0.         0.01201543 0.         0.         0.93107471 0.         0.         0.         0.01101062 0.         0.         0.         0.         0.         0.         0.         0.01117544 0.         0.         0.         0.         0.         0.         0.         0.         0.01270257 0.         0.01101062 0.         0.         0.01101062],[0. 1. 0. 0. 1. 0. 0. 0. 1. 0. 0. 0. 0. 0. 0. 0. 1. 0. 0. 0. 0. 0. 0. 0. 0. 1. 0. 1. 0. 0. 1.],7.0,best,1000,1000,100,0.9,0.5,0.9,0.5,0.9,5,0.67,1,7,,run_03,10
670,0.008689229226672597,0.159869,0.002461081503791085,0.768,0.6070296871416437,0.3634095707088069,[0.         0.01201543 0.         0.         0.93107471 0.         0.         0.         0.01101062 0.         0.         0.         0.         0.         0.         0.         0.01117544 0.         0.         0.         0.         0.         0.         0.         0.         0.01270257 0.         0.01101062 0.         0.         0.01101062],[0. 1. 0. 0. 1. 0. 0. 0. 1. 0. 0. 0. 0. 0. 0. 0. 1. 0. 0. 0. 0. 0. 0. 0. 0. 1. 0. 1. 0. 0. 1.],7.0,best,1000,1000,100,0.9,0.5,0.9,0.5,0.9,5,0.67,1,7,,run_03,10
680,0.008689229226672597,0.159869,0.002461081503791085,0.772,0.6034721133035746,-0.31887973379313533,[0.         0.01201543 0.         0.         0.93107471 0.         0.         0.         0.01101062 0.         0.         0.         0.         0.         0.         0.         0.01117544 0.         0.         0.         0.         0.         0.         0.         0.         0.01270257 0.         0.01101062 0.         0.         0.01101062],[0. 1. 0. 0. 1. 0. 0. 0. 1. 0. 0. 0. 0. 0. 0. 0. 1. 0. 0. 0. 0. 0. 0. 0. 0. 1. 0. 1. 0. 0. 1.],7.0,best,1000,1000,100,0.9,0.5,0.9,0.5,0.9,5,0.67,1,7,,run_03,10
690,0.008689229226672597,0.159869,0.002461081503791085,0.776,0.5999353890744809,1.7371110792685174,[0.         0.01201543 0.         0.         0.93107471 0.         0.         0.         0.01101062 0.         0.         0.         0.         0.         0.         0.         0.01117544 0.         0.         0.         0.         0.         0.         0.         0.         0.01270257 0.         0.01101062 0.         0.         0.01101062],[0. 1. 0. 0. 1. 0. 0. 0. 1. 0. 0. 0. 0. 0. 0. 0. 1. 0. 0. 0. 0. 0. 0. 0. 0. 1. 0. 1. 0. 0. 1.],7.0,best,1000,1000,100,0.9,0.5,0.9,0.5,0.9,5,0.67,1,7,,run_03,10
700,0.008689229226672597,0.159869,0.002461081503791085,0.78,0.5964193922626065,2.363848384384001,[0.         0.01201543 0.         0.         0.93107471 0.         0.         0.         0.01101062 0.         0.         0.         0.         0.         0.         0.         0.01117544 0.         0.         0.         0.         0.         0.         0.         0.         0.01270257 0.         0.01101062 0.         0.         0.01101062],[0. 1. 0. 0. 1. 0. 0. 0. 1. 0. 0. 0. 0. 0. 0. 0. 1. 0. 0. 0. 0. 0. 0. 0. 0. 1. 0. 1. 0. 0. 1.],7.0,best,1000,1000,100,0.9,0.5,0.9,0.5,0.9,5,0.67,1,7,,run_03,10
710,0.008689229226672597,0.159869,0.002461081503791085,0.784,0.5929240013923155,-2.1475493039926805,[0.         0.01201543 0.         0.         0.93107471 0.         0.         0.         0.01101062 0.         0.         0.         0.         0.         0.         0.         0.01117544 0.         0.         0.         0.         0.         0.         0.         0.         0.01270257 0.         0.01101062 0.         0.         0.01101062],[0. 1. 0. 0. 1. 0. 0. 0. 1. 0. 0. 0. 0. 0. 0. 0. 1. 0. 0. 0. 0. 0. 0. 0. 0. 1. 0. 1. 0. 0. 1.],7.0,best,1000,1000,100,0.9,0.5,0.9,0.5,0.9,5,0.67,1,7,,run_03,10
720,0.008689229226672597,0.159869,0.002461081503791085,0.788,0.5894490956998952,-1.5630063570078891,[0.         0.01201543 0.         0.         0.93107471 0.         0.         0.         0.01101062 0.         0.         0.         0.         0.         0.         0.         0.01117544 0.         0.         0.         0.         0.         0.         0.         0.         0.01270257 0.         0.01101062 0.         0.         0.01101062],[0. 1. 0. 0. 1. 0. 0. 0. 1. 0. 0. 0. 0. 0. 0. 0. 1. 0. 0. 0. 0. 0. 0. 0. 0. 1. 0. 1. 0. 0. 1.],7.0,best,1000,1000,100,0.9,0.5,0.9,0.5,0.9,5,0.67,1,7,,run_03,10
730,0.008689229226672597,0.159869,0.002461081503791085,0.792,0.5859945551293843,-0.4520749627801649,[0.         0.01201543 0.         0.         0.93107471 0.         0.         0.         0.01101062 0.         0.         0.         0.         0.         0.         0.         0.01117544 0.         0.         0.         0.         0.         0.         0.         0.         0.01270257 0.         0.01101062 0.         0.         0.01101062],[0. 1. 0. 0. 1. 0. 0. 0. 1. 0. 0. 0. 0. 0. 0. 0. 1. 0. 0. 0. 0. 0. 0. 0. 0. 1. 0. 1. 0. 0. 1.],7.0,best,1000,1000,100,0.9,0.5,0.9,0.5,0.9,5,0.67,1,7,,run_03,10
740,0.008689229226672597,0.159869,0.002461081503791085,0.796,0.5825602603284237,2.894289937268219,[0.         0.01201543 0.         0.         0.93107471 0.         0.         0.         0.01101062 0.         0.         0.         0.         0.         0.         0.         0.01117544 0.         0.         0.         0.         0.         0.         0.         0.         0.01270257 0.         0.01101062 0.         0.         0.01101062],[0. 1. 0. 0. 1. 0. 0. 0. 1. 0. 0. 0. 0. 0. 0. 0. 1. 0. 0. 0. 0. 0. 0. 0. 0. 1. 0. 1. 0. 0. 1.],7.0,best,1000,1000,100,0.9,0.5,0.9,0.5,0.9,5,0.67,1,7,,run_03,10
750,0.008689229226672597,0.159869,0.002461081503791085,0.8,0.5791460926441346,-4.614320703257473,[0.         0.01201543 0.         0.         0.93107471 0.         0.         0.         0.01101062 0.         0.         0.         0.         0.         0.         0.         0.01117544 0.         0.         0.         0.         0.         0.         0.         0.         0.01270257 0.         0.01101062 0.         0.         0.01101062],[0. 1. 0. 0. 1. 0. 0. 0. 1. 0. 0. 0. 0. 0. 0. 0. 1. 0. 0. 0. 0. 0. 0. 0. 0. 1. 0. 1. 0. 0. 1.],7.0,best,1000,1000,100,0.9,0.5,0.9,0.5,0.9,5,0.67,1,7,,run_03,10
760,0.008689229226672597,0.159869,0.002461081503791085,0.804,0.5757519341190179,3.0148421008879285,[0.         0.01201543 0.         0.         0.93107471 0.         0.         0.         0.01101062 0.         0.         0.         0.         0.         0.         0.         0.01117544 0.         0.         0.         0.         0.         0.         0.         0.         0.01270257 0.         0.01101062 0.         0.         0.01101062],[0. 1. 0. 0. 1. 0. 0. 0. 1. 0. 0. 0. 0. 0. 0. 0. 1. 0. 0. 0. 0. 0. 0. 0. 0. 1. 0. 1. 0. 0. 1.],7.0,best,1000,1000,100,0.9,0.5,0.9,0.5,0.9,5,0.67,1,7,,run_03,10
770,0.008689229226672597,0.159869,0.002461081503791085,0.808,0.5723776674868795,1.8904939440616106,[0.         0.01201543 0.         0.         0.93107471 0.         0.         0.         0.01101062 0.         0.         0.         0.         0.         0.         0.         0.01117544 0.         0.         0.         0.         0.         0.         0.         0.         0.01270257 0.         0.01101062 0.         0.         0.01101062],[0. 1. 0. 0. 1. 0. 0. 0. 1. 0. 0. 0. 0. 0. 0. 0. 1. 0. 0. 0. 0. 0. 0. 0. 0. 1. 0. 1. 0. 0. 1.],7.0,best,1000,1000,100,0.9,0.5,0.9,0.5,0.9,5,0.67,1,7,,run_03,10
780,0.008689229226672597,0.159869,0.002461081503791085,0.812,0.5690231761687783,2.6026781660560023,[0.         0.01201543 0.         0.         0.93107471 0.         0.         0.         0.01101062 0.         0.         0.         0.         0.         0.         0.         0.01117544 0.         0.         0.         0.         0.         0.         0.         0.         0.01270257 0.         0.01101062 0.         0.         0.01101062],[0. 1. 0. 0. 1. 0. 0. 0. 1. 0. 0. 0. 0. 0. 0. 0. 1. 0. 0. 0. 0. 0. 0. 0. 0. 1. 0. 1. 0. 0. 1.],7.0,best,1000,1000,100,0.9,0.5,0.9,0.5,0.9,5,0.67,1,7,,run_03,10
790,0.008689229226672597,0.159869,0.002461081503791085,0.8160000000000001,0.5656883442689989,3.0604529267593295,[0.         0.01201543 0.         0.         0.93107471 0.         0.         0.         0.01101062 0.         0.         0.         0.         0.         0.         0.         0.01117544 0.         0.         0.         0.         0.         0.         0.         0.         0.01270257 0.         0.01101062 0.         0.         0.01101062],[0. 1. 0. 0. 1. 0. 0. 0. 1. 0. 0. 0. 0. 0. 0. 0. 1. 0. 0. 0. 0. 0. 0. 0. 0. 1. 0. 1. 0. 0. 1.],7.0,best,1000,1000,100,0.9,0.5,0.9,0.5,0.9,5,0.67,1,7,,run_03,10
800,0.008689229226672597,0.159869,0.002461081503791085,0.8200000000000001,0.5623730565710474,-6.8518016085226305,[0.         0.01201543 0.         0.         0.93107471 0.         0.         0.         0.01101062 0.         0.         0.         0.         0.         0.         0.         0.01117544 0.         0.         0.         0.         0.         0.         0.         0.         0.01270257 0.         0.01101062 0.         0.         0.01101062],[0. 1. 0. 0. 1. 0. 0. 0. 1. 0. 0. 0. 0. 0. 0. 0. 1. 0. 0. 0. 0. 0. 0. 0. 0. 1. 0. 1. 0. 0. 1.],7.0,best,1000,1000,100,0.9,0.5,0.9,0.5,0.9,5,0.67,1,7,,run_03,10
810,0.008689229226672597,0.159869,0.002461081503791085,0.8240000000000001,0.5590771985336707,-6.4931659757442235,[0.         0.01201543 0.         0.         0.93107471 0.         0.         0.         0.01101062 0.         0.         0.         0.         0.         0.         0.         0.01117544 0.         0.         0.         0.         0.         0.         0.         0.         0.01270257 0.         0.01101062 0.         0.         0.01101062],[0. 1. 0. 0. 1. 0. 0. 0. 1. 0. 0. 0. 0. 0. 0. 0. 1. 0. 0. 0. 0. 0. 0. 0. 0. 1. 0. 1. 0. 0. 1.],7.0,best,1000,1000,100,0.9,0.5,0.9,0.5,0.9,5,0.67,1,7,,run_03,10
820,0.008689229226672597,0.159869,0.002461081503791085,0.8280000000000001,0.5558006562868987,0.40852200400455063,[0.         0.01201543 0.         0.         0.93107471 0.         0.         0.         0.01101062 0.         0.         0.         0.         0.         0.         0.         0.01117544 0.         0.         0.         0.         0.         0.         0.         0.         0.01270257 0.         0.01101062 0.         0.         0.01101062],[0. 1. 0. 0. 1. 0. 0. 0. 1. 0. 0. 0. 0. 0. 0. 0. 1. 0. 0. 0. 0. 0. 0. 0. 0. 1. 0. 1. 0. 0. 1.],7.0,best,1000,1000,100,0.9,0.5,0.9,0.5,0.9,5,0.67,1,7,,run_03,10
830,0.008689229226672597,0.159869,0.002461081503791085,0.8320000000000001,0.5525433166281112,-0.37564746960269574,[0.         0.01201543 0.         0.         0.93107471 0.         0.         0.         0.01101062 0.         0.         0.         0.         0.         0.         0.         0.01117544 0.         0.         0.         0.         0.         0.         0.         0.         0.01270257 0.         0.01101062 0.         0.         0.01101062],[0. 1. 0. 0. 1. 0. 0. 0. 1. 0. 0. 0. 0. 0. 0. 0. 1. 0. 0. 0. 0. 0. 0. 0. 0. 1. 0. 1. 0. 0. 1.],7.0,best,1000,1000,100,0.9,0.5,0.9,0.5,0.9,5,0.67,1,7,,run_03,10
840,0.008689229226672597,0.159869,0.002461081503791085,0.8360000000000001,0.5493050670181255,1.8448708962663067,[0.         0.01201543 0.         0.         0.93107471 0.         0.         0.         0.01101062 0.         0.         0.         0.         0.         0.         0.         0.01117544 0.         0.         0.         0.         0.         0.         0.         0.         0.01270257 0.         0.01101062 0.         0.         0.01101062],[0. 1. 0. 0. 1. 0. 0. 0. 1. 0. 0. 0. 0. 0. 0. 0. 1. 0. 0. 0. 0. 0. 0. 0. 0. 1. 0. 1. 0. 0. 1.],7.0,best,1000,1000,100,0.9,0.5,0.9,0.5,0.9,5,0.67,1,7,,run_03,10
850,0.008689229226672597,0.159869,0.002461081503791085,0.8400000000000001,0.5460857955773097,-0.4883638249683486,[0.         0.01201543 0.         0.         0.93107471 0.         0.         0.         0.01101062 0.         0.         0.         0.         0.         0.         0.         0.01117544 0.         0.         0.         0.         0.         0.         0.         0.         0.01270257 0.         0.01101062 0.         0.         0.01101062],[0. 1. 0. 0. 1. 0. 0. 0. 1. 0. 0. 0. 0. 0. 0. 0. 1. 0. 0. 0. 0. 0. 0. 0. 0. 1. 0. 1. 0. 0. 1.],7.0,best,1000,1000,100,0.9,0.5,0.9,0.5,0.9,5,0.67,1,7,,run_03,10
860,0.008689229226672597,0.159869,0.002461081503791085,0.8440000000000001,0.542885391081716,3.2483182507569532,[0.         0.01201543 0.         0.         0.93107471 0.         0.         0.         0.01101062 0.         0.         0.         0.         0.         0.         0.         0.01117544 0.         0.         0.         0.         0.         0.         0.         0.         0.01270257 0.         0.01101062 0.         0.         0.01101062],[0. 1. 0. 0. 1. 0. 0. 0. 1. 0. 0. 0. 0. 0. 0. 0. 1. 0. 0. 0. 0. 0. 0. 0. 0. 1. 0. 1. 0. 0. 1.],7.0,best,1000,1000,100,0.9,0.5,0.9,0.5,0.9,5,0.67,1,7,,run_03,10
870,0.008689229226672597,0.159869,0.002461081503791085,0.8480000000000001,0.5397037429592386,0.881967903520988,[0.         0.01201543 0.         0.         0.93107471 0.         0.         0.         0.01101062 0.         0.         0.         0.         0.         0.         0.         0.01117544 0.         0.         0.         0.         0.         0.         0.         0.         0.01270257 0.         0.01101062 0.         0.         0.01101062],[0. 1. 0. 0. 1. 0. 0. 0. 1. 0. 0. 0. 0. 0. 0. 0. 1. 0. 0. 0. 0. 0. 0. 0. 0. 1. 0. 1. 0. 0. 1.],7.0,best,1000,1000,100,0.9,0.5,0.9,0.5,0.9,5,0.67,1,7,,run_03,10
880,0.008689229226672597,0.159869,0.002461081503791085,0.8520000000000001,0.5365407412857937,3.3861427490398457,[0.         0.01201543 0.         0.         0.93107471 0.         0.         0.         0.01101062 0.         0.         0.         0.         0.         0.         0.         0.01117544 0.         0.         0.         0.         0.         0.         0.         0.         0.01270257 0.         0.01101062 0.         0.         0.01101062],[0. 1. 0. 0. 1. 0. 0. 0. 1. 0. 0. 0. 0. 0. 0. 0. 1. 0. 0. 0. 0. 0. 0. 0. 0. 1. 0. 1. 0. 0. 1.],7.0,best,1000,1000,100,0.9,0.5,0.9,0.5,0.9,5,0.67,1,7,,run_03,10
890,0.008689229226672597,0.159869,0.002461081503791085,0.8560000000000001,0.5333962767815212,-2.785226918872277,[0.         0.01201543 0.         0.         0.93107471 0.         0.         0.         0.01101062 0.         0.         0.         0.         0.         0.         0.         0.01117544 0.         0.         0.         0.         0.         0.         0.         0.         0.01270257 0.         0.01101062 0.         0.         0.01101062],[0. 1. 0. 0. 1. 0. 0. 0. 1. 0. 0. 0. 0. 0. 0. 0. 1. 0. 0. 0. 0. 0. 0. 0. 0. 1. 0. 1. 0. 0. 1.],7.0,best,1000,1000,100,0.9,0.5,0.9,0.5,0.9,5,0.67,1,7,,run_03,10
900,0.008689229226672597,0.159869,0.002461081503791085,0.8600000000000001,0.5302702408070095,0.04737232562652818,[0.         0.01201543 0.         0.         0.93107471 0.         0.         0.         0.01101062 0.         0.         0.         0.         0.         0.         0.         0.01117544 0.         0.         0.         0.         0.         0.         0.         0.         0.01270257 0.         0.01101062 0.         0.         0.01101062],[0. 1. 0. 0. 1. 0. 0. 0. 1. 0. 0. 0. 0. 0. 0. 0. 1. 0. 0. 0. 0. 0. 0. 0. 0. 1. 0. 1. 0. 0. 1.],7.0,best,1000,1000,100,0.9,0.5,0.9,0.5,0.9,5,0.67,1,7,,run_03,10
910,0.008689229226672597,0.159869,0.002461081503791085,0.864,0.5271625253595417,-1.932519718560035,[0.         0.01201543 0.         0.         0.93107471 0.         0.         0.         0.01101062 0.         0.         0.         0.         0.         0.         0.         0.01117544 0.         0.         0.         0.         0.         0.         0.         0.         0.01270257 0.         0.01101062 0.         0.         0.01101062],[0. 1. 0. 0. 1. 0. 0. 0. 1. 0. 0. 0. 0. 0. 0. 0. 1. 0. 0. 0. 0. 0. 0. 0. 0. 1. 0. 1. 0. 0. 1.],7.0,best,1000,1000,100,0.9,0.5,0.9,0.5,0.9,5,0.67,1,7,,run_03,10
920,0.008689229226672597,0.159869,0.002461081503791085,0.868,0.5240730230693647,2.0383708529854245,[0.         0.01201543 0.         0.         0.93107471 0.         0.         0.         0.01101062 0.         0.         0.         0.         0.         0.         0.         0.01117544 0.         0.         0.         0.         0.         0.         0.         0.         0.01270257 0.         0.01101062 0.         0.         0.01101062],[0. 1. 0. 0. 1. 0. 0. 0. 1. 0. 0. 0. 0. 0. 0. 0. 1. 0. 0. 0. 0. 0. 0. 0. 0. 1. 0. 1. 0. 0. 1.],7.0,best,1000,1000,100,0.9,0.5,0.9,0.5,0.9,5,0.67,1,7,,run_03,10
930,0.008689229226672597,0.159869,0.002461081503791085,0.872,0.5210016271959792,-1.1263176123238345,[0.         0.01201543 0.         0.         0.93107471 0.         0.         0.         0.01101062 0.         0.         0.         0.         0.         0.         0.         0.01117544 0.         0.         0.         0.         0.         0.         0.         0.         0.01270257 0.         0.01101062 0.         0.         0.01101062],[0. 1. 0. 0. 1. 0. 0. 0. 1. 0. 0. 0. 0. 0. 0. 0. 1. 0. 0. 0. 0. 0. 0. 0. 0. 1. 0. 1. 0. 0. 1.],7.0,best,1000,1000,100,0.9,0.5,0.9,0.5,0.9,5,0.67,1,7,,run_03,10
940,0.008689229226672597,0.159869,0.002461081503791085,0.876,0.5179482316244519,3.577335115162325,[0.         0.01201543 0.         0.         0.93107471 0.         0.         0.         0.01101062 0.         0.         0.         0.         0.         0.         0.         0.01117544 0.         0.         0.         0.         0.         0.         0.         0.         0.01270257 0.         0.01101062 0.         0.         0.01101062],[0. 1. 0. 0. 1. 0. 0. 0. 1. 0. 0. 0. 0. 0. 0. 0. 1. 0. 0. 0. 0. 0. 0. 0. 0. 1. 0. 1. 0. 0. 1.],7.0,best,1000,1000,100,0.9,0.5,0.9,0.5,0.9,5,0.67,1,7,,run_03,10
950,0.008689229226672597,0.159869,0.002461081503791085,0.88,0.5149127308617497,1.7350263428151873,[0.         0.01201543 0.         0.         0.93107471 0.         0.         0.         0.01101062 0.         0.         0.         0.         0.         0.         0.         0.01117544 0.         0.         0.         0.         0.         0.         0.         0.         0.01270257 0.         0.01101062 0.         0.         0.01101062],[0. 1. 0. 0. 1. 0. 0. 0. 1. 0. 0. 0. 0. 0. 0. 0. 1. 0. 0. 0. 0. 0. 0. 0. 0. 1. 0. 1. 0. 0. 1.],7.0,best,1000,1000,100,0.9,0.5,0.9,0.5,0.9,5,0.67,1,7,,run_03,10
960,0.008689229226672597,0.159869,0.002461081503791085,0.884,0.5118950200330946,0.9923799064304303,[0.         0.01201543 0.         0.         0.93107471 0.         0.         0.         0.01101062 0.         0.         0.         0.         0.         0.         0.         0.01117544 0.         0.         0.         0.         0.         0.         0.         0.         0.01270257 0.         0.01101062 0.         0.         0.01101062],[0. 1. 0. 0. 1. 0. 0. 0. 1. 0. 0. 0. 0. 0. 0. 0. 1. 0. 0. 0. 0. 0. 0. 0. 0. 1. 0. 1. 0. 0. 1.],7.0,best,1000,1000,100,0.9,0.5,0.9,0.5,0.9,5,0.67,1,7,,run_03,10
970,0.008689229226672597,0.159869,0.002461081503791085,0.888,0.5088949948783402,1.6728076378788328,[0.         0.01201543 0.         0.         0.93107471 0.         0.         0.         0.01101062 0.         0.         0.         0.         0.         0.         0.         0.01117544 0.         0.         0.         0.         0.         0.         0.         0.         0.01270257 0.         0.01101062 0.         0.         0.01101062],[0. 1. 0. 0. 1. 0. 0. 0. 1. 0. 0. 0. 0. 0. 0. 0. 1. 0. 0. 0. 0. 0. 0. 0. 0. 1. 0. 1. 0. 0. 1.],7.0,best,1000,1000,100,0.9,0.5,0.9,0.5,0.9,5,0.67,1,7,,run_03,10
980,0.008689229226672597,0.159869,0.002461081503791085,0.892,0.5059125517483702,-2.169888082570194,[0.         0.01201543 0.         0.         0.93107471 0.         0.         0.         0.01101062 0.         0.         0.         0.         0.         0.         0.         0.01117544 0.         0.         0.         0.         0.         0.         0.         0.         0.01270257 0.         0.01101062 0.         0.         0.01101062],[0. 1. 0. 0. 1. 0. 0. 0. 1. 0. 0. 0. 0. 0. 0. 0. 1. 0. 0. 0. 0. 0. 0. 0. 0. 1. 0. 1. 0. 0. 1.],7.0,best,1000,1000,100,0.9,0.5,0.9,0.5,0.9,5,0.67,1,7,,run_03,10
990,0.008689229226672597,0.159869,0.002461081503791085,0.896,0.5029475876015165,-4.085780049570649,[0.         0.01201543 0.         0.         0.93107471 0.         0.         0.         0.01101062 0.         0.         0.         0.         0.         0.         0.         0.01117544 0.         0.         0.         0.         0.         0.         0.         0.         0.01270257 0.         0.01101062 0.         0.         0.01101062],[0. 1. 0. 0. 1. 0. 0. 0. 1. 0. 0. 0. 0. 0. 0. 0. 1. 0. 0. 0. 0. 0. 0. 0. 0. 1. 0. 1. 0. 0. 1.],7.0,best,1000,1000,100,0.9,0.5,0.9,0.5,0.9,5,0.67,1,7,,run_03,10
999,0.008689229226672597,0.159869,0.002461081503791085,0.8996,0.5002939797226674,2.948965856414797,[0.         0.01201543 0.         0.         0.93107471 0.         0.         0.         0.01101062 0.         0.         0.         0.         0.         0.         0.         0.01117544 0.         0.         0.         0.         0.         0.         0.         0.         0.01270257 0.         0.01101062 0.         0.         0.01101062],[0. 1. 0. 0. 1. 0. 0. 0. 1. 0. 0. 0. 0. 0. 0. 0. 1. 0. 0. 0. 0. 0. 0. 0. 0. 1. 0. 1. 0. 0. 1.],7.0,best,1000,1000,100,0.9,0.5,0.9,0.5,0.9,5,0.67,1,7,,run_03,10
